2097,2072
2092,2025
2081,2066
2080,2005
2067,2071
2071,2034
2064,2021
2064,2057
2055,2078
2045,2023
2029,2079
2027,2054
2032,2044
2024,2035
2019,2035
2023,2029
2019,2072
2017,2072
2016,2054
2005,2044
2015,2069
2016,2023
2007,2066
2016,2057
2012,2077
2019,2031
2015,2029
2009,2003
2009,1995
2021,2021
2016,2071
2024,2077
2027,2023
2023,2011
2034,2017
2033,2057
2039,2067
2035,2030
2041,2088
2041,2039
2067,2088
2063,2009
2073,2039
2075,2035
2084,2030
2084,2035
2088,2015
2093,2007
2096,2033
2096,2028
2101,2057
2104,2022
2108,2055
2110,2056
2117,2037
2124,2029
2125,2015
2137,2036
2137,2026
2138,2023
2140,2028
2140,2030
2143,2007
2149,2019
2146,2057
2148,2075
2147,2007
2139,2008
2135,2080
2137,2039
2139,2057
2136,2031
2127,2037
2132,1991
2119,2021
2118,2024
2112,2088
2114,2023
2110,2072
2101,2063
2101,2071
2099,2033
2088,2047
2088,1993
2086,2038
2075,2044
2077,2085
2072,2080
2063,2059
2066,2071
2056,2057
2044,2061
2039,2039
2033,2080
2026,2044
2023,2029
2024,1999
2025,2019
2008,2054
2008,2076
2008,2017
2007,2023
2005,2039
2006,2041
2000,2025
2005,2072
2000,2015
2003,2067
2011,2047
2009,2029
2011,2066
2016,2025
2014,2065
2019,2036
2023,2015
2032,2007
2027,2063
2032,2005
2035,2007
2040,2019
2036,2063
2056,2073
2063,2077
2064,2080
2070,2054
2075,2084
2076,2048
2088,2026
2088,2053
2096,2040
2102,2021
2115,2033
2115,2021
2119,2035
2124,2047
2119,2038
2131,2021
2143,2041
2141,2035
2154,2080
2152,2040
2159,2037
2160,2029
2167,2031
2163,2035
2167,2026
2169,1993
2171,2002
2168,2037
2172,2073
2165,2053
2163,2009
2165,2058
2166,2029
2159,2082
2165,2071
2167,2003
2158,2028
2152,2027
2145,2075
2143,2043
2148,2010
2138,2078
2123,2029
2126,2035
2119,2042
2120,2011
2103,2063
2107,2060
2099,2068
2097,1996
2085,2042
2088,2077
2077,2040
2072,2039
2065,2034
2066,2009
2055,2037
2040,2040
2038,2019
2042,2034
2024,2031
2027,2027
2019,2093
2009,2094
2015,2080
2011,2076
2019,2056
2010,2033
2014,2063
2003,2053
2011,2034
2004,2011
2013,2025
2011,2072
2012,2009
2019,2036
2007,1999
2016,2021
2024,2039
2029,2080
2026,2056
2028,2032
2031,1991
2035,2001
2040,2080
2043,2029
2043,2063
2063,2077
2067,2078
2075,1989
2067,2037
2084,2024
2083,2003
2093,2003
2101,2023
2104,2071
2112,2099
2101,2073
2107,2057
2117,2022
2115,2006
2131,2047
2117,2067
2131,2069
2136,2037
2139,2040
2149,2035
2157,2026
2160,2091
2149,2036
2163,2029
2160,2051
2163,2027
2163,2068
2160,2046
2155,2053
2149,2037
2159,2079
2152,2040
2155,2017
2147,2048
2149,2080
2148,2039
2128,2009
2140,2037
2127,2072
2127,2043
2125,2035
2121,2055
2116,2083
2107,2095
2105,2063
2101,2030
2099,1992
2095,2005
2081,2053
2079,2043
2074,2040
2063,1997
2065,2013
2064,2055
2053,2070
2034,2083
2041,2088
2035,2017
2035,2039
2027,2093
2020,2007
2031,2001
2019,2036
2024,2001
2017,1999
2019,1967
2017,2047
2021,2040
2016,2073
2018,2011
2017,2037
2023,2108
2028,2071
2017,2015
2028,2025
2029,2014
2028,2042
2025,2007
2033,1999
2037,2046
2055,2026
2043,2068
2045,2071
2064,2068
2070,2039
2072,2022
2066,2021
2079,2044
2081,2034
2087,2052
2096,2017
2096,2063
2098,2063
2109,2092
2107,2042
2110,2009
2127,2009
2120,2032
2131,2021
2136,1989
2143,2023
2139,2041
2148,2003
2149,2033
2146,2040
2152,2010
2151,1998
2160,2032
2151,1989
2164,2024
2159,2082
2158,2102
2151,2101
2156,2099
2160,2041
2158,2027
2145,2096
2149,1996
2146,1974
2152,2001
2137,2009
2131,2071
2129,2077
2127,1997
2127,2032
2118,2025
2101,2066
2101,2067
2088,2079
2103,2029
2085,2043
2071,2071
2083,2080
2078,2054
2073,2080
2070,2029
2063,2065
2065,2029
2060,2065
2036,1981
2041,2031
2029,2019
2027,2009
2023,2080
2024,2070
2019,2003
2023,2040
2019,2063
2023,2015
2012,1990
2009,2099
2014,2033
2015,2011
2010,2088
2011,2016
2020,2029
2017,2096
2023,2028
2027,2014
2021,2017
2033,1979
2036,2017
2040,2059
2056,2091
2055,2040
2060,2023
2057,2024
2065,2021
2065,2008
2078,1995
2080,2015
2079,2103
2085,2088
2096,2009
2103,2003
2109,2026
2103,2025
2122,2062
2121,2067
2132,2059
2133,2083
2142,2139
2144,2024
2141,2011
2151,2072
2167,2015
2160,2001
2163,2092
2167,2132
2169,2130
2155,2172
2169,2088
2179,2067
2170,2057
2183,2030
2186,1971
2170,1956
2176,1989
2173,2007
2168,2073
2168,2095
2171,2040
2153,2142
2161,2130
2149,2076
2152,2039
2154,2077
2135,2093
2137,2079
2137,2017
2135,2003
2132,2056
2118,1998
2107,1991
2112,2053
2101,2067
2096,2026
2083,2059
2080,2120
2084,2093
2073,2063
2063,2065
2044,2107
2067,2155
2053,2144
2042,2135
2040,2007
2029,2092
2035,2059
2015,2086
2029,2043
2020,2071
2020,2023
2023,2071
2020,2024
2022,2037
2024,2012
2011,2117
2013,2076
2013,2032
2015,1952
2035,1976
2019,2008
2033,1992
2032,2001
2027,2057
2029,2096
2039,2097
2040,2098
2056,2075
2046,2035
2067,1995
2059,1990
2070,1953
2065,1970
2072,1926
2086,2066
2077,2157
2089,2047
2093,2003
2088,2026
2111,1981
2112,1994
2106,1907
2127,1933
2115,2031
2121,1953
2133,1953
2127,2151
2125,2098
2138,2107
2140,2055
2147,2129
2149,2149
2137,2075
2153,1961
2159,2060
2147,2068
2163,1989
2160,2010
2149,1979
2153,2015
2151,2039
2142,1981
2150,2055
2143,2117
2145,2020
2136,2078
2125,2100
2117,2027
2136,1990
2116,1959
2116,1946
2116,2011
2097,1995
2107,2067
2091,2083
2083,2112
2100,2035
2077,2065
2074,1963
2071,2096
2063,2019
2063,2144
2065,2038
2039,1925
2043,1971
2031,2112
2032,1978
2019,2124
2027,2063
2021,2040
2013,2011
2004,2010
2007,1943
1999,2067
2007,2037
2012,2009
1992,2069
2007,2015
2011,1959
2000,2013
2014,2053
2003,2008
2003,2063
2015,2101
2012,1997
2015,2075
2025,2211
2024,2168
2029,2079
2025,2000
2029,1948
2054,2001
2037,2091
2043,2059
2051,2065
2044,2033
2067,2067
2067,2016
2073,2032
2089,1989
2071,1920
2089,2003
2103,2129
2076,1969
2112,2026
2103,2111
2097,2073
2136,2077
2122,2047
2132,2025
2143,2116
2128,2043
2156,1959
2135,1950
2140,2018
2152,2147
2155,2157
2161,2103
2167,2116
2156,2079
2162,2043
2149,2013
2166,1929
2157,1975
2157,2015
2144,1896
2159,1892
2153,1989
2137,1976
2156,1973
2135,2057
2131,1953
2143,2044
2124,2137
2124,2147
2115,2120
2099,2017
2112,2021
2100,2109
2085,2078
2099,2080
2082,2085
2075,2078
2083,2057
2067,1945
2067,2035
2063,2152
2052,2081
2041,2020
2032,1972
2030,2003
2033,1980
2007,2001
2023,2075
2009,2063
1999,2088
2018,2155
2008,2133
1990,2141
2000,2153
1997,2123
2000,2023
2001,1902
1987,1888
2000,2025
1998,2103
1995,2006
1995,1990
2001,2081
1992,2068
2015,2141
2003,2001
2003,2068
2023,2043
2012,2083
2024,1999
2024,2054
2023,2048
2041,2078
2035,1969
2043,2027
2058,2071
2045,2127
2069,2160
2071,2011
2063,2011
2069,2091
2082,2028
2085,1940
2092,1944
2094,1917
2101,2099
2107,2136
2099,2222
2123,2127
2118,2029
2124,1983
2141,1975
2125,1928
2146,2040
2132,1902
2147,1955
2159,2030
2133,2016
2157,2098
2155,2081
2132,2124
2171,2199
2137,2231
2143,2189
2160,2124
2128,2041
2156,2037
2135,1966
2119,2023
2139,1927
2124,1973
2119,1960
2123,1960
2111,1833
2119,2008
2124,2110
2100,1999
2103,2076
2096,2109
2083,1983
2097,2029
2084,1993
2072,1939
2081,1967
2055,2103
2048,2073
2056,2240
2041,2196
2056,2179
2028,2207
2011,2080
2037,1933
2015,1993
2015,2079
2028,2139
1997,2153
2018,2055
2031,2108
1997,2035
2017,2008
2017,2099
2007,1977
2017,1916
2009,2081
2005,2101
2020,2139
2012,2067
2008,1992
2033,1975
2007,2092
2032,2015
2033,2042
2026,1939
2056,1900
2032,2131
2051,2039
2057,1993
2045,2047
2073,2037
2068,2236
2078,2115
2080,1953
2083,2071
2087,2092
2088,1918
2103,1955
2091,1969
2103,2057
2115,1952
2113,2018
2127,1941
2128,2158
2133,2063
2122,2071
2131,2089
2139,2147
2144,2115
2147,2271
2149,2063
2149,2097
2160,2076
2148,2103
2153,2092
2152,2093
2139,1995
2165,2092
2143,2056
2151,2119
2153,1960
2127,2115
2152,1937
2136,2193
2126,2197
2122,2200
2119,2068
2129,2068
2119,2040
2107,1899
2115,1816
2091,1799
2108,2012
2085,1951
2083,1865
2089,1955
2066,1896
2080,1992
2045,1997
2056,1907
2043,2039
2033,2062
2043,1905
2042,2022
2023,2025
2015,2108
2010,2093
2006,2032
2012,2043
1999,2190
1989,2121
2003,2053
1995,2012
1990,2000
1996,2085
1994,2192
1977,2204
1989,2168
1980,2216
1981,2029
1991,2063
1979,1955
1997,2042
1995,2004
1979,2131
2008,2001
1985,2246
2003,2053
1992,2170
2008,2120
2007,2071
2005,1944
2017,2056
2019,1923
2027,1979
2024,1965
2039,2027
2054,2027
2045,2003
2063,2024
2072,1901
2070,2016
2080,1953
2071,2199
2076,2143
2089,2063
2093,1981
2096,1984
2115,2095
2104,2076
2107,1949
2121,2032
2124,2035
2123,2071
2133,2125
2129,2208
2131,2215
2135,1912
2143,1819
2136,1929
2152,1937
2139,1949
2143,1962
2145,2028
2133,2038
2143,2106
2142,1971
2131,1939
2127,1920
2125,2016
2123,2040
2119,2083
2107,2121
2099,2072
2100,2011
2104,2029
2083,2043
2086,1896
2077,1940
2077,1935
2074,2123
2071,2123
2063,2117
2063,1964
2036,2112
2038,1949
2037,2011
2027,2013
2011,2013
2016,2219
2007,2080
2002,2140
2012,2207
1992,2122
2000,2086
1992,2023
1979,2080
1992,2104
1987,2037
1979,1924
1984,2052
1976,2210
1979,1976
1981,1504
1990,1615
1987,1977
1984,2071
1987,1762
1992,1636
1993,1915
1994,2080
1984,1958
1987,2013
1977,2093
1980,2135
1983,2005
1976,1959
1984,2048
1987,2158
1981,2160
1994,2083
1995,2128
1999,2124
2007,2147
2023,2132
2025,2022
2029,2107
2043,2144
2065,2098
2071,1987
2075,2030
2085,2025
2091,2029
2098,2019
2100,2079
2093,2077
2093,2024
2109,1974
2105,2025
2103,2058
2107,2053
2103,2066
2108,1997
2119,1978
2116,2080
2116,2075
2117,2042
2117,2021
2125,2013
2127,2046
2119,2036
2131,2072
2119,2048
2123,2060
2129,2064
2124,2003
2115,2037
2119,2066
2113,2011
2112,2052
2099,2028
2097,2068
2087,2043
2077,2055
2070,2025
2063,2063
2059,2048
2040,2063
2027,2036
2025,2035
2015,2019
2012,1999
2007,2042
1995,2067
1998,2052
1997,2024
1993,2005
1989,2055
1996,2036
1975,2067
1977,2077
1983,2060
1987,2059
1984,2011
1978,2036
1976,2022
1971,2073
1967,2021
1951,2047
1955,2038
1955,2046
1949,2011
1938,2057
1939,2058
1947,2015
1941,2008
1956,2056
1953,2044
1943,2041
1964,2075
1975,2029
1975,2053
1977,2067
1991,2057
2000,2040
2008,2030
2001,2051
2006,2036
2011,2028
2023,2038
2013,2023
2027,2070
2025,2013
2025,2003
2029,2051
2025,2048
2036,2043
2045,2074
2053,2030
2065,2056
2069,2017
2069,2019
2075,2042
2088,2017
2090,2077
2093,2005
2093,2072
2094,2054
2085,2065
2077,2063
2089,2025
2084,2019
2079,2017
2076,2015
2067,2077
2057,2043
2059,2030
2056,2019
2054,2028
2041,2037
2033,2068
2037,2052
2036,2035
2035,2071
2033,2072
2027,2071
2025,2055
2019,2053
2023,2054
2008,2015
2005,2069
2003,2024
1992,2043
1995,2056
1984,2007
1975,2080
1972,2017
1967,1980
1960,2043
1959,2057
1947,2072
1941,2073
1939,2024
1932,2025
1931,2065
1927,2039
1920,2011
1918,2053
1915,2017
1913,2069
1920,2059
1917,2066
1928,2035
1930,2037
1931,2056
1928,2041
1940,2037
1939,2005
1939,2056
1949,2040
1942,2069
1952,2035
1955,2048
1952,2046
1957,2017
1956,2037
1954,2067
1960,2009
1965,2037
1971,2033
1975,2023
1998,1977
1991,2065
2007,2071
2008,2023
2016,2074
2015,2054
2032,2027
2029,2056
2041,2017
2055,2017
2051,2040
2067,2077
2071,2007
2068,2065
2069,2024
2069,2025
2079,2009
2080,2026
2072,2019
2079,2025
2080,2035
2080,2037
2080,2027
2084,2041
2083,2048
2077,2055
2073,2037
2080,2079
2085,2067
2075,2063
2078,2027
2072,2025
2082,2072
2068,2007
2067,2034
2063,2031
2057,2078
2063,2063
2047,2064
2055,2021
2041,2058
2035,2036
2027,2063
2032,2047
2025,2023
2021,2053
2019,2079
2007,2035
2016,2057
2010,2027
2007,2080
2005,2041
1998,2021
1998,2033
1993,2032
1975,2037
1967,2075
1972,2052
1974,2039
1972,2073
1960,2079
1965,2012
1952,2063
1963,2023
1963,2063
1965,2022
1965,2038
1965,2020
1970,2039
1980,2019
1977,2021
1984,2070
1984,2027
1988,2057
1996,2071
2005,2023
1996,2035
2005,2039
2009,2042
2019,2063
2025,2011
2020,2072
2026,2021
2032,2070
2032,2019
2032,2029
2031,2075
2055,2015
2061,2063
2063,2007
2053,2046
2073,2074
2074,2023
2075,2027
2091,2020
2096,2024
2099,2007
2098,2030
2112,2022
2111,2056
2127,2007
2126,2007
2125,2017
2136,2012
2129,2035
2135,2019
2132,2039
2123,2075
2132,2072
2120,2045
2124,2039
2124,2044
2120,2019
2112,2048
2122,2045
2115,2005
2107,2055
2119,2060
2109,2044
2107,2045
2103,2063
2108,2058
2110,2007
2084,2063
2093,2067
2087,2058
2091,2048
2091,2072
2088,2021
2081,2044
2066,2063
2067,2012
2048,2040
2045,2041
2040,2025
2027,2053
2023,2073
2032,2053
2023,2068
2017,2063
2015,2037
2011,2067
2007,2071
2017,2035
2017,2046
2005,2068
2011,2041
2011,2045
2011,2021
2013,2070
2007,2091
2005,2080
2007,2071
2015,2060
2003,2019
2023,2025
2020,2056
2017,2012
2024,2029
2024,2031
2026,2058
2030,2060
2037,2072
2040,2072
2045,2060
2055,2057
2052,2055
2063,2037
2069,2063
2072,2044
2076,1997
2082,2075
2088,2047
2089,2028
2096,2005
2099,2025
2096,2064
2107,2029
2108,2007
2120,2057
2121,2028
2119,2032
2131,2058
2131,2017
2139,2091
2134,2034
2139,2054
2144,2017
2145,2080
2147,2008
2147,2065
2139,2065
2148,2058
2137,2069
2148,2064
2151,2023
2148,2035
2135,2045
2136,2011
2125,2007
2131,2033
2122,2023
2123,2077
2111,2017
2116,2019
2094,2029
2100,2030
2091,2021
2083,2024
2086,2078
2085,2044
2076,2037
2071,2044
2064,2007
2056,2060
2057,2055
2035,2055
2031,2040
2032,2011
2017,2027
2025,2072
2013,2027
2003,2060
2000,2001
1999,2091
1993,2027
1986,2048
1975,2070
1980,2037
1979,2047
1987,2063
1971,2056
1977,2012
1976,1993
1975,2021
1977,2075
1980,2003
1973,2007
1977,2079
1982,2009
1981,2041
1992,2017
1999,2063
1999,2017
2002,2020
1999,2044
2008,2023
2011,2019
2011,2044
2022,2027
2027,2019
2027,2055
2027,2091
2037,2068
2037,2071
2055,2041
2043,2025
2058,2042
2063,2008
2068,2080
2081,2020
2073,2057
2087,2028
2083,2035
2098,2063
2105,2035
2115,2005
2112,2037
2105,2038
2119,2019
2120,2048
2124,2063
2129,2042
2132,2047
2118,2041
2124,2043
2136,2052
2135,2038
2127,2066
2132,2024
2132,2037
2129,2035
2119,2019
2115,2031
2112,2060
2107,2025
2107,2003
2103,2064
2097,2023
2095,2058
2083,2021
2086,2027
2079,2068
2077,2056
2066,2039
2059,2063
2065,2058
2056,2007
2047,2040
2034,2027
2035,2067
2021,2068
2029,2063
2027,2038
2004,2041
2005,2068
1997,2080
1997,2041
1994,2023
2001,2056
1989,2066
1984,2023
1992,2017
1988,2007
1977,2056
1980,2063
1977,2054
1980,2053
1983,2019
1974,2033
1975,2059
1981,2039
1973,2029
1974,2072
1987,2043
1984,2023
1993,2003
2004,2008
1996,2029
1997,2025
2007,2037
2008,2030
2009,2048
2016,2056
2011,2035
2020,2027
2032,2007
2036,2023
2038,2024
2031,2035
2037,2023
2062,2033
2053,2027
2056,2003
2055,2056
2071,2018
2063,2019
2075,2068
2079,2011
2080,2004
2087,2039
2089,2051
2087,2055
2087,2033
2103,2080
2095,2036
2101,2054
2103,2077
2100,2019
2102,2080
2094,2031
2086,2057
2085,2029
2091,2021
2081,2067
2080,2063
2075,2036
2079,2019
2076,2025
2059,2031
2067,2066
2064,2021
2064,2031
2055,2041
2039,2021
2035,2056
2027,2024
2028,1995
2024,2015
2011,2044
2015,2033
2015,2003
2007,2052
2003,2042
1996,2067
1992,2029
1980,2027
1978,2045
1966,2040
1968,2064
1966,2009
1959,2040
1963,2035
1947,2003
1950,2063
1953,2040
1949,2017
1954,2021
1944,2063
1953,2027
1956,2053
1948,2060
1952,2019
1952,2019
1952,2056
1956,2039
1945,2055
1949,2029
1964,2016
1969,2029
1964,2072
1973,2060
1977,2013
1983,2031
1984,2024
1984,2030
1991,2057
2000,2058
2007,2053
2011,2039
2019,2041
2015,2077
2023,2071
2023,2023
2025,2035
2037,2040
2040,2042
2043,2021
2056,2017
2053,2012
2064,2040
2064,1995
2065,2035
2073,2064
2077,2027
2075,2011
2080,2041
2079,2043
2088,2017
2089,2007
2096,2017
2089,2033
2092,2005
2096,2056
2092,2021
2091,2035
2085,2029
2095,2035
2089,2063
2088,2042
2085,2077
2079,2027
2078,2027
2071,2041
2063,2024
2071,2059
2071,2038
2055,2027
2063,2053
2055,2007
2044,2017
2040,2062
2037,2032
2043,2025
2035,2085
2032,2069
2032,2028
2015,2011
2024,2019
2021,2006
2015,2039
2003,2060
2009,2019
2008,2079
2002,2072
1995,2074
1995,2068
1998,2024
1992,2032
1997,2072
1999,2036
1994,2011
1998,2067
1996,2053
1991,2053
1998,2080
2002,2035
1993,2072
2007,2005
2010,2033
2003,2063
2012,2055
2017,2043
2015,2044
2023,2017
2027,2072
2029,2066
2040,2029
2041,2039
2044,2035
2039,2053
2056,2021
2065,2060
2065,2043
2057,2055
2073,2068
2071,2072
2083,2093
2091,2033
2089,2041
2096,2076
2100,2008
2101,2059
2106,2009
2101,2013
2116,2037
2107,2017
2123,2047
2121,2036
2131,2063
2132,2048
2127,2031
2131,2027
2137,2063
2137,2022
2133,2070
2139,2033
2135,2075
2133,2063
2129,2046
2136,2017
2136,2019
2123,2068
2124,2017
2127,2075
2123,2007
2124,2029
2106,2037
2110,2029
2103,2043
2104,2089
2098,2077
2101,2041
2095,2056
2088,2017
2084,2040
2072,2023
2065,2067
2072,2046
2057,2027
2043,2043
2053,2036
2043,2071
2039,2067
2035,2060
2029,2047
2027,2025
2022,2039
2012,2060
2015,2063
2018,2029
2014,2067
2013,2040
2007,2077
2003,2057
2013,2038
2001,2021
2007,2029
2001,2007
2008,2033
2009,2060
2007,2021
2005,2071
2013,2043
2010,2023
2015,2056
2017,2048
2024,2088
2021,2048
2030,2063
2032,2035
2037,2011
2023,2037
2053,2072
2043,2043
2065,2037
2067,2069
2077,2063
2084,2019
2087,2037
2092,2037
2090,2026
2091,2024
2107,2060
2121,2027
2119,2017
2127,2009
2127,2057
2135,2028
2130,2011
2139,2078
2151,2058
2153,2067
2162,2011
2165,2040
2173,2021
2167,2080
2175,2030
2174,2043
2182,2015
2186,2035
2184,2041
2184,2063
2181,2048
2179,2056
2183,2035
2177,2030
2181,2043
2168,2080
2172,2052
2172,2019
2168,2011
2164,2031
2152,2039
2152,2017
2155,2028
2144,2070
2140,1991
2125,2024
2121,2027
2114,2063
2099,2074
2101,2064
2099,2045
2097,2040
2083,2068
2083,2078
2080,2032
2065,2057
2063,2063
2063,2023
2043,2044
2037,2017
2028,2043
2025,2055
2024,2053
2020,2071
2019,2067
2007,2078
2013,2028
1999,2063
2003,2059
2005,2066
2004,2059
2006,2059
2001,2042
2004,2021
2007,2051
2000,2017
1999,2063
2001,2024
2003,2017
2004,2041
2003,2040
2013,2053
2003,2029
2023,2063
2017,2041
2015,2055
2030,2037
2032,2057
2035,2066
2042,2029
2047,2051
2048,2019
2056,2017
2064,2054
2071,2060
2075,2025
2067,2033
2079,2043
2073,2055
2091,2068
2072,2040
2093,2022
2099,2025
2105,2021
2106,2017
2107,2043
2099,2025
2112,2046
2112,2034
2113,2043
2109,2031
2116,2040
2124,2004
2121,2029
2120,2055
2109,2072
2117,2009
2117,2055
2112,2017
2115,2066
2109,2035
2106,2044
2087,2048
2087,2058
2091,2069
2080,2056
2080,2029
2069,2075
2067,2034
2072,2025
2060,2009
2047,2077
2051,2072
2039,2027
2031,2059
2031,2076
2022,2075
2016,2025
2014,2029
2008,2017
2008,2056
1994,2012
1991,2070
1995,2041
1979,2017
1979,2068
1969,2029
1968,2005
1961,2056
1974,2026
1963,2035
1968,2073
1968,2017
1965,2066
1966,2036
1963,2043
1968,2063
1961,2057
1972,2025
1975,2073
1973,2054
1977,2063
1983,2019
1992,2063
1991,2072
1995,2027
1993,2089
2008,2045
2015,2060
2003,2056
2021,2010
2022,2051
2023,2072
2038,2042
2043,2065
2044,2045
2047,2068
2063,2037
2072,2021
2076,2025
2085,2035
2082,2038
2088,2039
2093,2056
2096,2044
2099,2057
2108,2063
2112,2039
2123,2035
2125,2043
2130,2033
2123,2048
2121,2023
2135,2036
2139,2028
2140,2024
2138,2007
2129,2017
2133,2057
2137,2025
2133,2025
2134,2029
2132,2015
2126,2020
2128,2015
2117,2039
2115,2064
2120,2007
2105,2035
2097,2021
2097,2006
2099,2035
2094,2037
2088,2043
2083,2027
2075,2071
2076,2019
2065,2005
2063,2033
2041,2015
2035,2032
2027,2057
2035,2043
2022,2079
2023,2054
2008,2054
2010,2028
2004,2037
1989,2039
1996,2029
1991,2023
1982,2029
1978,2039
1977,2072
1976,2023
1976,2051
1981,2075
1973,2072
1969,2045
1963,2007
1958,2029
1970,2060
1963,2071
1965,2056
1975,2056
1965,2021
1979,2043
1960,2040
1980,2024
1976,2063
1976,2037
1995,2059
2003,2029
1999,2063
2000,2063
2008,2039
2003,2003
2015,2025
2021,2044
2025,2011
2022,2063
2029,2043
2041,2024
2035,2040
2055,2019
2057,2026
2055,2040
2065,2067
2069,2067
2076,2024
2080,2019
2088,1979
2088,2015
2089,2063
2097,2017
2091,2039
2099,2048
2103,2043
2112,2057
2107,2056
2120,2031
2114,2063
2118,2019
2121,2031
2109,2047
2119,2056
2109,2068
2108,2048
2108,2017
2107,2041
2108,2061
2111,2063
2103,2107
2099,2019
2089,2040
2091,2041
2081,2011
2092,2041
2083,2055
2077,2072
2081,2037
2063,2075
2063,2022
2063,2063
2055,2025
2056,2028
2037,2072
2040,2068
2037,2023
2030,2071
2027,2055
2027,2060
2021,2023
2016,2023
2015,2073
2015,2024
1999,2060
2003,2035
1994,2056
2004,2029
2008,2035
1996,2060
1997,2019
1994,2075
2004,2054
2003,2072
2000,2040
2007,2059
2011,2041
2008,2034
2013,2068
2016,2071
2017,2060
2017,2025
2027,2075
2030,2024
2029,2084
2029,2026
2043,2007
2040,2027
2053,2045
2057,2018
2067,2012
2072,2063
2076,2025
2081,2025
2086,2048
2087,2042
2088,2052
2089,2025
2109,2063
2108,2035
2112,2042
2112,2069
2120,2065
2126,2056
2134,2043
2123,2047
2131,2039
2144,2058
2135,2075
2145,2056
2141,2054
2149,2037
2149,2059
2151,2028
2153,2080
2147,2064
2150,2009
2148,2043
2148,2041
2148,2025
2139,2030
2136,2043
2133,2044
2127,2067
2121,2063
2124,2042
2115,2023
2109,2080
2115,2034
2108,2004
2109,2035
2099,2060
2093,2041
2091,2059
2075,2044
2081,2074
2076,2048
2063,2055
2066,2046
2063,2072
2060,2041
2053,2023
2040,2028
2026,2057
2027,2071
2033,2063
2023,2071
2023,2039
2018,2063
2023,2033
2016,2043
2017,2071
2021,2063
2020,2019
2020,2037
2007,2054
2001,2023
2011,2055
2015,2025
2014,2028
2007,2075
2019,2055
2024,2020
2024,2008
2023,2052
2026,2021
2035,2029
2035,2047
2035,2072
2059,1991
2048,2003
2060,2043
2066,2060
2063,2023
2078,2035
2079,2063
2083,2054
2092,2027
2102,2071
2105,2035
2097,2042
2109,2015
2117,2071
2123,2036
2123,2079
2131,2025
2140,2017
2147,2035
2147,2047
2157,2017
2156,2024
2167,2063
2168,2065
2163,2044
2162,2056
2171,2053
2167,2015
2167,2062
2181,2009
2173,2031
2172,2023
2171,2015
2161,2071
2165,2061
2171,2050
2165,2025
2165,2035
2151,2053
2152,2056
2148,2025
2139,2045
2132,2079
2135,2021
2132,2037
2119,2072
2113,2052
2112,2039
2104,2044
2100,2027
2093,2021
2075,2047
2073,2076
2069,2072
2067,2054
2058,2041
2041,2057
2035,2066
2033,2019
2024,2075
2023,2025
2024,2013
2009,2076
2007,2026
2005,2063
2005,2008
1996,2068
2000,2011
1987,2076
1981,2028
1992,2078
1992,2075
1980,2020
1984,2029
1983,2043
1979,2071
1975,2063
1968,2019
1989,2031
1992,2037
1991,2063
1992,2055
1998,2035
2003,2069
2005,2008
2002,2039
2011,2057
2007,2063
2018,2039
2024,2061
2025,2019
2029,2060
2027,2027
2028,2066
2045,2063
2056,2019
2060,2055
2063,2075
2057,2034
2069,2021
2067,2009
2078,2063
2077,2059
2085,2071
2094,2056
2089,2013
2090,2017
2099,2011
2099,2012
2106,2056
2103,2039
2109,2053
2103,2007
2108,2027
2110,2027
2104,2066
2097,2048
2103,2037
2104,2021
2090,2067
2096,2046
2093,2021
2092,2023
2084,2029
2080,2033
2077,2041
2079,2057
2076,2021
2065,2069
2067,2025
2060,2023
2047,2039
2035,2068
2035,2072
2027,2076
2021,2052
2031,2030
2016,2035
2004,2059
2008,2005
1999,2047
2002,2025
1991,2080
1993,2033
1987,2035
1979,2036
1961,2024
1975,2087
1967,2011
1974,2027
1961,2043
1968,2075
1968,2027
1961,2008
1968,2069
1963,2011
1970,2028
1960,2055
1965,2011
1968,2021
1972,2052
1976,2076
1977,2023
1975,2040
1991,2072
1992,2035
1999,2019
1998,2005
2006,2030
2001,2024
2007,2020
2014,2015
2009,2072
2028,2046
2032,2056
2039,2033
2044,2045
2056,2054
2048,2007
2063,2043
2070,2031
2072,2004
2077,2025
2079,2001
2079,2010
2085,2053
2099,2072
2107,2045
2093,2011
2107,2039
2103,2025
2107,2040
2120,2071
2121,2021
2115,2044
2128,2021
2128,2027
2123,2009
2130,2065
2119,2029
2124,2038
2120,2065
2119,2034
2127,2036
2112,2063
2109,2066
2106,2023
2104,2032
2101,2024
2099,2019
2088,2041
2082,2052
2083,2057
2071,2039
2067,2043
2071,2027
2057,2047
2057,2012
2055,2010
2035,2089
2035,2044
2032,2009
2024,2021
2018,2051
2013,2011
2011,2023
2001,2044
1999,2048
1991,2044
1987,2051
1977,2077
1982,2053
1980,2043
1976,2025
1968,2011
1971,2072
1963,2027
1972,2033
1975,2057
1963,2031
1963,2072
1974,2048
1969,2042
1970,2060
1972,2068
1969,2071
1969,2052
1985,2019
1975,2001
1993,2056
1995,2033
1996,2067
1993,2061
2004,2048
2002,2069
2007,2069
2027,2015
2023,2034
2025,2057
2025,2057
2043,2024
2041,2063
2061,2056
2055,2030
2072,2068
2076,2031
2073,1995
2075,2031
2091,2056
2096,2034
2095,2024
2099,2030
2112,2009
2109,2027
2116,2056
2120,2040
2128,2063
2130,2021
2125,2039
2134,2027
2133,2067
2138,2036
2137,2063
2135,2035
2138,2067
2130,2025
2134,2019
2122,2017
2130,2075
2126,2055
2118,2027
2115,2003
2108,2059
2104,2063
2108,2057
2101,2030
2101,2073
2100,2029
2094,2057
2077,2054
2080,2042
2080,2033
2069,2045
2071,2072
2063,2035
2058,2029
2056,2023
2044,2045
2035,2080
2031,2068
2021,2055
2028,2027
2021,2043
2017,2080
2015,2015
2005,2039
1997,2068
1995,2037
1995,2048
1998,2017
1993,2076
1988,2064
1997,2053
1994,2075
1992,2044
1997,2027
1991,2073
1993,2013
1992,2019
1992,2046
2001,2021
2009,2015
2006,2027
2001,2068
2001,2062
2017,2044
2015,2095
2012,1999
2021,2019
2025,2021
2021,2052
2035,2071
2038,2007
2035,2039
2059,2068
2057,2030
2055,2011
2067,2065
2072,2072
2073,2023
2078,2047
2086,2028
2091,2017
2100,2036
2090,2043
2091,2040
2097,2024
2103,2060
2119,2037
2120,2028
2124,2074
2123,2027
2131,2040
2132,2009
2123,2003
2129,2041
2128,2064
2130,2046
2127,2044
2129,2043
2119,2045
2131,2067
2125,2009
2126,2054
2109,2005
2115,2017
2112,2060
2117,2027
2105,2045
2095,2042
2096,2044
2098,2044
2093,2012
2090,2067
2082,2027
2073,2011
2063,2028
2067,2008
2067,2056
2063,2071
2042,2051
2044,2080
2038,2039
2029,2012
2025,2041
2027,2074
2025,2039
2009,2040
2014,2056
2012,2033
1999,2042
2008,2019
2005,2066
2007,2064
2007,2029
2000,2068
2005,2048
1996,2017
1997,2055
2007,2017
2008,2030
2004,2038
2001,2045
2012,2053
2007,2007
2008,2066
2011,2072
2016,2029
2021,2038
2025,2063
2023,2047
2037,2043
2043,2057
2045,2038
2057,2036
2057,2024
2063,2042
2069,2065
2077,2005
2080,2039
2080,2007
2087,2064
2085,2045
2098,2065
2106,2009
2104,2031
2117,2059
2111,2055
2128,2063
2130,2025
2139,2035
2132,2068
2143,2009
2139,2037
2152,2007
2148,2055
2152,2065
2154,2036
2149,2077
2156,2064
2157,2039
2151,2052
2157,2037
2151,2071
2152,2003
2151,2040
2152,2064
2148,2063
2139,2044
2144,2027
2142,2040
2134,2013
2121,2067
2123,2010
2120,2021
2118,2039
2111,2071
2101,2039
2096,2020
2087,2056
2083,2048
2084,1997
2074,2063
2075,2019
2063,2065
2048,2019
2040,2072
2042,2056
2035,2063
2039,2068
2023,2010
2019,2031
2015,2030
2015,2026
2003,2024
1993,2065
1993,2072
1996,2039
1992,2027
1981,2065
1981,2071
1989,2060
1987,2029
1997,2080
1991,2096
1995,2056
1979,2048
1992,2037
1989,2077
1999,2027
2001,2039
2003,2040
2007,2063
2008,2003
2009,2023
2002,2057
2020,2039
2024,2019
2018,2063
2028,2056
2035,1997
2035,2027
2043,2089
2047,2060
2058,2042
2057,2063
2067,2037
2070,2041
2076,2054
2084,2063
2075,2048
2091,2091
2091,2043
2092,2069
2104,2054
2108,2017
2115,2033
2107,2072
2119,2030
2118,2056
2120,2060
2125,2052
2121,2057
2135,2072
2123,2060
2131,2028
2127,2048
2132,2011
2123,2045
2124,2027
2121,2013
2120,2019
2117,2063
2107,2021
2109,2085
2100,2024
2102,2044
2097,2061
2094,2039
2091,2074
2083,2022
2076,2033
2071,2033
2072,2075
2071,2065
2044,2030
2060,2063
2051,2021
2036,2076
2029,2065
2028,2025
2021,2034
2015,2027
2016,2025
2005,2072
2010,2053
2003,2063
1985,2077
1991,2080
1994,2028
1991,2060
1979,2027
1982,2023
1974,2040
1982,1995
1977,2025
1977,2079
1971,2034
1979,2041
1976,2071
1977,2017
1983,2055
1981,2039
1981,2001
1992,2001
1986,2019
1997,2043
1999,2025
2007,2051
2008,2025
2009,2023
2014,2022
2020,2023
2024,2025
2027,2015
2035,2012
2039,2051
2041,2039
2051,2013
2053,2018
2056,2071
2071,2038
2072,2071
2076,2043
2083,2028
2075,2064
2085,2021
2088,2056
2101,2005
2099,2011
2101,2005
2101,2080
2112,2029
2107,2036
2124,2048
2115,2030
2120,2039
2129,2007
2128,2025
2129,2077
2122,2009
2124,2007
2119,2035
2116,2025
2111,2043
2120,2035
2110,2052
2103,2067
2104,2073
2102,2073
2100,2044
2101,2015
2087,2061
2087,2080
2084,2072
2081,2076
2066,2071
2071,2029
2066,2054
2057,2055
2057,2036
2039,2018
2040,2036
2025,2048
2032,2017
2015,2053
2016,2053
2020,2040
2016,2034
2011,2029
2001,2083
2001,2039
1992,2038
1979,2080
1991,2037
1984,2036
1978,2029
1979,2018
1984,2025
1980,2025
1988,2043
1977,2064
1974,2063
1976,2071
1981,2011
1979,2029
1981,2063
1987,2068
1994,2007
2003,2036
1999,2038
1993,2039
2004,2042
2008,2034
2018,2061
2015,2039
2020,2023
2024,2043
2033,2072
2040,2023
2052,2043
2053,2030
2055,2039
2063,2041
2072,2048
2074,2021
2073,2037
2083,2058
2089,2013
2092,2048
2100,2011
2107,2040
2106,2021
2107,2033
2120,2048
2121,2003
2121,2028
2129,2028
2132,2029
2138,2063
2137,2021
2139,2021
2135,2056
2141,1981
2139,2017
2143,2026
2143,2035
2144,2003
2125,2051
2133,2056
2137,2074
2129,2043
2123,2048
2125,2037
2121,2075
2119,2043
2120,2027
2111,2043
2082,2039
2092,2064
2093,2063
2092,2053
2087,2075
2077,2043
2075,2033
2073,2048
2072,2022
2057,2061
2045,2056
2044,2031
2029,2083
2041,2057
2028,2023
2023,2067
2009,2063
2012,2041
2003,2038
2007,2068
2008,2055
2007,2072
2002,2019
1995,2043
1993,2044
1993,2009
1992,2024
1994,2018
1993,1999
1992,2054
1991,2036
1995,2056
1995,2059
2002,2060
2000,2033
1991,2063
2002,2046
2010,2031
2015,2043
2015,2069
2011,2059
2022,2021
2028,2040
2031,2031
2037,2065
2047,2008
2040,2040
2053,2019
2065,2068
2065,2035
2074,2037
2068,2029
2077,2027
2075,2072
2094,2024
2099,2040
2092,2030
2093,2041
2105,2003
2103,2021
2112,2056
2128,2010
2129,2065
2133,2045
2131,2059
2138,2056
2133,2022
2136,2001
2145,2058
2143,2011
2143,2025
2140,2021
2144,2009
2133,2039
2135,2051
2139,2075
2133,2071
2129,2044
2132,2017
2129,2048
2117,2059
2115,2073
2121,2058
2105,2011
2104,2063
2103,2070
2101,2076
2099,2027
2095,2053
2079,2072
2084,2068
2068,2017
2076,2060
2063,2072
2045,2077
2059,2025
2056,2041
2029,2029
2038,2017
2030,2055
2019,2087
2017,2017
2024,2072
2015,2065
2014,2054
2013,2023
2011,2033
2003,2043
2005,2063
2002,2063
2008,2043
2006,2028
1996,2036
2005,2029
1994,2067
2003,2056
2008,2015
2012,2039
2005,2072
2013,2052
2017,2009
2015,2035
2028,2025
2024,2055
2029,2035
2032,2013
2040,2056
2048,2007
2044,2039
2057,2073
2063,2043
2058,2073
2077,2027
2077,2029
2080,2053
2085,2056
2092,2019
2096,2030
2109,2027
2106,2027
2106,2063
2115,2029
2121,2052
2127,2057
2133,2040
2135,2091
2140,2062
2139,2033
2143,2011
2149,2012
2146,2067
2153,2068
2151,2071
2155,2063
2159,2039
2159,1995
2161,2039
2158,2071
2156,2067
2147,2068
2155,2035
2153,2045
2146,2021
2138,2019
2135,2066
2132,2023
2128,2053
2130,2057
2122,1979
2111,2042
2107,1998
2103,2075
2103,2056
2087,2073
2090,2070
2085,2024
2079,2080
2067,2064
2067,2067
2064,2037
2058,2041
2054,2063
2041,2052
2037,2048
2029,2011
2027,2065
2025,2037
2015,2065
2015,2080
2010,2033
2005,2072
2004,2031
1993,2062
2005,2063
2007,2034
2006,2028
2001,2033
2000,2033
1995,2021
2001,2029
2001,2013
1996,2048
2014,2027
2003,2029
2003,2056
2015,2053
2026,2035
2025,2019
2028,2019
2021,2057
2032,2043
2040,2053
2038,2023
2040,2029
2052,2058
2061,2048
2058,2008
2055,2055
2068,2077
2071,2096
2084,2007
2077,2047
2088,2042
2093,2077
2103,2068
2103,2065
2104,2034
2110,2064
2120,2011
2119,2008
2129,2026
2129,2027
2134,2071
2136,2056
2132,2036
2143,2007
2137,2048
2147,2044
2139,2053
2140,2056
2139,2064
2132,2061
2131,2035
2140,2071
2132,2027
2136,2063
2128,2080
2119,2018
2120,2064
2113,2042
2118,2065
2117,2015
2100,2009
2103,2059
2096,2028
2085,2051
2088,2033
2085,2067
2072,2064
2066,2029
2057,2041
2067,2021
2039,2029
2039,2054
2040,2071
2036,2032
2023,2037
2024,2011
2016,2039
2007,2060
2012,2072
2000,1987
2000,2055
1997,2033
1998,2031
1992,2063
1988,2017
1974,2027
1979,2025
1984,2035
1979,2005
1977,2057
1979,2039
1980,2021
1987,2055
1984,2030
1993,2011
1979,2063
1996,2021
1995,2080
2001,2021
2007,2011
2004,2008
2014,2017
2013,2038
2017,2024
2017,2069
2035,2052
2035,2078
2033,2042
2045,2071
2043,2072
2053,2069
2067,2007
2071,2023
2078,2054
2078,2011
2075,2024
2080,2007
2087,2056
2092,2006
2095,2007
2107,2029
2101,2075
2104,2053
2104,2069
2120,2048
2119,2058
2123,2043
2121,2056
2129,2029
2127,2056
2129,2063
2131,2020
2133,2067
2123,2029
2128,2040
2124,2040
2116,2044
2119,1993
2112,2035
2112,2020
2102,2053
2104,2024
2105,2015
2087,2009
2088,2019
2081,2066
2088,2023
2087,2003
2073,2046
2072,2019
2063,2059
2066,2065
2056,2069
2047,2021
2035,2079
2035,2028
2024,2045
2017,2019
2025,2048
2017,2044
2007,1999
1999,2060
2005,2065
1995,2058
1988,2053
1992,2067
1989,2031
1987,2025
1987,2038
1975,2079
1981,2039
1976,2036
1983,2029
1979,2052
1985,2017
1977,2056
1977,2067
1983,2017
1987,2039
1989,2072
1993,2055
1996,2080
2006,2040
2007,2047
1999,2039
2012,2013
2011,2063
2016,2033
2027,2072
2029,2063
2024,2045
2044,2025
2044,2033
2063,2017
2057,2056
2063,2024
2067,2056
2075,2008
2072,2011
2083,2045
2093,2055
2089,2042
2092,2048
2105,2019
2112,2003
2114,2067
2120,2045
2120,2017
2128,2057
2135,2037
2123,2071
2132,2043
2140,2033
2139,2055
2137,2058
2142,2071
2135,2063
2133,2030
2137,2018
2137,2010
2139,2079
2136,2053
2123,2073
2123,2071
2131,2009
2120,2040
2115,2033
2112,2039
2113,2002
2110,2055
2099,2061
2100,2036
2095,2044
2083,2071
2089,2008
2074,2079
2079,2073
2074,2063
2064,2007
2063,2041
2055,2068
2055,2079
2040,2025
2035,2027
2032,2043
2024,2080
2029,2029
2016,2039
2015,2074
2012,2069
2015,2039
2013,2063
2008,2033
2007,2035
1997,2071
2000,2063
2005,2066
1991,2063
1995,2039
2003,2011
2000,2024
2011,2070
2013,2052
2014,2011
2008,2073
2018,2039
2007,2039
2016,2063
2020,2063
2024,2023
2030,2018
2028,2074
2031,2023
2053,2053
2035,2035
2053,2057
2066,2063
2063,2011
2063,2035
2081,2003
2073,2040
2085,2071
2083,2061
2093,2055
2099,2019
2099,2040
2101,2015
2105,2047
2115,2063
2130,2053
2126,2015
2123,2033
2121,2063
2129,2064
2135,2063
2137,2048
2138,2080
2146,2008
2139,2027
2143,2055
2143,2067
2136,2056
2131,2033
2133,2029
2129,2040
2133,2035
2133,2026
2118,2064
2120,2064
2124,2042
2121,2060
2115,2024
2110,2015
2115,2044
2104,2037
2095,2053
2093,2030
2091,2053
2073,2033
2080,2053
2072,2070
2067,2063
2043,2044
2045,2079
2041,2011
2033,2020
2033,2042
2031,2033
2025,2022
2020,2005
2008,2091
2009,2015
2000,2035
2004,2069
1993,2075
1995,2091
1993,2031
1997,2027
1993,2057
1993,2034
1993,2041
1984,2079
1981,2063
1989,2001
1981,2037
1990,2025
1989,2017
1989,2055
1994,2039
2003,2080
2008,2043
2001,2044
2013,2036
2017,2021
2015,2048
2022,2023
2027,2039
2021,2039
2039,2003
2040,2030
2048,2064
2053,2003
2056,2035
2071,2043
2068,2062
2079,2005
2081,2030
2079,2036
2090,2048
2096,2065
2096,2017
2104,2022
2108,2066
2105,1975
2112,2060
2109,2046
2124,2057
2119,2017
2131,1991
2126,2044
2131,2053
2137,2072
2140,1997
2138,2075
2140,2017
2140,2027
2140,2043
2139,2022
2131,2030
2131,2075
2130,1991
2129,2080
2123,2015
2124,2037
2116,2044
2112,2038
2111,2015
2105,2039
2095,2063
2099,2030
2099,2003
2083,2040
2085,2053
2073,2078
2072,2025
2066,2015
2063,2029
2063,2045
2037,2009
2041,2046
2029,2015
2027,2060
2033,2080
2028,2054
2023,2046
2005,2063
2009,2023
2005,2063
2004,2037
2000,2036
1995,2075
1990,2057
1989,2037
1999,2009
1981,2065
1989,2040
1995,2033
1991,2070
1989,2055
1988,2017
1996,2025
2005,2065
1997,2058
2003,2043
2003,2052
2011,2056
2012,2054
2007,2027
2017,2054
2024,2039
2028,2059
2030,2041
2034,2039
2039,2042
2039,2009
2048,2005
2058,2033
2066,2027
2067,2030
2075,1997
2075,2029
2081,2079
2091,2026
2103,2025
2089,2030
2109,2071
2106,2068
2115,2075
2121,2072
2118,2044
2129,2069
2123,2045
2131,2043
2136,2039
2142,2065
2147,2056
2141,2035
2148,2043
2148,2043
2144,1995
2143,2019
2135,2042
2139,2073
2137,2043
2136,2024
2138,2033
2132,2025
2120,2041
2119,2028
2125,2066
2115,2013
2110,2041
2106,2023
2099,2056
2097,2048
2096,2052
2096,2025
2079,2046
2078,2069
2077,2040
2072,2017
2067,2024
2058,2039
2043,2075
2043,2001
2025,2053
2032,2037
2022,2020
2019,2044
2016,2071
2010,2040
1995,2048
2002,2046
2003,2051
1993,2073
1987,2060
2001,2025
1996,2093
1996,2041
1989,2034
1992,2039
1995,2024
1990,2068
1990,2041
1991,2073
1994,2060
2001,2064
1997,2071
2004,2063
2007,2024
2008,2040
2009,2032
2013,2070
2019,2025
2016,2017
2020,2021
2029,1992
2027,2025
2041,2015
2035,2057
2048,2037
2043,2069
2056,2071
2069,2035
2071,2072
2071,2043
2077,2068
2087,2058
2093,2063
2085,2041
2093,2052
2104,1996
2108,2011
2104,2039
2115,2056
2109,2080
2121,2037
2119,2045
2123,2024
2125,2021
2125,2037
2132,2039
2131,2029
2125,2068
2127,2058
2127,2021
2128,2037
2120,2064
2117,2040
2123,2019
2112,2024
2105,2019
2104,2066
2103,2037
2101,2056
2089,2027
2088,2025
2080,2063
2077,2054
2075,2015
2065,2063
2067,2012
2061,2017
2056,2017
2055,2065
2040,2021
2039,2054
2025,2055
2024,2036
2012,2065
2016,2015
2007,2078
1992,2075
2000,2066
1988,2055
1978,2044
1994,2056
1975,2064
1981,2007
1977,2071
1978,2033
1972,2011
1971,2079
1971,2052
1979,2085
1978,2025
1973,2078
1982,2067
1977,2019
1975,2004
1981,2066
1981,2021
1990,2053
1994,2027
1998,2041
1995,2066
2000,2021
2004,2026
2012,2048
2016,2043
2023,2041
2024,2041
2030,2026
2040,2076
2041,2075
2060,2052
2058,2034
2067,2041
2060,1993
2067,2063
2073,2023
2086,2042
2085,2072
2092,1997
2095,2019
2102,2023
2100,2023
2108,2061
2114,1999
2119,2063
2121,2040
2119,2023
2125,2051
2131,2058
2131,2021
2127,2033
2136,2071
2136,2015
2134,1995
2124,2069
2125,2044
2122,2007
2122,2077
2128,2048
2116,2077
2124,2021
2115,2037
2115,2080
2111,2060
2097,2069
2097,2035
2105,2075
2093,2044
2094,2045
2088,2068
2078,2043
2077,2063
2076,2017
2063,2067
2063,2026
2055,2032
2053,2066
2036,2017
2033,2063
2033,2080
2020,2019
2024,2056
2008,2053
2015,2017
1998,2075
1993,2065
2004,2042
1996,2067
1998,2023
2003,2003
2000,2040
1992,2047
1995,2033
1992,2060
1992,2003
1999,2017
1989,2027
1996,2019
1993,2058
1991,2043
1997,2015
1999,2075
2009,2039
2010,2023
2013,2038
2020,2048
2024,2025
2027,2067
2024,2060
2035,2039
2027,2056
2043,2015
2045,2029
2057,2039
2055,2007
2067,2025
2071,2009
2077,2028
2080,2056
2088,2053
2077,2052
2087,2073
2093,2042
2094,2061
2117,2080
2112,2027
2112,2015
2124,2022
2119,2023
2129,2011
2131,2041
2130,2069
2135,2069
2139,2027
2147,2063
2141,2040
2137,2028
2138,2022
2145,2039
2140,2063
2140,2027
2140,2073
2127,2005
2135,2054
2134,2026
2123,2008
2120,2028
2116,2064
2117,2041
2111,2048
2109,2039
2103,2036
2102,1997
2096,2073
2088,2062
2081,2040
2082,2058
2067,2067
2063,2080
2065,2069
2060,2077
2046,2019
2037,2017
2037,2056
2039,2060
2031,1993
2023,2045
2016,2052
2015,2043
2012,2024
2005,2070
2010,2055
2002,2080
1993,2068
1994,2076
1999,2015
1995,2042
1996,2056
1987,2025
1992,2009
1995,1987
1997,2066
1994,2039
1989,2023
2001,2028
2007,2064
1999,2043
2001,2057
2008,2060
2015,2048
2018,2012
2019,2039
2025,2044
2030,2043
2029,2033
2033,2040
2039,2029
2057,2055
2060,2038
2053,2041
2073,2024
2063,2021
2079,2056
2089,2012
2090,2019
2097,1987
2090,2019
2099,2019
2099,2039
2119,2055
2114,2007
2115,2035
2124,2071
2119,2023
2123,2056
2131,2083
2132,2030
2141,2041
2138,2025
2140,2005
2139,2027
2143,2037
2135,2028
2144,2041
2137,2075
2137,2072
2136,1999
2131,2007
2128,2043
2124,2026
2116,2038
2120,2077
2117,2072
2112,2077
2107,2021
2099,2023
2097,2056
2087,2017
2083,2048
2079,2075
2073,2029
2074,2028
2069,2068
2065,2033
2065,2063
2052,2027
2040,2071
2027,2055
2036,2003
2024,2041
2015,2003
2020,2015
2007,2055
2012,2025
2003,2046
2000,2017
2000,2015
1993,2033
1999,2077
1977,2027
1999,2044
1996,2066
1989,2055
1996,2063
1993,2025
1998,2037
1999,2072
1996,1996
1995,2058
2013,2008
2002,2011
2007,2017
2008,2056
2007,2019
2023,2005
2025,2059
2023,2067
2032,2065
2035,2066
2040,2024
2048,2040
2059,2019
2064,2012
2065,2021
2069,2032
2084,2071
2084,2071
2082,2044
2092,2005
2092,2048
2101,2029
2094,2019
2112,2020
2117,2036
2125,2074
2128,2056
2131,2029
2129,2054
2127,2039
2137,2048
2137,2054
2148,2055
2147,2064
2137,2057
2152,2019
2152,1989
2147,2015
2149,2065
2148,2038
2138,2017
2140,2039
2137,2021
2135,2043
2135,2068
2126,2027
2121,2080
2121,2056
2117,2029
2107,2069
2109,2019
2101,2059
2098,2026
2094,2035
2083,2072
2075,2039
2075,2034
2071,2058
2067,2063
2063,2066
2060,2026
2052,2039
2034,2035
2035,2027
2035,2020
2020,2068
2020,2029
2012,2063
2008,2077
2001,2075
2008,2027
1995,2073
1995,2064
1999,2063
1999,2071
1996,2054
1981,2027
1993,2075
1993,2040
1984,2007
1969,2048
1995,2055
1995,2066
1988,2072
2000,2065
2004,2056
1995,2048
2009,2017
2015,2055
2016,2036
2011,2047
2022,2089
2026,2070
2032,2048
2034,2060
2036,2030
2041,2003
2043,2071
2063,2066
2063,2074
2071,2055
2077,2056
2079,2007
2086,2037
2083,2033
2077,2077
2096,2004
2099,2059
2107,2065
2108,2071
2104,2072
2109,2060
2115,2058
2119,2080
2128,2035
2123,2064
2133,2015
2136,2023
2136,2063
2129,2060
2132,2043
2131,2021
2127,2036
2134,1995
2120,2025
2122,2044
2117,2034
2125,2040
2117,2019
2115,2079
2103,2063
2101,2042
2103,2078
2097,2063
2095,2024
2088,2023
2077,2069
2081,2037
2079,2045
2060,2075
2069,2042
2043,2075
2043,2057
2040,2078
2039,2029
2030,2034
2020,2063
2024,2035
2018,2037
2009,2009
2008,2027
2007,2057
2001,2054
1988,2056
1991,2096
1981,2063
1988,2071
1974,2068
1979,2037
1984,2065
1975,2003
1977,2058
1976,2013
1980,2029
1980,2039
1989,2009
1979,2045
1990,2004
1995,2058
1981,2080
1998,2026
1996,2059
2004,2032
2005,2060
2002,2056
2017,2044
2011,2056
2025,2035
2025,2066
2031,2042
2036,2063
2042,2020
2053,2072
2055,2027
2055,2067
2067,2043
2071,2032
2078,2011
2083,2013
2077,2032
2088,2001
2087,2040
2090,2060
2104,2040
2103,2037
2113,2033
2105,2043
2117,2045
2133,2054
2131,2011
2128,2055
2131,2043
2137,2024
2131,2015
2136,2056
2130,2027
2133,2043
2134,2063
2123,2043
2117,2023
2128,2005
2123,2068
2121,2041
2117,2056
2120,1999
2117,2041
2107,2042
2105,2052
2101,2036
2096,2072
2092,2021
2089,2066
2083,2013
2072,2045
2071,2035
2063,2072
2067,2025
2055,2070
2039,2021
2043,2065
2040,2026
2031,2077
2027,1997
2025,2023
2021,2041
2017,2021
2011,2068
2001,2027
2012,2029
2001,2043
1991,2025
1997,2053
1998,2015
1987,2019
1989,2057
1985,2055
1996,2035
1981,2113
1979,2109
1992,2056
1992,2065
1997,2078
1993,2046
1989,1995
1989,1995
1996,2080
1997,2081
2019,2052
2019,2041
2030,2027
2037,2040
2044,2067
2046,2055
2072,2025
2072,2029
2073,1996
2077,2071
2086,2009
2095,2009
2088,2015
2089,2042
2095,2059
2095,1997
2096,2074
2094,2057
2083,2068
2093,2055
2091,2037
2095,2025
2111,2022
2101,2010
2104,2046
2119,1975
2121,2037
2134,2061
2145,2023
2141,2025
2139,2041
2137,2025
2146,2043
2138,2075
2136,2041
2139,2072
2133,2015
2123,2075
2122,2054
2120,2017
2117,2039
2108,2015
2099,2080
2103,2068
2095,2056
2087,2053
2080,2060
2076,2020
2066,2051
2063,2040
2066,2003
2055,2048
2052,2069
2055,2078
2053,2040
2045,2034
2027,2036
2035,2060
2028,2080
2031,2043
2033,2053
2035,2063
2023,2053
2020,2025
2015,2047
2005,2024
2003,2064
2007,2024
1995,2015
1994,2047
1987,2040
1984,2018
1977,2077
1977,2072
1973,2068
1975,2041
1984,2009
1989,2019
2004,2075
2003,2017
2009,2027
2017,2045
2028,2008
2030,2072
2041,2060
2043,2035
2039,2077
2047,2044
2045,2064
2057,2060
2043,2035
2059,2044
2055,2027
2068,2035
2077,2040
2078,2079
2084,2037
2087,2023
2097,2019
2108,2018
2116,2075
2124,2004
2127,2056
2132,2012
2134,2041
2133,2075
2136,2054
2139,2029
2139,2018
2131,2024
2148,2015
2141,1992
2144,2011
2150,2035
2143,2055
2143,2003
2145,2067
2154,2090
2151,2035
2152,2007
2150,2015
2153,2021
2147,2071
2153,2040
2148,2053
2148,2063
2143,2067
2144,2084
2144,2027
2123,2055
2123,2074
2119,2053
2103,2011
2104,2023
2091,2079
2090,2019
2083,2063
2068,2075
2067,2066
2067,2027
2060,2027
2053,2021
2039,2037
2032,2040
2032,2065
2024,2044
2036,2022
2030,2040
2031,2019
2021,2046
2029,2035
2017,2039
2023,2035
2024,2058
2019,2051
2015,2072
2023,1993
2021,2036
2013,2056
2007,2066
2016,2010
2008,2004
2008,2055
2011,2020
2009,2010
2007,2024
2007,2087
2021,2019
2015,2005
2021,2065
2028,2019
2035,2036
2041,2043
2037,2053
2055,2096
2063,2104
2074,2084
2069,2072
2076,2032
2074,2004
2079,2024
2089,2031
2092,2033
2093,2034
2102,2075
2101,2075
2095,2075
2105,2028
2107,2029
2109,2033
2113,2005
2112,2027
2109,2103
2132,2085
2125,2030
2136,2017
2143,2001
2139,2048
2151,2075
2153,2076
2153,2077
2161,2088
2153,2064
2155,2043
2152,1980
2148,2032
2144,2069
2142,2084
2141,2070
2139,2028
2135,2080
2129,2058
2135,2072
2119,2071
2121,2005
2125,2042
2120,2023
2111,2041
2101,2042
2100,2010
2087,2016
2095,2006
2076,2059
2076,2051
2071,2116
2063,2035
2058,2079
2041,2048
2039,2003
2040,2018
2029,2020
2029,2004
2021,2023
2025,2063
2026,2023
2023,2072
2013,2059
2022,2083
2022,2083
2023,1995
2025,2010
2020,2032
2021,2023
2024,2021
2024,2012
2026,2075
2025,2112
2024,2064
2027,2023
2030,1993
2029,2016
2023,2002
2024,2023
2032,2033
2025,2075
2033,2039
2035,2073
2041,2095
2054,2040
2057,2067
2063,2043
2069,2028
2075,2101
2089,2055
2092,2085
2092,2093
2097,2069
2116,2123
2107,2127
2119,2055
2131,2007
2129,2053
2143,2099
2144,2009
2140,2056
2145,2073
2145,1991
2147,1999
2151,2061
2153,2072
2147,2100
2153,2067
2160,2027
2168,2063
2167,2030
2155,1966
2161,1999
2161,2016
2172,1957
2169,1976
2163,2104
2167,2107
2159,2026
2150,2076
2155,2005
2131,2035
2143,2018
2135,2119
2134,2112
2131,2019
2119,2079
2109,2066
2112,2003
2100,2019
2096,1963
2092,1976
2091,1981
2071,2075
2078,2089
2063,2011
2063,1980
2067,2003
2057,1999
2060,2025
2048,2028
2040,1953
2033,2021
2032,2123
2019,2168
2033,2159
2032,2176
2017,2125
2029,2035
2021,2096
2011,2033
2016,2048
2011,2015
2021,2068
2016,2037
2007,2087
2024,2071
2021,2009
2017,2047
2027,2128
2024,2092
2027,2096
2036,1979
2036,1908
2039,1929
2043,1994
2055,1917
2059,1979
2058,2055
2063,2063
2072,2034
2071,2032
2081,2024
2095,1945
2088,1923
2102,2093
2107,2088
2104,2024
2120,2063
2122,2011
2123,2067
2147,2128
2121,2083
2152,2091
2153,2131
2143,2133
2161,2143
2159,2120
2155,2019
2173,2085
2153,1967
2167,1901
2169,1995
2155,1935
2172,2027
2171,2093
2154,2071
2179,2011
2153,1901
2157,1900
2170,1974
2139,2087
2149,2072
2143,2161
2139,2091
2155,2075
2139,2065
2135,1975
2123,1903
2127,1908
2117,1854
2120,2021
2103,2071
2097,2065
2101,2204
2088,2225
2081,2209
2081,2173
2057,2192
2063,2108
2048,1915
2056,1963
2043,1979
2023,1991
2037,1977
2024,2103
2025,2148
2025,2199
1999,2190
2020,2088
2011,1980
2008,2063
2024,2102
2000,1971
2015,1962
2010,1943
1998,1895
2020,2036
2004,1987
2009,2075
2020,2153
1997,1923
2024,1979
2015,2043
2015,2151
2031,2200
2011,2183
2023,2055
2030,1901
2019,2071
2038,2041
2035,2053
2041,1935
2039,2067
2063,2144
2068,2221
2063,2156
2079,2057
2075,1980
2090,1953
2087,1888
2087,1863
2109,1959
2095,1931
2101,1949
2119,2006
2109,2124
2123,2267
2125,2276
2121,2107
2144,1981
2131,1885
2146,1744
2148,1931
2137,1957
2149,2181
2154,2011
2146,2167
2152,2039
2137,2174
2152,2162
2149,2121
2144,1915
2142,1987
2139,2007
2132,2073
2136,1977
2139,1981
2129,1995
2131,2068
2117,2126
2121,2128
2117,1981
2113,2040
2104,1955
2103,2145
2099,2054
2093,1900
2091,1844
2074,2057
2077,2055
2078,2249
2071,2123
2041,2217
2055,2192
2035,2103
2041,1961
2040,2147
2027,2108
2031,2009
2024,1901
2007,1909
2023,2060
1999,2060
2007,1920
2007,1896
2007,1862
2005,2039
2003,2176
2007,2423
2010,2246
2003,1867
2009,1728
2017,2021
2004,2040
2011,1643
2017,1500
2008,1647
2015,2128
2017,2038
2011,1561
2029,1549
2020,1912
2023,2155
2029,1993
2039,1781
2039,1914
2043,2105
2051,1968
2066,1838
2069,1880
2069,1896
2073,1976
2071,1775
2082,1555
2092,1852
2085,2071
2101,2149
2105,2074
2095,2079
2114,2119
2112,2166
2127,2051
2131,2175
2117,2260
2136,2410
2136,2315
2136,2273
2139,2253
2136,2417
2144,2420
2147,2272
2143,2220
2151,2503
2148,2583
2150,2584
2145,2548
2137,2587
2145,2528
2144,2335
2136,1927
2141,1663
2128,1524
2125,1287
2131,1214
2122,1725
2120,2273
2121,2700
2097,2483
2101,2472
2097,1781
2093,1597
2104,1804
2082,2017
2079,1904
2080,1608
2072,1619
2071,2169
2055,2443
2043,2519
2063,2298
2037,2312
2042,1835
2035,1319
2027,1735
2025,1780
2024,1642
2012,1466
2020,1707
2009,2355
2009,2519
1997,2075
1995,2015
2012,2063
2010,2392
2002,2172
2003,2345
2007,2115
2008,2143
2008,2131
2007,2103
1994,1968
2003,1975
2005,1848
2013,2006
2016,2092
2007,2222
2024,2211
2015,2074
2015,1945
2026,1939
2039,2034
2037,1975
2045,1981
2041,2056
2068,2035
2067,2053
2071,2071
2088,2059
2081,2029
2096,2003
2097,2027
2104,2071
2106,2066
2113,2088
2117,2003
2122,2018
2123,2078
2132,2057
2132,2042
2133,2020
2131,2040
2140,2048
2144,1992
2137,2003
2152,2009
2139,2003
2149,2057
2139,2054
2153,2029
2152,2012
2148,2076
2149,2039
2140,2056
2138,2035
2137,2027
2135,2027
2124,2057
2116,2057
2119,2005
2118,2019
2101,2063
2107,2055
2091,2056
2085,2055
2090,2039
2072,2036
2063,2060
2067,2017
2048,1994
2043,2029
2033,2087
2021,2033
2023,2040
2009,2066
2007,2080
2010,2017
1995,2036
1998,2009
1987,2027
1989,2047
1975,2063
1971,2027
1961,2013
1968,2023
1937,2048
1953,2064
1952,2015
1948,2017
1947,2067
1946,2024
1939,2067
1935,2035
1935,2067
1944,2048
1940,1997
1945,2044
1951,2039
1960,2041
1948,2048
1957,2048
1957,2015
1963,2069
1968,2039
1965,2005
1976,2080
1979,2038
1981,2027
1984,2061
2001,2045
2003,2072
2000,2007
2009,2033
2012,2077
2008,2035
2032,2035
2013,2058
2037,2096
2039,2060
2053,2030
2053,2048
2066,1981
2063,2027
2065,2019
2071,2002
2077,2019
2082,1996
2085,2033
2082,2015
2086,2024
2088,2011
2095,2027
2085,2036
2089,2033
2089,2060
2084,2001
2088,2025
2075,2012
2075,2056
2080,2018
2074,2035
2074,2020
2075,2027
2063,2055
2068,2048
2065,2054
2063,2068
2056,2005
2043,2035
2043,2048
2041,2063
2035,2019
2032,2048
2024,2056
2020,2080
2012,2070
2011,2101
2000,2067
1993,2072
1991,2036
1975,2063
1976,2053
1963,2025
1955,2037
1965,2062
1957,2056
1955,2015
1953,2041
1955,2037
1944,2053
1953,1997
1948,2045
1944,2068
1944,2076
1949,2057
1947,2037
1950,2056
1948,2025
1959,2053
1951,2071
1953,2039
1959,2061
1965,2054
1964,2039
1968,2035
1975,2047
1976,2007
1984,2006
1992,2056
1978,2064
1989,2035
1999,2011
2009,2064
2015,2068
2024,2030
2018,2048
2032,2009
2035,2035
2056,2060
2044,2011
2063,2047
2075,2011
2076,2011
2073,2044
2080,2015
2087,2024
2089,2080
2096,2021
2096,2017
2100,2023
2099,2060
2097,2056
2109,2063
2109,2023
2109,2029
2120,2042
2128,2037
2115,2015
2123,2040
2117,2039
2120,2063
2120,2032
2119,2034
2105,2068
2104,2065
2109,2071
2103,2088
2099,2039
2083,2019
2089,2063
2084,2031
2076,2017
2078,2027
2071,2015
2063,2053
2070,2039
2055,2074
2063,2068
2042,2006
2032,2071
2028,2035
2025,2055
2019,2075
2015,2044
2008,2072
2007,2056
1991,2029
1992,2055
1981,2011
1975,2041
1975,2058
1977,2036
1969,2021
1975,2063
1970,2015
1970,2057
1971,2045
1963,2042
1974,2067
1970,2071
1970,2037
1974,2023
1976,2038
1976,2011
1972,2041
1988,2027
1981,2065
1994,2035
2003,2025
1992,2067
1995,2071
2005,2041
2007,2035
2007,2021
2024,2003
2021,2005
2032,2029
2036,2017
2044,2065
2045,2052
2063,2033
2075,2027
2078,2021
2089,2067
2089,2057
2096,2059
2108,2029
2105,2048
2115,2057
2121,2028
2128,2008
2131,2035
2139,2044
2135,2026
2149,2065
2158,2058
2155,2027
2155,2046
2155,2063
2169,2037
2159,2055
2168,2027
2155,2061
2165,2040
2170,2013
2156,2058
2161,2072
2158,2043
2159,2033
2160,2045
2160,2058
2154,2019
2143,2071
2145,2023
2147,2041
2137,2030
2133,2039
2135,2039
2132,2025
2125,2009
2121,2075
2112,2029
2097,2074
2091,2048
2094,2056
2083,2088
2086,2025
2075,2059
2071,2067
2059,2015
2063,2010
2045,2077
2051,2007
2048,2052
2040,2044
2039,2044
2027,1989
2033,2039
2038,2021
2032,2069
2024,2039
2024,2043
2024,2039
2028,2045
2023,2048
2018,2017
2023,2083
2036,2068
2017,2033
2030,2041
2035,2071
2041,2060
2043,2011
2052,2037
2048,2048
2053,2072
2063,2035
2059,2009
2063,2042
2065,1995
2069,2041
2075,2039
2085,2064
2081,2043
2085,2039
2095,2043
2101,2063
2108,2019
2111,2011
2119,2010
2115,2027