2083,2063
2077,2024
2071,2015
2068,2063
2069,2009
2059,2035
2041,2007
2037,2045
2039,2036
2029,2033
2020,2044
2017,2042
2015,2058
2009,2042
2008,1997
2001,2063
1993,2053
1991,2055
1984,2059
1992,2019
1990,2060
1977,2065
1989,2040
1975,2040
1983,2056
1977,2067
1979,2072
1983,2080
1980,2025
1983,2038
1981,2042
1987,2018
1992,1989
1991,2084
2000,2015
2000,2033
2004,2048
2007,2039
2008,2038
2013,2071
2008,2005
2019,2029
2031,2015
2027,2011
2040,2055
2035,2044
2039,2064
2056,2028
2062,2027
2068,2056
2067,2019
2079,2044
2080,2056
2081,2017
2092,2039
2092,2033
2097,2019
2103,2054
2107,2057
2115,2065
2120,2078
2124,2040
2110,2056
2117,2025
2129,2059
2128,2034
2123,2043
2135,2059
2136,2052
2129,2056
2136,2035
2135,2033
2127,2036
2119,2073
2125,2043
2116,2066
2120,2009
2112,2084
2112,2076
2108,2065
2100,2026
2100,2019
2092,2038
2088,2024
2077,2028
2074,2063
2074,2023
2072,2027
2061,2040
2057,2064
2053,2027
2044,2068
2037,2074
2031,2079
2025,2066
2025,2041
2017,2060
2007,2058
2008,2047
2001,2044
1998,2062
1989,2023
1987,2024
1992,2019
1980,2028
1977,2039
1979,2026
1975,2075
1978,2073
1973,2039
1981,2003
1984,2088
1978,2017
1981,2015
1981,2017
1983,2006
1989,2066
1981,2037
1977,2072
1996,2055
1994,2036
1994,2059
2000,2046
2005,2057
2015,2078
2013,2060
2020,2064
2018,2063
2024,2044
2027,2003
2036,2024
2033,2007
2039,2048
2035,2030
2053,2017
2065,2077
2070,2070
2067,2007
2071,2023
2079,2054
2083,2040
2081,2027
2072,2019
2089,2047
2101,2023
2101,1995
2100,2045
2103,2068
2103,2064
2103,2068
2116,2054
2103,2007
2105,2009
2103,2041
2107,2012
2101,2043
2101,2067
2104,2072
2107,2057
2094,2040
2096,2048
2100,2080
2085,2063
2085,2075
2073,2028
2080,2063
2076,2032
2063,2060
2071,2048
2041,2015
2048,2048
2058,2076
2029,2023
2029,2074
2036,2024
2019,2019
2013,2075
2015,2042
2008,2067
2004,2043
1999,2027
1984,2029
1980,2056
1978,2025
1978,2001
1975,2035
1970,2041
1963,2062
1972,2027
1961,2044
1964,2021
1963,2029
1953,2072
1949,2066
1964,2080
1962,2036
1966,2035
1957,2055
1961,2044
1964,2011
1963,2032
1977,2017
1966,2011
1971,2040
1985,2064
1992,2033
1987,2047
1997,1997
1993,2041
2003,2041
2007,2053
2011,2009
2023,2024
2024,2030
2032,2025
2040,2041
2043,2052
2063,2019
2063,2057
2063,2025
2068,2039
2069,2052
2075,2071
2086,2025
2095,2091
2101,2066
2099,2020
2099,2023
2113,2057
2104,2045
2122,2009
2128,2068
2129,2045
2133,2073
2132,1997
2135,2036
2135,2042
2135,2076
2135,2005
2133,2040
2140,2025
2133,2059
2123,2017
2133,2028
2123,2037
2126,1999
2121,2043
2123,2088
2122,2060
2109,2061
2112,2072
2108,2056
2103,2059
2099,2059
2095,2004
2091,2038
2085,2035
2080,2020
2066,2021
2063,2071
2063,2063
2066,2076
2058,2060
2060,2029
2055,2033
2040,2057
2039,2043
2027,2071
2032,2021
2029,2062
2024,2036
2021,2052
2020,2033
2015,2051
2017,2069
2023,2077
2016,2009
2003,2009
2015,2058
2014,2035
2017,2077
2014,2004
2012,2009
2024,2067
2023,2009
2017,2071
2015,2029
2021,2044
2032,2057
2037,2035
2052,1997
2047,2073
2051,2080
2053,2029
2067,2041
2068,2058
2072,2005
2072,2075
2080,2071
2081,2064
2090,2003
2089,2063
2099,2043
2106,2037
2105,2039
2120,1999
2121,2044
2124,2036
2126,2043
2123,2072
2140,2027
2144,2079
2147,2003
2148,2024
2152,2011
2156,2019
2157,2004
2148,2013
2157,2048
2161,2073
2163,2071
2160,2072
2156,2043
2154,2060
2151,2026
2153,2063
2159,2056
2152,2062
2152,2051
2148,2033
2141,2033
2137,2063
2135,2077
2132,2035
2120,2035
2117,2079
2119,2007
2112,2072
2101,2040
2099,2057
2094,2011
2089,2057
2075,2034
2082,2063
2069,2080
2068,2038
2065,2040
2058,2061
2052,2043
2035,2071
2040,2052
2032,2057
2027,2041
2015,2075
2015,2017
2016,2044
2012,2028
2013,2025
2010,2055
2003,2063
2004,2067
1999,2079
2006,2024
1993,2079
2000,2022
2007,2037
2005,2029
2009,2041
2004,2080
2005,2075
2008,2009
2012,2035
2009,2039
2021,2068
2009,2023
2027,2004
2033,2072
2030,2076
2035,2069
2039,2068
2041,2042
2055,2039
2063,2012
2063,1993
2067,2063
2079,1999
2067,2035
2085,2068
2088,2019
2086,2047
2094,2060
2097,2033
2098,2079
2111,2027
2110,2037
2120,2023
2114,2042
2132,2057
2123,2011
2127,2011
2123,2015
2133,2036
2143,2067
2138,2021
2135,2012
2142,2035
2138,2001
2139,2005
2135,2017
2135,2036
2136,2070
2133,2053
2136,2079
2127,2043
2123,2042
2120,2077
2119,2063
2106,2076
2101,2080
2093,2005
2099,2041
2095,2064
2088,2030
2085,2041
2076,2043
2067,2071
2068,2065
2055,2044
2054,2059
2035,2041
2033,2069
2035,2010
2031,2069
2028,2019
2017,2072
2010,2035
2008,2047
1995,2027
1997,2048
1992,2080
1993,2007
1992,2023
1991,2019
1979,2067
1980,2079
1975,2040
1984,2024
1984,2029
1980,2005
1979,2021
1988,2027
1982,2004
1976,2028
1989,2025
1988,2068
1982,2028
2000,2017
1995,2063
2007,2060
2001,2037
2016,2057
2017,2011
2009,2037
2023,2048
2021,2067
2032,2023
2028,2063
2028,2073
2039,2028
2058,2015
2055,2020
2063,2046
2065,2059
2069,2023
2080,2055
2080,2027
2086,1997
2091,2009
2101,2024
2101,2026
2104,2036
2112,2059
2116,2025
2115,2005
2119,2011
2115,2014
2129,2017
2121,2042
2125,2019
2135,2015
2133,2055
2130,2019
2121,2039
2125,2072
2117,2011
2128,2011
2108,2013
2107,2059
2112,2032
2103,2067
2101,2072
2106,2020
2095,2027
2096,2052
2093,2046
2083,2067
2081,2012
2080,2048
2072,2038
2063,2029
2069,2077
2058,2037
2045,2011
2045,2069
2037,2044
2029,2058
2024,2008
2013,2040
2011,2073
2015,2066
1996,2075
2003,2011
1991,2053
1992,2043
1992,2031
1992,2023
1977,2077
1981,2043
1971,2062
1977,2021
1977,2066
1977,2045
1978,2005
1980,2035
1975,2067
1976,2033
1977,2017
1977,2011
1977,2031
1997,2055
1992,2069
1991,2037
1991,2078
1997,2065
2006,2027
2011,2003
2011,2052
2009,2035
2015,2065
2028,2025
2027,2034
2035,2048
2045,2028
2045,2036
2062,2001
2041,2037
2064,2043
2071,2065
2076,2075
2081,2068
2084,2021
2081,2048
2090,2043
2104,2052
2097,2040
2105,2024
2105,2020
2109,2023
2116,2047
2124,2053
2116,2064
2124,2015
2123,2018
2125,2068
2133,2066
2122,2022
2119,2024
2127,2001
2120,2026
2121,2024
2119,2044
2121,2041
2108,2038
2103,2055
2103,2071
2103,2036
2109,2030
2087,2069
2090,2025
2075,2027
2079,2071
2075,2056
2070,2051
2070,2023
2060,2021
2055,2029
2035,2059
2040,2015
2036,2079
2028,2063
2022,2003
2008,2065
2013,2064
2010,2005
2007,2055
2001,2063
1991,2045
1992,2007
1983,2048
1981,2003
1977,2072
1987,2038
1979,2071
1979,2024
1971,2034
1979,2021
1977,2048
1977,2017
1973,2060
1976,2027
1987,2031
1984,2062
1980,2064
1988,2078
1993,2074
1994,2047
1997,2030
2007,2009
2012,2035
2014,2015
2016,2027
2009,2064
2024,2044
2028,2017
2032,2084
2035,2060
2039,2040
2044,1981
2043,2040
2057,2063
2070,2024
2065,2051
2075,2003
2072,2037
2087,2072
2081,2043
2095,2077
2103,2023
2104,1997
2103,2038
2115,2030
2121,2048
2123,2030
2131,2021
2123,2043
2128,2067
2133,2019
2129,2023
2133,2031
2135,2060
2139,2080
2135,2057
2127,2072
2125,2080
2127,2072
2131,2035
2128,2043
2127,2048
2116,2056
2115,2060
2110,2072
2103,2030
2097,2063
2102,2009
2091,2043
2091,2012
2084,2040
2083,2024
2083,2037
2073,2026
2071,2063
2063,2058
2063,2022
2063,2041
2040,2047
2044,2071
2033,2013
2027,2060
2032,2017
2027,2063
2021,2066
2001,2076
2015,2052
2012,2047
2009,1996
2007,2058
1996,2011
2002,2066
2008,2027
1995,2064
2001,2035
2006,2019
2000,2027
2007,2080
2004,2023
2009,2037
2019,2015
2019,2022
2015,2067
2014,2071
2011,2020
2031,2040
2033,2003
2028,2035
2032,2037
2037,2029
2045,2040
2055,2041
2061,2063
2067,2075
2072,2035
2073,2069
2081,2009
2091,2043
2087,2025
2094,2063
2094,2059
2103,2057
2115,2031
2111,2041
2119,2011
2124,2001
2129,2003
2133,2029
2138,2058
2133,2011
2143,2061
2152,2039
2145,2039
2156,2060
2147,2037
2147,2057
2155,2040
2156,2019
2153,2063
2158,2011
2156,2009
2158,2037
2157,2018
2158,2063
2151,2062
2148,2020
2145,2084
2140,2054
2137,2072
2131,2089
2124,2067
2126,2011
2129,2059
2112,2079
2110,2023
2109,2035
2101,2064
2093,2012
2091,2029
2085,2037
2083,2029
2081,2021
2075,2055
2071,2072
2069,2025
2064,2051
2041,2056
2041,2035
2041,2026
2036,2005
2031,2057
2030,2033
2031,2071
2027,2075
2027,2074
2018,2037
2020,2071
2015,2041
2021,2042
2022,2027
2024,2041
2021,2042
2024,2022
2021,2027
2023,2025
2025,2048
2029,2018
2026,2047
2032,2011
2031,2017
2035,2043
2051,2025
2052,2056
2053,2028
2071,2060
2065,2039
2072,2054
2071,2036
2073,2058
2079,2039
2087,2036
2097,2064
2101,2052
2104,2073
2107,2039
2117,2027
2120,2057
2118,2039
2123,2021
2123,2035
2136,2082
2129,2067
2137,2022
2143,2063
2152,2039
2153,2033
2152,2025
2158,2039
2151,2057
2152,2033
2164,2022
2157,1997
2153,2025
2153,2060
2149,2041
2158,2025
2143,2013
2144,2073
2141,2021
2141,2030
2136,2070
2133,2001
2135,2017
2124,2029
2124,2027
2123,2046
2107,2033
2115,2046
2093,2043
2096,2037
2089,2037
2088,2045
2087,2060
2078,2072
2072,2052
2062,2059
2063,2053
2051,2019
2040,2015
2039,2029
2033,2045
2026,2066
2027,2029
2016,2059
2003,2007
2005,2027
2003,2055
2002,2059
1997,2063
1993,2079
1996,2035
1998,2024
1989,2028
1993,2064
1987,2075
1992,2053
1992,2009
1996,2043
1991,2044
1989,2071
2000,2058
2000,2025
2007,2017
2001,2030
2011,2042
2011,2027
2024,2077
2011,2007
2023,2051
2023,2019
2029,2017
2037,2019
2040,2055
2043,2037
2053,2024
2043,2025
2072,2044
2070,2056
2068,2019
2074,2057
2080,2054
2089,2007
2091,2045
2096,2066
2098,2012
2107,2023
2101,2025
2120,2035
2109,2033
2117,2037
2119,2003
2125,2032
2126,2060
2118,2089
2124,2080
2132,2033
2132,2025
2128,2056
2127,2007
2125,2027
2130,2023
2124,2028
2123,2068
2113,2028
2101,2060
2101,2044
2107,2032
2095,2079
2093,2075
2099,2019
2100,2080
2081,2032
2080,2041
2071,2059
2073,2079
2067,2058
2071,2052
2057,2029
2043,2063
2035,2055
2039,2025
2032,2037
2028,2026
2027,2052
2017,2029
2012,2079
2007,2011
2007,2017
2005,2011
1988,2015
1991,2011
1993,2021
1993,2027
1991,2025
1982,2064
1977,2006
1981,2070
1975,2045
1984,2041
1990,2052
1989,2039
1984,2028
1989,2031
1997,2008
1995,2077
2001,2064
1997,1993
2007,2012
2008,2023
2008,2080
2015,2011
2010,2035
2025,2004
2025,2023
2032,2011
2036,2024
2035,2029
2041,2040
2048,2008
2058,2020
2065,2058
2067,2066
2072,2024
2073,2073
2088,2056
2093,2017
2096,2007
2104,2039
2104,2056
2115,2056
2116,2038
2121,2040
2120,2054
2129,2063
2135,1992
2123,2043
2125,2045
2136,2038
2135,2063
2127,2061
2137,2043
2133,2064
2137,2001
2131,2007
2133,2003
2135,2059
2136,2044
2133,2029
2119,2032
2115,2039
2114,2033
2116,2041
2107,2065
2107,2043
2103,2042
2089,2065
2092,2041
2088,2027
2075,2017
2072,2073
2073,2076
2063,2033
2057,2063
2055,2075
2047,2060
2042,2024
2033,2041
2032,2056
2021,2015
2024,2005
2021,2037
2003,2048
2011,2033
2003,2073
2002,2033
1997,2088
1977,2055
1991,2046
1989,2048
1995,2045
1980,2056
1995,2005
1993,2015
1987,2062
1992,2065
1993,2056
1999,2024
1993,2017
2001,2033
1997,2035
1997,2015
2008,2029
2017,2053
2015,2037
2024,2035
2024,2056
2025,2067
2018,2042
2032,2028
2039,2003
2036,2021
2043,2072
2040,2048
2053,2030
2063,2039
2072,2056
2080,2036
2085,2025
2087,2017
2092,2017
2089,2041
2101,2019
2107,2040
2116,2028
2111,2077
2121,2009
2117,2040
2123,2041
2128,2033
2133,2023
2130,2057
2132,2017
2136,2021
2135,2017
2131,2057
2136,2025
2139,2068
2133,2056
2131,2058
2131,2102
2132,2041
2135,2031
2121,2023
2122,2027
2115,2043
2119,2037
2107,2068
2101,2004
2097,2071
2097,2042
2091,2076
2090,2068
2073,2062
2075,2034
2071,2045
2071,2043
2068,2027
2044,2055
2048,2041
2039,2011
2027,2075
2032,2057
2032,2035
2032,2033
2016,2063
2012,2028
2010,2058
2001,2031
2003,2060
2000,2064
2003,1993
2001,2039
1995,2041
1989,2061
1983,2045
1987,2063
1981,2038
1996,2023
1992,2009
1996,2063
2002,2068
1996,2037
1987,2013
1993,2063
1997,2055
2007,2009
2013,2007
2005,2043
2022,2060
2025,2011
2022,2023
2027,2012
2029,2030
2037,2067
2051,2034
2063,2045
2063,2031
2069,2040
2066,2040
2083,2003
2077,2045
2087,2037
2087,2040
2092,2056
2103,2018
2107,2061
2111,1998
2120,2076
2125,2055
2131,2036
2131,2071
2136,2022
2136,2053
2132,2015
2138,2040
2139,2017
2150,2027
2150,2024
2149,2063
2152,2077
2146,2064
2144,2037
2154,2048
2148,2029
2150,2063
2141,2034
2141,2026
2131,2035
2129,2048
2136,2023
2125,2007
2125,2046
2124,2037
2120,2077
2115,2023
2101,2043
2101,2056
2097,2068
2094,2013
2087,2023
2075,2068
2078,2018
2076,2063
2063,2010
2069,2077
2052,2029
2052,2075
2039,2023
2036,2067
2040,2027
2028,2027
2021,2072
2026,2072
2024,2028
2017,2053
2015,2024
2020,2022
2015,2039
2017,2041
2010,2055
2011,2045
2015,2043
2007,2008
2013,2064
2009,2039
2011,2059
2012,2029
2011,2009
2024,2040
2028,2012
2028,2029
2026,2029
2035,2056
2023,2073
2041,2067
2037,2047
2042,2051
2055,2060
2053,2045
2063,2063
2069,2056
2075,2072
2080,2024
2079,2063
2093,2063
2094,2041
2099,2052
2107,2071
2103,2021
2108,2033
2118,2027
2127,2062
2132,2034
2133,2053
2130,2033
2131,2073
2135,2063
2146,2048
2129,2068
2147,2020
2143,2067
2148,2063
2152,2065
2149,2063
2150,2065
2151,2060
2144,2020
2137,2019
2145,2029
2143,2013
2137,2073
2136,2069
2131,2075
2131,2032
2115,2019
2109,2027
2108,2044
2105,2037
2108,2070
2097,2063
2083,2077
2088,2041
2080,2069
2074,2029
2067,2034
2065,2017
2060,2041
2043,2038
2037,2055
2028,2077
2035,2027
2019,2039
2016,2024
2013,2045
2013,2057
2007,2073
1992,2035
2004,2033
1989,2039
1992,2021
1993,2071
1992,2025
1981,2054
1984,2054
1976,2080
1976,2027
1979,2055
1975,2063
1965,2068
1976,2042
1979,2057
1977,2053
1993,2042
1987,2069
2002,2044
1997,2023
2006,2033
2006,2055
2009,2046
2017,2043
2017,2065
2020,2035
2022,2071
2027,2063
2030,2011
2027,2056
2032,2015
2048,2029
2060,2033
2063,2039
2074,2052
2073,2029
2071,2011
2077,2071
2077,2041
2090,2024
2099,2063
2101,2028
2102,2037
2105,2035
2111,2066
2110,2040
2108,2015
2116,2073
2120,2063
2107,2045
2119,2063
2121,2048
2121,2033
2125,2067
2123,2061
2126,2042
2107,2060
2103,2041
2106,2072
2105,2063
2101,2067
2099,2045
2087,2045
2094,2021
2083,2071
2082,2071
2080,2072
2074,2077
2075,2028
2063,2041
2063,2011
2056,2063
2053,2048
2042,2011
2032,2035
2029,2043
2021,2045
2009,2027
2005,2024
2008,2056
2007,2047
1993,2056
1995,2070
2000,2017
1987,2055
1984,2013
1976,2067
1983,2068
1980,2033
1975,2041
1973,2066
1976,2034
1963,2045
1971,2069
1974,2024
1976,2063
1974,2037
1979,2074
1960,2009
1977,2025
1980,2025
1984,2048
1987,2065
1991,2060
1991,2009
2001,2044
2008,2015
2007,2046
2015,2055
2023,2020
2024,2074
2019,2028
2027,2039
2040,2034
2039,2019
2053,2042
2043,2027
2063,2063
2068,2042
2073,2029
2072,2021
2074,2015
2083,2066
2091,2069
2100,2028
2104,2058
2107,2023
2108,2015
2112,2037
2107,2053
2122,2037
2125,2079
2121,2029
2127,2071
2126,2007
2127,2004
2119,2045
2128,2063
2128,2076
2133,2026
2122,2025
2121,2066
2117,2080
2121,2056
2112,2036
2112,2059
2108,2025
2092,2066
2099,2036
2093,2023
2088,2069
2089,2021
2083,2029
2072,2005
2071,2084
2068,2056
2069,2005
2063,2056
2039,2017
2027,2065
2027,2033
2023,2053
2024,2072
2023,2028
2017,2064
2015,2058
2007,2036
2011,2056
1995,1995
1999,2071
1991,2056
2001,2034
1987,2060
1993,2071
1974,2056
1992,2042
1979,2057
1982,2037
1980,2029
1975,2022
1984,2065
1992,2035
1979,1997
1979,2048
1994,2036
1996,2023
2005,2072
1994,2056
2008,2020
2013,2078
2016,2073
2012,2030
2026,2044
2026,2041
2035,2034
2038,2064
2047,2019
2046,2034
2056,2036
2059,2027
2068,2043
2072,2073
2078,2051
2080,2041
2086,2040
2085,2040
2096,2072
2093,2029
2097,2024
2107,2072
2120,2011
2105,2033
2122,2026
2118,2047
2125,2009
2123,2079
2121,2040
2123,2071
2127,2089
2139,2030
2133,2010
2131,1997
2125,2024
2133,2020
2135,2054
2121,2020
2131,2028
2124,2001
2124,2010
2117,2033
2115,2065
2115,1994
2097,2051
2099,2080
2095,2054
2092,2033
2085,2063
2083,2041
2071,2059
2075,2091
2072,2039
2056,2045
2044,2026
2055,2060
2039,2038
2035,2041
2032,2057
2032,2017
2026,2031
2016,2065
2016,2012
2012,2080
2005,2039
2003,2040
2005,2036
2001,2071
1992,2073
1987,2076
1991,2064
1995,2056
1988,2080
1984,2030
1993,2039
1989,2024
1993,2008
1994,2025
1993,2012
2000,2009
1993,2017
2003,2067
2005,2074
2013,2041
2017,2039
2005,2054
2011,2036
2019,2063
2029,2037
2030,2005
2041,2025
2051,2037
2053,2025
2053,2053
2065,2037
2072,2043
2073,2027
2072,2073
2084,2073
2084,2052
2097,2031
2090,2037
2099,2063
2102,2077
2106,2063
2112,2043
2120,2029
2126,2009
2124,2066
2127,2032
2122,2019
2127,2011
2135,2009
2141,2046
2140,2058
2137,2066
2140,2039
2136,2058
2143,2056
2145,2048
2140,2003
2137,2021
2129,2063
2132,2018
2127,1993
2124,2032
2113,2044
2120,2056
2120,2025
2101,2071
2099,2063
2093,2059
2097,2011
2088,2013
2087,2063
2075,2077
2072,2080
2068,2035
2057,2039
2060,2036
2056,2033
2041,2067
2042,2071
2030,2019
2023,2065
2026,2037
2020,2053
2009,2029
2011,2048
2008,2021
2004,2043
1997,2038
1995,2029
1991,2041
2005,2069
1989,2057
1993,2056
1993,2054
1987,2072
1995,2015
1996,2037
1996,2063
1997,2029
1996,2067
1997,2037
2007,2055
2008,2063
2004,2072
2013,2066
2020,2060
2019,2048
2015,2007
2023,2071
2030,1979
2027,1999
2029,2043
2053,2055
2063,2052
2056,2039
2072,2066
2068,2024
2075,2080
2075,2068
2083,2043
2095,2040
2090,2069
2092,2038
2097,2062
2103,2063
2105,2003
2119,2066
2123,2063
2126,2031
2128,2006
2124,2024
2135,2069
2136,2073
2131,2088
2130,2063
2133,2041
2141,2063
2142,2088
2140,2077
2140,2071
2131,2036
2136,2037
2128,2039
2135,2053
2133,2027
2127,2036
2123,2007
2120,1991
2120,2070
2111,2072
2104,2035
2103,2029
2094,2039
2093,2013
2079,2021
2081,2029
2079,2063
2075,2023
2065,2071
2060,2043
2051,2067
2044,2024
2036,2035
2032,2063
2030,2010
2023,2054
2019,2066
2009,2021
2011,1996
2004,2067
2003,2028
1989,2023
1997,1993
1989,2042
1989,2029
1977,2035
1995,2069
1989,2070
1979,2012
1984,2059
1992,2033
1989,2071
1993,2057
1979,2063
1991,2035
1989,2057
1999,2045
1997,2063
2007,2026
2008,2051
2009,2057
2009,2072
2015,2040
2015,2071
2025,2074
2030,2044
2043,2072
2041,2007
2046,2058
2056,2058
2059,2019
2066,2055
2067,2043
2072,2036
2075,2071
2077,2069
2088,2040
2094,2015
2089,2055
2104,2056
2104,2068
2103,1999
2106,2035
2107,2077
2118,2052
2123,2077
2123,2019
2130,2021
2127,2015
2132,2017
2132,2021
2131,2017
2132,2025
2128,2018
2128,2035
2119,2030
2119,2039
2109,2019
2105,2041
2109,2058
2105,2088
2105,2043
2097,2057
2103,2019
2095,2063
2089,2041
2083,2039
2082,2042
2081,2027
2066,2079
2068,2072
2063,2056
2042,2063
2036,2044
2038,2056
2034,2039
2029,2057
2030,2055
2016,2061
2011,2033
2012,2048
2007,2042
2000,2060
1996,2035
1992,2070
1984,2085
1988,2021
1979,2045
1987,2068
1979,2070
1984,2069
1979,2066
1979,2037
1973,2051
1979,2041
1984,2065
1987,2025
1977,2015
1991,2021
1976,2039
1989,2023
1993,2080
1993,2025
2003,2034
2005,2013
2009,2061
2015,2063
2020,2001
2025,2035
2019,2043
2032,2001
2035,2028
2040,2019
2053,2031
2040,2009
2058,2045
2067,2058
2075,2037
2076,2056
2090,2071
2088,2017
2088,2019
2091,2003
2093,2042
2098,2063
2109,2058
2107,2039
2107,2055
2120,2065
2132,2051
2123,2071
2124,2025
2131,2057
2136,2017
2131,2019
2134,2045
2133,2035
2124,2052
2129,2027
2132,2037
2129,2073
2121,2073
2125,2035
2123,2045
2123,2037
2111,2023
2109,1988
2099,2072
2104,2066
2101,2019
2092,2036
2088,2019
2080,2056
2071,2027
2079,2073
2065,2067
2068,2003
2044,2078
2057,2035
2044,2055
2035,2054
2039,2043
2032,2041
2024,2033
2019,2073
2024,2027
2005,2020
2009,2064
2004,2056
2001,2071
1995,2026
2001,2015
1991,2077
1997,2003
1996,2027
1989,2056
1994,2044
1994,2047
1991,2066
1998,1997
1996,2079
1991,2024
2002,2043
1997,2078
2006,1994
2003,2037
2013,2041
2009,2059
2015,1997
2015,2039
2029,2039
2029,2067
2031,2072
2031,2063
2039,2045
2047,2071
2056,2037
2063,2031
2067,2066
2077,2070
2079,2021
2081,2032
2088,2026
2093,2063
2089,2035
2099,2025
2103,2035
2117,2073
2107,2034
2115,2017
2120,2007
2137,2003
2131,2065
2134,2005
2137,2028
2143,2068
2143,2056
2145,2063
2147,2021
2150,2021
2144,2066
2148,2013
2151,2067
2143,2079
2139,2063
2138,2079
2139,2069
2139,2037
2131,2066
2132,2040
2132,2025
2116,2055
2112,2054
2105,2055
2112,2065
2097,2024
2095,2072
2096,2076
2091,2056
2080,2025
2076,2063
2073,2012
2068,2018
2066,2064
2063,2017
2056,2043
2040,2068
2041,2023
2041,2072
2032,2075
2029,2030
2019,2009
2016,2040
2011,2024
2011,2052
2004,2037
2004,2039
2000,2065
2004,2032
2003,2060
1993,2040
1999,2045
1996,2055
2008,2007
2007,2033
1999,2043
2011,2029
2003,2066
2008,2020
2005,2071
2011,2043
2012,2067
2021,2018
2025,2065
2032,2040
2032,2009
2032,2026
2044,2025
2053,2037
2059,2070
2059,2061
2063,2063
2068,2060
2071,2037
2086,2040
2083,2019
2087,2003
2095,1997
2102,2005
2098,2021
2111,2023
2112,2067
2126,2079
2120,2071
2121,2048
2130,2015
2132,2063
2140,2008
2131,2047
2143,2042
2144,2026
2150,2035
2151,2034
2145,2038
2145,2012
2143,1989
2143,2072
2152,2060
2139,2059
2139,2075
2140,2064
2132,2068
2132,2019
2134,2023
2129,2025
2115,2075
2124,2024
2112,2029
2112,1993
2103,2063
2107,2057
2098,2021
2094,2055
2088,2076
2079,2080
2075,2056
2067,2061
2065,2072
2057,2017
2043,2068
2039,2044
2042,2080
2041,2015
2025,2023
2023,2037
2024,2011
2015,2046
2007,2035
2009,2041
2010,2009
2005,2072
2007,2060
2011,2043
1995,2021
2003,2029
1991,2019
1997,2048
2003,2036
2005,2079
2003,2019
2008,2053
2008,2069
2014,2056
2009,2009
2019,2045
2023,2011
2024,2033
2024,2025
2032,2069
2032,2021
2042,2012
2041,2073
2037,2087
2054,2059
2055,2063
2069,2056
2072,2067
2072,2023
2076,2044
2093,2033
2090,2048
2094,2044
2104,2023
2098,2041
2115,2063
2103,2067
2128,2063
2136,2012
2133,2045
2133,2029
2139,2058
2143,2075
2135,2071
2139,2063
2146,2065
2147,2007
2139,2071
2152,2063
2150,2023
2149,2075
2143,2037
2139,2066
2135,2029
2136,2071
2142,2080
2135,2001
2131,2057
2131,2091
2121,2080
2117,2060
2122,2024
2110,2067
2112,2023
2102,2027
2099,2037
2095,2052
2089,2039
2083,2067
2079,2009
2072,2048
2056,1995
2067,2063
2061,2036
2059,2029
2033,2045
2039,2008
2028,2051
2025,2036
2015,2064
2025,2073
2011,2079
2003,2044
1997,2037
2001,2039
1996,2055
2003,2015
1997,2073
1992,2068
1997,2068
1995,2043
1995,2021
1993,2035
1996,2069
1991,2071
1992,2004
1993,2080
1995,2057
2004,2035
1995,2009
2011,2027
2011,2063
2020,1891
2013,1816
2024,1851
2024,1940
2027,2023
2024,2039
2029,2043
2030,2071
2044,2131
2054,2024
2065,1975
2056,2091
2075,2089
2084,2075
2087,2064
2097,2085
2118,2029
2125,2020
2128,2005
2140,2011
2140,2009
2148,2025
2146,2082
2144,2042
2144,2042
2152,2024
2152,2009
2140,1995
2132,2056
2144,2035
2140,2008
2129,1975
2136,2013
2133,2079
2131,2096
2136,2068
2136,2076
2132,2038
2129,2031
2127,2043
2139,2079
2117,2048
2127,2040
2105,2057
2111,2015
2105,2058
2097,2041
2092,2072
2077,2073
2074,2021
2070,2048
2063,2058
2059,2071
2043,2019
2040,2088
2028,2015
2015,2071
2013,2053
2008,2009
2003,2042
2003,2007
1995,2065
1988,2061
1989,2029
1981,2046
1976,2036
1978,2058
1979,2017
1982,2080
1982,2029
1975,2055
1980,2011
1981,2035
1976,2064
1980,2025
1977,2063
1979,2010
1971,2051
1973,2046
1973,2063
1975,2011
1980,2029
1987,2057
1979,2032
1990,2013
1988,2039
1996,2063
2001,2068
2012,2052
2025,2068
2034,2036
2047,2025
2045,2046
2063,2041
2065,2001
2063,2063
2078,2059
2077,2066
2080,2011
2091,2019
2086,2001
2095,2039
2096,2019
2100,2007
2097,2066
2118,2048
2116,2063
2124,2021
2129,2012
2138,2068
2143,2044
2143,2068
2151,2064
2139,2047
2147,2003
2147,2037
2155,2042
2149,2026
2150,2058
2137,2045
2141,2011
2138,1997
2131,2068
2131,2011
2115,2039
2111,2068
2108,2011
2114,2072
2109,2015
2108,2029
2109,2044
2097,2056
2102,2024
2091,2031
2090,2057
2088,2067
2085,2080
2087,2011
2076,2026
2067,2080
2056,2030
2060,2071
2054,2025
2030,2029
2035,2030
2027,2056
2025,2067
2010,2074
2009,2095
2003,2063
2001,2068
1994,2047
1994,2068
2007,2043
1997,2066
1995,2071
2000,2024
1995,2075
1999,2062
2013,2005
2013,2053
2016,2003
2011,2037
2025,2058
2021,2075
2028,2079
2032,2002
2026,2055
2036,2063
2035,2026
2043,2053
2039,2024
2043,2036
2041,1997
2063,2015
2057,2088
2071,2073
2067,2067
2079,2063
2088,2028
2088,2066
2091,2047
2104,2004
2103,2019
2108,2024
2115,2068
2128,2027
2125,2071
2125,2073
2139,2011
2139,2013
2148,2071
2151,2043
2139,2025
2145,2012
2151,2056
2152,2066
2148,2072
2137,2041
2145,2027
2143,2056
2138,2011
2140,2043
2143,2063
2141,2067
2144,2018
2140,2025
2138,2033
2136,2076
2142,2087
2131,2054
2121,2007
2124,2011
2120,2007
2114,2012
2116,2057
2101,2056
2107,2009
2085,2063
2088,2036
2073,2072
2078,2072
2075,2071
2066,2080
2063,2029
2056,2040
2056,2069
2058,2055
2040,2063
2039,2035
2035,2024
2035,2032
2025,2039
2025,1993
2015,2027
2024,2072
2015,2066
2008,2046
2002,2036
2009,2063
2011,2076
2007,2086
2003,2071
2008,2034
2003,2024
2011,1978
2022,1989
2019,2039
2033,2040
2028,2011
2033,2067
2039,2075
2044,2059
2048,2045
2063,2011
2065,2057
2063,2036
2067,2019
2066,2021
2076,2023
2080,2084
2075,2083
2089,2075
2093,2055
2099,2040
2103,2028
2115,2024
2120,1991
2120,2048
2115,2027
2131,2040
2135,2072
2141,2074
2137,2043
2150,2053
2151,2015
2162,2032
2168,2044
2170,2026
2164,1980
2167,1997
2169,2004
2168,2056
2176,2034
2166,2041
2171,2065
2176,2080
2166,2075
2166,2080
2160,2063
2160,2055
2158,2068
2156,2019
2163,2011
2154,2039
2152,2017
2147,2015
2144,2043
2146,2058
2139,2056
2135,2093
2134,2064
2131,2043
2120,2078
2109,2053
2104,2027
2097,2072
2095,2036
2085,2022
2075,2022
2079,2126
2072,2081
2067,2077
2057,2059
2039,2007
2039,2051
2029,2005
2036,2037
2029,2056
2029,2015
2025,2041
2015,2005
2024,2033
2031,2067
2009,2048
2019,2073
2021,2024
2016,2015
2024,2017
2016,2072
2014,2102
2024,2037
2027,1992
2029,1993
2029,1992
2032,2009
2032,2043
2039,2057
2036,2098
2040,2048
2051,2045
2048,2014
2067,2032
2057,2040
2072,2019
2074,2054
2077,2057
2088,2085
2089,2096
2099,2025
2101,2023
2105,1960
2108,2010
2118,2125
2112,2148
2121,2101
2127,2075
2123,1988
2137,2023
2147,1998
2150,1968
2155,2023
2153,2118
2170,2143
2179,2066
2174,2039
2176,1996
2167,2035
2173,2056
2179,2048
2183,2088
2165,2095
2181,2040
2174,2024
2164,2085
2168,2090
2159,2014
2155,2032
2154,1993
2136,2012
2141,2012
2136,2017
2131,2079
2129,2035
2125,2037
2116,2077
2113,2102
2103,2039
2105,2001
2106,2063
2099,2045
2087,2095
2088,2087
2075,2035
2069,1951
2063,1923
2053,2033
2047,2120
2042,2091
2033,2043
2025,2030
2027,2088
2012,2041
2022,2039
2016,2081
2014,2011
2022,2058
2009,2112
2013,2055
2016,2071
2008,2076
2015,2011
2012,1968
2013,2012
2023,2063
2020,2067
2013,2093
2025,2087
2027,2077
2040,2085
2029,2013
2033,1933
2043,2025
2047,2065
2063,2068
2074,2060
2063,2105
2078,2067
2076,2101
2087,2106
2092,2007
2098,1972
2104,2057
2105,2015
2117,2000
2131,1982
2121,2027
2137,2016
2144,1947
2143,2063
2152,2078
2147,2178
2154,2103
2169,2056
2166,2035
2183,1953
2176,1940
2165,1933
2184,1999
2181,2036
2185,2016
2195,2104
2181,2099
2189,2115
2185,2167
2164,2020
2203,2068
2179,2096
2175,2088
2191,2068
2166,1974
2173,1873
2172,2045
2144,2081
2157,2076
2151,2055
2135,2105
2143,2068
2123,1963
2135,2132
2123,2068
2104,1973
2112,1925
2106,1973
2099,2071
2089,2081
2076,2029
2080,1971
2083,1982
2067,1984
2076,2059
2057,2055
2062,1976
2037,2083
2036,2036
2044,2109
2027,2003
2027,1980
2036,2004
2016,2026
2029,2197
2016,2217
2008,2064
2031,2063
2012,1971
2011,2002
2020,1897
2007,1884
2033,1869
2024,1996
2023,2027
2029,2171
2027,2192
2045,2247
2037,2184
2044,2186
2043,2063
2058,2108
2057,2126
2067,2117
2063,2007
2071,2021
2068,1947
2072,1973
2071,1925
2087,1932
2091,1949
2100,2063
2103,2127
2115,2123
2121,2063
2125,1875
2120,1984
2130,1877
2125,2025
2140,2041
2141,2147
2143,2176
2152,2109
2158,2076
2163,1955
2165,1882
2153,1902
2170,1943
2162,1876
2171,2029
2179,2183
2167,2117
2167,2017
2168,2005
2153,1941
2174,1981
2156,2324
2153,2312
2152,2165
2144,2001
2159,1935
2148,2195
2136,2012
2144,1941
2138,1797
2133,1926
2133,2252
2120,2465
2128,2288
2120,2103
2119,2052
2115,1989
2095,2056
2100,2139
2092,2145
2073,2014
2087,1899
2080,1891
2074,2020
2063,2199
2053,2168
2043,1813
2063,1905
2024,2323
2023,2319
2029,2120
2021,1719
2025,1926
2019,2297
2014,2363
2023,2313
2015,2180
2018,2023
2026,2245
2015,2176
2027,1844
2015,1837
2020,2068
2027,2620
2017,2639
2032,2421
2032,2011
2029,1865
2040,2069
2048,2058
2044,1884
2043,2055
2064,2212
2059,2131
2075,2038
2065,1881
2077,1856
2080,1785
2075,1863
2095,2173
2088,2136
2083,2201
2119,2083
2104,1961
2105,2065
2129,2046
2120,2095
2137,2075
2139,1964
2141,2101
2158,1992
2145,2300
2161,2274
2149,2380
2160,2383
2161,2440
2167,2423
2145,2397
2169,2163
2164,2511
2164,2447
2174,2122
2180,1669
2161,1603
2167,1627
2157,1672
2161,1765
2161,1869
2147,2151
2156,2169
2155,2275
2142,2387
2147,2259
2124,1992
2141,1861
2141,1626
2115,1681
2131,1799
2107,2227
2107,2223
2099,1914
2083,1856
2091,2168
2072,1845
2084,1475
2065,1368
2057,1578
2063,1764
2039,1960
2035,1586
2035,1878
2027,1947
2017,2009
2015,1909
2011,2231
2007,2196
2003,1965
1996,1786
1999,1951
2004,2230
1993,2351
1998,2214
2003,2151
1973,2183
1992,2096
1983,1992
1976,1903
1977,1999
1989,2108
1996,2088
1995,2052
1995,2072
1997,1992
2009,2043
2008,1931
2016,1996
2023,2016
2024,1960
2032,1993
2037,2021
2052,2073
2045,2096
2053,2032
2067,2025
2065,2074
2081,2043
2077,2009
2077,1981
2081,2040
2083,2027
2093,2060
2100,2087
2093,2111
2103,2066
2108,2001
2101,1997
2125,2020
2117,2027
2124,2035
2130,2035
2123,2001
2121,2071
2120,2029
2135,2027
2128,2011
2121,2065
2120,2080
2121,2044
2115,2047
2107,2071
2106,2039
2099,2074
2095,1992
2087,2003
2083,2027
2063,2004
2065,2048
2066,2040
2056,2070
2039,2063
2036,2040
2029,2031
2023,2030
2015,2054
2007,2039
2000,2022
2001,2061
2000,2068
1977,2019
1979,2069
1976,2017
1977,2041
1966,2080
1960,2012
1945,2045
1946,2039
1942,2081
1936,2029
1923,2037
1925,2023
1920,2011
1915,2024
1915,2027
1920,2052
1919,2056
1913,2021
1926,2036
1917,2072
1917,2034
1931,2066
1931,2040
1935,2080
1943,2044
1937,2063
1933,2071
1954,2057
1949,2056
1949,2063
1963,2060
1965,2079
1968,2007
1972,2058
1977,2027
1981,2063
1989,2084
1993,2041
2001,2070
2001,2025
2003,2052
2015,2039
2023,2071
2027,2015
2036,2012
2033,2057
2041,2072
2052,2064
2056,2033
2067,2025
2071,2019
2069,2040
2069,2027
2069,2059
2075,2011
2080,2053
2088,2062
2073,2044
2083,2025
2075,2025
2072,2055
2072,2020
2071,2011
2075,2075
2079,2017
2075,2027
2067,2007
2075,2040
2071,2071
2064,2027
2065,2027
2065,2027
2040,2026
2043,2063
2040,2026
2025,2041
2028,2083
2026,2063
2020,2024
2005,2059
2006,2046
1993,2027
1991,2023
1984,2053
1980,2068
1973,2023
1963,2063
1951,2063
1951,2059
1945,2040
1942,2031
1938,2022
1928,2044
1929,2069
1928,2068
1931,2007
1916,2037
1912,2064
1913,2025
1901,2039
1900,2042
1897,2053
1901,2037
1893,2071
1887,2053
1893,2057
1887,2072
1899,2043
1891,2067
1897,2027
1900,2040
1907,2040
1912,2068
1913,2017
1920,2055
1909,2035
1928,2036
1925,2058
1929,2013
1942,2029
1940,2058
1945,2080
1952,2070
1959,2017
1961,2064
1955,2024
1972,2024
1976,2068
1982,2069
1981,2059
1987,2039
1991,2022
2001,2048
2008,2048
2012,2061
2016,2039
2021,2063
2029,2037
2040,2052
2051,2036
2045,2057
2062,2076
2063,2045
2067,2075
2078,2064
2071,2035
2081,2036
2077,2037
2073,2069
2080,2002
2081,2027
2081,2073
2084,2063
2085,2077
2079,2070
2075,1988
2083,2039
2075,2080
2076,2019
2080,2057
2084,2040
2085,2021
2079,1995
2073,2068
2067,2031
2065,2063
2063,2077
2063,2033
2056,2033
2054,2029
2053,2065
2040,2067
2053,2027
2018,2009
2036,2021
2024,2035
2030,2053
2022,2076
2020,2064
2015,2080
2019,2043
2016,2078
2016,2045
2010,2025
2011,2040
2014,2060
2013,2010
2011,2027
2006,2039
2012,2035
2018,2057
2019,2069
2011,2030
2023,2044
2015,2089
2017,2030
2021,2071
2019,2063
2028,2064
2030,2088
2037,2063
2040,2071
2056,2043
2057,2036
2063,2064
2067,2063
2072,2066
2084,2041
2083,2029
2092,2066
2091,2041
2104,2019
2105,2072
2103,2045
2108,2003
2127,2041
2128,2044
2135,2026
2148,2039
2144,2036
2153,2060
2155,2071
2151,2055
2162,2041
2155,1994
2159,2021
2173,2055
2167,2034
2169,2021
2169,2036
2179,2019
2179,2024
2170,2027
2171,2017
2172,2020
2176,2027
2174,2043
2175,2052
2164,2037
2165,2003
2155,2009
2161,2000
2149,2055
2135,2029
2137,2019
2139,2061
2136,2023
2115,2023
2107,2060
2108,2027
2101,2064
2092,2028
2079,2048
2079,2077
2074,2069
2065,2018
2066,2063
2047,2057
2042,2019
2037,2043
2025,2026
2023,2041
2018,2003
2001,2057
2003,2017
1992,2063
1995,2051
1993,2019
1976,2061
1977,2039
1981,2089
1971,2017
1975,2057
1963,2073
1978,2066
1982,2035
1982,2042
1979,2021
1979,2033
1981,2019
1990,2060
1981,2067
1987,1987
1995,2071
2006,2025
2002,2033
2003,2043
2018,2071
2018,2061
2022,2070
2028,1997
2033,2030
2035,2015
2056,2011
2059,2070
2063,2053
2071,2011
2075,2041
2083,2033
2085,2031
2096,1991
2099,2035
2111,2052
2120,2052
2121,2063
2132,2011
2125,2072
2141,2032
2152,2029
2144,2029
2151,2011
2158,2073
2162,2019
2167,2015
2167,2015
2168,2035
2167,2024
2165,2025
2158,2071
2163,2056
2163,2072
2167,2071
2153,2077
2160,2030
2149,2039
2152,2025
2152,2072
2143,2038
2148,2073
2137,2045
2136,2072
2135,2037
2135,2044
2125,2035
2107,2069
2107,2015
2115,2070
2097,2044
2099,2066
2093,2011
2087,2075
2088,2027
2075,2047
2081,2044
2070,2012
2069,2072
2059,2045
2055,2025
2057,2076
2063,2070
2047,2066
2055,2029
2056,2009
2044,2079
2056,2039
2044,2039
2040,2053
2056,2080
2042,2015
2055,2043
2063,2009
2045,2058
2063,2095
2065,2043
2072,2017
2074,2073
2077,2046
2073,2044
2080,2063
2087,2068
2088,2067
2086,2057
2096,2060
2104,2057
2108,2045
2112,2038
2112,2040
2121,2007
2119,2063
2131,2019
2135,2024
2129,2044
2148,2015
2145,2007
2143,2065
2147,2017
2147,2046
2151,2054
2158,2063
2159,2067
2164,2031
2163,2061
2162,2028
2164,2019
2165,2006
2162,2069
2161,2073
2156,2019
2150,2037
2155,2071
2147,2064
2137,2069
2137,2019
2123,2034
2125,2076
2113,2026
2105,2072
2101,2036
2094,2079
2094,2020
2089,2028
2071,2071
2073,2040
2068,2017
2063,2005
2051,2009
2041,2063
2032,2066
2024,2023
2009,2057
2007,2003
1999,2027
1995,2036
1982,2035
1961,2040
1961,2071
1961,2024
1961,2055
1953,2062
1941,2015
1939,2071
1928,2066
1935,2064
1929,2042
1923,2056
1927,2065
1917,2057
1915,2063
1920,2025
1908,2027
1916,2057
1912,2035
1907,2023
1920,2068
1915,2025
1918,2056
1925,2012
1933,2052
1935,2019
1933,2029
1944,2033
1949,2091
1950,2065
1955,2071
1961,2054
1965,2048
1974,2065
1967,2031
1984,2077
1984,2023
2003,2053
1993,2027
2011,2044
2005,2017
2015,2037
2024,2064
2024,2065
2025,2051
2043,2046
2043,2035
2053,2056
2063,2032
2063,2075
2068,2029
2074,1996
2072,2009
2080,2024
2080,2028
2087,2043
2092,2021
2088,1997
2096,2068
2085,2065
2097,2040
2093,2041
2093,2044
2095,2025
2089,2017
2095,2030
2093,2061
2085,2035
2084,2068
2082,2072
2080,2071
2088,2064
2080,2027
2072,2021
2075,2041
2066,2045
2067,2043
2063,2040
2056,2059
2046,2067
2045,2069
2039,2056
2029,2025
2023,2063
2022,2018
2024,2027
2013,2053
2005,2020
2001,2043
2011,2012
2001,2007
1993,2063
1995,2072
1992,2035
1977,2056
1972,2076
1977,2072
1972,2079
1976,2064
1981,2066
1976,2043
1979,2056
1979,2039
1984,2068
1983,2015
1987,2042
1977,2080
1981,1995
1992,2003
1992,2004
1997,2071
1990,2043
1991,2039
2000,2039
1997,2011
2005,2039
2007,2027
2009,2023
2008,2021
2016,2027
2023,2023
2023,2030
2025,2033
2029,2043
2041,2035
2039,2064
2060,2066
2057,2056
2063,2080
2067,2045
2063,2003
2068,2088
2079,2063
2085,2059
2081,2035
2088,2021
2087,2007
2085,2031
2091,2025
2097,2067
2099,2055
2094,2035
2099,2057
2103,2061
2104,2044
2100,2067
2104,2077
2096,2033
2099,2017
2082,2080
2091,2053
2085,2033
2083,2067
2079,2005
2072,2030
2072,2063
2070,2043
2063,2056
2059,2022
2043,2073
2042,2064
2041,2063
2015,2046
2031,2016
2015,2063
2024,2022
2010,2070
2012,2037
2008,2044
1991,2071
1995,2056
1979,2072
1979,2001
1976,2071
1971,2025
1963,2068
1969,2057
1964,2045
1957,2040
1948,2063
1957,2033
1947,2075
1947,2048
1952,2027
1948,2027
1953,2034
1947,2063
1944,2040
1949,2040
1955,2008
1961,2040
1958,2075
1957,2068
1965,2025
1967,2053
1965,2015
1976,2079
1981,2055
1978,2035
1996,2028
2003,2011
2004,2035
2001,2070
2011,2039
2021,2023
2019,2021
2029,2041
2046,2059
2045,2029
2044,2017
2067,2005
2067,2065
2076,2065
2081,2061
2091,2056
2094,2017
2096,2042
2107,2056
2113,2070
2109,2039
2116,2043
2128,2072
2136,2054
2132,2072
2136,2056
2139,2063
2153,2011
2147,1993
2155,2005
2155,1992
2153,2071
2163,2019
2160,2020
2155,2054
2161,2021
2160,2055
2152,2072
2152,2063
2152,2018
2149,2029
2143,2041
2148,2023
2140,2067
2147,2043
2131,2071
2134,2065
2134,2075
2123,2009
2117,2069
2113,2057
2112,2017
2109,2056
2096,1999
2095,2067
2089,2033
2086,2055
2072,2020
2069,2079
2072,2056
2065,2063
2051,2065
2059,2039
2044,2052
2052,2031
2043,2080
2051,2063
2033,2043
2027,2063
2039,2025
2035,2052
2035,2071
2026,2023
2028,2042
2035,2056
2029,2055
2029,2064
2035,2052
2024,2063
2035,2035
2040,2044
2041,2063
2041,2067
2043,2004
2055,2007
2055,2007
2063,2056
2063,2044
2069,2043
2071,2005
2067,2009
2078,2023
2076,2003
2089,2015
2093,2056
2096,2019
2099,2015
2108,2001
2108,2017
2102,2065
2123,2063
2124,2038
2123,2027
2135,2029
2127,2039
2135,2040
2143,2048
2145,2027
2152,2007
2143,2051
2155,2056
2155,2019
2155,2055
2147,2001
2160,2038
2150,2039
2145,2011
2149,2053
2153,2072
2152,2068
2147,2060
2145,2026
2144,2017
2133,2039
2131,2037
2125,2024
2128,2024
2119,2062
2117,2070
2115,2059
2104,2027
2105,2068
2100,2071
2089,2047
2082,2062
2080,2036
2075,2007
2073,2059
2068,2056
2058,2039
2046,2034
2043,2087
2032,2023
2029,2036
2027,2077
2017,2068
2013,2079
2009,2064
2008,2043
2007,2044
2005,2033
2001,2073
2000,2019
1996,2057
2001,2055
1989,2077
1992,2052
1992,2029
1989,2095
1999,2072
2001,2072
1995,2056
1990,2061
2005,2048
2011,2004
2008,2060
2003,2056
2003,2044
2007,2065
2020,2017
2027,2037
2031,2029
2027,1995
2033,2069
2040,2078
2043,2040
2063,2045
2069,2056
2067,2027
2074,2027
2077,2070
2073,2057
2085,2057
2091,2015
2091,2023
2101,2068
2101,2021
2115,2072
2118,2043
2111,2043
2127,2018
2123,2069
2131,2055
2132,2002
2129,1994
2123,2041
2125,2067
2124,2063
2138,2047
2133,2025
2136,2023
2121,2071
2132,2060
2126,2027
2123,2039
2119,2063
2120,2055
2116,2027
2107,2041
2106,2045
2098,2017
2083,2019
2089,2052
2081,2059
2075,2060
2078,2021
2070,2021
2067,2077
2055,2025
2040,2031
2042,2027
2025,2088
2024,2080
2015,2069
2023,2048
2015,2023
2008,2015
1993,2070
2001,2066
1989,2024
1979,2027
1976,2033
1979,2011
1975,2033
1976,2078
1971,2043
1976,2048
1973,2035
1972,2023
1963,2040
1968,2017
1975,2024
1975,2072
1977,2001
1971,2033
1977,2007
1975,2009
1976,2055
1979,2064
1989,2093
1999,2029
1993,2041
2006,2003
2012,2019
2005,2046
2013,2063
2017,2011
2028,2027
2036,2037
2040,2011
2046,2005
2051,2075
2039,2060
2063,2041
2063,2067
2075,2065
2081,2063
2088,2077
2088,2059
2097,2013
2093,2028
2091,2001
2099,2036
2103,2048
2115,2055
2112,2079
2123,2055
2127,1993
2127,2009
2123,2003
2125,2056
2131,2015
2127,2041
2136,2023
2131,2043
2127,2017
2131,2038
2128,2043
2115,2044
2124,2033
2107,2043
2105,2063
2111,2027
2106,2025
2104,2012
2096,2017
2089,2057
2093,2024
2067,2067
2075,2030
2071,2043
2056,2059
2064,2023
2056,2017
2044,2023
2041,2060
2036,1997
2024,2061
2016,2056
2025,2012
2015,2033
2007,2068
2000,2008
1988,2042
1983,2062
1979,2070
1984,2039
1984,2046
1979,2028
1980,2039
1976,2028
1969,2035
1971,2017
1968,2044
1964,2029
1962,2048
1968,2035
1957,2009
1971,2043
1979,2001
1973,2023
1971,2055
1980,2053
1977,2021
1980,2011
1984,2063
1990,2011
1991,2009
1989,2037
2001,2040
2004,2072
2011,1997
2007,2039
2023,2067
2021,2001
2030,2040
2031,2048
2038,2035
2035,2043
2045,2019
2053,2023
2063,2048
2066,2044
2067,2047
2077,2071
2076,2068
2081,2046
2088,2021
2092,2055
2094,2017
2091,2060
2099,2071
2104,2040
2098,2052
2103,2044
2099,2003
2109,2030
2108,2056
2108,2013
2103,2057
2095,2029
2104,2057
2101,2017
2099,2022
2099,2025
2098,2033
2087,2029
2091,2041
2084,2012
2091,2041
2073,2057
2075,2011
2063,2038
2066,2019
2067,2089
2065,2072
2052,2015
2042,2029
2037,2024
2035,2044
2027,2080
2024,2075
2025,2068
2025,2058
2009,2063
2003,2079
2001,2029
1999,2063
2003,2055
1996,2036
1995,2057
1991,2063
1996,2017
1979,2058
1987,2041
1992,2055
1993,2025
1989,2011
1991,2031
1992,2017
1992,2058
1996,2063
1994,2080
1992,2069
2003,2056
1995,2073
2009,2066
2012,2065
2021,2058
2026,2067
2024,2068
2026,2036
2040,2056
2041,2043
2043,2018
2041,2037
2045,2035
2065,2043
2072,2048
2078,2031
2076,2025
2085,2095
2093,2067
2100,2080
2104,2030
2117,1995
2107,2011
2127,2067
2123,2039
2120,2044
2139,2066
2139,1997
2147,1997
2157,2017
2165,2029
2168,2043
2168,2025
2167,2063
2171,2053
2176,2011
2175,2035
2173,2029
2176,2044
2175,2035
2170,2010
2176,2022
2169,2076
2173,2076
2169,2055
2168,2060
2157,2040
2165,2042
2156,2040
2157,2062
2149,2056
2149,2057
2144,2057
2135,2040
2137,2043
2125,2040
2117,2067
2117,2078
2104,2055
2099,2062
2104,2024
2096,2035
2091,2012
2088,2045
2082,2027
2075,2071
2069,2043
2062,2021
2044,2063
2055,2045
2036,2063
2043,2057
2028,2075
2037,2059
2032,2019
2032,1993
2029,2043
2025,2063
2023,2032
2024,2025
2011,2031
2021,2035
2030,2074
2024,2058
2018,2061
2023,2069
2028,2031
2035,2069
2033,2061
2023,2063
2045,2017
2037,2042
2035,2040
2048,2024
2054,2055
2058,2045
2065,2053
2071,2079
2067,2060
2080,2063
2079,2036
2084,2089
2095,2068
2091,2063
2103,2069
2108,2045
2107,2055
2122,2028
2123,2035
2132,2027
2131,2009
2133,2003
2143,2013
2139,2035
2145,2038
2146,2071
2147,2071
2147,2059
2152,2035
2161,2071
2160,2054
2163,2063
2156,2067
2158,2047
2163,2060
2157,2021
2149,2065
2149,2065
2149,2045
2135,2053
2143,2031
2135,2036
2144,2057
2132,2021
2132,2012
2128,2019
2117,2031
2120,2030
2107,2025
2104,2021
2101,2035
2094,2023
2091,2039
2081,2067
2079,2067
2075,2074
2067,2086
2053,2044
2058,2080
2055,2044
2054,2067
2033,2042
2025,2053
2019,2063
2022,2072
2013,2029
2017,2041
2010,2063
2008,2048
2002,2024
2013,2084
2008,2035
2001,2029
2001,2080
2002,2075
2003,2061
2003,2007
2008,2057
2007,2040
2009,2043
2019,2059
2012,2005
2005,2059
2022,2033
2017,2039
2016,2040
2023,2027
2025,2024
2036,2025
2055,2031
2046,2035
2058,2027
2067,2073
2068,2025
2078,2009
2079,2018
2073,2058
2077,2042
2089,2042
2100,2011
2101,2009
2103,2043
2105,2046
2105,2040
2107,1997
2125,2067
2129,2024
2128,2005
2137,2026
2136,2036
2137,2005
2135,2064
2140,2012
2141,2060
2144,2056
2143,2068
2145,2056
2146,2023
2137,2008
2145,2041
2140,2060
2139,2057
2139,2011
2129,2030
2128,2031
2129,2039
2110,2023
2107,2053
2107,2037
2111,2008
2102,2020
2093,2019
2083,2073
2086,2041
2075,2071
2078,2048
2063,2017
2057,2060
2055,2065
2041,2027
2040,2065
2032,2027
2029,2042
2024,2005
2018,2021
2018,2067
2008,2008
1996,2064
1996,2037
1999,2069
1995,2062
1987,2055
1977,2048
1970,2005
1977,2056
1976,2072
1976,2071
1976,2075
1973,2035
1976,2017
1971,2043
1971,2073
1980,2076
1976,2021
1975,2064
1981,2072
1982,2029
1992,2003
1989,2040
1997,2024
2000,2052
2003,2027
1993,2063
2003,2057
2015,2023
2020,2025
2026,2023
2032,2040
2035,2027
2035,2047
2039,2025
2060,2053
2056,2027
2069,2030
2073,2021
2073,2068
2082,2025
2083,2041
2087,2040
2086,2035
2093,2032
2099,2040
2105,2027
2103,2029
2104,2071
2107,2019
2111,2061
2121,2023
2117,2046
2112,2065
2112,2046
2121,1995
2117,2057
2118,2044
2108,2039
2112,2021
2107,2075
2107,2063
2107,2035
2100,2060
2091,2071
2094,2042
2087,2001
2082,2046
2080,2020
2074,2035
2072,2035
2071,2001
2055,2063
2044,2063
2054,2071
2042,2063
2027,2003
2025,2039
2015,2044
2013,2036
2011,2024
2007,2025
2009,2034
2000,2017
1996,2053
1991,2059
1978,2025
1985,2063
1969,2062
1974,2021
1976,2033
1964,1993
1967,1995
1971,2019
1969,2008
1959,2056
1963,2036
1963,2059
1963,2056
1961,2066
1959,2027
1962,2067
1973,2034
1965,2019
1976,2041
1983,2043
1976,2025
1993,2038
1995,2023
1998,2039
2000,2033
2008,2027
2003,2073
2020,2015
2013,2064
2015,2031
2025,2066
2037,2029
2037,2057
2051,2012
2058,2019
2063,2035
2066,2054
2057,2009
2075,2067
2078,2080
2086,2059
2081,2043
2090,2037
2093,2023
2100,2027
2106,2027
2109,2018
2115,2040
2113,2039
2115,2071
2123,2024
2117,2040
2124,2072
2117,2064
2121,2054
2124,2015
2129,2038
2122,2060
2118,2066
2105,2019
2109,2037
2109,2027
2091,2072
2105,2064
2101,2060
2102,2077
2081,2054
2091,2041
2079,2026
2073,2039
2075,2025
2077,2071
2063,2019
2063,2006
2065,2019
2058,2037
2039,2015
2033,2071
2029,2030
2031,2033
2018,2019
2026,2003
2020,2057
2015,2023
2013,2068
2008,2063
2010,2044
2008,2013
2002,2080
2007,2066
2001,2037
1998,2043
2000,2069
1989,2021
1987,2056
1999,2071
2000,2027
1997,2071
2006,2068
1995,2037
1998,2066
2011,2017
2012,2009
2015,2041
2020,2043
2025,2068
2012,2060
2029,2065
2029,2042
2029,2069
2039,2027
2055,2044
2056,2015
2056,2035
2070,2041
2072,2020
2075,1991
2083,2017
2073,2051
2085,2048
2092,2023
2102,2029
2099,2024
2103,2029
2107,2044
2119,2042
2123,2040
2126,2041
2132,2064
2136,2069
2136,2060
2136,1996
2139,2053
2145,2063
2146,2019
2148,2074
2152,2056
2152,2029
2151,2038
2148,2012
2152,2015
2146,2003
2143,2029
2136,2065
2138,2023
2131,2021
2129,2071
2129,2069
2119,2065
2119,2037
2120,2055
2112,2053
2104,2040
2104,2035
2092,2069
2090,2079
2084,2067
2075,2068
2075,2029
2072,2027
2069,2023
2055,2039
2035,2063
2038,2027
2031,2067
2034,2025
2024,2075
2022,2029
2015,2069
2009,2035
2012,2021
2008,2056
2003,2076
2007,2015
1997,2017
1995,2024
1991,2063
1992,2020
1985,2075
1992,2064
1995,2005
1992,2012
1995,2009
1996,2067
2001,2044
2002,2033
1993,2043
2007,2043
2008,2027
2016,2043
2016,2037
2019,2040
2026,2053
2027,2020
2036,2068
2035,2048
2042,2079
2056,2001
2041,2027
2063,2011
2069,2056
2075,2030
2080,2004
2087,2028
2081,2021
2094,2024
2103,2075
2100,2008
2103,2060
2118,2063
2120,2046
2117,2064
2121,2035
2131,2066
2135,2038
2131,2030
2138,2072
2144,2055
2151,2063
2153,2034
2135,2048
2148,2072
2155,2009
2157,2001
2152,1990
2145,2024
2143,2043
2148,2020
2149,2055
2144,2033
2140,2019
2139,2009
2131,2056
2132,2052
2119,2038
2117,2036
2120,2042
2105,2023
2104,2055
2105,2023
2100,2005
2094,2037
2091,2051
2090,2039
2078,2022
2079,2024
2072,2047
2064,2060
2064,2052
2045,2008
2042,2029
2043,1995
2037,2063
2028,2035
2028,2053
2021,2071
2025,2095
2020,2079
2024,2093
2015,2063
2012,2060
2007,2077
2009,2019
2015,2041
2014,2030
2011,2091
2019,2042
2016,2063
2023,2035
2020,2037
2024,2031
2019,2065
2017,2045
2023,2025
2021,2063
2038,2065
2039,2044
2051,2055
2055,2066
2065,2056
2072,2034
2069,2076
2065,2053
2083,2080
2085,2056
2087,2060
2088,2003
2097,2011
2102,2019
2093,2042
2103,2029
2112,2044
2120,2080
2123,2065
2121,2072
2121,2041
2124,2043
2136,2003
2136,2071
2144,2066
2137,2068
2143,2040
2139,2053
2150,2026
2141,2018
2145,2071
2150,2015
2131,2071
2137,2063
2144,2025
2135,2019
2135,2027
2133,2071
2131,2079
2121,2011
2115,2072
2115,2040
2112,2066
2106,2057
2105,2026
2093,2040
2098,2060
2091,2072
2079,2068
2080,2054
2080,2056
2063,2048
2056,2057
2063,2037
2039,2067
2043,2027
2032,2064
2033,2037
2028,2057
2015,2070
2011,2063
2012,2011
2002,2035
1997,2044
2003,2063
1992,2067
1989,2054
1980,2033
1981,2046
1979,2059
1980,2065
1979,2017
1975,2078
1976,2053
1967,2068
1975,2056
1973,2013
1972,2027
1979,2080
1984,2033
1975,2035
1997,2058
1979,2044
1991,2058
1977,2035
2005,2041
2008,2031
2007,2040
2015,2030
2019,2005
2022,2052
2019,2056
2028,2062
2040,2041
2037,2019
2039,2035
2061,2065
2068,2065
2060,2043
2076,2038
2073,2063
2072,2057
2085,2043
2084,2066
2093,2056
2099,2064
2107,2011
2091,2021
2111,2009
2111,2077
2114,2003
2112,2039
2120,2072
2120,2060
2124,2070
2123,2007
2120,2043
2116,2021
2122,1994
2107,2003
2112,2005
2103,2003
2109,2039
2101,2023
2105,2035
2096,2043
2097,2003
2094,2025
2088,2053
2081,2017
2076,2065
2076,2087
2063,2078
2069,2041
2044,2057
2043,2068
2037,2069
2033,2037
2035,2028
2029,2069
2024,2025
2011,2043
2009,2064
2011,2088
1999,2043
2003,2037
1989,2055
1996,2071
1987,2027
1988,2005
1972,2023
1979,2041
1977,2058
1975,2073
1967,2020
1967,2068
1972,2023
1973,2057
1965,2022
1963,2056
1968,2025
1968,2040
1972,2055
1976,2080
1980,2075
1984,2027
1976,1998
1990,2041
1992,2037
1993,2068
2003,2021
1992,2072
2001,2027
2011,2056
2015,2023
2011,2013
2017,2011
2025,2025
2027,2073
2035,2039
2035,2012
2045,2025
2053,2064
2067,2044
2067,2063
2077,2032
2081,2019
2076,2062
2088,2064
2101,2068
2095,2060
2096,2072
2106,2019
2109,2012
2101,2025
2103,2073
2118,2061
2115,2068
2116,2013
2117,2067
2120,2040
2112,2004
2119,2031
2120,2060
2110,2021
2113,2029
2117,2029
2101,2059
2104,2052
2096,2019
2092,2055
2096,2033
2085,2063
2083,2025
2081,2043
2081,1988
2065,2066
2067,2039
2069,2005
2057,2063
2047,2072
2053,2020
2035,2073
2036,2060
2028,2056
2012,2029
2021,2057
2007,2059
2009,2020
2006,2017
1995,2027
1990,2071
1992,2068
1977,2029
1992,2072
1983,2064
1981,2071
1979,2080
1975,2023
1971,2063
1973,2023
1980,2025
1979,2056
1987,2028
1983,2029
1971,2039
1977,2043
1981,2027
1992,2057
1997,2021
1993,2041
1993,2045
2000,2060
2003,2052
2007,2021
2005,2033
2015,2056
2021,2045
2023,2053
2036,2019
2025,2007
2041,2007
2041,2040
2063,2023
2063,2071
2057,2040
2079,2040
2081,2040
2080,2021
2089,2041
2092,2077
2095,2068
2087,2040
2103,2066
2110,2040
2115,2068
2117,2009
2123,2041
2123,2076
2124,2065
2118,2042
2131,2024
2129,2068
2141,2017
2133,2035
2133,2037
2133,2027
2123,2072
2123,2071
2121,2065
2128,2009
2117,2035
2126,2055
2112,2043
2112,2076
2111,2076
2105,2060
2102,2048
2096,2027
2092,2029
2085,2045
2085,2046
2081,2030
2077,2024
2067,2056
2057,2045
2065,2055
2043,2063
2035,2066
2036,2080
2040,2040
2032,2007
2024,2021
2021,2040
2024,2038
2015,2055
2003,2063
2008,2033
2006,2023
1995,2065
2001,2052
1991,1993
1987,2057
1998,2034
1995,2078
1998,2084
1993,2080
2000,2019
1991,2063
2001,2073
2002,2011
2005,2019
2007,2060
2004,2063
2012,2068
2011,2030
2021,2017
2023,2059
2028,2021
2031,2059
2029,2043
2033,2061
2054,2073
2051,2063
2063,2025
2069,2063
2073,2063
2077,2059
2075,2062
2090,2052
2089,2067
2086,2025
2105,1994
2108,2075
2106,2015
2119,2091
2123,2056
2128,2056
2136,2075
2141,2017
2143,2008
2136,2043
2151,2036
2152,2077
2153,2040
2145,2023
2159,2064
2165,2042
2155,2030
2163,2047
2158,2019
2163,2023
2153,2018
2157,2029
2153,2078
2155,2063
2147,2058
2137,2035
2149,2067
2145,2039
2137,2009
2135,2056
2131,2071
2123,2015
2123,2072
2109,2034
2103,2048
2101,2063
2092,2023
2093,2035
2083,2058
2077,2073
2088,2021
2071,2057
2072,2057
2071,2073
2063,2011
2063,2080
2044,2064
2035,2027
2036,2063
2024,2029
2031,2059
2025,2015
2021,2029
2022,2019
2012,2011
2017,2028
2022,2040
2018,2040
2019,2008
2012,2021
2019,2011
2015,2067
2024,2072
2011,2039
2019,2055
2025,2047
2031,2015
2032,2011
2027,2034
2039,2021
2040,2063
2048,2080
2041,2039
2056,2071
2063,2069
2067,1996
2067,2041
2075,1993
2074,2027
2075,2015
2084,2063
2092,2021
2095,2028
2091,2053
2097,2033
2115,2021
2111,2021
2107,2039
2122,2056
2128,2059
2137,2068
2131,2039
2136,1993
2138,2003
2136,2039
2137,2011
2152,2007
2152,2021
2155,2027
2150,2034
2161,2017
2147,2027
2155,2077
2152,2043
2139,2009
2150,2043
2148,2075
2132,2068
2137,2043
2138,2039
2136,2058
2129,2035
2124,2034
2117,2037
2107,2053
2111,2064
2097,2056
2100,2087
2089,2033
2084,2057
2077,2045
2075,2048
2063,2019
2065,2029
2064,2024
2056,2067
2044,2019
2046,2015
2040,2010
2027,2071
2021,2056
2020,2056
2013,2048
2016,2036
2010,2031
2001,2043
2004,2060
2005,2039
1991,2059
1997,2062
1993,2091
1999,2055
1994,2013
1996,2017
1993,2019
1991,2019
1999,2065
2008,2073
2000,2055
1995,2021
2005,2079
2007,2011
2018,2040
2015,2065
2024,2001
2019,2058
2024,2040
2027,2028
2028,2037
2040,2041
2054,2023
2056,2058
2055,2051
2056,2064
2069,2020
2074,2017