2093,2021
2095,2027
2075,2037
2071,2033
2069,2063
2060,2033
2040,2055
2039,2048
2026,2062
2013,2094
2006,2039
2004,2023
1993,2075
1975,2048
1976,2063
1967,2055
1960,2020
1949,2044
1941,2060
1947,2063
1943,2071
1944,2063
1948,2069
1952,2035
1943,2083
1939,2051
1945,2032
1947,2071
1948,2023
1945,2068
1947,2093
1958,2086
1960,2068
1969,2021
1968,2033
1977,2047
1980,2072
1986,2053
1987,2029
2003,2037
2011,2057
2011,2071
2027,2076
2027,2072
2041,2089
2059,2068
2055,2078
2071,2074
2080,2063
2091,2072
2093,2025
2104,2055
2111,2056
2120,2092
2124,2072
2132,2035
2141,2064
2147,2085
2155,2063
2155,2029
2174,2072
2176,2081
2190,2065
2186,2055
2168,2065
2195,2071
2187,2063
2197,2055
2196,2048
2191,2019
2192,2104
2189,2055
2191,2033
2183,2093
2175,2061
2169,2057
2161,2011
2155,2021
2156,2085
2152,2021
2142,2056
2137,2092
2119,2029
2118,2080
2115,2044
2104,2064
2091,2032
2077,2055
2079,2076
2071,2057
2063,2029
2036,2043
2039,2079
2019,2053
2019,2063
2007,2021
2004,2069
1995,2104
1989,2064
1974,2068
1975,2064
1959,2071
1949,2048
1957,2037
1954,2043
1949,2025
1948,2044
1947,2015
1946,2040
1948,2066
1947,2047
1947,2080
1949,2073
1955,2059
1949,2088
1960,2078
1955,2071
1965,2043
1969,2063
1977,2047
1980,2051
1994,2082
1996,2039
2001,2072
2010,2060
2008,2055
2019,2066
2024,2015
2039,2048
2054,2060
2064,2040
2053,2053
2076,2063
2082,2053
2089,2072
2104,2074
2107,2047
2103,2028
2119,2032
2132,2056
2137,2065
2149,2048
2152,2068
2160,2042
2168,2079
2173,2057
2184,2064
2179,2063
2191,2041
2187,2063
2187,2027
2192,2051
2193,2075
2187,2071
2185,2042
2183,2008
2181,2072
2171,2044
2168,2024
2167,2074
2164,2068
2154,2088
2150,2056
2146,2078
2139,2040
2131,2039
2120,2070
2110,2063
2105,2052
2097,2032
2082,2036
2083,2056
2069,2025
2065,2085
2055,2074
2040,2076
2029,2051
2024,2073
2009,2050
2005,2071
1992,2039
1987,2033
1979,2071
1976,2058
1968,2083
1963,2051
1953,2009
1947,2059
1948,2036
1951,2056
1949,2055
1948,2053
1946,2076
1945,2035
1941,2079
1939,2071
1949,2036
1947,2033
1947,2029
1946,2077
1960,2021
1959,2033
1968,2073
1971,2063
1982,2039
1984,2065
1993,2027
1996,2056
2008,2066
2007,2064
2023,2080
2028,2069
2039,2063
2052,2059
2052,2009
2069,2067
2065,2068
2071,2048
2086,2041
2096,2040
2107,2055
2116,2080
2120,2043
2128,2059
2133,2048
2139,2041
2151,2039
2153,2075
2167,2089
2170,2071
2180,2024
2181,2068
2187,2025
2187,2051
2192,2064
2196,2035
2192,2030
2187,2052
2189,2033
2183,2035
2191,2040
2181,2070
2173,2058
2176,2087
2172,2064
2160,2060
2159,2030
2156,2060
2129,2056
2136,2076
2129,2030
2120,2041
2112,2074
2107,2068
2096,2025
2083,2055
2083,2036
2071,2035
2063,2048
2042,2068
2038,2087
2032,2057
2023,2009
2009,2056
1999,2085
1995,2060
1983,2056
1979,2060
1966,2035
1968,2041
1961,2067
1952,2041
1952,2055
1956,2079
1945,2053
1948,2073
1939,2053
1947,2071
1944,2032
1943,2069
1943,2043
1952,2033
1956,2053
1954,2043
1955,2069
1955,2045
1970,2040
1976,2052
1965,2068
1977,2015
1987,2057
2002,2025
2008,2072
2007,2039
2022,2037
2030,2040
2040,2067
2039,2063
2048,2034
2057,2043
2072,2067
2076,2066
2083,2017
2095,2019
2104,2043
2109,2011
2120,2067
2122,2071
2129,2037
2148,2060
2143,2062
2164,2048
2164,2043
2168,2038
2169,2025
2176,2040
2183,2027
2183,2069
2193,2044
2187,2041
2196,2063
2195,2028
2194,2069
2187,2063
2179,2057
2184,2043
2184,2072
2180,2042
2170,2071
2160,2040
2155,2043
2156,2072
2144,2029
2136,2067
2131,2025
2129,2081
2109,2022
2101,2043
2089,2036
2089,2063
2080,2072
2074,2035
2071,2028
2055,2048
2043,2072
2025,2071
2013,2043
2011,2025
2010,2088
2001,2079
1992,2025
1979,2042
1977,2053
1971,2023
1964,2091
1960,2023
1952,2066
1952,2058
1951,2063
1947,2068
1947,2063
1937,2077
1948,2070
1948,2080
1943,2058
1939,2054
1948,2029
1952,2043
1956,2060
1964,2073
1962,2015
1966,2085
1979,2058
1978,2047
1992,2074
1990,2039
1999,2042
1995,2061
2011,2058
2024,2072
2024,2064
2040,2071
2043,2039
2053,2063
2063,2040
2073,2039
2084,2075
2085,2033
2096,2072
2100,2059
2116,2061
2117,2067
2129,2031
2132,2029
2139,2021
2153,2029
2153,2001
2171,2032
2173,2056
2168,2059
2179,2054
2180,2063
2184,2043
2187,2063
2187,2028
2185,2033
2187,2053
2183,2063
2185,2057
2176,2088
2167,2043
2171,2053
2171,2048
2160,2043
2156,2046
2143,2044
2137,2045
2139,2039
2127,2035
2119,2066
2107,2069
2105,2073
2092,2043
2088,2067
2084,2076
2063,2090
2066,2040
2037,2060
2040,2028
2029,2066
2021,2012
2009,2057
2008,2067
1994,2065
1992,2069
1979,2043
1977,2070
1963,2056
1960,2073
1959,2063
1948,2028
1943,2018
1945,2045
1938,2037
1945,2027
1943,2061
1942,2034
1945,2068
1947,2075
1939,2068
1950,2072
1947,2067
1945,2075
1955,2024
1961,2058
1971,2043
1963,2027
1984,2088
1976,2066
1997,2071
2002,2065
2009,2072
2020,2028
2021,2046
2027,2083
2041,2075
2043,2084
2059,2063
2063,2048
2069,2041
2080,2035
2093,2028
2093,2028
2110,2071
2117,2068
2117,2019
2120,2039
2131,2036
2148,2023
2157,2054
2155,2025
2154,2036
2174,2071
2176,2051
2184,2045
2180,2035
2191,2045
2189,2067
2192,2039
2195,2043
2188,2053
2189,2067
2173,2020
2183,2027
2176,2080
2165,2018
2168,2032
2168,2074
2159,2011
2143,2055
2143,2046
2131,2015
2129,2048
2121,2020
2115,2052
2110,2055
2101,2038
2083,2078
2081,2078
2072,2039
2067,2063
2056,2042
2043,2079
2034,2045
2015,2040
2017,2086
2005,2044
2003,2063
1991,2056
1984,2055
1976,2040
1972,2030
1966,2023
1958,2067
1947,2025
1956,2067
1958,2039
1956,2067
1946,2048
1943,2044
1948,2010
1943,2057
1950,2032
1952,2088
1949,2066
1952,2068
1959,2063
1958,2072
1965,2055
1972,2053
1971,2073
1984,2048
1979,2007
1987,2063
1995,2058
2005,2077
2018,2040
2025,2025
2027,2063
2035,2071
2048,2044
2063,2019
2063,2035
2080,2084
2088,2031
2087,2025
2104,2019
2101,2072
2109,2017
2128,2063
2123,2027
2143,2054
2150,2021
2149,2019
2164,2025
2169,2063
2167,2012
2181,2055
2187,2044
2181,2020
2191,2056
2187,2035
2188,2041
2187,2063
2189,2063
2193,2045
2192,2063
2185,2067
2184,2036
2176,2084
2172,2039
2168,2019
2155,2070
2153,2045
2141,2077
2125,2069
2132,2051
2126,2047
2113,2075
2106,2057
2093,2063
2084,2085
2083,2030
2079,2085
2067,2080
2044,2063
2035,2037
2026,2055
2009,2035
2018,2067
1995,2024
1996,2029
1981,2010
1983,2039
1968,2041
1968,2066
1961,2058
1947,2023
1946,2023
1949,2037
1944,2041
1943,2039
1945,2046
1946,2017
1944,2034
1939,2035
1937,2073
1943,2041
1947,2080
1945,2065
1947,2024
1945,2072
1955,2043
1967,2087
1972,2024
1979,2032
1965,2064
1981,2069
1991,2043
1995,2040
2010,2048
2021,2007
2023,2058
2033,2055
2041,2037
2043,2072
2063,2065
2073,2064
2071,2027
2090,2068
2083,2055
2105,2030
2109,2043
2115,2063
2125,2056
2133,2040
2135,2030
2143,2055
2159,2025
2154,2048
2171,2056
2175,2011
2168,2035
2181,2057
2192,2056
2191,2067
2183,2052
2196,2029
2180,2076
2179,2035
2184,2035
2179,2063
2169,2043
2168,2028
2169,2041
2167,2080
2162,2071
2152,2039
2143,2074
2136,2075
2130,2040
2120,2043
2106,2025
2107,2025
2097,2063
2082,2071
2087,2011
2074,2053
2059,2068
2063,2068
2045,2061
2035,2074
2023,2064
2009,2068
2001,2048
1997,2043
1987,2028
1978,2057
1967,2067
1965,2043
1967,2037
1956,2067
1952,2069
1948,2023
1949,2063
1937,2056
1947,2036
1944,2059
1948,2043
1939,2055
1944,2041
1942,2055
1943,2009
1943,2063
1951,2072
1960,2052
1963,2034
1964,2048
1966,2039
1971,2057
1975,2063
1991,2039
1995,2029
1993,2065
2003,2040
2018,2065
2030,2060
2033,2077
2040,2063
2040,2017
2058,2031
2069,2043
2081,2063
2089,2068
2091,2077
2099,2056
2115,2063
2117,2057
2125,2073
2138,2072
2144,2036
2153,2065
2155,2067
2161,2063
2169,2035
2171,2039
2179,2059
2195,2063
2198,2029
2196,2053
2197,2042
2203,2055
2191,2065
2193,2071
2195,2055
2185,2071
2181,2024
2188,2073
2181,2036
2171,2024
2163,2053
2155,2051
2153,2080
2141,2043
2140,2048
2121,2056
2115,2043
2115,2056
2108,2064
2093,2063
2089,2066
2083,2057
2076,2039
2071,2064
2055,2078
2040,2040
2033,2057
2029,2070
2016,2080
2009,2069
2004,2063
1989,2056
1975,2065
1977,2056
1976,2068
1968,2033
1963,2053
1963,2074
1961,2060
1956,2041
1944,2039
1960,2067
1965,2076
1948,2053
1949,2056
1939,2063
1949,2059
1952,2072
1955,2027
1955,2039
1964,2023
1965,2053
1973,2043
1973,2068
1977,2040
1991,2027
1995,2063
2008,2063
2010,2068
2024,2048
2028,2072
2037,2063
2035,2021
2058,2037
2065,2033
2073,2051
2080,2042
2085,2069
2098,2067
2106,2076
2112,2047
2118,2037
2127,2065
2132,2053
2136,2051
2154,2038
2154,2035
2168,2079
2167,2041
2173,2069
2186,2058
2188,2057
2195,2037
2187,2063
2186,2043
2196,2063
2192,2036
2193,2067
2187,2039
2195,2072
2179,2052
2182,2055
2173,2040
2169,2084
2167,2075
2160,2063
2151,2037
2143,2063
2142,2072
2133,2063
2123,2041
2115,2036
2103,2046
2096,2067
2092,2055
2073,2039
2071,2027
2064,2059
2047,2009
2037,2023
2027,2063
2017,2027
2008,2067
2009,2067
1989,2065
1990,2057
1979,2041
1973,2045
1968,2058
1961,2072
1952,2060
1953,2063
1944,2059
1943,2057
1944,2040
1943,2057
1950,2071
1937,2064
1939,2063
1937,2021
1939,2088
1947,2075
1952,2021
1948,2063
1963,2086
1960,2047
1965,2053
1971,2027
1980,2068
1980,2079
1987,2059
1999,2047
2003,2031
2007,2056
2019,2045
2027,2048
2029,2036
2035,2055
2043,2068
2064,2040
2066,2055
2073,2068
2090,2040
2096,2044
2103,2041
2112,2028
2115,2048
2123,2050
2133,2057
2138,2059
2152,2072
2147,2069
2163,2081
2164,2039
2169,2064
2181,2034
2173,2026
2184,2025
2192,2060
2188,2063
2191,2036
2186,2033
2184,2041
2176,2043
2171,2071
2168,2074
2175,2086
2164,2078
2154,2015
2146,2079
2151,2041
2144,2071
2131,2075
2121,2065
2115,2045
2107,2019
2100,2029
2090,2037
2087,2072
2063,2045
2065,2026
2059,2027
2043,2075
2035,2028
2036,2054
2016,2072
2009,2039
2002,2029
2003,2040
1989,2053
1978,2033
1973,2069
1965,2080
1961,2063
1955,2069
1951,2079
1949,2063
1951,2084
1948,2076
1944,2063
1935,2083
1935,2080
1946,2054
1941,2071
1943,2041
1947,2035
1943,2090
1956,2067
1955,2013
1953,2039
1962,2073
1970,2075
1981,2080
1973,2043
1979,2041
2001,2043
2005,2023
2024,2033
2023,2065
2029,2065
2036,2040
2043,2034
2053,2093
2067,2069
2078,2054
2075,2063
2091,2074
2093,2045
2106,2026
2112,2071
2115,2017
2135,2047
2121,2052
2149,2084
2155,2045
2162,2075
2161,2063
2179,2067
2176,2033
2185,2029
2189,2037
2196,2039
2193,2056
2187,2068
2195,2031
2189,2063
2187,2041
2194,2065
2186,2063
2179,2023
2180,2039
2176,2036
2163,2043
2157,2046
2149,2072
2151,2072
2144,2039
2139,2032
2129,2080
2120,2075
2112,2035
2107,2043
2104,2078
2088,2063
2079,2072
2071,2071
2057,2079
2042,2065
2040,2059
2027,2072
2023,2076
2014,2055
2001,2067
1994,2060
1989,2056
1967,2074
1976,2055
1963,2051
1968,2068
1960,2041
1960,2066
1959,2040
1956,2068
1952,2087
1948,2069
1952,2074
1947,2063
1953,2071
1941,2070
1943,2033
1951,2027
1962,2055
1959,2018
1963,2040
1975,2071
1973,2043
1981,2043
1987,2027
1995,2043
2003,2035
2011,2075
2015,2092
2025,2040
2039,2088
2040,2040
2056,2059
2063,2027
2063,2069
2072,2039
2083,2087
2092,2045
2097,2036
2101,2043
2115,2065
2124,2077
2129,2064
2141,2057
2149,2057
2155,2033
2158,2068
2167,2010
2175,2079
2176,2036
2188,2053
2176,2037
2191,2046
2193,2015
2200,2076
2198,2063
2192,2052
2185,2023
2187,2071
2186,2074
2183,2041
2169,2069
2172,2071
2171,2032
2153,2055
2150,2039
2155,2072
2135,2033
2134,2071
2123,2065
2126,2030
2111,2023
2099,2080
2085,2019
2077,2037
2079,2075
2056,2058
2055,2067
2046,2028
2040,2048
2026,2042
2021,2055
2005,2085
2003,2040
1992,2037
1989,2056
1973,2021
1961,2035
1959,2043
1957,2068
1945,2066
1947,2015
1941,2063
1948,2035
1939,2043
1944,2083
1942,2017
1945,2063
1945,2024
1935,2084
1941,2079
1943,2033
1943,2043
1954,2063
1956,2083
1954,2065
1969,2056
1975,2042
1980,2065
1984,2040
1990,2081
1998,2032
2006,2063
2015,2039
2019,2043
2029,2066
2035,2076
2042,2045
2045,2033
2063,2073
2073,2064
2083,2077
2093,2039
2101,2023
2102,2015
2112,2075
2109,2035
2128,2056
2136,2072
2148,2053
2155,2021
2149,2040
2163,2043
2167,2060
2174,2029
2184,2043
2174,2028
2181,2063
2194,2064
2187,2043
2185,2088
2186,2057
2183,2004
2185,2069
2184,2053
2169,2011
2168,2055
2161,2081
2161,2063
2159,2073
2149,2091
2143,2063
2133,2039
2127,2053
2123,2080
2105,2037
2101,2051
2093,2079
2083,2039
2079,2073
2071,2040
2060,2070
2041,2064
2037,2063
2028,2079
2019,2063
2011,2029
2007,2070
1993,2042
1989,2048
1980,2070
1963,2067
1968,2044
1956,2041
1956,2075
1951,2056
1947,2085
1949,2058
1941,2019
1952,2068
1935,2069
1948,2065
1948,2017
1943,2051
1947,2033
1947,2040
1952,2039
1955,2035
1948,2057
1960,2070
1971,2068
1969,2020
1983,2046
1980,2073
1995,2036
2000,2032
2013,2063
2017,2039
2024,2046
2021,2063
2037,2041
2039,2019
2055,2028
2063,2069
2074,2031
2087,2027
2089,2071
2099,2037
2105,2069
2115,2071
2124,2073
2125,2060
2137,2056
2151,2058
2155,2040
2160,2037
2181,2025
2173,2044
2183,2045
2189,2060
2185,2044
2193,2028
2195,2060
2189,2015
2192,2036
2192,2045
2190,2058
2184,2035
2167,2037
2184,2073
2167,2015
2164,2057
2163,2037
2165,2030
2147,2011
2135,2055
2138,2058
2121,2081
2129,2033
2104,2066
2106,2063
2093,2039
2085,2040
2087,2056
2075,2035
2065,2087
2041,2037
2044,2067
2031,2041
2022,2079
2011,2020
2001,2068
2001,2063
1992,2079
1979,2057
1972,2070
1968,2041
1965,2057
1961,2066
1955,2035
1948,2076
1949,2033
1948,2065
1945,2063
1943,2057
1944,2060
1943,2072
1944,2084
1948,2087
1949,2032
1945,2068
1943,2057
1963,2046
1963,2027
1963,2069
1971,2055
1972,2028
1981,2041
1979,2030
1995,2036
2008,2056
2004,2041
2017,2033
2021,2052
2035,2042
2042,2062
2043,2055
2063,2067
2072,2043
2081,2039
2087,2019
2096,2027
2098,2068
2112,2069
2120,2057
2122,2068
2130,2025
2145,2067
2145,2035
2159,2056
2165,2035
2165,2041
2179,2047
2176,2043
2173,2012
2175,2064
2192,2067
2187,2048
2179,2015
2187,2024
2183,2029
2187,2068
2186,2023
2184,2044
2176,2063
2169,2068
2165,2053
2159,2067
2147,2037
2147,2045
2135,2055
2133,2033
2127,2063
2115,2071
2105,2066
2092,2023
2087,2040
2080,2063
2069,2063
2067,2067
2064,2028
2043,2063
2031,2052
2030,2031
2017,2041
2003,2029
2005,2047
1992,2063
1976,2037
1971,2058
1971,2054
1961,2043
1960,2071
1964,2071
1956,2071
1949,2071
1945,2058
1949,2055
1948,2058
1942,2076
1944,2056
1941,2055
1944,2053
1943,2072
1947,2053
1944,2029
1949,2005
1964,2063
1959,2041
1968,2054
1974,2076
1991,2035
1992,2065
1996,2070
2005,2015
2008,2040
2017,2063
2024,2052
2031,2011
2037,2036
2041,2077
2059,2074
2068,2032
2079,2017
2074,2028
2086,2057
2093,2025
2095,2059
2112,2017
2128,2080
2121,2027
2144,2060
2143,2067
2155,2056
2152,2043
2163,2043
2169,2053
2175,2041
2171,2033
2179,2065
2187,2029
2188,2058
2188,2038
2183,2048
2191,2040
2183,2065
2187,2028
2181,2063
2176,2055
2165,2063
2168,2056
2164,2077
2149,2039
2147,1994
2140,2035
2131,2073
2133,2043
2124,2052
2115,2039
2107,2079
2096,2041
2083,2053
2083,2088
2070,2068
2053,2071
2047,2063
2033,2045
2025,2019
2012,2041
2004,2044
1999,2008
1991,2043
1987,2029
1969,2045
1975,2056
1963,2077
1966,2068
1953,2076
1945,2068
1956,2059
1954,2040
1945,2074
1943,2027
1948,2023
1945,2063
1944,2024
1949,2015
1947,2075
1943,2035
1950,2088
1957,2080
1955,2043
1947,2075
1968,2030
1974,2031
1984,2034
1992,2066
1979,2040
1993,2035
2005,2053
2011,2059
2023,2019
2030,2039
2040,2015
2053,2035
2061,2068
2071,2021
2075,2074
2080,2025
2091,2027
2104,2066
2112,2040
2120,2043
2135,2037
2131,2052
2142,2078
2145,2044
2160,2072
2157,2041
2164,2048
2176,2063
2165,2024
2186,2080
2185,2057
2185,2040
2192,2063
2193,2065
2193,2041
2191,2067
2196,2035
2193,2042
2187,2060
2184,2048
2184,2063
2179,2044
2168,2047
2160,2053
2156,2064
2151,2035
2140,2056
2133,2080
2125,2065
2120,2073
2112,2053
2098,2043
2087,2040
2081,2056
2073,2044
2063,2032
2058,2075
2048,2065
2041,2039
2028,2074
2018,2048
2012,2063
2000,2028
1994,2075
1992,2055
1985,2071
1971,2072
1963,2055
1961,2062
1956,2079
1952,2065
1952,2056
1952,2065
1950,2073
1951,2070
1947,2048
1947,2063
1941,2085
1943,2055
1939,2015
1943,2057
1947,2040
1961,2041
1967,2084
1971,2043
1971,2043
1969,2057
1990,2029
1997,2071
2000,2035
2005,2039
2007,2012
2019,2088
2023,2079
2035,2057
2057,2021
2063,2045
2070,2055
2072,2041
2082,2067
2088,2039
2093,2039
2103,2069
2116,2021
2120,2037
2129,2057
2131,2010
2136,2077
2154,2052
2161,2027
2161,2036
2169,2065
2168,2045
2176,2072
2183,2063
2190,2044
2193,2063
2194,2059
2196,2043
2185,2043
2189,2069
2189,2065
2182,2039
2185,2045
2172,2073
2158,2021
2164,2041
2156,2022
2149,2033
2148,2055
2132,2039
2127,2042
2120,2064
2118,2031
2112,2069
2105,2072
2092,2017
2088,2071
2079,2043
2065,2069
2061,2019
2042,2041
2029,2053
2019,2067
2021,2043
2007,2026
2009,2055
1991,2080
1991,2060
1973,2035
1969,2063
1963,2043
1967,2064
1954,2067
1952,2058
1960,2074
1954,2072
1943,2071
1943,2033
1948,2038
1947,2024
1952,2071
1943,2071
1947,2063
1946,2027
1956,2066
1956,2051
1960,2035
1963,2035
1973,2039
1976,2027
1981,2039
1971,2080
1995,2058
2008,2078
2009,2043
2020,2059
2022,2076
2035,2055
2037,2063
2053,2073
2064,2063
2071,2054
2078,2052
2088,2044
2090,2017
2097,2044
2105,2075
2117,2063
2123,2065
2130,2031
2139,2065
2148,2060
2159,2066
2155,2042
2171,2067
2173,2063
2179,2028
2179,2032
2185,2063
2199,2068
2185,2025
2196,2054
2190,2039
2193,2039
2181,2054
2181,2017
2168,2040
2176,2039
2170,2063
2172,2034
2162,2033
2153,2055
2148,2025
2135,2035
2137,2072
2135,2041
2121,2047
2118,2036
2107,2054
2099,2077
2088,2081
2080,2033
2067,2055
2056,2041
2060,2037
2045,2068
2029,2063
2025,2019
2020,2015
2008,2015
2008,2019
1996,2055
1977,2055
1973,2063
1969,2068
1966,2057
1960,2057
1956,2072
1952,2040
1951,2063
1950,2080
1945,2045
1958,2055
1950,2083
1951,2066
1952,2048
1941,2010
1960,2055
1955,2027
1958,2011
1963,2047
1968,2041
1977,2068
1975,2040
1977,2071
1996,2039
1995,2065
2008,2072
2007,2012
2023,2065
2019,2024
2032,2044
2036,2072
2044,2023
2068,2073
2068,2025
2084,2052
2081,2029
2093,2038
2103,2032
2108,2028
2126,2024
2119,2012
2132,2051
2141,2034
2151,2042
2144,2063
2164,2052
2163,2044
2171,2063
2171,2056
2185,2072
2188,2059
2188,2053
2192,2043
2201,2059
2193,2039
2188,2028
2188,2003
2187,2068
2186,2043
2176,2028
2166,2062
2163,2066
2160,2068
2147,2066
2147,2047
2144,2040
2135,2040
2127,2029
2109,2066
2115,2076
2099,2056
2085,2048
2091,2062
2073,2039
2065,2073
2055,2055
2043,2052
2037,2008
2026,2075
2015,2054
2003,2068
1997,2048
1988,2085
1992,2039
1979,2070
1969,2052
1964,2025
1948,2041
1945,2040
1941,2055
1947,2067
1939,2021
1943,2044
1933,2039
1929,2023
1935,2043
1931,2055
1935,2063
1939,2069
1939,2019
1937,2064
1945,2025
1951,2035
1957,2062
1960,2027
1968,2037
1965,2055
1975,2029
1979,2074
1994,2059
2000,2043
2007,2011
2016,2009
2019,2029
2021,2007
2044,2047
2053,2068
2053,2015
2067,2042
2079,2023
2084,2091
2092,2067
2102,2068
2108,2039
2112,2069
2125,2040
2123,2035
2135,2065
2146,2035
2151,2009
2167,2080
2157,2057
2171,2019
2175,2066
2178,2027
2186,2031
2186,2064
2188,2048
2191,2063
2183,2028
2173,2019
2184,2051
2181,2056
2173,2055
2164,2003
2163,2065
2155,2040
2158,2060
2139,2039
2138,2063
2140,2038
2129,2063
2123,2035
2112,2053
2107,2081
2099,2045
2091,2063
2080,2063
2065,2008
2070,2071
2056,2077
2044,2092
2032,2042
2024,2043
2015,2053
2009,2071
2004,2063
1991,2056
1967,2054
1971,2066
1963,2043
1965,2048
1955,2040
1958,2066
1945,2035
1945,2063
1946,2071
1950,2069
1943,2033
1943,2041
1948,2037
1946,2067
1941,2075
1947,2080
1957,2063
1951,2058
1960,2059
1956,2039
1963,2051
1962,2063
1975,2031
1990,2057
1995,2064
2000,2069
2006,2069
2009,2063
2020,2063
2029,2025
2036,2041
2047,2040
2059,2053
2040,2075
2079,2060
2083,2038
2087,2093
2091,2063
2114,2063
2101,2068
2128,2046
2123,2067
2135,2024
2141,2063
2151,2019
2163,2071
2169,2011
2179,2073
2183,2081
2185,2068
2184,2035
2195,2067
2192,2056
2193,2041
2200,2043
2197,2067
2195,2058
2195,2036
2192,2047
2187,2080
2188,2087
2175,2073
2170,2069
2167,2056
2157,2071
2151,2060
2147,2069
2139,2073
2132,2054
2127,2048
2118,2086
2103,2076
2094,2066
2088,2071
2079,2091
2074,2003
2057,2053
2051,2025
2035,2057
2025,2025
2022,2090
2011,2065
2010,2065
2000,2053
1997,2068
1980,2059
1977,2055
1968,2057
1965,2092
1951,2066
1958,2039
1951,2065
1953,2035
1946,2039
1944,2025
1947,2065
1941,2067
1939,2040
1940,2063
1943,2043
1951,2043
1947,2065
1955,2091
1964,2039
1967,2044
1971,2044
1979,2063
1975,2044
1987,2021
1996,2068
2004,2063
2006,2091
2015,2025
2020,2040
2021,2063
2028,2023
2061,2036
2055,2043
2068,2044
2079,2068
2081,2043
2089,2035
2099,2063
2103,2035
2120,2040
2121,2036
2127,2043
2133,2068
2139,2027
2156,2040
2153,2027
2171,2063
2167,2064
2176,2007
2172,2040
2181,2069
2187,2040
2192,2071
2196,2041
2194,2055
2196,2009
2193,2032
2173,2028
2182,2069
2183,2063
2170,2063
2158,2043
2160,2063
2172,2043
2141,2066
2139,2070
2140,2071
2121,2019
2115,2051
2112,2038
2105,2056
2099,2068
2085,2046
2075,2090
2065,2039
2055,2043
2056,2030
2037,2043
2023,2035
2024,2090
2010,2005
1999,2067
1995,2055
1992,2041
1973,2035
1969,2055
1967,2036
1967,2044
1961,2062
1953,2054
1949,2063
1952,2056
1949,2060
1948,2063
1943,2035
1941,2048
1947,2063
1941,2015
1947,2041
1939,2063
1952,2039
1954,2061
1952,2078
1960,2071
1962,2039
1975,2020
1977,2088
1977,2032
1989,2044
1997,2063
2003,2007
2015,2086
2021,2040
2029,2021
2040,2056
2041,2084
2059,2056
2068,2042
2076,2003
2083,2028
2087,2021
2096,2070
2108,2054
2116,2063
2119,2055
2128,2060
2141,2048
2144,2046
2157,2020
2151,2058
2157,2063
2170,2025
2180,2066
2181,2025
2173,2073
2191,2040
2187,2037
2186,2071
2189,2073
2190,2033
2187,2052
2180,2068
2185,2075
2179,2053
2177,2031
2159,2067
2162,2028
2153,2033
2150,2073
2140,2041
2136,2044
2125,2055
2121,2073
2112,2072
2104,2035
2097,2041
2089,2041
2080,2040
2063,2067
2063,2043
2045,2044
2040,2037
2032,2056
2019,2042
2010,1999
2005,2068
2003,2077
1987,2068
1984,2057
1972,2063
1967,2063
1961,2041
1947,2043
1956,2021
1956,2071
1951,2066
1947,2032
1949,2035
1943,2041
1941,2046
1939,2055
1948,2019
1937,2069
1950,2043
1953,2056
1958,2046
1955,2023
1960,2048
1973,2040
1971,2025
1977,2068
1991,2056
1992,2055
2005,2065
2003,2032
2009,2076
2023,2036
2030,2054
2037,2063
2053,2025
2063,2072
2068,2034
2073,2044
2083,2076
2089,2048
2097,2043
2099,2029
2113,2039
2120,2039
2128,2056
2134,2037
2139,2083
2152,2066
2156,2071
2163,2083
2174,2035
2171,2041
2184,2072
2190,2035
2183,2057
2188,2063
2196,2063
2199,2040
2189,2046
2194,2077
2188,2063
2180,2085
2189,2069
2180,2067
2172,2071
2166,2039
2163,2048
2151,2039
2144,2063
2138,2040
2135,2041
2135,2043
2123,2038
2105,2015
2104,2072
2097,2069
2077,2031
2077,2086
2071,2091
2063,2051
2044,2048
2035,2035
2031,2066
2023,2027
2011,2043
1999,2028
2000,2065
1981,2055
1977,2065
1971,2028
1964,2029
1955,2071
1958,2039
1957,2076
1949,2039
1947,2043
1946,2067
1952,2066
1949,2067
1946,2048
1945,2075
1940,2037
1952,2039
1949,2041
1951,2041
1961,2035
1965,2077
1964,2071
1967,2028
1973,2073
1975,2021
1987,2037
2000,2056
2005,2055
2012,2051
2021,2030
2028,2076
2040,2042
2039,2041
2055,2021
2068,2023
2071,2040
2080,2075
2091,2039
2099,2035
2098,2071
2118,2065
2117,2027
2130,2042
2139,2056
2139,2039
2152,2056
2156,2051
2171,2040
2165,2044
2176,2070
2184,2055
2183,2057
2185,2059
2190,2037
2199,2065
2200,2048
2195,2039
2192,2069
2191,2055
2193,2076
2184,2063
2181,2057
2173,2011
2167,2021
2155,2027
2149,2069
2147,2036
2132,2087
2129,2023
2127,2057
2120,2065
2112,2058
2105,2043
2091,2023
2081,2072
2079,2029
2065,2021
2058,2067
2045,2080
2035,2042
2019,2040
2011,2058
2010,2063
1995,2043
1991,2035
1984,2063
1980,2064
1964,2076
1961,2066
1960,2025
1947,2025
1945,2067
1952,2070
1947,2029
1948,2029
1941,2066
1933,2043
1941,2065
1937,2041
1939,2039
1942,2009
1935,2041
1925,2035
1945,2025
1955,2055
1955,2029
1968,2086
1962,2011
1969,2075
1977,2080
1988,2037
1995,2085
2005,2039
2011,2057
2011,2031
2031,2068
2034,2035
2040,2053
2057,2053
2063,2035
2071,2055
2083,2041
2091,2064
2095,2069
2101,2043
2105,2003
2121,2045
2125,2063
2137,2043
2141,2055
2149,2037
2160,2065
2161,2024
2167,2027
2176,2064
2173,2043
2183,2040
2183,2044
2184,2039
2196,2065
2191,2074
2179,2044
2188,2044
2173,2029
2169,2055
2176,2063
2171,2072
2163,2040
2160,2076
2156,2075
2149,2056
2143,2064
2135,2061
2127,2042
2120,2088
2118,2067
2104,2063
2096,2056
2091,2090
2080,2071
2073,2072
2065,2023
2043,2046
2035,2063
2028,2067
2024,2071
2024,2038
1997,2045
1995,2055
1992,2075
1988,2055
1971,2072
1965,2040
1966,2059
1961,2035
1959,2057
1947,2025
1949,2027
1952,2072
1945,2019
1950,2037
1949,2052
1940,2085
1943,2039
1946,2027
1952,2041
1960,2069
1965,2060
1958,2060
1959,2069
1964,2033
1975,2079
1984,2019
1992,2077
1994,2032
2001,2021
2014,2037
2024,2071
2029,2036
2032,2063
2040,2037
2054,2080
2067,2039
2063,2017
2075,2066
2088,2039
2096,2030
2100,2036
2106,2076
2115,2055
2128,2011
2127,2045
2137,2037
2147,2041
2150,2021
2168,2060
2176,2075
2179,2012
2180,2033
2183,2043
2195,2071
2199,2064
2191,2041
2200,2058
2197,2057
2190,2072
2186,2059
2196,2036
2183,2035
2190,2079
2183,2035
2181,2045
2169,2057
2154,2027
2152,2063
2153,2047
2144,2036
2138,2055
2129,2076
2121,2075
2114,2067
2103,2073
2091,2044
2088,2080
2080,2068
2067,2065
2057,2057
2040,2071
2043,2072
2022,2055
2024,2008
2005,2056
2008,2063
2000,2052
1976,2063
1979,2079
1968,2068
1966,2041
1962,2071
1949,2054
1947,2045
1952,2072
1947,2027
1948,2063
1948,2067
1953,2063
1941,2071
1951,2044
1945,2046
1939,2063
1956,2028
1948,2029
1955,2076
1961,2076
1966,2048
1979,2075
1979,2043
1984,2040
1995,2063
2001,2087
2003,2041
2011,2003
2015,2063
2017,2063
2039,2059
2041,2043
2046,2072
2071,2041
2073,2071
2075,2055
2088,2046
2091,2052
2103,2081
2113,2035
2112,2067
2128,2045
2135,2080
2146,2071
2143,2033
2159,2069
2152,2018
2163,2056
2173,2063
2169,2056
2174,2037
2179,2040
2184,2056
2184,2033
2193,2055
2185,2033
2187,2039
2184,2073
2183,2056
2179,2021
2165,2084
2163,2045
2159,2043
2156,2074
2139,2040
2141,2039
2134,2032
2123,2031
2125,2037
2113,2037
2103,2052
2096,2078
2092,2011
2072,2089
2073,2028
2063,2061
2054,2056
2035,2040
2032,2037
2009,2011
2010,2041
2003,2083
1993,2037
1985,2080
1978,2043
1965,2060
1972,2072
1960,2065
1954,2079
1952,2057
1941,2071
1949,2056
1941,2063
1943,2057
1943,2033
1937,2064
1942,2065
1943,2072
1942,2063
1939,2035
1948,2053
1954,2055
1949,2027
1947,2020
1967,2063
1961,2012
1976,2037
1981,2031
1990,2044
1986,2053
1999,2053
2012,2046
2016,2023
2024,2034
2033,2087
2037,2044
2043,2062
2059,2073
2068,2044
2080,2065
2083,2077
2089,2059
2104,2071
2105,2068
2115,2047
2127,2043
2133,2055
2143,2040
2149,2058
2152,2041
2162,2028
2167,2085
2180,2025
2182,2056
2183,2039
2191,2037
2195,2064
2194,2071
2197,2024
2193,2035
2200,2021
2194,2063
2191,2063
2185,2029
2184,2074
2165,2043
2167,2063
2160,2065
2158,2031
2147,2063
2144,2057
2137,2085
2133,2059
2121,2028
2092,2029
2112,2042
2095,2080
2088,2025
2077,2027
2067,2036
2057,2063
2056,2012
2039,2056
2029,2031
2011,2028
2017,2052
2012,2036
1996,2033
1989,2067
1983,2066
1976,2055
1965,2072
1957,2029
1957,2080
1949,2057
1955,2065
1946,2063
1951,2047
1945,2034
1941,2011
1939,2038
1941,2005
1947,2053
1941,2043
1955,2052
1958,2067
1956,2059
1957,2080
1964,2057
1974,2057
1979,2057
1987,2025
1992,2053
2003,2057
1993,2041
2007,2063
2023,2047
2030,2058
2035,2051
2041,2055
2056,2061
2071,2043
2063,2019
2080,2029
2088,2077
2096,2025
2099,2076
2110,2068
2122,2043
2132,2068
2129,2035
2144,2064
2147,2041
2151,2015
2166,2043
2156,2066
2181,2045
2183,2045
2184,2080
2199,2071
2191,2035
2200,2048
2195,2060
2194,2080
2185,2033
2190,2065
2181,2035
2181,2009
2171,2029
2165,2035
2168,2072
2167,2025
2151,2055
2149,2041
2143,2041
2139,2074
2133,2056
2122,2063
2112,2009
2108,2038
2090,2077
2089,2059
2075,2063
2063,2061
2057,2081
2057,2040
2037,2055
2023,2063
2025,2065
2015,2063
2001,2038
1995,2065
1984,2072
1971,2082
1976,2054
1964,2079
1961,2035
1943,2063
1949,2056
1952,2054
1931,2040
1941,2034
1937,2085
1940,2072
1939,2041
1929,2047
1938,2087
1943,2077
1947,2024
1948,2072
1941,2069
1955,2040
1967,2045
1967,2053
1976,2058
1963,2077
1983,2077
1989,2043
1995,2071
2005,2056
2002,2064
2016,2021
2023,2077
2030,2035
2043,2037
2058,2071
2056,2025
2075,2061
2079,2043
2090,2036
2097,2055
2100,2056
2104,2026
2115,2068
2122,2056
2141,2033
2145,2039
2149,2066
2159,2080
2171,2032
2168,2071
2169,2035
2176,2036
2179,2043
2185,2025
2191,2061
2184,2069
2187,2055
2188,2077
2180,2055
2187,2060
2180,2031
2171,2037
2171,2063
2168,2063
2160,2037
2155,2065
2147,2021
2142,2065
2137,2025
2125,2077
2117,2087
2115,2037
2091,2075
2091,2075
2089,2027
2076,2023
2071,2065
2071,2060
2056,2041
2040,2030
2023,2059
2013,2027
2007,2057
1999,2078
1998,2067
1997,2045
1987,2075
1981,2056
1967,2057
1963,2053
1953,2045
1949,2063
1953,2035
1949,2075
1951,2069
1951,2075
1951,2056
1935,2043
1948,2061
1952,2025
1943,2065
1952,2044
1954,2045
1960,2041
1963,2066
1968,2077
1963,2015
1976,2079
1983,2032
1992,2037
1991,2056
1996,2057
2006,2065
2020,2039
2017,2053
2027,2041
2040,2024
2053,2060
2055,2073
2069,2037
2075,2043
2086,2082
2085,2045
2093,2076
2101,2051
2119,2069
2124,2042
2123,2056
2144,2067
2155,2044
2159,2064
2163,2059
2167,2044
2167,2048
2184,2055
2188,2057
2185,2039
2195,2039
2197,2029
2184,2029
2193,2043
2188,2042
2191,2029
2189,2067
2185,2017
2190,2072
2168,2035
2172,2063
2159,2039
2163,2053
2149,2053
2143,2075
2136,2039
2135,2045
2128,2068
2115,2026
2103,2053
2108,2063
2088,2073
2084,2029
2071,2021
2068,2066
2056,2035
2042,2063
2032,2066
2027,2043
2019,2071
2004,2064
2002,2040
1992,2044
1984,2068
1979,2059
1963,2048
1958,2071
1961,2056
1951,2046
1955,2047
1953,2071
1947,2043
1944,2037
1945,2065
1945,2063
1947,2041
1948,2069
1951,1996
1947,2025
1949,2088
1949,2068
1955,2057
1963,2068
1972,2035
1976,2035
1979,2032
1992,2055
1991,2039
1996,2031
2011,2029
2015,2065
2019,2083
2025,2063
2039,2081
2043,2075
2058,2067
2069,2027
2076,2011
2083,2067
2091,2040
2097,2063
2109,2076
2112,2053
2122,2064
2127,2071
2133,2017
2147,2075
2154,2024
2152,2037
2155,2019
2169,2060
2174,2027
2172,2052
2183,2067
2190,2039
2196,2057
2191,2065
2188,2023
2193,2015
2181,2072
2187,2079
2184,2088
2171,2029
2168,2085
2167,2074
2164,2032
2157,2044
2156,2058
2141,2056
2136,2073
2125,2035
2104,2039
2117,2036
2103,2044
2098,2080
2089,2067
2076,2067
2071,2063
2067,2075
2063,2056
2053,2046
2030,2025
2015,2057
2015,2071
2007,2080
1995,2027
1980,2054
1981,2038
1972,2067
1961,2027
1964,2071
1952,2071
1951,2066
1943,2055
1947,2076
1935,2072
1939,2034
1941,2017
1945,2067
1945,2072
1931,2076
1937,2063
1939,2027
1944,2041
1946,2073
1953,2063
1949,2067
1963,2072
1975,2073
1979,2078
1984,2048
1987,2043
1981,2072
1995,2040
2008,2040
2019,2055
2016,2044
2032,2035
2043,2076
2040,2063
2057,2031
2065,2060
2088,2045
2091,2018
2093,2074
2103,2059
2112,2048
2107,2029
2123,2035
2130,2063
2144,2023
2151,2059
2156,2041
2157,2036
2163,2063
2171,2061
2165,2009
2188,2072
2189,2072
2188,2055
2184,2041
2181,2035
2193,2064
2184,2069
2189,2047
2183,2088
2174,2072
2167,2065
2163,2038
2163,2080
2154,2027
2151,2035
2139,2065
2139,2025
2128,2078
2127,2079
2117,2028
2116,2059
2094,2035
2093,2056
2085,2044
2079,2040
2065,2085
2053,2021
2035,2048
2036,2073
2021,2017
2027,2054
2005,2031
1996,2044
1995,2074
1979,2057
1978,2041
1961,2054
1955,2027
1957,2066
1948,2037
1947,2063
1951,2053
1941,2063
1944,2056
1941,2055
1944,2055
1944,2040
1944,2057
1943,2041
1947,2017
1949,2087
1944,2053
1958,2061
1960,2038
1965,2091
1973,2048
1971,2029
1984,2045
1984,2074
1996,2034
2006,2033
2011,2051
2016,2069
2032,2070
2019,2021
2040,2063
2056,2071
2068,2063
2069,2040
2076,2030
2089,2040
2095,2035
2099,2059
2110,2060
2121,2047
2127,2063
2129,2041
2144,2017
2149,2041
2158,2057
2168,2041
2171,2046
2176,2035
2189,2063
2186,2027
2196,2030
2185,2039
2191,2054
2197,2021
2200,2019
2188,2059
2194,2039
2184,2067
2188,2039
2185,2057
2168,2055
2175,2044
2163,2089
2162,2088
2155,2080
2146,2071
2141,2034
2125,2064
2131,2043
2118,2070
2104,2052
2097,2063
2089,2072
2086,2039
2074,2037
2063,2019
2063,2035
2039,2071
2035,2075
2016,2082
2021,2069
2005,2048
2008,2070
1999,2022
1975,2035
1971,2069
1963,2058
1959,2021
1951,2043
1957,2077
1951,2076
1952,2063
1960,2063
1951,2043
1951,2074
1944,2057
1947,2021
1952,2092
1952,2044
1955,2092
1957,2087
1956,2043
1965,2046
1968,2065
1969,2076
1969,2052
1979,2036
1989,2035
1996,2053
2005,2037
2010,2071
2017,2060
2027,2029
2036,2040
2043,2039
2041,2023
2063,2042
2068,2089
2071,2065
2083,2066
2089,2063
2103,2045
2101,2029
2112,2039
2117,2042
2127,2033
2135,2063
2145,2057
2151,2056
2158,2065
2160,2028
2167,2039
2175,2060
2184,2055
2185,2069
2188,2072
2183,2035
2196,2043
2185,2079
2179,2029
2171,2070
2180,2037
2176,2063
2173,2075
2163,2037
2168,2048
2153,2071
2143,2003
2143,2040
2133,2028
2137,2043
2120,2035
2109,2063
2104,2073
2089,2074
2095,2053
2080,2060
2072,2039
2067,2063
2055,2027
2051,2036
2035,2072
2023,2040
2009,2015
2003,2053
2000,2024
1995,2007
1979,2053
1969,2068
1968,2056
1960,2080
1958,2065
1960,2055
1949,2037
1943,2041
1940,2043
1933,2051
1940,2025
1939,2076
1941,2071
1935,2077
1933,2048
1931,2035
1943,2071
1944,2062
1953,2063
1949,2024
1957,2034
1961,2051
1969,2072
1980,2045
1977,2030
1991,2054
1992,2033
2006,2013
2001,2037
2016,2064
2019,2055
2036,2059
2040,2063
2060,2008
2066,2063
2070,2060
2075,2063
2081,2035
2093,2066
2107,2069
2112,2017
2109,2027
2127,2039
2125,2023
2145,2063
2147,2056
2155,2068
2164,2088
2163,2039
2172,2056
2172,2025
2184,2032
2181,2047
2188,2063
2187,2036
2196,2074
2179,2079
2188,2023
2179,2024
2172,2055
2176,2068
2163,2067
2168,2023
2160,2066
2151,2035
2148,2051
2137,2072
2139,2063
2129,2023
2124,2055
2107,2080
2093,2045
2090,2089
2082,2086
2080,2072
2066,2043
2059,2017
2059,2048
2037,2032
2025,2063
2019,2063
2014,2064
2005,2063
1991,2036
1992,2072
1980,2055
1973,2074
1967,2071
1961,2015
1966,2033
1956,2027
1945,2039
1956,2043
1956,2039
1954,2064
1951,2039
1952,2063
1943,2017
1943,2067
1945,2031
1954,2056
1952,2028
1949,2044
1965,2060
1967,2073
1971,2063
1971,2066
1984,2027
1979,2029
1996,2033
2008,2068
2015,2040
2024,2085
2019,2032
2036,2037
2045,2041
2053,2029
2065,2056
2071,2026
2075,2036
2103,2036
2100,2039
2101,2068
2116,2040
2123,2039
2127,2071
2135,2039
2143,2033
2151,2019
2151,2052
2163,2072
2175,2046
2171,2063
2189,2061
2191,2040
2183,2027
2193,2058
2197,2039
2204,2056
2187,2039
2195,2054
2196,2037
2192,2081
2192,2083
2185,2023
2176,2063
2169,2045
2163,2026
2164,2048
2151,2095
2147,2065
2135,2032
2133,2086
2129,2017
2118,2065
2110,2055
2105,2046
2096,2048
2081,2040
2079,2075
2065,2056
2060,2027
2045,2068
2035,2086
2028,2063
2021,2073
2005,2065
2001,2079
1997,2060
1984,2053
1975,2039
1963,2073
1961,2040
1963,2080
1953,2084
1943,2063
1952,2040
1956,2073
1944,2040
1941,2063
1939,2063
1945,2059
1939,2080
1948,2086
1943,2055
1951,2024
1960,2043
1960,2063
1965,2073
1968,2063
1969,2041
1975,2055
1987,2045
1994,2029
1998,2007
2005,2025
2011,2081
2022,2043
2026,2040
2036,2063
2047,2082
2060,2025
2067,2023
2073,2029
2073,2034
2092,2057
2097,2054
2099,2055
2115,2063
2107,2009
2127,2045
2131,2082
2149,2051
2149,2045
2152,2042
2161,2035
2171,2040
2169,2053
2176,2040
2183,2037
2183,2073
2191,2058
2192,2026
2192,2047
2191,2036
2185,2059
2170,2041
2179,2067
2169,2073
2161,2030
2163,2041
2159,2071
2153,2058
2144,2077
2141,2046
2129,2013
2126,2037
2119,2063
2106,2075
2107,2043
2090,2048
2079,2025
2082,2063
2059,2035
2064,2056
2040,2055
2030,2037
2028,2071
2023,2040
2006,2063
2003,2079
1993,2058
1992,2070
1980,2029
1968,2065
1965,2043
1959,2054
1952,2065
1947,2067
1941,2057
1945,2045
1944,2082
1948,2063
1945,2073
1943,2056
1947,2057
1945,2086
1943,2043
1940,2073
1952,2078
1953,2028
1953,2065
1963,2087
1968,2016
1974,2043
1984,2089
1988,2035
1969,2075
2000,2068
2002,2045
2016,2072
2011,2081
2032,2060
2033,2065
2040,2037
2063,2037
2063,2030
2071,2019
2084,2017
2089,2066
2097,2044
2100,2066
2117,2044
2121,2053
2132,2044
2135,2061
2139,2043
2156,2044
2159,2040
2180,2029
2167,2056
2184,2060
2172,2063
2191,2029
2192,2067
2191,2063
2191,2063
2183,2072
2188,2040
2195,2088
2185,2072
2187,2036
2182,2042
2176,2053
2168,2071
2167,2037
2158,2028
2152,2083
2144,2076
2136,2065
2121,2056
2121,2013
2110,2055
2101,2009
2096,2067
2093,2066
2087,2058
2067,2077
2065,2042
2043,2019
2034,2071
2030,2070
2019,2066
2012,2055
2005,2063
1999,2077
1987,2057
1979,2073
1971,2058
1969,2039
1963,2055
1953,2035
1956,2021
1955,2048
1950,2043
1944,2027
1952,2057
1946,2026
1943,2035
1947,2056
1947,2072
1945,2083
1943,2063
1947,2038
1960,2023
1965,2074
1968,2070
1971,2048
1981,2066
1985,2075
1991,2024
1996,2063
2004,2043
2008,2088
2021,2048
2027,2047
2032,2074
2044,2076
2052,2051
2063,2043
2068,2056
2078,2037
2088,2043
2093,2056
2103,2051
2103,2073
2117,2075
2119,2065
2128,2064
2141,2015
2143,2027
2164,2027
2160,2063
2169,2059
2165,2003
2176,2046
2179,2035
2190,2068
2167,2039
2196,2045
2193,2057
2194,2029
2186,2084
2192,2029
2192,2041
2186,2069
2184,2038
2176,2046
2165,2063
2168,2074
2160,2048
2147,2046
2145,2053
2141,2078
2129,2066
2127,2080
2105,2046
2108,2063
2103,2025
2087,2055
2082,2071
2075,2031
2063,2028
2053,2018
2042,2045
2032,2054
2019,2035
2011,2044
2010,2067
2000,1995
1997,2072
1992,2055
1973,2036
1969,2039
1975,2076
1949,2054
1945,2053
1949,2048
1950,2063
1949,2072
1943,2025
1940,2035
1931,2066
1943,2072
1944,2010
1946,2057
1945,2054
1950,2068
1948,2077
1958,2080
1963,2076
1961,2043
1963,2065
1974,2003
1975,2016
1990,2031
1998,2032
2000,2060
2006,2039
2019,2033
2021,2051
2036,2044
2036,2031
2057,2031
2058,2063
2070,2037
2077,2065
2088,2015
2088,2064
2104,2036
2115,2073
2120,2025
2115,2057
2131,2079
2138,2047
2149,2052
2153,2047
2160,2038
2168,2039
2173,2047
2171,2074
2169,2055
2173,2055
2193,2063
2181,2053
2183,2033
2193,2032
2184,2040
2187,2083
2180,2067
2168,2041
2172,2081
2165,2057
2153,2075
2153,2083
2147,2039
2147,2040
2131,2055
2125,2043
2126,2054
2120,2042
2107,2056
2092,2060
2083,2034
2081,2091
2075,2072
2063,2048
2043,2037
2043,2076
2035,2048
2022,2053
2011,2071
2001,2078
1993,2063
1987,2038
1977,2071
1979,2056
1971,2066
1955,2066
1947,2039
1955,2056
1943,2063
1939,2029
1939,2039
1933,2059
1947,2063
1943,2044
1941,2057
1935,2044
1947,2051
1948,2054
1951,2068
1952,2067
1960,2058
1960,2079
1967,2040
1965,2046
1979,2040
1979,2076
1991,2087
2000,2039
2006,2057
2015,2068
2017,2068
2025,2071
2035,2039
2043,2079
2056,2076
2064,2067
2065,2036
2078,2055
2091,2026
2091,2040
2097,2079
2112,2025
2115,2078
2119,2056
2140,2035
2144,2045
2153,2043
2159,2043
2161,2052
2171,2009
2168,2093
2186,2047
2181,2073
2184,2042
2199,2066
2193,2033
2187,2035
2194,2055
2193,2072
2186,2063
2188,2057
2188,2040
2171,2069
2176,2024
2167,2044
2161,2053
2146,2003
2147,2078
2146,2053
2138,2017
2132,2019
2119,2087
2103,2078
2106,2067
2086,2032
2083,2094
2079,2039
2072,2056
2055,2037
2041,2072
2039,2076
2034,2068
2024,2055
2008,2027
2008,2057
1993,2063
1995,2043
1980,2037
1979,2071
1975,2058
1969,2056
1963,2068
1955,2069
1947,2066
1959,2080
1953,2030
1945,2073
1945,2055
1948,2039
1945,2043
1951,2032
1954,2063
1955,2078
1960,2074
1965,2063
1964,2053
1963,2027
1972,2039
1985,2043
1989,2008
1993,2037
1992,2071
2005,2071
2017,2056
2011,2041
2033,2091
2046,2056
2056,2043
2061,2071
2074,2073
2073,2065
2077,2053
2085,2045
2099,2069
2107,2052
2112,2019
2119,2041
2129,2021
2139,2073
2143,2045
2151,2053
2160,2076
2167,2068
2175,2035
2176,2069
2183,2057
2183,2058
2190,2035
2191,2063
2193,2067
2196,2067
2192,2027
2188,2043
2182,2011
2181,2054
2184,2071
2176,2041
2169,2065
2168,2086
2165,2035
2160,2044
2147,2071
2139,2059
2133,2027
2123,2070
2120,2029
2112,2053
2104,2041
2099,2064
2089,2085
2076,2073
2071,2045
2068,2039
2056,2068
2027,2076
2028,2067
2021,2080
2015,2055
1997,2035
1997,2088
1984,2055
1976,2084
1971,2070
1961,2043
1955,2057
1943,2037
1946,2080
1944,2052
1949,2072
1946,2055
1945,2072
1947,2063
1945,2056
1942,2056
1937,2029
1949,2096
1943,2064
1941,2036
1953,2057
1960,2078
1957,2043
1969,2060
1970,2026
1976,2065
1989,2045
1984,2077
2003,2048
1995,2041
2015,2048
2009,2035
2027,2033
2033,2073
2043,2069
2056,2055
2057,2048
2067,2028
2072,2063
2076,2037
2096,2058
2099,2055
2112,2074
2109,2063
2115,2077
2139,2060
2133,2063
2145,2064
2153,2067
2165,2037
2165,2052
2173,2053
2177,2065
2171,2035
2188,2034
2183,2063
2188,2043
2190,2084
2189,2030
2183,2056
2184,2048
2179,2013
2177,2051
2168,2087
2164,2093
2156,2040
2152,2068
2151,2044
2141,2044
2137,2048
2123,2036
2120,2029
2104,2037
2104,2071
2092,2043
2081,2036
2076,2071
2069,2011
2056,2029
2046,2063
2037,2024
2023,2041
2023,2072
2012,2044
2003,2068
2001,2032
1986,2043
1979,2021
1971,2029
1967,2056
1957,2055
1941,2028
1955,2068
1943,2024
1947,2048
1944,2053
1948,2072
1944,2071
1945,2044
1941,2064
1937,2029
1953,2020
1948,2079
1947,2067
1951,2019
1960,2087
1965,2071
1971,2018
1971,2065
1979,2005
1981,2057
1993,2063
2001,2037
2015,2079
2013,2025
2022,2081
2033,2043
2035,2055
2063,2074
2067,2029
2071,2072
2073,2036
2088,2072
2096,2044
2104,2007
2109,2082
2119,2071
2127,2040
2129,2063
2144,2043
2156,2027
2151,2007
2168,2048
2181,2075
2170,2056
2184,2068
2184,2039
2192,2067
2189,2039
2188,2035
2193,2055
2199,2067
2195,2073
2195,2072
2194,2064
2187,2023
2181,2033
2183,2027
2174,2021
2159,2035
2153,2033
2149,2068
2150,2063
2139,2035
2130,2044
2131,2069
2126,2068
2109,2070
2101,2043
2091,2079
2083,2056
2074,2027
2067,2019
2064,2088
2041,2035
2030,2054
2023,2040
2010,2044
2009,2042
2001,2043
1995,2071
1987,2065
1972,2045
1974,2025
1961,2033
1943,2043
1952,2043
1960,2027
1952,2023
1954,2076
1952,2063
1937,2043
1944,2041
1941,2031
1952,2043
1951,2023
1948,2075
1947,2076
1952,2069
1965,2039
1968,2063
1965,2075
1969,2052
1983,2028
1981,2038
1987,2057
1991,2045
2008,2032
2007,2071
2021,2032
2031,2035
2043,2068
2039,2043
2045,2036
2068,2085
2071,2031
2073,2037
2087,2055
2107,2043
2101,2067
2108,2080
2116,2067
2123,2063
2133,2039
2147,2067
2152,2065
2153,2059
2153,2053
2174,2062
2171,2063
2183,2017
2184,2062
2191,2056
2185,2056
2191,2041
2183,2056
2181,2025
2187,2043
2186,2039
2184,2040
2176,2074
2169,2079
2170,2020
2155,2075
2155,2041
2150,2052
2144,2093
2133,2056
2128,2011
2120,2064
2112,2085
2104,2055
2092,2085
2085,2071
2078,2026
2071,2057
2058,2029
2048,2065
2039,2065
2027,2080
2018,2089
2016,2070
2004,2053
1993,2056
1989,2073
1977,2041
1971,2080
1961,2065
1958,2041
1952,2052
1949,2048
1945,2063
1943,2039
1946,2033
1943,2043
1944,2020
1959,2067
1937,2061
1938,2045
1940,2056
1940,2041
1943,2089
1944,2066
1941,2041
1952,2055
1955,2045
1965,2023
1965,2058
1973,2065
1987,2039
1987,2044
2003,2067
1999,2063
2013,2071
2025,2072
2021,2041
2039,2078
2043,2044
2057,2082
2069,2060
2072,2075
2080,2048
2087,2021
2101,2076
2107,2046
2112,2036
2119,2045
2131,2042
2143,2036
2151,2029
2159,2075
2168,2039
2171,2040
2173,2048
2184,2068
2184,2027
2189,2056
2184,2055
2187,2085
2196,2040
2185,2041
2187,2071
2185,2055
2186,2023
2185,2040
2182,2002
2176,2035
2171,2078
2154,2025
2153,2056
2154,2063
2136,2029
2131,2055
2132,2063
2117,2056
2105,2067
2098,2054
2089,2072
2088,2035
2080,2026
2070,2029
2066,2078
2060,2059
2041,2072
2023,2074
2024,2054
2017,2025
1999,2038
2003,2053
1992,2063
1981,2041
1979,2023
1973,2035
1967,2022
1952,2038
1958,2007
1949,2015
1953,2067
1956,2073
1951,2072
1947,2072
1952,2063
1945,2040
1943,2033
1943,2063
1957,2040
1955,2007
1964,2068
1961,2072
1963,2063
1971,2060
1975,2029
1989,2069
2003,2068
1996,2039
2003,2063
2019,2075
2029,2043
2039,2072
2035,2027
2044,2078
2060,2077
2068,2071
2077,2071
2083,2039
2091,2043
2096,2066
2115,2063
2115,2065
2123,2038
2125,2065
2133,2074
2149,2044
2153,2071
2163,2077
2171,2053
2171,2041
2171,2011
2188,2074
2185,2043
2188,2066
2194,2063
2186,2027
2195,2018
2189,2037
2187,2025
2184,2059
2184,2058
2181,2027
2176,2033
2167,2056
2172,2042
2166,2059
2152,2052
2153,2044
2140,2029
2133,2073
2131,2039
2119,2043
2108,2044
2095,2040
2097,2052
2083,2051
2081,2079
2065,2063
2064,2034
2053,2020
2038,2007
2025,2077
2016,2056
2012,2040
2003,2055
1988,2074
1992,2055
1981,2046
1971,2027
1964,2067
1951,2067
1955,2054
1947,2060
1949,2037
1943,2029
1947,2056
1943,2041
1943,2027
1941,2041
1939,2063
1944,2075
1948,2019
1952,2053
1954,2083
1954,2056
1959,2075
1949,2054
1963,2024
1976,2069
1978,2053
1995,2067
1999,2038
1995,2030
2008,2063
2018,2028
2016,2063
2032,2039
2040,2044
2043,2035
2055,2068
2067,2079
2069,2053
2087,2063
2091,2040
2095,2055
2097,2067
2120,2042
2120,2040
2129,2055
2144,2033
2147,2058
2153,2068
2155,2065
2160,2076
2165,2040
2179,2063
2176,2043
2181,2071
2185,2057
2183,2021
2180,2065
2188,2064
2187,2076
2181,2071
2169,2053
2172,2071
2170,2073
2170,2035
2163,2075
2153,2042
2140,2055
2147,2069
2141,2023
2133,2071
2127,2043
2119,2013
2107,2048
2101,2093
2090,2042
2086,2072
2076,2087
2065,2091
2053,2026
2044,2088
2027,2043
2021,2057
2008,2056
2001,2084
2005,2067
1991,2053
1992,2027
1971,2023
1961,2035
1959,2025
1957,2077
1955,2055
1950,2024
1947,2053
1948,2041
1943,2045
1947,2040
1939,2061
1943,2064
1943,2086
1944,2056
1944,2067
1952,2039
1947,2041
1953,2060
1957,2080
1957,2046
1965,2077
1974,2030
1975,2041
1984,2084
1996,2080
1991,2015
2001,2056
2009,2081
2022,2070
2030,2015
2040,2088
2048,2055
2057,2057
2063,2055
2076,2037
2084,2021
2091,2035
2101,2053
2107,2056
2112,2045
2127,2032
2132,2013
2135,2029
2148,2063
2149,2027
2152,2076
2169,2063
2174,2054
2176,2044
2188,2042
2181,2025
2187,2055
2199,2067
2171,2063
2195,2028
2194,2063
2187,2063
2189,2088
2184,2054
2181,2069
2171,2093
2165,2047
2168,2040
2153,2040
2153,2046
2145,2067
2137,2036
2129,2029
2128,2042
2118,2063
2111,2032
2101,2044
2088,2063
2083,2023
2067,2039
2065,2073
2060,2027
2039,2040
2027,2035
2020,2060
2017,2039
2010,2066
1999,2072
1987,2045
1996,2033
1976,2041
1961,2055
1967,2063
1967,2087
1947,2065
1956,2043
1947,2027
1956,2063
1955,2070
1941,2063
1943,2065
1940,2037
1946,2040
1945,2030
1948,2071
1952,2089
1959,2072
1960,2072
1966,2026
1974,2077
1975,2039
1979,2033
1987,2039
2007,2040
2003,2072
2008,2063
2019,2072
2023,2055
2036,2070
2037,2019
2054,2077
2063,2044
2067,2073
2071,2035
2081,2043
2092,2075
2103,2021
2107,2045
2118,2060
2123,2041
2123,2071
2137,2053
2152,2072
2152,2019
2164,2068
2155,2041
2167,2028
2184,2068
2191,2075
2190,2051
2199,2042
2203,2043
2189,2052
2200,2080
2189,2042
2187,2035
2187,2008
2179,2056
2184,2056
2180,2040
2178,2033
2170,2063
2159,2009
2159,2036
2150,2075
2140,2029
2127,2071
2120,2075
2120,2060
2113,2083
2101,2043
2096,2040
2085,2043
2075,2044
2071,2080
2063,2048
2043,2068
2037,2061
2023,2081
2008,2073
2009,2063
1995,2023
1991,2057
1990,2035
1979,2074
1972,2037
1960,2067
1955,2057
1951,2067
1952,2060
1949,2053
1952,2054
1943,2058
1941,2045
1939,2031
1944,2073
1945,2044
1940,2065
1941,2067
1940,2023
1944,2073
1963,2095
1957,2072
1959,2041
1969,2082
1965,2040
1984,2067
1981,2038
1994,2065
2003,2056
2007,2056
2011,2057
2029,2035
2023,2071
2034,2035
2048,2040
2064,2035
2069,2051
2076,2063
2087,2031
2088,2035
2102,2079
2109,2072
2109,2023
2124,2074
2129,2043
2143,2068
2143,2056
2153,2075
2166,2057
2163,2039
2172,2056
2176,2058
2184,2065
2184,2053
2186,2076
2192,2057
2187,2040
2179,2017
2187,2059
2184,2070
2183,2065
2178,2082
2166,2073
2153,2029
2157,2041
2155,2017
2147,2003
2146,2072
2136,2072
2128,2080
2117,2027
2118,2043
2102,2041
2094,2059
2085,2017
2079,2041
2076,2063
2063,2063
2053,2048
2033,2080
2027,2083
2020,2021
2007,2040
2007,2054
1999,2080
1991,2035
1981,2033
1971,2031
1964,2068
1960,2036
1955,2035
1956,2067
1955,2024
1947,2028
1943,2037
1946,2063
1947,2068
1937,2079
1933,2056
1933,2025
1947,2058
1947,2080
1945,2052
1944,2037
1953,2051
1957,2093
1965,2026
1963,2059
1976,2067
1980,2073
1981,2018
1999,2044
2001,2063
2012,2051
2015,2037
2027,2071
2033,2037
2045,2040
2053,2068
2067,2067
2071,2041
2079,2028
2090,2042
2089,2028
2104,2044
2103,2036
2115,2081
2119,2062
2127,2056
2148,2071
2149,2039
2154,2025
2164,2025
2169,2080
2176,2040
2187,2057
2190,2055
2185,2064
2193,2063
2195,2071
2193,2062
2192,2066
2193,2065
2184,2027
2180,2039
2188,2065
2168,2020
2173,2063
2169,2066
2157,2044
2151,2016
2147,2063
2146,2025
2136,2083
2135,2076
2123,2063
2117,2046
2103,2077
2091,2020
2088,2010
2080,2056
2072,2041
2068,2053
2041,2045
2039,2089
2025,2088
2024,2024
2015,2059
2006,2073
1996,2043
1991,2041
1987,2069
1982,2042
1972,2039
1965,2045
1959,2035
1952,2072
1954,2067
1960,2068
1953,2053
1952,2074
1943,2041
1945,2043
1947,2063
1952,2072
1952,2092
1940,2055
1960,2063
1953,2038
1965,2069
1968,2063
1977,2036
1978,2068
1976,2055
1992,2078
2001,2056
2008,2053
2007,2039
2022,2045
2032,2043
2029,2036
2044,2087
2056,2077
2066,2055
2075,2063
2078,2070
2088,2077
2096,2008
2103,2007
2105,2023
2122,2072
2123,2029
2124,2071
2139,2040
2149,2035
2156,2063
2164,2064
2161,2008
2168,2043
2181,2065
2181,2059
2183,2065
2187,2041
2187,2072
2189,2047
2192,2021
2191,2040
2192,2072
2190,2039
2176,2040
2171,2055
2168,2054
2160,2071
2160,2044
2152,2019
2144,2059
2141,2041
2136,2074
2126,2067
2111,2072
2105,2093
2092,2027
2089,2041
2085,2029
2071,2018
2069,2040
2058,2072
2044,2053
2031,2062
2029,2048
2015,2071
2014,2087
1995,2041
1993,2069
1984,2066
1977,2057
1965,2053
1967,2067
1953,2070
1953,2055
1949,2047
1943,2054
1939,2023
1939,2036
1937,2058
1933,2059
1937,2061
1935,2025
1937,2043
1945,2077
1947,2066
1929,2077
1952,2072
1963,2071
1960,2036
1965,2080
1967,2065
1978,2043
1979,2059
1995,2037
2003,2024
1997,2024
2015,2064
2011,2037
2026,2023
2027,2041
2048,2063
2055,2043
2065,2080
2074,2063
2080,2064
2085,2043
2091,1990
2103,2037
2112,2068
2113,2011
2127,2035
2137,2073
2147,2043
2154,2055
2156,2072
2169,2059
2168,2040
2172,2071
2183,2051
2181,2053
2188,2048
2187,2046
2183,2053
2193,2044
2192,2069
2191,2039
2185,2079
2179,2023
2183,2063
2175,2074
2161,2019
2156,2036
2153,2063
2145,2079
2139,2050
2137,2071
2129,2041
2101,2071
2104,2036
2099,2033
2081,2043
2087,2053
2075,2053
2069,2036
2057,2076
2055,2079
2041,2042
2029,2065
2018,2054
2010,2035
2004,2054
1993,2092
1992,2077
1984,2043
1976,2081
1968,2063
1966,2063
1960,2053
1951,2067
1952,2063
1951,2043
1952,2027
1948,2053
1949,2081
1944,2063
1947,2072
1951,2056
1947,2088
1948,2047
1945,2045
1947,2039
1953,2055
1964,2071
1975,2041
1976,2028
1979,2064
1989,2040
1989,2080
2001,2083
2009,2035
2009,2052
2015,2029
2033,2041
2037,2041
2048,2040
2056,2055
2072,2069
2076,2077
2080,2047
2087,2039
2101,2076
2109,2057
2119,2039
2129,2072
2132,2063
2140,2037
2150,2029
2153,2076
2165,2043
2175,2019
2168,2056
2186,2072
2187,2039
2184,2063
2196,2023
2187,2072
2200,2058
2191,2035
2185,2029
2194,2055
2193,2088
2182,2035
2184,2071
2179,2073
2169,2058
2167,2088
2160,2035
2151,2080
2144,2035
2142,2076
2135,2043
2123,2084
2119,2041
2107,2040
2097,2059
2094,2055
2085,2043
2069,2072
2071,2040
2060,2056
2051,2040
2031,2035
2029,2043
2009,2025
2004,2043
1991,2038
1993,2023
1977,2058
1965,2077
1961,2055
1960,2033
1956,2055
1957,2023
1954,2053
1959,2029
1960,2053
1952,2054
1944,2057
1951,2044
1947,2011
1945,2039
1947,2080
1952,2067
1956,2053
1956,2020
1955,2033
1968,2039
1968,2055
1965,2055
1973,2057
1987,2071
1999,2032
1996,2069
2008,2031
2017,2043
2025,2025
2027,2057
2040,2036
2039,2064
2063,2070
2072,2040
2071,2059
2088,2057
2087,2034
2102,2019
2111,2040
2119,2019
2124,2032
2123,2042
2136,2048
2146,2