2069,2089
2060,2112
2042,1991
2037,2132
2027,2025
2015,2007
2007,2040
2007,1984
1997,2024
1991,2092
1976,1997
1963,2072
1952,2128
1957,2001
1952,2057
1948,2098
1941,1987
1939,2097
1942,2091
1939,2085
1933,2130
1940,2063
1939,2043
1941,2136
1947,2008
1942,1995
1943,2019
1953,2027
1959,2032
1966,2003
1976,2028
1979,2131
1975,1977
1984,2096
1988,2040
2000,2016
2005,2065
2016,2089
2025,2074
2029,2121
2036,2063
2056,2091
2063,2120
2067,2027
2071,2007
2085,2073
2099,1959
2101,1994
2109,2045
2127,1987
2124,2087
2140,2030
2145,2006
2153,2085
2167,2001
2167,2069
2157,2160
2169,1987
2192,2100
2192,2108
2197,2046
2200,2076
2199,2067
2197,2017
2193,2088
2205,1965
2194,2009
2200,2096
2199,1996
2188,2004
2185,2112
2171,1993
2168,2057
2160,2056
2148,2031
2147,2140
2140,2005
2134,2075
2117,2127
2119,1949
2101,2053
2092,2099
2084,2043
2082,2075
2072,2055
2053,1998
2043,2112
2034,1977
2032,1954
2015,2124
2015,2003
1999,1997
1996,2020
1977,2076
1979,2023
1970,2063
1957,2056
1949,2116
1954,2047
1949,2008
1947,2184
1941,2076
1945,2023
1937,2149
1941,2055
1931,1961
1932,2045
1944,2032
1943,2035
1943,2068
1951,1984
1952,2103
1956,2029
1949,2029
1959,2121
1963,2038
1972,1991
1979,2071
1989,2071
1999,2107
2003,2071
2016,2032
2015,2135
2025,2087
2039,1972
2053,2112
2057,2011
2072,1987
2077,2088
2076,2004
2092,2020
2101,1983
2112,1987
2121,2135
2120,2036
2128,2024
2143,2135
2151,2053
2155,2034
2161,2107
2168,2095
2170,2072
2183,2091
2181,2025
2187,2121
2192,2065
2188,2029
2196,2105
2193,2003
2193,2028
2195,2023
2187,1953
2186,2027
2179,2063
2173,1973
2172,2035
2162,2089
2151,1985
2145,2115
2135,2040
2133,2012
2119,2101
2123,2038
2101,2025
2103,2112
2087,2031
2084,2078
2083,2072
2063,2023
2063,2068
2044,2017
2033,1963
2024,2035
2019,2040
2009,2020
2004,2071
2001,2043
1989,2088
1976,2112
1968,2039
1955,2099
1957,2070
1958,2076
1946,2129
1942,2075
1944,2071
1944,2101
1937,2021
1940,2065
1937,2041
1942,1991
1937,2058
1940,2009
1940,1960
1943,2031
1948,2018
1945,2015
1948,2056
1953,2007
1966,2035
1963,2068
1974,2056
1984,2070
1984,2100
1993,2009
2006,2134
2011,2088
2023,2087
2030,2087
2039,2084
2053,2067
2063,2104
2075,2027
2089,2070
2096,2067
2108,2010
2115,2063
2127,2073
2131,2042
2131,2085
2147,2041
2142,2090
2156,2091
2166,2037
2172,2072
2176,2120
2171,2007
2181,2101
2181,2059
2189,1984
2200,2041
2197,2015
2197,2004
2199,2028
2196,1994
2197,2043
2196,2022
2191,1960
2181,2091
2176,2024
2171,2027
2163,2044
2157,2063
2144,2029
2146,2124
2134,2093
2126,2072
2117,2122
2105,2080
2103,2086
2093,2069
2087,2039
2072,2087
2063,2031
2056,1967
2044,2031
2029,2003
2023,1987
2011,2023
2011,2027
2000,2019
1993,2039
1979,2052
1970,2054
1960,2112
1955,2025
1953,2101
1947,2056
1944,2027
1946,2131
1941,2083
1939,2067
1938,2079
1939,2015
1943,2093
1944,2024
1939,1977
1943,2069
1944,2032
1952,1989
1953,2104
1956,2039
1973,2028
1963,2088
1973,2004
1983,2022
1979,2091
1996,2032
2003,2077
2011,2056
2007,2055
2024,2053
2030,2055
2042,2044
2054,2031
2067,2035
2079,2027
2084,2035
2092,2057
2103,2100
2115,2068
2122,2015
2131,2067
2130,2095
2146,2011
2152,2072
2155,2097
2171,2016
2175,2101
2180,2075
2173,2028
2171,2140
2189,2057
2197,2009
2189,2091
2193,1969
2200,1949
2195,2077
2199,1930
2195,2004
2179,2099
2193,2018
2169,1995
2173,2085
2174,2016
2167,2043
2158,1973
2149,2063
2143,2191
2129,1976
2125,2108
2116,2254
2111,2056
2099,2119
2092,2136
2083,2008
2076,2012
2065,2040
2053,2035
2041,2067
2025,2043
2024,2071
2018,2027
2007,2103
2004,2041
1993,1952
1979,2037
1976,2185
1963,1983
1955,2011
1945,2173
1941,2080
1933,2040
1942,2099
1931,2027
1929,2023
1931,2001
1939,1997
1938,2069
1931,1995
1933,2009
1944,2099
1943,2104
1945,2008
1948,1998
1949,2125
1959,2168
1966,2031
1976,1988
1981,2312
1992,2026
1999,1901
2000,2225
2016,2112
2028,1975
2019,2083
2038,2097
2038,1937
2053,2056
2066,2025
2075,1989
2079,2077
2093,2071
2092,1955
2097,2081
2120,2065
2120,1998
2130,1975
2125,2268
2151,2032
2152,1920
2168,2235
2167,2063
2172,1984
2187,2127
2188,2041
2194,2029
2196,1992
2203,1966
2193,2021
2197,2081
2193,1993
2193,2078
2192,2088
2190,2065
2192,2011
2176,2002
2176,2169
2168,2214
2165,1864
2157,2074
2147,2200
2141,1959
2133,1980
2131,2119
2125,2152
2114,1995
2101,2072
2089,2087
2084,1992
2073,1971
2065,2072
2063,2032
2048,2008
2025,2008
2021,2040
2010,2098
2003,2081
2005,1926
1988,2197
1965,2240
1959,1844
1964,2091
1959,2239
1952,1892
1952,2106
1949,2130
1945,1911
1947,2035
1942,2051
1942,2001
1940,2063
1943,2042
1941,2040
1936,2057
1935,2127
1943,1979
1943,2063
1949,2041
1957,2158
1959,1930
1963,2040
1969,2272
1977,2017
1984,2023
1997,2255
2001,2005
2009,2025
2019,2083
2022,1993
2035,2021
2040,2059
2061,1979
2063,2112
2076,2016
2085,1984
2088,2057
2093,2027
2104,2069
2108,2090
2120,1959
2128,2224
2135,2071
2151,1853
2152,2152
2160,2072
2169,1976
2179,2086
2181,2087
2186,2006
2183,2031
2201,2007
2204,2059
2201,2030
2208,2094
2201,2079
2197,2056
2202,2058
2200,1997
2188,1965
2185,2169
2191,2172
2172,1976
2173,2093
2164,2164
2156,1891
2152,2120
2144,2151
2136,1963
2120,1963
2117,2063
2101,1957
2099,2041
2088,2079
2073,2033
2069,2052
2065,2025
2043,2009
2030,2000
2023,1933
2011,2190
2016,1969
1994,2083
1991,2115
1989,1981
1971,2129
1971,2132
1960,1989
1960,2152
1952,2071
1951,1936
1949,2101
1948,2091
1945,2008
1944,2075
1939,2027
1946,2059
1946,2019
1947,2044
1952,2224
1948,2009
1953,1901
1943,2299
1961,2037
1965,1819
1963,2216
1961,2085
1973,1997
1994,2071
1995,2001
1995,2004
2009,2103
2020,1904
2026,2025
2035,2121
2043,1989
2042,2011
2067,2146
2066,1945
2080,1998
2095,1950
2091,2135
2107,2115
2109,1937
2120,2159
2120,2169
2125,1964
2150,2123
2160,2087
2164,1992
2149,2063
2181,2010
2187,1992
2189,2080
2197,2029
2203,2032
2188,2075
2203,2045
2207,2016
2200,2056
2183,1991
2197,2210
2199,1933
2186,2091
2181,2191
2180,1945
2169,2117
2163,2039
2160,2057
2160,2099
2150,1917
2135,2065
2131,2067
2127,1863
2121,2091
2112,2120
2102,2004
2089,2105
2087,1992
2065,2000
2067,2155
2056,1944
2036,2011
2030,2367
2015,1916
2003,1865
1975,2289
1991,1923
1974,1993
1969,2170
1969,2023
1960,2048
1957,2128
1962,1944
1948,2073
1942,2089
1939,2015
1945,2077
1944,2091
1940,2075
1931,2055
1935,1907
1943,2135
1937,2085
1941,1968
1946,2127
1952,2132
1952,1993
1967,2074
1961,2032
1965,2105
1961,1911
1979,1955
1979,2091
2000,1941
2003,1939
2003,2159
2016,1981
2024,1979
2026,2005
2027,2081
2063,2031
2055,2053
2076,2027
2080,2258
2087,2063
2092,1869
2107,2272
2112,2027
2115,1975
2134,2211
2136,2068
2150,1935
2148,2135
2162,1969
2175,2030
2184,2063
2185,2101
2192,2008
2187,1947
2192,2089
2194,2081
2188,1911
2189,2215
2192,2212
2196,1907
2199,2115
2163,2041
2180,1952
2172,2193
2179,1915
2169,2061
2161,2135
2152,1957
2144,1932
2138,2093
2136,1955
2131,2088
2119,2012
2115,2078
2100,2099
2088,1979
2078,1963
2076,2229
2055,1973
2040,1983
2043,2294
2026,2117
2024,1896
2015,2259
2003,2075
1998,1971
1996,2145
1984,1963
1973,1955
1966,2111
1962,1981
1960,2056
1952,2102
1952,2085
1944,2019
1944,1972
1937,2072
1937,2187
1941,1875
1940,2148
1938,2108
1941,1950
1937,2091
1935,2107
1945,2003
1952,2183
1965,1897
1963,2076
1976,2115
1980,1874
1981,2051
2000,2152
1996,1971
2009,2159
2011,2131
2025,1899
2034,2174
2039,2120
2043,1869
2055,2315
2063,2055
2075,1869
2077,2260
2087,2093
2111,1924
2112,2167
2117,2020
2120,1995
2139,2112
2139,1913
2149,2001
2170,2181
2170,1993
2179,2035
2187,2091
2187,1975
2191,2008
2196,2079
2205,2029
2193,2256
2203,2120
2203,1971
2201,2117
2191,2063
2189,1928
2184,2093
2191,2129
2187,2016
2167,2045
2168,2004
2159,1981
2168,2020
2151,2088
2141,1971
2136,2129
2130,2005
2120,1976
2111,2012
2106,2148
2088,2137
2086,1987
2071,2157
2068,2120
2053,1911
2039,2069
2029,2112
2030,2088
2016,2092
2008,2035
2008,2107
1979,2037
1975,1901
1973,2165
1976,2036
1960,2115
1956,2082
1943,1982
1944,1996
1944,2107
1941,2015
1940,1957
1941,2208
1931,2126
1936,1900
1935,2188
1939,2027
1932,2009
1943,2011
1944,2095
1952,1931
1955,2024
1953,1995
1955,2092
1961,2038
1971,2080
1979,2054
1993,2107
1991,2036
2002,2085
2016,2021
2016,2123
2032,2079
2037,2027
2041,2056
2063,2184
2070,1979
2080,2096
2090,1977
2104,2069
2104,2034
2109,1935
2121,2059
2121,2077
2131,1883
2139,2143
2151,1985
2151,1953
2164,2088
2174,2104
2171,1839
2184,2297
2183,1993
2184,1940
2187,2181
2184,2027
2192,1936
2191,2262
2192,1943
2192,2080
2185,2030
2184,1977
2174,2065
2174,2032
2161,2019
2162,2133
2156,1937
2145,2093
2139,2080
2127,2031
2117,2007
2103,2296
2097,1953
2100,2073
2086,2218
2075,1905
2071,2002
2063,2185
2041,1941
2040,2091
2028,2124
2011,1961
2007,2025
2003,2009
1992,1965
1984,2098
1977,1984
1962,2071
1962,2073
1951,2026
1951,2099
1951,2198
1940,1923
1939,2168
1939,2128
1929,1923
1939,2124
1929,2089
1932,2013
1928,2145
1939,1992
1935,2048
1937,2015
1937,1935
1935,2091
1945,2043
1960,2024
1961,2154
1960,1985
1973,1976
1981,2173
1995,1940
1993,2053
1999,2232
2008,1899
2016,2101
2027,2208
2029,1905
2045,2155
2062,2035
2065,1975
2067,2187
2085,1945
2087,1956
2103,2203
2111,1971
2127,1939
2117,2303
2136,1963
2147,1973
2150,2233
2163,1880
2163,2097
2147,2211
2179,1864
2176,2088
2190,2211
2185,1841
2189,2149
2199,2115
2193,1863
2187,2142
2196,2007
2185,1923
2189,2199
2192,1955
2176,2004
2174,2225
2171,1960
2149,2001
2153,2203
2155,1864
2140,2096
2139,2265
2125,1973
2119,2102
2114,2148
2104,1990
2093,2117
2083,2044
2084,1968
2073,2167
2063,2007
2056,1977
2031,2085
2021,1923
2020,1989
2013,2136
2006,1968
1995,2012
1979,2169
1978,1911
1968,2055
1964,2143
1949,1945
1947,2089
1943,2109
1949,2000
1940,2039
1949,2107
1947,2002
1943,2039
1944,2105
1939,2009
1947,2083
1947,2082
1947,1981
1944,2149
1961,2088
1955,1951
1961,2217
1972,2033
1976,1965
1979,2237
1992,2005
1996,1950
1996,2259
2012,1966
2018,2001
2023,2217
2040,1784
2043,2079
2057,2210
2057,1792
2070,2079
2071,2067
2091,1874
2099,2207
2105,1998
2119,1961
2130,2267
2125,1984
2133,2005
2143,2273
2149,1874
2164,2088
2163,2268
2186,1860
2184,2131
2185,2181
2188,1890
2200,2144
2199,2085
2207,1891
2201,2097
2197,2105
2203,1909
2201,2148
2191,2102
2193,1932
2188,2173
2179,2035
2169,1963
2165,2199
2161,1947
2149,2072
2147,2167
2139,1895
2139,2254
2129,2107
2118,1857
2113,2191
2109,1969
2092,2015
2085,2174
2067,1893
2057,2085
2055,2119
2037,1947
2034,2115
2027,2080
2011,1975
2004,2111
1995,2096
1989,2096
1987,2140
1975,1990
1965,2140
1957,2115
1948,1951
1952,2130
1949,2058
1949,1972
1947,2105
1944,2001
1947,1990
1939,2103
1935,1999
1941,2080
1940,2129
1944,2024
1946,2118
1951,2065
1952,2035
1948,2066
1961,2185
1964,2047
1975,2112
1981,2123
1979,1899
1996,2089
1997,2007
2009,1997
2015,2040
2023,2005
2028,2017
2039,1993
2058,1988
2059,2040
2071,2019
2088,2008
2085,2099
2096,2075
2109,2080
2110,2074
2123,2065
2128,2048
2138,2112
2151,1997
2149,2054
2164,2091
2168,1971
2173,2089
2185,2063
2182,1951
2196,2128
2192,2041
2195,1939
2173,2188
2193,1979
2193,2025
2193,2211
2187,2039
2187,2067
2181,2089
2172,2035
2169,2023
2157,2099
2151,1996
2147,2076
2140,2063
2141,1936
2136,2030
2123,2030
2110,2015
2103,2069
2089,2033
2083,2001
2077,2045
2067,2044
2063,2019
2043,2117
2027,2013
2026,2093
2010,2177
2009,2033
2003,2099
2001,2119
1984,2030
1981,2093
1965,2097
1967,2001
1963,2090
1952,2043
1944,2024
1939,2071
1940,1997
1944,2085
1931,2015
1943,2054
1943,2089
1935,1997
1943,2101
1939,2009
1944,2066
1944,2027
1943,2051
1945,2106
1949,1989
1962,2079
1959,1984
1976,2011
1980,2083
1984,1936
1996,2104
1999,2040
2007,1945
2017,2097
2023,2088
2041,1990
2039,2075
2045,2088
2071,2014
2073,2097
2076,2081
2089,2048
2092,2113
2109,2087
2117,1987
2124,2132
2123,2033
2135,1964
2152,2129
2157,1971
2163,1973
2172,2135
2171,1899
2188,2066
2195,2135
2195,1897
2193,2108
2198,2123
2200,1931
2203,2184
2191,2069
2195,1988
2197,2129
2187,2015
2185,1993
2186,2104
2181,1972
2168,2026
2161,2129
2160,1978
2154,2095
2151,2069
2139,1992
2129,2037
2116,2109
2109,1988
2107,2065
2096,2092
2086,2032
2072,2108
2065,2029
2056,2072
2041,2101
2036,2044
2027,2078
2022,2117
2009,1960
2001,2042
1994,2093
1977,1976
1975,2108
1972,2025
1968,2021
1955,2101
1949,2006
1953,2055
1951,2153
1941,2007
1943,2043
1943,2143
1944,2016
1945,2107
1937,2067
1943,2023
1945,2072
1941,2055
1945,2004
1944,2025
1956,2026
1961,2006
1965,2031
1977,1978
1975,2004
1981,2105
1995,2000
2003,2021
2012,2085
2011,2053
2023,2091
2040,2063
2044,2100
2043,2068
2066,2105
2073,2083
2080,2081
2087,2118
2094,2015
2111,2027
2118,2097
2125,1929
2132,2122
2140,2205
2147,1959
2157,2100
2168,2136
2167,2020
2176,2070
2184,2067
2190,2031
2195,2035
2189,1981
2193,1995
2202,2173
2207,1992
2195,1949
2189,2179
2198,1957
2200,1981
2194,2163
2188,1990
2184,2058
2179,2092
2167,1971
2160,2148
2156,2057
2143,1912
2139,2171
2133,2042
2125,1971
2118,2264
2117,1999
2104,2073
2087,2128
2086,2072
2071,2100
2065,2005
2056,1923
2041,2125
2027,1976
2015,2071
2008,2119
1993,1984
1990,2055
1975,2063
1964,2011
1952,2037
1948,2037
1939,2013
1936,2099
1935,2012
1935,2062
1931,2084
1925,1956
1931,2089
1931,2089
1930,2063
1939,2077
1939,2039
1935,2009
1939,2093
1945,2083
1955,2021
1964,2103
1977,2042
1980,2110
1989,2125
2001,1977
2009,2027
2009,2039
2019,2008
2028,2088
2038,2082
2043,1987
2053,2011
2066,2088
2071,2080
2085,2009
2080,2003
2095,2117
2099,2041
2093,2065
2101,2156
2103,2028
2120,1976
2120,2067
2126,2119
2133,1980
2132,2091
2149,2037
2139,2029
2150,2035
2139,2047
2148,2069
2156,2073
2152,1989
2148,2055
2155,2076
2145,2007
2152,2031
2145,2119
2139,2001
2137,2119
2148,2097
2135,2005
2136,2034
2152,2048
2151,2092
2132,2002
2145,2009
2129,2139
2125,1943
2128,2092
2121,2171
2120,1940
2103,2120
2098,2110
2089,2018
2075,2122
2071,2075
2070,2035
2065,2147
2041,2048
2040,2058
2031,2111
2015,2011
2010,2011
2008,2025
2001,1979
1993,2048
1987,2080
1971,1983
1971,2040
1957,2116
1957,2005
1947,2055
1955,2079
1945,2010
1939,2055
1947,2112
1940,2004
1929,2067
1934,2008
1927,2108
1935,2132
1937,2076
1941,2120
1942,2038
1948,2035
1957,2041
1955,2069
1953,2035
1964,2129
1979,2024
1979,2079
1995,2137
2009,2029
2013,1969
2021,2084
2035,2076
2051,2028
2056,2056
2063,2141
2080,2047
2087,1932
2103,2079
2113,2077
2115,2029
2130,2038
2133,2018
2143,1991
2153,2038
2162,2073
2174,2044
2186,2010
2187,2068
2200,2089
2207,2043
2212,2056
2215,2097
2225,2052
2215,1992
2221,2083
2217,2146
2215,2037
2218,2033
2212,2131
2204,1983
2197,2019
2193,2071
2188,2041
2169,2063
2157,2133
2153,2047
2135,2092
2137,2025
2120,2080
2107,2051
2098,2041
2099,2095
2081,2043
2080,2063
2067,1969
2058,2035
2048,2072
2039,1993
2008,2039
2019,2001
2001,2029
2001,1993
1992,2084
1979,2051
1976,2041
1967,2060
1961,2033
1951,2079
1943,2075
1947,2040
1945,2076
1947,1996
1942,2105
1950,2084
1943,1996
1945,2112
1947,2072
1941,2031
1939,2096
1943,2071
1935,2015
1953,2022
1955,2095
1963,2056
1966,1983
1965,2088
1976,2021
1975,1973
1978,1981
1989,2071
1997,1999
2011,2063
2012,2073
2019,2007
2031,2079
2043,2053
2056,2042
2064,2075
2067,2069
2076,2144
2081,1992
2093,2025
2104,2090
2107,1990
2125,2024
2123,2021
2135,2069
2148,1971
2152,2012
2152,2100
2163,2035
2167,2033
2169,1993
2184,2072
2185,2127
2192,2037
2193,2097
2203,2136
2197,2047
2199,2009
2196,2056
2185,1917
2191,2066
2191,2057
2185,2024
2185,2107
2169,2053
2171,1989
2160,2092
2156,2063
2151,2008
2141,2077
2138,2052
2123,2037
2116,1989
2114,2027
2101,2044
2092,2048
2081,2007
2074,2095
2065,2090
2063,1984
2039,2060
2035,2068
2020,1975
2008,2088
2008,2019
2001,2063
1987,2017
1977,2029
1965,2088
1967,2088
1961,2029
1949,2155
1948,2056
1951,2035
1945,2089
1937,2039
1941,2023
1930,2083
1932,2043
1941,2053
1931,2099
1939,2016
1944,2076
1939,2047
1944,2015
1940,2134
1946,2073
1946,1976
1955,2103
1964,2054
1971,2058
1975,2071
1989,2040
1991,2024
2002,2069
1995,2039
2009,2087
2023,2019
2035,2015
2035,2044
2056,1984
2068,2076
2067,2105
2073,2000
2087,2107
2102,2122
2106,2060
2115,2101
2119,2081
2136,2027
2137,2020
2145,2088
2155,2144
2163,2005
2176,2040
2169,2081
2173,2067
2183,2021
2190,2143
2193,2055
2183,1991
2194,2085
2187,2009
2187,2064
2186,2016
2181,2072
2172,1976
2179,2045
2169,2077
2159,2025
2154,2081
2152,2019
2140,2079
2136,2105
2121,1979
2124,2105
2107,2069
2100,1987
2088,2109
2086,2089
2073,1956
2071,2075
2065,2080
2032,2004
2033,2009
2022,2091
2017,1999
2007,2065
1995,2155
1993,2063
1995,2065
1982,2071
1964,1985
1958,2040
1951,2053
1940,2067
1945,2010
1939,2101
1939,1954
1935,2096
1947,2000
1941,2015
1933,2079
1944,2011
1943,2017
1944,2073
1939,2074
1945,2039
1945,2065
1951,2090
1956,2016
1960,2028
1973,2065
1961,1976
1979,2056
1992,2015
1998,2015
2010,2061
2013,2024
2021,2025
2024,2023
2039,2083
2048,2035
2043,2029
2065,2064
2078,1977
2084,2055
2087,2063
2104,2079
2105,2107
2118,2009
2128,2153
2131,2088
2144,1957
2149,2116
2155,2040
2165,2020
2168,2169
2176,2059
2185,2021
2185,2151
2185,1993
2195,2015
2200,2133
2206,1918
2197,2007
2200,2145
2193,1984
2199,2072
2193,2135
2189,1975
2180,1991
2184,2081
2167,2043
2160,2044
2149,2039
2145,2009
2138,2118
2130,2005
2135,2007
2115,2118
2113,2071
2107,1973
2089,2107
2085,2083
2080,2025
2072,2080
2063,2063
2045,2106
2036,2073
2021,2063
2020,2037
2011,2043
1997,2025
1996,2058
1979,2041
1965,2026
1967,2071
1955,2023
1955,2052
1949,2057
1948,2025
1951,2033
1938,2118
1931,2015
1945,2024
1941,2043
1939,2027
1941,1949
1933,2052
1933,2011
1940,2063
1939,2007
1949,2089
1957,2072
1959,2064
1949,2011
1965,2108
1975,2057
1987,2035
1993,2135
1999,2036
2004,2019
2017,2075
2021,2039
2037,2005
2044,2068
2045,2003
2065,2043
2076,2077
2081,2023
2083,2059
2099,2041
2100,2003
2107,2065
2115,2061
2121,2041
2136,2076
2143,1985
2156,2036
2160,2035
2172,2008
2171,2042
2173,2020
2185,2017
2189,2027
2188,2030
2195,2039
2200,2029
2194,2031
2203,2088
2193,2080
2195,2068
2186,2063
2181,2087
2176,2035
2173,2066
2167,2052
2165,2063
2157,2081
2149,2001
2139,2059
2136,2101
2126,1977
2115,2079
2103,2067
2094,2008
2093,2083
2074,2044
2069,2003
2063,2072
2056,2008
2046,2077
2033,2117
2024,2067
2013,2093
1997,2102
1993,2060
1986,2104
1980,2062
1973,2001
1955,2109
1964,2016
1950,2036
1947,2097
1943,1991
1941,2029
1944,2039
1940,2069
1935,2083
1936,2063
1939,2091
1940,2037
1935,2063
1933,2041
1937,2071
1941,1979
1939,2040
1952,2065
1960,2062
1960,2084
1971,2079
1976,1976
1982,2075
1981,2059
1992,2024
2007,2100
2005,2067
2019,2080
2029,2071
2035,2054
2041,2025
2063,2125
2072,2063
2079,2051
2089,2133
2091,1979
2093,2028
2116,2029
2115,1989
2117,2083
2136,2067
2137,1993
2149,2045
2163,2045
2164,2026
2169,2003
2173,2023
2187,2031
2189,2026
2188,2087
2195,2040
2193,2035
2200,2083
2193,2011
2191,2043
2198,2107
2188,2117
2185,2013
2181,2151
2174,2022
2171,2109
2168,2127
2159,1973
2157,2093
2145,2096
2143,2024
2139,2076
2131,1995
2115,2041
2106,2085
2096,2008
2087,2069
2072,2104
2065,1986
2056,2029
2052,2105
2027,1957
2023,2032
2015,2085
2011,2015
2007,2045
1995,2043
1985,2063
1964,2040
1969,1964
1964,2095
1960,2088
1958,2021
1943,2075
1941,2090
1943,1977
1939,2092
1947,2093
1947,2020
1941,2091
1943,2081
1941,2035
1943,2104
1948,2039
1958,2024
1960,2067
1961,2021
1968,2075
1975,2015
1976,2031
1977,2043
1988,2018
2000,2027
2011,2123
2005,1983
2020,2006
2032,2112
2036,2053
2052,2037
2056,2107
2068,2035
2069,2039
2084,2003
2091,2013
2102,2093
2108,2007
2122,2047
2121,2132
2140,2025
2151,1989
2149,2057
2153,2009
2170,2066
2173,2039
2173,2087
2192,2109
2193,2048
2191,2015
2198,2103
2201,2063
2204,2028
2201,2053
2197,2056
2193,2017
2199,1997
2195,2056
2184,2084
2179,2079
2171,2009
2167,2083
2165,2069
2160,1988
2160,2066
2149,2024
2144,2059
2131,2076
2121,2035
2122,2077
2103,2040
2089,2027
2091,2095
2075,2020
2071,2029
2068,2063
2048,2038
2040,2092
2024,2043
2015,2025
2009,2101
2008,2038
1995,2017
1983,2079
1980,2056
1969,2069
1961,2037
1959,2011
1945,2087
1947,2070
1943,1996
1945,2095
1943,2069
1943,2072
1939,2108
1937,2100
1939,2020
1940,2092
1940,2044
1944,2072
1946,2093
1943,2026
1947,1993
1951,2065
1971,1977
1969,2041
1982,2094
1984,2012
1992,2090
1997,2071
2003,2063
2007,2075
2016,2072
2017,2040
2029,2044
2040,2021
2059,2043
2063,2063
2075,2032
2086,2063
2088,2074
2099,2012
2105,2048
2119,2011
2127,1999
2120,2091
2143,2057
2140,2059
2151,2095
2166,2093
2168,1998
2175,2053
2173,2119
2183,2093
2195,2080
2189,2057
2196,2087
2195,2101
2202,2020
2199,2044
2192,2060
2189,2015
2180,1997
2182,2090
2164,2037
2169,2043
2168,2053
2156,2064
2147,2039
2139,2069
2136,2023
2135,2057
2127,2056
2116,2077
2108,2063
2095,1977
2084,2077
2079,2071
2071,2040
2060,2112
2056,2053
2036,2037
2026,2091
2018,2088
2010,2059
2007,2102
1989,2063
1984,2068
1976,2067
1961,2057
1960,2039
1957,2078
1945,2059
1948,2055
1937,2065
1943,2056
1930,2080
1933,2023
1931,2009
1927,2039
1931,2032
1931,2040
1936,2048
1936,2040
1940,2128
1948,2019
1952,2135
1953,2060
1952,1960
1959,2144
1963,1995
1975,1971
1981,2051
1999,2033
1995,2063
2010,2024
2019,2063
2027,2136
2036,2043
2044,2025
2043,2056
2055,2044
2072,2069
2080,2047
2087,2065
2091,2065
2105,2025
2107,2067
2107,2005
2131,2000
2135,2028
2152,2040
2155,2025
2161,2055
2167,2009
2179,2035
2181,2069
2185,2019
2185,2066
2189,2054
2199,2039
2203,2073
2204,2069
2195,2072
2189,2013
2189,1994
2197,2103
2186,2007
2169,2003
2167,2129
2166,1957
2168,2000
2160,2153
2152,2060
2143,1984
2136,2124
2130,2011
2122,2015
2116,2080
2107,2007
2095,2053
2084,2075
2079,2052
2068,2065
2060,2081
2044,2055
2036,2001
2024,2115
2019,2063
1999,2017
2004,2065
1989,2072
1984,2072
1973,2075
1965,2043
1955,2041
1947,2035
1945,2054
1951,2073
1952,2074
1948,2051
1951,2032
1937,2079
1937,2039
1941,2052
1939,2092
1944,2032
1943,2048
1939,2081
1952,1976
1957,2001
1957,2055
1957,2036
1963,2032
1976,2110
1987,2032
1992,2040
1991,2057
2003,1991
2007,2052
2013,2055
2027,2080
2029,2063
2047,2055
2056,2093
2072,2084
2074,2044
2075,2071
2092,2075
2103,2075
2104,2030
2109,2094
2128,2017
2129,2025
2143,2072
2149,2039
2157,2063
2171,2051
2167,1964
2176,2087
2185,2037
2187,1999
2183,2035
2188,2027
2202,2053
2205,2080
2189,2029
2200,2051
2189,2085
2191,1992
2181,2040
2187,2080
2179,2028
2176,2044
2172,2080
2158,2047
2153,2073
2150,2083
2140,2027
2132,2063
2131,2093
2120,2053
2109,2072
2101,2095
2095,2019
2081,2024
2075,2029
2055,2021
2043,2056
2039,2076
2021,2071
2020,2007
2011,2027
2001,2079
1998,2072
1988,2080
1973,2055
1968,2073
1968,2039
1955,2033
1951,2071
1947,2040
1943,2055
1941,2009
1935,2073
1937,2063
1937,2048
1933,2039
1936,2039
1938,2058
1938,2023
1938,2077
1935,2112
1944,2094
1943,2040
1957,2067
1947,2068
1961,2029
1964,2035
1977,2030
1984,2070
1995,2024
1999,2003
2003,2063
2012,2055
2012,2008
2030,2063
2039,2041
2041,2019
2055,2117
2069,2091
2080,2025
2087,2041
2086,2011
2099,2059
2107,2055
2115,2103
2117,2070
2136,2063
2142,2067
2154,2036
2156,2067
2163,2027
2181,2052
2173,2080
2188,2080
2181,2056
2183,2045
2196,2046
2200,2019
2185,2063
2189,2055
2199,2048
2188,2067
2179,2004
2173,2009
2176,2098
2173,2056
2165,2021
2159,2111
2156,2064
2152,2094
2139,2108
2140,2075
2121,2066
2114,2059
2101,2027
2093,2080
2085,2015
2087,2071
2067,2081
2065,2012
2056,2063
2042,2040
2033,2015
2023,2065
2015,2037
2007,1994
1995,2068
1988,2044
1983,2030
1963,2063
1959,2028
1955,2064
1947,2091
1947,2003
1941,2080
1938,2063
1943,2008
1937,2052
1933,2079
1933,2024
1937,2063
1932,2089
1939,2053
1942,2055
1949,2085
1947,2053
1945,2080
1952,2023
1957,2084
1960,2063
1968,2033
1975,2115
1973,2032
1989,2007
1992,2039
2006,2048
2005,2021
2023,2088
2027,2054
2031,2022
2054,2067
2063,2007
2067,2079
2078,2064
2088,1997
2096,2073
2099,2077
2105,1961
2119,2027
2122,2057
2137,2015
2145,2071
2154,2011
2162,2055
2171,2071
2173,2037
2191,2069
2184,2104
2187,2086
2196,2029
2193,2106
2194,2069
2199,2033
2199,2091
2197,2069
2199,2017
2187,2045
2189,2009
2188,2063
2176,2086
2175,2029
2169,2078
2162,2089
2159,2073
2150,2064
2131,2005
2123,2009
2120,2099
2120,2053
2112,2057
2096,2105
2088,1995
2078,2083
2068,2067
2059,2017
2046,2029
2031,2075
2023,2096
2015,2028
2004,2024
1996,2116
1989,2048
1979,2051
1977,2085
1962,2035
1955,2076
1948,2040
1951,2044
1941,2085
1944,2072
1948,2024
1942,2087
1944,2001
1942,2035
1940,2075
1940,2031
1932,2027
1943,2042
1943,2007
1947,2025
1953,2025
1960,2056
1960,2055
1971,2020
1971,2076
1980,2023
1992,2065
2001,2077
2004,2022
2011,2041
2019,2003
2027,2041
2027,2027
2037,2003
2053,2093
2070,2076
2072,2016
2081,2035
2084,2029
2089,2011
2104,2072
2109,2024
2116,2063
2119,2090
2135,2007
2139,2120
2157,2067
2164,1973
2165,2057
2167,2023
2187,2046
2187,1991
2189,2089
2198,2044
2199,2048
2198,2029
2199,2106
2196,2107
2197,1989
2193,2091
2188,2193
2181,1946
2184,1989
2182,2143
2171,2039
2157,2063
2156,2095
2156,2059
2136,2030
2135,2035
2129,1995
2121,2031
2106,2106
2093,1925
2091,2106
2083,2041
2077,1883
2063,2067
2055,2125
2039,1971
2029,2107
2011,2063
2015,1941
2004,2144
1993,1999
1992,1993
1980,2173
1976,2063
1963,2016
1955,2164
1952,2021
1947,2007
1949,2107
1947,2087
1941,2035
1931,2090
1939,2047
1938,2072
1936,2067
1932,2028
1931,1979
1939,2205
1941,2020
1939,1979
1945,2119
1945,2015
1955,1991
1963,2040
1964,1995
1968,2104
1975,1971
1981,2083
1991,2071
2000,2043
2010,1963
2012,2131
2026,2107
2036,1975
2037,2138
2053,2134
2057,1896
2074,2150
2085,2012
2089,1966
2099,2175
2109,1953
2111,2013
2127,2191
2128,1869
2131,2139
2146,2163
2147,1879
2155,2209
2166,2102
2171,2010
2176,2218
2182,2018
2187,1995
2199,2160
2193,1995
2195,2003
2199,2043
2193,2025
2188,2025
2183,2046
2186,2040
2181,2089
2163,2021
2167,2021
2157,2028
2155,2115
2152,2008
2143,1989
2140,2130
2121,2092
2121,1905
2115,2072
2104,2110
2091,2055
2077,1996
2077,2176
2068,2042
2063,1993
2041,2181
2029,1991
2019,2021
2023,2197
2011,2008
2000,2108
2001,2122
1984,1979
1981,2120
1968,2057
1962,1970
1955,2041
1945,1989
1952,2041
1952,2085
1946,1948
1942,2173
1938,2022
1944,1948
1926,2224
1934,1945
1938,2012
1939,2183
1933,1975
1935,2035
1951,2063
1957,1971
1955,2083
1969,2006
1971,2019
1978,2167
1984,1873
1989,2068
1992,2144
2004,1930
2013,2100
2023,2136
2021,1947
2039,2184
2038,2096
2058,2016
2071,2127
2076,2019
2079,1995
2091,2063
2104,2035
2112,2018
2122,2063
2128,1975
2136,2081
2145,2104
2152,1891
2165,2176
2165,2093
2174,1842
2183,2285
2181,2092
2196,1854
2197,2325
2200,1941
2198,2010
2208,2208
2201,1871
2195,2143
2203,2163
2187,1723
2187,2323
2184,1904
2176,1778
2188,2257
2167,1927
2159,1989
2157,2294
2139,1901
2145,2143
2136,2145
2128,1844
2126,2211
2112,2023
2103,1900
2089,2358
2089,1887
2071,2017
2067,2460
2063,1626
2044,2085
2039,2277
2024,1735
2015,2228
2005,2164
1995,1927
1989,2245
1977,1927
1975,2012
1971,2335
1956,1800
1954,2043
1949,2243
1949,1759
1947,2208
1948,2151
1944,1728
1933,2330
1936,1992
1940,1825
1943,2388
1942,1789
1937,2113
1941,2267
1941,1867
1952,2169
1960,2068
1952,1815
1971,2353
1966,1977
1981,1803
1987,2525
2000,1811
2001,1799
2011,2566
2015,1657
2021,1948
2033,2427
2042,1689
2053,2263
2070,2238
2065,1733
2087,2291
2088,2025
2093,1781
2100,2261
2112,1909
2117,1923
2126,2368
2136,1771
2139,2005
2155,2360
2155,1637
2169,2073
2173,2325
2176,1727
2172,2355
2185,2091
2185,1887
2189,2311
2198,1859
2198,1916
2205,2273
2187,1768
2192,2072
2184,2301
2183,1687
2177,2267
2183,1971
2157,1689
2153,2347
2153,1969
2147,1799
2135,2577
2120,1749
2128,2107
2117,2267
2105,1769
2099,2127
2093,2251
2081,1694
2079,2267
2063,2197
2048,1603
2044,2415
2024,1869
2021,1877
2018,2363
2013,1691
2000,2098
1992,2468
1980,1497
1969,2429
1957,2033
1960,1715
1944,2328
1952,1974
1935,1768
1945,2520
1935,1815
1934,1806
1935,2542
1931,1641
1936,2122
1939,2357
1936,1676
1943,2160
1941,2137
1944,1905
1950,2408
1945,1847
1954,2005
1960,2403
1975,1737
1977,2082
1983,2333
1985,1823
1999,2012
2006,2437
2009,1615
2015,2220
2033,2128
2038,1720
2041,2264
2056,2063
2065,1895
2073,2357
2085,1830
2093,2157
2103,2153
2104,1799
2120,2168
2127,2263
2125,1812
2148,1998
2147,2366
2160,1694
2171,2028
2181,2168
2187,1808
2188,2246
2183,2094
2199,1787
2195,2483
2196,1831
2201,1972
2201,2383
2203,1819
2199,2041
2195,2378
2189,1769
2187,2043
2182,2465
2176,1644
2170,2138
2160,2268
2155,1818
2139,2212
2145,2121
2128,1874
2125,2391
2119,1891
2111,2039
2099,2295
2089,1751
2077,2143
2076,2168
2065,1788
2051,2096
2037,2282
2032,1589
2018,2376
2004,2030
2006,1836
1991,2317
1992,2000
1976,1965
1972,2432
1964,1826
1949,2196
1948,2288
1956,1803
1950,2196
1951,2152
1944,1823
1944,2135
1943,2163
1933,1633
1949,2444
1948,1981
1952,1759
1948,2356
1952,2040
1956,1913
1957,2383
1960,1865
1968,2109
1973,2287
1978,1801
1984,2123
1998,2217
2005,1789
2004,2024
2023,2291
2028,1726
2035,2283
2039,2055
2060,1848
2057,2276
2076,1961
2083,1850
2095,2424
2088,1775
2108,2094
2112,2286
2124,1801
2127,2066
2140,2248
2152,1828
2158,2183
2157,2258
2164,1701
2181,2279
2185,2076
2183,1863
2191,2192
2205,2027
2191,1925
2199,2299
2195,1818
2201,2108
2199,2236
2200,1877
2193,2115
2184,2041
2183,1931
2181,2168
2175,2128
2173,1791
2164,2328
2149,2019
2148,1920
2136,2220
2131,2009
2119,1989
2112,2240
2103,1935
2092,2064
2093,2122
2071,1906
2074,2131
2064,2028
2043,2009
2027,2085
2023,2067
2016,1833
2005,2244
1993,2065
1981,1970
1977,2153
1975,2026
1956,2101
1955,2101
1949,2024
1952,2079
1943,2131
1944,2055
1943,2005
1941,2005
1944,2133
1930,1944
1940,2160
1937,1849
1939,2115
1937,2159
1944,1899
1942,2109
1947,2210
1944,1954
1959,2087
1956,2136
1962,2021
1973,2135
1975,2030
1977,2025
2000,1989
1995,2136
2014,1872
2019,2077
2025,2023
2031,2028
2029,2152
2053,1925
2057,2009
2065,2120
2075,1965
2081,2045
2097,2267
2102,1864
2105,2199
2117,2077
2123,1967
2137,1940
2147,2239
2154,1843
2165,2122
2154,1980
2175,2085
2172,2166
2190,1901
2191,2070
2193,2259
2193,1881
2194,2011
2187,2368
2193,1771
2188,2172
2185,2131
2176,1967
2168,1995
2172,2119
2164,1820
2160,2121
2144,2043
2149,1969
2140,2139
2133,2024
2118,2012
2115,2127
2107,2015
2099,1976
2087,2201
2071,1964
2074,2073
2065,2119
2063,2025
2042,1933
2027,2199
2019,1976
2016,1994
1999,2146
1995,2104
1981,2041
1966,2072
1976,2018
1957,2104
1960,2068
1947,1993
1947,2080
1947,2120
1933,2092
1941,1912
1936,2176
1929,2009
1936,1904
1928,2131
1937,1979
1929,2101
1936,2068
1935,2039
1942,2083
1943,2088
1941,1976
1945,2057
1957,2153
1963,2031
1963,1987
1973,2208
1982,1876
1985,2143
1995,2011
2003,1903
2020,2234
2025,1917
2033,1929
2036,2238
2057,1919
2064,2020
2067,2181
2084,1968
2088,2008
2097,2181
2103,1923
2112,2144
2119,2219
2136,1838
2127,2169
2143,2179
2156,1779
2163,2183
2167,1937
2179,1933
2182,2168
2190,1981
2193,2044
2189,2171
2208,2022
2198,2060
2196,2011
2193,2078
2193,2101
2193,2088
2199,2004
2184,2136
2181,2066
2180,1904
2170,2105
2163,2059
2162,1933
2151,2011
2143,2198
2130,1893
2119,2121
2113,2081
2112,2007
2104,2160
2091,1981
2087,2103
2071,2140
2069,1981
2060,2068
2045,2155
2025,2025
2020,2032
2015,2019
2011,2121
2003,2029
1993,1977
1984,2107
1977,1969
1965,1970
1959,2144
1945,1982
1955,2048
1950,2118
1939,1884
1941,2123
1941,2155
1943,1931
1940,2104
1948,2093
1944,1949
1948,2087
1946,2007
1950,1949
1952,2113
1952,2043
1955,1960
1960,2149
1964,2089
1984,1944
1988,2186
1996,2091
2001,1914
2008,2270
2007,1988
2023,1969
2027,2236
2035,1841
2043,1973
2056,2302
2071,1719
2072,2264
2088,2260
2090,1732
2102,2273
2110,2200
2120,1779
2130,2231
2131,2015
2148,1875
2147,2193
2163,1949
2161,1943
2176,2181
2173,1952
2190,1997
2189,2256
2193,1907
2200,1975
2197,2355
2208,1836
2201,2005
2204,2347
2193,1815
2195,2063
2195,2261
2195,1851
2181,2112
2184,2163
2165,1809
2169,2135
2167,1971
2153,1912
2151,2267
2135,1984
2133,2017
2128,2210
2108,1995
2099,2009
2085,2156
2085,1964
2076,2130
2071,2083
2059,2089
2043,2063
2042,2090
2024,2084
2021,1995
2007,1965
2005,2073
1994,2000
1976,2007
1975,2135
1964,1972
1955,2148
1947,2080
1939,1949
1943,2136
1941,2056
1944,1988
1940,2099
1940,2080
1938,2009
1933,2125
1947,1987
1936,2059
1944,2028
1944,1955
1943,2021
1945,2044
1951,2031
1955,2128
1959,2068
1970,2040
1977,2095
1976,2023
1993,2023
1995,2080
2010,2024
2013,2037
2021,2027
2029,2067
2037,1980
2056,2128
2061,1947
2063,2022
2080,2139
2085,2036
2091,2065
2101,2060
2111,1981
2119,2112
2120,2070
2135,1955
2148,2109
2133,1987
2160,1968
2168,2098
2174,1912
2171,2053
2184,1989
2185,2007
2194,2095
2199,2005
2194,2152
2194,2111
2195,2009
2191,2066
2185,1998
2191,2077
2172,2072
2171,1975
2177,2083
2167,2035
2157,1995
2158,2019
2143,2015
2144,2009
2137,2074
2129,1993
2115,2043
2109,2161
2090,2063
2093,2055
2083,2165
2071,1965
2058,2053
2042,2053
2035,2063
2033,2122
2024,1917
2016,2028
2009,2144
1997,1906
1989,2054
1984,2121
1967,2024
1955,2168
1954,2067
1949,2106
1941,2091
1944,2067
1937,2031
1942,2156
1938,2079
1933,1980
1938,2071
1933,2093
1943,2031
1940,1910
1937,2167
1944,2047
1944,1925
1951,2115
1952,2080
1952,2043
1957,2054
1960,2088
1975,2137
1983,2040
1991,2003
1999,2063
2003,2081
2011,1969
2020,2046
2028,2108
2029,1959
2045,2104
2056,2080
2063,1990
2075,2129
2088,2080
2085,1947
2104,2057
2101,2037
2110,2003
2133,2073
2137,1994
2151,1989
2154,2080
2159,1943
2168,1980
2171,2055
2179,2026
2183,2055
2186,2080
2196,2063
2189,2080
2195,2025
2201,2063
2200,2069
2204,2132
2197,1943
2193,2202
2187,1995
2185,1908
2169,2168
2179,1996
2168,2029
2155,2101
2152,1936
2145,2129
2133,2071
2136,2009
2119,2218
2120,2060
2099,2091
2096,2088
2084,2011
2071,2075
2071,2001
2063,1965
2057,2056
2033,2008
2024,1981
2011,2147
2011,2020
1995,2063
1995,2132
1991,1952
1965,2135
1974,2097
1963,2028
1949,2143
1949,2096
1948,2034
1944,2085
1939,1947
1943,2011
1939,2055
1947,1905
1937,2152
1946,2108
1944,1957
1939,2125
1939,1978
1952,2091
1951,2068
1947,1955
1963,2035
1961,2127
1975,1926
1977,2073
1983,2043
1996,1881
1999,2150
2005,2016
2015,1969
2021,2202
2028,1961
2045,2058
2048,2219
2057,1926
2072,2130
2073,2157
2092,1941
2096,2129
2107,2025
2112,1943
2112,2157
2119,1927
2133,2007
2143,2163
2156,1907
2153,2092
2166,2158
2161,1928
2183,2216
2183,2063
2183,1940
2185,2229
2195,1957
2194,1992
2195,2211
2199,1888
2197,2007
2193,2174
2192,1861
2183,2174
2179,2073
2172,1823
2167,2257
2168,2114
2155,1823
2151,2276
2144,2065
2141,1907
2128,2217
2121,1973
2115,1953
2104,2221
2089,1782
2081,2122
2073,2110
2063,1832
2051,2125
2045,2155
2032,1850
2024,2288
2020,2008
2007,1930
1996,2361
1992,1912
1978,2043
1979,2287
1960,1789
1956,2131
1951,2185
1943,1764
1945,2283
1937,2043
1932,1832
1933,2301
1933,1977
1925,1843
1935,2323
1944,1915
1933,1975
1938,2131
1944,1927
1931,2036
1937,2090
1939,1873
1956,2151
1962,2102
1964,1901
1976,2106
1977,2206
1977,1848
1990,2066
1997,2275
2009,1911
2023,2077
2024,2197
2038,1883
2039,2056
2057,2152
2064,1848
2067,2160
2077,1983
2089,1953
2092,2089
2096,2030
2114,1987
2123,2247
2126,1981
2141,2008
2151,2151
2155,2072
2153,1937
2164,2183
2173,1980
2184,2003
2186,2108
2187,1965
2198,2055
2188,2067
2191,1937
2187,2168
2196,2037
2185,1891
2192,2157
2187,2117
2168,1851
2168,2203
2166,2040
2166,1919
2160,2207
2152,1965
2135,2071
2132,2093
2127,1911
2121,2132
2105,2151
2103,1855
2093,2213
2091,2092
2075,1911
2072,2166
2057,2092
2039,1889
2036,2211
2027,1981
2015,1991
2016,2152
2000,1905
1981,2036
1979,2140
1969,2000
1962,2120
1962,2135
1946,1971
1957,2193
1949,2099
1941,1945
1937,2076
1937,2117
1931,1878
1929,2115
1931,1989
1941,2039
1936,2073
1935,1996
1931,2059
1946,2093
1941,1975
1948,2147
1955,2108
1956,2091
1965,2016
1976,2160
1975,2031
1977,1958
1996,2090
2001,1987
2011,2063
2020,2079
2019,1991
2035,1990
2037,2087
2043,1979
2063,2085
2067,2007
2071,2052
2093,2108
2101,2024
2109,1899
2117,2211
2122,1953
2113,2001
2135,2128
2149,1993
2152,2039
2169,2160
2165,2023
2180,2095
2183,2017
2191,2024
2187,2136
2204,2007
2195,2011
2203,2073
2203,2080
2205,1938
2195,2120
2197,1995
2189,2039
2189,2048
2183,2121
2182,2025
2171,2128
2168,1996
2151,2115
2145,2067
2138,2031
2131,2071
2132,2069
2119,1947
2106,2099
2103,2009
2099,2026
2087,2032
2078,2067
2070,1988
2059,2113
2047,2019
2032,2084
2025,2096
2014,2085
2011,2124
2005,1989
1999,2117
1981,2078
1973,2065
1963,1967
1957,2079
1949,2005
1952,2036
1951,2006
1951,2075
1947,2056
1948,2007
1939,1980
1939,2147
1939,2043
1928,2030
1927,2021
1944,2085
1940,2007
1949,1991
1951,2036
1961,2092
1961,1957
1959,2067
1970,2117
1976,1945
1987,2057
2005,2003
1997,2075
2009,2029
2018,2088
2024,2139
2035,2045
2040,2028
2054,2087
2063,1931
2067,1989
2071,2079
2083,2031
2096,2015
2106,2137
2106,2015
2120,2011
2123,2096
2139,2165
2144,1931
2156,2116
2161,2107
2167,2029
2169,2062
2186,2023
2184,1991
2187,2039
2192,2007
2199,2009
2199,2125
2199,1968
2191,2095
2189,2103
2185,2094
2192,2048
2181,2147
2168,2029
2173,2171
2175,2071
2165,1947
2153,2144
2149,2060
2146,1883
2135,2090
2136,2071
2120,1994
2105,2112
2102,2052
2093,2099
2082,2079
2071,2001
2058,2089
2053,2106
2041,1997
2035,2152
2017,2007
2011,2069
1999,2103
1993,2001
1989,1986
1978,2071
1970,1980
1963,2029
1954,2073
1944,2127
1945,1976
1947,2139
1944,2111
1942,1991
1936,2099
1939,2057
1937,2005
1938,2087
1935,1965
1935,2132
1937,2083
1944,1952
1938,2125
1947,2043
1951,2035
1955,2131
1959,2039
1968,2038
1973,2119
1973,2006
1987,1960
1993,2129
2003,2043
2009,1966
2023,2117
2031,2027
2029,2028
2043,2081
2062,2055
2071,2037
2074,2149
2079,2001
2091,2040
2103,2143
2101,2005
2112,2048
2128,2015
2136,2008
2132,2065
2153,1999
2160,2002
2165,2155
2183,1963
2173,2018
2179,2112
2196,2076
2194,1995
2185,2103
2202,2096
2193,2027
2200,2084
2199,2063
2193,2121
2193,2041
2186,1900
2184,2144
2170,1924
2172,1982
2172,2160
2155,1990
2147,2017
2139,2190
2136,1983
2128,2024
2124,2112
2104,1925
2105,2071
2095,2101
2081,1939
2080,2131
2068,2043
2060,1916
2041,2167
2025,1967
2024,2003
2003,2225
2007,2040
2003,2024
1991,2212
1971,1987
1973,2065
1961,2116
1968,1956
1962,2011
1951,2103
1949,1941
1952,2089
1945,2132
1944,1949
1947,2089
1944,2037
1937,2079
1939,2117
1939,2040
1947,2087
1947,2132
1945,1933
1951,2087
1953,2041
1960,1971
1971,1979
1971,2047
1979,1961
1988,2009
1991,2015
1995,2043
1992,2074
2017,2040
2021,1981
2039,2176
2035,2071
2041,1984
2063,2136
2068,2076
2078,2016
2090,2100
2096,2016
2103,2019
2109,2120
2119,1935
2131,2079
2142,2122
2147,2000
2157,2072
2165,2106
2163,2003
2186,2053
2181,2086
2189,2047
2192,2091
2203,2056
2197,1987
2199,2065
2204,2091
2200,1992
2199,2123
2197,2085
2185,2016
2193,2150
2193,1913
2173,2071
2169,2137
2169,1898
2162,2126
2160,2071
2143,1914
2135,2157
2129,2023
2119,1937
2108,2092
2111,2035
2100,2013
2092,2139
2077,2053
2068,2061
2054,2211
2056,2021
2041,2043
2022,2136
2020,1989
2000,2055
1995,2058
1991,2011
1990,2043
1971,2063
1963,1960
1960,2120
1960,2053
1951,2020
1948,2067
1945,2168
1935,2027
1935,2034
1935,2092
1932,2104
1931,1999
1936,2091
1940,2037
1940,2018
1938,2029
1949,2077
1948,2063
1945,2045
1956,2047
1963,2081
1970,2085
1978,2072
1983,2076
1979,2038
1993,2069
2001,2047
2016,2015
2013,2088
2024,2076
2029,2037
2044,2087
2057,2040
2071,2112
2078,2015
2082,2085
2091,2065
2107,2054
2103,2080
2115,2083
2127,2041
2139,2091
2135,2023
2152,2015
2159,2019
2157,2003
2172,2016
2184,2071
2169,2032
2189,2118
2186,2080
2196,2009
2200,2147
2195,2040
2200,2008
2187,2083
2193,2063
2190,2028
2189,2060
2172,2016
2173,2007
2171,2040
2157,1984
2163,2037
2153,2089
2141,2040
2131,2019
2121,2105
2107,2072
2111,2136
2106,2051
2096,2009
2091,2151
2079,1966
2070,2024
2055,2093
2054,2043
2028,2067
2028,2088
2017,2039
2003,1973
2003,2063
1992,2056
1986,2044
1974,2107
1963,2055
1967,2118
1961,2080
1951,1958
1947,2029
1939,2063
1944,1995
1942,2087
1943,2037
1932,2037
1937,2102
1929,2073
1933,1984
1929,2179
1942,2014
1944,2032
1948,2124
1947,2024
1956,2034
1961,2072
1967,2004
1971,2063
1977,2039
1978,2015
1995,2040
2005,2089
2007,2063
2020,2048
2025,2071
2032,2140
2043,2077
2060,2052
2063,2065
2074,2106
2081,2021
2087,2067
2093,2034
2107,1960
2120,2070
2123,2056
2133,2013
2143,2124
2147,2027
2160,2059
2168,2069
2167,2068
2169,2042
2187,2037
2182,2068
2196,2030
2197,2063
2196,2063
2207,1996
2197,2041
2198,2025
2192,2065
2189,2073
2185,2044
2174,2015
2182,2072
2169,2057
2165,2035
2160,2065
2160,2068
2149,2075
2144,2009
2127,2067
2127,2129
2115,2052
2103,2051
2104,2123
2097,1984
2081,2091
2071,2056
2066,1995
2059,2069
2048,2084
2033,2056
2017,2082
2015,2024
2005,2043
1993,2085
1982,2028
1976,2069
1965,2112
1953,2023
1962,2011
1949,2128
1951,2025
1949,2070
1947,2073
1941,2029
1944,2027
1938,2071
1941,2005
1946,2094
1946,2058
1951,2009
1940,2071
1947,1971
1952,1992
1953,2039
1956,2090
1964,2005
1974,2071
1977,2087
1992,2024
1995,2093
1996,2015
2008,2063
2018,2055
2019,2019
2032,2022
2035,2101
2048,2025
2063,2030
2068,2124
2077,1983
2088,2056
2096,2089
2103,1988
2112,2086
2121,2075
2123,1979
2134,2131
2144,2052
2149,1971
2160,2063
2169,2044
2159,1989
2181,2100
2183,2025
2190,2012
2189,2129
2199,2019
2200,2063
2199,2123
2199,1973
2193,2057
2193,2150
2194,1948
2187,2135
2194,2093
2184,1939
2163,2093
2169,2095
2163,1887
2161,2129
2151,2079
2146,1960
2133,2220
2132,2020
2115,2032
2108,2201
2107,2009
2090,2016
2081,2149
2073,1931
2071,2001
2043,2169
2033,1944
2032,1982
2025,2174
2003,1978
1995,2015
1988,2137
1979,1978
1975,2081
1974,2117
1955,1972
1955,2111
1951,2055
1949,2012
1937,2087
1943,1992
1940,2011
1944,2054
1945,2035
1937,1998
1943,2104
1940,2054
1940,2073
1943,2112
1944,2036
1946,2035
1954,2125
1960,2037
1961,2035
1961,2131
1972,2022
1976,2051
1978,2033
2001,2060
1994,2035
2008,2118
2011,2011
2024,2075
2027,2043
2042,2060
2055,2031
2066,2001
2065,2079
2077,2056
2093,2032
2096,2043
2100,2080
2111,2040
2120,2008
2131,2067
2131,2090
2151,1967
2155,2125
2159,2056
2167,2041
2176,2073
2184,2023
2183,2045
2187,2099
2191,2020
2193,2052
2195,2092
2197,2069
2195,2067
2190,2120
2185,2011
2185,2025
2183,2096
2174,2073
2174,2108
2157,2096
2152,2011
2145,2071
2149,2096
2136,1991
2130,2064
2124,2092
2115,2022
2101,2069
2089,2067
2077,2007
2080,2132
2075,2027
2057,1971
2039,2127
2041,2011
2026,1999
2017,2097
2015,2051
2003,2019
1995,2083
1984,2068
1965,2018
1959,2125
1965,2003
1957,1977
1948,2173
1950,1931
1946,2032
1944,2155
1940,1955
1917,2007
1939,2107
1937,1943
1940,2072
1931,2084
1939,1996
1943,2093
1945,2144
1943,1945
1952,2091
1949,2125
1962,1996
1965,2103
1976,2091
1981,2020
1992,2071
1996,2032
1994,1979
2012,2110
2021,1984
2025,1959
2036,2106
2041,2008
2061,2016
2052,2079
2071,2066
2084,2057
2085,2053
2099,2031
2105,2120
2114,2038
2117,2063
2131,2117
2141,1984
2139,2025
2150,2059
2167,2046
2159,2021
2173,2105
2173,2040
2192,2064
2191,2105
2196,2067
2200,2009
2199,2043
2205,2075
2196,2046
2197,1993
2187,2109
2200,2066
2188,2005
2176,2089
2171,2089
2168,2042
2169,1997
2157,2016
2157,2125
2139,2027
2132,2041
2131,2093
2125,2022
2116,2008
2107,2078
2093,1984
2089,2079
2075,2059
2063,1965
2065,2101
2047,2077
2037,1989
2023,2095
2013,2055
2011,2009
2003,2113
1980,2024
1987,2055
1980,2079
1963,2111
1960,2020
1960,2108
1952,2080
1952,2008
1952,2076
1951,2056
1943,2019
1937,2122
1946,1995
1944,2097
1939,2100
1944,2016
1943,2041
1940,2136
1947,2004
1952,2035
1961,2107
1966,2026
1968,2071
1973,2048
1983,2003
1984,2069
1993,2027
1995,2009
2012,2069
2015,2033
2023,2058
2035,2104
2037,2065
2043,2015
2071,2030
2076,2063
2088,2016
2075,2044
2098,2041
2111,2073
2116,2119
2127,2001
2123,2072
2143,2120
2155,2039
2160,2065
2167,2093
2176,1988
2181,2035
2188,2105
2194,1997
2199,2027
2202,2129
2203,1927
2193,2043
2197,2095
2201,1966
2195,2093
2189,2069
2188,1975
2171,2143
2188,2068
2180,1976
2169,2139
2168,2035
2151,1971
2143,2119
2137,2007
2127,2003
2123,2099
2107,1961
2101,2023
2094,2063
2091,1995
2077,2057
2071,2119
2057,2019
2063,2105
2040,2092
2032,1995
2017,2108
2003,2087
2007,2030
1991,2112
1981,2088
1975,1993
1971,2120
1965,2042
1959,1981
1952,2112
1943,2017
1947,2025
1944,2105
1941,2057
1937,2071
1931,2102
1932,2036
1937,2060
1938,2032
1940,2039
1935,2003
1944,2056
1945,2087
1946,2051
1944,2067
1955,2121
1948,2017
1969,1989
1972,2107
1979,2080
1991,2080
1993,2007
1995,2092
2003,2082
2011,2022
2027,2019
2037,2076
2047,2012
2045,2030
2065,2075
2080,2101
2080,2072
2089,2037
2100,2064
2104,2069
2116,2003
2125,2043
2132,2077
2144,2031
2147,2016
2151,2057
2158,2025
2161,2067
2176,2005
2183,2040
2184,2104
2188,1969
2187,2119
2199,2037
2192,1981
2199,2088
2195,2040
2192,2032
2179,2100
2174,1967
2171,2040
2173,2100
2163,2019
2167,2051
2147,2080
2149,2039
2137,2072
2131,2097
2117,2005
2121,2101
2120,2115
2102,1981
2090,2096
2075,2082
2067,2015
2063,2080
2047,2040
2040,2069
2036,2055
2027,2077
2016,2043
2011,2108
1996,2036
1989,2031
1975,2087
1976,2015
1968,2016
1960,2071
1952,1991
1952,2071
1939,2011
1931,2035
1942,2113
1939,2011
1939,2080
1929,2072
1937,2015
1936,2089
1934,2001
1944,2003
1933,2091
1943,2025
1955,2014
1945,2099
1959,2032
1969,1989
1976,2089
1978,1997
1988,2052
1989,2085
2004,2040
1998,2101
2016,2027
2025,2028
2032,2127
2040,2041
2058,2025
2059,2123
2073,2028
2071,2043
2096,2107
2098,1999
2101,2035
2119,2106
2123,1994
2123,2047
2141,2088
2145,2001
2151,2087
2169,2008
2168,2038
2175,2136
2189,1987
2187,2040
2193,2076
2195,2015
2201,2057
2199,2043
2204,2043
2192,2038
2199,2015
2203,2081
2198,2063
2185,2024
2185,2103
2184,2097
2169,2019
2167,2008
2163,2019
2156,2023
2146,2023
2139,2015
2133,2053
2125,2083
2119,2019
2107,2040
2093,2115
2084,2020
2079,2123
2065,2089
2063,2024
2051,2113
2041,2041
2035,2052
2023,2112
2005,2030
2004,2078
1995,2092
1991,1969
1975,2080
1971,2047
1961,1989
1958,2075
1949,2001
1943,2016
1951,2100
1939,2037
1941,2045
1943,2095
1939,2026
1937,2065
1943,2091
1939,2024
1934,2109
1944,2080
1951,2066
1949,2088
1955,2021
1955,2043
1971,2118
1975,2043
1984,2041
1990,2136
1993,2055
1999,2021
2009,2103
2022,2080
2024,2088
2033,2024
2043,2107
2056,2071
2062,1976
2059,2073
2080,2104
2087,2023
2096,2005
2107,2028
2105,2057
2121,2016
2123,1959
2132,2080
2149,2063
2148,1974
2157,2087
2163,2053
2175,2028
2183,2093
2187,1991
2192,2078
2195,2079
2200,1996
2204,2115
2203,2114
2203,1989
2200,2092
2197,2059
2197,1993
2168,2072
2189,2083
2169,2056
2165,2105
2163,1984
2164,2075
2157,2109
2151,1988
2139,2043
2136,2075
2131,1975
2125,2125
2112,2063
2101,1943
2092,2131
2080,2016
2074,2016
2068,2105
2046,2039
2037,2065
2032,2081
2022,2047
2006,2040
1997,2076
1989,2044
1988,2063
1982,2077
1968,2028
1950,2037
1949,2065
1940,2017
1948,2090
1944,2057
1940,2052
1944,2103
1939,2048
1941,2056
1940,2100
1932,2065
1944,2042
1942,2055
1939,2024
1939,2059
1945,2063
1951,2066
1957,2088
1959,2071
1968,2011
1976,2071
1983,2073
1981,2005
1994,2028
2002,2025
2008,2088
2020,2068
2021,2053
2035,2106
2042,2039
2056,2030
2057,2076
2072,2041
2088,2042
2092,2011
2099,2065
2105,2033
2105,1992
2120,2043
2127,2055
2141,2039
2151,2063
2147,2093
2156,2051
2167,2075
2172,2072
2182,2069
2183,2063
2179,2019
2185,2028
2200,2078
2198,2075
2202,2039
2193,2029
2191,2040
2184,2010
2184,2007
2187,2043
2170,2067
2172,2082
2172,2016
2152,2075
2151,2039
2151,2004
2137,2081
2137,2038
2120,2067
2107,2063
2109,1989
2097,2079
2091,2061
2081,2025
2076,2008
2067,2060
2051,1996
2038,2054
2035,1995
2017,2033
2011,2109
2001,2025
1993,2060
1990,2123
1988,2027
1972,2024
1967,2071
1964,2069
1952,2063
1950,2099
1946,2069
1943,2053
1942,2072
1944,2035
1946,2070
1944,2076
1947,2032
1943,2092
1940,2070
1930,2033
1952,2060
1943,2073
1945,2029
1960,2019
1965,2045
1969,2012
1975,2035
1979,2091
1992,2023
1996,2054
2003,2083
2012,2013
2020,2030
2027,2101
2033,2063
2044,2059
2055,2083
2063,2047
2065,2065
2088,2043
2098,2023
2103,2067
2108,2063
2115,2009
2129,2117
2127,2024
2144,2080
2152,2073
2154,2002
2161,2106
2175,2068
2176,2043
2185,2119
2184,2040
2194,2019
2199,2043
2191,2059
2204,2103
2204,2043
2191,2025
2201,2091
2199,2016
2195,1985
2183,2079
2186,2007
2171,2024
2170,2053
2163,2031
2151,2065
2153,2065
2141,2056
2136,2056
2125,2063
2119,1961
2112,2037
2107,2072
2093,2042
2075,2063
2083,2045
2072,2039
2057,2069
2043,2059
2038,1981
2022,2148
2015,2036
2004,1965
2001,2114
1989,2040
1977,2043
1963,2063
1965,2056
1957,2107
1957,2053
1952,2005
1948,2093
1945,2037
1943,2027
1938,2023
1941,2068
1940,2027
1937,2033
1935,2015
1939,2065
1938,2013
1948,2023
1944,2101
1952,2030
1955,2024
1961,2087
1962,2027
1972,1993
1971,2095
1984,2000
1993,2077
1996,2075
2007,2007
2009,2028
2019,2079
2031,2007
2035,2043
2043,2089
2057,2056
2071,2063
2080,2094
2085,2057
2092,2048
2099,2035
2106,2075
2121,2076
2123,2053
2134,2040
2147,2069
2139,2091
2155,2072
2168,2035
2169,2058
2176,2063
2179,2067
2188,2011
2191,2032
2195,2077
2195,2023
2197,2006
2199,2034
2196,2045
2187,2034
2183,2038
2182,2051
2176,2041
2184,2074
2167,2085
2161,2019
2153,2063
2152,2003
2137,2053
2127,2080
2132,2063
2122,2063
2112,2073
2108,2035
2099,2091
2086,2067
2075,2001
2053,2083
2043,2063
2052,2041
2035,2059
2027,2064
2017,2041
2005,2077
2007,2076
1991,2098
1979,2071
1967,2053
1969,2099
1958,2135
1955,2048
1952,2032
1949,2089
1939,2026
1937,1987
1939,2023
1939,2025
1936,2025
1936,2029
1934,2074
1939,2060
1937,2071
1931,2025
1941,2079
1944,2079
1949,2057
1951,2016
1957,2080
1960,2065
1972,1987
1977,2083
1995,2044
1986,2072
1996,2092
2008,2001
2015,2127
2025,2069
2038,2028
2043,2073
2063,2138
2063,2024
2072,2101
2084,2048
2096,2095
2101,1995
2105,2003
2113,2011
2119,2037
2131,2032
2136,1961
2143,2073
2159,2019
2163,1995
2157,2029
2176,2015
2176,2030
2186,2005
2194,2052
2196,2056
2196,2064
2200,2056
2199,2023
2194,2106
2195,2073
2188,2029
2188,2075
2183,2056
2181,2035
2169,2076
2157,2063
2159,2028
2153,2079
2152,2076
2140,2075
2132,2028
2121,2041
2120,2011
2112,2055
2097,2031
2091,2038
2084,2065
2070,2068
2057,2035
2047,2077
2040,2030
2025,2015
2016,2075
2015,2056
2003,2033
1993,2079
1984,2063
1977,2067
1971,2103
1968,2041
1961,2125
1947,2067
1952,2036
1943,2057
1951,2063
1948,2040
1944,2063
1944,2043
1939,2063
1944,2027
1947,2075
1944,2046
1944,2026
1941,2066
1948,2036
1959,2032
1959,2039
1965,2015
1961,2072
1977,2020
1984,2029
1989,2057
1997,2079
2008,2022
2016,2057
2008,2096
2013,2059
2039,2063
2054,2094
2059,2079
2063,2085
2081,2048
2083,2095
2096,2057
2104,2056
2112,2055
2121,2065
2121,2091
2143,2063
2147,2024
2147,2083
2152,1979
2161,2023
2168,1991
2171,2019
2181,2051
2188,2017
2195,2015
2193,2033
2196,2077
2199,2016
2203,2092
2199,2060
2195,2040
2195,2082
2192,2088
2181,2037
2184,2087
2168,2066
2170,2088
2167,2081
2155,2042
2149,2007
2147,2105
2119,2074
2128,2071
2123,2094
2112,2028
2088,2065
2095,2076
2076,2016
2076,2086
2067,2045
2053,1987
2040,2063
2033,2089
2024,2001
2015,2017
1999,2039
2000,2063
1992,2024
1977,2046
1968,2067
1961,2074
1964,2040
1952,2082
1943,2057
1940,2060
1937,2040
1939,2090
1931,2071
1943,2069
1943,2072
1944,2053
1938,2091
1944,2045
1944,2092
1939,2108
1952,2073
1945,2080
1960,2039
1965,2077
1957,2041
1964,2042
1979,2077
1977,2045
1991,1964
1997,2036
2008,2072
2015,2033
2026,2080
2021,2023
2043,2019
2053,2090
2063,2071
2071,2001
2073,2149
2089,2048
2099,2021
2103,2084
2120,2041
2120,2043
2124,2094
2137,2053
2152,2063
2158,2073
2155,2088
2168,2029
2180,2052
2179,2059
2188,2