2125,2005
2117,2024
2109,2057
2101,2043
2094,2056
2088,2056
2076,2074
2068,2076
2057,2063
2039,2033
2032,2057
2029,2039
2021,2071
2011,2052
2004,2020
1996,2064
1981,2041
1969,2057
1969,2059
1964,2068
1953,2059
1950,2011
1948,2068
1945,2045
1939,2041
1941,2077
1944,2064
1942,2076
1940,2056
1939,2011
1933,2057
1939,2064
1944,2042
1940,2063
1950,2047
1952,2059
1957,2092
1957,2057
1965,2088
1967,2055
1971,2048
1984,2076
1992,2067
1991,2056
2001,2057
2013,2029
2018,2080
2019,2060
2036,2044
2038,2057
2055,2062
2071,2040
2068,2071
2080,2037
2083,2040
2091,2068
2101,2043
2105,2093
2105,2063
2123,2043
2141,2075
2150,2058
2153,2047
2164,2044
2161,2065
2167,2036
2173,2083
2176,2064
2193,2047
2192,2066
2195,2022
2194,2058
2195,2009
2191,2065
2192,2054
2185,2081
2173,2039
2182,2077
2173,2071
2161,2073
2164,2027
2160,2065
2143,2063
2139,2071
2148,2078
2136,2043
2116,2041
2101,2063
2105,2044
2102,2055
2091,2036
2088,2076
2075,2039
2069,2041
2057,2063
2039,2048
2029,2041
2015,2027
2025,2027
2020,2071
2007,2074
1995,2056
1993,2067
1984,2036
1978,2083
1970,2037
1972,2080
1969,2035
1962,2076
1957,2055
1962,2063
1957,2063
1960,2069
1953,2058
1958,2053
1959,2051
1961,2054
1960,2077
1967,2063
1968,2023
1965,2037
1969,2023
1975,2027
1995,2041
1995,2063
1995,2073
2005,2070
2005,2057
2016,2071
2024,1995
2043,2040
2046,2067
2055,2061
2063,2083
2071,2022
2073,2052
2086,2019
2097,2039
2104,2072
2112,2091
2113,2029
2128,2063
2134,2066
2143,2037
2156,2047
2157,2043
2171,2043
2173,2067
2169,2041
2193,2031
2187,2067
2199,2063
2203,2055
2201,2039
2199,2037
2198,2053
2203,2042
2196,2101
2200,2040
2201,2043
2189,2035
2192,2064
2187,2011
2183,2083
2168,2029
2174,2061
2157,2027
2156,2030
2145,2089
2143,2037
2135,2052
2128,2066
2120,2056
2103,2027
2089,2078
2092,2071
2080,2091
2071,2051
2063,2059
2043,2040
2029,2045
2030,2023
2021,2037
2009,2024
2003,2043
1991,2063
1992,2039
1980,2075
1976,2071
1968,2072
1958,2041
1963,2029
1959,2059
1961,2047
1960,2031
1953,2056
1949,2055
1952,2037
1952,2075
1959,2053
1956,2063
1960,2063
1964,2041
1967,2062
1975,2041
1982,2060
1983,2041
1987,2024
1996,2069
2004,1996
2002,2072
2020,2015
2021,2079
2025,2036
2042,2071
2043,2071
2065,2058
2066,2039
2080,2060
2087,2083
2097,2055
2103,2065
2120,2021
2121,2023
2131,2044
2144,2063
2147,2071
2154,2069
2165,2063
2165,2043
2172,2060
2181,2082
2189,2053
2199,2040
2199,2063
2203,2063
2211,2075
2215,2063
2215,2054
2209,2053
2213,2039
2208,2076
2206,2036
2199,2015
2195,2011
2199,2075
2193,2031
2187,2057
2172,2071
2168,2048
2157,2071
2151,2033
2143,2076
2137,2071
2127,2063
2121,2068
2107,2045
2103,2075
2095,2053
2074,2088
2079,2019
2068,2071
2057,2075
2035,2041
2027,2075
2024,2053
2015,2051
2009,2058
1995,2067
1992,2012
1972,2053
1970,2031
1960,2057
1955,2040
1957,2035
1949,2027
1950,2074
1956,2043
1952,2078
1952,2048
1945,2067
1952,2033
1943,2070
1945,2063
1952,2072
1958,2038
1964,2033
1963,2009
1971,2048
1974,2066
1979,2035
1984,2032
1989,2053
1996,2055
2003,2066
2011,2065
2018,2053
2023,2040
2033,2081
2041,2075
2053,2037
2063,2047
2072,2028
2073,2040
2077,2053
2090,2069
2100,2034
2104,2063
2112,2063
2117,2067
2121,2021
2133,2069
2140,2058
2152,2017
2167,2039
2165,2073
2172,2058
2169,2019
2184,2063
2183,2024
2185,2025
2188,2066
2187,2021
2192,1990
2191,2019
2190,2040
2189,2035
2183,2035
2183,2021
2179,2019
2170,2025
2163,2075
2157,2059
2153,2051
2139,2080
2143,2067
2135,2017
2124,2084
2119,2030
2119,2043
2111,2072
2100,2078
2086,2056
2081,2077
2075,2069
2063,2079
2058,2072
2056,2057
2039,2083
2025,2070
2015,2051
2009,2078
2005,2073
1993,2069
1999,2056
1984,2063
1987,2060
1972,2063
1979,2053
1963,2039
1970,2073
1968,2069
1968,2040
1965,2027
1971,2048
1959,2048
1965,2072
1965,2031
1969,2080
1969,2055
1971,2072
1980,2063
1981,2025
1984,2057
1996,1992
2006,2063
2005,2073
2006,2009
2015,2028
2023,2012
2035,2077
2037,2057
2042,2069
2057,2076
2063,2025
2071,2018
2071,2092
2088,2080
2087,2029
2103,2045
2113,2077
2109,2044
2123,2083
2137,2056
2140,2074
2148,2062
2157,2033
2165,2044
2165,2063
2181,2043
2168,2056
2188,2055
2196,2011
2195,2072
2204,2071
2199,2060
2207,2067
2204,2041
2206,2069
2202,2051
2201,2063
2196,2063
2198,2032
2194,2066
2185,2057
2183,2057
2176,2021
2169,2071
2167,2040
2151,2079
2156,2041
2152,2018
2141,2063
2129,2078
2134,2036
2109,2021
2103,2067
2098,2075
2093,2072
2084,2041
2071,2072
2063,2044
2055,2029
2037,2076
2024,2071
2018,2031
2007,2060
2005,2037
2008,2064
1992,2067
1977,2085
1973,2035
1965,2083
1963,2026
1964,2074
1966,2069
1960,2057
1961,2045
1960,2066
1960,2035
1956,2058
1947,2056
1953,2080
1960,2064
1962,2043
1963,2018
1968,2039
1972,2053
1980,2052
1971,2041
1981,2057
1987,2063
1991,2009
1998,2027
2003,2027
2016,2089
2025,2065
2031,2070
2039,2048
2051,2067
2059,2052
2068,2053
2072,2072
2086,2070
2087,2077
2107,2044
2103,2069
2106,2053
2124,2048
2134,2055
2144,2071
2143,2033
2144,2074
2153,2024
2160,2037
2167,2036
2170,2041
2184,2066
2185,2029
2188,2063
2194,2043
2193,2046
2194,2063
2194,2079
2193,2047
2192,2027
2187,2056
2171,2055
2177,2065
2167,2065
2164,2044
2153,2072
2143,2069
2144,2068
2131,2023
2130,2075
2119,2043
2114,2047
2104,2036
2091,2028
2087,2063
2073,2074
2063,2056
2056,2093
2048,2021
2027,2056
2029,2060
2019,2045
2005,2043
2001,2053
1991,2081
1989,2070
1976,2040
1969,2067
1967,2043
1958,2039
1955,2054
1950,2071
1948,2055
1948,2085
1946,2071
1943,2063
1939,2037
1935,2023
1938,2033
1941,2072
1943,2027
1949,2037
1944,2053
1954,2066
1960,2037
1965,2037
1973,2060
1975,2056
1988,2047
1988,2069
1993,2043
1995,2038
2001,2033
2022,2056
2025,2055
2032,2071
2039,2055
2043,2031
2069,2063
2077,2055
2079,2040
2095,2042
2091,2043
2113,2069
2112,2040
2119,2027
2121,2066
2135,2070
2147,2043
2148,2028
2168,2048
2170,2027
2183,2071
2182,2060
2185,2063
2191,2042
2199,2033
2201,2044
2205,2035
2202,2048
2200,2078
2202,2024
2203,2036
2195,2092
2192,2033
2183,2057
2183,2033
2176,2065
2167,2019
2152,2065
2161,2080
2147,2077
2143,2035
2137,2037
2133,2037
2121,2057
2115,2072
2109,2035
2099,2065
2085,2057
2085,2044
2073,2055
2071,2070
2058,2057
2039,2063
2029,2037
2024,2048
2020,2052
2012,2063
2007,2055
1995,2038
1984,2044
1973,2056
1973,2063
1965,2072
1961,2033
1967,2075
1961,2065
1957,2034
1953,2071
1959,2060
1959,2056
1955,2037
1955,2011
1960,2063
1961,2066
1965,2039
1959,2019
1971,2072
1971,2054
1973,2042
1987,2088
2000,2059
1995,2043
2007,2076
2010,2028
2021,2064
2022,2045
2031,2028
2038,2042
2044,2058
2057,2063
2054,2043
2071,2081
2082,2035
2089,2053
2097,2073
2100,2042
2110,2046
2116,2051
2123,2079
2134,2053
2140,2066
2147,2064
2149,2063
2166,2036
2171,2073
2172,2021
2176,2021
2185,2029
2185,2039
2185,2040
2195,2060
2187,2067
2193,2023
2193,2044
2190,2029
2191,2057
2173,2075
2183,2033
2169,2011
2167,2045
2161,2041
2159,2031
2151,2067
2143,2028
2137,2037
2127,2041
2123,2071
2122,2067
2108,2067
2099,2045
2098,2068
2087,2033
2075,2070
2068,2075
2055,2072
2039,2041
2029,2028
2029,2061
2023,2031
2009,2048
2007,2021
1995,2031
1995,2055
1973,2041
1972,2066
1957,2029
1961,2071
1952,2088
1955,2059
1955,2068
1951,2048
1947,2063
1949,2063
1951,2041
1943,2040
1944,2041
1940,2083
1949,2023
1941,2072
1945,2088
1953,2053
1963,2057
1963,2071
1971,2035
1975,2074
1987,2036
1987,2054
1998,2037
2002,2043
2001,2055
2009,2057
2025,2033
2032,2037
2041,2036
2044,2056
2045,2043
2064,2084
2076,2071
2075,2053
2074,2080
2097,2009
2097,2007
2110,2072
2119,2071
2127,2045
2137,2035
2144,2053
2152,2040
2157,2065
2164,2043
2169,2058
2183,2031
2173,2053
2185,2070
2188,2056
2195,2043
2195,2039
2192,2072
2192,2039
2191,2060
2184,2058
2186,2024
2173,2029
2173,2056
2173,2063
2163,2075
2160,2080
2151,2025
2137,2063
2143,2011
2130,2040
2124,2063
2117,2039
2128,2042
2103,2048
2096,2081
2091,2056
2080,2052
2067,2025
2059,2075
2051,2069
2038,2057
2027,2033
2017,2027
2010,2043
2014,2037
1997,2026
1989,2035
1977,2056
1976,2067
1963,2048
1962,2015
1955,2037
1964,2051
1953,2055
1949,2063
1952,2076
1955,2055
1945,2027
1951,2035
1951,2063
1952,2084
1952,2008
1957,2040
1955,2048
1968,2043
1969,2079
1977,2059
1975,2012
1987,2059
1989,2043
1999,2073
2003,2089
2011,2029
2027,2068
2026,2044
2024,2027
2043,2063
2058,2076
2059,2065
2074,2073
2075,2029
2087,2069
2091,2061
2106,2052
2107,2054
2123,2043
2122,2085
2135,2019
2143,2074
2149,2051
2163,2056
2170,2039
2167,2039
2181,2036
2189,2048
2187,2041
2195,2052
2199,2072
2195,2043
2199,2060
2199,2063
2200,2043
2197,2035
2188,2009
2195,2068
2187,2063
2179,2031
2180,2071
2169,2073
2165,2044
2157,2071
2151,2011
2145,2070
2139,2032
2129,2065
2116,2011
2109,2017
2108,2076
2099,2083
2083,2070
2078,2022
2071,2040
2056,2029
2056,2084
2031,2033
2027,2067
2011,2027
2005,2074
2004,2073
1999,2040
1988,2021
1973,2067
1971,2063
1964,2029
1955,2097
1955,2057
1947,2066
1955,2045
1945,2043
1956,2058
1951,2075
1949,2044
1951,2088
1939,2037
1952,2075
1951,2072
1949,2100
1960,2053
1949,2068
1959,2003
1961,2068
1968,2066
1981,2040
1979,2037
1997,2054
1995,2043
2007,2027
2019,2063
2024,2088
2021,2066
2045,2071
2056,2038
2056,2068
2072,2043
2076,2063
2083,2039
2092,2092
2103,2063
2101,2063
2115,2063
2119,2063
2129,2063
2142,2072
2139,2025
2152,2044
2160,2072
2158,2039
2176,2047
2173,2069
2171,2017
2185,2055
2187,2044
2185,2027
2199,2077
2190,2024
2183,2023
2192,2021
2184,2071
2186,2048
2184,2048
2175,2064
2168,2036
2164,2076
2160,2063
2147,2017
2137,2066
2139,2039
2135,2034
2125,2033
2122,2080
2111,2003
2103,2056
2096,2031
2091,2054
2072,2063
2072,2076
2060,2076
2054,2039
2036,2063
2028,2056
2023,2039
1995,2072
2008,2084
2000,2072
1992,2069
1981,2057
1976,2076
1967,2036
1963,2080
1959,2056
1956,2015
1949,2071
1954,2071
1947,2070
1954,2039
1951,2067
1946,2069
1947,2020
1939,2076
1951,2073
1952,2031
1955,2065
1966,2048
1963,2079
1960,2038
1976,2102
1979,2021
1992,2077
1981,2067
1999,2069
2004,2089
2013,2052
2012,2035
2017,2077
2029,2075
2039,2075
2044,2067
2064,2068
2073,2080
2079,2063
2089,2069
2095,2025
2103,2039
2116,2054
2110,2039
2129,2067
2132,2021
2137,2039
2151,2083
2155,2059
2160,2055
2167,2072
2163,2063
2176,2056
2173,2019
2189,2065
2183,2037
2192,2046
2187,2056
2174,2072
2179,2040
2186,2058
2184,2076
2181,2045
2169,2057
2165,2029
2164,2077
2158,2003
2151,2055
2137,2065
2135,2048
2135,2035
2117,2056
2119,2041
2103,2078
2098,2040
2089,2039
2088,2077
2076,2038
2065,2059
2057,2036
2045,2013
2039,2072
2025,2072
2008,2041
2011,2063
1997,2071
1993,2021
1979,2029
1971,2055
1972,2082
1961,2074
1947,2065
1944,2045
1950,2036
1951,2066
1949,2042
1945,2065
1937,2056
1942,2071
1940,2043
1939,2063
1937,2069
1948,2058
1945,2078
1948,2026
1949,2081
1957,2053
1960,2008
1972,2032
1961,2063
1975,2055
1979,2063
1996,2095
1999,2040
2009,2053
2015,2040
2007,2039
2024,2023
2035,2063
2035,2011
2045,2039
2058,2020
2071,2053
2076,2015
2081,2044
2096,2063
2104,2026
2116,2067
2113,2063
2126,2057
2135,2056
2143,2065
2149,2028
2151,2065
2154,2025
2163,2058
2169,2065
2171,2041
2179,2017
2181,2075
2185,2080
2190,2025
2191,2076
2189,2034
2191,2029
2186,2081
2181,2069
2176,2053
2168,2065
2168,2072
2153,2063
2153,2053
2153,2044
2137,2063
2137,2073
2139,2063
2115,2069
2115,2018
2101,2081
2089,2088
2086,2077
2080,2026
2075,2078
2069,2068
2048,2040
2035,2041
2029,2029
2020,2072
2019,2048
2003,2063
1998,2040
1993,2019
1984,2073
1965,2060
1969,2066
1961,2029
1955,2055
1949,2036
1959,2073
1944,2035
1943,2041
1948,2043
1951,2063
1949,2067
1952,2025
1947,2051
1945,2056
1947,2023
1945,2045
1956,2056
1964,2030
1963,2070
1965,2045
1984,2068
1991,2052
1996,2027
2004,2080
1999,2039
2012,2069
2025,2073
2025,2032
2039,2029
2053,2056
2063,2032
2071,2056
2073,2041
2084,2035
2081,2040
2107,2040
2103,2029
2119,2039
2128,2042
2134,2019
2139,2064
2148,2023
2155,2053
2169,2069
2174,2041
2176,2042
2184,2063
2187,2055
2195,2029
2196,2073
2200,2064
2206,2063
2200,2035
2202,2077
2199,2075
2197,2057
2195,2065
2187,2035
2189,2076
2183,2042
2172,2027
2169,2027
2160,2064
2155,2057
2145,2095
2141,2077
2136,2045
2125,2021
2121,2053
2109,2020
2101,2065
2089,2088
2088,2068
2077,2072
2065,2039
2053,2024
2051,2067
2032,2058
2029,2065
2017,2085
2005,2063
2004,2053
1996,2051
1987,2048
1971,2036
1971,2040
1965,2056
1956,2016
1963,2065
1957,2066
1955,2068
1956,2060
1948,2048
1952,2068
1948,2044
1947,2071
1953,2038
1948,2007
1956,2063
1956,2053
1960,2027
1956,2092
1967,2062
1963,2037
1972,2041
1989,2029
1995,2043
2001,2072
2008,2044
2003,2033
2015,2035
2024,2077
2033,2044
2029,2052
2044,2063
2063,2063
2071,2071
2076,2045
2080,2079
2089,2057
2098,2075
2105,2080
2120,2039
2113,2076
2132,2037
2131,2065
2141,2053
2152,2044
2155,2037
2165,2041
2161,2073
2172,2061
2170,2043
2190,2063
2184,2067
2183,2043
2187,2063
2183,2030
2191,2089
2187,2035
2186,2036
2185,2033
2169,2076
2168,2041
2163,2098
2162,2063
2151,2067
2147,2084
2136,2091
2134,2058
2129,2067
2119,2035
2107,2083
2112,2067
2099,2052
2084,2066
2079,2036
2071,2071
2056,2045
2063,2076
2043,2063
2025,2041
2025,2044
2015,2077
2006,2095
1995,2033
1991,2063
1984,2065
1974,2073
1972,2048
1968,2087
1964,2083
1955,2043
1952,2051
1947,2066
1942,2071
1945,2031
1951,2076
1950,2019
1947,2040
1941,2035
1943,2043
1952,2079
1951,2011
1949,2041
1949,2071
1961,2056
1963,2033
1969,2033
1973,2068
1984,2090
1991,2067
1996,2011
2003,2068
2012,2072
2025,2043
2031,2043
2035,2048
2045,2024
2057,2063
2057,2031
2069,2071
2079,2039
2089,2047
2099,2021
2101,2017
2105,2061
2120,2045
2131,2037
2127,2027
2139,2041
2153,2069
2157,2060
2163,2056
2175,2052
2181,2058
2184,2035
2181,2056
2194,2071
2195,2059
2187,2053
2196,2074
2196,2053
2199,2058
2190,2048
2191,2030
2189,2072
2185,2036
2183,2063
2174,2072
2165,2063
2155,2032
2152,2035
2147,2007
2135,2076
2123,2062
2131,2048
2122,2063
2115,2075
2104,2078
2093,2044
2081,2064
2074,2073
2057,2063
2063,2080
2035,2063
2023,2040
2024,2043
2010,2074
2000,2084
1997,2043
1989,2039
1991,2048
1975,2060
1967,2048
1958,2063
1949,2033
1947,2033
1945,2071
1960,2070
1951,2072
1943,2071
1943,2067
1941,2055
1949,2025
1951,2082
1951,2041
1952,2044
1959,2067
1967,2072
1960,2080
1971,2102
1969,2071
1978,2077
1977,2023
1996,2042
2007,2021
2014,2088
2007,2059
2022,2007
2025,2058
2043,2030
2060,2044
2066,2083
2071,2069
2069,2056
2083,2080
2086,2019
2101,2058
2110,2029
2115,2070
2115,2043
2126,2019
2125,2043
2139,2025
2139,2056
2156,2042
2156,2063
2163,2043
2155,2060
2166,2036
2161,2064
2170,2041
2172,2052
2168,2059
2169,2037
2165,2048
2160,2053
2151,2035
2154,2063
2144,2017
2130,2066
2136,2069
2123,2076
2109,2039
2099,2072
2089,2058
2089,2034
2073,2051
2063,2054
2069,2063
2043,2043
2045,2023
2025,2057
2019,2041
2016,2021
2005,2068
2004,2056
1991,2041
1989,2067
1977,2055
1976,2022
1971,2060
1957,2069
1952,2056
1949,2047
1944,2044
1937,2067
1931,2059
1928,2057
1942,2035
1936,2060
1936,2064
1939,2075
1942,2061
1933,2045
1941,2039
1944,2076
1947,2047
1951,2035
1951,2029
1959,2027
1963,2076
1958,2028
1974,2044
1975,2055
1988,2065
1994,2040
1997,2035
2004,2055
2001,2029
2016,2068
2019,2003
2032,2040
2029,2021
2047,2062
2053,2037
2055,2046
2063,2029
2071,2064
2055,2017
2080,2063
2092,2067
2089,2020
2099,2056
2104,2039
2104,2036
2117,2063
2123,2053
2127,2029
2123,2029
2129,2021
2142,2015
2143,2035
2139,2069
2148,2072
2154,2063
2151,2005
2153,2064
2152,2037
2154,2056
2154,2056
2147,2056
2147,2063
2148,2043
2143,2053
2131,2065
2136,2065
2129,2027
2121,2080
2109,2005
2112,2057
2107,2066
2101,2017
2091,2035
2089,2074
2084,2039
2080,2063
2075,2063
2063,2035
2056,2055
2045,2030
2036,2039
2030,2067
2020,2088
2020,2072
2007,2045
1997,2043
1989,2040
1998,2074
1984,2048
1973,2056
1961,2039
1956,2077
1958,2055
1952,2041
1951,2043
1941,2056
1946,2067
1945,2041
1939,2033
1933,2059
1944,2063
1937,2065
1944,2071
1939,2067
1944,2043
1946,2069
1952,2056
1953,2085
1956,2041
1964,2032
1970,2063
1961,2053
1987,2036
1982,2035
1994,2044
2002,2025
2005,2017
2019,2071
2032,2032
2025,2076
2039,2023
2044,2052
2053,2077
2063,2025
2077,2064
2073,2017
2090,2031
2092,2053
2100,2055
2111,2063
2109,2057
2132,2071
2135,2027
2143,2066
2158,2042
2161,2063
2168,2079
2174,2077
2168,2040
2183,2043
2186,2056
2182,2048
2183,2065
2181,2079
2183,2031
2169,2078
2171,2039
2172,2087
2163,2039
2167,2035
2160,2086
2153,2025
2143,2089
2138,2088
2136,2046
2135,2063
2120,2041
2115,2052
2099,2031
2099,2067
2093,2027
2085,2027
2069,2068
2069,2076
2039,2047
2039,2056
2031,2081
2017,2063
2016,2072
2007,2065
1995,2053
1995,2055
1977,2040
1976,2035
1968,2066
1959,2063
1955,2099
1953,2080
1951,2056
1942,2063
1943,2037
1943,2063
1938,2064
1933,2033
1939,2043
1944,2065
1945,2046
1948,2053
1939,2025
1951,2088
1947,2048
1961,2029
1963,2063
1959,2044
1971,2070
1987,2047
1975,2027
1995,2039
1997,2065
2003,2055
2019,2066
2028,2056
2024,2052
2044,2072
2063,2075
2059,2057
2072,2059
2071,2076
2091,2045
2097,2002
2108,2068
2107,2039
2122,2065
2127,2032
2134,2037
2147,2035
2137,2039
2151,2027
2161,2108
2169,2040
2163,2042
2181,2059
2180,2052
2188,2029
2184,2043
2187,2043
2181,2040
2187,2039
2184,2086
2169,2055
2173,2025
2174,2074
2167,2055
2154,2019
2151,2075
2148,2063
2133,2015
2135,2084
2123,2047
2123,2080
2105,2017
2105,2089
2094,2071
2086,2029
2072,2094
2068,2051
2063,2053
2044,2045
2040,2063
2023,2045
2020,2044
2008,2039
1995,2033
1987,2043
1985,2051
1976,2084
1976,2056
1959,2071
1952,2046
1950,2059
1937,2043
1940,2072
1936,2077
1939,2080
1929,2063
1928,2063
1925,2029
1936,2057
1925,2059
1935,2092
1932,2086
1933,2072
1940,2104
1944,2039
1941,2023
1946,2080
1954,2089
1965,2059
1967,2054
1976,2055
1987,2066
1990,2019
2001,2060
1997,2067
2007,2087
2021,2066
2031,2083
2038,2029
2041,2056
2056,2043
2055,2067
2079,2067
2075,2078
2089,2036
2091,2053
2097,2033
2105,2067
2120,2073
2124,2058
2137,2080
2137,2040
2145,2067
2154,2069
2167,2047
2163,2036
2169,2057
2174,2056
2171,2025
2169,2025
2181,2063
2173,2017
2171,2037
2167,2040
2169,2048
2171,2057
2161,2087
2164,2042
2156,2035
2147,2045
2146,2029
2139,2067
2131,2077
2125,2029
2125,2021
2112,2067
2107,2069
2100,2057
2092,2039
2075,2055
2076,2040
2063,2063
2065,2072
2048,2048
2039,2037
2030,2064
2017,2071
2006,2081
2006,2089
1997,2056
1987,2027
1986,2063
1981,2056
1962,2059
1959,2057
1957,2035
1953,2085
1947,2065
1947,2062
1960,2072
1952,2047
1943,2043
1947,2039
1951,2068
1948,2040
1943,2056
1952,2026
1952,2037
1952,2055
1960,2025
1957,2067
1968,2068
1965,2043
1976,2053
1976,2040
1983,2053
1989,2011
1990,2021
2002,2065
2007,2067
2004,2046
2020,2066
2024,2080
2028,2059
2034,2040
2045,2017
2053,2068
2069,2076
2065,2034
2080,2029
2081,2023
2092,2071
2096,2073
2104,2064
2106,2037
2117,2057
2123,2035
2130,2068
2135,2053
2135,2065
2149,2063
2149,2019
2155,2059
2153,2063
2159,2023
2155,2015
2152,2059
2142,2040
2160,2040
2147,2021
2152,2078
2140,2073
2144,2035
2140,2035
2129,2019
2121,2088
2117,2075
2110,2035
2104,2052
2106,2067
2096,2066
2091,2045
2095,2065
2076,2072
2061,2044
2041,2056
2041,2033
2034,2035
2022,2038
2021,2063
2006,2055
2005,2071
1987,2023
1981,2043
1963,2025
1971,2011
1955,2059
1956,2067
1943,2040
1943,2041
1920,2022
1929,2080
1931,2066
1931,2033
1928,2069
1922,2052
1915,2035
1917,2074
1912,2072
1915,2080
1923,2068
1928,2047
1934,2033
1938,2081
1941,2052
1932,2066
1939,2057
1947,2035
1951,2073
1960,2064
1967,2056
1973,2040
1976,2035
1992,2066
2000,2019
2009,2076
2011,2045
2025,2073
2033,2065
2043,2080
2045,2096
2063,2043
2067,2043
2076,1991
2083,2055
2101,2038
2105,2047
2116,2063
2119,2035
2132,2053
2148,2045
2152,2063
2158,2063
2165,2027
2161,2068
2174,2023
2184,2063
2183,2053
2181,2040
2183,2069
2193,2068
2187,2025
2180,2073
2183,2019
2187,2044
2184,2045
2171,2055
2163,2056
2169,2043
2155,2023
2154,2077
2144,2058
2140,2039
2136,2083
2124,2063
2127,2076
2112,2067
2099,2017
2091,2081
2087,2071
2065,2024
2068,2060
2053,2069
2036,2043
2035,2017
2023,2072
2018,2055
2010,2085
1993,2071
1999,2074
1975,2072
1976,2058
1965,2046
1964,2074
1957,2095
1953,2055
1948,2073
1943,2076
1940,2071
1943,2065
1943,2056
1943,2041
1939,2067
1941,2060
1939,2075
1933,2072
1928,2037
1939,2053
1946,2025
1947,2067
1953,2063
1959,2057
1959,2011
1965,2008
1975,2063
1979,2023
1987,2077
1987,2048
2005,2063
2006,2038
2024,2048
2021,2079
2039,2051
2051,2023
2043,2053
2071,2039
2076,2029
2071,2048
2092,2038
2093,2034
2103,2045
2109,2035
2117,2043
2128,2068
2139,2037
2138,2068
2156,2057
2163,2080
2163,2063
2165,2035
2176,2047
2176,2048
2168,2025
2176,2071
2180,2027
2185,2067
2184,2074
2176,2063
2171,2040
2171,2034
2164,2080
2169,2005
2151,2023
2148,2033
2149,2074
2136,2077
2136,2033
2123,2058
2124,2035
2115,2080
2108,2047
2105,2064
2095,2057
2083,2033
2069,2057
2067,2063
2063,2072
2040,2025
2040,2058
2025,2040
2020,2085
2011,2076
2006,2072
2003,2075
1991,2063
1975,2035
1980,2066
1965,2089
1960,2028
1960,2074
1954,2077
1945,2035
1950,2068
1947,2072
1944,2065
1941,2019
1941,2066
1937,2056
1946,2035
1949,2028
1953,2039
1947,2057
1959,2040
1964,2040
1963,2027
1969,2083
1976,2084
1979,2076
1996,2053
2001,2051
2003,2067
2007,2044
2018,2021
2029,2081
2032,2063
2045,2055
2055,2037
2063,2017
2072,2097
2085,2039
2088,2052
2097,2028
2108,2059
2112,2043
2115,2037
2128,2064
2135,2039
2137,2072
2149,2029
2160,2056
2163,2025
2171,2063
2180,2036
2176,2053
2183,2039
2191,2027
2193,2059
2193,2054
2199,2066
2195,2036
2193,2079
2195,2073
2187,2085
2187,2039
2189,2051
2179,2073
2175,2068
2164,2063
2158,2060
2143,2038
2137,2046
2140,2095
2135,2072
2127,2051
2120,2069
2099,2058
2104,2072
2087,2024
2072,2064
2067,2035
2064,2035
2055,2059
2043,2059
2030,2040
2024,2066
2004,2082
2004,2065
2000,2084
1987,2072
1985,2072
1976,2076
1961,2067
1948,2043
1954,2056
1951,2055
1943,2029
1941,2071
1939,2037
1941,2035
1935,2059
1939,2069
1932,2053
1944,2044
1939,2069
1937,2086
1947,2028
1952,2035
1944,2080
1964,2044
1964,2068
1963,2069
1965,2056
1971,2043
1984,2021
1989,2013
1991,2035
2004,2041
2020,2083
2030,2033
2039,2074
2039,2043
2045,2023
2055,2080
2068,2085
2072,2093
2087,2025
2093,2041
2104,2069
2110,2043
2123,2037
2127,2051
2140,2059
2139,2055
2160,2054
2165,2054
2170,2088
2178,2043
2171,2021
2169,2029
2193,2046
2187,2040
2191,2057
2203,2062
2202,2054
2200,2048
2187,2088
2193,2029
2192,2051
2188,2053
2184,2093
2181,2042
2172,2072
2172,2063
2149,2029
2149,2037
2145,2022
2137,2025
2129,2071
2123,2063
2109,2067
2107,2033
2098,2075
2089,2087
2080,2063
2067,2053
2066,2067
2054,2097
2037,2037
2025,2025
2018,2063
2009,2043
2003,2068
1995,2071
1984,2056
1976,2025
1972,2052
1965,2059
1961,2072
1949,2041
1946,2062
1943,2061
1947,2059
1947,2040
1943,2075
1936,2033
1945,2060
1939,2023
1940,2075
1943,2065
1934,2065
1947,2040
1944,2075
1952,2036
1955,2072
1961,2037
1967,2035
1975,2074
1981,2056
1990,2042
1995,2019
2002,2085
2012,2051
2019,2038
2025,2078
2039,2040
2046,2059
2054,2064
2071,2071
2078,2042
2085,2022
2092,2053
2100,2041
2107,2071
2112,2027
2109,2077
2137,2035
2144,2056
2145,2023
2163,2055
2160,2076
2168,2067
2176,2063
2179,2035
2187,2047
2181,2063
2187,2070
2192,2045
2195,2027
2187,2058
2199,2066
2192,2035
2190,2068
2184,2072
2171,2035
2165,2023
2155,2058
2155,2063
2154,2027
2143,2044
2131,2070
2129,2071
2123,2071
2115,2075
2111,2021
2099,2069
2085,2035
2080,2055
2075,2029
2063,2057
2063,2066
2042,2060
2032,2041
2024,2071
2013,2039
2005,2041
1989,2041
1992,2073
1979,2045
1973,2039
1961,2028
1953,2063
1955,2129
1947,2041
1953,2027
1941,2033
1946,2079
1945,2043
1945,2056
1943,2067
1943,2047
1950,2025
1943,2057
1940,2085
1950,2044
1953,2021
1953,2067
1966,2035
1965,2066
1973,2047
1981,2063
1987,2044
1990,2056
1997,2056
2003,2065
2017,2063
2020,2027
2027,2029
2039,2075
2055,2075
2063,2043
2072,2032
2084,2074
2086,2040
2089,2017
2100,2060
2106,2057
2117,2041
2135,2063
2129,2029
2138,2059
2151,2041
2153,2059
2164,2063
2168,2056
2181,2089
2179,2045
2188,2029
2193,2065
2196,2044
2203,2052
2193,2065
2189,2035
2200,2075
2191,2056
2181,2017
2191,2091
2182,2068
2179,2080
2167,2023
2168,2087
2155,2037
2151,2103
2150,2052
2142,2088
2136,2055
2121,2063
2115,2068
2106,2042
2100,2056
2091,2063
2084,2041
2075,2087
2068,2056
2067,2072
2051,2070
2035,2090
2022,2038
2023,2021
2013,2067
1997,2056
1995,2055
1987,2048
1973,2037
1967,2078
1967,2069
1958,2067
1965,2063
1951,2069
1951,2019
1951,2057
1943,2043
1946,2052
1945,2057
1941,2041
1939,2033
1944,2048
1944,2030
1945,2072
1955,2048
1956,2034
1961,2063
1959,2063
1971,2071
1979,2037
1979,2023
1983,2023
2000,2088
2007,2017
2009,2052
2011,2025
2019,2079
2024,2020
2037,2078
2052,2035
2059,2063
2068,2037
2072,2033
2083,2059
2087,2043
2093,2021
2099,2056
2107,2072
2116,2043
2124,2031
2137,2063
2146,2064
2155,2040
2149,2009
2164,2045
2169,2023
2179,2067
2176,2063
2184,2055
2184,2067
2190,2080
2196,2029
2196,2084
2188,2072
2192,2046
2185,2041
2183,2071
2184,2044
2176,2040
2165,2073
2162,2041
2157,2084
2145,2063
2147,2060
2144,2039
2136,2035
2107,2025
2125,2044
2112,2071
2108,2060
2101,2028
2090,2075
2077,2073
2075,2056
2063,2044
2056,2057
2045,2056
2033,2080
2031,2071
2021,2057
2012,2083
2007,2069
1995,2055
1992,2075
1984,2066
1971,2069
1965,2065
1969,2056
1967,2057
1967,2068
1964,2067
1964,2076
1963,2027
1957,2065
1960,2053
1961,2097
1957,2063
1968,2066
1965,2064
1975,2088
1975,2036
1973,2035
1984,2039
1992,2079
1993,2059
2004,2035
2009,2041
2018,2031
2015,2058
2025,2019
2034,2027
2044,2076
2051,2039
2068,2047
2056,2056
2083,2063
2085,2040
2099,2056
2110,2066
2112,2037
2125,2054
2125,2029
2136,2019
2139,2063
2156,2039
2160,2023
2171,2055
2173,2032
2184,2041
2183,2055
2196,2067
2200,2048
2203,2019
2209,2038
2203,2055
2211,2043
2205,2041
2209,2055
2188,2047
2202,2056
2199,2071
2198,2071
2193,2029
2192,2011
2180,2030
2175,2054
2168,2043
2161,2071
2153,2033
2145,2035
2143,2076
2136,2032
2123,2048
2116,2073
2098,2055
2091,2043
2079,2037
2082,2035
2068,2053
2064,2063
2048,2053
2039,2041
2029,2024
2015,2071
2015,2047
2003,2060
1994,2078
1982,2071
1982,2073
1969,2066
1956,2043
1963,2023
1955,2067
1956,2064
1955,2071
1952,2037
1949,2082
1945,2073
1947,2052
1950,2031
1951,2027
1955,2071
1948,2021
1960,2077
1968,2018
1961,2045
1971,2063
1979,2057
1977,2048
1992,2039
2001,2069
1999,2069
2005,2035
2015,2036
2025,2063
2032,2075
2043,2055
2045,2053
2063,2035
2072,2043
2071,2053
2084,2021
2098,2074
2105,2045
2105,2035
2115,2059
2127,2063
2135,2077
2141,2060
2150,2053
2160,2042
2157,2035
2172,2048
2180,2066
2173,2043
2191,2029
2192,2025
2186,2072
2196,2053
2189,2042
2200,2041
2187,2043
2187,2043
2200,2040
2187,2068
2183,2083
2174,2007
2172,2065
2168,2075
2157,2031
2147,2065
2147,2060
2135,2031
2134,2042
2119,2080
2115,2013
2111,2060
2099,2065
2088,2090
2080,2091
2073,2063
2071,2063
2056,2033
2041,2039
2027,2038
2024,2043
2015,2066
2008,2056
1998,2082
1994,2039
1989,2043
1971,2043
1969,2063
1969,2039
1967,2040
1962,2063
1951,2025
1957,2054
1952,2071
1960,2074
1956,2075
1956,2087
1949,2063
1945,2023
1949,2067
1953,2092
1960,2072
1961,2045
1961,2048
1971,2027
1973,2041
1980,2024
1981,2085
2005,2028
2004,2055
2015,2045
2019,2067
2027,2019
2033,2036
2039,2048
2054,2033
2055,2008
2063,2063
2080,2064
2083,2070
2089,2037
2091,2027
2104,2043
2110,2036
2117,2042
2133,2071
2135,2034
2151,2053
2151,2060
2158,2072
2167,2063
2176,2075
2171,2052
2184,2043
2188,2061
2199,2043
2185,2017
2196,2033
2195,2041
2195,2072
2200,2063
2201,2053
2188,2041
2189,2024
2183,2063
2185,2088
2179,2030
2167,2029
2168,2088
2155,2068
2146,2037
2144,2023
2141,2068
2132,2056
2128,2080
2112,2029
2103,2071
2091,2035
2089,2034
2083,2039
2080,2057
2068,2057
2045,2053
2047,2075
2035,2080
2026,2063
2024,2079
2013,2068
2008,2056
1995,2045
1999,2028
1982,2037
1969,2087
1964,2124
1971,2076
1955,2073
1967,2039
1957,2045
1962,2041
1961,2056
1957,2065
1955,2053
1952,2078
1960,2031
1967,2052
1960,2065
1959,2071
1972,2024
1975,2041
1979,2097
1983,2057
1979,2044
1995,2068
2001,2072
2011,2053
2011,2022
2019,2028
2014,2045
2027,2069
2038,2037
2053,2021
2063,2072
2072,2040
2079,2072
2075,1997
2095,2021
2091,2047
2115,2027
2112,2081
2120,2039
2127,2041
2140,2035
2143,2010
2151,2063
2160,2033
2163,2040
2176,2025
2182,2067
2185,2015
2189,2048
2193,2043
2196,2054
2187,2017
2194,2015
2186,2069
2192,2030
2185,2031
2192,2030
2190,2065
2187,2021
2167,2085
2171,2047
2165,2096
2158,2025
2159,2080
2139,2009
2137,2066
2121,2067
2123,2053
2118,2074
2105,2078
2101,2063
2093,2055
2080,2079
2073,2044
2067,2039
2056,2024
2043,2079
2025,2088
2024,2063
2019,2044
2004,2085
2003,2075
1991,2041
1973,2056
1976,2072
1968,2042
1963,2043
1957,2055
1960,2073
1963,2063
1943,2074
1945,2055
1949,2064
1951,2066
1952,2073
1943,2033
1948,2021
1944,2047
1949,2053
1948,2057
1947,2080
1966,2079
1957,2075
1965,2033
1976,2074
1979,2063
1987,2035
1991,2071
1997,2036
2005,2074
2015,2036
2024,2056
2029,2057
2041,2063
2053,2069
2055,2077
2065,2083
2077,2063
2083,2067
2089,2037
2101,2041
2110,2064
2122,2044
2124,2071
2133,2072
2136,2023
2155,2031
2153,2039
2162,2044
2167,2056
2184,2041
2184,2073
2184,2071
2197,2066
2195,2037
2201,2029
2196,2023
2201,2063
2201,2082
2197,2045
2201,2069
2185,2035
2191,2040
2186,2066
2173,2041
2167,2042
2167,2055
2153,2044
2149,2056
2144,2032
2136,2040
2129,2011
2128,2074
2106,2058
2107,2056
2101,2032
2088,2031
2085,2072
2074,2052
2065,2072
2056,2051
2039,2017
2029,2052
2019,2059
2019,2015
2005,2009
2003,2063
1997,2043
1988,2063
1980,2041
1965,2068
1967,2062
1959,2056
1961,2071
1949,2069
1964,2057
1956,2051
1952,2075
1958,2053
1952,2068
1954,2036
1960,2027
1960,2019
1963,2075
1963,2027
1965,2032
1965,2043
1977,2063
1975,2041
1991,2067
2002,2009
2007,2037
2007,2048
2023,2025
2024,2053
2037,2003
2045,2070
2048,2035
2065,2032
2071,2063
2079,2057
2085,2077
2096,2026
2104,2071
2121,2022
2121,2072
2132,2043
2136,2012
2143,2023
2152,2060
2160,2055
2164,2071
2180,2060
2181,2019
2188,2044
2192,2041
2193,2032
2195,2063
2201,2053
2208,2044
2199,2040
2200,2056
2203,2054
2203,2068
2203,2043
2198,2035
2195,2005
2181,2027
2189,2032
2184,2044
2170,2067
2164,2043
2157,2088
2155,2071
2139,2074
2133,2040
2128,2071
2115,2040
2114,2081
2110,2060
2101,2080
2083,2065
2071,2067
2063,2045
2063,2037
2035,2035
2036,2042
2029,2070
2013,2039
2005,2028
1992,2072
1993,2068
1983,2068
1977,2035
1969,2028
1965,2037
1969,2053
1963,2057
1959,2060
1961,2043
1957,2043
1955,2056
1949,2061
1953,2072
1958,2039
1956,2015
1960,2030
1959,2081
1963,2036
1967,2068
1971,2010
1976,2032
1977,2025
1987,2039
1993,2066
1998,2075
2008,2056
2009,2039
2019,2072
2024,2069
2029,2077
2043,2056
2041,2039
2058,2021
2065,2057
2071,2029
2084,2037
2092,2025
2102,2039
2103,2023
2117,2033
2126,2042
2129,2057
2139,2076
2145,2057
2156,2042
2161,2041
2160,2067
2175,2082
2184,2045
2188,2044
2183,2079
2200,2039
2203,2066
2197,2063
2201,2063
2195,2077
2195,2063
2197,2071
2184,2063
2191,2031
2179,2092
2183,2048
2173,2072
2168,2088
2155,2048
2156,2087
2151,2039
2137,2057
2135,2059
2129,2043
2111,2077
2105,2033
2104,2076
2090,2031
2083,2071
2071,2039
2068,2073
2054,2038
2044,2074
2035,2055
2029,2072
2013,2027
2009,2041
1995,2019
1997,2056
1981,2035
1975,2074
1975,2059
1961,2059
1941,2063
1961,2071
1945,2022
1952,2071
1948,2038
1945,2063
1949,2040
1943,2083
1947,2057
1943,2065
1947,2080
1956,2005
1949,2076
1947,2068
1954,2022
1964,2069
1973,2044
1978,2071
1984,2074
1989,2043
2002,2085
2001,2029
2011,2072
2021,2026
2024,2063
2040,2080
2031,2043
2055,2007
2066,2043
2065,2073
2071,2036
2087,2067
2091,2051
2095,2081
2105,2027
2123,2063
2124,2080
2135,2043
2145,2037
2143,2046
2156,2046
2153,2063
2169,2029
2172,2077
2181,2053
2173,2064
2192,2069
2189,2039
2192,2048
2199,2036
2185,2025
2194,2088
2191,2078
2191,2021
2179,2071
2179,2031
2169,2040
2170,2053
2156,2073
2153,2048
2151,2063
2145,2068
2136,2039
2131,2033
2124,2037
2107,2028
2104,2057
2099,2026
2085,2044
2075,2063
2072,2021
2063,2011
2056,2066
2046,2075
2024,2073
2023,2041
2009,2055
2007,2043
1993,2042
1992,2043
1979,2015
1979,2047
1961,2033
1967,2034
1959,2096
1952,2080
1949,2040
1951,2020
1949,2027
1942,2027
1943,2056
1946,2056
1941,2019
1944,2068
1941,2031
1943,2048
1945,2039
1958,2089
1962,2023
1959,2083
1969,2039
1973,2087
1982,2039
1979,2056
1987,2055
1997,2038
2007,2069
2019,2059
2023,2071
2032,2071
2037,2073
2043,2048
2064,2030
2066,2044
2069,2063
2073,2073
2090,2081
2100,2011
2103,2041
2120,2048
2119,2029
2131,2063
2143,2035
2143,2056
2158,2066
2160,2057
2173,2044
2177,2063
2179,2067
2185,2080
2190,2045
2187,2061
2197,2013
2193,2075
2200,2080
2194,2075
2196,2072
2184,2017
2185,2072
2184,2034
2183,2017
2173,2080
2168,2072
2155,2015
2159,2063
2150,2043
2139,2073
2135,2055
2128,2095
2106,2015
2110,2063
2097,2043
2092,2068
2085,2071
2079,2027
2073,2043
2059,2067
2051,2039
2040,2040
2023,2080
2020,2028
2005,2063
2003,2078
2000,2035
1987,2068
1987,2065
1977,2039
1961,2041
1966,2087
1963,2053
1958,2053
1951,2045
1949,2040
1952,2081
1956,2039
1952,2063
1943,2037
1953,2085
1952,2080
1955,2041
1957,2023
1961,2059
1960,2015
1968,2059
1965,2064
1980,2045
1989,2069
1991,2027
1999,2044
2005,2036
2012,2068
2024,2045
2031,2084
2036,2048
2035,2025
2056,2068
2063,2025
2069,2040
2075,2039
2090,2063
2093,2063
2105,2018
2111,2065
2115,2071
2115,2037
2138,2028
2140,2060
2151,2039
2159,2046
2168,2069
2171,2083
2171,2028
2185,2077
2188,2051
2188,2046
2191,2077
2195,2068
2201,2056
2197,2059
2191,2015
2190,2091
2189,2051
2187,2047
2188,2032
2185,2039
2181,2076
2170,2010
2167,2063
2165,2079
2153,2055
2154,2086
2148,2055
2138,2068
2135,2080
2124,2055
2118,2086
2104,2080
2095,2066
2088,2093
2075,2040
2074,2063
2070,2081
2059,2088
2056,2029
2039,2048
2029,2075
2027,2087
2024,2043
2009,2073
2007,2087
1992,2055
1990,2063
1991,2020
1984,2057
1977,2021
1977,2024
1976,2039
1969,2057
1965,2057
1959,2067
1960,2063
1957,2056
1957,2028
1955,2041
1960,2060
1957,2058
1962,2059
1963,2059
1965,2021
1965,2090
1976,2064
1980,2039
1976,2043
1992,2080
1993,2042
1999,2035
1993,2035
2007,2071
2012,2053
2009,2046
2019,2071
2021,2065
2029,2071
2029,2041
2043,2036
2058,2040
2063,2011
2071,2065
2076,2051
2075,2076
2085,2029
2103,2063
2111,2048
2095,2034
2121,2037
2131,2069
2133,2065
2143,2017
2144,2070
2154,2072
2157,2053
2156,2045
2163,2077
2163,2031
2168,2033
2171,2039
2169,2091
2174,2070
2171,2040
2160,2024
2172,2071
2168,2040
2171,2095
2159,2017
2152,2071
2152,2040
2152,2091
2144,2072
2132,2065
2133,2003
2123,2089
2123,2044
2112,2023
2100,2066
2104,2031
2095,2056
2075,2055
2072,2035
2056,2071
2053,2045
2045,2088
2039,2067
2024,2030
2017,2037
2005,2082
2001,2059
1992,2053
1977,2041
1975,2035
1976,2058
1966,2045
1966,2076
1968,2027
1951,2035
1955,2072
1951,2057
1952,2080
1946,2045
1942,2033
1951,2028
1947,2040
1948,2075
1953,2038
1947,2027
1957,2072
1959,2048
1969,2036
1973,2073
1976,2056
1995,2037
1993,2063
2001,2060
2008,2040
2018,2064
2026,2071
2027,2027
2040,2051
2053,2052
2055,2055
2075,2073
2073,2081
2085,2069
2102,2038
2107,2041
2123,2043
2121,2035
2143,2021
2152,2056
2160,2062
2157,2003
2172,2071
2184,2033
2181,2057
2189,2029
2203,2023
2201,2040
2204,2055
2196,2079
2185,2025
2203,2039
2202,2058
2193,2057
2192,2019
2189,2060
2184,2028
2169,2079
2169,2063
2155,2024
2159,2075
2155,2039
2144,2009
2131,2015
2130,2025
2124,2080
2112,2032
2089,2057
2087,2083
2078,2044
2067,2015
2063,2043
2042,2042
2035,2035
2023,2072
2023,2067
2005,2072
2001,2039
1992,2063
1979,2037
1971,2067
1968,2053
1956,2067
1952,2065
1950,2034
1945,2048
1941,2037
1947,2087
1939,2066
1940,2027
1929,2053
1932,2063
1927,2071
1933,2039
1939,2072
1943,2033
1939,2058
1943,2005
1957,2089
1952,2044
1966,2056
1967,2089
1969,2027
1982,2075
1987,2063
1999,2095
2006,2068
2010,2055
2019,2055
2019,2064
2035,2065
2041,2069
2054,2044
2063,2069
2071,2021
2076,2057
2091,2032
2088,2043
2097,2055
2103,2071
2120,2071
2129,2073
2139,2047
2135,2025
2152,2041
2139,2063
2156,2051
2157,2071
2160,2068
2163,2075
2172,2063
2163,2072
2175,2072
2165,2021
2171,2040
2161,2051
2161,2068
2155,2075
2159,2068
2152,2063
2150,2054
2143,2043
2135,2030
2125,2057
2124,2074
2120,2034
2109,2025
2103,2027
2087,2038
2085,2069
2080,2019
2073,2065
2063,2077
2058,2069
2048,2080
2038,2031
2024,2067
2012,2043
2005,2036
2002,2063
1989,2075
1977,2076
1976,2053
1965,2035
1960,2029
1954,2035
1937,2041
1939,2043
1938,2040
1939,2040
1931,2039
1937,2070
1928,2057
1937,2041
1935,2082
1928,2047
1936,2056
1932,2060
1927,2069
1944,2066
1944,2053
1933,2083
1944,2057
1949,2069
1956,2067
1963,2025
1962,2086
1972,2056
1980,2053
1979,2067
1987,2053
1993,2072
2003,2078
2015,2035
2019,2039
2028,2063
2035,2035
2037,2063
2054,2059
2063,2045
2065,2068
2078,2064
2080,2067
2083,2045
2096,2040
2105,2042
2115,2052
2124,2041
2117,2035
2125,2023
2140,2032
2143,2033
2145,2071
2152,2060
2149,2057
2153,2039
2149,2065
2151,2042
2159,2072
2151,2031
2159,2065
2145,2013
2139,2082
2137,2041
2140,2056
2131,2019
2129,2051
2120,2026
2123,2063
2114,2040
2100,2053
2093,2033
2089,2045
2088,2067
2080,2057
2071,2080
2070,2066
2060,2063
2039,2027
2037,2055
2021,2041
2022,2015
2012,2067
2007,2039
1995,2083
1987,2080
1989,2040
1971,2041
1965,2044
1961,2077
1959,2064
1948,2023
1952,2068
1948,2059
1950,2067
1945,2068
1939,2030
1940,2059
1937,2058
1944,2060
1943,2047
1944,2047
1945,2043
1951,2055
1950,2079
1959,2074
1958,2079
1960,2063
1962,2048
1968,2043
1976,2045
1980,2081
1992,2079
1991,2043
2004,2073
2015,2057
2020,2064
2029,2025
2027,2036
2044,2029
2056,2063
2063,2069
2074,2055
2075,2082
2089,2039
2098,2032
2107,2013
2112,2067
2120,2074
2132,2035
2143,2043
2140,2039
2148,2037
2167,2023
2167,2036
2171,2054
2181,2053
2186,2072
2192,2046
2191,2074
2184,2023
2200,2060
2195,2069
2191,2057
2195,2067
2191,2056
2192,2073
2183,2072
2185,2040
2169,2039
2156,2085
2167,2043
2153,2071
2152,2034
2143,2075
2131,2065
2123,2040
2124,2070
2108,2053
2104,2055
2097,2032
2071,2057
2067,2035
2069,2029
2063,2042
2037,2037
2021,2041
2023,2040
2014,2040
1995,2057
1993,2060
1982,2035
1975,2088
1968,2068
1965,2072
1953,2011
1955,2057
1944,2029
1945,2073
1939,2072
1936,2063
1933,2069
1932,2057
1931,2036
1928,2033
1931,2067
1917,2041
1923,2091
1932,2072
1930,2075
1939,2068
1942,2067
1943,2054
1944,2070
1960,2057
1962,2042
1970,2071
1973,2027
1988,2083
1987,2077
2001,2063
2010,2040
2017,2084
2019,2009
2033,2063
2037,2063
2056,2044
2067,2045
2071,2072
2076,2059
2085,2076
2091,2083
2097,2043
2105,2058
2120,2029
2132,2056
2133,2027
2146,2043
2157,2011
2149,2056
2155,2025
2157,2048
2172,2015
2169,2063
2163,2071
2176,2060
2163,2063
2170,2060
2170,2048
2171,2024
2163,2033
2155,2081
2155,2053
2150,2057
2143,2044
2135,2071
2134,2036
2119,2063
2115,2040
2113,2028
2101,2041
2087,2087
2088,2011
2077,2051
2071,2068
2065,2067
2053,2025
2041,2029
2028,2039
2023,2057
2015,2059
1997,2041
1995,2079
1984,2059
1979,2035
1976,2068
1966,2063
1964,2070
1957,2035
1948,2063
1944,2092
1951,2058
1944,2041
1939,2069
1937,2023
1943,2033
1937,2059
1939,2059
1941,2039
1935,2019
1944,2085
1945,2066
1946,2032
1948,2088
1955,2045
1961,2025
1968,2075
1969,2079
1980,2043
1992,2035
1992,2077
2007,2056
2009,2027
2015,2023
2028,2064
2032,2043
2040,2076
2056,2060
2072,2027
2074,2066
2080,2062
2095,2044
2091,2039
2112,2032
2117,2027
2117,2027
2123,2055
2132,2028
2144,2055
2152,2043
2153,2043
2168,2040
2180,2054
2172,2063
2185,2041
2181,2044
2199,2055
2195,2035
2188,2020
2187,2046
2195,2038
2183,2039
2187,2068
2183,2040
2189,2077
2169,2037
2168,2021
2163,2093
2159,2042
2153,2063
2137,2057
2125,2043
2139,2080
2121,2033
2107,2041
2111,2088
2098,2074
2091,2063
2084,2029
2075,2071
2063,2029
2055,2033
2039,2041
2029,2072
2028,2039
2016,2078
2005,2075
2004,2088
1994,2063
1980,2051
1980,2057
1968,2040
1963,2076
1956,2053
1946,2087
1947,2048
1940,2045
1939,2037
1944,2056
1937,2033
1944,2045
1944,2059
1944,2071
1943,2048
1943,2041
1948,2076
1951,2079
1949,2063
1955,2071
1960,2080
1968,2026
1967,2007
1975,2043
1981,2028
1995,2080
2007,2079
2004,2025
2010,2040
2021,2031
2027,2056
2042,2055
2041,2045
2055,2016
2071,2075
2076,2017
2087,2031
2085,2079
2103,2053
2109,2070
2117,2072
2121,2039
2136,2066
2137,2063
2151,2071
2168,2055
2161,2010
2184,2048
2173,2066
2171,2058
2184,2067
2191,2043
2187,2043
2198,2072
2193,2076
2193,2065
2193,2047
2192,2039
2187,2024
2185,2071
2172,2058
2175,2067
2172,2060
2167,2027
2152,2044
2151,2035
2139,2042
2131,2069
2135,2077
2120,2056
2116,2055
2101,2037
2103,2041
2085,2063
2080,2027
2065,2060
2067,2092
2055,2075
2039,2057
2035,2032
2024,2063
2013,2079
2001,2080
1997,2054
1992,2086
1976,2043
1964,2060
1961,2057
1956,2071
1956,2088
1952,2055
1944,2068
1949,2099
1943,2072
1937,2063
1940,2082
1939,2058
1933,2068
1939,2044
1937,2041
1939,2024
1941,2040
1947,2061
1952,2065
1954,2043
1960,2066
1967,2053
1957,2063
1979,2080
1976,2065
1976,2053
1995,2072
1993,2039
2012,2057
2003,2038
2019,2074
2031,2043
2039,2071
2048,2025
2052,2041
2067,2042
2076,2035
2084,2040
2083,2077
2093,2037
2104,2056
2103,2056
2120,2067
2125,2027
2136,2056
2133,2063
2141,1994
2149,2034
2155,2065
2156,2044
2160,2033
2165,2056
2167,2055
2165,2043
2164,2034
2169,2055
2164,2029
2161,2028
2158,2001
2147,2089
2151,2076
2148,2039
2130,2063
2131,2068
2128,2057
2123,2083
2105,2057
2111,2019
2091,2039
2093,2080
2080,2033
2080,2083
2069,2019
2060,2053
2059,2052
2041,2056
2032,2064
2024,2035
2019,2086
2008,2063
2000,2039
1991,2067
1987,2042
1977,2056
1972,2055
1968,2088
1948,2035
1947,2068
1951,2031
1941,2068
1939,2009
1939,2073
1942,2068
1943,2053
1945,2067
1940,2048
1947,2055
1943,2063
1941,2041
1949,2041
1949,2044
1955,2041
1959,2025
1963,2073
1972,2060
1976,2027
1977,2024
1989,2048
2000,2068
2007,2069
2015,2075
2019,2055
2029,2076
2040,2055
2047,2035
2058,2071
2068,2035
2074,2033
2075,2067
2096,2048
2089,2042
2108,2071
2115,2025
2123,2076
2125,2048
2131,2037
2141,2024
2152,2060
2155,2033
2168,2027
2167,2039
2176,2024
2181,2034
2189,2043
2193,2021
2189,2063
2204,2033
2194,2043
2199,2063
2193,2026
2191,2034
2192,2007
2184,2037
2176,2041
2176,2055
2177,2035
2163,2055
2157,2027
2153,2072
2138,2037
2140,2082
2127,2020
2123,2063
2107,2041
2107,2001
2091,2060
2091,2063
2083,2037
2073,2067
2055,2024
2055,2027
2036,2060
2035,2057
2028,2064
2016,2045
2010,2017
1993,2005
1992,2029
1990,2053
1978,2033
1976,2067
1963,2048
1955,2037
1958,2063
1954,2056
1949,2041
1951,2071
1959,2069
1954,2079
1953,2025
1957,2036
1947,2063
1952,2031
1960,2055
1960,2067
1963,2079
1959,2039
1959,2075
1979,2080
1975,2045
1987,2019
1993,2041
1999,2044
2010,2075
2013,2017
2023,2041
2027,2030
2040,2068
2039,2040
2059,2021
2063,2080
2075,2045
2077,2036
2087,2043
2088,2047
2108,2032
2103,2043
2120,2080
2127,2084
2124,2095
2143,2061
2143,2037
2157,2065
2155,2071
2169,2041
2172,2051
2178,2037
2181,2021
2186,2033
2187,2056
2185,2039
2192,2060
2185,2071
2179,2080
2191,2063
2191,2009
2183,2027
2184,2063
2176,2072
2164,2015
2159,2074
2155,2055
2156,2041
2145,2063
2140,2039
2129,2057
2131,2048
2113,2065
2110,2056
2105,2093
2092,2054
2088,2089
2089,2039
2074,2055
2069,2067
2053,2063
2044,2036
2035,2082
2023,2063
2016,2065
2011,2101
2001,2058
2002,2072
1988,2072
1982,2052
1965,2059
1967,2068
1963,2082
1965,2071
1963,2043
1960,2057
1961,2030
1959,2058
1954,2063
1955,2061
1958,2063
1956,2026
1961,2040
1963,2081
1959,2091
1966,2009
1966,2089
1973,2072
1975,2035
1984,2071
1992,2045
2001,2039
1993,2035
2007,2021
2011,2089
2026,2044
2032,2020
2034,2035
2039,2028
2057,2063
2063,2051
2069,2022
2078,2060
2090,2066
2098,2040
2107,2040
2112,2071
2112,2028
2115,2085
2127,2068
2137,2068
2150,2075
2156,2028
2163,2035
2168,2069
2178,2039
2172,2047
2185,2063
2187,2063
2188,2063
2195,2040
2195,2065
2184,2067
2185,2082
2189,2071
2186,2087
2184,2025
2171,2080
2173,2063
2174,2019
2157,2056
2156,2069
2151,2067
2135,2074
2140,2038
2129,2017
2120,2075
2119,2065
2107,2041
2102,2078
2093,2088
2084,2040
2076,2070
2065,2033
2055,2025
2040,2068
2029,2072
2018,2074
2015,2041
1999,2043
2001,2058
1995,2064
1984,2063
1973,2058
1969,2030
1963,2048
1957,2063
1960,2079
1959,2046
1947,2068
1949,2045
1949,2021
1952,2055
1948,2058
1941,2065
1943,2035
1943,2045
1956,2056
1957,2071
1949,2021
1960,2056
1963,2076
1970,2063
1983,2073
1988,2056
1991,2056
1995,2067
2000,2030
2008,2031
2017,2043
2029,2069
2035,2081
2051,2077
2063,2087
2065,2065
2074,2079
2088,2037
2088,2055
2100,2044
2103,1999
2105,2088
2123,2065
2129,2075
2139,2067
2138,2056
2152,2037
2163,2025
2172,2072
2167,2012
2182,2043
2187,2039
2199,2058
2193,2025
2201,2063
2206,2066
2205,2044
2207,2060
2201,2052
2202,2088
2204,2019
2201,2034
2193,2087
2185,2027
2179,2040
2179,2071
2163,2041
2155,2098
2152,2067
2146,2039
2140,2019
2139,2039
2121,2072
2120,2036
2107,2013
2099,2040
2083,2063
2084,2092
2071,2063
2059,2063
2043,2065
2038,2024
2032,2063
2023,2040
2015,2041
2006,2057
2004,2045
1988,2027
1984,2055
1974,2056
1975,2063
1971,2024
1962,2082
1961,2040
1955,2045
1960,2064
1956,2075
1956,2067
1956,2078
1954,2066
1957,2095
1952,2072
1955,2048
1963,2088
1952,2058
1964,2037
1971,2090
1975,2067
1987,2057
1992,2074
1992,2028
2004,2065
2014,2030
2009,2063
2024,2040
2029,2029
2043,2084
2039,2027
2069,2072
2065,2052
2076,2054
2073,2031
2096,2044
2101,2017
2098,2061
2115,2055
2118,2073
2136,2044
2129,2063
2137,2063
2155,2069
2163,2048
2153,2011
2166,2056
2179,2067
2184,2043
2187,2059
2192,2041
2185,2037
2185,2055
2188,2053
2198,2072
2193,2080
2181,2045
2186,2088
2187,2072
2185,2039
2163,2035
2161,2063
2155,2079
2157,2048
2150,2024
2142,2059
2136,2039
2131,2084
2131,2032
2111,2073
2103,2045
2095,2055
2086,2056
2071,2020
2075,2058
2064,2054
2048,2071
2043,2063
2034,2054
2023,2071
2012,2060
2004,2021
1995,2057
1996,2060
1982,2056
1973,2031
1962,2025
1969,2056
1959,2043
1949,2080
1951,2033
1947,2063
1952,2042
1951,2071
1945,2039
1941,2025
1942,2023
1941,2080
1944,2043
1948,2072
1951,2044
1956,2072
1957,2080
1962,2029
1961,2043
1972,2019
1974,2063
1984,2008
1989,2041
1993,2032
2008,2029
2003,2040
2019,2066
2018,2076
2017,2070
2041,2039
2047,2058
2059,2030
2059,2051
2077,2078
2081,2023
2090,2043
2099,2019
2103,2058
2108,2058
2120,2067
2125,2044
2137,2039
2139,2076
2150,2071
2155,2055
2163,2065
2163,2053
2169,2041
2169,2093
2183,2056
2182,2037
2181,2075
2187,2044
2187,2089
2184,2060
2188,2028
2173,2065
2169,2033
2173,2044
2169,2063
2167,2055
2162,2063
2154,2056
2145,2076
2144,2065
2137,2039
2121,2082
2109,2070
2115,2041
2097,2041
2087,2063
2088,2074
2079,2023
2071,2027
2057,2059
2041,2067
2037,2032
2039,2058
2020,2022
2020,2089
2011,2023
2000,2023
2001,2064
1981,2080
1971,2027
1969,2066
1964,2007
1965,2035
1963,2053
1954,2064
1952,2025
1953,2062
1957,2029
1954,2082
1952,2060
1945,2038
1954,2039
1955,2065
1953,2063
1954,2080
1958,2076
1969,2074
1968,2035
1977,2035
1977,2081
1989,2079
2001,2085
2007,2043
2007,2078
2015,2027
2017,2025
2035,2039
2039,2035
2053,2023
2055,2041
2067,2063
2071,2063
2079,2028
2087,2041
2099,2039
2103,2072
2120,2035
2123,2055
2131,2040
2136,2035
2143,2037
2157,2063
2165,2057
2173,2112
2165,2071
2175,2019
2193,2048
2193,2051
2197,2051
2201,2070
2199,2051
2197,2057
2200,2066
2200,2070
2198,2063
2195,2025
2193,2071
2187,2063
2181,2057
2171,2025
2176,2039
2163,2025
2161,2043
2151,2063
2139,2010
2133,2055
2136,2059
2128,2052
2117,2085
2105,2056
2099,2058
2091,2035
2081,2032
2073,2052
2063,2040
2055,2039
2039,2045
2029,2038
2012,2071
2015,2043
2003,2040
1999,2017
2000,2023
1983,2069
1977,2068
1971,2053
1964,2019
1964,2027
1964,2063
1961,2084
1960,2056
1956,2073
1947,2039
1956,2069
1955,2072
1956,2042
1952,2044
1967,2027
1963,2079
1963,2055
1956,2040
1971,2041
1973,2063
1980,2052
1991,2088
1997,2033
2000,2063
2007,2040
2014,2040
2015,2078
2025,2065
2035,2067
2041,2068
2048,2007
2067,2040
2073,2039
2080,2045
2089,2057
2095,2066
2091,2040
2113,2024
2115,2075
2125,2035
2129,2038
2136,2047
2152,2025
2154,2056
2161,2056
2165,2057
2174,2042
2173,2070
2185,2059
2182,2015
2193,2059
2191,2048
2197,2043
2184,2041
2192,2074
2187,2051
2181,2063
2191,2079
2171,2017
2169,2033
2164,2025
2156,2088
2156,2071
2145,2079
2140,2100
2131,2058
2128,2083
2116,2023
2110,2073
2097,2067
2096,2052
2075,2074
2076,2075
2072,2015
2065,2029
2043,2047
2035,2061
2025,2019
2018,2056
2014,2034
2004,2035
2001,2068
1987,2053
1976,2039
1963,2080
1969,2063
1955,2075
1966,2068
1948,2063
1952,2069
1951,2053
1950,2052
1943,2036
1949,2067
1939,2045
1941,2089
1943,2068
1948,2025
1952,2055
1948,2043
1957,2032
1960,2039
1969,2035
1965,2069
1965,2075
1975,2083
1992,2080
1999,2063
1996,2043
2010,2057
2018,2088
2019,2067
2034,2025
2036,2079
2059,2063
2068,2053
2073,2063
2075,2056
2077,2039
2092,2067
2091,2029
2104,2067
2120,2064
2116,2058
2139,2043
2138,2053
2149,2063
2153,2027
2163,2063
2168,2047
2169,2063
2171,2071
2183,2072
2192,2063
2187,2039
2192,2061
2185,2056
2189,2011
2194,2048
2194,2074
2185,2074
2185,2072
2185,2025
2179,2040
2171,2071
2161,2021
2164,2080
2156,2037
2145,2048
2148,2081
2131,2068
2131,2059
2116,2042
2112,2075
2099,2045
2096,2032
2092,2055
2080,2088
2079,2077
2063,2034
2060,2072
2045,2041
2039,2039
2018,2059
2011,2065
2016,2036
2008,2035
1995,2056
1984,2036
1977,2074
1973,2059
1967,2055
1975,2076
1960,2035
1964,2055
1963,2043
1957,2077
1953,2019
1958,2069
1952,2071
1962,2024
1961,2070
1963,2083
1957,2037
1959,2067
1971,2082
1969,2069
1969,2028
1979,2075
1995,2020
2000,2011
2001,2076
2009,2029
2007,2067
2023,2032
2023,2071
2031,2018
2043,2063
2054,2073
2063,2039
2067,2053
2080,2055
2075,2082
2091,2027
2093,2034
2107,2039
2112,2048
2121,2059
2136,2064
2134,2059
2141,2021
2156,2075
2162,2063
2161,2065
2174,2055
2174,2070
2179,2039
2184,2072
2186,2068
2187,2065
2196,2032
2195,2063
2185,2071
2193,2063
2192,2085
2181,2003
2185,2075
2176,2040
2172,2040
2164,2023
2157,2043
2149,2053
2155,2064
2135,2055
2137,2060
2131,2068
2115,2072
2112,2039
2086,2039
2093,2015
2088,2001
2078,2047
2063,2025
2055,2040
2039,2058
2032,2065
2027,2094
2017,2041
1999,2027
2004,2037
1993,2059
1984,2057
1972,2072
1965,2052
1948,2039
1957,2035
1960,2069
1947,2037
1946,2041
1947,2080
1941,2074
1939,2019
1937,2037
1941,2065
1944,2070
1942,2074
1942,2063
1948,2093
1952,2063
1952,2027
1946,2039
1951,2026
1967,2083
1973,2065
1976,2042
1981,2035
1988,2073
1994,2027
2005,2051
2005,2040
2024,2041
2029,2041
2042,2035
2044,2077
2058,2076
2066,2022
2074,2045
2084,2086
2091,2083
2093,2031
2100,2072
2111,2041
2115,2081
2124,2081
2138,2064
2152,2063
2149,2057
2162,2057
2171,2031
2171,2068
2174,2035
2182,2039
2181,2043
2193,2077
2189,2039
2195,2058
2186,2068
2186,2038
2195,2090
2169,2043
2182,2017
2184,2064
2179,2037
2168,2065
2162,2074
2153,2072
2150,2057
2143,2069
2131,2019
2132,2063
2119,2037
2104,2007
2104,2040
2097,2079
2083,2043
2069,2063
2065,2039
2063,2011
2047,2069
2040,2055
2029,2056
2019,2009
2015,2057
2008,2065
2003,2073
1992,2043
1987,2035
1977,2035
1965,2056
1953,2023
1964,2029
1952,2032
1943,2070
1952,2041
1943,2067
1953,2045
1947,2021
1945,2045
1944,2075
1951,2096
1947,2035
1949,2069
1959,2076
1960,2069
1961,2057
1960,2057
1971,2041
1979,2065
1991,2039
1988,2055
2001,2087
2005,2075
2015,2055
2015,2037
2032,2072
2035,2041
2037,2067
2051,2071
2066,2005
2072,2072
2078,2027
2089,2076
2093,2074
2111,2037
2115,2