2080,2085
2071,2077
2060,1975
2043,2035
2033,2076
2025,2007
2020,2055
2009,2056
2012,2065
1995,2075
1988,2035
1984,2018
1973,2068
1961,2033
1955,2032
1949,2075
1947,1997
1945,2066
1949,2063
1929,2036
1947,2060
1939,2072
1930,2042
1939,2076
1939,2075
1939,2080
1944,2042
1942,2063
1939,2041
1947,2027
1951,2025
1961,2029
1968,2051
1971,2026
1973,2027
1990,2101
1997,2059
1995,2023
2011,2107
2024,2017
2021,2051
2027,2067
2041,2084
2045,2036
2069,2022
2068,2058
2082,2087
2089,2071
2092,2017
2104,2084
2111,2061
2120,2085
2119,2035
2137,2056
2151,2067
2162,2054
2165,2048
2168,2035
2171,2039
2181,2068
2185,2063
2193,2051
2183,2085
2203,2080
2203,2029
2205,2033
2195,2063
2199,2037
2192,2007
2189,2033
2189,2037
2189,2071
2184,2072
2167,1988
2167,2069
2157,2029
2155,2057
2148,2097
2143,2040
2131,2063
2130,2057
2115,2063
2105,2009
2096,2041
2095,2065
2080,2043
2075,2088
2054,2045
2041,2036
2037,2040
2028,2064
2024,2063
2012,2058
2004,2031
1997,2024
1987,2039
1975,2056
1971,2041
1960,2043
1959,2068
1950,2065
1953,2024
1955,2078
1948,2041
1944,1997
1942,2033
1945,2029
1940,2064
1949,2043
1948,2035
1947,2053
1958,2068
1949,2068
1952,2056
1957,2021
1968,2019
1975,2092
1973,2032
1982,2033
1987,2045
1991,2024
1999,2026
2012,2072
2020,2035
2023,2063
2025,2063
2040,2040
2055,2074
2063,2041
2075,2037
2072,2043
2088,2032
2091,2067
2103,2080
2107,1981
2114,2018
2131,2066
2136,2031
2139,2075
2155,2075
2154,2035
2169,2067
2181,2033
2167,2037
2188,2075
2193,2023
2197,2036
2195,2043
2198,2079
2201,2053
2198,2065
2204,2040
2189,2024
2192,2044
2187,2065
2184,2032
2180,2072
2171,2095
2166,2083
2151,2024
2155,2067
2138,2063
2138,2065
2131,2084
2127,2054
2115,2075
2102,2016
2091,2067
2085,2031
2075,2027
2063,2081
2057,2045
2048,2080
2039,2063
2029,2048
2015,2041
2005,2027
2003,2057
1987,2072
1988,2055
1976,2071
1968,2045
1960,2056
1955,2056
1953,2095
1948,2007
1941,2040
1935,2084
1943,2041
1944,2043
1943,2021
1929,2035
1933,2035
1929,2069
1937,2044
1944,2055
1945,2068
1950,2080
1956,2067
1957,2039
1957,2034
1960,2043
1972,2041
1983,2031
1987,2070
1992,2039
1987,2079
2006,2040
2012,2068
2025,2029
2036,2068
2044,2057
2063,2070
2063,2017
2068,2056
2080,2045
2091,2063
2101,2063
2103,2072
2120,2029
2125,2027
2131,2038
2136,2063
2143,2025
2152,2048
2163,2053
2155,2040
2175,2055
2171,2048
2188,2052
2187,2073
2191,2053
2187,2044
2203,2057
2201,2044
2195,2063
2197,2039
2195,2048
2179,2057
2187,2054
2189,2072
2167,2069
2157,2052
2160,2076
2151,2056
2145,2029
2138,2057
2135,2067
2120,2029
2115,2084
2105,2040
2099,2075
2083,2006
2083,2022
2072,2060
2070,2088
2044,2038
2024,2067
2030,2072
2012,2059
2009,2015
1995,2035
1992,2089
1991,2048
1971,2057
1963,2073
1963,2095
1953,2057
1945,2043
1950,2039
1945,2044
1938,2028
1939,2036
1939,2004
1939,2047
1941,2022
1947,2043
1941,2034
1930,2017
1944,2085
1949,2068
1948,2079
1958,2073
1960,2063
1961,2027
1972,2015
1973,2027
1977,2036
1991,2039
1989,2037
2008,2068
2015,2027
2019,2037
2025,2066
2029,2037
2048,2043
2056,2039
2063,2040
2071,2064
2092,2029
2092,2094
2105,2011
2108,2077
2119,2052
2120,2053
2131,2029
2137,2025
2151,2007
2156,2047
2171,2023
2165,2067
2183,2043
2183,2052
2193,2066
2201,2045
2201,2037
2201,2081
2193,2072
2189,2027
2204,2058
2204,2053
2199,2040
2195,2016
2191,2043
2182,2048
2171,2056
2168,2073
2167,2027
2152,2063
2139,2084
2144,2075
2133,2040
2123,2048
2106,2041
2115,2103
2102,2064
2095,2079
2075,2042
2069,2059
2063,2055
2060,2035
2034,2033
2027,2072
2019,2065
2009,2035
2009,2076
1995,2043
1994,2073
1979,2007
1969,2065
1965,2059
1959,2080
1952,2056
1955,2071
1948,2056
1947,2037
1947,2033
1943,2057
1937,2039
1944,2037
1944,2060
1947,2025
1943,2067
1948,2067
1952,2089
1948,2068
1961,2063
1963,2043
1971,2029
1974,2013
1973,2025
1992,2045
1992,2069
1999,2027
1995,2055
2016,2093
2013,2043
2036,2033
2036,2068
2048,2079
2063,2032
2068,2071
2078,2056
2084,2053
2096,2072
2099,2037
2111,2062
2121,2027
2125,2019
2132,2035
2139,2090
2153,2035
2163,2040
2165,2003
2175,2013
2173,2072
2185,2015
2184,2060
2192,2076
2192,2031
2195,2053
2200,2041
2201,2019
2195,2065
2193,2027
2196,2039
2195,2019
2179,2040
2182,2052
2167,2019
2165,2043
2159,2011
2155,2031
2140,2043
2137,2045
2136,2028
2120,2043
2107,2037
2103,2079
2092,2025
2089,2055
2079,2067
2071,2069
2051,2019
2041,2027
2040,2035
2025,2044
2020,2027
2008,2023
1993,2019
1991,2047
1990,2043
1969,2058
1969,2060
1955,2017
1958,2053
1948,2029
1941,2043
1939,2052
1937,2064
1935,2047
1931,2066
1932,2057
1931,2053
1929,2065
1929,2027
1932,2045
1933,2069
1943,2006
1933,2065
1945,2074
1952,2017
1956,2071
1962,2043
1972,2040
1965,2080
1979,2068
1993,2041
2001,2065
2007,2068
2009,2034
2024,2052
2026,2024
2037,2029
2048,1997
2053,2042
2071,2065
2076,2056
2085,2048
2089,2067
2109,2060
2104,2069
2120,2027
2131,2063
2129,2039
2139,2057
2152,2066
2163,2042
2155,2027
2171,2065
2176,2067
2185,2063
2187,2063
2189,2053
2194,2067
2189,2002
2196,2044
2196,2038
2195,2073
2177,2029
2192,2043
2187,2084
2176,2072
2171,2024
2168,2055
2156,2009
2146,2027
2148,2072
2139,2059
2136,2079
2127,2077
2116,2053
2105,2056
2091,2086
2091,2031
2067,2066
2072,2078
2037,2056
2043,2045
2039,2021
2033,2023
2019,2065
2014,2064
2003,2063
1995,2038
1987,2053
1981,2057
1969,2040
1966,2073
1967,2028
1960,2101
1954,2029
1946,2043
1941,2065
1943,2042
1943,2047
1940,2072
1940,2039
1941,2043
1932,2023
1939,2041
1945,2071
1939,2043
1943,2065
1949,2082
1960,2063
1967,2088
1963,2041
1977,2047
1981,2053
1996,2053
2002,2079
2009,2029
2016,2042
2020,2068
2031,2087
2040,2048
2041,2043
2059,2072
2071,2057
2076,2043
2087,2032
2096,2040
2104,2027
2112,2075
2122,2043
2130,2063
2139,2072
2144,2031
2151,2045
2152,2048
2168,2042
2172,2063
2174,2012
2191,2063
2185,2063
2196,2060
2201,2039
2188,2073
2203,2062
2189,2015
2205,2063
2200,2068
2198,2043
2197,2063
2193,2065
2187,2040
2179,2040
2168,2081
2170,2042
2168,2040
2135,2077
2139,2080
2137,2080
2129,2057
2117,2055
2112,2056
2099,2063
2088,2028
2080,2046
2079,2058
2065,2076
2053,2055
2044,2071
2033,2055
2028,2043
2020,2040
2009,2054
1995,2073
1992,2086
1987,2063
1975,2075
1968,2056
1964,2066
1956,2038
1953,2083
1946,2031
1951,2056
1945,2041
1943,2042
1941,2064
1946,2041
1947,2067
1949,2074
1941,2080
1941,2037
1948,2019
1945,2011
1954,2083
1959,2057
1964,2076
1975,2064
1969,2097
1976,2087
1987,2063
1997,2035
1995,2068
2015,2035
2009,2039
2031,2069
2029,2051
2039,2011
2060,2007
2063,2046
2072,2038
2075,2068
2088,2048
2093,2039
2104,2037
2107,2083
2116,2031
2128,2051
2133,2031
2149,2045
2157,2036
2162,2064
2163,2021
2169,2035
2179,2041
2185,2043
2183,2072
2188,2045
2192,2063
2196,2063
2195,2063
2196,2072
2192,2011
2185,2021
2185,2070
2183,2063
2173,2019
2169,2090
2165,2075
2160,2063
2155,2063
2147,2031
2137,2069
2133,2067
2123,2047
2120,2027
2108,2072
2099,2084
2085,2063
2085,2088
2067,2044
2072,2053
2050,2055
2029,2071
2033,2059
2024,2035
2018,2016
1993,2041
1998,2011
1991,2068
1977,2067
1975,2061
1969,2061
1964,2063
1951,2040
1948,2040
1945,2021
1941,2073
1939,2057
1931,2076
1934,2063
1940,2074
1935,2041
1928,2072
1937,2067
1943,2081
1945,2080
1943,2027
1941,2042
1949,2033
1957,2041
1964,2071
1971,2056
1976,2073
1985,2063
1979,2035
1998,2098
2011,2066
2015,2007
2025,2027
2029,2070
2045,2077
2043,2029
2062,2032
2066,2013
2079,2043
2092,2041
2092,2056
2108,2066
2105,2063
2119,2045
2135,2021
2129,2043
2139,2063
2159,2056
2161,2066
2159,2011
2176,2078
2186,2039
2185,2061
2189,2044
2206,2021
2193,2027
2200,2072
2187,2041
2197,2024
2200,2037
2187,2067
2195,2071
2185,2032
2192,2063
2176,2060
2177,2056
2165,2080
2164,2067
2152,2069
2143,2026
2140,2044
2131,2076
2125,2030
2115,2045
2105,2040
2094,2072
2088,2080
2075,2063
2067,2027
2057,2033
2054,2063
2041,2052
2028,2043
2019,2048
2005,2036
1999,2019
1992,2037
1992,2070
1971,2071
1975,2043
1966,2015
1962,2041
1949,2063
1956,2065
1949,2007
1950,2083
1945,2080
1949,2068
1939,2074
1942,2071
1941,2041
1949,2032
1939,2041
1949,2039
1950,2068
1958,2040
1953,2069
1965,2039
1968,2017
1969,2058
1973,2019
1995,2053
1991,2054
1995,2060
2012,2031
2012,2068
2027,2037
2037,1995
2040,2039
2060,2060
2068,2041
2066,2039
2077,2040
2093,2069
2103,2032
2108,2047
2115,2043
2121,2027
2129,2065
2131,2041
2155,2075
2155,2039
2163,2059
2173,2067
2173,2047
2187,2011
2192,2043
2194,2066
2202,2072
2202,2034
2199,2063
2199,2021
2204,2100
2196,2024
2196,2053
2192,2085
2185,2029
2179,2039
2181,2072
2176,2040
2167,2041
2157,2023
2152,2079
2143,2039
2135,2035
2127,2055
2123,2020
2120,2087
2106,2074
2089,2033
2083,2037
2073,2044
2074,2041
2059,2039
2048,2052
2025,2068
2025,2053
2015,2065
2008,2071
2008,2055
1993,2063
1985,2060
1971,2029
1965,2067
1959,2025
1955,2072
1951,2046
1944,2071
1939,2039
1944,2056
1951,2052
1944,2074
1941,2076
1943,2070
1929,2029
1940,2021
1933,2043
1943,2065
1941,2033
1945,2033
1952,2044
1963,2021
1956,2025
1961,2033
1974,2062
1988,2063
1992,2037
1992,2007
1997,2063
2011,2056
2020,2065
2026,2017
2033,2065
2041,2058
2058,2057
2065,2070
2072,2063
2083,2015
2087,2022
2093,2027
2103,2053
2123,2056
2123,2039
2129,2057
2144,2056
2146,2067
2159,2040
2159,2066
2168,2080
2182,2057
2181,2069
2185,2039
2189,2041
2189,2023
2200,2039
2191,2037
2193,2069
2192,2096
2189,2034
2196,2021
2188,2088
2184,2056
2176,2066
2169,2080
2157,2045
2155,2019
2149,2035
2143,2075
2141,2085
2131,2072
2123,2072
2110,2039
2106,2072
2096,2065
2088,2045
2078,2073
2063,2053
2063,2077
2041,2069
2033,2044
2019,2077
2019,2082
2013,2067
1993,2039
1987,2044
1980,2048
1971,2063
1961,2055
1959,2039
1947,2056
1942,2035
1947,2006
1943,2028
1943,2025
1941,2065
1937,2042
1939,2021
1937,2037
1939,2080
1932,2035
1940,2063
1942,2045
1943,2037
1947,2088
1944,2101
1960,2082
1955,2037
1963,2103
1975,2023
1987,2063
1981,2027
2008,2067
2005,2032
2003,2055
2025,2064
2031,2065
2029,2068
2042,2029
2061,2060
2056,2035
2071,2044
2075,2059
2094,2021
2104,2026
2108,2063
2119,2027
2121,2066
2131,2040
2139,2058
2149,2031
2160,2036
2162,2076
2169,2009
2181,2040
2184,2040
2192,2057
2200,2068
2201,2073
2195,2053
2200,2056
2202,2017
2196,2063
2199,2068
2196,2055
2189,2003
2183,2075
2185,2056
2173,2032
2163,2045
2160,2005
2149,2016
2154,2067
2143,2073
2134,2035
2136,2080
2121,2063
2103,2020
2103,2088
2085,2057
2085,2057
2079,2073
2063,2027
2056,2034
2047,2100
2034,2040
2020,2067
2015,2056
2002,2063
2005,2028
1989,2066
1980,2021
1971,2037
1964,2039
1952,2034
1951,2060
1947,2032
1948,2043
1951,2072
1940,2058
1941,2057
1939,2005
1937,2063
1938,2072
1943,2022
1943,2078
1944,2075
1947,2020
1952,2055
1960,2005
1961,2038
1967,2039
1971,2076
1973,2022
1985,2039
1990,2075
1994,2063
2004,2055
2011,2068
2020,2063
2027,2075
2027,2041
2047,2035
2053,2005
2071,2060
2075,2035
2073,2063
2085,2072
2099,2038
2114,2085
2116,2037
2121,2079
2131,2029
2135,2017
2151,2037
2153,2041
2163,2037
2169,2069
2180,2074
2179,2068
2188,2044
2198,2063
2191,2039
2197,2019
2193,2048
2199,2065
2197,2042
2197,2036
2194,2071
2188,2027
2184,2055
2179,2023
2167,2033
2163,2060
2155,2092
2158,2039
2152,2074
2135,2047
2127,2031
2124,2064
2120,2085
2106,2088
2093,2040
2089,2040
2080,2033
2077,2004
2059,2043
2055,2015
2035,2045
2025,2053
2019,2059
2009,2071
2008,2003
2002,2027
1992,2041
1983,2043
1972,2064
1963,2071
1953,2048
1944,2079
1948,2072
1950,2058
1945,2069
1947,2072
1938,2069
1940,2062
1935,2075
1931,2039
1929,2081
1925,2034
1944,2037
1942,2101
1947,2079
1949,2056
1953,2076
1957,2027
1961,2016
1965,2079
1977,2055
1984,2071
1996,2046
1995,2033
2009,2046
2015,2024
2017,2029
2015,2031
2040,2088
2056,2039
2056,2038
2065,2055
2082,2088
2088,2032
2093,2029
2104,2066
2107,2069
2113,2033
2131,2029
2135,2036
2144,2056
2148,2029
2156,2051
2169,2054
2171,2069
2176,2030
2188,2048
2192,2057
2192,2044
2189,2041
2197,2055
2197,2022
2195,2080
2185,2011
2192,2011
2189,2096
2185,2051
2181,2080
2165,2063
2170,2017
2160,2078
2155,2029
2147,2073
2142,2021
2133,2062
2127,2045
2107,2076
2101,2073
2092,2033
2086,2037
2079,2036
2077,2040
2071,2053
2048,2056
2037,2031
2027,2056
2020,2043
2012,2009
1998,2071
2003,2039
1979,2025
1971,2063
1971,2035
1965,2063
1954,2082
1949,2040
1948,2059
1941,2078
1937,2075
1947,2023
1937,2060
1939,2069
1935,2020
1933,2060
1935,2047
1931,2019
1941,2063
1937,2023
1941,2079
1941,2029
1955,2066
1963,2066
1965,2044
1968,2082
1987,2029
1989,2084
1995,2036
2007,2073
2003,2060
2018,2065
2029,2024
2044,2096
2043,2033
2051,2105
2069,2048
2071,2053
2083,2040
2095,2061
2097,2071
2112,2044
2115,2072
2128,2027
2132,2047
2137,2037
2151,2055
2160,2027
2153,2011
2176,2018
2173,2037
2183,2053
2192,2063
2193,2041
2196,2055
2201,2065
2204,2063
2205,2055
2199,2072
2206,2060
2199,2077
2196,2088
2184,2043
2184,2076
2181,2067
2171,2020
2170,2043
2161,2080
2149,2063
2127,2065
2131,2005
2129,2035
2121,2023
2105,2057
2108,2037
2096,2044
2093,2071
2084,2040
2072,2077
2063,2083
2048,2032
2039,2067
2018,2039
2017,2043
2005,2076
2006,2015
1991,2057
1987,2063
1977,2041
1971,2087
1967,2083
1953,2071
1949,2041
1947,2080
1945,2041
1946,2011
1938,2036
1944,2067
1946,2029
1937,2055
1941,2035
1941,2060
1951,2029
1946,2041
1951,2080
1959,2058
1960,2044
1963,2074
1974,2021
1980,2040
1980,2075
1987,2059
1997,2039
1995,2025
2011,2080
2023,2045
2029,2063
2036,2043
2039,2038
2059,2039
2071,2041
2076,2029
2084,2051
2089,2023
2095,2037
2103,2063
2101,2017
2128,2031
2123,2060
2140,2074
2150,2040
2159,2040
2157,2024
2172,2084
2180,2067
2182,2063
2186,2029
2188,2055
2185,2053
2200,2068
2195,2039
2193,2039
2200,2076
2196,2065
2193,2067
2185,2071
2183,2056
2168,2036
2171,2043
2163,2003
2155,2041
2153,2040
2135,2034
2136,2054
2131,2039
2128,2025
2120,2088
2108,2087
2096,2055
2083,2053
2075,2063
2067,2020
2055,2067
2053,2044
2035,2027
2021,2086
2017,2063
2003,2071
1995,2063
1992,2057
1987,2071
1983,2074
1965,2063
1953,2066
1940,2045
1939,2056
1941,2056
1933,2051
1939,2035
1941,2045
1925,2057
1931,2029
1937,2059
1936,2042
1927,2043
1927,2024
1941,2032
1933,2088
1937,2065
1941,2087
1950,2096
1951,2075
1955,2055
1961,2040
1966,2036
1977,2064
1981,2084
1994,2028
2009,2028
2005,2021
2011,2027
2025,2051
2028,2024
2046,2057
2056,2071
2066,2080
2071,2034
2073,2060
2094,2053
2096,2057
2109,2065
2113,2063
2117,2063
2125,2075
2142,2071
2155,2064
2159,2064
2157,2041
2168,2074
2174,2051
2179,2032
2187,2056
2187,2039
2185,2056
2193,2044
2200,2040
2185,2039
2185,2053
2194,2068
2184,2035
2179,2067
2174,2028
2176,2033
2168,2064
2164,2040
2158,2042
2152,2057
2141,2043
2132,2092
2125,2041
2119,2068
2108,2084
2103,2061
2087,2025
2079,2063
2065,2028
2071,2088
2048,2038
2046,2074
2027,2072
2025,2069
2020,2063
2001,2029
2004,2059
1991,2041
1975,2056
1974,2048
1968,2060
1961,2033
1960,2072
1944,2074
1944,2060
1949,2051
1945,2069
1939,2045
1939,2037
1944,2073
1944,2069
1947,2044
1939,2059
1945,2075
1947,2011
1952,2072
1950,2072
1954,2060
1963,2071
1969,2045
1969,2026
1977,2075
1992,2007
1991,2040
2001,2015
2016,2060
2017,2053
2032,2021
2028,2067
2055,2075
2063,2041
2072,2066
2069,2071
2088,2040
2087,2055
2104,2068
2105,2045
2125,2080
2123,2043
2132,2069
2135,2048
2153,2023
2155,2027
2166,2067
2173,2057
2181,2037
2190,2068
2189,2067
2199,2063
2179,2044
2206,2058
2199,2043
2203,2057
2199,2057
2202,2077
2197,2057
2200,2056
2187,2033
2189,2063
2184,2043
2181,2046
2170,2087
2171,2044
2157,2077
2137,2063
2138,2068
2137,2061
2119,2027
2122,2080
2105,2074
2099,2045
2090,2068
2075,2043
2072,2041
2060,2007
2039,2071
2041,2043
2027,2065
2003,2063
2014,2071
2000,2088
2001,2075
1984,2057
1972,2029
1969,2056
1968,2067
1952,2068
1949,2081
1953,2056
1942,2073
1940,2077
1937,2043
1944,2039
1932,2067
1940,2021
1942,2069
1941,2075
1937,2073
1937,2024
1955,2068
1948,2068
1956,2072
1956,2055
1959,2081
1971,2020
1980,2057
1992,2064
1995,2040
2007,2036
2008,2062
2011,2035
2018,2052
2028,2067
2038,2037
2043,2067
2064,2069
2072,2039
2075,2072
2088,2057
2095,2066
2099,2087
2105,2035
2117,2075
2127,2056
2144,2068
2145,2071
2151,2027
2157,2041
2172,2068
2171,2035
2179,2021
2179,2035
2183,2039
2193,2055
2185,2037
2191,2057
2193,2072
2192,2080
2192,2055
2188,2057
2172,2043
2176,2072
2171,2075
2167,2088
2168,2086
2155,2040
2156,2084
2145,2052
2136,2057
2121,2042
2125,2043
2113,2073
2105,2039
2096,2078
2088,2074
2072,2040
2065,2071
2063,2088
2040,2028
2037,2043
2033,2069
2020,2068
2005,2040
1997,2017
1993,2041
1977,2063
1980,2056
1965,2075
1955,2056
1955,2043
1947,2121
1945,2029
1945,2051
1944,2072
1940,2067
1931,2078
1936,2027
1937,2017
1929,2063
1935,2078
1931,2080
1932,2017
1941,2053
1941,2099
1943,2031
1951,2056
1953,2043
1955,2071
1973,2040
1980,2052
1981,2072
1981,2044
1995,2085
2001,2053
2016,2056
2022,2041
2032,2068
2036,2063
2039,2067
2064,2027
2063,2029
2073,2036
2088,2066
2093,2060
2108,2059
2106,2063
2117,2065
2120,2027
2138,2021
2137,2028
2149,2069
2163,2072
2168,2057
2187,2076
2184,2043
2185,2045
2188,2057
2193,2067
2193,2057
2199,2071
2201,2027
2202,2063
2200,2076
2198,2079
2195,2073
2190,2056
2187,2044
2192,2070
2177,2059
2169,2051
2160,2085
2156,2027
2145,2021
2139,2051
2136,2073
2128,2099
2115,2066
2114,2070
2101,2054
2085,2027
2076,2073
2075,2068
2059,2052
2045,2078
2040,2071
2031,2056
2024,2071
2000,2063
2008,2069
2000,2020
1990,2015
1985,2040
1972,2043
1961,2029
1967,2085
1959,2031
1945,2045
1951,2064
1946,2061
1939,2057
1948,2066
1943,2073
1941,2075
1941,2074
1945,2043
1947,2021
1951,2057
1954,2057
1952,2030
1960,2077
1973,2056
1969,2075
1974,2022
1982,2042
1993,2055
1995,2024
2008,2058
2002,2040
2011,2025
2031,2024
2031,2021
2047,2084
2044,2037
2063,2069
2075,2088
2083,2056
2089,2021
2091,2055
2103,2067
2105,2064
2121,2091
2128,2063
2136,2058
2144,2063
2151,2068
2153,2033
2172,2068
2171,2088
2173,2033
2190,2023
2195,2041
2186,2026
2200,2074
2203,2079
2195,2031
2197,2019
2203,2072
2193,2041
2193,2053
2192,2078
2181,2035
2176,2063
2174,2048
2163,2059
2161,2013
2149,2047
2147,2004
2137,2039
2135,2037
2126,2072
2092,2070
2103,2048
2091,2071
2089,2029
2076,2051
2067,2044
2063,2051
2041,2081
2027,2033
2030,2042
2022,2035
2009,2057
1999,2058
1995,2024
1984,2085
1980,2069
1960,2040
1961,2043
1960,2007
1945,2036
1951,2066
1952,2080
1944,2033
1948,2065
1944,2037
1940,2043
1944,2042
1943,2029
1942,2062
1937,2072
1938,2048
1943,2074
1947,2063
1956,2040
1953,2015
1962,2026
1972,2035
1973,2079
1987,2028
1992,2063
1999,2032
2001,2019
2013,2067
2008,2011
2028,2055
2033,2018
2039,2021
2053,2071
2063,2055
2076,2036
2082,2031
2089,2067
2096,2040
2103,2039
2117,2004
2124,2056
2126,2063
2148,2063
2148,2053
2155,2005
2165,2071
2179,2069
2171,2035
2173,2040
2176,2072
2188,2039
2193,2034
2186,2017
2193,2051
2196,2064
2193,2043
2187,2035
2181,2058
2191,2042
2183,2079
2176,2084
2165,2024
2155,2069
2152,2038
2143,2007
2135,2045
2134,2053
2120,2077
2120,2063
2107,2036
2097,2088
2093,2036
2092,2100
2071,2072
2069,2012
2058,2071
2046,2072
2032,2052
2027,2091
2016,2066
2009,2040
1993,2071
1995,2008
1981,2079
1970,2057
1965,2055
1960,2073
1954,2071
1944,2032
1943,2080
1944,2071
1938,2046
1932,2055
1928,2072
1941,2072
1937,2040
1941,2067
1937,2083
1935,2054
1945,2047
1947,2056
1947,2076
1962,2090
1957,2036
1959,2027
1963,2071
1976,2056
1981,2063
1980,2077
1995,2036
2005,2024
2003,2071
2017,2063
2019,2019
2039,2057
2039,2019
2057,2063
2067,2072
2069,2046
2077,2025
2097,2043
2101,2063
2105,2057
2113,2047
2121,2079
2128,2054
2143,2033
2151,2070
2163,2063
2166,2060
2165,2065
2180,2070
2181,2065
2183,2035
2196,2064
2197,2064
2194,2055
2198,2058
2200,2036
2191,2087
2196,2086
2192,2037
2193,2077
2181,2063
2168,2023
2180,2065
2172,2087
2160,2058
2157,2090
2149,2065
2135,2019
2136,2063
2128,2035
2112,2078
2110,2063
2099,2060
2089,2037
2080,2064
2074,2043
2065,2061
2041,2040
2041,2040
2030,2039
2024,2089
2016,2084
2007,2078
1998,2084
1991,2048
1975,2072
1966,2045
1957,2065
1955,2040
1953,2057
1952,2063
1943,2071
1951,2076
1949,2037
1943,2052
1944,2073
1937,2039
1941,2029
1939,2076
1941,2025
1940,2039
1945,2031
1954,2045
1948,2063
1951,2076
1961,2031
1973,2071
1975,2027
1982,2029
1994,2057
2002,2081
2008,2039
2015,2075
2027,2038
2027,2055
2046,2060
2040,2035
2066,2042
2055,2064
2083,2030
2087,2056
2101,2072
2104,2034
2116,2072
2121,2037
2127,2010
2137,2052
2148,2057
2153,2039
2167,2032
2149,2013
2176,2055
2172,2039
2192,2043
2190,2057
2187,2027
2197,2024
2203,2030
2195,2063
2197,2078
2200,2079
2195,2033
2189,2057
2191,2068
2183,2019
2172,2025
2169,2010
2177,2059
2162,2073
2157,2063
2141,2083
2140,2046
2135,2075
2128,2034
2109,2040
2104,2080
2099,2026
2085,2059
2084,2087
2073,2056
2063,2048
2042,2091
2029,2044
2028,2043
2022,2043
2016,2043
2003,2080
1993,2078
1991,2080
1969,2072
1968,2063
1967,2076
1954,2069
1951,2063
1948,2055
1942,2069
1931,2041
1947,2068
1939,2061
1940,2033
1929,2023
1933,2079
1933,2085
1932,2063
1937,2026
1943,2081
1944,2035
1951,2034
1958,2068
1951,2053
1961,2066
1976,2076
1973,2054
1983,2072
1991,2087
1988,2002
2008,2040
2007,2063
2024,2040
2025,2009
2027,2063
2056,2043
2063,2088
2069,2041
2075,2055
2087,2045
2097,2031
2099,2029
2113,2033
2117,2080
2131,2067
2137,2044
2144,2041
2148,2055
2152,2040
2168,2092
2161,2012
2171,2054
2173,2056
2184,2035
2191,2021
2185,2076
2195,2041
2194,2062
2188,2091
2187,2008
2183,2019
2189,2088
2176,2080
2176,2086
2163,2021
2155,2063
2155,2035
2143,2020
2139,2063
2135,2035
2123,2043
2117,2043
2103,2080
2104,2040
2096,2056
2085,2030
2076,2043
2070,2067
2064,2052
2051,2059
2035,2055
2023,2088
2024,2040
2006,2041
2003,2068
1996,2081
1989,2029
1976,2071
1960,2041
1961,2068
1954,2070
1949,2058
1947,2071
1940,2039
1943,2041
1948,2069
1947,2068
1933,2025
1937,2041
1935,2067
1936,2034
1944,2065
1939,2030
1945,2044
1945,2078
1951,2017
1955,2021
1957,2057
1967,2024
1969,2057
1987,2055
1982,2081
1987,2048
1999,2029
2008,2076
2021,2063
2020,1993
2032,2060
2040,2055
2056,2039
2067,2044
2067,2023
2087,2069
2083,2065
2097,2053
2109,2064
2109,2043
2117,2075
2128,2080
2137,2040
2154,2039
2161,2063
2171,2042
2168,2013
2165,2048
2179,2038
2194,2055
2192,2021
2197,2053
2195,2037
2202,2055
2204,2048
2195,2063
2203,2084
2198,2068
2196,2072
2187,2071
2185,2045
2186,2027
2172,2053
2168,2052
2163,2070
2149,2069
2149,2041
2133,2063
2129,2073
2109,2068
2116,2044
2107,2035
2086,2041
2087,2043
2080,2071
2072,2019
2055,2063
2056,2069
2037,2045
2023,2071
2024,2033
2007,2065
2003,2039
1992,2073
1992,2065
1980,2085
1963,2085
1955,2021
1955,2021
1951,2043
1955,2057
1954,2051
1946,2069
1939,2039
1946,2043
1951,2071
1945,2040
1941,2070
1946,2054
1947,2037
1951,2063
1952,2039
1955,2015
1957,2043
1971,2036
1973,2096
1973,2072
1988,2023
1997,2021
1996,2039
2008,2080
2015,2063
2024,2003
2033,2069
2031,2053
2047,2076
2059,2088
2066,2035
2077,2055
2083,2069
2088,2072
2101,2029
2101,2048
2120,2084
2107,2066
2132,2035
2136,2063
2144,2048
2159,2063
2153,2029
2170,2007
2172,2066
2172,2045
2188,2053
2188,2037
2195,2022
2191,2077
2193,2063
2192,2066
2192,2084
2197,2027
2195,2018
2194,2083
2188,2088
2185,2048
2165,2063
2165,2023
2163,2034
2155,2088
2144,2072
2139,2037
2129,2027
2121,2043
2119,2043
2099,2066
2098,2012
2092,2063
2082,2087
2076,2066
2057,2067
2041,2034
2037,2045
2025,2057
2019,2076
2013,2068
2004,2079
1987,2020
1989,2031
1973,2056
1972,2087
1959,2041
1955,2082
1950,2059
1946,2063
1941,2011
1939,2057
1941,2063
1937,2072
1937,2025
1943,2071
1937,2076
1929,2080
1932,2046
1933,2077
1933,2037
1947,2021
1945,2039
1951,2076
1960,2065
1967,2055
1968,2084
1971,2041
1976,2065
1979,2039
1997,2029
2003,2040
2011,2073
2020,2039
2041,2071
2036,2043
2039,2040
2059,2057
2057,2029
2076,2065
2084,2063
2094,2069
2093,2079
2100,2019
2120,2071
2124,2073
2137,2079
2146,2029
2151,2078
2159,2067
2167,2044
2176,2054
2173,2035
2183,2056
2190,2051
2193,2065
2195,2076
2200,2068
2198,2063
2199,2092
2187,2059
2189,2046
2188,2015
2185,2043
2183,2055
2171,2047
2169,2066
2169,2043
2151,2038
2144,2071
2150,2063
2143,2087
2127,2080
2119,2079
2107,2036
2099,2068
2100,2069
2092,2053
2082,2072
2078,2044
2068,2053
2057,2071
2033,2039
2025,2056
2019,2056
2012,2071
1997,2047
1988,2028
1988,2015
1971,2079
1975,2059
1965,2077
1959,2055
1941,2071
1945,2056
1948,2071
1954,2037
1952,2072
1947,2055
1939,2067
1942,2063
1949,2063
1944,2077
1943,2029
1944,2039
1953,2044
1960,2046
1960,2080
1963,2021
1975,2040
1975,2056
1990,2027
1987,2067
1995,2015
2005,2021
2018,2057
2023,2084
2023,2029
2040,2051
2039,2017
2063,2053
2057,2045
2068,2024
2079,2067
2088,2052
2104,2037
2099,2030
2107,2039
2128,2030
2126,2023
2140,2063
2149,2035
2164,2071
2168,2039
2172,2058
2176,2067
2181,2048
2194,2025
2196,2057
2189,2074
2199,2063
2199,2054
2204,2053
2201,2024
2203,2089
2193,2067
2184,2059
2196,2057
2191,2083
2181,2041
2169,2030
2165,2027
2169,2043
2155,2068
2152,2056
2138,2038
2127,2055
2130,2041
2115,2033
2104,2035
2103,2062
2089,2051
2074,2057
2063,2027
2068,2075
2055,2051
2043,2059
2027,2048
2024,2066
2005,2072
2007,2035
1995,2069
1989,2072
1979,2057
1966,2059
1955,2037
1953,2063
1953,2063
1948,2043
1945,2080
1944,2079
1937,2017
1945,2039
1941,2044
1938,2076
1931,2051
1939,2087
1942,2036
1943,2083
1941,2063
1945,2071
1945,2053
1955,2085
1957,2045
1963,2040
1975,2097
1984,2025
1989,2028
1996,2048
1998,2056
2016,2056
2017,2057
2025,2012
2027,2041
2052,2085
2057,2037
2068,2043
2067,2075
2085,2065
2090,2048
2092,2026
2103,2032
2112,2040
2124,2023
2119,2056
2133,2045
2144,2026
2159,2029
2157,2044
2173,2021
2177,2033
2189,2020
2193,2079
2185,2037
2190,2037
2200,2054
2188,2045
2196,2063
2189,2033
2192,2019
2188,2056
2181,2067
2186,2051
2186,2060
2167,2047
2157,2022
2151,2020
2147,2025
2143,2041
2131,2073
2124,2041
2121,2019
2113,2041
2109,2030
2095,2037
2083,2045
2075,2073
2071,2039
2063,2029
2045,2029
2032,2033
2027,2077
2018,2059
2004,2063
1992,2040
1987,2041
1977,2041
1976,2027
1971,2064
1960,2054
1950,2055
1949,2070
1946,2036
1943,2029
1945,2044
1939,2008
1937,2063
1940,2032
1938,2043
1938,2068
1942,2061
1936,2082
1944,2023
1937,2040
1937,2055
1947,2037
1948,2015
1961,2052
1954,2056
1978,2053
1976,2009
1981,2076
1991,2036
2007,2072
2006,2036
2011,2023
2027,2076
2024,2087
2044,2073
2063,2048
2059,2065
2073,2043
2080,2040
2088,2059
2105,2043
2107,2061
2112,2024
2120,2076
2123,2080
2140,2063
2150,2053
2153,2037
2163,2081
2168,2029
2172,2037
2180,2045
2172,2044
2185,2041
2199,2071
2193,2035
2200,2020
2198,2043
2195,2038
2194,2071
2188,2029
2190,2026
2183,2085
2169,2031
2171,2040
2172,2051
2162,2035
2157,2087
2150,2022
2139,2067
2133,2053
2121,2077
2115,2043
2105,2065
2093,2021
2081,2023
2077,2035
2078,2034
2070,2067
2053,2048
2043,2052
2029,2090
2017,2065
2011,2080
2002,2069
2001,2029
1988,2063
1983,2043
1976,2057
1965,2072
1959,2061
1950,2088
1954,2072
1945,2024
1947,2070
1946,2068
1943,2043
1938,2068
1937,2035
1945,2075
1939,2073
1948,2080
1948,2032
1948,2051
1945,2080
1959,2038
1963,2063
1961,2089
1965,2063
1975,2057
1988,2025
1995,2058
1989,2057
2003,2035
2014,2045
2023,2041
2022,2057
2041,2083
2048,2063
2056,2056
2063,2071
2076,2033
2080,2072
2083,2035
2103,2019
2113,2029
2107,2028
2127,2024
2136,2035
2135,2039
2149,2033
2160,2032
2171,2072
2163,2024
2181,2051
2181,2027
2190,2053
2199,2052
2195,2055
2200,2057
2203,2060
2195,2029
2193,2082
2199,2041
2195,2033
2181,2043
2185,2057
2185,2079
2179,2084
2172,2067
2164,2056
2158,2092
2152,2015
2142,2030
2141,2060
2126,2047
2124,2072
2105,2039
2100,2025
2088,2033
2084,2103
2068,2013
2065,2043
2055,2075
2046,2017
2032,2069
2017,2063
2013,2033
2008,2063
2000,2055
1984,2030
1985,2039
1974,2067
1968,2054
1964,2035
1951,2027
1955,2031
1952,2023
1948,2044
1945,2075
1939,2063
1949,2075
1943,2066
1944,2072
1938,2032
1944,2081
1943,2073
1945,2029
1953,2033
1947,2107
1947,2008
1960,2043
1960,2045
1971,2048
1982,2029
1992,2079
1999,2088
2003,2057
2015,2071
2018,2075
2023,2059
2031,2072
2038,2032
2056,2071
2063,2055
2068,2079
2080,2024
2083,2080
2093,2042
2104,2078
2109,2080
2125,2067
2129,2035
2141,2079
2148,2055
2154,2023
2151,2041
2171,2053
2164,2041
2176,2048
2184,2059
2183,2055
2187,2023
2189,2041
2187,2064
2195,2053
2189,2041
2189,2036
2189,2041
2186,2068
2184,2070
2175,2028
2172,2048
2165,2075
2158,2043
2152,2068
2152,2042
2141,2032
2135,2042
2127,2040
2119,2071
2105,2040
2086,2071
2085,2072
2081,2029
2069,2057
2055,2063
2043,2039
2040,2040
2023,2056
2019,2066
2013,2029
2001,2063
1991,2063
1989,2072
1971,2037
1975,2063
1959,2056
1948,2048
1943,2025
1939,2032
1939,2071
1935,2079
1939,2056
1936,2068
1928,2044
1931,2063
1929,2067
1931,2079
1933,2032
1932,2032
1935,2072
1944,2039
1946,2088
1955,2053
1955,2074
1962,2039
1964,2088
1976,2021
1985,2051
1979,2085
1993,2055
2001,2063
2016,2086
2016,2063
2023,2025
2027,2084
2043,2047
2053,2037
2070,2040
2069,2071
2077,2045
2087,2019
2096,2063
2111,2032
2112,2024
2121,2039
2135,2035
2141,2040
2146,2027
2150,2029
2162,2042
2169,2057
2173,2039
2184,2067
2189,2064
2191,2075
2185,2027
2196,2036
2200,2063
2199,2064
2196,2037
2195,2071
2182,2075
2187,2011
2184,2068
2174,2008
2170,2033
2163,1996
2152,2063
2147,2035
2144,2037
2131,2037
2129,2027
2105,2065
2116,2019
2108,2079
2092,2068
2083,2029
2073,2057
2071,2043
2066,2080
2039,2031
2027,2033
2021,2057
2019,1995
2007,2034
2004,2070
1989,2038
1979,2068
1978,2057
1963,2076
1955,2055
1959,2031
1963,2030
1952,2057
1951,2044
1943,2066
1946,2077
1939,2027
1933,2066
1938,2033
1940,2041
1938,2063
1941,2077
1940,2037
1951,2008
1944,2022
1954,2047
1964,2065
1968,2067
1978,2023
1988,2073
1996,2032
1987,2033
1995,2019
2014,2072
2022,2043
2021,2080
2037,2062
2044,2059
2063,2056
2065,2027
2075,2022
2079,2074
2083,2035
2101,2057
2101,2033
2105,2088
2127,2064
2133,1995
2140,2041
2150,2039
2153,2040
2155,2056
2167,2030
2187,2044
2186,2033
2188,2077
2194,2045
2197,2043
2200,2057
2199,2024
2196,2024
2200,2022
2195,2087
2191,2072
2195,2029
2196,2055
2176,2074
2187,2057
2171,2018
2165,2055
2167,2034
2160,2080
2148,2076
2131,2059
2133,2072
2125,2048
2119,2042
2107,2069
2099,2092
2092,2060
2080,2085
2067,2074
2063,2057
2057,2065
2033,2071
2032,2071
2024,2038
2014,2043
2004,2027
1992,2071
1981,2056
1976,2025
1975,2068
1961,2051
1955,2019
1948,2076
1952,2043
1948,2088
1947,2027
1946,2044
1935,2063
1941,2067
1934,2071
1933,2065
1939,2027
1937,2039
1945,2058
1944,2063
1948,2066
1947,2044
1954,2082
1954,2047
1969,2027
1975,2076
1982,2026
1991,2043
1997,2066
2003,2077
2012,2071
2016,2079
2026,2029
2039,2100
2047,2032
2041,2052
2068,2039
2071,2065
2077,2069
2091,2099
2099,2040
2107,2040
2112,2059
2117,2080
2131,2027
2137,2077
2136,2072
2156,2043
2164,2065
2160,2060
2167,2041
2169,2035
2183,2021
2191,2033
2195,2071
2184,2037
2190,2066
2182,2045
2173,2054
2171,2055
2188,2043
2184,2056
2176,2056
2167,2040
2162,2067
2164,2063
2156,2079
2139,2057
2143,2029
2137,2044
2128,2009
2109,2076
2109,2065
2104,2059
2093,2031
2081,2092
2078,2073
2059,2043
2063,2027
2035,2079
2025,2029
2024,2078
2011,2077
2008,2067
1991,2047
1992,2029
1977,2062
1972,2057
1962,2055
1954,2077
1953,2059
1959,2040
1940,2058
1951,2055
1944,2059
1950,2071
1944,2065
1944,2033
1933,2042
1943,2080
1942,2048
1942,2045
1944,2080
1947,2043
1943,2072
1952,2029
1960,2076
1959,2072
1966,2038
1981,2041
1987,2067
1996,2059
1993,2058
2008,2064
2014,2063
2018,2037
2025,2027
2041,2039
2045,2035
2059,2029
2072,2083
2080,2046
2085,2073
2099,2055
2105,2064
2105,2037
2105,2011
2127,2063
2135,2067
2149,2028
2143,2019
2153,2046
2167,2065
2185,2027
2183,2055
2191,2055
2187,2063
2187,2017
2197,2051
2201,2077
2199,2063
2202,2088
2200,2035
2199,2029
2193,2055
2192,2011
2188,2072
2176,2071
2168,2023
2165,2063
2163,2040
2157,2063
2144,2080
2143,2065
2140,2056
2125,2053
2120,2037
2109,2051
2100,2067
2087,2025
2085,2063
2079,2056
2069,2051
2056,2023
2036,2055
2029,2068
2022,2043
2009,2031
2001,2045
1996,2039
1987,2039
1979,2048
1975,2053
1968,2063
1963,2044
1956,2063
1952,2075
1952,2057
1939,2056
1939,2030
1951,2029
1947,2025
1948,2053
1945,2063
1940,2072
1943,2068
1940,2040
1945,2060
1949,2045
1961,2040
1965,2063
1968,2075
1975,2055
1975,2063
1979,2031
1998,2071
2000,2040
2003,2075
2011,2021
2015,2039
2024,2008
2044,2085
2033,2039
2056,2071
2075,2056
2079,2071
2082,2043
2100,2078
2098,2033
2108,2072
2116,2056
2117,2055
2133,2055
2133,2065
2150,2058
2159,2042
2165,2068
2167,2043
2179,2041
2188,2046
2183,2042
2180,2043
2190,2071
2196,2063
2191,2023
2189,2023
2187,2015
2186,2035
2190,2063
2181,2075
2184,2038
2169,2012
2171,2066
2155,2064
2152,2063
2143,2063
2136,2035
2139,2073
2135,2048
2124,2086
2104,2079
2104,2064
2094,2059
2084,2089
2077,2047
2067,2044
2057,2046
2043,2072
2040,2056
2017,2075
2015,2074
2008,2043
1997,2028
1994,2040
1984,2027
1976,2067
1961,2085
1961,2063
1956,2055
1947,2080
1945,2056
1938,2068
1941,2078
1940,2071
1943,2071
1937,2076
1936,2063
1943,2063
1931,2075
1931,2088
1932,2055
1931,2059
1937,2056
1946,2021
1958,2051
1961,2063
1966,2057
1975,2023
1975,2079
1977,2063
1995,2070
2000,2036
2003,2044
2011,2056
2019,2017
2025,2068
2041,2057
2054,2045
2066,2057
2068,2030
2071,2067
2077,2027
2099,2024
2107,2068
2111,2056
2120,2057
2121,2023
2137,2060
2139,2031
2159,2017
2151,2063
2171,2052
2173,2067
2178,2031
2183,2051
2187,2055
2189,2042
2183,2012
2200,2060
2196,2063
2187,2044
2194,2031
2192,2029
2184,2063
2188,2039
2169,2029
2171,2056
2166,2073
2160,2051
2155,2045
2145,1998
2138,2041
2131,2053
2121,2039
2116,2071
2097,2043
2101,2040
2088,2071
2078,2044
2076,2029
2059,2019
2056,2027
2037,2069
2032,2071
2024,2040
2016,2074
2011,2068
1997,2067
1992,2067
1980,2041
1978,2071
1962,2076
1963,2041
1952,2040
1954,2041
1947,2071
1948,2054
1937,2021
1940,2057
1944,2020
1944,2027
1944,2069
1930,2056
1939,2063
1945,2063
1952,2064
1947,2041
1960,2079
1965,2063
1969,2039
1964,2035
1966,2033
1981,2043
1996,2039
2003,2067
2001,2039
2017,2067
2024,2036
2027,2051
2037,2037
2048,2060
2063,2027
2063,2056
2075,2063
2085,2059
2088,2063
2101,2041
2109,2017
2115,2059
2123,2021
2135,2076
2143,2074
2151,2060
2151,2043
2164,2027
2176,2100
2179,2072
2180,2053
2192,2046
2194,2064
2196,2068
2200,2071
2187,2062
2200,2053
2200,2063
2186,2067
2187,2041
2188,2027
2175,2044
2183,2033
2180,2065
2171,2074
2154,2066
2157,2062
2151,2037
2135,2027
2135,2063
2131,2019
2120,2019
2109,2083
2104,2037
2094,2071
2086,2060
2071,2043
2063,2067
2055,2025
2036,2023
2029,2069
2025,2051
2009,2071
2003,2063
1994,2059
1990,2035
1976,2028
1965,2077
1968,2075
1951,2065
1955,2088
1945,2046
1944,2074
1950,2037
1946,2012
1939,2063
1940,2072
1944,2047
1940,2059
1932,2075
1945,2053
1939,2033
1947,2057
1945,2038
1945,2063
1953,2079
1956,2023
1963,2063
1979,2021
1980,2024
1987,2063
1993,2030
2003,2063
2005,2037
2024,2060
2024,2020
2027,2056
2042,2037
2045,2058
2066,2029
2075,2080
2079,2041
2081,2035
2089,2072
2109,2072
2112,2076
2123,2063
2131,2051
2140,2039
2139,2039
2153,2059
2153,2056
2168,2051
2174,2077
2182,2036
2183,2015
2188,2051
2195,2063
2191,2057
2194,2076
2189,2072
2199,2025
2198,2040
2192,2063
2191,2066
2184,2029
2183,2035
2167,2067
2164,2077
2161,2072
2153,2040
2143,2085
2131,2041
2131,2056
2117,2031
2110,2036
2106,2058
2099,2039
2091,2056
2072,2017
2071,2045
2066,2075
2054,2029
2042,2081
2032,2073
2024,2039
2009,2058
2003,2061
1998,2064
1989,2080
1980,2058
1968,2076
1964,2044
1948,2051
1947,2072
1951,2047
1945,2074
1944,2063
1940,2074
1943,2041
1938,2056
1943,2027
1937,2071
1939,2098
1944,2029
1944,2080
1936,2063
1947,2065
1951,2041
1943,2055
1957,2071
1959,2072
1977,2039
1977,2005
1984,2034
1987,2015
2007,2075
2008,2068
2017,2094
2019,2019
2030,2073
2035,2017
2041,2041
2057,2037
2071,2047
2077,2063
2091,2035
2100,2090
2094,2044
2108,2057
2125,2039
2121,2041
2135,2054
2151,2052
2152,2033
2157,2055
2168,2010
2175,2056
2171,2023
2181,2057
2188,2033
2187,2055
2192,2064
2196,2032
2191,2035
2192,2037
2197,2077
2188,2068
2183,2057
2171,2043
2185,2025
2169,2025
2155,2021
2161,2054
2149,2056
2152,2058
2145,2063
2129,2047
2129,2028
2115,2039
2108,2059
2097,2029
2088,2063
2082,2080
2072,2025
2057,2028
2055,2044
2039,2041
2035,2067
2021,2070
2007,2032
2003,2051
1989,2075
1979,2063
1975,2023
1973,2071
1959,2063
1959,2035
1952,2072
1948,2066
1948,2082
1940,2023
1945,2057
1939,2022
1928,2063
1935,2023
1937,2046
1940,2047
1933,2032
1943,2044
1947,2071
1952,2065
1949,2046
1956,2065
1959,2023
1967,2043
1969,2029
1969,2024
1981,2063
1989,2051
2003,2034
2009,2095
2005,2063
2021,2038
2036,2068
2036,2028
2041,2028
2056,2048
2063,2019
2065,2015
2089,2072
2099,2033
2104,2027
2115,2048
2115,2063
2120,2036
2129,2059
2139,2027
2147,2064
2157,2068
2168,2068
2173,2036
2181,2061
2186,2029
2190,2063
2196,2063
2195,2063
2195,2045
2191,2052
2200,2055
2199,2063
2187,2017
2173,2071
2179,2071
2185,2031
2172,2033
2172,2071
2163,2091
2155,2058
2153,2056
2148,2075
2140,2066
2137,2048
2128,2067
2109,2030
2106,2069
2096,2084
2088,2068
2078,2064
2069,2075
2057,2013
2054,2071
2030,2055
2023,2039
2023,2068
2020,2079
2000,2071
1991,2028
1989,2033
1978,2056
1975,2048
1960,2086
1958,2021
1955,2072
1952,2029
1950,2071
1945,2076
1950,2068
1931,2072
1933,2035
1943,2063
1943,2085
1944,2054
1949,2068
1953,2052
1939,2043
1949,2043
1952,2080
1962,2032
1965,2036
1964,2037
1977,1999
1977,2083
1991,2023
1995,1991
2003,2017
2020,2073
2024,2051
2027,2057
2040,2051
2051,2032
2055,2036
2065,2059
2076,2043
2082,2066
2093,2072
2089,2021
2101,2057
2123,2021
2116,2056
2130,2071
2150,2048
2153,2056
2159,2056
2157,2030
2160,2063
2173,2021
2179,2040
2188,2048
2186,2066
2195,2065
2187,2035
2199,2009
2195,2035
2189,2035
2193,2053
2183,2048
2187,2060
2179,2084
2172,2031
2159,2026
2159,2067
2153,2038
2145,2085
2135,2063
2129,2075
2121,2041
2115,2024
2112,2088
2107,2065
2087,2052
2081,2068
2071,2051
2059,2023
2045,2042
2043,2033
2024,2025
2019,2033
2020,2073
2003,2076
1998,2072
1981,2033
1980,2063
1976,2056
1961,2056
1961,2071
1950,2043
1939,2023
1931,2063
1939,2065
1942,2029
1942,2073
1943,2068
1938,2055
1937,2074
1929,2029
1931,2040
1943,2052
1940,2009
1939,2025
1947,2035
1946,2035
1949,2069
1956,2053
1961,2041
1965,2008
1977,2024
1984,2063
1997,2064
1997,2037
2009,2054
2018,2065
2028,2082
2035,2036
2039,2059
2057,2041
2067,2043
2067,2063
2082,2072
2088,2038
2097,2040
2097,2025
2105,2027
2117,2043
2128,2042
2130,2024
2152,2044
2155,2065
2157,2068
2167,2056
2165,2019
2184,2070
2183,2041
2190,2037
2199,2031
2189,2025
2208,2051
2187,2027
2195,2018
2188,2083
2197,2067
2186,2035
2184,2065
2172,2072
2167,2027
2163,2034
2168,2063
2154,2065
2139,2060
2135,2033
2125,2056
2123,2024
2121,2088
2104,2048
2103,2055
2089,2069
2079,2065
2071,2075
2068,2028
2064,2065
2035,2053
2031,2043
2024,2083
2016,2088
2008,2063
1993,2071
1990,2076
1977,2068
1976,2069
1965,2066
1964,2063
1955,2095
1953,2048
1952,2078
1948,2031
1952,2064
1951,2065
1949,2037
1944,2027
1947,2054
1944,2076
1947,2029
1947,2069
1952,2080
1955,2048
1956,2043
1958,2071
1969,2032
1973,2072
1973,2018
1978,2063
1997,2029
2007,2052
2002,2041
2019,2084
2024,2055
2025,2043
2033,2055
2043,2056
2055,2058
2068,2058
2074,2057
2088,2063
2087,2041
2104,2081
2109,2069
2115,2043
2128,2077
2136,2068
2135,2015
2152,2044
2151,2059
2162,2055
2172,2067
2171,2063
2187,2044
2185,2017
2192,2080
2185,2033
2189,2071
2200,2032
2204,2035
2195,2053
2195,2068
2191,2063
2199,2065
2182,2063
2176,2043
2172,2055
2168,2083
2163,2038
2156,2055
2153,2057
2144,2058
2137,2088
2123,2072
2117,2063
2105,2045
2104,2057
2089,2043
2085,2021
2071,2017
2064,2039
2055,2025
2054,2035
2032,2029
2015,2037
2011,2048
2005,2091
2001,2039
1990,2053
1984,2081
1976,2038
1958,2030
1960,2028
1952,2043
1952,2053
1941,2030
1945,2037
1944,2067
1938,2035
1937,2033
1941,2043
1943,2073
1936,2055
1941,2011
1935,2063
1942,2043
1943,2067
1952,2067
1955,2063
1957,2087
1961,2027
1963,2011
1972,2029
1985,2053
1995,2063
1993,2071
2005,2033
1997,2037
2023,2055
2034,2051
2039,2043
2044,2044
2059,2047
2069,2045
2075,2041
2071,2071
2095,2041
2092,2053
2105,2043
2120,2072
2128,2035
2131,2043
2139,2067
2147,2033
2156,2038
2163,2031
2157,2027
2169,2035
2173,2027
2184,2070
2187,2048
2189,2070
2192,2066
2197,2056
2188,2041
2186,2057
2184,2069
2185,2040
2171,2022
2165,2063
2172,2067
2163,2028
2153,2048
2147,2056
2149,2060
2133,2053
2123,2043
2119,2018
2118,2063
2107,2075
2094,2072
2090,2020
2082,2063
2068,2055
2057,2036
2059,2058
2039,2037
2034,2067
2016,2047
2008,2064
2001,2027
1995,2072
1987,2039
1975,2057
1972,2068
1968,2081
1953,2063
1945,2035
1945,2060
1942,2021
1947,2080
1944,2042
1944,2070
1933,2066
1931,2035
1938,2061
1943,2071
1943,2074
1940,2075
1944,2059
1946,2056
1952,2055
1952,2029
1953,2072
1960,2071
1965,2056
1981,2064
1987,2064
1992,2071
2000,2071
2008,2068
2016,2047
2020,2063
2036,2041
2041,2056
2041,2080
2063,2013
2065,2023
2079,2036
2076,2059
2092,2087
2103,2068
2112,2041
2115,2019
2129,2073
2133,2009
2143,2027
2154,2039
2163,2047
2165,2040
2162,2041
2167,2032
2180,2045
2185,2041
2193,2040
2192,2056
2189,2037
2196,2057
2191,2035
2198,2056
2185,2045
2185,2057
2190,2076
2179,2075
2171,2023
2167,2043
2161,2065
2156,2044
2157,2076
2147,2048
2137,2072
2123,2084
2127,2095
2116,2041
2105,2063
2098,2041
2083,2063
2075,2063
2073,2071
2055,2036
2042,2047
2040,2030
2028,2076
2012,2035
2009,2036
2003,2036
1998,2074
1976,2033
1984,2067
1963,2056
1969,2054
1963,2080
1959,2059
1952,2081
1949,2072
1952,2065
1949,2057
1937,2063
1944,2059
1935,2055
1933,2042
1939,2053
1944,2040
1943,2023
1945,2035
1960,2056
1957,2072
1967,2007
1968,2068
1973,2093
1978,2027
1984,2079
1996,2077
1999,2040
2013,2080
2013,2027
2018,2081
2023,2040
2040,2063
2047,2055
2063,2019
2069,2071
2071,2059
2086,2063
2086,2064
2100,2041
2108,2058
2115,2024
2120,2071
2136,2063
2144,2070
2143,2055
2160,2019
2155,2034
2170,2041
2164,2023
2186,2069
2187,2054
2189,2042
2194,2053
2192,2041
2196,2042
2195,2031
2195,2052
2190,2063
2187,2104
2171,2043
2179,2033
2171,2075
2153,2017
2168,2055
2156,2071
2147,2055
2145,2078
2136,2068
2126,2072
2119,2066
2103,2035
2107,2041
2095,2035
2077,2055
2069,2045
2065,2037
2059,2076
2047,2068
2039,2054
2027,2040
2013,2037
2003,2039
1999,2044
1993,2057
1988,2025
1971,2043
1965,2058
1960,2056
1956,2079
1945,2041
1941,2055
1938,2063
1933,2080
1933,2064
1933,2053
1938,2055
1933,2065
1931,2073
1935,2040
1925,2042
1939,2075
1937,2068
1945,2008
1951,2048
1965,2088
1952,2058
1975,2065
1974,2071
1977,2059
1991,2015
1987,2044
1995,2064
1995,2041
2005,2068
2027,2048
2032,2053
2042,2060
2051,2077
2068,2045
2067,2072
2077,2065
2093,2053
2096,2068
2108,2043
2112,2058
2123,2052
2129,2043
2137,2041
2139,2059
2152,2058
2158,2043
2168,2040
2176,2058
2181,2041
2171,2039
2188,2048
2193,2071
2195,2048
2201,2042
2192,2030
2195,2080
2184,2063
2185,2019
2184,2085
2167,2072
2169,2039
2165,2036
2161,2073
2164,2079
2152,2041
2142,2063
2138,2055
2131,2027
2127,2040
2121,2063
2108,2057
2099,2072
2083,2063
2075,2055
2071,2073
2063,2028
2051,2037
2040,2036
2027,2029
2024,2055
2011,2021
2008,2068
2003,2025
1992,2064
1989,2041
1972,2068
1965,2042
1955,2063
1949,2068
1955,2040
1947,2068
1947,2065
1944,2044
1943,2061
1946,2083
1939,2063
1931,2063
1937,2065
1947,2068
1952,2078
1945,2044
1945,2035
1947,2063
1960,2039
1961,2059
1968,2048
1969,2051
1979,2055
1990,2044
2000,2035
2004,2025
2007,2063
2012,2063
2026,2053
2034,2029
2043,2055
2045,2012
2068,2033
2069,2040
2081,2035
2089,2078
2099,2070
2108,2056
2112,2076
2119,2067
2135,2040
2140,2033
2149,2058
2153,2037
2160,2030
2163,2041
2169,2045
2184,2072
2187,2047
2187,2068
2194,2043
2193,2028
2193,2041
2188,2030
2197,2059
2187,2024
2183,2025
2186,2035
2187,2047
2187,2039
2171,2069
2173,2036
2155,2021
2151,2071
2139,2023
2138,2045
2135,2043
2130,2041
2115,2040
2109,2066
2102,2035
2088,2019
2079,2067
2074,2055
2065,2039
2043,2036
2037,2071
2029,2056
2023,2023
2007,2035
1999,2035
1993,2066
1992,2034
1979,2057
1975,2067
1967,2059
1962,2042
1955,2009
1941,2057
1950,2073
1949,2051
1937,2070
1937,2057
1941,2033
1944,2048
1939,2056
1949,2051
1945,2073
1945,2011
1950,2076
1949,2027
1956,2019
1952,2044
1965,2064
1971,2071
1976,2059
1980,2080
1989,2091
1996,2056
1995,2071
2007,2017
2012,2078
2023,2043
2036,2060
2047,2056
2052,2040
2066,2039
2075,2048
2073,2063
2087,2075
2097,2057
2101,2021
2105,2032
2120,2068
2124,2053
2138,2068
2137,2047
2156,2056
2161,2039
2166,2055
2169,2057
2184,2070
2173,2047
2179,2045
2188,2027
2199,2066
2197,2041
2197,2040
2192,2035
2191,2025
2191,2020
2190,2041
2184,2063
2184,2015
2176,2057
2171,2073
2159,2048
2147,2063
2152,2084
2144,2023
2137,2038
2119,2054
2128,2039
2112,2035
2104,2039
2092,2069
2088,2065
2076,2063
2065,2063
2043,2035
2040,2037
2033,2067
2015,2072
2015,2063
2005,2078
2004,2078
1981,2027
1981,2012
1969,2063
1961,2057
1955,2044
1945,2048
1949,2052
1951,2076
1948,2040
1941,2011
1939,2031
1937,2029
1935,2021
1935,2047
1935,2068
1939,2066
1940,2048
1948,2036
1942,2080
1944,2024
1955,2057
1949,2040
1966,2035
1960,2053
1975,2019
1981,2005
1987,2043
1996,2022
2001,2029
2015,2031
2019,2043
2025,2040
2035,2037
2041,2056
2041,2029
2072,2037
2076,2075
2088,2044
2096,2085
2099,2076
2104,2041
2121,2032
2119,2007
2135,2041
2137,2057
2152,2048
2163,2039
2161,2025
2165,2080
2176,2044
2171,2019
2192,2068
2181,2029
2193,2072
2189,2063
2195,2027
2194,2052
2192,2037
2189,2053
2173,2021
2173,2021
2176,2078
2170,2081
2167,2047
2160,2048
2143,2035
2139,2039
2144,2076
2137,2063
2125,2029
2113,2079
2103,2079
2093,2033
2091,2029
2086,2056
2077,2072
2068,2072
2055,2063
2033,2009
2027,2037
2019,2023
2020,2043
2010,2063
2001,2041
1993,2068
1989,2072
1966,2057
1965,2075
1955,2071
1955,2062
1956,2081
1948,2043
1951,2063
1935,2058
1939,2033
1948,2067
1946,2048
1941,2055
1942,2063
1933,2075
1944,2033
1949,2015
1947,2031
1952,2040
1960,2066
1963,2074
1959,2066
1975,2060
1980,2035
1984,2029
1995,2043
2001,2043
2016,2040
2011,2040
2017,2071
2032,2040
2039,2053
2052,2071
2067,2058
2067,2044
2073,2035
2094,2063
2089,2043
2104,2065
2120,2047
2120,2078
2129,2079
2131,2071
2151,2073
2152,2027
2161,2045
2168,2023
2163,2025
2180,2027
2183,2028
2191,2074
2195,2043
2185,2054
2196,2055
2195,2075
2187,2075
2198,2025
2189,2026
2188,2063
2187,2033
2173,2021
2172,2044
2172,2067
2157,2047
2159,2071
2139,2070
2138,2072
2135,2041
2128,2063
2116,2075
2118,2057
2103,2074
2100,2074
2083,2076
2071,2064
2072,2054
2063,2061
2040,2063
2039,2039
2029,2063
2011,2042
2003,2094
1997,2081
1989,2040
1989,2035
1971,2063
1971,2045
1952,2033
1957,2039
1957,2057
1941,2071
1945,2036
1944,2027
1948,2063
1947,2080
1943,2070
1943,2072
1936,2069
1947,2077
1943,2072
1943,2057
1945,2072
1945,2029
1961,2023
1962,2067
1969,2063
1969,2072
1973,2038
1979,2011
1986,2056
2003,2063
2005,2072
2017,2043
2020,2084
2032,2073
2033,2040
2043,2075
2058,2071
2069,2057
2071,2029
2079,2055
2087,2035
2097,2039
2108,2089
2109,2025
2121,2085
2135,2064
2146,2046
2151,2063
2157,2057
2153,2041
2174,2053
2167,2057
2181,2019
2183,2067
2187,2072
2192,2079
2195,2053
2200,2048
2194,2057
2183,2039
2187,2009
2187,2021
2186,2088
2179,2031
2168,2072
2169,2063
2158,2069
2153,2043
2143,2040
2134,2072
2135,2078
2122,2070
2118,2071
2108,2072
2091,2072
2091,2090
2083,2046
2073,2063
2066,2055
2056,2080
2042,2032
2032,2087
2015,2057
2011,2068
2007,2069
1997,2084
1992,2063
1975,2037
1965,2045
1961,2071
1966,2072
1948,2042
1947,2047
1947,2023
1946,2041
1944,2057
1943,2017
1939,2044
1937,2025
1940,2041
1937,2078
1936,2032
1943,2019
1947,2034
1947,2060
1947,2009
1947,2024
1955,2077
1955,2063
1972,2073
1971,2024
1976,2019
1979,2066
1996,2033
2003,2044
2015,2047
2024,2051
2021,2068
2036,2082
2048,2029
2064,2054
2063,2027
2075,2063
2087,2043
2089,2041
2081,2033
2106,2063
2120,2052
2117,2063
2136,2046
2140,2055
2148,2060
2163,2045
2155,2020
2176,2070
2181,2043
2186,2083
2187,2032
2183,2025
2198,2057
2199,2067
2184,2037
2204,2060
2188,2069
2187,2081
2193,2037
2191,2009
2186,2065
2169,2043
2171,2056
2153,2023
2160,2057
2152,2075
2155,2044
2143,2021
2136,2059
2128,2063
2122,2029
2116,2076
2104,2088
2096,2039
2088,2091
2072,2075
2065,2019
2054,2048
2039,2035
2033,2061
2024,2007
2017,2053
2009,2068
2008,2027
1992,2055
1979,2053
1978,2045
1969,2055
1963,2041
1968,2071
1954,2040
1957,2029
1937,2043
1947,2045
1945,2061
1943,2048
1945,2066
1949,2067
1947,2029
1953,2063
1952,2067
1956,2024
1958,2064
1957,2040
1972,2040
1975,2070
1977,2043
1987,2029
1988,2056
2000,2015
1995,2065
2012,2067
2024,2071
2025,2041
2030,2038
2056,2046
2057,2029
2058,2011
2072,2025
2075,2024
2092,2008
2099,2041
2101,2072
2116,2078
2122,2065
2129,2037
2135,2040
2146,2065
2153,2055
2160,2066
2167,2064
2172,2024
2185,2080
2185,2039
2194,2083
2189,2056
2193,2029
2200,2056
2195,2073
2198,2076
2197,2041
2185,2037
2181,2035
2181,2071
2188,2025
2184,2019
2168,2063
2161,2065
2151,1999
2147,2029
2143,2032
2143,2039
2129,2055
2123,2063
2109,2003
2104,2043
2095,2073
2088,2023
2080,2043
2074,2059
2067,2072
2041,2043
2040,2041
2019,2039
2020,2048
1997,2075
1997,2083
1995,2036
1990,2057
1975,2021
1971,2072
1955,2035
1955,2025
1956,2026
1948,2081
1937,2044
1946,2063
1939,2071
1942,2013
1940,2063
1944,2071
1941,2097
1935,2073
1942,2077
1944,2054
1943,2052
1942,2067
1953,2019
1957,2047
1953,2033
1961,2041
1975,2090
1975,2064
1987,2021
1983,2009
1997,2068
2009,2071
2015,2039
2022,2044
2025,2041
2036,2065
2051,2062
2060,2063
2065,2057
2078,2065
2088,2024
2077,2028
2097,2044
2101,2085
2120,2059
2125,2019
2127,2056
2143,2031
2147,2023
2154,2068
2168,2067
2163,2065
2179,2057
2181,2073
2169,2008
2187,2068
2192,2070
2187,2067
2192,2074
2184,2033
2185,2043
2184,2078
2182,2029
2177,2031
2169,2088
2160,2084
2155,2056
2149,2041
2152,2071
2143,2041
2133,2034
2135,2077
2106,2041
2103,2073
2091,2056
2087,2027
2086,2060
2073,2063
2070,2028
2057,2043
2053,2077
2035,2035
2025,2027
2024,2025
2011,2043
1995,2045
1997,2047
1988,2045
1983,2043
1971,2039
1961,2037
1960,2072
1949,2048
1943,2058
1946,2060
1936,2085
1949,2067
1943,2053
1941,2063
1939,2039
1933,2051
1943,2057
1939,2073
1940,2045
1946,2068
1955,2072
1955,2055
1959,2085
1960,2027
1969,2040
1971,2065
1988,2043
1989,2088
1992,2021
2001,2064
2015,2085
2020,2073
2027,2053
2041,2059
2041,2040
2062,2047
2058,2011
2073,2063
2087,2047
2093,2035
2094,2067
2107,2055
2119,2063
2125,2038
2131,2065
2136,2035
2154,2057
2163,2044
2157,2021
2163,2043
2179,2062
2172,2038
2182,2055
2192,2060
2188,2068
2193,2039
2188,2065
2195,2065
2195,2057
2183,2072
2188,2037
2183,2063
2173,2036
2171,2058
2174,2025
2163,2083
2163,2039
2147,2043
2147,2053
2148,2053
2134,2052
2126,2040
2117,2063
2107,2028
2093,2034
2086,2080
2088,2068
2075,2052
2067,2044
2057,2023
2039,2065
2041,2077
2025,2018
2013,2056
2005,2039
1995,2065
1989,2041
1981,2069
1967,2065
1964,2037
1960,2039
1955,2075
1955,2037
1948,2044
1952,2081
1948,2042
1951,2056
1952,2042
1943,2083
1941,2063
1944,2031
1941,2043
1951,2054
1949,2063
1952,2039
1960,2040
1967,2063
1967,2035
1976,2063
1979,2040
1979,2038
1999,2076
1994,2035
2001,2063
2012,2089
2025,2041
2033,2091
2032,2056
2053,2063
2056,2056
2065,2040
2079,2055
2075,2039
2096,2046
2099,2063
2106,2027
2123,2064
2115,2029
2130,2080
2143,2048
2146,2029
2159,2066
2157,2055
2168,2011
2171,2029
2180,2035
2181,2028
2192,2068
2189,2065
2183,2029
2192,2072
2193,2017
2193,2053
2185,2077
2186,2076
2186,2017
2184,2071
2173,2075
2169,2073
2157,2033
2158,2053
2152,2055
2137,2065
2137,2053
2128,2074
2126,2035
2116,2080
2104,2015
2091,2008