2123,2047
2108,2044
2112,2060
2101,2021
2092,2063
2075,2063
2084,2048
2072,2039
2063,2036
2054,2076
2039,2080
2024,2079
2024,2073
2016,2058
2001,2032
1992,2053
1987,2037
1980,2070
1976,2021
1968,2042
1959,2076
1960,2044
1960,2056
1949,2078
1960,2059
1954,2072
1952,2069
1953,2041
1950,2057
1951,2040
1952,2059
1946,2056
1949,2092
1955,2072
1959,2015
1963,2059
1970,2046
1977,2040
1987,2077
1985,2053
1996,2044
1995,2067
2011,2080
2008,2027
2030,2043
2029,2075
2040,2035
2039,2037
2064,2080
2077,2053
2071,2045
2079,2039
2092,2079
2101,2029
2099,2060
2120,2072
2120,2033
2131,2072
2143,2063
2141,2027
2156,2070
2155,2041
2165,2072
2176,2073
2176,2047
2173,2033
2187,2033
2196,2056
2194,2040
2200,2034
2188,2071
2196,2051
2192,2080
2189,2037
2190,2092
2186,2059
2179,2068
2172,2062
2168,2047
2167,2069
2161,2033
2139,2063
2135,2077
2136,2041
2128,2051
2117,2039
2105,2073
2103,2069
2098,2057
2081,2081
2075,2037
2071,2023
2063,2011
2056,2088
2032,2063
2028,2079
2015,2035
2013,2063
2007,2063
1997,2072
1990,2081
1981,2059
1971,2039
1950,2065
1959,2058
1949,2048
1956,2030
1955,2075
1949,2029
1945,2063
1948,2055
1947,2059
1945,2072
1950,2063
1951,2040
1940,2051
1949,2025
1949,2067
1957,2071
1963,2040
1957,2040
1972,2017
1975,2068
1987,2071
1992,2052
1993,2071
2005,2041
2012,2021
2011,2065
2026,2074
2029,2059
2042,2051
2048,2071
2064,2028
2072,2043
2078,2038
2077,2072
2097,2075
2098,2053
2115,2058
2117,2051
2123,2054
2125,2088
2144,2058
2149,2075
2151,2030
2160,2061
2163,2037
2184,2076
2173,2055
2187,2044
2188,2055
2181,2083
2192,2068
2187,2035
2194,2090
2188,2055
2190,2066
2189,2076
2173,2039
2176,2064
2161,2053
2161,2067
2157,2035
2153,2073
2145,2043
2142,2028
2139,2076
2129,2012
2117,2063
2115,2076
2098,2033
2096,2057
2080,2038
2079,2037
2069,2060
2057,2048
2041,2044
2035,2056
2024,2043
2024,2072
2009,2067
1988,2045
1995,2029
1996,2023
1980,2052
1976,2056
1962,2043
1956,2076
1960,2053
1948,2068
1941,2025
1945,2029
1951,2044
1943,2033
1946,2024
1944,2056
1947,2044
1951,2015
1943,2057
1944,2039
1946,2086
1945,2075
1955,2030
1964,2044
1965,2072
1975,2031
1979,2100
1989,2087
1993,2043
1999,2017
2001,2069
2016,2027
2025,2075
2028,2025
2039,2084
2042,2029
2064,2053
2067,2043
2076,2066
2085,2021
2096,2060
2097,2076
2109,2068
2115,2061
2120,2067
2131,2040
2135,2037
2143,2068
2153,2043
2167,2033
2163,2043
2172,2072
2179,2054
2181,2048
2184,2023
2187,2071
2190,2044
2195,2036
2189,2025
2187,2037
2186,2057
2173,2055
2182,2059
2181,2068
2172,2035
2166,2027
2152,2074
2153,2042
2147,2085
2131,2066
2133,2066
2124,2063
2120,2039
2111,2070
2102,2083
2096,2056
2089,2060
2075,2059
2065,2034
2055,2069
2038,2039
2033,2021
2027,2039
2023,2070
2007,2063
1995,2058
1993,2029
1991,2021
1974,2055
1965,2023
1965,2041
1963,2048
1957,2073
1947,2044
1952,2082
1948,2064
1947,2058
1941,2063
1948,2066
1939,2039
1937,2059
1941,2037
1950,2072
1949,2073
1960,2072
1960,2029
1964,2064
1967,2071
1959,2037
1977,2081
1988,2035
1987,2019
1997,2072
2008,2060
2007,2041
2017,2063
2027,2063
2033,2083
2037,2063
2041,2053
2058,2055
2068,2045
2075,2048
2088,2046
2096,2079
2104,2067
2109,2026
2109,2055
2121,2072
2131,2039
2137,2063
2155,2053
2158,2017
2169,2067
2164,2025
2176,2046
2185,2019
2181,2055
2187,2035
2185,2060
2193,2036
2200,2039
2187,2039
2197,2026
2191,2057
2185,2005
2187,2064
2173,2003
2167,2015
2170,2066
2167,2057
2157,2034
2151,2053
2145,2043
2133,2067
2134,2082
2123,2043
2103,2005
2112,2084
2102,2063
2096,2030
2088,2088
2072,2051
2063,2072
2063,2079
2043,2077
2035,2059
2024,2075
2019,2057
2010,2077
2004,2070
1993,2079
1984,2076
1978,2057
1972,2070
1966,2022
1943,2072
1959,2023
1955,2037
1953,2037
1948,2035
1947,2055
1947,2091
1943,2067
1951,2047
1947,2057
1943,2064
1954,2082
1953,2051
1956,2088
1963,2075
1964,2035
1966,2035
1977,2029
1981,2103
1979,2071
1990,2034
1997,2068
2009,2032
2016,2023
2015,2073
2025,2063
2040,2064
2039,2065
2057,2065
2065,2037
2067,2033
2079,2080
2092,2045
2103,2040
2101,2039
2108,2075
2118,2063
2135,2040
2136,2041
2150,2044
2152,2042
2160,2056
2164,2085
2171,2053
2184,2038
2181,2055
2173,2077
2185,2071
2189,2031
2186,2039
2192,2079
2183,2009
2188,2085
2188,2071
2188,2044
2173,2062
2176,2056
2169,2055
2163,2013
2154,2043
2150,2041
2144,2028
2131,2023
2129,2082
2121,2057
2107,2038
2106,2076
2098,2043
2089,2063
2071,2040
2071,2091
2057,2041
2048,2060
2040,2048
2024,2063
2027,2033
2011,2081
2006,2073
2002,2039
1981,2023
1987,2047
1976,2074
1968,2058
1964,2084
1952,2075
1952,2064
1948,2085
1952,2080
1951,2053
1949,2025
1949,2037
1946,2021
1937,2042
1943,2039
1948,2067
1948,2035
1943,2027
1949,2055
1958,2087
1959,2037
1966,2039
1969,2075
1979,2060
1982,2071
1992,2032
1996,2067
2006,2092
2011,2035
2015,2060
2012,2047
2032,2021
2043,2034
2035,2053
2063,2063
2067,2067
2075,2027
2094,2072
2087,2075
2103,2063
2113,2037
2124,2055
2129,2048
2136,2053
2147,2062
2152,2047
2158,2076
2166,2072
2174,2037
2176,2029
2178,2072
2190,2054
2194,2072
2190,2031
2195,2011
2189,2064
2199,2069
2194,2088
2195,2067
2185,2019
2184,2072
2175,2033
2167,2040
2169,2036
2167,2063
2159,2040
2145,2008
2146,2083
2138,2019
2137,2073
2117,2088
2116,2040
2108,2029
2092,2072
2087,2061
2083,2071
2071,2025
2068,2064
2041,2053
2044,2053
2019,2048
2021,2063
2011,2053
2001,2063
1999,2027
1988,2063
1987,2040
1977,2071
1963,2029
1964,2073
1965,2056
1959,2059
1959,2056
1955,2025
1949,2057
1953,2057
1957,2067
1952,2059
1947,2076
1956,2090
1945,2075
1952,2037
1952,2054
1959,2068
1965,2088
1968,2048
1975,2091
1973,2019
1987,2013
1992,2027
2000,2026
2007,2035
2012,2043
2022,2013
2029,2077
2027,2075
2047,2075
2058,2039
2065,2043
2075,2071
2080,2070
2093,2083
2089,2055
2108,2052
2112,2032
2121,2043
2128,2084
2135,2073
2141,2067
2149,2043
2160,2056
2161,2021
2168,2063
2174,2048
2182,2069
2193,2063
2191,2034
2191,2059
2193,2040
2189,2063
2199,2053
2197,2052
2193,2039
2185,2071
2169,2083
2176,2044
2172,2040
2170,2045
2168,2039
2160,2060
2152,2039
2145,2061
2140,2072
2124,2032
2126,2040
2119,2025
2108,2057
2101,2012
2091,2077
2074,2041
2069,2057
2066,2041
2055,2037
2040,2037
2026,2033
2014,2037
2016,2056
2001,2039
1999,2037
1986,2043
1976,2065
1973,2060
1970,2026
1961,2051
1961,2060
1949,2067
1945,2047
1949,2039
1943,2054
1945,2063
1948,2029
1946,2059
1947,2080
1947,2080
1943,2039
1941,2038
1943,2022
1943,2011
1960,2071
1956,2063
1970,2053
1971,2048
1972,2021
1992,2077
1993,2034
1991,2043
2011,2068
2015,2063
2021,2015
2032,2092
2033,2035
2037,2043
2053,2041
2066,2078
2070,2041
2080,2003
2085,2009
2089,2027
2099,2027
2107,2029
2117,2073
2120,2070
2133,2035
2136,2053
2151,2051
2157,2063
2168,2060
2166,2021
2169,2017
2172,2063
2184,2072
2179,2032
2193,2063
2191,2074
2190,2069
2188,2070
2176,2058
2185,2039
2175,2023
2172,2048
2168,2059
2169,2060
2160,2072
2152,2067
2151,2044
2137,2080
2135,2053
2123,2063
2115,2063
2105,2056
2109,2035
2097,2005
2078,2022
2073,2053
2068,2027
2058,2030
2055,2063
2039,2035
2030,2040
2024,2039
2016,2074
2003,2058
1997,2074
1988,2071
1984,2068
1976,2058
1960,2055
1965,2079
1954,2104
1947,2066
1943,2066
1945,2069
1943,2035
1939,2023
1941,2071
1943,2041
1940,2021
1947,2019
1944,2056
1952,2092
1945,2048
1952,2080
1961,2080
1966,2069
1965,2083
1976,2075
1978,2078
1977,2040
1991,2059
2001,2077
2006,2063
2019,2033
2018,2085
2025,2057
2041,2005
2039,2040
2063,2037
2067,2029
2074,2027
2077,2035
2093,2079
2100,2035
2103,2033
2120,2085
2113,2029
2132,2076
2131,2067
2152,2072
2155,2053
2163,2058
2161,2009
2169,2065
2179,2037
2185,2041
2188,2044
2193,2047
2192,2056
2191,2027
2187,2036
2200,2056
2187,2070
2181,2056
2184,2048
2172,2044
2163,2045
2163,2044
2161,2017
2153,2048
2145,2075
2143,2057
2136,2040
2121,2025
2123,2011
2112,2070
2103,2040
2091,2069
2084,2076
2081,2056
2067,2029
2055,2063
2041,2041
2038,2021
2028,2084
2017,2048
2011,2073
2003,2056
1993,2030
1994,2051
1976,2042
1975,2066
1963,2063
1962,2043
1963,2025
1953,2064
1948,2067
1950,2071
1949,2039
1943,2054
1951,2023
1939,2021
1941,2032
1945,2011
1945,2063
1956,2063
1947,2059
1953,2053
1960,2043
1967,2042
1969,2033
1971,2031
1979,2043
1989,2052
1994,2072
2001,2087
2008,2087
2016,2039
2019,2058
2032,2072
2038,2025
2039,2075
2064,2062
2063,2057
2079,2027
2075,2036
2095,2037
2103,2017
2101,2075
2112,2029
2123,2036
2136,2077
2143,2037
2145,2072
2155,2041
2163,2065
2166,2032
2167,2045
2173,2063
2181,2053
2187,2055
2183,2053
2192,2071
2194,2039
2195,2039
2184,2051
2183,2076
2190,2032
2184,2024
2181,2023
2163,2026
2163,2037
2159,2087
2155,2044
2150,2001
2136,2066
2127,2059
2120,2048
2111,2029
2112,2064
2104,2040
2093,2094
2089,2052
2071,2041
2063,2084
2065,2072
2043,2041
2028,2055
2029,2053
2023,2047
2007,2057
2003,2085
1998,2077
1987,2063
1978,2053
1965,2056
1970,2065
1960,2040
1955,2033
1949,2069
1948,2070
1945,2075
1947,2029
1947,2080
1943,2067
1945,2033
1937,2063
1944,2045
1947,2045
1939,2088
1947,2055
1951,2019
1953,2080
1960,2056
1959,2067
1971,2029
1971,2056
1988,2037
1983,2063
1993,2024
2001,2080
2006,2009
2021,2063
2025,2054
2028,2065
2039,2029
2053,2029
2056,2077
2063,2040
2071,2072
2088,2011
2086,2039
2091,2029
2106,2036
2115,2028
2127,2019
2136,2026
2144,2063
2153,2053
2153,2067
2163,2035
2165,2060
2167,2019
2179,2019
2189,2064
2191,2033
2189,2044
2187,2039
2193,2035
2183,2096
2189,2055
2188,2017
2189,2076
2182,2059
2169,2067
2170,2084
2167,2069
2161,2042
2151,2029
2143,2069
2146,2051
2139,2091
2121,2057
2120,2017
2103,2071
2103,2088
2091,2067
2088,2042
2079,2036
2069,2023
2060,2066
2051,2069
2034,2072
2028,2060
2018,2085
2013,2080
2008,2072
2004,2029
1993,2068
1984,2060
1974,2065
1959,2043
1958,2005
1947,2071
1952,2072
1956,2036
1948,2043
1948,2070
1945,2058
1949,2061
1946,2068
1945,2069
1944,2055
1943,2029
1945,2033
1964,2030
1960,2082
1963,2076
1964,2035
1969,2039
1979,2072
1971,2039
1980,2037
1998,2039
2003,2065
2011,2040
2018,2032
2031,2068
2027,2059
2039,2067
2056,2071
2055,2071
2071,2073
2080,2073
2089,2063
2094,2052
2087,2071
2110,2072
2109,2053
2116,2038
2129,2069
2148,2030
2149,2032
2152,2040
2163,2044
2160,2048
2167,2075
2179,2045
2183,2063
2185,2035
2189,2060
2192,2025
2192,2029
2191,2023
2187,2071
2185,2057
2187,2053
2184,2090
2182,2055
2172,2023
2163,2040
2153,2015
2156,2041
2151,2072
2141,2020
2130,2067
2127,2042
2114,2053
2112,2059
2103,2072
2094,2063
2088,2086
2075,2014
2067,2048
2066,2072
2054,2063
2044,2073
2025,2051
2019,2055
2003,2069
1995,2070
1994,2033
1982,2076
1982,2059
1973,2055
1963,2041
1959,2029
1949,2048
1947,2080
1948,2068
1946,2075
1952,2053
1944,2058
1937,2033
1938,2037
1943,2088
1945,2072
1935,2066
1938,2072
1950,2072
1945,2063
1958,2023
1966,2037
1968,2063
1971,2029
1973,2078
1981,2043
1997,2026
1995,2044
2005,2059
2007,2010
2001,2060
2028,2054
2038,2077
2040,2037
2043,2036
2063,2047
2076,2078
2082,2040
2086,2057
2099,2056
2103,2073
2117,2023
2115,2060
2126,2029
2133,2066
2142,2038
2153,2039
2149,2019
2156,2067
2171,2046
2175,2044
2181,2060
2171,2035
2184,2023
2181,2063
2188,2063
2187,2053
2189,2065
2179,2036
2181,2063
2182,2084
2167,2037
2165,2040
2166,2084
2155,2035
2149,2030
2156,2062
2140,2043
2121,2041
2130,2072
2108,2043
2099,2021
2104,2088
2091,2079
2075,2070
2074,2038
2069,2080
2061,2072
2043,2045
2040,2055
2031,2031
2016,2072
2011,2037
2001,2081
1996,2051
1992,2054
1974,2052
1972,2071
1957,2043
1953,2029
1957,2064
1949,2044
1941,2060
1945,2072
1945,2045
1941,2075
1943,2047
1944,2072
1943,2043
1940,2023
1939,2011
1941,2047
1941,2039
1951,2040
1959,2033
1953,2063
1953,2035
1967,2099
1975,2080
1981,2041
1990,2073
1993,2069
2000,2043
2005,2035
2008,2035
2019,2044
2026,2036
2036,2067
2043,2037
2064,2040
2070,2060
2077,2037
2079,2008
2090,2065
2092,2051
2105,2072
2112,2031
2117,2078
2118,2069
2139,2040
2141,2048
2152,2023
2149,2076
2154,2071
2163,2029
2172,2063
2169,2043
2170,2068
2179,2066
2184,2023
2185,2037
2188,2040
2181,2035
2181,2051
2177,2019
2179,2069
2172,2095
2159,2015
2163,2066
2155,2074
2152,2015
2137,2057
2139,2044
2123,2019
2119,2063
2119,2060
2105,2073
2099,2039
2087,2039
2079,2072
2069,2048
2063,2058
2054,2044
2036,2029
2028,2043
2017,2041
2018,2024
2004,2051
1994,2073
1987,2053
1981,2063
1977,2075
1966,2055
1963,2071
1957,2077
1960,2027
1954,2035
1947,2048
1949,2044
1950,2048
1944,2035
1947,2033
1944,2072
1944,2051
1944,2031
1939,2080
1943,2077
1943,2039
1955,2071
1960,2039
1967,2037
1968,2057
1966,2023
1980,2039
1981,2033
1999,2071
1993,2075
2007,2053
2017,2097
2024,2063
2025,2025
2030,2039
2052,2088
2063,2057
2071,2064
2079,2037
2080,2033
2089,2085
2093,2032
2106,2055
2119,2071
2129,2080
2125,2039
2144,2033
2143,2066
2156,2071
2163,2069
2187,2011
2167,2076
2181,2059
2188,2064
2187,2063
2185,2063
2191,2041
2191,2057
2189,2080
2183,2071
2192,2032
2182,2040
2173,2029
2173,2037
2175,2071
2160,2040
2155,2065
2147,2070
2151,2040
2141,2080
2132,2073
2135,2048
2120,2075
2111,2067
2097,2075
2099,2024
2081,2041
2071,2023
2063,2043
2067,2043
2047,2053
2039,2065
2030,2043
2017,2081
2019,2042
2005,2067
2001,2063
1991,2063
1984,2035
1967,2075
1959,2069
1962,2073
1949,2075
1953,2015
1947,2053
1944,2068
1943,2053
1948,2067
1947,2055
1945,2035
1937,2026
1944,2063
1944,2066
1943,2036
1951,2099
1952,2063
1963,2078
1961,2029
1967,2067
1974,2063
1979,2084
1988,2063
1990,2035
1997,2082
2008,2039
2016,2072
2023,2029
2029,2040
2037,2082
2047,2040
2056,2065
2057,2056
2076,2068
2071,2011
2080,2034
2089,2033
2104,2044
2115,2011
2107,2041
2121,2047
2136,2029
2144,2040
2152,2002
2156,2048
2157,2052
2168,2058
2173,2027
2173,2057
2180,2038
2182,2025
2181,2061
2189,2037
2187,2057
2183,2031
2184,2065
2179,2041
2173,2076
2172,2011
2167,2068
2155,2023
2159,2080
2139,2027
2144,2038
2133,2045
2135,2043
2127,2055
2109,2048
2108,2041
2104,2029
2089,2069
2077,2071
2077,2065
2063,2072
2056,2056
2054,2056
2040,2066
2029,2035
2015,2076
2012,2048
1996,2043
1989,2087
1984,2072
1980,2039
1966,2075
1964,2064
1959,2065
1937,2075
1952,2063
1949,2080
1942,2039
1946,2089
1951,2037
1939,2027
1940,2063
1944,2073
1937,2009
1944,2026
1938,2080
1942,2079
1950,2037
1952,2025
1955,2065
1963,2077
1963,2033
1975,2021
1973,2071
1985,2063
1989,2074
2004,2057
2009,2037
2017,2080
2029,2052
2033,2047
2041,2046
2051,2040
2067,2035
2068,2029
2077,2078
2085,2069
2094,2052
2097,2071
2103,2063
2117,2053
2124,2048
2137,2043
2148,2025
2151,2029
2160,2024
2155,2067
2165,2071
2172,2027
2179,2071
2188,2066
2179,2045
2181,2066
2188,2045
2185,2043
2187,2045
2192,2063
2188,2064
2176,2074
2179,2072
2168,2011
2168,2035
2166,2025
2159,2036
2149,2069
2144,2033
2137,2066
2134,2033
2127,2019
2117,2075
2109,2071
2104,2057
2087,2036
2086,2086
2079,2024
2057,2043
2053,2059
2042,2063
2039,2023
2027,2017
2012,2066
2009,2065
1995,2055
1989,2058
1989,2063
1971,2043
1965,2043
1967,2085
1957,2068
1955,2056
1949,2065
1952,2072
1949,2035
1947,2044
1944,2059
1941,2030
1947,2060
1943,2059
1945,2019
1944,2044
1953,2071
1952,2073
1959,2073
1962,2041
1964,2037
1971,2065
1979,2040
1984,2075
1993,2071
1997,2073
2003,2065
2011,2046
2020,2092
2027,2080
2032,2042
2044,2041
2056,2029
2055,2045
2070,2034
2071,2012
2088,2075
2099,2086
2099,2055
2103,2031
2119,2021
2120,2058
2136,2042
2145,2057
2153,2063
2157,2042
2165,2070
2167,2033
2169,2029
2173,2023
2173,2033
2188,2071
2185,2048
2193,2019
2187,2043
2192,2077
2191,2029
2183,2059
2186,2025
2182,2034
2169,2064
2169,2093
2163,2043
2151,2057
2152,2079
2144,2034
2138,2029
2136,2046
2127,2087
2109,2020
2101,2002
2091,2085
2091,2066
2083,2071
2076,2083
2067,2073
2059,2035
2037,2029
2033,2044
2026,2076
2015,2078
2003,2039
1997,2035
1994,2039
1989,2071
1978,2063
1975,2079
1959,2080
1959,2083
1945,2065
1952,2084
1944,2041
1944,2071
1941,2063
1939,2071
1945,2071
1935,2058
1941,2042
1939,2035
1935,2056
1948,2023
1946,2073
1952,2036
1961,2072
1961,2063
1968,2089
1971,2063
1980,2040
1984,2080
1992,2091
1997,2053
1996,2084
2015,2027
2023,2073
2032,2041
2033,2020
2039,2094
2045,2055
2063,2083
2077,2067
2078,2022
2088,2057
2093,2053
2104,2063
2105,2063
2118,2009
2128,2068
2129,2045
2148,2068
2147,2055
2151,2028
2160,2037
2168,2075
2165,2037
2179,2056
2175,2020
2187,2047
2171,2063
2192,2065
2185,2067
2182,2071
2180,2066
2176,2056
2172,2023
2169,2067
2163,2013
2155,2027
2149,2039
2143,2043
2133,2063
2132,2079
2126,2041
2119,2070
2110,2058
2102,2068
2092,2042
2087,2035
2073,2069
2068,2009
2065,2082
2056,2040
2041,2075
2023,2019
2022,2075
2011,2063
2008,2075
1997,2065
1996,2076
1976,2044
1976,2063
1967,2071
1964,2053
1951,2055
1945,2027
1939,2055
1951,2071
1939,2076
1941,2058
1944,2063
1944,2059
1941,2054
1941,2079
1942,2037
1933,2035
1939,2063
1947,2067
1952,2041
1952,2072
1955,2073
1957,2021
1965,2065
1976,2043
1983,2027
1992,2046
1993,2045
1996,2051
2015,2040
2011,2037
2016,2048
2033,2075
2044,2027
2043,2087
2068,2074
2073,2037
2077,2070
2089,2052
2097,2063
2099,2046
2106,2029
2119,2065
2123,2021
2141,2038
2143,2041
2161,2064
2154,2063
2171,2063
2168,2043
2176,2060
2173,2040
2187,2061
2187,2063
2184,2035
2192,2025
2191,2045
2187,2063
2183,2036
2183,2067
2179,2024
2172,2083
2171,2056
2162,2045
2163,2063
2152,2040
2147,2037
2140,2066
2139,2023
2123,2033
2114,2072
2109,2076
2103,2057
2097,2035
2088,2071
2071,2023
2065,2053
2056,2070
2051,2063
2029,2057
2028,2053
2023,2055
2011,2068
1999,2075
1987,2060
1990,2048
1976,2063
1965,2066
1955,2069
1964,2080
1962,2054
1953,2053
1952,2066
1952,2071
1940,2056
1947,2018
1933,2061
1937,2035
1946,2023
1944,2017
1939,1996
1945,2079
1955,2039
1959,2080
1956,2072
1963,2058
1959,2054
1969,2037
1979,2037
1979,2019
1985,2024
1991,2029
1999,2036
2011,2079
2019,2053
2031,2036
2036,2087
2044,2073
2054,2058
2068,2043
2068,2068
2072,2075
2089,2079
2096,2056
2104,2035
2101,2063
2124,2039
2127,2043
2138,2059
2143,2075
2147,2063
2156,2045
2153,2063
2168,2048
2173,2069
2171,2054
2179,2064
2184,2063
2182,2015
2189,2057
2188,2041
2185,2081
2184,2064
2171,2080
2181,2057
2175,2079
2162,2028
2155,2083
2156,2063
2152,2052
2135,2023
2135,2024
2128,2080
2119,2039
2104,2083
2120,2062
2101,2060
2089,2076
2068,2043
2077,2084
2065,2048
2056,2045
2043,2079
2035,2021
2027,2058
2019,2047
2008,2073
2000,2080
1976,2067
1980,2063
1978,2054
1965,2077
1961,2064
1949,2033
1953,2037
1956,2039
1945,2071
1947,2065
1943,2032
1937,2065
1941,2055
1944,2022
1936,2046
1943,2059
1933,2029
1935,2026
1948,2055
1948,2072
1956,2046
1963,2041
1968,2057
1966,2005
1971,2078
1981,2073
1988,2041
1995,2018
1991,2063
2008,2048
2015,2063
2029,2063
2032,2005
2042,2060
2047,2040
2053,2022
2065,2035
2077,2007
2077,2035
2096,2035
2091,2028
2103,2039
2117,2037
2117,2055
2131,2055
2137,2063
2152,2030
2152,2071
2153,2011
2163,2037
2167,2083
2169,2057
2181,2039
2179,2064
2185,2066
2186,2063
2189,2031
2185,2072
2183,2071
2183,2063
2180,2027
2167,2027
2167,2048
2163,2032
2158,2063
2153,2065
2148,2063
2141,2051
2124,2020
2121,2067
2122,2067
2116,2056
2099,2079
2095,2060
2085,2035
2075,2079
2067,2025
2063,2055
2051,2063
2039,2027
2027,2053
2011,2007
2014,2080
2007,2033
1997,2048
1989,2068
1989,2020
1971,2063
1968,2046
1960,2056
1951,2029
1955,2017
1945,2063
1945,2040
1948,2035
1946,2051
1944,2031
1937,2048
1942,2045
1943,2052
1939,2081
1948,2057
1947,2037
1946,2089
1957,2051
1963,2039
1961,2009
1971,2056
1975,2055
1975,2070
1992,2075
1992,2066
2002,2056
2005,2037
2009,2033
2025,2053
2029,2017
2039,2078
2043,2035
2057,2043
2063,2075
2077,2027
2083,2068
2095,2027
2104,2066
2103,2026
2118,2070
2117,2059
2136,2029
2141,2065
2150,2044
2159,2058
2160,2078
2167,2072
2184,2042
2168,2063
2184,2063
2184,2065
2185,2038
2191,2065
2192,2057
2189,2046
2186,2040
2186,2059
2173,2029
2179,2030
2169,2088
2172,2029
2163,2025
2153,2065
2149,2048
2143,2068
2142,2043
2137,2080
2127,2096
2117,2027
2104,2037
2105,2058
2088,2059
2084,2080
2078,2039
2072,2071
2057,2077
2037,2036
2036,2075
2024,2043
2021,2047
2005,2031
2004,2075
2002,2061
1992,2072
1980,2068
1968,2063
1961,2079
1961,2080
1960,2054
1951,2043
1952,2027
1941,2078
1943,2027
1932,2053
1945,2072
1944,2069
1942,2025
1947,2042
1951,2055
1943,2069
1945,2073
1949,2080
1960,2079
1957,2056
1959,2055
1958,2027
1980,2063
1992,2041
1999,2029
1993,2069
2003,2055
2010,2067
2024,2063
2032,2051
2029,2044
2041,2012
2063,2078
2068,2044
2073,2092
2081,2056
2087,2023
2099,2048
2104,2048
2105,2027
2123,2041
2123,2056
2136,2039
2139,2068
2152,2076
2154,2063
2152,2057
2167,2037
2173,2075
2174,2038
2179,2064
2183,2063
2180,2043
2183,2054
2182,2088
2182,2063
2173,2067
2175,2075
2172,2063
2164,2043
2165,2056
2159,2060
2147,2019
2144,2076
2138,2025
2131,2013
2128,2039
2109,2041
2110,2037
2100,2037
2095,2044
2089,2056
2084,2063
2070,2057
2063,2063
2055,2071
2035,2023
2031,2071
2024,2059
2013,2032
1997,2055
1993,2039
1990,2066
1981,2026
1975,2060
1969,2071
1961,2055
1947,2041
1955,2073
1946,2085
1945,2091
1941,2048
1944,2059
1943,2036
1944,2043
1939,2039
1943,2040
1944,2056
1932,2029
1937,2019
1951,2058
1952,2056
1956,2075
1961,2028
1968,2030
1959,2067
1963,2034
1980,2035
1977,2038
1993,2065
2004,2025
2009,2031
2013,2064
2026,2029
2029,1996
2037,2057
2040,2015
2063,2035
2071,2072
2079,2040
2084,2035
2093,2062
2104,2063
2097,2041
2110,2045
2121,2048
2123,2057
2131,2075
2146,2031
2139,2053
2158,2063
2155,2076
2167,2048
2173,2044
2176,2065
2179,2045
2181,2045
2188,2060
2183,2063
2179,2031
2179,2063
2179,2074
2176,2088
2167,2041
2168,2089
2167,2045
2155,2034
2147,2075
2137,2037
2144,2017
2123,2040
2119,2015
2116,2057
2112,2068
2103,2039
2094,2045
2087,2068
2075,2048
2067,2081
2051,2057
2041,2055
2034,2073
2028,2045
2017,2073
2012,2033
2003,2059
1989,2065
1981,2029
1981,2045
1975,2062
1967,2074
1961,2034
1949,2043
1947,2035
1945,2057
1946,2053
1944,2068
1943,2062
1948,2072
1946,2078
1939,2044
1943,2047
1948,2039
1950,2056
1947,2040
1945,2033
1955,2069
1957,2037
1959,2027
1961,2045
1975,2019
1984,1997
1991,2069
1993,2024
1995,2071
2007,2079
2016,2039
2017,2068
2032,2044
2039,2032
2047,2024
2045,2045
2059,1995
2073,2080
2088,2051
2093,2027
2097,2086
2108,2052
2119,2063
2125,2083
2131,2073
2140,2071
2145,2061
2160,2035
2155,2015
2165,2065
2167,2017
2171,2015
2183,2042
2181,2028
2193,2051
2193,2035
2188,2057
2190,2091
2189,2032
2190,2024
2184,2071
2171,2015
2167,2009
2168,2072
2164,2027
2152,2021
2151,2051
2147,2060
2141,2037
2136,2043
2132,2037
2118,2056
2108,2033
2097,2043
2089,2021
2089,2017
2073,2030
2072,2066
2067,2034
2056,2090
2037,2046
2027,2059
2021,2040
2007,2023
2005,2075
1999,2044
1991,2048
1979,2043
1966,2043
1968,2077
1962,2083
1952,2069
1952,2071
1947,2059
1949,2055
1953,2072
1937,2024
1941,2027
1944,2073
1949,2035
1945,2030
1944,2069
1945,2075
1952,2027
1954,2080
1953,2042
1959,2080
1963,2017
1980,2071
1980,2028
1981,2035
1991,2037
1997,2011
2003,2068
2011,2036
2024,2060
2031,2039
2037,2041
2042,2067
2057,2061
2067,2051
2077,2075
2081,2045
2085,2065
2101,2048
2106,2072
2117,2072
2120,2088
2122,2029
2136,2055
2145,2054
2150,2031
2151,2077
2172,2044
2165,2039
2169,2055
2175,2053
2176,2044
2187,2056
2191,2040
2179,2028
2186,2046
2184,2041
2174,2063
2174,2059
2173,2055
2176,2040
2168,2071
2163,2073
2154,2072
2150,2069
2135,2056
2125,2011
2133,2057
2123,2032
2118,2023
2101,2065
2100,2063
2088,2076
2084,2035
2068,2071
2057,2071
2052,2025
2035,2055
2034,2063
2028,2067
2015,2065
2013,2091
2003,2071
1981,2035
1987,2021
1980,2009
1975,2073
1967,2038
1952,2035
1952,2068
1949,2072
1946,2060
1942,2037
1948,2065
1944,2068
1944,2056
1944,2025
1940,2007
1939,2039
1945,2041
1949,2091
1948,2041
1952,2054
1952,2064
1951,2053
1967,2068
1972,2089
1974,2068
1989,2067
1992,2039
2002,2068
2008,2054
2010,2076
2022,2045
2025,2041
2035,2054
2040,2036
2053,2041
2059,2075
2073,2059
2081,2063
2091,2053
2104,2040
2100,2055
2107,2037
2120,2069
2127,2024
2131,2025
2144,2066
2149,2041
2157,2046
2171,2081
2167,2044
2168,2036
2185,2072
2184,2028
2187,2017
2181,2056
2183,2063
2189,2069
2183,2036
2179,2073
2185,2063
2183,2029
2167,2048
2169,2039
2169,2026
2157,2063
2160,2069
2146,2072
2144,2071
2132,2067
2122,2012
2130,2071
2110,2074
2105,2012
2097,2105
2087,2057
2081,2069
2071,2056
2059,2079
2056,2065
2039,2024
2027,2056
2028,2081
2021,2053
2005,2045
1996,2063
1991,2027
1984,2074
1976,2035
1965,2039
1964,2027
1961,2080
1959,2066
1951,2013
1953,2023
1953,2043
1952,2043
1947,2043
1951,2078
1943,2029
1949,2011
1955,2073
1952,2068
1953,2039
1960,2051
1957,2082
1952,2035
1973,2040
1975,2064
1980,2045
1985,2063
1996,2040
2008,2079
2005,2035
2019,2032
2024,2077
2032,2040
2035,2031
2054,2075
2056,2045
2063,2067
2073,2045
2080,2011
2091,2083
2095,2045
2105,2041
2107,2066
2119,2085
2123,2045
2143,2071
2144,2015
2152,2056
2159,2063
2165,2080
2163,2054
2184,2021
2186,2054
2188,2045
2185,2056
2189,2041
2191,2053
2185,2053
2187,2030
2187,2008
2193,2051
2184,2043
2179,2039
2175,2060
2163,2063
2165,2075
2158,2076
2151,2033
2148,2063
2140,2076
2136,2048
2127,2070
2125,2056
2104,2067
2095,2094
2087,2055
2079,2071
2067,2072
2059,2069
2051,2069
2052,2043
2033,2072
2019,2084
2017,2025
2001,2082
2003,2037
1993,2024
1975,2023
1977,2057
1970,2064
1965,2080
1953,2039
1952,2088
1945,2069
1946,2057
1949,2067
1947,2043
1947,2058
1941,2017
1939,2041
1949,2028
1945,2060
1944,2039
1945,2059
1944,2055
1955,2035
1961,2035
1960,2089
1972,2043
1975,2079
1983,2048
1981,2041
1995,2071
2003,2075
2003,2053
2014,2072
2015,2055
2025,2025
2036,2031
2043,2055
2061,2074
2071,2054
2076,2043
2080,2028
2093,2042
2101,2040
2100,2063
2108,2063
2117,2024
2127,2048
2135,2056
2151,2035
2155,2068
2155,2037
2160,2078
2165,2071
2171,2054
2173,2058
2184,2026
2181,2044
2187,2067
2191,2047
2185,2075
2181,2031
2179,2029
2181,2067
2167,2011
2165,2030
2165,2075
2160,2023
2151,2074
2145,2079
2137,2027
2131,2067
2133,2075
2115,2063
2115,2040
2107,2073
2096,2047
2090,2056
2080,2076
2072,2037
2063,2025
2045,2063
2029,2019
2036,2065
2017,2065
2019,2044
2011,2072
2001,2071
1979,2021
1979,2027
1976,2067
1971,2066
1960,2040
1955,2045
1948,2046
1947,2072
1948,2073
1941,2040
1933,2071
1951,2063
1943,2035
1937,2042
1943,2057
1949,2068
1944,2071
1947,2065
1946,2075
1955,2063
1962,2035
1960,2043
1960,2002
1973,2065
1980,2036
1981,2067
1989,2076
2001,2082
1994,2048
2008,2041
2028,2076
2028,2017
2034,2071
2040,2072
2055,2057
2071,2076
2075,2057
2092,2039
2088,2007
2104,2080
2103,2042
2118,2073
2107,2063
2132,2009
2141,2027
2148,2054
2159,2045
2152,2029
2165,2046
2181,2044
2176,2032
2185,2041
2191,2054
2191,2058
2192,2040
2181,2018
2195,2067
2188,2080
2185,2046
2173,2015
2182,2069
2167,2068
2164,2031
2167,2039
2157,2052
2153,2048
2145,2045
2151,2032
2120,2072
2129,2076
2121,2056
2119,2079
2104,2073
2096,2021
2090,2069
2080,2075
2067,2079
2053,2021
2056,2021
2042,2040
2029,2076
2019,2055
2009,2067
2004,2035
2005,2031
1989,2063
1976,2069
1971,2079
1968,2065
1964,2057
1960,2023
1961,2030
1953,2033
1956,2071
1955,2043
1952,2074
1939,2025
1947,2031
1953,2100
1951,2024
1949,2042
1953,2044
1956,2028
1963,2029
1964,2076
1975,2072
1965,2052
1980,2060
1987,2056
1989,2073
2000,2080
2003,2023
2009,2045
2027,2027
2029,2063
2037,2074
2044,2019
2055,2044
2059,2071
2080,2044
2077,2055
2089,2067
2104,2029
2104,2063
2109,2069
2120,2080
2129,2041
2136,2065
2143,2048
2143,2035
2161,2048
2163,2057
2167,2076
2173,2069
2187,2047
2179,2033
2191,2061
2191,2056
2199,2071
2185,2021
2195,2076
2194,2034
2192,2036
2187,2027
2187,2041
2171,2067
2176,2079
2168,2040
2155,2057
2159,2020
2149,2081
2139,2041
2138,2084
2125,2033
2129,2009
2117,2075
2109,2063
2099,2041
2085,2071
2080,2043
2071,2039
2066,2063
2047,2062
2035,2076
2021,2027
2027,2057
2012,2060
2007,2056
1993,2071
1987,2063
1982,2076
1976,2083
1964,2069
1963,2036
1955,2073
1953,2067
1945,2072
1947,2068
1945,2051
1941,2067
1947,2039
1939,2057
1951,2063
1944,2028
1944,2025
1945,2068
1956,2086
1947,2047
1957,2077
1964,2057
1961,2029
1971,2039
1982,2043
1987,2039
1995,2041
1995,2076
2010,2071
2015,2102
2024,2082
2032,2043
2033,2027
2043,2087
2063,2065
2067,2060
2072,2055
2087,2036
2096,2047
2101,2059
2105,2038
2120,2093
2128,2066
2123,2045
2139,2051
2152,2075
2157,2035
2161,2068
2157,2023
2170,2048
2176,2037
2186,2074
2183,2022
2190,2063
2197,2075
2196,2063
2195,2059
2185,2071
2184,2040
2188,2075
2179,2063
2180,2071
2174,2038
2164,2069
2162,2060
2155,2040
2149,2091
2145,2059
2136,2046
2128,2084
2116,2042
2119,2056
2103,2045
2091,2007
2085,2082
2077,2040
2072,2090
2067,2034
2041,2060
2033,2089
2027,2036
2026,2063
2016,2025
2001,2079
2001,2019
1987,2055
1992,2056
1980,2056
1963,2034
1969,2018
1962,2074
1961,2060
1952,2044
1951,2063
1944,2075
1947,2065
1945,2063
1951,2037
1952,2084
1947,2056
1943,2039
1943,2063
1957,2024
1957,2018
1959,2057
1963,2059
1975,2077
1983,2065
1979,2022
1982,2076
1995,2036
2005,2027
2011,2080
2016,2027
2028,2029
2029,2063
2040,2066
2057,2058
2063,2071
2063,2012
2080,2039
2083,2031
2091,2027
2093,2041
2109,2073
2119,2042
2119,2041
2131,2037
2135,2068
2153,2083
2163,2017
2157,2039
2180,2052
2176,2072
2184,2059
2186,2075
2191,2055
2195,2042
2194,2055
2200,2041
2193,2043
2189,2074
2191,2027
2189,2040
2189,2054
2172,2032
2176,2005
2167,2009
2167,2071
2156,2074
2152,2048
2144,2051
2135,2066
2131,2043
2129,2043
2117,2066
2112,2075
2103,2024
2091,2036
2083,2037
2074,2071
2066,2043
2065,2062
2040,2076
2027,2045
2026,2039
2020,2033
2010,2072
1990,2088
1998,2048
1984,2069
1980,2039
1971,2067
1963,2023
1967,2076
1957,2039
1949,2062
1952,2055
1952,2023
1953,2043
1943,2035
1938,2032
1944,2066
1952,2037
1952,2072
1949,2025
1949,2038
1955,2071
1954,2057
1963,2025
1972,2068
1976,2076
1978,2064
1976,2063
1995,2021
2000,2080
2002,2052
2009,2056
2027,2030
2020,2051
2041,2017
2037,2063
2063,2031
2070,2059
2077,2019
2088,2072
2089,2039
2103,2053
2106,2057
2108,2063
2121,2073
2126,2053
2136,2036
2149,2048
2147,2017
2164,2071
2164,2027
2173,2053
2174,2048
2176,2037
2179,2021
2180,2047
2194,2056
2191,2037
2173,2054
2194,2055
2183,2031
2192,2037
2171,2040
2180,2045
2165,2035
2163,2063
2162,2021
2151,1987
2143,2079
2144,2028
2127,2063
2127,2065
2126,2065
2113,2029
2099,2037
2088,2034
2088,2041
2075,2071
2067,2063
2063,2072
2054,2040
2044,2080
2032,2003
2022,2037
2016,2048
2005,2040
1999,2018
1992,2036
1982,2066
1975,2073
1966,2069
1955,2077
1952,2023
1951,2033
1948,2053
1939,2029
1945,2063
1945,2063
1937,2052
1937,2071
1939,2071
1947,2015
1951,2064
1943,2075
1947,2041
1952,2074
1956,2039
1963,2046
1959,2055
1961,2055
1980,2087
1976,2066
1981,2039
1998,2039
1995,2043
2012,2084
2011,2068
2030,2048
2030,2075
2040,2072
2054,2032
2052,2051
2071,2088
2074,2021
2088,2045
2097,2053
2097,2043
2106,2037
2108,2029
2124,2066
2138,2052
2144,2060
2143,2030
2151,2073
2161,2042
2163,2041
2171,2055
2171,2039
2187,2064
2173,2027
2192,2048
2186,2045
2190,2037
2189,2015
2187,2080
2190,2035
2183,2063
2173,2015
2169,2063
2165,2041
2163,2069
2147,2041
2153,2088
2144,2041
2142,2037
2133,2015
2120,2023
2109,2092
2110,2091
2107,2060
2096,2069
2080,2021
2073,2055
2063,2045
2059,2063
2056,2026
2035,2045
2023,2072
2018,2078
2014,2079
2008,2047
1996,2055
1979,2056
1972,2052
1968,2065
1969,2068
1959,2072
1963,2056
1960,2051
1952,2035
1946,2055
1951,2073
1952,2041
1948,2068
1947,2075
1950,2072
1952,2077
1952,2065
1952,2056
1957,2009
1960,2082
1964,2031
1966,2058
1976,2040
1980,2068
1989,2040
1995,2071
2000,2021
2003,2078
2015,2041
2021,2025
2036,2044
2040,2027
2052,2065
2064,2044
2065,2067
2073,2031
2080,2043
2090,2009
2091,2044
2107,2033
2115,2075
2120,2043
2131,2025
2137,2088
2144,2060
2154,2065
2160,2056
2161,2027
2172,2063
2184,2056
2179,2040
2193,2029
2188,2063
2188,2056
2199,2065
2189,2040
2197,2047
2185,2047
2185,2025
2184,2048
2172,2035
2181,2074
2173,2044
2168,2041
2168,2077
2155,2028
2147,2041
2144,2063
2141,2085
2135,2058
2119,2043
2115,2066
2105,2051
2100,2064
2088,2021
2081,2068
2071,2063
2063,2048
2056,2072
2046,2075
2036,2060
2025,2078
2011,2065
2003,2041
2001,2029
1993,2079
1981,2071
1979,2073
1974,2013
1957,2036
1961,2027
1953,2063
1960,2060
1956,2078
1960,2059
1952,2063
1952,2076
1954,2041
1945,2088
1947,2033
1947,2009
1955,2057
1961,2075
1949,2035
1961,2019
1968,2061
1981,2069
1976,2033
1979,2072
1989,2063
1995,2032
2003,2036
2016,2071
2024,2063
2029,2030
2027,2056
2047,2061
2048,2007
2056,2077
2070,2037
2071,2076
2083,2044
2099,2052
2097,2045
2111,2029
2115,2032
2127,2042
2132,2043
2137,2035
2148,2038
2152,2029
2166,2046
2163,2009
2174,2054
2185,2067
2183,2045
2184,2057
2191,2069
2196,2044
2197,2042
2196,2063
2185,2043
2190,2035
2191,2048
2188,2019
2181,2075
2163,2055
2170,2041
2163,2032
2156,2080
2148,2063
2144,2044
2139,2085
2122,2035
2115,2080
2113,2035
2112,2054
2099,2069
2084,2045
2087,2073
2072,2057
2071,2029
2055,2035
2043,2104
2024,2039
2023,2043
2017,2011
2007,2032
2001,2035
1999,2051
1993,2058
1983,2062
1972,2063
1968,2044
1965,2085
1960,2056
1947,2071
1954,2026
1949,2035
1952,2055
1947,2061
1939,2033
1952,2063
1948,2067
1945,2071
1951,2004
1944,2007
1956,2063
1955,2043
1968,2040
1964,2045
1977,2071
1982,2063
1989,2068
1995,2063
1998,2030
2003,2040
2016,2073
2027,2084
2028,2053
2037,2039
2056,2076
2063,2068
2072,2041
2072,2027
2085,2068
2090,2073
2101,2025
2105,2076
2112,2045
2123,2067
2129,2043
2142,2063
2152,2036
2150,2056
2160,2083
2167,2065
2176,2069
2184,2017
2179,2035
2192,2073
2195,2057
2199,2066
2197,2047
2195,2040
2199,2068
2187,2012
2196,2065
2183,2011
2184,2066
2172,2017
2176,2044
2168,2059
2170,2017
2161,2089
2152,2004
2147,2045
2139,2027
2131,2053
2123,2039
2120,2043
2105,2044
2094,2063
2097,2061
2080,2064
2079,2079
2063,2071
2062,2043
2052,2071
2027,2041
2031,2066
2024,2073
2013,2067
1995,2063
2000,2064
1994,2022
1964,2068
1968,2079
1971,2101
1971,2053
1960,2058
1960,2067
1963,2037
1968,2056
1962,2057
1960,2052
1959,2043
1960,2033
1966,2041
1963,2069
1957,2035
1963,2063
1971,2071
1965,2039
1984,2056
1981,2035
1993,2024
1997,2072
2001,2033
2016,2053
2020,2031
2026,2052
2035,2038
2033,2067
2048,2027
2057,2052
2076,2040
2075,2011
2085,2046
2097,2083
2103,2069
2103,2059
2109,2075
2115,2080
2136,2052
2135,2041
2143,2035
2153,2056
2161,2037
2163,2056
2179,2053
2177,2029
2189,2071
2199,2023
2195,2071
2202,2028
2197,2039
2206,2056
2204,2046
2193,2023
2200,2071
2195,2027
2196,2045
2187,2040
2185,2043
2179,2077
2177,2069
2175,2048
2157,2021
2164,2027
2140,2023
2147,2041
2137,2071
2123,2063
2119,2063
2113,2039
2099,2029
2096,2052
2091,2058
2075,2029
2074,2063
2063,2080
2039,2019
2033,2053
2032,2071
2009,2021
2013,2063
2007,2073
1992,2025
1977,2040
1975,2053
1979,2044
1970,2065
1968,2059
1963,2029
1960,2019
1961,2043
1957,2073
1961,2039
1949,2035
1955,2037
1947,2033
1951,2088
1959,2075
1955,2067
1970,2080
1963,2067
1972,2055
1975,2048
1975,2015
1992,2057
1993,2040
1992,2067
2008,2047
2008,2064
2011,2056
2029,2071
2037,2035
2048,2072
2060,2008
2063,2063
2076,2063
2080,2053
2083,2040
2096,2023
2099,2040
2112,2041
2117,2066
2128,2028
2131,2063
2143,2027
2149,2044
2161,2075
2164,2043
2164,1995
2176,2045
2187,2055
2187,2033
2193,2059
2193,2038
2197,2063
2199,2047
2197,2021
2195,2024
2196,2065
2188,2035
2187,2067
2186,2053
2181,2039
2176,2040
2172,2027
2168,2060
2157,2021
2146,2068
2138,2056
2140,2074
2132,2071
2126,2079
2119,2047
2111,2019
2089,2051
2092,2032
2080,2028
2077,2056
2073,2014
2059,2027
2039,2044
2027,2047
2025,2083
2024,2053
2013,2027
2004,2041
1991,2029
1979,2053
1984,2063
1973,2084
1971,2056
1954,2069
1968,2056
1961,2056
1949,2060
1956,2031
1955,2055
1957,2036
1958,2052
1960,2063
1953,2055
1963,2038
1956,2043
1966,2048
1975,2071
1969,2039
1975,2040
1977,2089
1991,2063
2000,2054
2004,2080
2007,2063
2009,2038
2024,2043
2023,2029
2033,2040
2048,2063
2063,2072
2065,2015
2072,2071
2080,2040
2087,2032
2103,2063
2114,2039
2107,2017
2117,2071
2131,2075
2142,2071
2150,2063
2153,2046
2163,2043
2168,2047
2187,2056
2187,2027
2192,2052
2197,2063
2201,2068
2207,2056
2206,2052
2207,2068
2204,2022
2206,2029
2204,2035
2205,2088
2202,2025
2199,2027
2199,2057
2192,2071
2183,2030
2171,2045
2172,2059
2166,2083
2155,2068
2149,2068
2152,2037
2137,2078
2123,2048
2120,2021
2119,2068
2104,2046
2100,2071
2091,2052
2077,2083
2073,2045
2063,2053
2041,2097
2030,2019
2033,2061
2028,2038
2021,2041
2005,2083
2005,2035
1992,2045
1992,2026
1977,2024
1985,2063
1977,2058
1967,2051
1964,2063
1973,2048
1971,2061
1960,2053
1968,2062
1965,2060
1968,2063
1965,2040
1976,2063
1974,2080
1980,2075
1978,2039
1979,2056
1997,2045
1995,2073
2008,2007
2004,2071
2021,2058
2017,2027
2028,2077
2039,2048
2042,2035
2061,2075
2057,2067
2080,2067
2086,2059
2088,2055
2100,2010
2107,2065
2111,2073
2119,2038
2131,2044
2133,2025
2144,2077
2149,2043
2158,2017
2168,2076
2168,2028
2182,2072
2186,2011
2191,2045
2205,2054
2195,2017
2205,2045
2210,2025
2201,2077
2212,2047
2208,2060
2208,2093
2205,2041
2208,2054
2197,2045
2192,2044
2189,2033
2181,2013
2172,2084
2174,2071
2168,2022
2155,2023
2151,2037
2150,2035
2143,2076
2125,2043
2126,2059
2121,2082
2104,2077
2096,2071
2092,2063
2081,2067
2073,2073
2059,2057
2041,2075
2044,2029
2031,2056
2021,2045
2011,2067
2003,2044
2001,2021
1992,2065
1983,2053
1976,2066
1977,2080
1970,2038
1963,2082
1975,2022
1969,2044
1964,2041
1955,2035
1957,2026
1959,2060
1964,2035
1969,2068
1963,2032
1968,2047
1964,2041
1971,2065
1965,2027
1990,2070
1993,2067
1992,2055
1995,2036
2008,2072
2015,2073
2023,2072
2034,2073
2036,2055
2044,2040
2043,2056
2059,2040
2067,2039
2073,2009
2087,2072
2096,2053
2108,2035
2112,2058
2117,2041
2124,2042
2133,2065
2139,2070
2148,2080
2161,2063
2166,2062
2172,2060
2173,2045
2189,2041
2187,2067
2191,2043
2197,2057
2199,2068
2203,2071
2199,2063
2204,2040
2191,2035
2198,2032
2195,2019
2191,2077
2191,2071
2184,2040
2181,2043
2169,2041
2165,2044
2160,2055
2157,2067
2143,2024
2144,2055
2129,2043
2123,2065
2115,2072
2108,2067
2095,2015
2095,2065
2087,2077
2071,2040
2067,2071
2066,2063
2047,2055
2044,2059
2032,2056
2016,2017
2011,2044
2006,2035
2001,2085
1987,2045
1985,2067
1979,2055
1977,2063
1968,2063
1962,2017
1965,2041
1959,2063
1955,2040
1959,2038
1960,2062
1963,2066
1956,2035
1963,2063
1963,2032
1955,2041
1968,2033
1965,2032
1978,2071
1972,2056
1981,2033
1994,2055
2001,2039
1995,2030
2009,2057
2015,2080
2012,2067
2029,2011
2042,2083
2059,2027
2053,2039
2071,2039
2075,2029
2082,2081
2089,2065
2094,2069
2113,2058
2105,2075
2117,2069
2132,2056
2140,2063
2144,2059
2152,2066
2167,2063
2168,2056
2171,2076
2186,2054
2186,2065
2184,2055
2195,2057
2189,2041
2203,2064
2199,2031
2208,2063
2197,2043
2189,2009
2189,2067
2194,2019
2188,2027
2185,2057
2186,2069
2181,2063
2166,2023
2161,2078
2155,2037
2151,2057
2143,2073
2141,2088
2129,2041
2115,2044
2112,2037
2104,2045
2099,2072
2088,2063
2080,2017
2063,2074
2065,2063
2041,2048
2039,2070
2030,2059
2024,2043
2016,2062
1995,2080
2004,2099
1984,2063
1988,2075
1959,2063
1965,2039
1970,2053
1962,2039
1963,2047
1967,2043
1963,2063
1961,2035
1953,2023
1957,2055
1960,2040
1961,2073
1963,2059
1960,2032
1961,2037
1964,2063
1978,2011
1984,2094
1989,2071
1991,2042
1995,2056
2009,2032
1999,2058
2015,2043
2020,2029
2024,2068
2037,2027
2042,2053
2064,2088
2067,2076
2075,2031
2079,2027
2086,2057
2103,2035
2107,2073
2115,2063
2124,2053
2121,2056
2138,2063
2145,2044
2153,2048
2163,2023
2167,2030
2165,2071
2171,2043
2183,2069
2192,2033
2192,2056
2193,2029
2195,2068
2200,2035
2197,2056
2191,2080
2187,2043
2200,2048
2185,2039
2188,2029
2181,2079
2182,2069
2163,2043
2172,2058
2157,2033
2150,2068
2152,2080
2143,2052
2136,2043
2129,2079
2112,2085
2107,2017
2101,2044
2085,2056
2085,2063
2071,2049
2071,2043
2063,2073
2045,2043
2034,2025
2027,2038
2016,2088
2014,2043
2008,2085
1993,2047
1981,2040
1976,2055
1974,2063
1967,2123
1968,2070
1963,2069
1964,2063
1957,2072
1958,2071
1956,2072
1952,2056
1960,2055
1953,2076
1952,2088
1952,2066
1960,2029
1957,2041
1960,2035
1965,2039
1969,2034
1979,2040
1984,2031
1993,2048
1999,2063
2005,2042
2009,2075
2022,2063
2032,2071
2037,2015
2039,2060
2056,2018
2065,2054
2065,2084
2077,2025
2088,2036
2094,2057
2107,2040
2117,2024
2119,2051
2127,2064
2135,2043
2146,2063
2149,2027
2157,2055
2171,2043
2176,2055
2168,2054
2188,2063
2192,2068
2194,2074
2197,2055
2197,2033
2199,2052
2200,2066
2199,2043
2194,2055
2195,2043
2196,2081
2185,2037
2196,2052
2173,2078
2176,2033
2168,2046
2161,2073
2157,2041
2143,2087
2135,2024
2137,2040
2121,2046
2117,2063
2107,2066
2099,2043
2097,2060
2091,2044
2081,2071
2065,2040
2065,2077
2056,2074
2042,2041
2040,2054
2027,2055
2012,2088
2005,2054
2003,2057
1979,2045
1972,2073
1978,2071
1973,2037
1963,2041
1962,2077
1960,2052
1965,2033
1955,2057
1956,2059
1953,2005
1958,2042
1959,2015
1960,2086
1963,2066
1971,2056
1965,2080
1972,2056
1973,2037
1983,2015
1984,2072
1989,2056
1991,2045
1995,2025
2010,2055
2024,2080
2023,2071
2031,2080
2039,2043
2039,2063
2057,2063
2068,2063
2076,2068
2076,2051
2089,2037
2091,2084
2106,2020
2101,2038
2119,2027
2129,2043
2131,2043
2146,2043
2152,2068
2160,2063
2168,2041
2172,2053
2185,2035
2188,2063
2191,2045
2193,2054
2197,2056
2203,2047
2191,2044
2202,2019
2194,2029
2201,2041
2195,2055
2185,2022
2193,2012
2185,2027
2181,2017
2169,2080
2168,2048
2167,2032
2164,2041
2156,2063
2143,2035
2136,2027
2125,2045
2128,2055
2120,2067
2108,2080
2095,2059
2091,2076
2081,2039
2079,2053
2067,2065
2055,2055
2038,2044
2028,2081
2024,2070
2021,2061
2009,2027
2004,2055
1988,2023
1984,2027
1972,2056
1964,2021
1967,1995
1965,2034
1963,2041
1954,2055
1951,2072
1967,2080
1954,2036
1959,2035
1948,2057
1956,2066
1962,2047
1955,2035
1963,2088
1968,2072
1965,2063
1970,2021
1979,2065
1992,2011
1992,2040
1995,2056
2001,2041
2009,2036
2008,2019
2024,2021
2030,2074
2035,2039
2046,2040
2055,2072
2064,2011
2071,2038
2080,2016
2092,2088
2096,2039
2099,2040
2112,2021
2117,2053
2130,2055
2134,2035
2144,2041
2149,2037
2152,2025
2157,2021
2179,2059
2163,2035
2173,2038
2188,2067
2189,2064
2192,2037
2195,2069
2200,2067
2199,2027
2191,2073
2199,2069
2195,2059
2189,2040
2190,2072
2185,2073
2179,2047
2164,2023
2167,2066
2156,2063
2151,2059
2143,2063
2132,2063
2136,2038
2123,2048
2120,2058
2105,2093
2100,2039
2089,2081
2088,2015
2075,2077
2063,2037
2040,2027
2040,2072
2039,2065
2017,2024
2015,2015
2010,2051
2003,2048
1996,2055
1976,2072
1977,2075
1963,2041
1967,2083
1966,2064
1960,2059
1955,2059
1957,2076
1957,2070
1952,2064
1955,2063
1944,2057
1949,2039
1953,2071
1958,2100
1962,2052
1959,2057
1964,2031
1961,2065
1976,2069
1979,2063
1975,2071
1979,2005
2003,2048
2007,2042
2013,2024
2025,2040
2025,2033
2039,2027
2060,2032
2053,2033
2070,2068
2072,2065
2084,2074
2084,2067
2096,2046
2104,2053
2115,2077
2127,2071
2131,2027
2141,2068
2137,2039
2140,2069
2157,2075
2168,2073
2173,2023
2179,2063
2185,2056
2192,2067
2199,2027
2193,2062
2200,2077
2203,2025
2202,2071
2197,2044
2200,2036
2192,2060
2197,2056
2185,2037
2186,2068
2182,2092
2170,2043
2157,2043
2153,2025
2155,2089
2140,2088
2135,2087
2136,2057
2131,2047
2109,2067
2113,2044
2099,2035
2096,2063
2080,2040
2076,2075
2073,2034
2051,2053
2048,2063
2036,2053
2032,2042
2021,2060
2015,2072
2006,2082
1991,2033
1979,2022
1977,2025
1971,2055
1970,2025
1961,2085
1967,2066
1955,2059
1963,2043
1963,2025
1961,2071
1960,2071
1956,2047
1960,2063
1962,2063
1958,2073
1967,2027
1969,2074
1969,2045
1969,2077
1979,2043
1974,2015
1992,2062
1993,2076
2007,2039
2014,2021
2024,2063
2027,2063
2040,2073
2041,2027
2056,2073
2055,2023
2072,2039
2074,2072
2092,2080
2091,2065
2108,2027
2113,2030
2116,2027
2129,2037
2123,2027
2142,2056
2145,2037
2160,2043
2163,2073
2172,2066
2161,2005
2188,2044
2187,2044
2197,2055
2196,2040
2202,2047
2208,2065
2208,2076
2203,2065
2208,2067
2204,2084
2197,2039
2197,2071
2194,2055
2191,2075
2189,2032
2181,2067
2167,2025
2167,2030
2160,2037
2147,2077
2141,2057
2134,2030
2136,2076
2123,2056
2119,2034
2103,2063
2094,2069
2091,2035
2076,2063
2069,2055
2065,2055
2055,2078
2029,2017
2030,2022
2022,2038
2015,2078
2005,2057
1997,2068
1990,2023
1975,2066
1963,2045
1965,2002
1963,2076
1960,2076
1964,2043
1962,2065
1960,2057
1953,2045
1952,2029
1948,2071
1943,2033
1948,2073
1948,2032
1949,2040
1960,2037
1957,2059
1957,2003
1965,2042
1975,2072
1980,2071
1994,2043
2003,2031
2008,2057
2001,2061
2018,2053
2021,2063
2027,2043
2036,2051
2055,2054
2064,2068
2059,2037
2080,2041
2076,2045
2091,2039
2089,2029
2108,2042
2104,2057
2117,2079
2131,2036
2135,2027
2143,2053
2151,2034
2157,2063
2168,2040
2163,2072
2182,2043
2184,2031
2192,2029
2194,2066
2199,2043
2190,2015
2193,2055
2188,2084
2205,2058
2199,2042
2185,2017
2181,2056
2183,2065
2171,2033
2168,2078
2169,2047
2147,2055
2147,2033
2147,2057
2130,2097
2135,2063
2119,2073
2109,2020
2106,2083
2093,2054
2088,2056
2079,2071
2076,2005
2069,2023
2060,2034
2048,2043
2035,2080
2023,2042
2011,2058
2011,2076
1997,2024
1987,2055
1981,2053
1978,2057
1970,2024
1968,2043
1962,2040
1960,2074
1955,2072
1954,2084
1959,2048
1952,2063
1960,2042
1952,2054
1952,2045
1950,2033
1952,2041
1952,2083
1961,2061
1961,2038
1965,2056
1969,2032
1973,2075
1985,2033
1986,2048
1999,2067
2007,2068
2005,2027
2015,2051
2024,2075
2032,2077
2040,2023
2056,2070
2066,2023
2069,2040
2071,2040
2081,2029
2093,2079
2104,2063
2107,2072
2109,2055
2121,2044
2131,2059
2140,2070
2145,2039
2158,2071
2165,2063
2171,2040
2180,2036
2187,2047
2185,2025
2187,2026
2199,2039
2202,2044
2197,2055
2205,2071
2203,2077
2201,2066
2191,2080
2200,2072
2192,2084
2187,2053
2181,2063
2179,2063
2171,2063
2167,2063
2155,2093
2154,2069
2147,2029
2140,2073
2129,2041
2128,2033
2115,2065
2105,2060
2087,2041
2087,2051
2081,2059
2076,2072
2064,2084
2063,2040
2040,2041
2027,2037
2025,2027
2015,2083
2009,2067
2006,2040
1991,2066
1984,2063
1976,2076
1973,2077
1963,2064
1963,2071
1963,2040
1961,2065
1955,2039
1960,2056
1952,2080
1955,2069
1960,2056
1952,2021
1955,2040
1960,2044
1955,2019
1957,2024
1968,2063
1971,2057
1971,2045
1984,2057
1989,2029
1998,2056
2004,2075
2008,2057
2019,2061
2024,2067
2033,2063
2035,2046
2041,2021
2063,2040
2068,2072
2065,2043
2077,2039
2087,2032
2095,2093
2105,2040
2112,2057
2118,2071
2129,2078
2135,2072
2146,2053
2154,2053
2161,2043
2167,2029
2176,2067
2166,2066
2183,2063
2190,2057
2195,2060
2188,2023
2200,2060
2204,2025
2203,2065
2189,2027
2200,2076
2191,2007
2185,2071
2181,2079
2173,2029
2177,2059
2173,2028
2166,2063
2153,2073
2143,2023
2143,2053
2138,2058
2132,2072
2127,2036
2119,2047
2105,2063
2095,2021
2084,2039
2079,2056
2073,2057
2064,2030
2039,2077
2035,2035
2030,2035
2021,2059
2008,2029
2004,2047
1987,2037
1978,2063
1973,2051
1969,2074
1962,2076
1955,2072
1947,2084
1949,2060
1947,2028
1941,2017
1944,2034
1943,2072
1952,2036
1943,2063
1947,2033
1941,2052
1948,2065
1952,2079
1955,2025
1964,2013
1968,2058
1968,2029
1964,2054
1978,2039
1984,2041
1989,2063
1996,2072
2011,2052
2015,2040
2011,2053
2024,2063
2032,2058
2035,2029
2056,2071
2063,2036
2070,2073
2071,2015
2077,2069
2092,2075
2103,2018
2100,2051
2112,2053
2123,2041
2107,2056
2143,2038
2146,2025
2149,2055
2163,1987
2157,2046
2173,2024
2169,2037
2176,2063
2181,2030
2184,2056
2191,2065
2181,2015
2179,2015
2176,2057
2169,2055
2179,2071
2163,2031
2159,2057
2163,2055
2155,2043
2157,2052
2145,2015
2133,2053
2136,2067
2123,2028
2109,2028
2101,2020
2104,2071
2087,2037
2076,2074
2071,2074
2068,2039
2058,2075
2048,2078
2038,2063
2029,2068
2008,2056
2004,2054
2001,2056
1991,2043
1981,2063
1977,2044
1973,2022
1962,2077
1956,2067
1951,2044
1943,2075
1941,2025
1931,2056
1940,2056
1945,2071
1917,2071
1931,2067
1931,2027
1937,2041
1935,2055
1941,2035
1939,2033
1944,2067
1947,2055
1945,2046
1943,2055
1962,2085
1964,2035
1972,2063
1981,2044
1975,2017
1992,2003
1989,2043
1998,2075
2007,2063
2024,2071
2029,2019
2033,2065
2039,2039
2056,2072
2067,2019
2067,2063
2075,2039
2083,2068
2089,2079
2104,2063
2103,2052
2115,2033
2124,2023
2136,2069
2143,2043
2143,2039
2155,2060
2159,2056
2163,2065
2167,2068
2171,2063
2168,2071
2169,2066
2167,2039
2176,2027
2167,2038
2165,2067
2167,2017
2163,2056
2160,2071
2155,2033
2145,2055
2143,2028
2138,2039
2135,2071
2124,2032
2120,2077
2105,2037
2090,2039
2089,2013
2081,2055
2075,2093
2068,2043
2062,2071
2056,2023
2039,2075
2028,2043
2017,2079
2008,2072
2007,2082
1997,2066
1984,2063
1987,2048
1963,2046
1957,2037
1948,2029
1939,2071
1946,2065
1940,2037
1935,2066
1937,2048
1928,2063
1929,2037
1931,2039
1928,2083
1927,2024
1928,2053
1932,2057
1931,2077
1937,2055
1935,2069
1939,2048
1943,2064
1944,2032
1947,2007
1945,2021
1955,2071
1968,2060
1961,2045
1977,2043
1984,2060
1993,2057
2001,2036
2001,2027
2017,2056
2027,2035
2021,2047
2042,2020
2057,2015
2057,2096
2071,2056
2075,2047
2079,2045
2088,2019
2105,2056
2108,2052
2121,2076
2123,2041
2124,2041
2137,2067
2145,2026
2152,2087
2145,2042
2157,2044
2168,2065
2165,2076
2168,2041
2168,2019
2157,2039
2168,2063
2160,2005
2157,2024
2152,2021
2151,2035
2139,2058
2150,2039
2139,2028
2125,2071
2120,2032
2119,2063
2104,2019
2104,2071
2091,2059
2088,2019
2075,2055
2069,2069
2058,2088
2054,2040
2041,2076
2023,2057
2017,2055
2015,2041
2003,2056
1991,2063
1977,2055
1976,2063
1967,2069
1960,2039
1951,2066
1945,2075
1943,2056
1919,2008
1913,2067
1920,2068
1919,2057
1916,2071
1912,2060
1916,2042
1917,2043
1912,2059
1919,2076
1908,2063
1913,2020
1908,2092
1904,2051
1923,2065
1917,2033
1933,2019
1936,2080
1939,2044
1949,2083
1952,2019
1948,2054
1962,2042
1967,2042
1963,2044
1979,2072
2000,2090
2002,2052
2016,2051
2020,2068
2032,2076
2035,2048
2043,2025
2057,2015
2075,2048
2073,2043
2083,2053
2088,2032
2096,2055
2099,2073
2123,2040
2125,2051
2131,2053
2137,2043
2139,2034
2139,2060
2156,2055
2158,2041
2160,2067
2155,2074
2160,2035
2155,2054
2164,2053
2153,2081
2158,2091
2157,2057
2151,2044
2143,2073
2139,2068
2135,2025
2130,2035
2124,2037
2119,2015
2118,2024
2097,2052
2095,2071
2093,2025
2085,2027
2077,2052
2073,2071
2064,2053
2045,2055
2030,2067
2035,2064
2028,2074
2009,2066
2001,2040
1995,2047
1981,2056
1975,2055
1976,2076
1959,2017
1960,2027
1947,2035
1947,2055
1937,2053
1935,2084
1938,2041
1931,2040
1931,2047
1927,2037
1928,2058
1928,2035
1916,2035
1929,2063
1927,2074
1925,2039
1936,2019
1940,2070
1937,2063
1939,2036
1943,2076
1952,2056
1960,2042
1963,2041
1967,2055
1973,2043
1984,2021
1981,2072
2000,2019
2005,2053
2011,2041
2015,2069
2029,2039
2044,2070
2035,2057
2063,2063
2068,2019
2077,2057
2081,2057
2088,2063
2095,2011
2103,2074
2116,2075
2121,2072
2131,2021
2129,2068
2141,2064
2137,2061
2155,2027
2151,2047
2159,2040
2163,2063
2164,2044
2168,2055
2163,2060
2166,2063
2163,2072
2161,2037
2154,2055
2151,2091
2151,2037
2143,2093
2137,2080
2136,2029
2135,2023
2125,2042
2120,2065
2108,2072
2104,2039
2099,2067
2081,2056
2080,2061
2069,2035
2059,2063
2056,2041
2040,2077
2029,2070
2024,2063
2015,2039
2006,2034
1991,2044
1987,2083
1979,2054
1971,2059
1968,2068
1954,2040
1944,2068
1943,2063
1939,2048
1932,2072
1929,2057
1927,2023
1927,2069
1927,2048
1929,2064
1916,2033
1923,2077
1913,2038
1920,2062
1927,2068
1928,2079
1933,2032
1932,2041
1933,2051
1923,2091
1951,2076
1951,2077
1963,2032
1959,2063
1972,2079
1979,2041
1977,2071
1995,2059
2007,2076
2011,2039
2015,2079
2015,2021
2032,2030
2041,2033
2048,2055
2067,2075
2065,2055
2077,2077
2079,2059
2091,2