2140,1979
2155,2012
2150,1975
2148,2046
2147,2009
2141,2039
2135,2025
2141,2036
2143,2070
2139,2067
2125,2044
2131,1975
2128,2044
2120,2082
2121,2021
2107,2041
2099,2039
2099,2059
2100,2060
2092,2025
2091,2003
2077,2027
2078,1982
2071,2023
2071,1995
2055,2001
2057,2001
2037,2027
2028,2052
2024,2015
2015,2012
2015,2010
1999,2029
2004,2009
2001,2065
1993,2084
1996,2077
1991,2066
1991,2042
1979,2002
1990,2041
1985,2040
1976,2078
1975,2072
1966,2017
1968,2043
1968,2021
1959,2071
1969,2068
1964,2035
1975,2039
1974,2058
1980,2039
1976,2063
1981,2091
1993,2023
2001,2056
1996,2071
2010,2027
2016,1989
2015,2019
2027,2028
2022,2005
2025,1982
2031,2017
2040,2023
2047,2040
2055,2061
2055,2067
2063,2090
2071,2019
2075,2024
2088,2017
2099,2026
2100,2041
2116,2072
2119,2088
2124,2052
2127,2040
2136,2025
2137,2073
2137,2053
2143,2024
2143,2044
2138,2024
2150,2040
2145,2019
2131,2009
2144,2071
2136,2073
2136,2073
2140,2027
2140,2024
2136,2076
2125,2007
2129,2029
2129,2056
2120,2067
2115,1989
2119,2071
2115,2091
2107,2039
2112,2025
2101,2037
2092,2097
2093,2105
2080,2047
2080,2077
2074,2063
2059,2024
2063,2087
2063,2065
2046,2005
2044,2051
2033,2076
2033,2019
2029,2053
2027,2040
2024,2014
2019,1941
2015,1981
2016,2022
2009,2041
2007,2011
2011,1975
2006,2039
2006,2008
2001,2039
1993,2088
1995,2106
2001,2160
1999,2099
2008,2041
2020,2053
2008,2040
2019,2092
2019,2143
2023,2109
2032,2094
2029,2042
2039,2032
2040,2009
2046,1954
2066,2108
2063,2087
2063,2137
2071,2037
2083,1943
2083,1965
2086,1994
2090,2057
2104,2020
2105,1997
2119,2036
2123,2083
2103,2158
2133,2104
2125,2040
2131,2009
2147,1961
2148,1895
2156,1970
2149,2015
2147,1984
2147,2048
2159,1975
2155,2059
2149,2040
2167,2013
2163,1982
2161,2016
2180,2107
2168,2100
2173,2075
2167,2120
2168,1996
2154,1968
2151,1909
2152,1973
2147,2090
2133,1941
2138,2011
2131,2011
2129,1976
2127,1913
2115,1870
2107,1912
2108,2029
2104,2194
2102,2088
2094,2016
2094,1980
2086,1947
2071,1869
2075,1971
2067,2064
2052,2026
2043,2123
2025,2035
2029,1940
2032,2046
2023,2087
2024,2100
2017,2080
2014,1956
2007,1997
2003,2069
1995,2124
2006,2073
1993,2075
2003,2149
2007,2099
2001,2029
2005,1881
2005,1944
2008,1969
1996,1962
2006,2069
2004,2083
2016,2080
2015,2059
2010,2010
2021,2003
2018,1927
2012,1927
2025,2063
2030,2033
2028,2056
2037,1948
2051,2011
2053,2069
2063,1984
2069,2013
2067,2027
2077,2123
2077,2135
2088,2088
2085,2103
2091,2008
2095,2059
2085,2025
2113,2013
2113,2096
2107,2066
2124,2071
2120,2099
2121,2030
2138,2066
2139,2076
2144,2001
2137,2029
2147,1981
2151,2014
2147,2023
2148,2115
2160,2065
2149,2068
2149,2065
2158,2103
2151,2002
2155,2010
2143,1998
2146,2040
2144,2051
2143,2019
2143,2038
2133,2016
2134,1923
2122,1947
2123,1969
2112,2063
2104,2043
2107,1943
2095,1939
2085,1889
2087,2009
2082,2155
2073,2246
2072,2173
2058,2003
2065,1992
2055,2073
2047,2159
2041,2141
2031,2111
2026,2164
2025,2098
2024,2116
2005,2087
2008,1940
2013,1953
2001,1987
2007,2026
1999,2127
1993,1971
2003,2027
1992,2005
1993,1864
2006,2068
1980,2103
1994,1975
2003,2099
2001,2048
2013,2089
2015,2016
2003,1989
2018,2218
2029,2227
2024,2101
2039,1987
2032,1989
2035,1905
2039,1918
2040,1991
2056,2057
2048,2149
2055,2130
2063,1977
2065,1968
2079,2011
2071,2003
2093,2029
2080,2071
2089,2094
2103,2135
2101,2003
2105,1923
2125,1994
2118,2005
2140,1931
2139,2040
2115,2109
2144,2137
2133,2109
2141,2011
2155,2071
2149,2009
2158,2074
2161,2215
2152,2099
2155,2018
2149,1980
2148,2055
2152,2121
2155,2024
2155,1977
2153,2041
2143,2003
2129,1976
2140,2000
2135,2041
2122,2040
2123,2134
2122,2012
2105,1964
2108,2025
2104,2011
2101,2129
2104,2201
2086,2112
2087,2056
2083,2000
2075,1974
2071,2015
2057,2137
2060,2122
2063,2071
2045,1994
2044,1977
2027,2011
2027,2042
2021,2089
2007,2075
2015,2094
2009,2056
2008,2034
2011,1899
1999,1996
2004,2105
1997,2097
2004,2115
2007,2169
1992,2145
2005,2147
2001,2027
1992,1899
1998,1930
2000,2008
2003,2112
2012,2152
2007,2075
2009,2044
2021,2024
2023,2104
2022,1979
2024,2016
2041,2026
2037,2029
2040,2072
2048,2043
2039,2100
2044,2155
2055,2110
2073,2125
2077,2065
2080,2140
2084,2121
2092,2076
2093,1939
2099,1873
2092,1889
2094,1992
2108,1963
2106,2087
2115,2147
2127,2123
2125,2068
2133,1943
2129,2079
2136,2172
2148,2119
2139,2114
2152,1976
2148,1972
2137,1939
2136,2087
2143,2112
2138,2091
2135,2128
2129,2080
2130,1981
2132,1953
2131,1953
2122,2073
2120,1953
2107,1947
2102,1911
2108,1895
2099,1970
2091,1975
2104,2088
2100,2156
2075,2188
2088,2107
2078,2231
2072,2197
2066,2088
2043,1920
2045,1946
2028,2073
2040,2131
2033,2031
2026,1929
2020,2013
2018,2029
2003,1978
2008,1897
1993,1973
2004,2127
1995,2192
1991,2144
1996,2097
1984,2055
1980,2043
1976,2041
1971,2018
1995,2015
1993,1981
1990,1883
1993,1924
1987,1882
1989,1977
1989,2071
1989,2032
2011,2079
1998,2157
2011,2126
2009,2081
2012,1973
2007,1965
2011,2057
2019,2173
2035,2237
2027,2076
2040,1977
2030,1875
2036,1949
2042,1977
2055,2056
2056,2131
2071,2010
2082,1916
2091,1978
2099,2009
2096,2120
2103,2112
2104,2129
2107,2039
2112,2027
2119,2060
2121,2003
2129,2066
2135,2122
2143,2081
2131,2035
2136,2016
2133,1948
2127,1951
2139,2079
2144,2105
2142,2216
2152,2079
2144,1954
2139,1915
2141,2001
2139,1848
2119,1955
2133,1917
2129,1999
2117,1905
2127,2071
2121,2288
2105,2224
2091,2176
2088,2199
2091,2007
2080,1939
2079,1875
2079,2149
2072,2284
2063,2228
2066,1870
2065,1740
2056,1940
2037,2002
2033,2192
2033,1987
2024,2133
2026,2032
2017,2104
2023,1897
2001,1949
2009,1940
2005,2045
1997,2119
2016,2291
1996,2203
1995,2041
1999,2008
1994,2029
2007,2043
1991,2016
1988,1852
2004,2068
1990,2091
2004,2212
2013,2173
2007,2171
2003,2217
2001,2008
2012,1915
2030,1903
2024,1960
2032,1935
2025,1920
2035,2024
2033,2035
2027,1999
2048,1908
2063,1827
2054,2009
2067,2329
2077,2362
2079,2169
2080,1997
2080,1883
2089,1872
2082,1933
2088,2041
2107,2421
2109,2504
2120,2217
2127,1725
2120,1578
2119,1688
2120,1815
2117,1978
2125,2131
2137,2212
2143,2158
2151,1862
2144,1691
2139,2106
2143,2315
2146,2384
2131,2100
2159,2148
2144,2176
2133,1992
2139,1828
2136,1772
2128,1993
2117,2173
2107,2155
2103,1851
2111,1861
2103,1931
2100,2021
2109,2123
2088,2017
2089,1749
2081,2142
2078,2155
2075,2290
2079,1943
2071,2121
2071,2041
2060,1912
2048,2047
2051,1749
2043,1821
2023,1687
2039,1805
2024,2280
1997,2515
2008,2588
2013,2075
2009,1806
2013,1973
1997,1701
2010,2123
2023,2122
2017,2244
2003,1719
2008,2087
2005,2075
1999,2328
2007,2185
2008,2039
2013,2236
2004,2181
2004,1601
2005,1471
1989,1741
1997,1989
2024,2539
2028,2552
2027,2189
2041,1836
2033,2102
2043,2065
2064,1865
2048,1723
2056,1840
2027,1607
2066,1939
2073,2445
2083,2512
2083,2055
2085,1472
2084,1917
2083,2412
2087,2771
2103,2733
2104,1994
2101,1405
2148,1363
2112,1812
2124,2362
2123,2360
2125,2189
2120,2000
2117,2080
2138,2127
2142,1963
2140,1312
2141,1211
2131,1301
2119,1822
2123,2325
2119,2123
2139,2018
2127,1787
2136,2040
2147,2143
2120,2231
2127,2031
2103,1123
2100,1405
2104,1609
2090,2207
2104,2852
2088,2588
2071,2292
2075,1527
2075,1747
2071,1203
2034,2550
2063,2732
2053,1853
2029,1337
2062,1360
2028,1289
2025,2674
2041,2644
1995,2679
2029,1955
2017,1451
1977,1600
1997,1739
1993,2147
1961,2136
1981,1779
1978,1836
1975,2007
1989,2211
1971,2213
1964,2001
1977,2008
1974,2111
1990,2029
1989,2176
1983,2070
1999,1869
1997,2070
1980,1984
2020,1956
2010,2136
2023,2107
2035,2132
2017,2056
2027,1993
2035,2091
2024,1945
2060,1959
2053,2035
2056,1971
2072,1973
2071,2073
2077,2127
2088,2149
2091,2096
2097,2025
2104,2025
2098,1989
2112,1945
2129,2040
2117,2008
2123,2039
2143,2094
2136,2076
2133,2077
2140,2067
2139,2041
2152,2039
2157,2065
2158,2009
2155,1999
2148,1987
2157,2041
2159,2107
2151,2056
2152,1980
2167,2019
2160,2104
2153,2066
2149,2079
2144,2071
2135,2081
2135,2067
2121,2016
2117,2035
2128,2059
2127,2060
2119,2085
2108,2040
2106,2021
2097,2053
2085,2052
2091,2025
2086,2035
2073,2071
2065,2066
2056,2071
2052,2021
2029,1997
2024,2009
2005,1991
2017,2001
2003,2055
1979,2029
1997,2033
1994,2071
1981,2056
1983,2019
1982,2059
1978,2063
1977,2030
1979,2040
1981,2009
1972,2071
1975,2052
1975,2044
1963,2036
1976,2019
1962,2008
1974,2023
1957,2072
1971,2011
1964,2066
1965,2072
1988,2073
1988,2025
1992,2045
1993,2039
2001,2043
2003,2025
2007,2027
2020,2056
2019,2070
2029,2085
2021,2020
2027,2033
2056,2040
2046,2022
2043,1991
2059,2021
2055,2047
2059,2037
2070,2017
2074,2055
2075,1979
2071,2033
2087,2017
2089,2065
2087,2063
2093,2015
2091,2043
2099,2072
2101,2055
2108,2003
2109,2006
2103,2048
2109,2064
2115,2044
2103,2047
2103,2046
2104,2021
2099,2040
2089,2057
2097,2051
2093,2051
2092,2021
2082,2017
2080,2072
2078,2043
2071,2025
2059,2041
2065,2019
2063,2001
2057,2007
2053,2024
2039,2033
2035,2042
2033,2019
2025,2036
2017,2043
2023,2011
2011,2068
2010,2029
2012,2065
1991,2074
1989,2040
1993,2001
1981,2060
1976,2037
1981,2069
1980,2063
1973,2049
1959,2053
1967,2005
1959,2071
1971,2039
1961,2041
1965,2011
1968,1995
1971,2021
1959,2063
1969,2071
1971,2027
1975,2072
1978,2029
1969,2067
1982,2077
1992,2063
1989,2071
1997,2045
1997,2063
1996,2066
1998,2053
2009,2033
2003,2080
2001,2017
2014,2029
2015,2005
2018,2019
2023,2040
2028,2008
2035,2040
2044,2031
2039,2036
2055,2040
2065,2017
2068,2080
2072,2073
2080,2067
2080,2074
2088,2068
2087,2042
2079,2015
2094,2013
2097,2077
2096,2033
2101,1989
2104,2024
2099,2035
2108,2039
2107,2052
2108,2072
2108,2093
2109,2034
2107,2068
2121,2029
2103,2060
2105,2031
2103,2043
2103,2080
2104,2059
2099,2072
2090,2037
2085,2027
2087,2029
2072,2042
2084,2052
2077,2056
2071,2072
2063,2070
2063,2072
2065,2029
2062,2080
2053,2063
2045,2072
2043,2068
2043,2045
2035,2052
2027,2079
2021,2009
2024,2056
2024,2020
2011,2056
2014,2059
2007,2044
2008,2041
2010,2051
1993,2063
2005,2063
1996,2068
1995,2023
1995,2056
1996,2012
1989,2067
1991,2080
1999,2035
1992,2065
1991,2080
2003,2039
2003,2035
2001,2040
2012,2041
2010,2069
2015,2048
2011,2013
2015,2052
2028,2087
2019,2061
2035,2021
2033,2048
2035,2041
2053,1987
2043,2048
2055,2072
2063,2068
2072,2046
2069,2017
2080,2066
2076,2053
2067,2029
2104,2022
2099,2033
2104,2071
2115,2075
2110,2055
2114,2039
2135,2035
2137,2005
2143,2015
2139,2011
2144,2015
2139,2057
2156,2044
2153,2045
2162,2043
2160,2011
2154,2040
2158,2039
2160,2063
2145,2059
2157,2055
2152,2065
2152,2076
2148,1997
2133,2043
2143,2063
2140,2091
2138,2018
2122,2044
2125,2023
2127,2068
2120,2019
2115,2063
2109,2030
2099,2037
2097,2063
2091,2035
2075,2065
2079,2079
2069,2022
2063,2028
2056,2026
2041,2079
2027,2048
2037,2019
2024,2021
2024,2027
2019,2043
2007,2019
2007,2063
2002,2039
2000,2056
1999,2056
1995,2068
1981,2039
1984,2072
1988,2008
1979,2060
1990,2028
1977,2060
1977,2011
1977,2032
1981,2019
1976,2011
1971,2021
1981,2027
1975,2079
1995,2027
1991,2013
1996,2019
2008,2037
2007,2043
2015,2060
2009,2055
2025,2075
2021,2033
2025,2027
2033,2035
2043,2040
2055,2035
2057,2063
2056,2069
2065,2023
2074,2039
2073,2032
2074,2040
2087,2029
2092,2041
2097,2029
2103,2059
2105,2063
2123,2067
2115,2058
2121,2066
2125,2076
2125,2071
2129,2035
2123,2022
2142,2060
2137,2043
2136,2063
2137,2064
2135,2009
2140,2063
2133,2068
2131,2064
2125,2077
2121,2063
2117,2024
2116,2063
2112,2053
2109,2021
2107,2059
2101,2080
2089,2057
2092,1991
2088,2013
2077,2041
2071,2048
2068,2027
2063,2031
2058,2021
2043,2051
2043,2046
2029,2039
2029,2047
2019,2038
2016,2076
2016,2041
2021,2027
2011,2021
2008,2043
2001,2035
1997,2072
1987,2087
1989,2043
1987,2043
1978,2024
1984,2043
1977,2069
1983,2056
1984,2023
1991,2066
1992,2053
1988,2048
1992,2066
1979,2040
1995,2025
2000,2066
1993,2007
2008,2026
2013,2072
2008,2019
2003,2057
2023,2058
2031,1997
2022,2030
2029,2025
2041,2052
2035,2032
2041,1996
2063,2079
2071,2074
2067,2018
2075,2043
2077,2045
2088,2048
2093,2045
2089,2035
2111,2035
2107,2071
2110,2040
2120,2024
2117,2023
2135,2023
2136,2020
2136,2040
2137,2057
2147,2025
2144,2067
2148,2035
2147,2041
2152,2053
2153,2039
2155,2072
2148,2045
2143,2027
2143,2008
2149,2041
2141,2060
2143,2034
2141,2055
2143,2023
2136,2072
2131,2052
2116,2029
2119,2043
2117,2045
2117,2024
2107,2045
2107,2072
2085,2044
2088,2063
2087,2070
2073,2047
2075,2003
2071,2035
2057,2071
2041,2028
2044,2041
2024,1995
2021,2057
2024,2070
2024,2017
2015,2056
2015,2063
1997,2033
2001,2040
2001,2068
1993,2069
1991,2042
1987,2055
1984,1991
1983,2075
1983,2080
1979,2063
1975,2032
1975,2042
1976,2056
1976,2041
1979,2021
1987,2025
1978,2015
1976,2037
1995,2027
1984,2023
1999,2056
1999,2058
2000,2007
2007,2023
2010,2021
2012,2007
2016,2035
2011,2061
2027,2026
2025,2071
2032,2057
2029,2017
2039,2039
2045,2007
2063,2079
2063,2037
2063,1990
2068,2013
2079,2062
2076,2015
2083,2021
2094,2011
2091,2033
2107,2031
2101,2037
2108,2008
2119,2011
2117,2030
2117,2040
2127,2029
2117,2030
2123,2048
2135,2001
2117,2025
2128,2072
2127,2071
2120,2075
2115,2001
2120,2004
2112,2065
2107,2019
2110,2003
2115,2035
2100,2065
2106,2045
2099,2058
2094,2074
2081,2041
2085,2044
2077,2025
2065,2040
2072,2063
2055,2095
2053,2021
2053,2058
2040,2063
2030,2046
2033,2042
2017,2063
2015,2048
2012,2011
2011,2027
2005,2029
1997,2057
1981,2067
1993,2065
1983,2020
1979,2055
1975,2045
1980,2021
1969,2041
1975,2065
1971,2061
1966,2073
1973,2042
1975,2025
1964,2005
1973,2093
1980,2078
1978,2093
1973,2047
1984,2030
1975,2035
1983,2060
1995,2060
1988,2056
1991,2047
2003,2053
2003,2025
1995,2070
2007,2061
2009,2046
2011,2063
2029,2023
2028,2063
2039,2024
2035,1997
2043,2057
2057,2008
2071,2040
2076,2027
2073,2037
2080,2066
2083,2072
2095,2054
2089,2071
2101,2057
2112,2059
2111,2053
2126,2067
2125,2039
2123,2037
2129,2023
2131,2069
2133,2040
2133,2081
2136,2058
2140,2043
2136,2041
2139,2036
2140,2040
2137,2087
2129,2032
2136,2029
2134,2011
2123,2039
2132,2025
2123,2063
2119,2056
2122,2007
2119,2003
2108,2039
2101,2058
2099,2053
2089,2056
2087,2079
2089,2069
2086,2065
2078,2021
2067,2012
2067,2069
2068,2064
2056,2044
2054,2033
2053,2040
2040,2037
2038,2070
2035,2042
2025,2080
2011,2027
2015,1995
2009,2036
2001,2039
2007,2071
1999,2068
2007,2037
1999,2071
2002,2048
1993,2066
1999,2011
1995,2060
2001,2009
1991,2058
1993,2054
2007,2011
2003,2064
2005,2055
2010,2021
2016,2043
2016,2032
2018,2039
2018,2041
2024,2058
2028,2068
2027,2063
2033,2054
2037,2035
2040,2040
2056,2059
2057,2040
2074,2035
2067,2026
2074,2056
2085,2071
2092,2063
2100,2005
2099,2064
2097,2060
2111,2057
2105,2035
2123,2035
2127,2043
2124,2039
2131,2053
2139,2065
2136,2043
2146,2038
2151,2023
2151,2056
2157,2046
2153,2065
2156,2044
2157,2075
2155,2072
2149,2072
2159,2017
2151,2035
2156,2066
2143,2063
2143,2067
2137,2056
2145,2073
2140,2069
2135,2048
2128,2080
2129,2019
2107,2040
2121,2009
2101,2037
2103,2071
2098,2060
2085,2021
2085,2071
2075,2027
2069,2061
2070,2068
2063,2065
2043,2017
2051,2060
2043,2056
2039,2043
2028,2064
2022,2023
2017,2040
2009,2039
2003,2055
2011,2025
1995,2023
1989,2048
1999,2011
1989,2063
1993,2065
1984,2054
1989,2037
1989,2035
1977,2027
1989,2025
1979,2039
1984,2017
1987,2043
1988,2045
1999,2060
2003,2025
1999,2076
2001,2058
2007,2010
2009,2076
2011,2039
2017,2029
2020,2043
2024,2025
2023,2044
2027,2063
2037,2064
2052,1996
2052,2044
2056,2063
2064,2009
2059,2030
2069,2024
2079,2025
2083,2066
2084,2059
2091,2074
2089,2027
2105,2040
2108,2071
2105,2012
2109,2029
2120,2056
2128,2030
2136,2020
2127,2037
2135,2066
2134,2005
2131,2064
2131,2079
2133,2061
2139,2063
2142,2021
2139,2009
2136,2002
2124,2023
2117,2019
2123,2025
2119,2023
2118,2002
2107,2021
2105,2063
2104,2079
2102,2063
2100,2032
2091,2048
2087,2039
2081,2047
2072,2063
2076,2053
2067,2072
2063,2023
2063,2028
2062,2017
2041,2020
2035,2027
2024,2073
2030,2008
2015,2074
2011,2001
2015,2041
2007,2013
2000,2092
2003,2027
1999,2017
1999,2033
1989,2042
1996,2017
1997,2063
1995,2042
1980,2068
2001,2054
1990,2063
1977,2073
1989,2046
1999,2072
1995,2071
2003,2040
2009,2040
1997,2036
2007,2048
2009,2036
2013,2015
2020,2024
2023,2056
2035,2007
2027,2040
2029,2040
2042,2017
2043,2017
2056,2040
2063,2045
2071,2044
2076,2088
2081,2023
2088,2072
2087,2024
2085,2077
2097,2056
2106,2071
2108,2052
2111,2009
2108,2020
2113,2001
2129,2071
2123,2015
2136,2056
2139,2042
2135,2028
2143,2078
2143,2027
2137,2044
2143,2054
2148,1995
2137,2037
2143,2025
2139,2029
2137,2060
2137,2045
2139,2058
2132,2009
2125,2034
2128,2080
2117,2039
2115,2048
2120,2042
2115,2080
2115,2070
2105,2036
2099,2028
2097,2041
2095,2027
2089,2060
2071,2037
2077,2029
2073,2055
2065,2072
2063,2080
2056,2071
2044,2039
2036,2008
2027,2017
2029,2011
2021,2073
2024,2027
2020,2020
2009,2040
2007,2053
2012,2011
1995,2045
1996,2067
1992,2072
2001,2037
1993,2063
2003,2059
1998,2019
1992,2025
2001,2063
2004,2079
2003,2073
2005,2077
2001,2033
2003,2033
1997,2030
2005,2038
2014,2017
2009,2027
2011,2072
2031,2037
2025,2015
2030,2005
2025,2043
2038,2048
2044,2077
2045,2025
2053,2029
2055,2044
2065,2037
2075,2073
2076,2030
2074,2088
2086,2015
2075,2057
2088,2069
2093,2063
2101,2067
2096,2001
2105,2058
2112,2065
2108,2066
2120,2054
2122,2037
2104,2024
2124,2053
2125,2042
2131,2080
2135,2024
2131,2027
2129,2063
2131,2017
2135,2017
2125,2072
2128,2059
2122,2073
2120,2021
2120,2073
2120,2063
2105,2028
2106,2008
2089,2035
2095,2068
2100,2040
2093,2038
2075,2047
2080,2069
2069,2040
2071,2044
2066,2078
2061,2024
2056,2053
2040,2054
2044,2068
2032,2023
2023,2069
2022,2037
2020,2068
2007,2020
2005,2029
2001,2058
1996,2009
1989,2021
1977,2069
1982,2063
1979,2029
1971,2075
1981,2030
1971,2023
1979,2060
1971,2035
1975,2025
1968,2080
1978,2021
1968,2055
1976,2017
1979,2035
1969,2041
1977,2036
1979,2008
1977,2055
1993,2044
1996,1979
1991,2055
1999,2037
2008,2009
2012,2037
2016,2071
2013,2060
2021,2040
2028,2055
2028,2060
2033,2066
2040,2030
2054,2040
2057,2045
2067,2048
2068,2041
2073,2043
2070,2011
2076,2025
2077,2044
2085,2027
2091,2017
2096,2025
2099,2021
2104,2023
2099,2043
2097,2035
2118,2057
2109,2048
2120,2045
2124,2037
2122,2039
2124,2071
2117,2047
2115,2021
2115,2031
2121,2024
2111,1977
2111,2007
2105,2019
2111,2027
2103,2009
2103,2038
2106,2021
2100,2015
2089,2039
2089,2056
2087,2047
2086,2080
2075,2029
2073,2052
2065,2077
2055,2032
2065,2034
2057,2044
2039,2071
2040,2056
2029,2041
2032,2066
2029,2048
2027,2067
2016,2025
2008,2044
2002,1996
2003,2061
2003,2058
2002,2023
1999,2029
2001,2056
1995,2042
1997,2070
1996,2065
1998,2063
1988,2052
1993,2039
1995,2037
2002,2019
1991,2029
2000,2040
2008,2037
2005,2040
2001,2037
2007,2058
2015,2040
2024,2017
2008,2059
2027,2063
2029,2009
2038,2051
2040,2076
2047,2073
2055,2021
2063,2043
2071,2070
2076,2043
2080,2027
2077,2034
2080,2080
2093,2065
2100,2055
2104,2055
2106,2023
2105,2038
2118,2025
2121,2063
2129,2039
2126,2056
2140,2043
2138,2037
2137,2024
2151,2060
2143,2072
2150,2061
2156,2057
2151,2019
2158,2051
2155,2080
2155,2055
2149,2051
2152,2022
2150,2020
2148,2025
2151,2095
2145,2041
2144,2017
2139,2066
2136,2007
2134,2069
2127,2063
2124,2072
2116,2037
2108,2027
2108,2012
2107,2028
2094,2037
2094,2066
2088,2055
2080,2043
2082,2007
2067,2065
2057,2055
2063,2012
2055,2072
2051,2040
2046,2063
2037,2072
2035,2041
2027,2055
2029,2071
2027,2035
2010,2025
2017,2035
2009,2021
2012,2017
2021,2080
2012,2076
2012,2044
1999,2092
2015,2080
2011,2063
2006,2093
2005,2053
2006,2063
2019,2072
2014,2035
2016,2035
2024,2063
2029,2040
2027,2041
2032,2039
2029,2010
2035,2011
2044,2069
2056,2080
2063,2056
2059,2029
2068,2017
2072,2025
2075,2037
2080,2066
2087,2017
2086,2039
2086,2027
2100,2055
2104,2079
2103,2043
2109,2035
2109,2079
2117,2063
2121,2044
2129,2063
2132,2063
2133,2043
2136,2060
2142,2068
2140,2072
2148,2041
2143,2055
2143,2067
2139,2027
2147,2048
2139,2035
2151,2019
2132,2035
2141,2025
2138,2009
2136,2023
2136,2061
2123,2062
2123,2026
2124,2055
2113,2067
2109,2034
2108,2068
2107,2039
2091,2072
2093,2041
2089,2023
2089,2057
2071,2091
2076,2041
2067,2056
2063,2025
2048,2017
2037,2063
2038,2031
2031,2032
2017,2076
2025,2024
2022,2037
2012,2056
2004,2077
1996,2053
1999,2058
1995,2072
1982,2065
1995,2063
1995,2023
1987,2059
1987,2056
1981,2033
1979,2055
1989,2053
1977,2063
1989,2042
1989,2044
1987,2035
1995,2076
1995,2025
1995,2071
1992,2069
2000,2041
2006,2033
2015,2071
2015,2041
2009,2008
2021,2064
2025,2063
2030,2003
2039,2033
2034,2023
2047,2039
2053,2016
2061,2057
2071,2026
2071,2065
2081,2036
2074,2056
2081,2059
2085,2065
2092,2058
2099,2037
2104,2022
2110,2035
2120,2021
2116,2028
2124,2079
2123,2036
2131,2048
2121,2052
2129,2011
2135,2024
2133,2066
2144,2077
2133,2046
2137,2041
2143,2063
2139,2029
2135,2068
2136,2040
2135,2017
2136,2025
2127,2042
2131,2067
2115,2055
2123,2044
2105,2055
2105,2018
2103,2071
2091,2063
2097,2056
2092,2022
2083,2085
2079,2072
2077,2039
2067,2044
2068,2068
2063,2061
2051,2024
2035,2043
2031,2063
2035,2039
2027,2017
2011,2031
2017,2056
2012,2069
2003,2027
2007,2027
2001,2029
1993,2019
1995,2042
1989,2017
1991,2044
1993,2052
1988,2020
1984,2033
1976,2022
1989,2020
1979,2044
1984,2035
1995,2025
1993,2059
1992,2056
1991,2066
1980,2039
1991,2024
2007,2042
2008,2024
2015,2044
2013,2063
2019,2032
2023,2055
2037,2029
2029,1987
2041,2077
2044,2063
2059,2009
2052,2023
2059,2029
2063,2039
2071,2031
2077,2072
2080,2079
2090,2032
2092,2020
2099,2020
2101,2063
2106,2021
2103,2055
2107,2044
2126,2070
2131,2040
2119,2031
2135,2028
2123,2063
2127,2027
2137,2048
2137,2022
2139,2005
2133,2008
2140,2037
2134,2040
2139,2024
2132,2033
2134,2017
2119,2015
2125,2063
2115,2033
2117,2067
2121,2035
2108,2028
2108,2071
2100,2072
2091,2036
2091,2061
2092,2088
2083,2025
2073,2003
2067,2039
2055,2047
2057,2039
2056,2036
2044,2065
2037,2056
2023,2061
2029,2080
2024,2066
2020,2033
2014,2025
2001,2046
1991,2043
2001,2053
1993,2011
1977,2055
1993,2038
1988,2068
1979,2057
1982,2039
1975,2053
1980,2058
1976,2021
1979,2047
1969,2037
1971,2036
1974,2037
1989,2032
1984,2068
1989,2063
1991,2032
1979,2027
1981,2015
1989,2059
1996,2057
2007,2001
2011,2056
2008,2003
2008,2018
2015,2037
2023,2004
2021,2027
2035,2012
2037,2009
2051,2064
2055,2017
2055,2056
2069,2053
2068,2061
2080,2056
2077,2029
2085,2024
2091,2028
2095,2057
2096,2019
2103,2025
2109,2039
2108,2037
2119,2021
2115,1994
2125,2063
2127,2041
2134,2015
2135,2056
2131,2028
2136,2011
2135,1999
2137,2035
2123,2026
2131,2001
2128,2042
2127,2027
2131,2076
2126,2035
2119,2009
2118,2071
2116,2069
2110,2025
2105,2025
2099,2019
2093,2045
2096,2029
2085,2063
2088,2040
2081,2011
2066,2035
2068,2079
2063,2039
2060,1999
2043,2015
2035,2044
2032,2023
2029,2069
2026,2043
2026,2025
2010,2044
2016,2034
2005,2063
2008,2077
2005,2068
2004,2077
1992,2063
1995,2048
1994,2028
1991,2040
1992,2059
1991,2036
1999,2028
2004,2065
1995,2037
2004,2044
1995,2048
1993,2044
2001,2009
1998,2067
2008,2056
2015,2063
2020,2043
2019,2071
2025,2035
2030,2071
2028,2043
2035,2035
2040,2077
2056,2007
2056,2066
2065,2017
2063,2033
2075,2040
2080,2025
2080,2046
2089,2022
2101,2035
2103,2009
2104,2066
2119,2009
2129,2076
2112,2044
2133,2075
2135,2063
2136,2073
2143,2079
2151,2060
2143,1995
2151,2003
2154,2063
2157,2043
2160,2035
2160,2019
2164,2008
2167,2066
2163,2057
2160,2090
2160,2043
2157,2019
2151,2041
2151,2042
2151,2031
2144,2071
2144,2025
2142,2066
2137,2039
2131,2055
2133,2035
2127,2023
2122,2063
2116,2039
2104,2079
2100,2077
2092,2003
2085,2039
2090,2065
2084,2025
2065,2043
2065,2063
2065,2073
2063,2069
2056,2093
2030,2069
2039,2060
2035,2009
2029,2033
2019,2063
2024,2057
2011,2015
2011,2011
2009,2028
2006,2023
1996,2008
2008,2063
2000,2052
1996,2055
1989,2036
1999,2077
1995,2043
1999,2028
2002,2001
2006,2017
1997,2063
1997,2072
2011,2043
2004,2052
2007,2053
2016,2056
2019,2081
2024,2048
2025,2007
2035,2064
2032,2025
2037,2068
2041,2044
2040,2056
2055,2068
2064,2042
2071,2063
2072,2080
2078,2026
2085,2011
2092,2020
2088,2044
2096,2011
2100,2055
2102,2034
2110,2063
2108,2068
2122,2008
2121,2067
2121,2072
2123,2063
2129,2017
2130,2059
2129,2071
2132,2035
2136,2019
2140,2027
2131,2041
2136,2074
2128,2058
2132,2077
2127,2068
2125,2037
2120,2078
2117,2024
2104,2007
2110,2043
2105,2033
2099,2071
2100,2012
2090,2055
2095,2064
2087,2017
2075,2033
2067,2041
2072,2073
2067,2056
2063,2031
2051,2025
2039,2063
2044,2065
2036,2031
2022,2060
2019,2018
2018,2080
2012,2029
2001,2025
1998,2045
1993,2060
1997,2080
2001,2069
1987,2029
1977,2038
1975,2069
1978,2042
1975,2031
1981,2058
1973,2086
1976,2036
1977,2048
1981,2064
1980,2024
1977,2065
1978,2041
1981,2067
1987,1995
1978,2063
1989,2035
1985,2065
1999,2056
2003,2033
2003,2039
2011,2045
2011,2011
2015,2035
2021,2027
2020,2079
2032,2056
2041,2052
2042,2024
2052,2039
2063,2052
2070,2062
2063,2027
2072,2044
2072,2035
2086,2066
2093,2023
2091,2077
2097,1979
2112,2008
2109,2023
2115,2040
2124,2039
2125,2059
2123,2040
2128,2057
2128,2063
2135,2011
2127,2021
2136,2072
2136,2040
2135,2019
2123,2045
2132,2017
2139,2068
2134,2018
2123,1975
2129,2077
2119,2047
2112,2040
2122,2019
2119,2074
2103,2021
2100,2033
2096,2058
2087,2039
2096,2052
2091,2036
2087,2027
2077,2060
2073,2021
2063,2023
2057,2039
2052,2068
2057,2055
2044,2071
2037,2030
2033,2024
2025,2006
2027,2063
2018,1991
2015,2058
2011,2011
2010,2036
2008,2041
2005,2073
2007,2037
1992,2043
2000,2023
2000,2054
1994,2037
1999,2077
1992,2046
1995,2011
1995,2008
2001,2071
1992,2057
1995,2056
2001,2004
2008,2041
2015,2035
2009,2029
2024,1987
2024,2029
2021,2023
2027,2053
2029,2031
2035,2067
2039,2041
2047,2057
2061,2021
2056,2005
2065,2055
2075,2058
2078,2030
2086,2015
2091,2072
2091,2019
2096,1995
2107,2034
2103,2048
2104,2024
2124,2005
2120,2019
2128,2053
2131,2027
2129,2043
2129,2025
2143,2009
2140,2041
2137,2044
2145,2067
2136,2063
2140,2070
2139,2062
2146,2062
2135,2062
2137,2024
2133,2057
2140,1993
2129,2065
2136,2047
2124,2065
2127,2007
2123,2005
2115,2080
2115,2030
2099,2025
2104,2063
2099,2039
2087,2066
2080,2035
2088,2025
2080,2040
2075,2028
2067,2041
2067,2067
2058,2021
2038,2067
2039,2027
2027,2043
2033,2072
2026,2068
2019,2005
2013,2005
2013,2057
1999,2071
1994,2055
1995,2072
1994,2025
1995,2036
1992,2018
1992,2023
1973,2039
1989,2072
1988,2060
1981,2011
1988,2077
1984,2080
1979,2060
1984,2032
1999,2001
1988,2039
1988,2008
2004,2027
2008,2067
2007,2037
2008,2045
2014,2079
2015,2019
2015,2055
2027,1993
2034,2075
2038,2040
2029,2057
2041,2063
2039,2043
2063,2056
2065,2059
2071,2029
2065,2041
2067,2009
2075,2037
2079,2045
2089,2029
2087,2039
2094,2015
2109,2063
2105,2059
2116,2021
2120,2007
2119,2068
2124,2039
2134,2027
2123,2068
2138,2043
2135,2019
2131,2037
2119,2015
2129,2019
2133,2010
2132,2072
2130,2063
2128,2063
2123,2003
2124,2071
2120,2032
2122,2028
2116,2056
2110,2072
2109,2063
2103,2079
2107,2043
2098,2035
2094,2024
2086,2056
2080,2060
2081,2064
2077,2066
2071,2077
2063,2084
2052,2060
2056,2023
2040,2033
2042,2026
2031,2067
2035,2063
2018,2063
2025,2058
2016,2072
2012,2027
2011,2008
2005,2063
2009,2060
2000,2013
2008,2051
2003,2037
2003,2027
1997,2025
2004,2040
2007,2037
2001,2021
1993,2023
2000,2084
2007,2027
2003,2053
2011,2033
2010,2069
2023,2035
2012,2033
2023,2063
2020,1995
2035,2037
2027,2063
2035,2015
2036,2039
2055,2060
2043,2023
2057,2067
2067,2063
2076,2039
2079,2031
2074,2044
2086,2035
2091,2034
2099,2011
2099,2028
2109,2028
2110,1993
2116,2023
2117,2058
2120,2027
2131,2063
2131,2064
2130,2060
2144,2030
2139,1997
2152,2068
2136,2056
2147,2037
2149,2046
2152,2036
2152,2072
2147,2057
2152,1997
2147,2063
2136,2080
2146,2081
2139,2079
2141,2030
2135,2056
2135,2033
2132,2045
2117,2069
2117,2065
2115,2063
2118,2033
2100,2063
2101,2056
2106,2025
2099,2017
2090,2003
2075,2089
2075,2029
2075,2088
2071,2072
2059,2073
2054,2033
2057,2041
2029,2041
2035,2068
2035,2051
2032,2037
2018,2057
2011,2082
2014,2072
2017,2027
2010,2078
2004,2073
2011,2029
2005,2083
1999,2008
2000,2002
2001,2011
2008,2063
1996,2068
2008,2051
2001,2061
2009,2059
2007,2063
2008,2079
2010,2063
2010,2060
2017,2034
2017,2037
2012,2017
2028,2018
2028,2065
2031,2072
2023,2065
2035,2012
2041,2074
2040,2059
2040,2041
2057,2006
2063,2069
2074,2011
2076,2033
2078,2071
2080,2032
2092,2002
2097,2015
2092,2011
2099,2060
2104,2041
2109,2057
2112,2069
2125,2017
2122,2028
2132,2077
2123,2043
2135,2037
2135,2009
2123,2033
2126,2065
2143,2035
2140,2029
2137,2025
2130,2029
2129,2040
2132,2012
2136,1987
2128,2056
2128,2033
2123,2040
2123,2026
2120,2072
2112,2073
2104,2064
2107,2059
2104,2044
2102,2043
2090,2043
2081,2045
2075,2062
2074,2044
2076,2041
2057,2041
2059,2033
2043,2044
2046,2011
2040,2056
2027,2071
2025,2043
2027,2060
2022,2076
2019,2035
2005,2061
2008,2080
1996,2039
2003,2041
1993,2055
1996,2048
1998,2064
1992,2056
1982,2057
1987,2042
1991,2036
1992,2001
1981,2025
1989,2064
1982,2072
1992,2033
1997,2009
1991,2040
2001,2072
2003,2051
1999,2072
2003,2040
2012,2023
2012,2058
2011,2015
2015,2040
2019,2025
2024,2021
2027,2021
2047,2067
2053,2099
2047,2019
2063,2045
2066,2052
2079,2053
2073,2075
2088,1995
2084,2034
2092,2003
2101,2080
2104,2063
2103,2042
2116,2007
2115,2025
2117,2007
2132,2038
2119,2067
2121,2037
2139,2003
2143,2062
2137,2048
2139,2056
2137,2045
2137,2063
2139,2027
2145,2059
2132,2027
2129,2055
2137,2027
2131,2029
2136,2075
2134,2053
2119,2015
2123,2032
2120,2023
2112,2027
2111,2029
2104,2063
2101,2056
2087,2065
2088,2082
2088,2029
2071,1991
2071,2028
2067,2072
2063,2004
2056,2026
2051,2072
2043,2005
2043,2055
2034,2075
2019,2026
2017,2027
2016,2076
2012,2046
2004,2063
2004,2040
1989,2002
2003,2044
1997,2074
1999,2065
1990,2017
1977,2054
1992,2011
1989,2019
1981,2040
1992,2027
1992,2067
1995,2003
1992,2029
1996,2012
1996,2008
2002,2056
2005,2059
2008,2042
2015,2070
2016,2042
2016,2069
2024,2029
2024,2008
2033,2063
2037,2039
2035,2054
2033,2029
2033,2033
2063,2042
2063,2065
2068,2007
2075,2032
2065,2029
2076,1993
2086,2062
2088,2019
2087,2043
2092,2039
2101,2056
2094,2056
2112,2043
2115,2041
2120,2035
2135,2035
2126,2056
2131,2072
2138,2060
2129,2063
2137,2053
2129,2025
2139,2067
2131,2066
2137,2039
2123,2045
2125,2064
2135,2044
2130,2010
2130,2018
2124,2063
2122,2019
2115,2034
2112,2077
2110,2008
2103,2023
2100,2087
2100,2041
2091,2055
2080,2071
2091,2071
2079,2048
2070,2040
2063,2071
2056,2056
2057,2065
2037,2021
2041,2091
2032,2063
2031,2063
2025,2040
2019,2065
2015,2033
2008,2027
2003,2067
2001,2074
2001,2054
1994,2071
2001,2063
1992,2041
1992,2056
1980,2064
1991,2023
1975,2026
1992,2020
1984,2019
1982,2071
1989,2088
1996,2041
1992,2052
1991,2044
1992,2057
1995,2046
2007,2067
2005,2036
2012,2063
2012,2085
2016,2025
2020,2034
2022,2063
2028,2009
2035,2021
2039,2077
2041,2017
2045,2063
2067,2027
2063,2056
2072,2027
2067,2083
2072,1993
2083,1999
2089,2043
2089,2076
2089,2036
2101,2074
2115,2067
2105,2035
2115,2041
2122,2015
2104,2033
2129,2017
2137,2041
2136,2064
2124,2054
2142,2020
2124,2055
2139,2025
2138,2063
2131,2043
2136,2039
2136,2041
2136,2011
2137,2073
2127,2063
2123,2063
2127,2017
2127,2078
2116,2009
2117,2060
2107,2046
2105,2042
2093,2028
2084,2067
2089,2055
2089,2043
2089,2080
2080,2013
2067,2080
2067,2035
2063,2080
2051,2063
2035,2078
2043,2029
2032,2063
2032,2004
2023,2015
2019,2072
2022,2023
2012,2063
2003,2057
2005,2072
2003,2055
1995,2025
2004,2072
2001,2079
1993,2072
1991,2023
1999,2008
1995,2080
1997,2072
1993,2065
1990,2071
1996,2043
1999,2053
1999,2017
2003,2089
2008,2057
2012,2077
2007,2043
2003,2045
2018,2001
2025,2014
2021,2063
2030,2077
2035,2059
2040,2042
2047,2037
2052,2027
2066,2064
2072,2058
2068,2072
2078,2018
2073,2024
2090,2009
2090,2042
2089,2068
2096,2040
2106,2069
2115,2067
2113,2055
2119,2019
2119,1995
2135,2055
2136,2011
2136,2069
2140,2080
2144,2063
2145,2058
2151,2075
2147,2031
2147,2033
2147,2037
2151,2027
2145,2056
2145,2069
2144,2063
2145,2033
2142,2027
2139,2079
2141,2069
2131,2075
2124,2008
2126,2029
2123,2017
2108,2048
2105,2071
2103,2063
2097,2048
2088,2059
2096,2063
2084,2021
2087,2063
2075,2023
2076,2040
2067,2040
2069,2039
2053,2028
2039,2065
2041,2075
2037,2073
2028,2061
2023,2052
2025,2055
2024,2077
2015,2060
2009,2075
2010,2088
2007,2012
2004,2027
1995,2040
1997,2072
1993,2063
1993,2041
1999,2033
2003,2080
1996,2011
2007,2072
2009,2032
1995,2032
2009,2040
2003,2060
2004,2071
2015,2055
2008,2046
2025,2044
2028,2039
2028,2074
2030,2011
2040,2004
2051,2041
2044,2043
2063,2047
2067,2005
2068,2047
2076,2066
2083,2042
2085,2036
2089,2033
2091,2067
2096,2035
2103,2039
2104,2035
2109,2053
2123,2024
2124,2027
2123,2036
2128,2024
2136,2008
2126,2028
2143,2058
2143,2043
2144,2027
2149,2080
2149,2030
2151,2017
2149,2042
2156,2007
2151,2040
2149,2071
2151,2071
2147,2065
2137,2048
2131,2021
2145,2021
2141,2045
2127,2041
2131,2023
2123,2055
2127,2043
2119,2028
2112,2042
2109,2013
2107,2011
2085,2019
2091,2080
2081,2033
2079,2041
2071,2047
2073,2066
2059,2029
2058,2003
2055,2043
2029,2015
2038,1994
2027,2029
2021,2080
2024,2024
2023,2061
2008,2063
2016,2035
2006,2048
1993,2029
2003,2056
2006,2055
2008,2062
1994,2043
1987,2041
1996,2030
2000,2063
1988,2036
1987,2027
1999,2072
1998,2032
1997,2047
2003,2032
2005,2037
2004,2005
2009,2023
2010,2037
2013,2015
2017,2013
2024,2056
2027,2005
2025,2052
2029,2003
2032,2041
2033,2056
2054,2040
2059,2045
2058,2020
2071,2010
2072,2048
2071,2018
2079,2048
2084,2072
2077,1997
2083,2047
2095,2023
2104,2057
2093,2071
2108,2010
2112,2071
2112,2063
2118,2040
2129,2063
2126,2019
2121,2063
2125,2045
2125,2027
2131,2021
2120,2067
2123,2048
2139,2060
2121,2063
2117,2056
2126,2027
2120,2067
2123,2044
2112,2056
2103,2015
2101,2045
2103,2026
2098,2023
2093,2039
2090,2055
2080,2031
2080,2043
2074,2056
2071,2064
2058,2023
2044,2070
2041,2047
2039,2042
2037,2025
2026,2055
2033,2009
2022,2017
2018,2030
2019,2029
2008,2043
2008,2039
2004,2057
1987,2076
1995,2045
1990,2045
1984,2074
1987,2026
1975,2029
1983,2043
1987,2063
1973,2065
1977,2030
1977,2033
1983,2001
1976,2035
1978,2069
1984,2058
1987,2048
1981,2019
1999,2075
1995,2045
1996,2073
2006,2003
1995,2040
2011,2029
2013,2035
2011,2017
2024,2068
2035,2017
2039,2013
2035,2029
2044,2039
2054,2053
2058,2076
2065,2045
2069,2069
2077,2067
2080,2060
2075,2069
2081,2048
2087,2063
2095,2025
2097,2064
2105,2021
2121,2013
2115,2035
2127,2048
2119,2045
2122,2043
2120,2022
2133,2045
2135,2015
2123,2035
2128,2054
2135,2041
2133,2035
2137,2064
2143,2027
2143,2039
2132,2040
2133,2028
2130,2058
2132,2009
2119,2029
2117,2013
2113,2020
2109,2025
2105,2029
2104,2037
2100,2009
2097,2037
2091,2030
2095,2053
2075,2048
2074,2055
2071,2045
2067,2091
2063,2044
2060,2029
2048,2023
2040,2005
2035,2061
2031,2056
2026,2075
2023,2023
2015,2053
2015,2033
2007,2064
2005,2067
2006,2064
2007,2055
2004,2069
2009,2068
1991,2025
1993,2066
1997,2072
1991,2063
1995,2015
1997,2066
2003,2025
2004,2069
2009,2035
2012,2060
2010,2035
2009,2071
2027,2063
2015,2075
2023,2033
2030,2074
2031,2028
2029,2032
2039,2042
2053,2040
2053,2061
2063,2048
2068,2052
2071,2071
2074,2026
2077,2064
2073,2053
2085,2067
2087,2048
2103,2023
2102,2031
2109,2001
2115,2035
2117,2043
2123,2023
2119,2033
2123,2044
2132,2066
2135,2054
2141,2055
2139,2027
2138,2086
2148,2038
2150,2011
2137,2067
2153,2067
2148,2025
2144,2024
2147,2018
2144,2020
2135,2015
2137,2045
2134,2055
2132,2060
2131,2041
2124,2009
2119,1997
2115,2037
2116,2029
2113,2022
2107,2017
2100,2039
2099,2071
2093,1997
2084,2067
2080,2068
2067,2071
2065,2077
2066,2056
2058,2052
2048,2035
2045,2071
2038,2055
2030,2009
2028,2021
2030,2065
2015,2071
2016,2055
2011,2048
2012,2015
2007,2009
2009,2047
1991,2071
2001,2037
2000,2042
1989,2071
1981,2071
1994,2066
1997,2072
1996,2069
1989,2041
1991,2069
1995,2076
1997,2071
2004,2011
2011,2036
2015,2057
2013,2015
2015,2053
2011,2056
2018,2037
2025,2053
2025,2040
2029,2080
2024,2071
2038,2025
2048,2028
2057,2060
2055,2083
2063,2056
2067,2065
2079,2055
2075,2067
2080,2041
2091,2056
2092,2027
2087,2026
2107,2017
2104,2019
2109,1998
2115,2005
2109,2068
2124,2066
2121,2004
2130,2011
2132,2067
2129,2075
2134,2045
2137,2038
2139,2089
2140,2072
2135,2053
2131,2066
2119,2025
2132,2011
2127,2071
2128,2025
2124,1999
2120,2080
2108,2047
2105,2061
2109,2060
2101,2071
2083,2060
2091,2045
2091,2043
2074,2053
2078,2068
2076,2061
2072,2044
2069,2038
2056,2013
2056,2063
2053,2036
2039,2053
2026,2070
2023,2041
2020,2017
2016,2008
2013,2033
2010,2063
2007,2019
2006,2053
2008,2052
1988,2080
1994,2065
1997,2045
1995,2027
1993,2065
1994,2030
1995,2041
1979,2059
1984,2040
1993,2021
1994,2057
1996,1997
1989,2019
1989,2057
2006,2067
1996,2087
2007,2093
2010,2019
2017,2019
2007,2017
2016,2027
2023,2058
2027,2009
2024,2056
2040,2021
2041,2040
2060,2033
2060,2077
2069,2037
2065,2019
2078,2010
2079,2019
2081,2013
2081,2023
2101,2007
2104,2021
2102,2019
2099,2018
2109,2009
2122,1999
2129,2034
2131,2042
2122,2060
2143,2023
2135,2063
2141,2021
2137,2069
2143,2045
2139,1993
2139,2040
2144,2027
2143,2047
2140,2010
2139,2020
2143,2069
2141,2066
2129,2045
2138,2067
2126,2017
2128,2013
2125,2041
2112,2051
2115,2072
2108,2011
2097,2003
2100,2063
2093,2011
2093,2020
2083,2011
2081,2071
2076,2033
2067,2038
2058,2017
2055,2030
2054,2071
2042,2080
2039,2020
2032,2063
2032,2024
2019,2029
2019,2072
2015,2074
2013,2027
2010,2041
2001,2068
1993,2040
2001,2063
1993,2044
1999,2039
1999,2044
1995,2048
1997,2041
1999,2035
1994,2023
1988,2063
1989,2067
1997,2052
1995,2037
1997,2011
2003,2030
2015,2069
2016,1997
2015,2038
2009,2057
2024,2045
2021,2071
2029,2011
2032,2022
2036,2061
2036,2032
2051,1989
2039,2067
2055,2005
2063,2073
2071,2071
2074,2056
2075,2072
2080,2037
2092,2028
2091,2044
2097,2029
2093,2072
2099,2044
2107,2057
2112,2046
2120,2024
2124,2036
2129,2056
2128,2004
2132,2020
2127,2058
2136,2066
2136,2073
2140,2005
2133,2036
2135,2037
2136,2063
2133,2048
2129,2052
2136,2034
2129,2023
2125,2071
2120,2015
2115,2027
2105,2048
2104,2080
2092,2064
2103,2064
2091,2063
2091,2044
2090,2011
2079,2075
2076,2042
2072,2042
2056,2068
2056,1995
2055,2041
2043,2040
2039,2036
2029,2055
2032,2023
2023,2021
2019,2043
2024,2046
2008,2019
2007,2047
2005,2015
1989,2065
1994,2064
1984,2025
1992,2038
1992,2027
1989,2060
1976,2059
1984,2005
1976,2025
1980,2080
1988,2068
1988,2040
1992,2021
1989,2040
1989,2073
1997,2033
1997,2065
2002,2036
1997,2021
1997,2044
2004,2048
2008,2072
2025,1995
2023,2040
2023,2040
2025,2011
2037,2062
2042,2027
2053,2028
2043,2071
2057,2019
2053,2021
2068,2009
2071,2037
2080,2019
2076,2039
2085,2039
2095,2005
2091,2020
2101,2075
2103,2040
2117,2076
2113,2060
2119,2018
2126,2051
2129,2069
2137,2037
2131,2031
2127,2055
2139,2040
2136,2028
2136,2031
2140,2036
2128,2072
2133,2059
2131,2040
2131,2029
2131,2017
2126,2034
2124,2035
2120,2039
2119,2072
2112,2044
2112,2050
2107,2029
2098,2059
2100,2060
2091,2005
2087,2040
2088,2020
2080,2063
2067,2076
2071,2071
2067,2031
2060,2067
2056,2028
2040,2056
2039,2071
2027,2073
2029,2078
2028,2040
2021,2056
2016,2045
2015,2063
2006,2025
2004,2058
1997,2046
1995,2019
1997,2019
1991,2071
1993,2064
1995,2074
1995,2043
1994,2076
2003,2084
1995,2039
1999,2040
2007,2035
1997,2035
2004,2090
2003,2035
2004,2003
2008,2024
2016,2071
2023,2063
2023,2037
2024,2037
2032,2057
2025,2080
2039,2057
2051,2063
2056,2042
2057,2071
2059,2017
2072,2008
2071,2060
2075,2036
2088,2044
2092,2073
2096,2041
2096,2063
2102,2021
2107,2061
2105,2043
2120,2057
2119,2071
2120,2018
2135,2060
2109,2017
2129,2047
2137,2025
2137,2076
2141,2079
2135,2056
2147,2019
2153,2015
2143,2066
2147,2023
2144,2021
2135,2015
2132,2035
2141,2024
2134,2009
2128,2066
2128,2067
2129,2044
2115,2037
2119,2022
2112,2084
2107,2047
2109,2039
2103,2023
2087,2079
2087,2072
2089,2080
2085,2054
2067,2063
2065,2081
2065,2072
2063,2078
2057,2054
2052,2058
2043,2039
2038,2056
2021,2035
2026,2056
2015,2058
2007,2027
2016,2066
2009,2053
2008,2056
2008,2071
1997,2072
2004,2017
2005,2044
1999,2027
1995,2019
2004,2071
2004,2043
2008,2007
2008,2012
2008,2055
2011,2056
2005,2003
2007,2033
2015,2042
2008,2055
2015,2057
2023,2032
2025,2048
2027,2046
2035,2035
2031,2020
2040,2078
2048,2039
2063,2044
2053,2020
2065,2036
2072,2056
2077,2063
2079,2047
2087,2011
2092,2020
2087,2055
2093,2044
2100,2039
2104,2066
2112,2055
2117,2057
2116,2040
2117,2057
2123,2043
2131,2023
2135,2063
2127,2005
2131,2017
2148,2017
2139,2044
2145,2069
2136,2035
2155,2020
2145,1997
2136,2063
2140,2051
2136,2023
2131,2004
2131,2074
2131,2028
2128,2031
2121,2036
2117,1992
2115,2029
2111,2059
2104,2080
2094,2029
2095,2027
2089,2007
2076,2053
2083,2048
2071,2029
2069,2023
2057,2029
2063,2023
2057,2065
2033,2037
2037,2080
2040,2039
2023,2048
2024,2066
2024,2056
2015,2015
2011,2028
1995,2066
2003,2043
1992,2054
1993,2048
1995,2009
1992,2027
1993,2036
1991,2029
1992,2008
1991,2025
1984,2027
1995,2009
1987,2022
1983,2071
2008,2027
1996,2037
1991,2071
2000,2060
2005,2040
2003,2033
2011,2028
2016,1997
2016,2080
2019,2033
2027,2025
2027,2065
2035,2065
2041,2063
2041,2063
2048,2007
2056,2028
2056,2055
2072,2019
2075,2056
2076,2048
2080,2043
2087,2025
2093,2015
2095,2064
2097,2056
2108,2056
2108,2063
2120,2011
2120,2045
2122,2089
2130,2027
2119,2056
2128,2062
2129,2058
2140,2048
2131,2018
2136,2027
2133,2011
2137,2035
2133,2072
2136,2040
2129,2072
2127,2070
2131,2047
2119,2063
2122,2037
2120,2053
2108,2068
2102,2079
2107,1993
2097,2053
2100,2074
2088,2030
2087,2080
2080,2048
2073,2060
2073,2064
2072,2009
2057,2040
2055,2067
2035,2024
2027,2037
2039,2053
2028,2075
2031,2068
2019,2030
2015,2027
2007,2053
2008,2024
1997,2052
2001,2044
1989,2044
1996,2011
1987,2057
1989,2029
1992,2042
1987,2025
1987,2048
1993,2069
1981,2063
1997,2076
1994,2089
1996,2025
1979,1995
1989,1994
1994,2039
1996,2029
2009,2048
2013,2039
2003,2035
2005,2057
2009,2038
2013,2035
2023,2006
2032,2064
2036,2025
2039,2021
2041,2023
2057,2073
2056,2029
2065,2037
2076,2009
2076,2064
2075,2029
2074,2058
2089,2053
2091,2053
2097,2063
2104,2023
2103,2048
2112,2038
2107,2045
2115,2065
2123,2043
2128,2041
2129,2045
2129,2032
2136,2062
2138,2020
2133,2077
2139,2075
2134,2067
2140,2072
2136,2044
2127,2071
2133,2071
2121,2033
2121,2021
2124,2021
2120,2080
2115,2027
2108,2027
2109,2077
2116,1997
2099,2002
2097,2009
2093,2063
2088,2044
2084,2071
2081,2011
2071,2039
2071,2054
2055,2071
2059,2066
2043,2063
2052,2019
2039,2059
2033,2076
2029,2063
2028,2030
2011,2011
2011,2080
2012,2068
2012,2057
2005,2042
2003,2090
2000,2055
1995,2012
1994,2007
1991,2058
2000,2031
1994,2048
1992,2063
1987,2048
1996,2025
1996,2031
1993,2047
2000,2063
1989,2037
2003,2015
1996,2033
2008,2066
2013,2057
2011,2048
2012,2064
2021,2063
2024,2038
2025,2019
2028,2080
2029,2059
2033,2045
2043,2055
2043,2024
2057,2044
2069,2066
2068,2023
2068,2011
2082,2048
2084,2032
2081,2048
2097,2065
2099,2035
2099,2051
2115,2071
2109,2045
2117,2015
2121,2007
2124,2044
2127,2064
2127,2071
2122,2001
2139,2065
2138,2030
2137,2044
2139,2011
2141,2028
2136,2062
2135,2080
2135,2035
2135,2048
2132,2080
2109,2047
2124,2044
2122,2052
2120,2072
2121,2057
2103,2044
2104,2040
2107,2039
2100,2067
2096,2063
2091,2046
2080,2063
2073,2035
2079,2052
2063,2015
2065,2040
2064,2035
2055,2034
2035,2035
2035,2087
2030,2077
2029,2043
2028,2037
2020,2063
2011,2072
2008,2032
2009,2023
2002,2055
2002,2069
1997,2055
2000,2056
1971,2056
1987,2023
1991,2072
1997,2072
1992,2024
1989,2069
1996,2056
1997,2035
1995,2017
1999,2030
1991,2040
1991,2058
1996,1989
1995,2076
2006,2056
2015,2041
2017,2024
2021,2013
2013,2035
2031,2037
2029,2087
2029,2039
2045,2072
2045,2041
2055,2001
2065,2063
2063,2035
2075,2029
2073,2031
2080,2057
2091,2045
2095,2035
2089,2002
2109,2017
2114,2017
2112,2003
2115,2067
2123,2043
2135,2047
2136,2045
2136,2025
2148,2004
2140,2070
2148,2053
2139,2056
2140,2027
2145,2027
2148,2037
2148,2057
2145,2009
2150,2044
2139,2072
2145,2070
2137,2037
2145,2011
2133,2007
2136,2001
2129,2025
2125,2044
2125,2052
2120,2069
2105,2032
2099,2063
2106,2029
2100,2011
2089,2003
2095,2064
2077,2030
2082,2021
2065,2041
2072,2025
2065,2017
2063,2057
2041,2067
2039,2063
2036,2064
2033,2056
2032,2021
2026,2033
2001,2033
2007,2063
2013,2042
2006,1995
2009,2008
1997,2019
2008,2063
2002,2045
2003,2076
1995,2057
2004,2010
1999,2037
2005,2060
2004,2053
2008,2047
2002,2032
2008,2055
1999,2024
2018,2011
2021,2078
2021,2067
2026,1989
2025,2043
2024,2039
2038,2065
2039,2041
2054,2033
2056,2013
2055,2029
2068,2017
2063,2027
2073,1997
2075,2047
2088,2005
2083,2063
2089,2053
2103,2038
2099,2032
2101,2005
2115,2021
2103,2043
2124,2058
2127,2038
2127,2029
2127,2031
2140,2037
2144,2040
2144,2042
2139,2026
2149,2075
2141,2063
2144,2056
2151,2039
2153,2027
2156,2063
2139,2008
2135,2071
2144,2030
2146,2007
2140,2066
2136,2035
2127,2042
2121,2043
2128,2024
2116,2034
2120,2075
2107,2070
2107,2031
2096,2034
2096,2039
2093,2041
2088,2067
2075,2059
2079,2032
2063,2007
2063,2019
2067,2057
2054,2043
2053,2063
2036,2039
2031,2042
2022,2031
2025,2068
2017,2080
2007,2073
2011,2011
2008,2068
2004,2059
1998,2075
1998,2023
1987,2037
1995,2040
1993,2055
1984,2068
1991,2045
1988,2043
1989,2023
1998,2080
1993,1995
1990,2027
2003,2072
1992,2063
1999,2056
1996,2055
2009,2028
2004,2080
2005,2041
2012,2008
2019,2075
2021,2017
2035,2025
2035,2028
2044,2015
2044,2017
2061,2023
2053,2053
2053,2017
2063,2061
2073,2054
2079,2047
2080,2051
2092,2067
2097,2035
2092,2040
2093,2056
2105,2026
2109,2075
2104,2029
2120,2039
2127,2067
2127,2057
2132,2055
2131,2028
2129,2060
2129,2031
2133,2047
2132,2036
2136,2200
2135,2109
2136,1999
2128,2096
2122,2129
2113,2252
2121,2202
2120,2001
2119,1901
2127,1804
2121,2020
2129,2033
2123,2136
2136,2055
2131,2024
2135,1998
2123,2035
2123,2079
2108,2064
2093,2027
2087,1969
2095,2015
2077,2021
2067,2075
2056,2055
2040,2059
2037,2071
2024,2037
2017,2093
2022,2039
2011,2042
2011,2087
2003,2065
2011,2080
2013,2027
2011,2003
2016,1993
2011,1981
2007,2018
1995,2047
2001,2063
2001,2071
1977,2065
1983,2055
1977,2015
1977,2040
1983,2055
1982,2007
1972,2059
1987,2065
1989,2025
1991,2030
1987,2041
1997,2011
2008,2040
2013,2021
2020,2037
2015,2058
2033,2021
2025,2043
2033,2024
2035,2042
2044,2019
2033,2047
2056,2039
2040,2063
2043,2029
2063,2055
2076,2040
2083,2043
2087,2088
2096,2075
2103,2080
2099,2043
2105,2036
2105,1992
2103,1990
2099,2004
2103,2015
2105,2035
2109,2055
2111,1987
2116,2079
2131,2045
2136,2012
2137,2089
2143,2057
2152,2076
2149,2040
2151,2043
2153,2009
2150,2057
2144,2028
2135,2035
2127,2036
2123,2025
2115,2043
2100,2072
2097,2066
2098,2017
2080,2025
2084,2015
2082,2051
2074,2036
2074,2025
2077,2056
2068,2030
2071,2011
2071,2037
2069,1999
2069,2069
2064,2046
2063,2039
2043,2071
2027,2047
2021,2041
2015,2066
2011,2056
2008,2058
1999,2030
1982,2051
1993,2072
1993,2026
1992,2025
1992,2044
1988,2067
1988,2064
2004,2052
2004,2063
2007,2063
2009,2088
2018,2080
2024,2027
2017,2072
2019,1992
2020,2063
2021,2077
2020,2043
2027,2044
2025,2037
2019,2058
2025,2073
2029,2076
2033,2064
2040,2023
2044,2063
2045,2065
2065,2093
2070,2063
2073,2075
2083,2061
2101,2018
2091,2063
2104,2037
2105,2071
2119,2066
2121,2063
2131,2057
2144,2041
2139,2064
2139,2028
2137,2033
2152,2021
2152,2051
2157,2077
2157,2069
2167,2080
2160,2075
2165,2077
2153,2025
2157,2030
2160,2024
2157,2071
2144,2074
2144,2064
2140,2043
2138,2068
2135,2059
2129,2088
2129,2039
2129,2039
2132,2047
2125,2044
2122,2030
2119,2064
2109,2105
2103,2065
2093,2069
2092,2065
2079,1989
2072,2043
2063,2009
2043,2040
2041,2035
2035,2037
2040,2029
2029,2035
2027,2074
2023,2011
2020,2061
2017,2021
2013,2066
2015,2065
2012,2025
2020,2019
2011,2063
2014,2046
2013,2075
2008,2071
2003,2027
1999,2019
1996,2043
1995,2075
1993,2060
1989,2044
1991,2044
1986,2036
1996,2065
2003,2065
2008,2004
2014,2077
2018,2041
2019,2033
2015,2059
2026,2015
2051,2063
2045,2037
2040,2041
2066,2031
2066,2027
2067,2057
2067,2041
2078,2029
2077,2071
2073,2055
2075,2057
2096,2029
2103,2076
2095,2091
2105,2048
2109,2069
2109,2093
2121,2074
2137,2067
2137,2068
2144,2069
2146,2072
2151,2046
2149,2025
2152,2064
2147,2083
2159,2089
2154,2085
2159,2036
2157,2068
2159,2055
2161,2023
2151,2017
2146,2033
2136,2043
2140,2029
2123,2039
2132,2036
2129,2056
2127,2043
2116,2033
2109,2075
2115,2085
2104,2054
2098,2037
2104,2061
2087,2032
2092,2027
2085,2063
2088,2056
2075,2031
2065,2020
2069,2017
2059,2074
2051,2025
2056,2057
2040,2024
2033,2033
2031,2041
2023,2080
2015,2064
2013,2029
2008,2036
2015,2008
2008,2019
2016,2011
2017,2017
2012,2063
2008,2043
2011,2035
2020,2037
2011,1980
2011,1975
2012,2011
2010,2044
2017,2051
2023,2029
2011,2037
2019,1993
2021,1982
2023,2037
2021,2069
2031,2056
2032,2076
2033,2047
2035,2031
2034,2035
2036,2019
2059,2032
2051,2058
2069,2032
2066,2080
2073,2080
2071,2071
2080,2045
2076,2065
2088,2027
2096,2064
2091,2059
2093,2063
2106,2021
2111,2013
2115,2032
2117,2063
2127,2043
2127,2045
2136,2019
2131,2060
2125,2056
2124,2048
2123,2037
2132,2031
2129,2075
2131,2076
2131,2019
2131,2023
2124,2063
2129,2048
2128,2027
2128,2009
2135,2026
2119,2028
2121,2040
2117,2055
2110,2043
2109,2029
2101,2027
2093,2024
2096,2024
2094,2008
2083,2079
2083,2071
2081,2075
2074,2034
2063,2089
2071,2071
2068,2035
2067,2060
2055,2024
2059,2066
2055,2037
2044,2039
2033,2036
2027,2024
2015,2025
2022,2039
2007,2048
2018,2063
2007,2075
2001,2048
2014,2025
2000,2075
2003,2033
2003,2053
2004,2019
2003,2031
2005,2053
2008,2057
2010,2080
2012,2025
2015,2043
2019,2024
2001,2035
2022,2051
2011,2066
2025,2033
2033,2088
2036,2044
2036,2019
2040,2079
2042,1996
2048,2088
2056,2086
2066,2084
2070,2080
2074,2069
2076,2011
2092,2023
2091,2063
2085,2023
2090,2005
2099,2072
2103,2099
2107,2104
2121,2065
2109,2063
2123,2024
2127,2057
2128,2071
2135,2084
2127,2101
2133,2063
2136,2039
2144,2035
2143,2060
2148,2064
2152,2017
2147,2045
2148,2024
2151,2025
2145,2024
2148,2030
2143,2036
2137,2057
2137,2079
2135,2001
2130,2011
2136,2035
2127,2035
2119,2035
2113,2096
2107,2088
2106,2063
2107,2041
2099,2072
2085,2078
2092,2091
2080,2087
2073,2084
2068,2039
2068,2046
2058,2023
2051,2037
2040,1992
2040,2071
2040,2041
2027,2023
2021,2063
2022,2041
2016,2071
2015,2033
2011,2053
2008,2033
1997,2048
2008,1991
2000,1997
1984,2044
1984,2035
1991,2035
1989,2108
1986,2077
1992,1971
1994,1988
1992,2059
1994,2040
1998,2073
1997,2043
2009,2039
2015,2096
2016,2063
2024,2028
2024,2066
2027,2051
2030,2038
2045,2016
2044,2048
2039,1995
2060,2033
2057,2037
2062,1980
2072,2029
2072,2045
2079,2031
2087,2065
2075,2073
2089,2022
2097,2069
2099,2063
2105,2021
2115,2063
2117,2055
2127,2091
2136,2077
2136,2074
2138,2063
2123,2053
2141,2043
2144,2036
2145,2033
2143,2004
2139,2041
2145,2048
2146,2065
2144,2088
2137,2023
2142,2071
2135,2107
2132,2044
2132,2040
2127,2024
2124,2015
2122,2067
2119,2017
2105,1997
2099,2040
2106,1975
2101,1977
2097,2031
2089,2071
2091,2033
2091,1991
2076,1952
2063,1965
2072,2020
2063,2001
2056,2003
2041,1987
2047,1980
2033,1979
2027,1971
2032,2071
2009,2129
2019,2067
2011,2054
2007,2035
2013,2063
2013,2125
2008,2085
2003,2070
2003,2044
2005,1991
2009,1984
2016,2035
2010,2121
2008,2055
2012,2029
2008,2025
2017,2043
2013,2092
2016,2063
2019,2003
2024,2088
2024,2