2144,2063
2143,2002
2145,2021
2145,2044
2151,2005
2145,1997
2139,2032
2133,2011
2139,2040
2136,2027
2129,2072
2129,2021
2124,2048
2117,2060
2118,2025
2121,2056
2101,2025
2107,2027
2092,2073
2097,2023
2089,2037
2089,2019
2076,2027
2078,2042
2067,2027
2066,2038
2058,2077
2043,2073
2046,2012
2027,2072
2039,2015
2025,2060
2028,2031
2017,2053
2020,2038
2012,2043
2005,2075
2006,2040
2003,2021
1995,2053
2006,2080
1988,2023
1996,2053
1993,2072
1998,2023
1979,2035
1988,2054
2002,2011
1996,2015
1992,2035
2003,2055
1981,2035
1995,2075
2006,2005
2010,2059
2009,2027
2008,2035
2023,2008
2026,2021
2023,2063
2025,1999
2040,2027
2043,2039
2041,2048
2053,2017
2063,2055
2063,2012
2067,2031
2074,2025
2082,2057
2079,2025
2085,2063
2099,2035
2100,2021
2105,2065
2099,2073
2120,2056
2108,2037
2119,2072
2125,2074
2128,2009
2125,2029
2130,2019
2135,2056
2135,2036
2141,2037
2137,2029
2132,2060
2143,2015
2129,2040
2137,2039
2133,2043
2131,2063
2127,2043
2131,2023
2117,2040
2117,2012
2122,2044
2106,2020
2103,2029
2103,2039
2093,2040
2103,2045
2097,2033
2088,2022
2084,2011
2080,2021
2075,2055
2066,1997
2063,2034
2041,2077
2040,2044
2033,2013
2035,2080
2033,2057
2026,2063
2011,2075
2015,2077
2008,2063
2003,2021
2000,2059
1997,2065
1996,2053
1991,2071
1981,2003
1984,2019
1984,2064
1977,2033
1980,2008
1975,2037
1981,2009
1980,2063
1990,2019
1981,2065
1975,2056
1984,2072
1987,2067
1995,2063
2000,2075
1991,2044
2007,2011
2016,2048
2013,2034
2020,2039
2021,2062
2024,2034
2023,2068
2037,2068
2040,2078
2035,2032
2055,1995
2045,2031
2064,2020
2072,2025
2063,2032
2076,2015
2080,2023
2081,2024
2088,2048
2097,2063
2101,2044
2099,2048
2117,2039
2120,2044
2115,2039
2117,2011
2127,2060
2132,2073
2136,2019
2122,2047
2129,2033
2131,2033
2133,2076
2138,2023
2143,2068
2135,2041
2136,2037
2127,2019
2130,2029
2130,2029
2125,2025
2123,2032
2113,2064
2116,2080
2109,2038
2107,2030
2101,2053
2091,2039
2095,2025
2088,2009
2085,2037
2079,2007
2071,1999
2065,2071
2066,2009
2053,2027
2047,2027
2037,2063
2029,2060
2040,2054
2031,2043
2027,2042
2022,2041
2014,2041
2001,2067
2009,2017
2008,2056
2001,2008
1996,2019
1995,2039
1993,2041
1989,2036
1994,2060
2001,2029
1991,2023
1989,2007
1993,2068
1985,2066
2001,2056
2000,2069
2004,2031
1997,2080
2008,2039
2008,2029
2012,2046
2013,2033
2020,2072
2017,2058
2025,2071
2030,2012
2035,2012
2034,2055
2039,2017
2043,2065
2057,2005
2055,2063
2057,2069
2073,2025
2071,2054
2084,2007
2079,2007
2091,2067
2099,2016
2096,2011
2091,2036
2113,2003
2110,2037
2122,2056
2120,2027
2124,2019
2122,2027
2132,2058
2124,2020
2129,2027
2131,2054
2138,2041
2135,2063
2134,2011
2138,2042
2128,2025
2135,2063
2129,2043
2124,2041
2117,2018
2121,2037
2122,2039
2113,2057
2099,1991
2101,2035
2099,2005
2094,2018
2092,2035
2083,2056
2086,2015
2075,2080
2076,2015
2067,2008
2064,2041
2053,2080
2054,2032
2044,2045
2039,2063
2034,2011
2027,2044
2021,1979
2016,2019
2019,2023
2007,2064
2007,2063
1997,2079
2001,2027
1997,2019
1995,2055
1979,2073
1995,2028
1987,2068
1992,2041
1993,2039
1977,2037
1981,2087
1977,2037
1990,2079
1992,2039
1998,2067
1995,2076
2005,2001
2007,2075
2010,2041
2013,2039
2008,2068
2017,2027
2014,2011
2030,2017
2017,2064
2034,2031
2039,2043
2043,2020
2041,2037
2056,2017
2057,2023
2071,2024
2072,2003
2069,2047
2087,2028
2081,2027
2090,2011
2094,2077
2099,2067
2101,2038
2099,2046
2104,2038
2121,2019
2127,2047
2132,2047
2121,2029
2123,2035
2135,2025
2133,2063
2136,2017
2141,2046
2141,2044
2147,2018
2136,2030
2136,2027
2131,2058
2133,2042
2137,2009
2131,2065
2132,2015
2119,2079
2128,2063
2115,2039
2117,2063
2100,2065
2099,2067
2096,2033
2090,2063
2087,2027
2083,2071
2073,2088
2076,2041
2064,1987
2055,2023
2037,2064
2053,2051
2039,2025
2039,2009
2023,2071
2027,2053
2019,2071
2011,2063
2009,2059
2011,2033
2004,2078
2001,2066
2000,2033
1997,1999
1987,2074
1994,2025
1997,1996
1979,2051
1977,2063
1979,2074
1984,2023
1979,2087
1984,2027
1984,2077
1977,2060
1991,2029
1992,2040
1993,2035
2000,2041
2000,2037
2009,2036
1999,2029
2005,2063
2015,2062
2009,2063
2023,2037
2019,2043
2033,2038
2040,2085
2043,2037
2043,2065
2056,2064
2065,2053
2072,2041
2069,2065
2075,2055
2087,2036
2083,2075
2095,2012
2099,2063
2091,2066
2108,2018
2105,2059
2120,2001
2115,2038
2129,2037
2128,2073
2131,2019
2131,2053
2136,2040
2137,2039
2130,2067
2143,2041
2136,2022
2125,2071
2133,2063
2131,2053
2134,2037
2124,2072
2132,2055
2127,2027
2115,2063
2117,2037
2112,2025
2107,2038
2106,2053
2104,2008
2093,2063
2096,2071
2083,2057
2075,2051
2078,2039
2074,2005
2071,1999
2059,2046
2064,2008
2040,2048
2039,2052
2027,2095
2024,2020
2027,2057
2015,2012
2015,2003
2011,2019
2011,2065
2009,2023
1997,2075
2003,2040
2005,2068
2001,2035
1992,2010
1991,2068
1992,2007
1996,2063
1995,2039
1994,2039
1987,2060
1995,2065
2001,2055
1997,2019
1997,2033
2004,2053
2008,2019
2005,2045
2011,2055
2018,2021
2011,2068
2025,2017
2021,2067
2036,2045
2037,2027
2040,2072
2040,2038
2039,2034
2057,2027
2066,2029
2057,2065
2074,1999
2075,2067
2081,2035
2092,2041
2094,2043
2094,2034
2101,2024
2099,2057
2117,1995
2109,2034
2119,2032
2117,2041
2127,2071
2128,2065
2123,2025
2129,2011
2125,2009
2133,2056
2142,2004
2123,2043
2131,2029
2137,2056
2133,2027
2136,2035
2139,2041
2133,2028
2133,2024
2127,2044
2121,2033
2122,2053
2120,2051
2104,2018
2105,2056
2104,2011
2097,2068
2094,2053
2089,2032
2085,2029
2071,2035
2076,2079
2069,2036
2064,2021
2063,2063
2045,2071
2044,2019
2035,2078
2034,2037
2029,2041
2023,2017
2028,2055
2011,2072
2013,2043
2010,2036
2007,2005
2004,2017
2001,2025
2002,2035
2003,2009
1993,2088
1994,2063
1989,2067
1990,2043
1993,2039
1998,2080
1992,2044
1995,2067
1997,2057
2001,2024
2007,2060
2007,2031
2013,1997
2007,2058
2011,2036
2021,2059
2026,1991
2026,2080
2027,2078
2025,2040
2035,2060
2045,2020
2032,2055
2063,2063
2042,2040
2071,2060
2069,2063
2072,2055
2084,2037
2087,2026
2084,2039
2096,2037
2096,2080
2106,2020
2118,2075
2114,1998
2113,2063
2112,2037
2123,2045
2131,2030
2125,2011
2129,2089
2131,2066
2139,2040
2129,2043
2131,2048
2135,2044
2132,2048
2135,2054
2129,2041
2125,2028
2123,2075
2124,2063
2123,2044
2123,2068
2115,2037
2110,2009
2101,2057
2102,2009
2093,2021
2091,2058
2087,2029
2088,2068
2075,2076
2076,2009
2071,2074
2067,2054
2067,2072
2056,2069
2035,2071
2035,2015
2043,2039
2035,2011
2016,2068
2021,2015
2016,2038
2004,2044
1997,2063
2002,2041
1991,2070
1998,2023
1981,2063
1987,2054
1981,2040
1981,2052
1987,2033
1984,2035
1979,2063
1981,2001
1983,2058
1989,2063
1981,2028
1980,2064
1995,2029
1991,2032
1996,2063
1996,2025
1993,2042
2003,2071
2011,2027
2010,2066
2012,2033
2021,2047
2026,2024
2029,2044
2040,2003
2035,2033
2037,2039
2056,2068
2071,2033
2070,2059
2079,2042
2085,2001
2083,2029
2090,2003
2084,2020
2085,2041
2092,2059
2093,2056
2117,2023
2117,2038
2117,2035
2123,2025
2123,2025
2137,2043
2132,2063
2137,2011
2139,2069
2137,2065
2143,2043
2137,2013
2143,2033
2140,2035
2144,2023
2133,2059
2132,2076
2135,2015
2140,2029
2133,2071
2119,2044
2115,2038
2115,2071
2107,2070
2115,2052
2111,2017
2099,2065
2102,2033
2100,2045
2089,2060
2092,2025
2079,2062
2074,2040
2063,2062
2065,2031
2066,2041
2048,2064
2057,2067
2041,2011
2040,2056
2027,2043
2028,2015
2021,2019
2023,2071
2016,2056
2023,2063
2012,2033
2008,2056
2010,2027
2009,2066
2012,2021
2001,2039
2008,2070
2007,2039
1994,2080
2013,2037
2007,2076
2007,2060
2011,2017
2015,2059
2016,2075
2024,2057
2022,2008
2032,2019
2032,2004
2027,2059
2037,2011
2043,2039
2048,2021
2056,1995
2043,2055
2064,2043
2067,2027
2077,2026
2075,2019
2080,2001
2075,2041
2094,2068
2096,1971
2101,2071
2106,2040
2108,2044
2115,2026
2120,2011
2121,2009
2128,2029
2135,2027
2136,2009
2136,2044
2143,2075
2137,2021
2152,2043
2149,2042
2151,2038
2155,1981
2154,2063
2148,2063
2142,2034
2144,2046
2136,2025
2147,2036
2144,2007
2136,2009
2138,2035
2124,2040
2127,2052
2121,2037
2121,2032
2119,2041
2104,2066
2111,2023
2102,2041
2099,2035
2097,2072
2092,2013
2089,2061
2075,2005
2067,1993
2065,2072
2055,2064
2056,2003
2047,2058
2044,2073
2040,2055
2027,2046
2025,2048
2024,2029
2015,2053
2015,2053
2011,2071
2008,2015
2008,2027
2007,2041
2003,2048
2000,2009
1995,2051
2001,2077
2003,2026
1995,2073
2008,2007
2001,2063
1990,2062
2008,2044
2008,2032
2008,2025
2009,2056
2013,2035
2013,2067
2020,2021
2025,2045
2028,2072
2023,2019
2039,2058
2040,2017
2038,2035
2056,2057
2060,2027
2069,2054
2067,2029
2066,2056
2080,2037
2088,2061
2088,2036
2090,2041
2105,2019
2108,2025
2103,2051
2102,2037
2118,2081
2122,2023
2122,2039
2125,2048
2128,2005
2135,2028
2131,2007
2133,2014
2139,1992
2141,2039
2143,1995
2135,2072
2144,2015
2143,2031
2137,2044
2138,2071
2135,2063
2133,2044
2132,2017
2130,2019
2114,2051
2120,2045
2107,2056
2112,2021
2103,2063
2102,2052
2096,2073
2097,2029
2088,2015
2083,2035
2072,2063
2067,2076
2070,2021
2071,2066
2055,2036
2041,2027
2035,2027
2035,2057
2030,2071
2025,1995
2017,2056
2017,2063
2009,2021
2008,2029
1997,2055
2001,2019
1995,2056
1988,2035
1996,2008
1987,2038
1992,1995
1988,2068
1979,2029
1984,2067
1992,2041
1993,2072
1991,2064
1992,2045
2001,2058
1988,2044
1999,2036
2004,2043
2009,2008
2013,2020
2017,2054
2020,2030
2012,2029
2028,2021
2032,2017
2030,2080
2039,2033
2045,2056
2043,2061
2063,2043
2071,2018
2071,2071
2077,2057
2084,2067
2085,2080
2096,2055
2103,1997
2099,2023
2101,2072
2104,2055
2126,2027
2119,2059
2132,2005
2137,2029
2139,2063
2146,2070
2141,2045
2143,2032
2149,2009
2152,2022
2150,2035
2146,2023
2152,2079
2151,2029
2144,2013
2139,2045
2140,2022
2147,2046
2146,2066
2135,2011
2123,2063
2135,2031
2127,2073
2135,2007
2130,2066
2129,2076
2117,2055
2111,2027
2103,2029
2097,2056
2083,2071
2095,2040
2079,2019
2082,2067
2075,2067
2065,2052
2071,2029
2063,2025
2043,2063
2055,2065
2039,2042
2035,2076
2036,2025
2025,2062
2023,2055
2020,2087
2011,2046
2008,2040
2015,2052
2005,2056
2013,2052
2001,2038
2005,2030
2011,2040
1997,2068
2001,2024
1997,2069
2007,2047
2016,2054
2008,2019
2011,2042
2008,2056
2023,2004
2026,2088
2029,2027
2023,2056
2027,2060
2027,2022
2033,2039
2043,2036
2048,2071
2056,2071
2067,1998
2067,2003
2075,2055
2077,2027
2079,2027
2082,2063
2100,2039
2093,2047
2104,2058
2099,2063
2105,2063
2117,2043
2114,2060
2120,2071
2127,2065
2131,2068
2134,2030
2137,2027
2136,2027
2145,2023
2143,2048
2141,2060
2143,2076
2148,2080
2142,2024
2148,2039
2141,2032
2143,2010
2142,2076
2142,1995
2137,2039
2136,2029
2125,2069
2123,2021
2121,2063
2119,2035
2115,2029
2107,2063
2105,2051
2099,2031
2096,2047
2085,2055
2094,2043
2071,2045
2075,2042
2065,2069
2070,2078
2055,2056
2057,2112
2035,2063
2040,2072
2035,2031
2027,2054
2027,2019
2021,2063
2023,2029
2010,2043
2008,2079
1999,2072
2000,2015
2002,2039
1996,2053
1997,2025
1991,2056
1997,2065
1994,2063
1991,2019
1989,2062
1989,2044
2001,2047
1996,2055
2003,2060
2001,2035
1991,2060
2008,2027
2011,2076
2013,2035
2011,2052
2017,2058
2027,2024
2032,2033
2032,2073
2027,2067
2036,2071
2055,2063
2063,2011
2063,2065
2064,2021
2063,2026
2075,2074
2080,2080
2088,2079
2088,2037
2091,2071
2093,2045
2097,2040
2108,2015
2120,2037
2122,2034
2121,2021
2119,2063
2122,2050
2136,2042
2143,1999
2143,2021
2135,2088
2141,2080
2139,2053
2137,2068
2144,2039
2135,2039
2135,2030
2133,2067
2123,2027
2131,2069
2129,2031
2127,2057
2124,2027
2119,2044
2118,2015
2102,2044
2105,2034
2104,2048
2085,2072
2095,2025
2081,2058
2083,2042
2071,2052
2076,2024
2075,2033
2037,2023
2059,2069
2039,2040
2043,2053
2032,2055
2031,2035
2026,2043
2023,2071
2018,2041
2013,2033
2015,2063
2002,2080
1999,2027
1997,2055
1993,2021
2000,2040
1983,2048
2000,2056
1995,2034
1991,2072
1985,2040
1997,2028
1987,2065
1993,2025
1996,2043
2003,2056
2003,2017
2003,2042
2005,2051
2015,2051
2024,2081
2027,2033
2024,2043
2021,2006
2036,2019
2036,2027
2035,2073
2055,2054
2052,2027
2063,2063
2063,2015
2065,2063
2078,2071
2081,2068
2087,2029
2087,2019
2088,2071
2093,2005
2107,2023
2108,2011
2117,2010
2128,2029
2126,2068
2134,2023
2136,1999
2133,2064
2140,1771
2135,1768
2139,1845
2140,1645
2145,1819
2129,1905
2139,1975
2139,2016
2161,2002
2172,1967
2182,2203
2184,2156
2184,2075
2185,2128
2191,2023
2186,2027
2168,2043
2161,2073
2160,2163
2148,2063
2143,2007
2127,2034
2108,1989
2087,1999
2094,2088
2080,2019
2073,2035
2079,1995
2075,2075
2077,2099
2071,2072
2072,2048
2072,2007
2077,1971
2077,2016
2063,2065
2066,2053
2044,2086
2051,2009
2032,2032
2018,2045
2012,2041
2006,1993
1995,2007
1981,2071
1984,2027
1989,2072
1988,2055
1975,2048
1987,2021
1977,2075
1991,1979
1992,2048
1992,2042
1993,2074
1995,2043
1998,2057
2004,2033
2009,1999
2005,2056
2015,2040
2017,2032
2011,1993
2011,2039
2015,2012
2024,2065
2037,2004
2030,2042
2039,2065
2053,2091
2068,2024
2063,2033
2071,2026
2071,2004
2073,1998
2074,1987
2069,1993
2063,2017
2076,2004
2068,2043
2086,2041
2096,2048
2102,2066
2119,2073
2127,2065
2137,2055
2143,2076
2158,2075
2164,2011
2164,2023
2163,2024
2158,1993
2151,2032
2149,2032
2136,2040
2131,2048
2129,2026
2124,2017
2120,2020
2091,2074
2109,2066
2106,2065
2099,2082
2111,2053
2108,2057
2110,2041
2107,2026
2117,2045
2105,2043
2107,2032
2104,2003
2090,2019
2077,2063
2075,2065
2065,2040
2043,2064
2040,2011
2020,2073
2011,2025
2015,2068
2005,2053
2001,2067
1993,2080
2001,2088
2002,2065
2001,2001
2005,2052
2008,2036
2011,2093
2008,2060
2015,2048
2009,2009
2008,2019
2001,2019
2008,2011
1995,2044
1997,2015
1993,2058
1992,2092
1987,2027
1981,2059
1987,2079
1992,2028
1999,2056
2013,2029
2016,2063
2024,2091
2033,2041
2036,2011
2041,1995
2041,2033
2063,2045
2068,2037
2080,2014
2089,2019
2088,2063
2093,2027
2091,2032
2104,2019
2101,2029
2121,2027
2115,2029
2120,2063
2130,2065
2135,2056
2137,2007
2143,1999
2136,2031
2150,2055
2147,2054
2148,2021
2149,2043
2152,1993
2157,2063
2155,2068
2157,2041
2154,2022
2151,2071
2150,2057
2149,2017
2149,2043
2143,2037
2146,2063
2138,2027
2133,2017
2135,2043
2127,2063
2122,2057
2107,2029
2109,2055
2099,1987
2087,2027
2086,2072
2074,2039
2075,2044
2071,2058
2072,2042
2053,2063
2051,2021
2047,2043
2046,2057
2039,2024
2048,2041
2037,2025
2033,2043
2021,2027
2015,2075
2015,2017
2013,2028
2010,2037
1995,2028
1987,2080
1988,2057
1987,2001
1976,2041
1978,2073
1988,1989
1979,2037
1987,2063
1992,2058
2001,2045
2004,2023
2003,2071
2017,2019
2024,2070
2019,2072
2028,2063
2034,2043
2032,1996
2029,2047
2036,2009
2040,2070
2037,2055
2044,2086
2043,2023
2061,2083
2066,2018
2069,2077
2083,2059
2090,2069
2098,2028
2109,2052
2122,2034
2129,2063
2132,2073
2138,2044
2139,2035
2139,2068
2151,2022
2146,2025
2138,2009
2149,2037
2144,2065
2153,2069
2148,2015
2152,2026
2154,2033
2149,2013
2143,2039
2151,2073
2150,2056
2148,2076
2145,2068
2151,2037
2149,2054
2155,2075
2156,2035
2153,2083
2151,2072
2139,2063
2135,2037
2134,2003
2131,2024
2109,2030
2109,2045
2113,2057
2091,2011
2085,2069
2080,2055
2071,2043
2072,2068
2075,2023
2063,2043
2058,2057
2045,2063
2044,2015
2041,2039
2029,2052
2028,2057
2013,2057
2016,2007
2010,2035
2003,2056
2009,2090
1997,2096
1994,2053
1997,2043
1993,2002
2007,1977
2001,2043
1995,2020
1990,2103
1991,2063
1995,2047
2003,2007
1989,2054
1999,1994
1998,2027
1983,2072
1991,2067
1997,2012
1996,2029
1995,2097
2012,2015
2007,2017
2005,2043
2024,2035
2034,2056
2036,2048
2040,2063
2044,2079
2055,2029
2056,2011
2068,2059
2070,2080
2069,2060
2069,2053
2073,2096
2076,2070
2071,2067
2075,2040
2081,2014
2089,2054
2095,2064
2095,2053
2093,2048
2104,2058
2105,2056
2108,2017
2126,2043
2127,2028
2136,1961
2139,2023
2135,1991
2127,2069
2139,2035
2128,2032
2117,2060
2120,1989
2122,2051
2109,2028
2101,2066
2105,2021
2104,2036
2100,2039
2100,2017
2100,2080
2093,2059
2100,2066
2100,2076
2102,2035
2091,2075
2094,2003
2083,1992
2080,2006
2063,2029
2072,1987
2059,2071
2039,2042
2033,2057
2031,2038
2015,2032
2019,2017
2008,2080
2017,2081
2005,2080
1999,2027
2008,2095
2008,2024
2001,2063
2010,2023
2005,1996
2004,2025
2010,2008
2001,2000
2005,2044
2003,2065
2007,1967
2009,2009
2004,2033
2005,2043
2002,2063
2004,1991
2003,2075
2003,2076
2008,2064
2004,2024
2005,2005
2009,1993
2023,2044
2034,2071
2039,2057
2051,2015
2040,2014
2057,1960
2063,2015
2071,2040
2065,2039
2080,2021
2077,2032
2088,2003
2092,1977
2099,2005
2104,2056
2107,2079
2112,2070
2120,2024
2132,2057
2125,2093
2143,2080
2139,2106
2136,2027
2143,2021
2148,2000
2154,1991
2146,2057
2156,2060
2147,2067
2147,2075
2144,2036
2152,2007
2153,2080
2146,2009
2147,2021
2143,2027
2151,1977
2148,2000
2150,2009
2136,2061
2135,2059
2138,2072
2129,2023
2121,2065
2120,2096
2103,2083
2103,2075
2101,2035
2097,2071
2088,2037
2087,2012
2076,2010
2063,2040
2057,2103
2048,2039
2044,2027
2040,2073
2032,2042
2035,2013
2030,1969
2025,2008
2028,2039
2010,2026
2023,2120
2015,2085
2004,2045
2008,2065
1991,2046
1995,1991
1999,2024
1991,2013
1997,2072
1996,2004
2007,2037
2005,2080
2005,2129
2014,2091
2008,2018
2019,2017
2011,2017
2012,2075
2024,2091
2017,1997
2024,1945
2024,2025
2021,2041
2035,2067
2025,2009
2039,2063
2053,2077
2043,2139
2063,2159
2063,1989
2080,2040
2088,2053
2087,2057
2092,2112
2097,2063
2111,1997
2107,2029
2122,2041
2123,1969
2136,2022
2133,1976
2141,1992
2139,1981
2139,2008
2139,2069
2142,2151
2151,2121
2144,2115
2146,2031
2139,2044
2143,2051
2141,2068
2146,1992
2143,1935
2147,2067
2144,2040
2143,2036
2143,2117
2136,2191
2143,2168
2134,2120
2123,2056
2121,2033
2127,2040
2116,1976
2106,1961
2101,2063
2101,2063
2095,2117
2091,2109
2072,2043
2079,2007
2065,1971
2057,1949
2063,2027
2053,1971
2052,2092
2043,2151
2032,2176
2044,2081
2032,1975
2017,1901
2026,1960
2016,2014
2013,2084
2008,2072
2010,2079
2009,2040
2001,2075
2003,2106
2000,2066
1991,1965
2001,1913
1993,1952
1999,2016
2012,2005
2005,2023
2008,2041
2001,2020
2007,2040
2015,2152
2012,2221
2023,2201
2019,2203
2027,2098
2023,2048
2027,2025
2035,1875
2037,1814
2044,1914
2043,2053
2048,2219
2037,2120
2053,1928
2079,1843
2082,1905
2073,2031
2087,2142
2082,2131
2088,1987
2094,2118
2096,2142
2096,2099
2106,2005
2105,1892
2121,1859
2117,1896
2121,1988
2121,2068
2128,2188
2131,2195
2131,2067
2139,2027
2140,1916
2134,1876
2131,2072
2113,2063
2142,2117
2123,2144
2128,2040
2131,2068
2120,2208
2125,2085
2127,2038
2107,1911
2123,1943
2113,1982
2109,1888
2101,1841
2093,2041
2096,2187
2092,2236
2091,2141
2085,2075
2088,1909
2072,1927
2068,2053
2068,2158
2065,2152
2063,1996
2057,2021
2037,1992
2032,1875
2039,1983
2011,2024
2026,1941
2015,2150
1995,2041
2015,1955
2012,1843
1997,1936
2014,2019
2001,2075
1999,2136
2005,1976
1984,1904
2011,2096
2014,2148
1996,2116
1999,2176
1997,1913
2010,1937
2015,1966
2015,1954
2015,2086
2007,2126
2017,2068
2033,2165
2027,2171
2044,2073
2033,2096
2038,2112
2057,2039
2045,1948
2059,1767
2071,1735
2063,1864
2073,1863
2073,2072
2079,2116
2094,2172
2092,2017
2091,2011
2101,2022
2092,2068
2103,2027
2115,2213
2112,2264
2119,2336
2136,2135
2128,1981
2140,1669
2140,1704
2151,1806
2141,1894
2154,2095
2146,2202
2135,2200
2150,2109
2150,2101
2152,2235
2148,2162
2144,2040
2139,1915
2131,1753
2121,1707
2135,1940
2132,2066
2127,2313
2133,2363
2120,2509
2115,2207
2112,1907
2113,1764
2103,1883
2084,1925
2096,2029
2087,2056
2089,2039
2085,1984
2080,1946
2084,2057
2069,2127
2045,2035
2063,2161
2043,1875
2040,1945
2040,1771
2029,1873
2029,2154
2028,2387
2025,2469
2019,2364
2023,2234
1995,1995
2007,1912
2008,1861
1995,1944
2013,2353
1998,2223
2009,2069
2023,1833
1997,1881
2024,1757
2003,1769
2011,1812
2018,2079
2020,2215
2023,2294
2040,2489
2018,2365
2041,2118
2030,2132
2032,2093
2026,1875
2030,2003
2036,1611
2039,1874
2056,1868
2045,2109
2076,2181
2065,2209
2063,2293
2080,2224
2075,1895
2097,1916
2093,2075
2088,2043
2125,2153
2101,2174
2129,2268
2123,1965
2123,2189
2136,2041
2103,1856
2118,1783
2132,1769
2116,2080
2136,2285
2120,2285
2124,2417
2140,2173
2136,1875
2136,1605
2137,1818
2141,1755
2139,1909
2129,2157
2133,2001
2124,2203
2137,2249
2119,2027
2117,1808
2125,2157
2123,2102
2104,2347
2092,2336
2092,2427
2095,1995
2085,1854
2099,1427
2080,1833
2063,1752
2063,1431
2056,1231
2057,1813
2068,2043
2027,2171
2034,1716
2028,2134
2029,2443
2033,2658
2034,1781
2005,2165
2023,1762
1984,2071
1993,1847
1995,1755
2011,1725
1994,2811
1992,2742
1983,2795
1988,2955
1990,3056
1991,2260
1992,1227
1993,2183
1960,2524
1979,2603
1987,1111
1984,475
1988,1429
1996,2485
1983,1664
1992,3028
1995,4095
2018,4095
1989,3248
2005,1449
2030,1803
2018,2312
2056,2125
2030,1491
2040,1867
2046,2044
2029,668
2027,411
2063,618
2056,1397
2039,2677
2071,2383
2078,1866
2066,1944
2088,2215
2079,1876
2069,1641
2090,1700
2105,2309
2097,2116
2128,1743
2123,1715
2115,1931
2145,2153
2136,2219
2125,1984
2144,1988
2147,2017
2120,1969
2145,1837
2131,2088
2139,2112
2162,2074
2139,2024
2128,2013
2137,1928
2127,2004
2132,1965
2120,2128
2135,2165
2123,2140
2127,2092
2123,1947
2132,1935
2123,2042
2103,2167
2100,2143
2101,2126
2095,2012
2097,1925
2097,1948
2085,2076
2082,2131
2075,2059
2059,2079
2068,2056
2068,1993
2048,2056
2055,2087
2056,2111
2041,2112
2037,2103
2041,2041
2028,2010
2031,1979
2024,1994
2015,2063
2024,2123
2015,1979
2013,2048
2008,2008
2008,1993
2019,2032
2017,2076
2016,2021
2024,2094
2020,2011
2014,2056
2011,2060
2025,2094
2024,2035
2035,2063
2032,2021
2036,2041
2032,2069
2042,2027
2037,2023
2046,2053
2051,2056
2058,2017
2072,2071
2071,2066
2065,2067
2072,2047
2079,1995
2075,2064
2089,2020
2097,2015
2083,2011
2099,2075
2099,2023
2107,2017
2103,2009
2111,2063
2105,2037
2120,2043
2120,2026
2119,2047
2128,2017
2116,2043
2132,2079
2130,2035
2128,2040
2125,2041
2128,2009
2123,2060
2129,2021
2125,2071
2123,1993
2116,2041
2120,2015
2115,2002
2104,2055
2098,2038
2093,2051
2083,2023
2083,2019
2075,2054
2078,2027
2081,2072
2069,1999
2063,2044
2053,2019
2048,2079
2041,2025
2033,2037
2037,2040
2023,2027
2025,2040
2013,2063
2005,2019
2009,2029
1995,2077
1993,2027
1988,2031
1977,2026
1979,2063
1968,2012
1974,2045
1966,2020
1959,2075
1957,2020
1953,2056
1963,2003
1967,2072
1965,2005
1966,2018
1964,2056
1961,2095
1971,2041
1976,2008
1977,2056
1968,2063
1975,2019
1974,2037
1973,2091
1979,2021
1984,2058
1981,2045
1996,2063
1996,2001
2001,2048
2004,2023
2011,2046
2022,2005
2026,2012
2036,2075
2037,2037
2048,2052
2043,1997
2063,2035
2070,2065
2071,1996
2071,2023
2080,2041
2083,2040
2089,2063
2091,2039
2096,2061
2107,2038
2099,2059
2100,2073
2109,2043
2094,2043
2115,2054
2109,2040
2112,2019
2115,2044
2120,2096
2119,2023
2117,2044
2118,2059
2116,2060
2118,2053
2112,2029
2108,2052
2104,2044
2090,2057
2095,2033
2091,2024
2085,2056
2079,2017
2080,2067
2076,2021
2072,2033
2065,2036
2055,2066
2054,2011
2039,2063
2038,2007
2031,2048
2019,2053
2024,2027
2010,2068
2015,2024
2005,2066
2005,2068
1996,2005
1979,2080
1981,2060
1987,2076
1977,2080
1981,2022
1980,2011
1977,2018
1972,2034
1970,2058
1972,2021
1965,2063
1976,2027
1961,2078
1976,2025
1971,2043
1974,2028
1976,2043
1983,2056
1989,2039
1987,1987
1991,2035
1997,2057
2000,2035
2008,2029
2013,2019
2016,2017
2015,2019
2021,2041
2030,2009
2039,2054
2042,2037
2048,2060
2063,2035
2067,2036
2074,2068
2078,2018
2092,2034
2093,2015
2086,2046
2101,2055
2107,2082
2115,2027
2112,2051
2124,2002
2132,2039
2136,2066
2144,2074
2141,2062
2155,2068
2153,2030
2156,2064
2155,2040
2153,2065
2158,2008
2157,2035
2168,2042
2151,2071
2155,2035
2165,2023
2164,2053
2156,2019
2155,2053
2154,2080
2152,2007
2145,2065
2144,2040
2139,2066
2144,2023
2137,2079
2130,2039
2123,2063
2121,2044
2105,2055
2111,2021
2105,2080
2103,2035
2093,2063
2088,2039
2075,2019
2081,2073
2067,2027
2063,2068
2057,2041
2063,2018
2043,2041
2044,2039
2048,2035
2039,2042
2040,2035
2027,2056
2028,1994
2024,2044
2031,2009
2029,2071
2015,2038
2025,2047
2022,2060
2032,2019
2031,2027
2029,2063
2030,2043
2036,2045
2035,2047
2039,2037
2040,2027
2034,2080
2039,2076
2044,2048
2051,2060
2044,2072
2053,2055
2057,2014
2067,2053
2072,2035
2076,2011
2079,2017
2071,2015
2079,1995
2092,2056
2089,2056
2091,2037
2089,2028
2105,2060
2099,2007
2102,2041
2107,2021
2117,2057
2122,2028
2119,2015
2127,2041
2123,2042
2121,2038
2131,2029
2128,2028
2129,2027
2123,2056
2129,2041
2125,2022
2131,2039
2127,2003
2130,2028
2123,2023
2119,2068
2118,2019
2109,2064
2107,2033
2097,2072
2102,2042
2096,2019
2088,2019
2087,2060
2075,2067
2081,2066
2073,2015
2063,2044
2069,2031
2067,2044
2063,2065
2055,2028
2037,2068
2040,2035
2025,1995
2023,2001
2014,2053
2019,1996
2008,2063
2013,2068
1993,2044
1997,2071
1996,2015
1989,2068
1981,2065
1979,2043
1972,2070
1971,2059
1961,2064
1964,2057
1967,2071
1971,2052
1968,2017
1973,2038
1972,2046
1966,2040
1975,2019
1981,2041
1979,2008
1980,2065
1977,2048
1989,2042
1991,2046
1995,2064
1998,2045
1996,2036
1993,2040
2008,2041
2007,2067
2008,2057
2012,2055
2029,2024
2029,2031
2040,2057
2039,2063
2054,2009
2065,2039
2059,1989
2063,2033
2077,2003
2076,2011
2073,2069
2088,2063
2089,2066
2097,2043
2098,2037
2104,2038
2101,2017
2108,2037
2120,2039
2124,2060
2129,2019
2131,2039
2121,1999
2128,2037
2121,2001
2133,2055
2123,2011
2128,2029
2125,2040
2128,2025
2129,2035
2128,2043
2128,2060
2125,2027
2110,2064
2107,2041
2111,2064
2109,2055
2099,2040
2091,2017
2093,2051
2098,2025
2084,2055
2076,2067
2087,2040
2072,2069
2072,2036
2071,2043
2059,2044
2056,2028
2053,2008
2037,2043
2040,2048
2036,2019
2031,2024
2023,2068
2022,2024
2021,2030
2018,2036
2008,2003
2007,2057
2011,2036
2007,2075
2000,2005
2003,2030
1995,2043
2004,2077
1993,2023
2003,2005
2001,2063
2003,2072
2011,2053
2001,2063
2007,2001
2010,2003
2007,2017
2024,2019
2027,2007
2027,2041
2025,2030
2024,2061
2029,2069
2031,2045
2025,2075
2047,2013
2055,1996
2068,2025
2067,2041
2073,2034
2075,2056
2081,2053
2077,2075
2093,2021
2084,2032
2104,2019
2099,2033
2111,2013
2119,2022
2123,2024
2122,2005
2129,2001
2121,2027
2123,2039
2127,2054
2128,2058
2138,2019
2129,2063
2131,2039
2140,2067
2139,2015
2136,2023
2123,2019
2128,2065
2124,2015
2129,2012
2123,2076
2116,2055
2115,2058
2107,2045
2110,2052
2109,2084
2099,2036
2091,2032
2092,2021
2075,2038
2076,2041
2078,2056
2068,2053
2068,2085
2057,2056
2048,2065
2044,2044
2029,2025
2032,2029
2032,2080
2025,2035
2024,2007
2013,2029
2011,2056
2009,2011
2004,2066
1997,2040
1991,2064
1993,2044
1987,2051
1991,2079
1988,2063
1989,2073
1989,2025
1992,2029
1975,2011
1989,2063
1991,2035
1979,2048
1989,2063
1995,2037
1994,2044
1992,2038
2001,2025
1993,2032
2005,2042
2008,2037
2006,2011
2013,2031
2016,2071
2026,2059
2023,2018
2027,2004
2040,2021
2038,2044
2037,2056
2056,2033
2063,2051
2063,2054
2063,2048
2071,2069
2077,2003
2075,2043
2077,2023
2088,2041
2089,2041
2091,2065
2096,2027
2096,2056
2107,2038
2110,2077
2103,2024
2108,2011
2120,2033
2119,2031
2124,2048
2117,2029
2115,2063
2115,2040
2115,2035
2116,2053
2109,2074
2103,2040
2108,2044
2103,2068
2101,2056
2095,2083
2095,2002
2085,2053
2089,2015
2087,1997
2073,2039
2075,2052
2077,2025
2058,2063
2071,2008
2057,2056
2057,2080
2047,2003
2033,2063
2032,2012
2027,1989
2034,2067
2021,2064
2018,2003
2015,2019
2018,2063
2012,2035
1999,2038
2002,2038
1993,2080
1995,2057
1979,2072
1995,2015
1991,2075
1992,2035
1984,2021
1991,2045
1988,2041
1987,2030
1975,2026
1996,2063
1996,2056
1989,2079
2007,2084
2011,2023
2006,2079
1991,2054
2010,2055
2015,2060
2011,2027
2023,2030
2024,2040
2027,2054
2033,2063
2035,2068
2047,2041
2055,2059
2057,2027
2057,2043
2074,2011
2078,2027
2079,2088
2091,2011
2083,2024
2091,2071
2099,2088
2103,2037
2108,2037
2108,2063
2118,2025
2124,2074
2121,2057
2128,2005
2128,2062
2138,2056
2137,2022
2148,2047
2135,2029
2139,2069
2147,2019
2145,2063
2143,2048
2142,2023
2139,2020
2143,2069
2139,2063
2141,2041
2141,2018
2136,2064
2121,2011
2125,2007
2124,2037
2121,2060
2112,2007
2116,2055
2105,2077
2093,2001
2093,2063
2092,2052
2083,2071
2088,2035
2079,2011
2076,2060
2063,2066
2056,2038
2051,2071
2053,2048
2041,2068
2040,2043
2038,2027
2027,2060
2018,2028
2007,2017
2009,2033
2001,2068
2008,2053
2008,2071
2008,2043
2001,2027
2007,2063
1996,2043
1999,2072
1994,2039
1991,2077
1996,2033
1988,2047
1995,2057
1995,2051
2004,2072
2007,2023
1997,2039
2010,2051
2012,2037
2016,2074
2010,2005
2025,2015
2024,2027
2028,2042
2038,2007
2039,2020
2041,2067
2054,2032
2055,2043
2066,2068
2076,1995
2067,2019
2068,2057
2079,2024
2082,2019
2091,2080
2097,2057
2095,2025
2099,2007
2103,2055
2108,2007
2109,2057
2111,2041
2124,2009
2120,2060
2128,2070
2128,2011
2121,2011
2132,2044
2127,2063
2132,2023
2121,2067
2128,2045
2121,2039
2121,2026
2121,2073
2119,2058
2109,2070
2112,2057
2106,2044
2093,2067
2103,2052
2091,2063
2088,2041
2089,2060
2082,2038
2084,2034
2068,2031
2072,2034
2063,2024
2055,1991
2045,2045
2052,2032
2039,2047
2036,2080
2023,2021
2024,2071
2026,2008
2016,2048
2016,2029
2008,2036
2005,2044
1996,2069
1989,2043
1977,2072
1994,2039
1977,2060
1973,2032
1988,2008
1973,2053
1971,2069
1980,2058
1981,2003
1989,2043
1981,2037
1987,2045
1974,2063
1984,2009
1978,2019
1988,2056
1991,2017
1993,2063
2003,2052
2003,2019
2010,2037
2015,2067
2020,2061
2020,2072
2015,2032
2028,2021
2029,2040
2041,2025
2041,2063
2043,2068
2063,2064
2057,2059
2067,2023
2071,2057
2070,2011
2083,1979
2084,2029
2091,2039
2099,2060
2093,2066
2107,2040
2108,2023
2105,2058
2118,2017
2129,2020
2135,2052
2130,2075
2135,2019
2123,2063
2125,1991
2139,2066
2136,1997
2136,2040
2131,2025
2135,2047
2125,1979
2125,2066
2132,2036
2127,2055
2120,2060
2112,2071
2107,2044
2099,2063
2110,2021
2107,2040
2096,2069
2095,2024
2096,2085
2083,2044
2079,2005
2075,2040
2075,2029
2063,2059
2058,2047
2048,2027
2051,2053
2039,2072
2039,2041
2032,2024
2028,2056
2022,2039
2009,2038
2015,2023
2017,2064
2008,2024
2007,2035
2006,2080
1999,2080
1999,2071
1989,2025
1999,2071
1989,2056
1994,2025
1998,2039
1987,2003
1995,2027
2000,2011
1993,2029
1997,2053
1999,2041
2001,2033
2007,2005
2011,2063
2012,2017
2009,2063
2021,2072
2032,2067
2036,2039
2040,2053
2037,2053
2040,2063
2048,2019
2063,2038
2069,2023
2063,2062
2080,2054
2084,2033
2087,2041
2092,2040
2096,2059
2100,2063
2107,2056
2111,2075
2108,2025
2119,2045
2125,2032
2127,2007
2129,2012
2136,2035
2135,2047
2139,2068
2143,2052
2147,2040
2149,2021
2149,2039
2152,2065
2144,1993
2152,2025
2137,2046
2144,2038
2137,2065
2136,2005
2131,2075
2133,2066
2123,2011
2118,2023
2121,2071
2108,2093
2112,2039
2104,2035
2101,2074
2095,2059
2094,2007
2081,2053
2080,2065
2081,2074
2066,2040
2065,2058
2058,2068
2042,2023
2035,2039
2043,2055
2029,2063
2029,2009
2009,2034
2014,2040
2010,2005
2008,2064
2004,2020
1997,2027
1995,2079
1992,2007
1984,1997
1977,2040
1991,2057
1988,2010
1984,2028
1977,2066
1975,2024
1982,2019
1987,2018
1988,2017
1991,2064
1991,2056
1993,2023
2000,2027
1996,2041
2008,2024
2006,2035
2012,2031
2003,2064
2016,2056
2027,2041
2031,2055
2027,2032
2038,1993
2051,2065
2059,2011
2063,2038
2063,2057
2080,2035
2077,2055
2081,2046
2081,2019
2087,2015
2089,2069
2100,2073
2107,2068
2112,2008
2112,2080
2124,2068
2124,2019
2125,1998
2133,2066
2137,2026
2131,2063
2131,2076
2138,2023
2129,2060
2147,2025
2137,2042
2135,2064
2140,2053
2139,2057
2134,2028
2134,2040
2125,2069
2126,2041
2127,2035
2117,2071
2108,2092
2103,2009
2115,2068
2104,2036
2092,2031
2089,2055
2087,2066
2077,2057
2079,2015
2060,2074
2069,2059
2065,2063
2059,2037
2032,2019
2039,2061
2038,2021
2019,2072
2027,2071
2011,2037
2015,2007
2011,2048
2008,2001
2003,2044
1998,2044
1995,2077
1993,2007
1979,2029
1982,2039
1979,2031
1981,2059
1985,2063
1981,2023
1977,2071
1979,2033
1987,2067
1984,2025
1979,2071
1975,2063
1987,2064
1991,2015
1993,2053
2002,2079
2003,2045
2013,1987
2011,2021
2015,2055
2009,2032
2019,2060
2029,2069
2032,2033
2036,2035
2041,2071
2043,2065
2060,2017
2055,2071
2063,2047
2069,2065
2073,2067
2077,2009
2094,2041
2093,2063
2093,2024
2106,2035
2107,2009
2118,2018
2120,2044
2119,2041
2121,2076
2135,2019
2133,2072
2137,2055
2139,2032
2139,2061
2139,2012
2144,2048
2144,2037
2143,2040
2140,2043
2139,2068
2134,2044
2136,2003
2127,2053
2134,2073
2121,2065
2119,2023
2121,2080
2115,2074
2104,2041
2105,2043
2102,2019
2096,2055
2094,2029
2085,2003
2091,2046
2088,2021
2071,2039
2053,2052
2060,2027
2055,2039
2055,2068
2047,2005
2030,2057
2030,2027
2027,2070
2022,2052
2012,2070
2015,2044
2015,2043
2006,2066
2004,2017
1995,1994
2004,2057
2004,2037
2002,2076
2000,2019
1987,2077
1992,2061
1993,2062
1995,2071
2001,2027
1981,2075
2007,2063
2007,2038
2008,2063
2009,2048
2011,2019
2011,2055
2023,2035
2029,2056
2027,2069
2032,2047
2037,2056
2039,2071
2047,2019
2043,2048
2063,2031
2069,2023
2069,2019
2073,2073
2073,2039
2084,2077
2091,2080
2096,2046
2103,2036
2103,2025
2103,2048
2107,2042
2120,2079
2123,2073
2135,2065
2132,2039
2134,2067
2133,2034
2144,2011
2151,2072
2148,2026
2156,2019
2152,2020
2154,2074
2152,2041
2151,2060
2153,2025
2144,2072
2146,2021
2144,2080
2139,2063
2137,2069
2136,2074
2123,2013
2131,2009
2127,2058
2115,2041
2111,2009
2107,2064
2108,2041
2096,2063
2088,2052
2088,2019
2083,2065
2082,2031
2074,2077
2059,2057
2063,2007
2043,2043
2039,2055
2040,2022
2030,2063
2036,2013
2028,2008
2023,2019
2019,2069
2016,2044
2009,2008
1997,2059
2008,2035
2011,1995
2002,2039
2003,2019
2001,2037
2000,2037
2002,2020
1996,2042
1995,2003
2003,2067
1997,2009
2008,2029
2007,2040
2007,2025
2008,2073
2013,1999
2013,2063
2015,2055
2024,2012
2029,2040
2022,2056
2029,2033
2028,2035
2043,2053
2037,2068
2043,2022
2054,2021
2071,2035
2074,2030
2079,2056
2084,2045
2081,2076
2099,2009
2104,2003
2106,2056
2107,2027
2107,2055
2120,2056
2125,2045
2119,2033
2127,2055
2137,2071
2141,2015
2143,2008
2143,2037
2144,2029
2148,2011
2143,2027
2148,2003
2145,2009
2148,2057
2149,2053
2139,2029
2137,2027
2133,2053
2133,2040
2138,2017
2126,2032
2132,2033
2123,2075
2123,2025
2105,2040
2111,2027
2097,2020
2099,2092
2096,2028
2091,2067
2083,2003
2077,2073
2075,2041
2069,2065
2068,2036
2057,2037
2062,2048
2042,2064
2035,2020
2035,2037
2019,2059
2028,2042
2011,2025
2003,2003
2013,2023
2009,2011
1997,2045
1992,2029
1997,2061
1998,2057
1987,2067
1984,2020
1987,2056
1991,2063
1996,2017
1988,2063
1992,2025
1984,2060
1995,2015
1993,2043
2000,2041
1997,2072
1995,2079
2004,2021
2003,2012
2011,2056
2013,2036
2016,1995
2019,2061
2023,2039
2024,2036
2036,2021
2036,2005
2043,2040
2053,2039
2048,2075
2067,2023
2063,2045
2067,2077
2080,2003
2087,2063
2081,2040
2091,2055
2099,2060
2104,2063
2102,2035
2114,2046
2105,2003
2109,2035
2124,2063
2116,2052
2121,2040
2135,1981
2123,2064
2134,2045
2135,2045
2139,2079
2136,2058
2135,2069
2129,2043
2123,2019
2128,2076
2124,2071
2124,2051
2119,2065
2120,2072
2113,2021
2112,2075
2107,2029
2104,2077
2100,2058
2087,2073
2085,2059
2084,2027
2080,2072
2075,2058
2069,2043
2063,2015
2068,2040
2043,2008
2043,2063
2039,2037
2031,2048
2024,2041
2031,2043
2023,2015
2009,2063
2015,2005
2003,2047
2004,2009
2002,2025
1995,2076
2004,2046
1995,2043
2003,2040
1991,2041
1993,2029
1997,2039
1992,2063
1994,2011
1992,2046
1989,2036
1995,2037
1981,2068
2002,2043
1996,2072
2004,2023
2015,2029
2012,2021
2011,2082
2016,2017
2021,2055
2021,2060
2032,1995
2031,2039
2037,2026
2035,2042
2051,2034
2048,1993
2057,2044
2066,2044
2071,2007
2074,2015
2071,2040
2079,2068
2087,2048
2093,2041
2089,2039
2099,2019
2107,2040
2108,2003
2104,2057
2116,2060
2119,2071
2120,1987
2123,2039
2134,2019
2126,2048
2127,2047
2132,2028
2131,2063
2134,2021
2121,2055
2121,2061
2129,2037
2129,2021
2131,2023
2109,2046
2109,2077
2109,2026
2105,2029
2112,2052
2103,2021
2091,2023
2096,2017
2088,2025
2087,2043
2080,2063
2069,2015
2069,2001
2063,2023
2043,2063
2055,2040
2054,2015
2035,2066
2029,2047
2034,2033
2019,2071
2018,2066
2013,2025
2003,2055
2000,2015
2001,2063
1995,2056
1979,2064
1989,2056
1981,2040
1984,2075
1979,2060
1981,2019
1978,2043
1968,2017
1973,2036
1977,2056
1980,2071
1987,2064
1977,2048
1990,1997
1989,2063
1993,2015
1996,2025
1993,2011
1993,2071
2011,2017
2011,2058
2016,2019
2016,2051
2021,2040
2032,2063
2029,2070
2043,2008
2047,2032
2055,1995
2056,2018
2066,2056
2070,2017
2075,2029
2080,2055
2096,2041
2096,2038
2100,2080
2106,2060
2115,2034
2115,2039
2115,2025
2117,2063
2125,2043
2135,2027
2136,2038
2138,2023
2148,2031
2145,2065
2141,2056
2148,2022
2137,2041
2148,2069
2145,2021
2146,2038
2147,2003
2142,2052
2144,2011
2133,2065
2143,2065
2133,2019
2129,2022
2123,2055
2121,2021
2123,2023
2107,2045
2112,2088
2099,2023
2103,2007
2089,2065
2092,2056
2083,2061
2081,2065
2083,2071
2068,2063
2059,2072
2056,2041
2056,2058
2043,2056
2039,2065
2035,2070
2031,2024
2029,2065
2015,2054
2023,2072
2013,2019
2012,2043
2001,2063
1995,2038
2002,2031
2011,2056
2002,2037
1999,2068
1994,2039
1995,2029
1995,2068
2000,2025
1995,2047
2008,2044
2008,2064
2010,2029
2015,2029
2018,2011
2024,2079
2021,2001
2021,2036
2027,2015
2034,2053
2034,2063
2041,2052
2037,2015
2047,2011
2052,2076
2069,2039
2069,2028
2072,2009
2073,2056
2083,2034
2093,2080
2093,2023
2091,2044
2101,2077
2103,2063
2112,2008
2119,2045
2117,2044
2123,2067
2132,2033
2127,2062
2129,2055
2141,2063
2131,2063
2139,2041
2140,2067
2135,2045
2154,2020
2148,2063
2143,2041
2135,2029
2143,2055
2141,2069
2133,2059
2129,2081
2133,2069
2132,2043
2126,2042
2119,2030
2125,2051
2107,2089
2111,2051
2099,2065
2103,2048
2100,2064
2094,2020
2092,2056
2081,2057
2076,2035
2067,2080
2065,2037
2063,2092
2048,2019
2035,2063
2051,2082
2040,2020
2025,2023
2025,2021
2012,2072
2000,2027
2011,2012
2008,2095
1995,2063
2005,2071
2003,2076
1996,2007
1999,2048
2002,2024
2001,2017
1992,2055
1993,2029
1995,2048
1997,2059
1994,1997
1997,2080
2000,2072
1997,2031
2003,2083
2007,2035
2008,2045
2013,2025
2020,2059
2016,2079
2023,2066
2024,2021
2028,2021
2033,2095
2038,2009
2041,2063
2047,2025
2057,2064
2063,2077
2072,2056
2072,2035
2078,2055
2075,2057
2079,2063
2087,2039
2094,2039
2099,2026
2107,2027
2104,2005
2108,2027
2110,2023
2119,2067
2124,2063
2119,2003
2127,2030
2119,2071
2135,1995
2135,2020
2135,2041
2132,2028
2131,2005
2129,2065
2136,2072
2128,2017
2126,2007
2123,2031
2120,1989
2107,2038
2107,2076
2107,2011
2107,2015
2103,2013
2096,2068
2092,2034
2089,2012
2076,2071
2083,2073
2075,2058
2057,2029
2056,2025
2067,2053
2057,2023
2029,2075
2040,2056
2030,2035
2024,2012
2020,2019
2020,2073
2007,2011
2007,2064
2000,2040
2008,2027
1997,2054
1987,2041
1992,2008
1992,2048
1988,2025
1977,2065
1982,2017
1981,2041
1992,2072
1971,2030
1981,2015
1977,2066
1980,2037
1992,2040
1994,2027
1989,2071
1993,2042
1996,2025
1999,2019
2001,2035
2011,2043
2016,2075
2020,2024
2019,2060
2026,2027
2027,2045
2037,2053
2055,2031
2045,2019
2060,2033
2068,2033
2059,2039
2071,2047
2079,2071
2088,2064
2083,2063
2089,2045
2100,2063
2115,2033
2107,2027
2099,2073
2120,2053
2119,2060
2129,2027
2135,2074
2140,2019
2133,2067
2137,2064
2145,2043
2152,2077
2152,2011
2148,2019
2155,2041
2153,2067
2145,2079
2143,2005
2145,2045
2132,2023
2136,2039
2134,2071
2123,2054
2130,2027
2120,2063
2117,2080
2115,2065
2107,2075
2107,2007
2091,2031
2097,2034
2091,2072
2089,2072
2081,2058
2079,2005
2076,2037
2065,2044
2057,2015
2063,2023
2053,2027
2048,2079
2039,2036
2033,2029
2019,2041
2024,2020
2016,2047
2014,2065
2010,2015
2007,2062
1995,2059
2004,2003
2007,2048
2001,2037
1993,1993
1997,2071
1994,2042
2004,2027
1997,2037
1999,2026
1991,2055
1996,2010
1998,2027
1997,2088
1995,2043
2007,2072
2007,2019
2003,2026
2009,2047
2009,2051
2011,2054
2023,2021
2027,2051
2035,2075
2037,2068
2029,2048
2051,2003
2054,1993
2055,2064
2071,2076
2065,2058
2073,2025
2077,2012
2081,2067
2077,2063
2093,2068
2096,2015
2089,2054
2105,2019
2104,2053
2105,2021
2118,2056
2122,2035
2107,2039
2119,2063
2129,2021
2132,2039
2129,2007
2135,2007
2133,2058
2128,2077
2132,2019
2124,2065
2127,2056
2128,2024
2122,2008
2125,2017
2117,2072
2118,2013
2115,2056
2110,2056
2104,2029
2101,2034
2099,2066
2083,2013
2086,2017
2083,1993
2083,2003
2063,2088
2071,2011
2059,2033
2055,2045
2048,2063
2043,2040
2036,2039
2021,2045
2017,2077
2022,2022
2008,2054
2012,2043
1997,2072
2003,2021
1998,2003
2001,2025
1999,2078
1989,2063
1993,2009
1993,2063
1979,2040
1992,2025
1993,2023
1991,2009
1991,2041
1993,2036
1992,2027
1995,2080
1998,2018
1987,2045
2002,2067
2008,2056
2012,2070
2011,2075
2011,2029
2017,2068
2019,2045
2029,2073
2028,2055
2038,2019
2043,2008
2055,2015
2062,2064
2063,2039
2057,2025
2076,2066
2075,2041
2081,2053
2088,2071
2096,2001
2100,2027
2109,2043
2112,2017
2094,2033
2119,2068
2120,2044
2128,2023
2128,2019
2133,2003
2135,2059
2135,2012
2142,2015
2149,2059
2133,2047
2139,2007
2145,2024
2151,2007
2151,2037
2144,2033
2143,2068
2133,2028
2139,2035
2133,2042
2127,2069
2133,2031
2128,2023
2124,2045
2123,2027
2112,2046
2108,2044
2097,2056
2104,2025
2099,2059
2078,2072
2085,2066
2071,2025
2071,2057
2063,2058
2065,2063
2063,2045
2060,2065
2039,2072
2042,2033
2025,2048
2026,2066
2030,2045
2016,2015
2024,2057
2016,2017
2012,2080
2003,2043
2009,2037
2006,2045
2003,2052
2008,2024
2005,2027
2011,2052
1995,2011
2005,2032
2003,2052
2004,2029
2003,2056
2007,2017
2008,2023
2003,2080
2009,2057
2022,2048
2017,2069
2023,2068
2032,2035
2025,2075
2039,2021
2043,2060
2043,2040
2059,2001
2063,2088
2068,2004
2067,2064
2073,2011
2076,2056
2073,2021
2092,2048
2096,2042
2098,2070
2103,2047
2105,2084
2107,2041
2120,2051
2120,2045
2124,2058
2128,2053
2136,2066
2137,2029
2141,2033
2147,2073
2142,2015
2149,2025
2143,2063
2143,2072
2147,2017
2148,2035
2139,2039
2145,2070
2143,2034
2139,2044
2135,2042
2131,2015
2135,2076
2134,2035
2129,2060
2119,2030
2124,2023
2107,2076
2111,2021
2104,2027
2087,2076
2099,2015
2080,2027
2076,2059
2076,2073
2077,2070
2055,2063
2063,2063
2053,2053
2043,2003
2035,2056
2023,2075
2023,2009
2023,2021
2007,2072
2011,2044
2010,2072
2012,2075
1995,2063
1996,2045
1997,2071
1987,2056
1981,2058
1987,2019
1980,2036
1985,2064
1973,2055
1983,2064
1974,2069
1982,2029
1975,2040
1989,2076
1983,2068
1984,2019
1989,2056
1993,2012
1998,2073
2000,2029
1999,2032
2009,2035
2010,2043
2017,2018
2020,2036
2020,2025
2024,2048
2035,2040
2041,2012
2039,2058
2055,2060
2060,2011
2063,2039
2063,2080
2075,2011
2071,2066
2084,1995
2086,2030
2083,2054
2096,2061
2103,2054
2107,2070
2112,2001
2107,2024
2120,2037
2124,2046
2119,2047
2136,2009
2128,2027
2136,2028
2132,2046
2119,2016
2137,2039
2135,2040
2136,2025
2135,2003
2120,2055
2128,2033
2124,2009
2115,2058
2120,2027
2109,2008
2103,2025
2108,2008
2107,2030
2093,2060
2100,1996
2088,2041
2088,1996
2087,2080
2067,2071
2072,2017
2069,2057
2057,2031
2063,2088
2056,2025
2040,2059
2042,2073
2036,2021
2029,2052
2030,2020
2018,2068
2016,2075
2016,2043
2011,2031
2009,2026
2001,2063
2007,2056
1995,2065
2007,2047
2003,2029
2000,2041
2003,2052
2006,2033
2000,2082
2003,2036
1999,2053
2009,2044
2008,2025
2011,2001
2008,2019
2020,2023
2017,2030
2022,2079
2028,2039
2031,2053
2034,2025
2044,2009
2055,2056
2043,1992
2055,2034
2063,2076
2067,1998
2073,2065
2076,2071
2085,2038
2088,2033
2092,2041
2103,2015
2107,1995
2109,2015
2112,2066
2103,2011
2121,2008
2131,2040
2131,2011
2129,2039
2130,2026
2141,2003
2152,2041
2144,2063
2152,2051
2147,2017
2153,2031
2149,2019
2151,2033
2152,2045
2147,2065
2147,2026
2151,2053
2143,2011
2137,2031
2142,2055
2139,2032
2132,2025
2131,2065
2119,2077
2120,2064
2119,2071
2112,2056
2114,2020
2096,2024
2100,2038
2092,2017
2075,2039
2081,2038
2073,2013
2065,2025
2063,2056
2059,2027
2048,2006
2055,2040
2036,2068
2029,2025
2033,2011
2031,2013
2026,2053
2021,2011
2015,2044
2015,2063
2010,2043
1995,2037
2005,1989
2009,2067
2002,2028
2003,2064
1995,2019
1998,1987
1996,2008
2004,2059
2000,2063
2001,2044
2000,2054
2003,2008
2007,2058
2010,2056
2016,2001
2015,2067
2018,2060
2017,2057
2025,2032
2030,2032
2034,2048
2029,2040
2045,2029
2053,2027
2055,2017
2063,2058
2063,2023
2069,2057
2065,2063
2085,2063
2084,2063
2089,2065
2097,2021
2089,2055
2099,2029
2107,2024
2119,2039
2117,2021
2123,2039
2123,2033
2119,2023
2129,2043
2128,2071
2136,2024
2136,2011
2135,2047
2133,2056
2136,2088
2138,2040
2135,2027
2138,2066
2136,2047
2132,2028
2133,2065
2120,2038
2135,2044
2119,2079
2119,2043
2109,2043
2099,2080
2108,2080
2105,1997
2089,2017
2089,2037
2076,2041
2076,2040
2081,2019
2072,2071
2068,2025
2063,2043
2041,2025
2035,2063
2027,2045
2038,2041
2035,2065
2024,2033
2015,2025
2011,2079
2007,2010
1987,2063
1995,2044
1995,2034
1998,2043
1987,2061
1988,2020
1993,1989
1981,2054
1996,2025
1977,2035
1973,2066
1984,2045
1989,2055
1977,2059
1982,2070
1979,2061
1984,2040
1996,2039
2000,2070
1993,2040
2011,2021
2008,1996
2007,2041
2015,2041
2019,2058
2027,2062
2028,2087
2032,2024
2035,2043
2039,2021
2041,2063
2059,2027
2057,2047
2067,2021
2072,2036
2078,2032
2079,2041
2090,2028
2085,2041
2091,2057
2104,2029
2105,2035
2104,2067
2115,2048
2118,2011
2132,2041
2130,2054
2136,2068
2136,2039
2132,2041
2141,2029
2137,2046
2144,2020
2136,2040
2140,1996
2135,2073
2139,2043
2139,2055
2131,2035
2137,2054
2127,2053
2135,2035
2128,2064
2133,2025
2127,2056
2117,2024
2107,2035
2105,2018
2107,2025
2101,2042
2091,2026
2088,2063
2092,2017
2080,2017
2075,2005
2065,2069
2067,2027
2065,2040
2053,2067
2051,2053
2042,2077
2038,2023
2025,2026
2030,2037
2025,2040
2017,2033
1993,2070
2011,2034
2015,2021
2009,2047
2005,2056
2008,2025
2008,2017
2001,2028
2008,2040
2004,2066
1997,2025
2011,2056
2002,2037
2012,2007
2005,2063
2004,2058
2017,1997
2012,2009
2024,2034
2027,2071
2027,2031
2025,2056
2036,2001
2036,2060
2046,2008
2043,2025
2054,2028
2057,2041
2071,2033
2070,2023
2076,2063
2079,2045
2095,2040
2091,2005
2088,2054
2097,2021
2104,2041
2103,2048
2115,2062
2114,2024
2120,2019
2124,2015
2122,2019
2129,2025
2125,2029
2136,2029
2135,2033
2141,2044
2143,2036
2137,2065
2136,2054
2148,2023
2135,2025
2141,2054
2141,2015
2142,2039
2138,2041
2131,2066
2128,2041
2127,2001
2129,2041
2105,2027
2118,2071
2106,2063
2104,2070
2099,2057
2093,2056
2083,1989
2083,2063
2091,2035
2071,2091
2071,2063
2065,2024
2063,2035
2047,2060
2040,2028
2040,2056
2037,2055
2027,2080
2017,2065
2024,2005
2014,2048
2009,2029
2013,2002
1996,2039
2004,2072
2003,2076
2000,2060
1989,2024
1996,2042
1996,2023
1997,2011
1994,2078
1984,2057
1993,2034
1992,2040
1997,2060
1993,2005
1999,2072
2003,2033
2002,1979
2008,2023
2003,2039
2003,2037
2017,2072
2016,2036
2021,2045
2023,2065
2026,2052
2025,2072
2042,2041
2056,2063
2046,2053
2064,2063
2070,2019
2063,2044
2063,2043
2085,2017
2086,2041
2081,2047
2095,2070
2104,2039
2105,2054
2109,2037
2115,2019
2117,2058
2125,2027
2123,2032
2129,2065
2132,2056
2135,2040
2133,2025
2139,2056
2138,2006
2143,2010
2143,2039
2140,2063
2131,2063
2140,2065
2145,2031
2135,2031
2129,2057
2127,2064
2121,2077
2133,2008
2122,2029
2117,2068
2112,2070
2110,2069
2103,2040
2091,2040
2097,2029
2083,2072
2088,1987
2080,2052
2069,2044
2068,2044
2059,2076
2057,2024
2039,2021
2042,2064
2031,2067
2034,2072
2032,2076
2020,2023
2018,2040
2010,2015
2012,2067
2007,2007
1997,2043
1992,2065
1995,2036
1993,2045
1989,2039
1981,2019
1983,2040
1981,2028
1980,2063
1991,2039
1980,2067
1991,1999
1984,2032
1982,2035
1997,2025
1996,2041
1992,2063
2001,2033
2003,2076
2009,2031
2008,2084
2020,2043
2019,2028
2023,2044
2024,2029
2024,2037
2029,2042
2037,2071
2037,2068
2053,2063
2064,2003
2063,2036
2065,2069
2071,1991
2080,2040
2084,2066
2079,2005
2091,2057
2096,2003
2099,2023
2100,2067
2107,2038
2120,2017
2119,2024
2125,2071
2131,2067
2134,2043
2123,2023
2136,2057
2136,2021
2143,2063
2132,2072
2127,2077
2131,2048
2136,2059
2133,1992
2125,2060
2129,2061
2129,2037
2119,2063
2120,2037
2120,2009
2115,2029
2110,2039
2095,2032
2101,2024
2092,2034
2092,2043
2093,2075
2073,2024
2079,2076
2077,2064
2069,2041
2064,2017
2053,2019
2055,2017
2044,2027
2027,2067
2035,2015
2025,2070
2024,2020
2023,2019
2019,2041
2011,2035
2003,2085
1999,2060
1999,2040
2002,2029
2000,2007
1993,2068
1995,2060
1996,2045
1989,2070
1997,2043
1994,2033
2006,2065
2000,2025
1995,2032
1995,1995
2001,2063
2008,2044
2012,2075
2011,2029
2008,2072
2012,2056
2015,2011
2033,2021
2016,2043
2028,2021
2040,2043
2040,2035
2040,2065
2057,2054
2066,2040
2059,2068
2063,2013
2079,2025
2085,2023
2088,2027
2083,2061
2091,2023
2100,2040
2088,2045
2113,2057
2112,1999
2107,2017
2117,2063
2123,2056
2120,2079
2125,2003
2138,2031
2125,2063
2127,2032
2136,2007
2140,2053
2131,2043
2135,2077
2131,2059
2133,2047
2132,2021
2132,2065
2120,2011
2117,2056
2119,2060
2105,2047
2102,2066
2107,2034
2093,2048
2089,2043
2103,2035
2096,2067
2081,2048
2083,2041
2079,2024
2070,2005
2068,2026
2063,2069
2063,1995
2041,2031
2044,2010
2035,2080
2032,2053
2029,2071
2020,2063
2011,2044
2015,2040
2008,2041
1995,2056
2003,2087
1997,2045
1994,2075
1992,2079
1987,2078
1995,2063
1995,2071
1991,2088
1984,2079
1981,2019
1979,2063
1992,2015
1997,2060
1993,2053
1995,2060
1997,2024
1995,2077
2001,2041
2004,2019
2008,2079
2007,2015
2007,2063
2023,2080
2019,2065
2028,2017
2035,2009
2033,2036
2031,2056
2045,2043
2064,2036
2063,2022
2057,2009
2072,2063
2074,2039
2071,2057
2088,2064
2089,2040
2094,2023
2100,2067
2107,2069
2116,2073
2113,2027
2106,2033
2123,2028
2127,2042
2131,2064
2128,2037
2143,2029
2141,2057
2147,2043
2148,2019
2141,2047
2139,2060
2137,2091
2140,2011
2141,2051
2137,2063
2129,2044
2135,2035
2131,2064
2129,2077
2115,2089
2119,2048
2110,2040
2110,2075
2102,2041
2092,2035
2088,2087
2091,2024
2077,2072
2076,2038
2073,1989
2057,2063
2057,2043
2055,2040
2051,2009
2036,2040
2033,2091
2029,2036
2024,2057
2015,2058
2016,2025
2003,2077
2004,2076
1994,2059
1999,2055
1993,2059
1984,2055
1987,2043
1977,2069
1979,2022
1984,2054
1980,2035
1984,2005
1980,2063
1979,2080
1977,2035
1990,2026
1994,2061
1987,2072
1992,2019
1993,2044
1995,2042
2003,2027
2004,2079
2006,2032
2010,2024
2016,2036
2024,2053
2024,2041
2035,2072
2024,2043
2037,2044
2053,2056
2056,2063
2063,2009
2072,2025
2072,2019
2071,2029
2080,2044
2089,2056
2083,2075
2093,1993
2100,2021
2097,2040
2109,2055
2111,2056
2109,2027
2117,2042
2130,2080
2118,2067
2132,2080
2129,2047
2134,2024
2137,2001
2133,2053
2145,2039
2135,2080
2138,2045
2135,2039
2131,2072
2139,2021
2122,2063
2119,2063
2123,2043
2119,2078
2120,1997
2114,2041
2100,2072
2106,2063
2103,2019
2087,2080
2089,2071
2091,2045
2076,2008
2073,2043
2072,2063
2075,2025
2055,2071
2057,2063
2058,2037
2051,2033
2029,2077
2032,2027
2021,2060
2022,2048
2020,2033
2007,2035
2012,2017
2009,2062
2004,2045
2008,2055
1997,2027
2000,2019
1992,2059
2008,2039
1997,2028
1997,2070
1993,1993
1989,2068
1996,2038
2002,2071
2009,2063
2004,2013
2008,2039
2005,2044
2005,2035
2017,2035
2020,2020
2017,2043
2027,2068
2032,2088
2029,2019
2033,2071
2040,1993
2043,2037
2057,2069
2064,1991
2063,2069
2048,2003
2072,2058
2083,2046
2083,2040
2085,2044
2088,2051
2089,2037
2093,2065
2107,2035
2103,2036
2119,2019
2125,2045
2121,2025
2132,2027
2132,2029
2124,2054
2136,2027
2139,2045
2137,2029
2137,2041
2143,2020
2140,2063
2133,2079
2130,2048
2139,2027
2135,2060
2129,2077
2132,2021
2125,2067
2115,2041
2112,2063
2103,2033
2117,2065
2112,2063
2104,2063
2099,2053
2090,2067
2088,2020
2088,2063
2080,2064
2069,2055
2063,2015
2067,2040
2054,2021
2056,2066
2037,2065
2036,2060
2027,2068
2031,2039
2019,2063
2011,2080
2016,2019
2008,2024
1996,2056
2000,2023
1997,2076
1995,2041
1991,2056
1995,2029
1995,2063
1998,2028
1990,2013
1991,2007
1987,2055
1987,2074
1992,2009
1987,2064
1993,2052
1992,2030
1996,2008
1993,2056
2000,2065
2002,2040
2004,2019
2009,2037
2018,2063
2016,2031
2033,2076
2032,2039
2033,2020
2036,2031
2040,2044
2048,2009
2057,2033
2063,2040
2071,2008
2076,2065
2075,2056
2073,2037
2088,2045
2094,2027
2094,2055
2097,2080
2103,2044
2107,2071
2107,2045
2119,2011
2123,2019
2121,2039
2117,2055
2131,2072
2129,2023