2135,2024
2125,2058
2133,2072
2131,2079
2131,2030
2122,2063
2128,2004
2125,2034
2124,2083
2118,2029
2118,2080
2112,2035
2103,2036
2105,2009
2109,2017
2105,2079
2097,2080
2093,2089
2098,2041
2080,2029
2083,2027
2071,2071
2074,2065
2067,2072
2055,2045
2062,2042
2042,2070
2035,2065
2032,2017
2029,2041
2028,2052
2017,2076
2019,2052
2013,2036
2008,2068
2009,2025
2003,2048
2001,2024
1999,2029
1993,2056
1989,2046
1977,2070
1982,2039
1992,2020
1987,2033
1989,2027
1991,2080
1999,2064
1993,2041
1997,2017
1996,2025
1993,2039
1999,2037
2009,2033
2010,2016
2011,2032
2013,2017
2022,2027
2022,2019
2026,2036
2028,2080
2034,2080
2037,2072
2051,2009
2039,2051
2044,2060
2066,1997
2068,2044
2077,2065
2081,2027
2088,2041
2087,2060
2094,2019
2092,2075
2099,2070
2104,2069
2115,2037
2108,2072
2127,2005
2128,2071
2123,2003
2133,2063
2133,2080
2140,2080
2140,2079
2139,2035
2150,2044
2139,2067
2136,2040
2147,2037
2139,2056
2130,2057
2123,2042
2131,2060
2133,2072
2123,2034
2124,2023
2124,2023
2106,2028
2110,2007
2107,2042
2112,2088
2103,2058
2096,2053
2089,2059
2081,2076
2080,2056
2074,1989
2063,2055
2063,2071
2053,2084
2044,2068
2033,2055
2037,2053
2029,1985
2024,2063
2016,2072
2011,2069
2008,2007
2007,2033
2007,2063
2003,2041
2000,2003
1991,2072
1980,2029
1991,2071
1980,2060
1989,2054
1992,2029
1976,2062
1976,2037
1986,2056
1989,2067
1977,2063
1997,2051
1992,2068
1995,2012
1999,2021
1994,2063
2004,2065
2000,2059
2008,2040
2011,2079
2013,2011
2016,2044
2025,2059
2029,2071
2025,2076
2035,2040
2039,1993
2041,2077
2055,2035
2055,2037
2055,2072
2063,2043
2067,2073
2080,1993
2087,2015
2095,2003
2101,2019
2098,2031
2096,2025
2101,2036
2108,2009
2103,2069
2115,2043
2126,2080
2122,2029
2119,2053
2131,2065
2132,2026
2127,2007
2121,2068
2129,2063
2132,2053
2124,2023
2115,2034
2115,2052
2120,2011
2118,2037
2108,2058
2099,2015
2101,2071
2106,2066
2103,2013
2103,2067
2084,2046
2091,2063
2075,2060
2076,2029
2069,2037
2066,2052
2064,2035
2055,2066
2060,2057
2043,2057
2039,2088
2044,1995
2037,2042
2026,2080
2023,2063
2023,2071
2018,2044
2018,2063
2008,2037
2007,2033
1999,2003
1997,2047
2001,2033
2001,2043
1995,2063
1995,2037
1999,2063
1993,2054
1995,2077
1999,2005
1999,2067
2001,2043
1993,2063
2008,1991
2009,2075
2009,2060
2009,2029
2016,2066
2021,2045
2015,2035
2027,2025
2034,2023
2031,2043
2040,2015
2051,2057
2063,2040
2065,2054
2070,2017
2067,2007
2078,2083
2080,2037
2077,2063
2095,2043
2094,2048
2104,2019
2108,2035
2108,2019
2113,2055
2120,2075
2123,2060
2127,2064
2133,2034
2137,2040
2137,2005
2147,2009
2139,2040
2139,2043
2146,2056
2149,2021
2139,2001
2149,2069
2147,2032
2139,2048
2144,2101
2143,2013
2136,2072
2131,2015
2133,2065
2133,2005
2129,2019
2124,2023
2121,2029
2107,2027
2115,2042
2108,2021
2103,2074
2101,2067
2098,2079
2090,2072
2080,2039
2071,2007
2063,2025
2059,2080
2053,2017
2056,2067
2038,2042
2027,2012
2035,2068
2028,2030
2027,2078
2019,2072
2015,2066
2003,2022
2003,2028
2007,2039
2003,2072
2001,1993
2002,2035
1997,2025
1995,2022
1987,2062
1989,2006
1995,1999
1991,2063
1993,2019
1999,2073
1995,2040
2007,2045
2000,2039
2005,2068
2005,2025
2012,2039
2012,2024
2011,2039
2019,2041
2028,2068
2036,2017
2035,2053
2040,2072
2048,2076
2056,2065
2067,2011
2066,2024
2067,2061
2075,2025
2079,1991
2079,2061
2081,2053
2089,2057
2102,2003
2093,2071
2102,2029
2115,2021
2109,2041
2128,2051
2124,2019
2129,2056
2131,2076
2137,2044
2136,2064
2135,2088
2133,2023
2139,2019
2145,2011
2137,2067
2134,2039
2140,2041
2136,2024
2136,2052
2130,2023
2128,2071
2128,2027
2123,2063
2117,2084
2119,2039
2105,2035
2111,2056
2101,2027
2101,2052
2101,2040
2087,2051
2086,2019
2079,2030
2075,2054
2068,2021
2063,2037
2053,2025
2039,2076
2039,2063
2035,2066
2030,2015
2019,2039
2016,2063
2013,2005
2007,2025
2009,2063
2001,2025
1991,2024
1991,2053
1981,2060
1986,2063
1989,2007
1977,2014
1975,2056
1976,2025
1977,2072
1977,2019
1981,2053
1977,2035
1971,2059
1983,2043
1984,2003
1984,2043
1987,2030
1992,2023
1997,2071
2000,2029
1999,2019
1993,2026
2005,2066
2013,1987
2016,2033
2024,2027
2019,2003
2025,2057
2038,2015
2043,2077
2039,2068
2045,2074
2063,2029
2069,2007
2065,2043
2065,2072
2076,2011
2079,2023
2081,2017
2088,2036
2107,2063
2101,2011
2111,2048
2115,2054
2107,2034
2107,2019
2124,2029
2129,2015
2124,2012
2126,2018
2135,2068
2131,2056
2134,2009
2131,2041
2129,2051
2132,2071
2130,1993
2123,2035
2119,2018
2125,2033
2118,2048
2112,2002
2104,2053
2106,2017
2102,2011
2096,2019
2093,2063
2088,2028
2077,2065
2073,2080
2079,2030
2075,2015
2067,2035
2053,2054
2063,2060
2054,2057
2039,2074
2028,2048
2023,2072
2027,2005
2027,2017
2016,2040
2003,2052
2005,2021
2005,2071
2003,2029
2004,2051
2003,2015
1993,2025
1999,1996
2000,2019
2000,2048
1996,2065
1987,2068
1995,2043
2000,1999
1991,2017
1999,2075
2000,2011
1997,2066
1996,2078
2014,2067
2016,2015
2009,2036
2019,2033
2018,2026
2031,2063
2021,2029
2027,2046
2047,2040
2041,2028
2053,2042
2058,2057
2063,2029
2075,2071
2081,2034
2073,2040
2087,2013
2085,2029
2091,2035
2104,2025
2104,2037
2108,2023
2118,2043
2109,2047
2110,2020
2128,2031
2135,2039
2138,2023
2140,2007
2136,2023
2143,2047
2142,2007
2147,2030
2151,1987
2147,2057
2147,2024
2145,2055
2147,2035
2135,2042
2147,2019
2145,2056
2132,2061
2135,2011
2129,2043
2131,2033
2129,2056
2119,2056
2103,2035
2106,2066
2101,1991
2091,2072
2099,2072
2088,2059
2089,2067
2080,2015
2063,2053
2071,2075
2064,2025
2063,2072
2040,2007
2040,2042
2029,2036
2032,2027
2027,2007
2022,2063
2015,2019
2011,2024
2009,2015
2005,2056
2004,2011
1995,2052
1993,2036
1997,2007
1992,2066
1992,2041
1984,2029
1997,2063
1994,2011
1979,2072
1993,2035
1987,2033
1995,2063
2000,2025
1995,2025
2002,2031
2003,2040
2012,2063
2015,2076
2003,2043
2016,2003
2021,2057
2031,2044
2039,2074
2038,2024
2043,2057
2039,2036
2041,2013
2067,2039
2063,2073
2069,1995
2073,2037
2087,2053
2085,2068
2087,2047
2098,2056
2099,2042
2107,2018
2107,2058
2105,2059
2128,2025
2121,2034
2132,2055
2136,2011
2131,2039
2138,2031
2135,2028
2143,2056
2148,2038
2139,2073
2144,2017
2136,2019
2141,2053
2147,2044
2137,2071
2142,2063
2136,2073
2134,2023
2129,2059
2128,2048
2121,2063
2119,2041
2117,2072
2105,2007
2108,2070
2096,2021
2101,2019
2087,2038
2088,2033
2083,2071
2072,2029
2071,2044
2063,2064
2053,2044
2056,1992
2042,2041
2040,2080
2029,2023
2023,2046
2024,2044
2021,2043
2009,2063
1999,2066
1997,2050
1999,2040
2008,2029
1995,2054
1992,2025
1997,2044
1993,2056
1981,2021
1993,2033
1989,2052
1983,2025
1991,2059
1979,2009
1996,2030
1995,2043
2002,2034
1984,2066
2005,2053
2007,1995
2003,2071
2012,2056
2020,2067
2020,2009
2026,2025
2027,2077
2025,2056
2038,2007
2037,2036
2043,2045
2056,2058
2068,2075
2068,2009
2059,2029
2065,2024
2081,2060
2082,2036
2091,2007
2092,2012
2091,2029
2104,2048
2110,2028
2109,2055
2117,2041
2115,2043
2120,2067
2128,2011
2131,2056
2136,2040
2133,2027
2137,2029
2136,2039
2135,2004
2135,2056
2139,1995
2133,2033
2136,2044
2136,2012
2131,2029
2125,2042
2129,2031
2127,2053
2123,2080
2109,2015
2108,2076
2103,2068
2104,2017
2102,2060
2093,2040
2083,2087
2081,2075
2073,2029
2081,2037
2072,2041
2056,2071
2056,2017
2060,2015
2040,2040
2041,2030
2032,1992
2032,2048
2027,2037
2022,2025
2011,2040
2015,2035
2008,2039
2007,2063
2000,2072
1995,2065
1992,2035
1992,2059
1986,2056
2001,2023
1993,2064
2000,2036
1989,2045
1997,2034
1992,2064
1993,2061
1996,2035
2003,2037
2006,2076
1997,2041
2007,2007
2018,2023
2018,2044
2015,2038
2023,2037
2024,2035
2023,2035
2039,2035
2045,2065
2043,2019
2055,2095
2060,2059
2063,2043
2074,2060
2077,2045
2080,2024
2073,2063
2087,2044
2096,2036
2099,2057
2103,2072
2104,2043
2109,2040
2120,2071
2120,1981
2117,2021
2137,2029
2123,2039
2136,2063
2136,2027
2137,2066
2138,2021
2147,2075
2136,2078
2146,2032
2148,2039
2133,2053
2129,2063
2129,2047
2132,2075
2139,2052
2133,2070
2130,2033
2119,2056
2120,2039
2124,2005
2110,2044
2117,2052
2099,2065
2105,2029
2088,1991
2087,2062
2084,2025
2089,2035
2069,2042
2072,2003
2057,2075
2056,2057
2041,2039
2035,2023
2035,2056
2029,2025
2021,2071
2019,2055
2018,2063
2015,2057
2011,2077
2007,2011
2008,2057
2004,2019
2000,2080
2003,2076
1995,2037
2000,2021
2003,2028
1995,2048
1991,2009
1993,2063
2000,2019
1994,2024
2003,2075
2002,2040
2004,2057
2008,2057
2007,2044
2007,2077
2016,2019
2024,2069
2028,2017
2033,2078
2035,2037
2037,2015
2041,2029
2063,2080
2061,2004
2072,2069
2071,2008
2074,2003
2079,2067
2085,2040
2083,2041
2089,2048
2103,2070
2104,2023
2108,2023
2111,2063
2120,2013
2130,2055
2128,2059
2123,2088
2140,2076
2133,2073
2139,2033
2147,2007
2137,2075
2143,2060
2157,2030
2152,2017
2148,2060
2145,2034
2148,2071
2145,2044
2143,2040
2144,2025
2131,2071
2135,2044
2140,2069
2125,2055
2128,2064
2121,2080
2123,2059
2116,2003
2103,2043
2107,2036
2107,2057
2093,2039
2088,2059
2088,2038
2083,2065
2075,2069
2068,2021
2067,2046
2061,2017
2042,2025
2038,2061
2039,1997
2032,2063
2027,2040
2021,2072
2023,2072
2016,2063
2011,2021
2008,2071
2005,2069
2005,1987
2005,2036
2007,2089
1993,2079
1993,2056
1999,2060
1989,2080
1987,2065
1998,2045
1996,2024
1995,2032
2005,2068
2007,2035
2001,2048
2009,2024
2011,2067
2015,2067
2009,1993
2021,2023
2026,2007
2027,2045
2032,2017
2040,2019
2047,2027
2048,2004
2057,2025
2056,2009
2068,2015
2071,2019
2075,2013
2078,2043
2080,2017
2092,2057
2096,2040
2099,2032
2105,2060
2115,2047
2106,2036
2107,2056
2120,2064
2121,2015
2132,2042
2137,2058
2134,2013
2140,2009
2138,2025
2135,2065
2136,2027
2140,2033
2140,2078
2137,2040
2143,2053
2136,2053
2138,2027
2131,2063
2128,2040
2121,2069
2122,2030
2123,2039
2101,2015
2107,2025
2108,2033
2099,2037
2097,2071
2092,2055
2089,2039
2080,2029
2069,2001
2072,2054
2072,2043
2069,2038
2056,2076
2047,2065
2043,2075
2040,2019
2031,2073
2030,2053
2024,2023
2020,2017
2016,2068
2010,2017
2008,2025
2003,2071
1992,2030
1996,2087
1990,2015
1998,2056
2000,2039
1993,2056
1992,2039
1999,2042
1992,2011
1999,2001
1989,2064
1999,2007
1992,2080
2002,2071
2006,2039
2007,2076
2012,2011
2010,2011
2020,2011
2015,2068
2029,2005
2028,2008
2027,2027
2039,2076
2046,2072
2048,2019
2063,2012
2065,2044
2067,2043
2075,2036
2076,2078
2084,2072
2083,2023
2089,2041
2096,2030
2100,2028
2103,2074
2101,2044
2113,2044
2108,2004
2124,2072
2131,2027
2123,2021
2131,2063
2129,2015
2138,2023
2140,2070
2147,2022
2123,2048
2146,2037
2140,2063
2137,2070
2143,2058
2135,2068
2132,2019
2137,2021
2132,2027
2134,2072
2121,2061
2109,2039
2117,2040
2105,2080
2115,2076
2106,2043
2102,2077
2097,2009
2085,2059
2090,2021
2073,2063
2069,2043
2073,2065
2063,1995
2060,2024
2041,2065
2043,2005
2040,2080
2029,2038
2040,2020
2021,2048
2024,2043
2025,2040
2008,2047
2010,2012
2009,2039
1997,2036
1999,2038
2007,2021
2003,2056
2000,2043
1991,2040
2000,2063
1996,2053
1997,2005
2000,2027
2008,2019
2003,2063
2002,2039
2011,2065
2009,2030
2017,2055
2020,2035
2022,2056
2019,2013
2026,2059
2030,2023
2039,2064
2033,2078
2029,2044
2057,2027
2063,2029
2057,2063
2072,2023
2075,1993
2074,2033
2088,2076
2095,2038
2091,2040
2100,2056
2091,2040
2107,2027
2106,2012
2111,2078
2120,2019
2124,1996
2116,2015
2132,2019
2147,2019
2131,2025
2147,2025
2139,2080
2135,2031
2148,2037
2143,2038
2149,2013
2139,2015
2138,2005
2143,2043
2139,2059
2136,2041
2131,2065
2117,2033
2129,2078
2125,2070
2127,2063
2115,2056
2119,2043
2104,2044
2107,2033
2103,2029
2103,2071
2093,2015
2085,2042
2079,2013
2076,2035
2063,2061
2068,2027
2063,2035
2057,2097
2041,2031
2032,2022
2026,2025
2025,2039
2029,2037
2011,2071
2017,2031
2002,2044
1998,2027
2001,2070
1999,2040
1999,2041
1997,2023
1995,2043
1992,2017
1989,2059
1989,2021
1992,2027
1996,2080
1979,2059
1989,2054
1992,2019
1993,2069
1995,2035
1994,2060
1995,2070
2007,2019
2009,1997
2011,2011
2013,2005
2021,2021
2020,2003
2021,2063
2029,2063
2027,2039
2027,2051
2039,2031
2052,2068
2055,2011
2059,2038
2065,2023
2073,2038
2071,2034
2083,2040
2084,2067
2094,2045
2094,2019
2099,2040
2110,2025
2120,2059
2121,2027
2123,2027
2128,2063
2131,2040
2129,2033
2137,2070
2140,2036
2135,2046
2140,2015
2142,2052
2139,2035
2148,2068
2138,2019
2140,2056
2131,2072
2139,2073
2133,2036
2133,2054
2128,2011
2120,2033
2109,2054
2108,2037
2107,2064
2112,2066
2108,2026
2103,2019
2089,2007
2100,2036
2085,2065
2083,2065
2076,2005
2065,2072
2067,2027
2066,2017
2056,2048
2051,2056
2033,2029
2040,2048
2023,2017
2030,2032
2021,2075
2024,2072
2020,2019
2015,2039
2005,2042
2008,2011
2005,2024
2003,2046
2000,2041
2001,2072
2002,2024
2003,2033
2001,2007
2006,2072
2004,2041
2008,2024
2005,2053
2008,2025
2007,2053
2008,2021
2011,2066
2011,2018
2021,2021
2023,2004
2027,2066
2030,2023
2035,2031
2033,2043
2048,2048
2055,2043
2058,2007
2057,2057
2067,1997
2078,2029
2067,2063
2080,2030
2077,2008
2091,2039
2099,2044
2099,2037
2104,2021
2104,2020
2112,2056
2115,2054
2121,2035
2120,2041
2112,2011
2128,2044
2132,2053
2128,2021
2139,2056
2139,2003
2133,2036
2137,2043
2135,2068
2135,2030
2138,2067
2134,2003
2131,2056
2132,2025
2119,2072
2124,2019
2119,2009
2115,2064
2107,2021
2101,2027
2107,2063
2101,2025
2094,2007
2092,2012
2085,2012
2079,2063
2080,2068
2074,2019
2063,2058
2057,2001
2063,2072
2046,2033
2037,2075
2038,2026
2028,2056
2027,2028
2015,2007
2024,2027
2009,2071
2005,2073
2007,2074
2001,2091
2000,2071
1993,2076
1996,2056
1987,2019
1989,2076
1987,2034
1999,2024
1992,2060
1987,2055
1979,2066
1994,2022
2001,2043
1995,2031
2004,2011
1996,2043
2004,2078
2008,2012
2007,2025
2012,2048
2007,2073
2020,2056
2021,2026
2024,2063
2024,2063
2026,2035
2039,2030
2047,2057
2056,2060
2044,2067
2055,2059
2067,2036
2067,2017
2078,2070
2083,2047
2081,2064
2088,2040
2089,2068
2100,2025
2103,2037
2111,2055
2112,2055
2121,2063
2122,2048
2127,2071
2127,2072
2133,2080
2136,2035
2131,2058
2137,2044
2135,2072
2134,2067
2139,2080
2133,2038
2129,2054
2136,2035
2136,2037
2121,2047
2123,2026
2122,2051
2124,2011
2117,2056
2108,2035
2104,2071
2102,2054
2089,2065
2094,2080
2087,2078
2087,2051
2080,2057
2076,2037
2063,2033
2063,2020
2058,2043
2056,2054
2042,2072
2039,2059
2037,2068
2027,2072
2016,2063
2015,2053
2011,2035
2010,2035
2003,2054
2000,2073
1987,2061
1999,2040
1991,2063
1992,2029
1984,2069
1984,2041
1982,2071
1976,2071
1987,2029
1982,2068
1987,2007
1993,2063
1987,2060
1980,2039
1983,2015
1987,2057
1998,2079
2001,2035
2001,2056
2011,2017
2011,2066
2007,2020
2020,2064
2024,2034
2029,2041
2037,2029
2035,2067
2039,2025
2056,2068
2063,2067
2065,2011
2072,2017
2071,1993
2088,2042
2084,2033
2092,1997
2091,2035
2105,2027
2101,2053
2112,2055
2119,2036
2127,2043
2128,2067
2129,2071
2128,2060
2136,2011
2138,2063
2139,2073
2146,2017
2146,2043
2148,2043
2143,2054
2152,2062
2137,2027
2143,2010
2140,2056
2139,2044
2132,2059
2136,1992
2121,2063
2127,2081
2124,2025
2122,2011
2108,2072
2111,2021
2111,2078
2104,2058
2091,2035
2087,2042
2089,2036
2080,2035
2078,2012
2075,2056
2071,2015
2053,2062
2048,2077
2043,2025
2041,2025
2033,2031
2028,2025
2017,2071
2024,2025
2015,2003
2008,2035
2012,2072
2008,2043
2008,2029
1998,2021
2007,2067
1996,2064
2003,2056
1998,2035
2001,2032
2003,2037
1984,2045
1995,2063
2004,2076
2003,2067
2003,2023
2004,2067
2009,2076
2004,2023
2015,2063
2024,2009
2019,2071
2027,2043
2024,2037
2032,2055
2040,2011
2043,2031
2052,2048
2058,2065
2057,2025
2071,1994
2067,2035
2080,2021
2077,2062
2083,2080
2088,2019
2088,2041
2096,2040
2093,2037
2103,2056
2109,2072
2104,2057
2119,1997
2128,2011
2123,2053
2136,2048
2132,2039
2132,2035
2136,2021
2136,2059
2140,2019
2140,2068
2137,2034
2135,2007
2133,2009
2128,2035
2135,2041
2134,2055
2127,2063
2120,2043
2123,2043
2109,2063
2112,2046
2107,2005
2097,2060
2103,2072
2087,2067
2083,2075
2077,2028
2080,2024
2076,2023
2064,2039
2068,2063
2065,2048
2039,2037
2048,2030
2041,2035
2028,2067
2026,2040
2020,2075
2019,2071
2013,2064
2003,2074
1998,2071
2000,2009
1996,2036
2002,2066
1991,2029
1992,2072
1992,2015
1989,2066
1988,2011
1985,2033
1977,2039
1992,2065
1975,2076
1992,2004
1977,2080
1984,1997
1997,2037
1992,2073
1999,2027
2007,2064
2008,2056
1999,2023
2007,2059
2012,2041
2028,2076
2026,2057
2023,2056
2035,2022
2043,2056
2042,2017
2041,2060
2056,2023
2057,2063
2073,2044
2071,2074
2073,2009
2080,2001
2083,2044
2089,2016
2096,2021
2098,2076
2107,2058
2104,2026
2114,2067
2127,2063
2121,2040
2127,2064
2135,2056
2133,2043
2125,2021
2142,2079
2141,2031
2144,2018
2144,2071
2144,2029
2135,2067
2141,2066
2131,2093
2129,2073
2121,2065
2113,2037
2131,2039
2117,2069
2124,2021
2101,2030
2109,2048
2099,2008
2097,2043
2093,2055
2099,2040
2089,2031
2077,2054
2071,2021
2072,2025
2069,2039
2059,2068
2056,2071
2044,2029
2045,2004
2039,2048
2033,2073
2027,2019
2018,2007
2019,2065
2010,2056
2001,2006
2004,2040
1997,2056
1999,2053
2000,2025
1990,2039
1979,2062
1996,2039
1987,2060
1987,2072
1975,2056
1977,2023
1994,2036
1979,2067
1981,2040
1988,2027
1999,2011
1999,2054
2000,2020
2005,2035
2007,2060
2009,2074
2009,2038
2016,2070
2022,2056
2023,2027
2025,2072
2039,2020
2033,2059
2040,2055
2040,2045
2055,2026
2066,2035
2065,2063
2071,2067
2079,2058
2080,2023
2089,2031
2092,2040
2101,2058
2101,2063
2104,2019
2112,2035
2107,2057
2124,2083
2132,2031
2136,2066
2131,2053
2140,2003
2137,2024
2133,2061
2137,2028
2139,2031
2133,2070
2147,2075
2140,2073
2133,2033
2136,2026
2129,2069
2131,2027
2137,2032
2109,2066
2119,2075
2129,2040
2113,2044
2112,2026
2101,2067
2106,2076
2094,2023
2097,2062
2092,2044
2088,2054
2081,2005
2071,2064
2075,2056
2063,1999
2063,2071
2054,2063
2044,2025
2033,2068
2034,2041
2031,2040
2032,2072
2018,2015
2011,2019
2005,2065
2003,2040
2008,2036
2005,1993
2000,2089
1996,2056
1993,2017
2001,2043
1991,2073
1996,2027
1995,1990
1989,2048
2001,2036
2001,2039
2001,1997
2005,2019
1993,2072
2001,2071
2007,2066
2015,2039
2012,2005
2019,2029
2024,2017
2029,2035
2033,2019
2029,2061
2029,2056
2039,2075
2053,2067
2048,2011
2063,2007
2073,2024
2077,2025
2075,2025
2073,2044
2085,2068
2088,2013
2087,2027
2103,2036
2103,2064
2105,2019
2104,1975
2115,2037
2124,2019
2129,2051
2125,2068
2129,2035
2124,2044
2135,2040
2135,2007
2137,2054
2132,2061
2137,2045
2139,1989
2133,2021
2123,2037
2133,2053
2128,2028
2127,2063
2125,2035
2120,2038
2121,2076
2107,2040
2109,2059
2112,2007
2100,2045
2100,2040
2088,2067
2092,2029
2077,2035
2079,2065
2080,2079
2075,2062
2057,2009
2051,2053
2043,2076
2037,2080
2039,2021
2029,2059
2033,2056
2023,1993
2026,2029
2016,2040
2011,2027
2011,2056
2004,2035
2007,2048
1996,2079
1989,2044
1993,2066
1999,2035
1988,2071
1999,2027
1993,2071
1987,2080
1989,2079
1994,2033
1989,2022
1996,2023
1995,2037
2001,2088
2003,2059
2012,2081
2009,2029
2003,2069
2014,2058
2020,2019
2027,2027
2026,2024
2023,2056
2039,2034
2055,2055
2055,2027
2063,2080
2055,2053
2071,2036
2071,2027
2077,2045
2084,2019
2087,2008
2099,2039
2093,2066
2102,2048
2093,2088
2100,2027
2107,2063
2113,2026
2123,2018
2121,2035
2131,2041
2136,2025
2131,2051
2137,2068
2133,2007
2135,2025
2143,2056
2143,1996
2140,2060
2139,2045
2143,2045
2143,2013
2136,2056
2133,2042
2121,2021
2129,2021
2123,2052
2123,2048
2117,2055
2104,2064
2107,2031
2104,2011
2103,2045
2087,2066
2080,2053
2073,2009
2079,2040
2076,2019
2063,2040
2071,2011
2066,2021
2055,2067
2029,2057
2029,2031
2036,2055
2033,2053
2023,2068
2016,2067
2016,2011
2011,2071
1999,2043
2007,2029
1997,2071
2000,2046
1991,2037
2003,2005
1992,2029
1989,2078
1977,2054
2000,2056
1992,2035
1995,2035
1998,2005
1995,2056
2001,2034
2003,2033
2007,2068
2012,1995
2017,2019
2009,2053
2009,2061
2019,2069
2024,2047
2023,2072
2033,2064
2039,2047
2051,2055
2053,2029
2053,2067
2059,2063
2065,2070
2073,2041
2080,2023
2083,2024
2091,2019
2096,2029
2085,2001
2097,2025
2108,2024
2116,2013
2117,2040
2121,2063
2127,2007
2124,2025
2137,2071
2137,2025
2136,2078
2143,2009
2135,2029
2139,2057
2145,2012
2148,2029
2131,2059
2144,2060
2139,2056
2141,2035
2137,2040
2133,2068
2123,2071
2133,2029
2129,2032
2131,2008
2125,2040
2119,1991
2115,2030
2116,2063
2111,2005
2106,2073
2094,2035
2089,2068
2083,2010
2079,2066
2081,2027
2067,2031
2066,2033
2059,2060
2045,2017
2035,2079
2040,2040
2033,2067
2039,2043
2023,2011
2021,2063
2021,2015
2015,2035
2010,2020
2012,2076
1994,2057
2006,2072
2004,2034
1994,2068
2001,2035
1993,2024
1999,2026
1992,2054
2005,2040
1993,2063
2007,2024
2006,2055
1996,2019
1999,2040
2005,2022
2017,2063
2009,2055
2009,2040
2019,2063
2028,2067
2025,2063
2027,2027
2037,2021
2041,2037
2057,2056
2061,2043
2060,2015
2071,1995
2065,2039
2073,2047
2080,2042
2085,2035
2083,2062
2096,2008
2093,2037
2096,2035
2103,2017
2105,2017
2113,2054
2120,2048
2115,2047
2117,2053
2124,2053
2131,2053
2135,2055
2136,2019
2131,2048
2136,2011
2135,2037
2140,2021
2134,2058
2139,2017
2135,2017
2125,2064
2131,2036
2120,2072
2125,2060
2117,2001
2123,2041
2112,2055
2117,2068
2112,2019
2107,2065
2099,2077
2093,2068
2085,2053
2088,2062
2077,2060
2087,2023
2065,2068
2065,2059
2060,2025
2038,2057
2058,2071
2040,2027
2040,2075
2035,2027
2036,2019
2019,2056
2020,2053
2012,2046
2011,2037
1999,2073
1997,2080
1995,2028
1995,2019
1997,2037
1995,2040
2004,2037
1990,2057
1991,2072
1994,2080
1989,2021
1991,2019
2004,2039
2008,2034
2004,2043
2007,2033
2002,2068
2015,2011
2018,2038
2017,2043
2024,2071
2027,2023
2029,2027
2030,2072
2039,2067
2039,2029
2057,2037
2058,2023
2067,2054
2069,2039
2071,2060
2078,2002
2088,2042
2077,2023
2099,2043
2093,2060
2103,2011
2105,2055
2112,2036
2111,2019
2116,2060
2119,2044
2116,2069
2124,2036
2133,2088
2134,2055
2135,2025
2137,2074
2144,2029
2133,2063
2151,2036
2143,2039
2145,2040
2143,2023
2139,2063
2140,2043
2136,2057
2131,2048
2129,2074
2130,2063
2121,2088
2127,2030
2125,2045
2117,2045
2099,2092
2110,2035
2104,2021
2091,2053
2085,1993
2091,2009
2072,2057
2078,2029
2076,2011
2068,2011
2059,2061
2055,2040
2037,2054
2040,2034
2032,2083
2027,2007
2023,2033
2019,2031
2011,2031
2010,2021
2006,2027
2008,2037
2003,2068
1996,2058
2001,2015
1998,2041
1994,2033
1983,2040
1992,2047
1995,2023
1996,2063
1992,2043
2004,2096
1991,2009
2004,2019
2007,2069
2008,1995
2007,2067
2003,2056
2017,2063
2009,2025
2024,2021
2021,2067
2039,2079
2029,2048
2038,2031
2045,2052
2054,2021
2060,2011
2055,2043
2073,2029
2069,2035
2079,2015
2086,2072
2088,2070
2093,2021
2096,2011
2105,2024
2108,2027
2113,2003
2117,2040
2115,2009
2123,2044
2129,2051
2140,2025
2135,2023
2137,2021
2136,2029
2141,2005
2147,2027
2152,2048
2145,2038
2145,2064
2135,2071
2139,2087
2141,2053
2135,2008
2142,2002
2136,1997
2127,2040
2125,2037
2131,2072
2130,2007
2116,2068
2123,2031
2112,2064
2102,2064
2097,2040
2099,2024
2089,2069
2085,2064
2075,2019
2071,2055
2071,2063
2071,2028
2064,2035
2053,2025
2040,2057
2040,2027
2024,2060
2024,2051
2017,2027
2011,2071
2005,2060
2008,2076
1997,2024
2005,2077
2006,2063
1995,2060
2003,2013
1989,2040
1997,2019
1997,2030
1988,2070
1996,2037
1996,1996
1996,2063
1995,2013
1993,2077
1999,2040
1997,2068
2004,2072
2016,2053
2011,2076
2009,2013
2016,2019
2017,2053
2012,2029
2031,2019
2029,2021
2040,2058
2043,2028
2053,2019
2057,2071
2064,2056
2065,2029
2075,2038
2076,2035
2071,2063
2091,2044
2087,2068
2093,2038
2103,2025
2091,2031
2106,2011
2111,2072
2116,2027
2117,2042
2119,2025
2131,2061
2124,2023
2132,2013
2121,2029
2135,2068
2135,2040
2131,2071
2129,2063
2125,2067
2131,2040
2131,1993
2128,2067
2128,2039
2122,2091
2119,2019
2112,2068
2103,2037
2105,2031
2096,2023
2090,2009
2095,2017
2089,2029
2088,2047
2078,2031
2077,2069
2082,2025
2065,2007
2061,2029
2055,2024
2043,2071
2041,2077
2041,2040
2030,2058
2031,2063
2024,2080
2016,2065
2017,2021
2016,2039
2006,2072
2005,2029
1998,2011
1997,2042
1994,2054
1987,2075
1994,2040
1992,2027
1991,2055
1993,2025
1991,2033
1996,2039
1989,2043
1987,2053
1991,2037
1996,2059
2001,2042
2008,1991
2007,2053
2013,2019
2007,2025
2005,2075
2011,2057
2019,2063
2025,2041
2034,2063
2036,2046
2040,2015
2045,2088
2059,2017
2055,2080
2066,2021
2069,2056
2077,2069
2080,2017
2091,2035
2093,2043
2096,2027
2100,2005
2100,2039
2104,2059
2111,2045
2125,2057
2115,2053
2129,2054
2132,2039
2129,2017
2133,2077
2136,2054
2132,2026
2136,2039
2139,2037
2145,2048
2133,2044
2136,2044
2133,2021
2141,2024
2133,2053
2134,2057
2135,2051
2132,2042
2127,2040
2129,2037
2120,2025
2119,2053
2110,2065
2115,2011
2103,2063
2089,2029
2089,2034
2085,2024
2084,2005
2080,2025
2074,2067
2057,2022
2063,2025
2058,2009
2047,2040
2041,2036
2025,2073
2033,2029
2024,2007
2013,2035
2012,2008
2010,2005
2011,2055
2004,2038
2000,2037
1995,2063
1992,2048
1995,2025
1991,2072
1996,2025
1987,2029
1997,2052
1993,2077
1997,2058
1992,2035
1995,2072
1995,2072
1997,2031
1997,2038
2006,2037
2015,2056
2012,2008
2015,2043
2021,2054
2024,2021
2019,2067
2030,2017
2029,2056
2035,2037
2040,2021
2051,2035
2045,2044
2066,2056
2071,1996
2079,2079
2081,2003
2089,2015
2081,2055
2088,2067
2097,2072
2101,2023
2112,2019
2112,2029
2117,2063
2121,2055
2130,2051
2134,2048
2125,2029
2129,2019
2132,2060
2139,2059
2143,2047
2148,2015
2139,2009
2143,2088
2139,2010
2143,2075
2147,2080
2139,2069
2131,2038
2139,2011
2136,2024
2122,2097
2129,2055
2115,2077
2119,2066
2116,2040
2111,2044
2103,2041
2096,2005
2096,2056
2088,2047
2085,2041
2077,2033
2076,2065
2071,2013
2067,2067
2064,2077
2041,2038
2039,2001
2040,2081
2036,2040
2023,2079
2024,2063
2024,2027
2015,2069
2001,2063
2008,2043
1998,2057
2001,2056
1999,2042
1995,2052
1991,2023
1992,2028
1991,2071
1980,2073
1981,2048
1987,2011
1997,2078
1994,2029
1995,2054
1989,2024
1991,2040
1995,2044
1992,2056
2008,2003
2004,2072
2013,2019
2009,2019
2022,2023
2024,2076
2032,2063
2034,2017
2031,2039
2035,2023
2054,2035
2043,2032
2063,2011
2067,2072
2071,2044
2081,2044
2075,2025
2089,2072
2084,2063
2094,2040
2096,2025
2101,2039
2106,2052
2118,2046
2116,2073
2121,2041
2125,2025
2125,2053
2123,2052
2128,2027
2130,2023
2134,2039
2140,2035
2135,2063
2133,2073
2137,2015
2136,2021
2135,2058
2135,2027
2128,2073
2123,2071
2119,2025
2117,2063
2105,2033
2113,2045
2111,2019
2105,2039
2101,2063
2087,2068
2090,2056
2084,2041
2073,2001
2075,2029
2067,2065
2068,1989
2060,2034
2059,2063
2041,2029
2030,2063
2035,2027
2035,2025
2027,2080
2011,2029
2017,2067
2007,2055
2012,2067
2003,2027
2000,2089
1998,2017
1997,2065
2000,2035
1993,2043
2000,2011
1993,2048
1991,2024
1989,1997
1997,2035
1993,2071
1993,2015
1999,2053
1995,2067
2001,2070
2007,2015
2008,2052
2010,2057
2011,2039
2016,2015
2021,2044
2024,2061
2023,2069
2025,2015
2039,2017
2039,2059
2057,2060
2056,2061
2065,2032
2063,2072
2073,2037
2083,2040
2084,2063
2091,1999
2096,2057
2101,2074
2092,2040
2105,2056
2109,2011
2120,2029
2124,2069
2119,2088
2133,2015
2132,2023
2127,2063
2131,2055
2134,2048
2139,2064
2142,2063
2135,2063
2146,2019
2144,2039
2144,2063
2136,2009
2139,2041
2141,2079
2139,2035
2129,2056
2131,2019
2116,2042
2119,2044
2116,2066
2107,2047
2103,2035
2099,2075
2091,2033
2094,2035
2088,2056
2080,2052
2080,2075
2075,2063
2074,1999
2064,2062
2047,2075
2047,2068
2033,2054
2035,2040
2034,2039
2028,2048
2016,2060
2017,2055
2003,2069
2009,2003
2000,2071
2001,2024
1994,2033
2001,1997
1997,2055
1991,2021
1992,2027
1992,2037
1977,2063
1992,2029
1984,2010
1994,2044
1996,2004
1993,2079
2001,2033
1997,2029
1997,2073
2004,2033
1999,2079
2009,2074
2015,2048
2017,2021
2024,2017
2019,2028
2029,2054
2029,2063
2037,2043
2040,2065
2054,2048
2058,2007
2063,2044
2063,2015
2066,2067
2076,2039
2080,1991
2083,2024
2087,2025
2093,2061
2104,2077
2103,2041
2115,2029
2117,2021
2115,2039
2127,2041
2135,2033
2133,2027
2139,2048
2136,2073
2145,2007
2135,2036
2137,2063
2135,2011
2149,2069
2144,2052
2145,2053
2140,2065
2136,2044
2133,2048
2123,2077
2129,2063
2128,2033
2131,2063
2121,2064
2122,2037
2103,2072
2104,2038
2106,2039
2097,2063
2098,2005
2094,2042
2088,2021
2077,2009
2074,2039
2071,2064
2063,2018
2063,2064
2048,2064
2041,2037
2044,2020
2036,2043
2026,2060
2022,2056
2015,2072
2012,2035
2011,2056
2009,2030
2008,2011
2007,2063
1998,2027
1988,2068
1996,2008
1991,2071
1984,2044
1994,2043
1987,2043
1989,2037
1992,2060
1989,2056
1993,2019
1995,2036
1989,2044
1993,2056
1995,2053
2009,2029
2006,2024
2012,2019
2009,2067
2016,2046
2011,2073
2020,2071
2025,2039
2032,2021
2042,2027
2047,2045
2057,2043
2063,2040
2057,2056
2072,2045
2078,2063
2084,2068
2084,2011
2089,2062
2091,2060
2099,2069
2093,2048
2108,2037
2111,2025
2119,2044
2127,2022
2127,2048
2129,2068
2131,2064
2137,2069
2140,2009
2140,2035
2131,2035
2135,2033
2137,2017
2133,2048
2129,2027
2133,2027
2134,2080
2129,2027
2127,2030
2119,2043
2121,2067
2115,2024
2112,2019
2117,2015
2103,2039
2101,2027
2097,2063
2095,2080
2095,2027
2081,2068
2079,2023
2077,2035
2064,2072
2066,2039
2063,2071
2059,2008
2037,2076
2036,2025
2028,2043
2034,2040
2028,2029
2019,2044
2017,2055
2014,2068
2006,2067
2007,2068
1999,2041
2008,2042
1996,2069
2007,2027
1997,2035
1992,2068
1987,2019
2000,2087
2002,2065
1995,2058
2003,2028
1999,2021
2004,2007
2008,2058
2008,2065
2011,2035
2014,2075
2007,2071
2019,2071
2019,2063
2027,2036
2035,2056
2027,2042
2044,2021
2041,2043
2056,2048
2065,2079
2067,2036
2071,2037
2077,2007
2080,2019
2091,2059
2089,2008
2087,2039
2097,2037
2108,2034
2105,2015
2119,2042
2122,2072
2123,2044
2126,2040
2129,2019
2125,2045
2136,2029
2143,2087
2137,2019
2143,2035
2149,2047
2149,2052
2145,2017
2151,2079
2148,2020
2141,1999
2136,2047
2133,2041
2135,2056
2124,2027
2132,2072
2126,2042
2118,2040
2117,2060
2099,2035
2105,2033
2104,2080
2093,2034
2099,2001
2085,2036
2088,2060
2080,2027
2082,2057
2075,2048
2063,2063
2057,2037
2041,2061
2043,2072
2040,2033
2024,2027
2028,2027
2024,2039
2014,2065
2007,2023
2009,2037
1995,2052
1999,2023
2004,2037
1992,2026
1993,2027
1991,2005
1991,2053
1990,2060
1993,2019
1985,2066
1990,2067
1995,2056
1996,2071
1994,2056
1995,2036
2004,2068
2004,2025
2008,2073
2011,2027
2016,2041
2020,2033
2016,2037
2029,2020
2029,2013
2032,2030
2029,2053
2041,2021
2047,2033
2042,2064
2056,2072
2070,2044
2070,2053
2068,2039
2077,2063
2088,2063
2087,2052
2088,2057
2093,2009
2108,2019
2097,2041
2118,2057
2116,2017
2119,2041
2128,2073
2131,2011
2134,2041
2135,2058
2135,2029
2144,2040
2140,2017
2142,2056
2135,2057
2133,2043
2143,2086
2137,2039
2129,2072
2127,2042
2127,2048
2131,2074
2139,2037
2128,2043
2122,2063
2120,2087
2110,2072
2115,2033
2104,2060
2099,2021
2099,2073
2089,2026
2081,2064
2079,2023
2077,2017
2073,2080
2071,2084
2060,2056
2059,2019
2044,2045
2039,2080
2039,2042
2029,2019
2025,2071
2019,2065
2012,2024
2013,2171
2006,1909
1995,1754
1993,1831
1991,1820
1988,2001
1973,2124
1989,2009
1987,1992
1999,1868
2010,1873
2011,2024
2011,1976
2025,1963
2029,2033
2026,2029
2033,2009
2028,2067
2030,2021
2023,2055
2032,2013
2032,1967
2023,2015
2017,2002
2023,2026
2013,2072
2024,2079
2041,2096
2047,2019
2057,2075
2053,2133
2070,2040
2080,1988
2087,2015
2095,2023
2099,2014
2111,2033
2108,2019
2115,2043
2122,2071
2121,1997
2120,2008
2119,1997
2115,1979
2116,2036
2119,2068
2118,2015
2119,2043
2120,2036
2129,2056
2135,2057
2123,2067
2136,2025
2133,2008
2134,2026
2135,2028
2136,2022
2124,2069
2132,2058
2137,2075
2119,2024
2124,2016
2108,2017
2097,2073
2096,2063
2092,2023
2092,2011
2091,2067
2089,2033
2085,2077
2083,2029
2085,2041
2068,2028
2068,2017
2059,2015
2045,2035
2032,2015
2019,2043
2015,2027
2007,2030
2007,2024
2003,2063
2005,1999
2008,2088
2011,2089
2016,2097
2016,2078
2021,2091
2024,2025
2021,2040
2021,2031
2016,2030
2020,2017
2007,2024
1997,2046
1995,2023
1991,2047
1992,2011
1981,2046
1974,2009
1989,2039
1990,2093
2000,2041
2003,2036
2008,2055
2021,2001
2023,2015
2046,2041
2056,2018
2070,2073
2069,2056
2074,2010
2070,2043
2069,2037
2072,1993
2067,2024
2072,2005
2073,2024
2073,2028
2069,2056
2073,2021
2080,2001
2084,2060
2089,2071
2096,2029
2111,2075
2117,2052
2119,2063
2143,2096
2142,2080
2147,2077
2153,2033
2157,2038
2149,2009
2157,2011
2167,2029
2147,2019
2145,2045
2143,2011
2135,2036
2137,2037
2127,2045
2120,2035
2123,2056
2120,2067
2105,2056
2119,2027
2115,2009
2112,2059
2115,2063
2115,2040
2112,1980
2107,2053
2108,2009
2110,2019
2108,1996
2102,2040
2094,2055
2091,2069
2088,2071
2073,2043
2072,2015
2067,2020
2071,2023
2043,2059
2052,2063
2041,2011
2039,2040
2038,2009
2027,2048
2029,2123
2019,2057
2027,2033
2015,2058
2015,2028
2013,2019
2009,2103
2016,1987
2013,2070
2009,2015
2015,2027
2032,2041
2025,2033
2023,2060
2032,2027
2039,2015
2048,1975
2040,2020
2027,2091
2039,2038
2040,2096
2033,2076
2039,2077
2037,2058
2037,2042
2041,1999
2055,1977
2059,2080
2066,2020
2063,2040
2076,2053
2095,2089
2093,2065
2104,2044
2116,2075
2114,2025
2124,2040
2120,2040
2128,2021
2137,2075
2137,2029
2134,2063
2133,2029
2136,2023
2121,2068
2136,2012
2136,1993
2136,2018
2136,2027
2135,2057
2143,2005
2151,2028
2154,2009
2155,2025
2168,2054
2153,2025
2159,2075
2153,2071
2156,2043
2139,1993
2148,2039
2127,2015
2136,2072
2123,2027
2118,2009
2105,2077
2109,2063
2104,2057
2104,2068
2101,2056
2095,2027
2093,2042
2089,2082
2077,2055
2077,2064
2067,2076
2075,1997
2071,2080
2065,2057
2063,2072
2056,2019
2051,2066
2036,2023
2035,2031
2030,1979
2027,2006
2017,2125
2016,2052
2005,2053
2012,1995
2003,2044
2000,2015
2012,2039
1993,2032
2003,2072
2007,2086
2008,2048
2008,2068
2011,2069
2009,2044
2018,2036
2020,2022
2027,1991
2017,2057
2024,2045
2029,2057
2040,2009
2041,2065
2037,2040
2048,2008
2045,2015
2059,2020
2057,2067
2069,2068
2072,2089
2074,2057
2081,2108
2079,2112
2089,2078
2099,2112
2091,2080
2100,2040
2103,2031
2120,2037
2114,2033
2108,2028
2129,2003
2140,1973
2131,1975
2136,2001
2143,2024
2145,2055
2137,2018
2145,2009
2144,2032
2145,2041
2148,2069
2140,2063
2133,2088
2136,2005
2127,1960
2136,2034
2129,2019
2125,2075
2134,2136
2120,2028
2117,2047
2112,2015
2110,2014
2117,2088
2104,2029
2100,1997
2094,2005
2083,2013
2083,1963
2074,1955
2063,2037
2065,2121
2051,2073
2039,2032
2039,2027
2029,2051
2028,2053
2022,2028
2016,2036
2000,2003
2009,2079
1997,2063
2003,2073
2005,2024
2002,2075
2002,2038
2000,2011
1998,1987
1989,2067
1996,2072
1995,2077
1980,2013
1993,2001
1984,1993
1980,2011
1993,2068
1981,2028
1988,2046
1993,2076
1998,2056
1999,1979
2011,2091
2019,2086
2027,2024
2029,1996
2041,2075
2044,2065
2045,2070
2053,1997
2068,1899
2071,1945
2071,2072
2081,2019
2081,2065
2089,2069
2099,2001
2089,2028
2092,2076
2109,1971
2099,1965
2116,2047
2122,2021
2117,2072
2132,2087
2127,2079
2135,1973
2131,1995
2143,2095
2150,2103
2151,2141
2157,2091
2151,2058
2153,2021
2151,1967
2147,1944
2149,1919
2154,1978
2143,1920
2137,1945
2144,2020
2135,2044
2135,2160
2121,2167
2117,2072
2125,2039
2116,1827
2115,2067
2120,2105
2108,2037
2115,2126
2089,2059
2098,2156
2096,2097
2080,2003
2091,2067
2076,2095
2059,2020
2074,2016
2057,2091
2055,2127
2059,2202
2042,2133
2053,2109
2043,2034
2030,2015
2025,2106
2025,2076
2016,2033
2015,2112
2016,2190
2013,2079
2015,2118
2014,2056
2015,2024
2024,1951
2015,1942
2017,2092
2017,2128
2013,2027
2021,2126
2025,2129
2024,2107
2034,2125
2029,2032
2044,1937
2040,1912
2036,1936
2059,2070
2048,2157
2064,2149
2068,2006
2066,2027
2065,1960
2073,2013
2071,2205
2072,2107
2087,1961
2089,2031
2085,1924
2105,1997
2101,2132
2105,2190
2120,2082
2111,1979
2136,1935
2128,1948
2129,2088
2139,2048
2131,1908
2145,1899
2143,1928
2138,1907
2152,2019
2141,2102
2137,2179
2147,2163
2151,2160
2153,2017
2155,1971
2156,2063
2145,2121
2144,2058
2152,2104
2150,1864
2144,1737
2145,1943
2136,1931
2125,2083
2125,2176
2117,2033
2122,2158
2112,2083
2105,2036
2107,2057
2099,2048
2088,2163
2088,2221
2080,2035
2080,2093
2069,2146
2065,2171
2064,2155
2053,2027
2059,1945
2045,1916
2048,1928
2027,1971
2024,2051
2009,2079
2009,2187
2007,2257
2004,2301
2006,2088
1991,1891
1995,1848
2000,1900
1995,2026
1991,2051
1989,2008
1994,1947
1992,1941
1996,1897
1995,2102
2001,2156
1993,2096
1995,2001
1988,1835
1987,1947
1993,2063
2007,2231
2003,2173
1996,2014
2011,1810
2027,1830
2032,1951
2038,2028
2041,2169
2041,2209
2039,2212
2055,1992
2065,1887
2065,1835
2053,1789
2053,1874
2076,2041
2076,2152
2099,2200
2096,2015
2108,2085
2109,2193
2113,2161
2123,1864
2121,1867
2131,1965
2137,2101
2137,2041
2147,2069
2147,2156
2151,2152
2135,1941
2141,1954
2142,1833
2141,1827
2141,1851
2144,1933
2156,2037
2151,2179
2152,2225
2139,2233
2150,2055
2149,1801
2143,1867
2139,2053
2132,2045
2124,2099
2129,2021
2117,1767
2122,1904
2107,1699
2097,1639
2100,1701
2075,1765
2088,2035
2081,2217
2069,2167
2079,2219
2071,1893
2063,2007
2072,2091
2039,2231
2043,2331
2035,2189
2032,1976
2043,1971
2033,2157
2019,2063
2032,2065
2012,2039
1997,1979
2005,1952
2000,1945
1995,1884
1999,1827
1995,1897
2007,1773
2001,1978
1999,2109
1990,2145
2003,2263
2007,2127
2002,1959
2012,1995
2011,1949
2005,2078
2034,2127
2017,2065
2033,1889
2027,1706
2021,1639
2033,1951
2040,2152
2037,2459
2063,2195
2064,2051
2067,1801
2069,1819
2079,2139
2075,1697
2088,1671
2103,1599
2088,1843
2095,2110
2099,2283
2110,2378
2127,2375
2124,2329
2120,1980
2137,1848
2132,1635
2131,1632
2133,1795
2141,1832
2152,2127
2167,2175
2152,2155
2162,2065
2153,1957
2143,2063
2152,2235
2136,2244
2144,2145
2136,1959
2136,2024
2156,2382
2151,2440
2143,2274
2134,2071
2108,1825
2128,1851
2103,1744
2110,1510
2115,1600
2110,1880
2109,2172
2107,2260
2077,2580
2068,2730
2065,2534
2065,2116
2068,1531
2065,1960
2044,1892
2056,2135
2055,2166
2035,2275
2036,2630
2008,2401
1997,1915
2017,1972
1995,1749
1992,1737
2014,1509
2001,1576
2007,1975
1988,2233
1976,1966
1993,2274
1983,2259
1980,2041
1991,2128
1975,1959
1997,2468
1985,1983
1992,1735
1990,2142
1997,2343
1993,2492
2009,1955
1994,1322
2005,1925
2013,1815
2008,2075
2033,2400
2024,2661
2021,2475
2022,2400
2019,1755
2039,1792
2044,1596
2021,1836
2055,1610
2063,1808
2075,2280
2079,2457
2071,2282
2101,2176
2083,2237
2073,2549
2108,2304
2090,2060
2103,2209
2125,1816
2103,1888
2122,1623
2120,934
2099,1464
2136,1829
2122,2320
2133,2430
2120,2567
2136,2407
2145,2423
2129,1886
2137,2156
2136,2147
2112,2199
2112,2173
2121,1853
2135,2296
2129,2513
2119,2037
2101,1964
2097,1780
2091,2119
2085,1621
2079,1179
2076,1073
2047,1768
2071,2397
2076,2735
2063,3244
2061,2783
2035,2472
2038,2572
2032,1559
2026,1371
2032,1608
2025,1683
2021,1707
1999,1877
1997,1620
1991,3096
1975,2993
1975,3036
1960,2256
1963,1873
1955,1399
1957,1776
1968,1785
1961,2188
1949,2501
1966,1967
1959,1881
1953,2023
1965,1737
1963,2188
1967,1932
1978,1903
1973,2304
1993,2127
1983,2137
1984,1974
1988,1964
1999,1915
2008,2209
2024,2035
2020,2230
2021,1969
2025,1811
2033,1912
2037,1850
2067,1978
2056,2183
2063,2143
2068,2211
2075,2073
2089,2016
2109,2072
2105,2105
2103,2095
2105,2088
2117,2017
2129,2004
2121,2032
2134,1976
2133,2017
2131,2144
2147,2063
2157,2040
2167,2035
2168,1991
2170,2083
2171,2019
2176,2057
2184,2081
2169,2060
2180,2019
2173,2025
2164,2059
2167,2080
2158,2007
2158,1995
2147,2007
2147,2027
2141,2040
2140,2041
2135,2081
2145,2098
2138,2068
2131,2023
2120,2089
2115,2041
2112,2045
2107,2036
2100,2003
2087,2063
2088,2029
2077,2011
2076,2017
2063,2067
2041,2026
2041,2084
2031,2071
2024,2027
2019,2042
2021,2073
2014,2021
2009,2109
2001,2069
2005,2091
2003,2053
1996,2033
1987,1991
1993,2024
1987,2040
2001,2082
1995,2067
1981,2027
1987,2001
1979,2023
1977,2022
1980,2012
1981,2011
1978,2015
1982,2021
1987,2071
1991,2057
1994,2024
2007,2002
2008,1997
2003,2029
2015,2048
2015,2070
2015,2063
2025,2043
2025,2072
2027,2047
2044,2064
2033,2032
2041,2039
2040,2040
2045,2063
2071,2042
2068,2057
2072,2009
2071,2029
2069,2037
2075,2007
2081,2037
2090,2016
2087,2071
2099,2071
2091,2048
2104,2011
2091,2020
2099,2036
2103,2043
2112,2048
2105,2074
2104,2091
2097,2054
2106,2008
2092,2043
2093,2039
2089,2057
2091,2043
2085,2072
2080,2064
2076,2079
2077,2075
2075,2058
2077,2058
2057,2075
2063,2011
2052,2041
2044,2087
2038,2072
2032,2071
2028,2033
2027,2064
2027,2033
2017,2037
2023,2034
2016,2030
2009,2035
2003,2059
1995,2037
1993,2055
1986,2036
1981,2023
1975,2029
1969,2056
1975,2052
1964,2040
1972,2044
1965,2023
1955,2048
1960,2053
1961,2025
1960,2037
1961,2018
1955,2054
1961,2039
1965,2079
1961,2029
1960,2027
1966,2017
1973,2024
1977,2021
1971,2063
1975,2058
1989,2068
1984,2056
1989,2009
1987,2061
2001,2011
1993,2059
2003,2054
2008,2066
2018,2023
2021,2023
2019,2040
2029,2065
2033,2044
2041,2029
2051,2080
2055,2042
2061,2060
2068,2075
2065,2063
2071,2005
2088,2058
2080,2037
2085,2020
2081,2044
2095,2067
2094,2017
2096,1995
2104,2001
2096,2015
2112,2040
2115,2063
2112,2024
2120,2036
2116,2007
2109,2056
2112,2025
2116,2060
2112,2017
2112,2041
2101,2023
2107,2041
2105,2071
2101,2061
2093,2063
2097,2021
2096,2030
2085,2042
2083,2027
2091,2037
2081,2060
2073,2073
2075,2056
2057,2009
2066,2040
2067,2013
2061,2068
2053,2027
2039,2027
2035,2040
2035,2013
2034,2035
2031,2023
2015,2042
2020,2034
2020,2066
2019,2025
2015,2063
2007,2041
2008,2051
2007,2034
2007,2024
2008,2020
1992,2063
1994,2053
2000,2017
2005,2079
2011,2012
1997,2056
2003,2004
1997,2034
2008,2048
2010,2043
2017,2068
2016,2038
2015,2039
2026,2027
2027,2013
2032,2051
2039,2063
2045,2040
2043,2039
2063,2019
2057,2017
2058,2012
2080,2007
2081,2055
2092,2063
2097,2065
2081,2053
2093,2042
2106,2041
2108,2013
2120,2039
2122,2012
2126,2032
2119,2011
2135,2025
2135,2063
2144,2022
2160,2058
2161,2078
2162,2078
2165,2003
2160,2063
2168,1997
2169,2025
2179,2060
2173,2063
2171,2044
2175,2024
2173,2027
2157,2063
2168,2060
2161,2072
2158,2068
2148,2067
2157,2080
2153,2033
2152,2011
2152,2059
2146,2063
2139,2065
2125,2058
2127,2088
2117,2072
2117,2021
2107,2036
2088,2077
2091,2066
2094,2037
2086,2056
2076,2023
2063,2071
2063,2027
2058,2037
2043,2063
2041,2039
2039,2029
2031,2051
2017,2088
2018,2035
2016,2027
2007,2041
2009,2080
2006,2055
2000,2023
2000,2046
1993,2036
1996,2017
1993,2089
1993,2041
1996,2063
2001,2055
1999,2040
1993,2017
1997,2035
1993,2072
1995,2043
2004,2076
1999,2066
2003,2046
2016,2045
2016,2004
2012,2015
2023,2071
2017,2051
2032,2063
2037,2066
2035,2040
2044,2011
2056,2003
2058,2069
2063,2038
2068,1995
2076,2059
2072,2012
2077,2017
2088,2052
2086,2065
2089,2031
2093,2025
2103,1995
2103,2057
2111,2056
2113,2044
2104,2053
2108,2047
2115,2011
2121,1982
2119,2068
2122,2047
2125,2033
2107,2015
2115,2059
2106,2031
2121,2058
2117,2031
2107,2062
2109,2066
2097,2024
2104,2077
2102,2027
2084,2061
2086,2056
2088,2033
2081,1980
2074,2028
2075,2056
2059,2046
2065,2063
2044,2087
2039,2036
2039,2075
2036,2068
2037,2051
2030,2078
2019,2062
2020,2024
2011,2011
2013,2072
2009,2063
2005,2053
1994,2024
1982,2040
1979,2043
1984,2078
1978,2058
1974,2029
1973,2040
1972,2019
1975,2024
1974,2063
1980,2015
1976,2069
1987,2069
1982,2017
1979,2071
1979,2071
1993,1991
1998,2038
2001,2037
1993,2073
2007,2007
2009,2080
2009,2077
2016,2068
2025,2032
2031,1989
2035,2035
2036,2081
2057,2037
2056,2025
2066,2072
2066,2019
2073,2029
2077,2069
2080,2051
2091,2070
2089,2042
2100,2040
2101,2023
2108,2039
2107,2053
2117,2004
2121,2037
2128,2063
2133,2055
2131,2047
2139,2068
2139,2077
2139,2025
2143,2028
2152,2047
2138,2034
2153,2035
2152,2014
2152,2019
2150,2039
2151,2041
2146,2072
2136,2070
2143,2072
2143,2046
2134,2063
2132,2027
2126,2042
2127,2037
2118,2030
2115,2036
2104,2033
2099,2040
2102,2033
2079,2040
2081,2031
2080,2033
2084,2072
2073,2021
2063,2069
2057,2044
2043,2039
2047,2080
2027,2041
2032,2025
2026,2063
2021,2030
2020,2058
2013,2044
2006,2005
1995,2066
1996,2044
1991,2055
1992,2051
1989,2056
1992,2025
1979,2067
1979,2033
1981,2007
1979,2070
1975,2025
1986,2055
1981,2026
1973,2056
1992,2023
1990,2015
1990,2025
1994,2033
1995,2039
1996,2027
1993,2049
2000,2032
2011,2055
2005,2053
2013,2021
2012,2029
2025,2070
2023,2063
2035,2064
2036,2027
2039,2019
2047,2035
2055,2071
2067,2052
2068,2031
2072,2006
2076,2055
2079,2030
2084,2072
2085,2071
2087,2024
2093,2057
2115,2029
2108,2062
2109,2040
2115,1997
2115,2019
2117,2059
2132,2069
2131,2033
2123,2065
2121,2051
2136,2075
2124,2068
2135,2069
2129,2023
2135,2015
2139,2031
2121,2031
2129,2046
2125,2042
2124,2037
2120,2010
2108,2026
2103,2030
2103,2027
2096,2011
2096,2035
2083,2064
2088,2021
2088,2029
2067,2054
2073,2044
2059,2080
2055,2079
2042,2054
2040,2025
2040,2041
2039,2077
2032,2023
2031,2044
2020,2042
2018,2057
2008,2077
2003,2035
2009,2091
2001,2024
1996,2037
1993,2071
1991,2044
1981,2076
1984,2056
1993,2039
1984,2068
1985,2063
1990,2034
1984,2043
1984,2027
1988,2040
1981,2023
1992,2078
1992,2063
1995,2053
2007,2063
2003,2023
1997,2072
2007,2040
2012,2075
2015,2065
2021,2024
2029,2031
2032,2038
2038,2011
2039,2044
2047,2044
2059,2029
2063,2033
2070,2043
2070,2021
2076,2075
2079,2021
2083,2054
2095,2017
2096,2030
2096,2017
2104,2035
2110,2024
2122,2029
2120,2025
2120,2028
2126,2039
2129,2031
2121,2040
2129,2068
2135,2029
2136,2039
2129,2052
2135,2034
2136,2007
2132,2057
2140,2087
2135,2020
2129,2066
2129,2059
2125,2033
2123,2009
2117,2039
2107,2055
2111,2063
2105,2027
2099,2043
2097,2072
2086,2055
2075,2056
2087,2021
2084,2026
2075,2001
2071,2062
2071,2041
2068,2039
2053,2045
2055,2028
2035,2037
2035,2080
2036,2021
2032,2024
2028,2025
2021,2007
2011,2029
2020,2072
2013,2068
2001,2063
2011,2023
2003,2077
2017,2062
2004,2027
2004,2030
2004,2042
1998,2019
2005,2045
1997,2060
2007,2023
2001,2021
2011,2070
2007,2040
2011,2042
2018,2017
2013,2023
2019,2080
2028,2048
2025,2071
2025,2045
2035,2072
2037,2048
2039,2036
2051,2044
2063,2071
2069,2019
2073,2038
2079,2035
2078,2060
2079,2029
2087,2029
2094,1995
2097,2056
2106,2010
2104,2035
2107,2061
2115,2026
2123,2011
2132,2075
2135,2075
2129,2068
2140,2036
2148,2055
2149,1996
2147,2060
2151,2008
2153,2062
2154,2042
2155,2024
2155,2072
2152,2033
2149,2080
2155,2035
2145,2037
2147,2039
2148,2068
2139,2056
2133,2039
2140,2046
2133,2038
2132,2081
2120,2075
2116,2048
2105,2030
2115,2037
2105,2063
2096,2028
2087,2066
2083,2054
2082,2023
2078,2035
2073,2041
2059,2023
2063,2009
2040,2063
2043,2026
2041,2071
2023,2063
2023,2063
2019,2021
2013,2039
2011,2068
2002,2027
2007,2039
2001,2071
1997,2063
1988,2048
1984,2005
1989,2026
1993,2058
1979,2043
1984,2008
1971,2021
1979,2047
1977,2047
1993,2044
1984,2069
1993,2025
1992,2040
1992,2041
2001,2057
1987,2070
1997,2065
2005,2017
2015,2039
2020,2056
2021,2005
2023,2056
2036,2044
2028,2057
2040,2011
2041,2037
2055,2017
2065,2047
2071,2065
2072,1992
2079,2055
2080,2071
2077,2007
2091,2029
2085,2065
2095,2067
2103,2069
2099,2087
2120,2015
2107,2069
2123,2057
2125,2036
2117,2042
2127,2029
2135,2037
2131,2048
2136,2013
2136,2038
2131,2024
2123,2069
2128,2009
2121,2072
2129,2077
2119,2027
2117,2068
2121,2063
2110,2012
2104,2071
2107,2009
2094,2023
2093,2080
2091,2056
2085,2064
2083,2011
2082,2003
2075,2021
2071,2028
2063,2043
2057,2063
2055,2077
2053,2023
2037,2073
2036,2056
2031,2076
2022,2010
2016,2047
2021,2039
2005,2072
1999,2039
1999,2055
1996,2044
1997,2019
1981,2063
1982,2079
1981,2067
1984,2023
1974,2043
1981,2033
1973,2023
1978,2043
1971,2068
1981,2025
1978,2073
1976,2063
1987,2062
1991,2063
1992,2060
1996,2067
2003,2056
2004,2035
1999,2037
2012,2071
2003,2067
2010,2056
2016,2054
2031,2021
2032,2060
2028,2052
2043,2044
2047,2023
2061,2031
2059,2027
2063,2021
2072,2063
2077,2071
2080,2069
2088,2055
2088,2039
2089,2044
2099,2036
2101,2090
2107,2029
2113,2003
2120,2053
2123,2028
2124,2021
2122,2028
2132,2039
2130,2011
2123,2025
2133,2071
2135,2057
2137,2071
2133,2035
2131,2033
2136,2053
2128,2037
2121,2041
2113,2063
2127,2036
2120,2037
2115,2063
2115,2041
2099,2069
2093,2067
2096,2066
2093,2024
2089,2019
2088,2021
2085,2080
2079,2043
2076,2017
2065,2040
2068,2028
2059,2080
2044,2057
2045,2020
2031,2064
2029,2029
2026,2021
2027,2011
2027,2017
2024,2080
2007,2025
2003,2070
2007,2042
2008,2065
2004,2007
2001,2009
2005,2068
2000,2021
2001,2085
2004,2021
2007,2017
1996,2040
2001,2064
2001,2033
2006,2041
2005,2066
2008,2057
2008,2035
2008,2063
2016,2063
2024,2031
2024,2065
2025,2069
2027,2066
2032,2034
2037,2029
2044,2079
2048,2080
2053,2065
2063,2080
2066,2019
2073,2017
2077,2039
2075,2031
2092,2020
2096,2051
2099,2032
2104,2036
2102,2044
2109,2035
2107,2023
2117,2020
2133,2015
2137,2041
2140,2005
2143,2056
2137,2064
2147,2033
2144,2066
2149,2018
2153,2034
2148,2022
2157,2070
2141,2061
2149,2031
2153,2011
2152,2027
2136,2003
2151,2043
2143,2005
2136,2076
2125,2068
2136,2034
2135,2072
2129,1997
2116,2019
2119,2065
2117,2019
2099,2045
2101,2011
2091,2011
2085,2041
2088,2044
2081,2080
2063,2056
2068,2063
2070,2028
2063,2023
2037,2064
2046,2077
2031,2091
2033,2003
2025,2043
2009,2020
2013,2044
2011,2066
2001,2041
2013,2069
1995,2028
2000,2021
2003,2039
1993,2060
1992,1996
1996,2044
1984,2072
1984,2019
1992,2035
1996,2008
1980,2039
1989,2045
1993,2025
1994,2018
2003,2060
1999,2023
2003,2046
2008,2037
2008,2023
2018,2071
2007,2065
2016,2072
2019,2011
2025,2002
2033,2067
2033,2071
2037,2073
2059,2019
2043,2044
2065,2061
2067,2060
2067,2027
2078,2031
2080,2033
2080,2004
2076,2042
2085,2019
2096,2069
2104,2055
2104,2067
2108,2041
2101,2060
2117,2024
2116,2053
2120,2039
2113,2053
2112,2045
2112,2055
2123,2043
2120,2001
2120,2071
2123,2039
2116,2042
2120,2007
2119,2077
2113,2040
2109,2019
2101,2013
2103,2033
2093,2055
2100,2042
2081,2056
2087,2006
2073,2067
2075,2058
2075,2083
2072,2040
2065,2025
2048,2011
2053,2039
2035,2007
2034,2062
2031,2059
2025,2029
2011,2054
2024,2063
2015,2067
2012,2025
2007,2040
1993,2076
1994,2057
1981,2064
1989,2055
1980,2037
1984,2064
1979,2017
1975,2063
1977,2080
1976,2001
1970,2043
1966,2042
1969,2005
1969,2044
1975,2011
1975,2065
1980,2035
1983,2034
1986,2047
1988,2029
1997,2041
1994,2025
1994,2027
1999,2071
2003,2041
2011,2029
2014,2035
2024,2040
2019,2071
2032,2033
2032,2037
2037,2042
2045,2035
2046,2074
2063,2029
2068,2009
2059,2063
2069,2007
2073,2024
2080,2063
2092,2053
2096,2068
2103,2023
2095,2054
2107,2044
2115,2068
2123,2044
2119,2024
2122,2063
2129,2037
2123,2044
2123,2040
2136,2037
2139,2055
2140,2053
2140,2053
2139,2067
2136,2039
2131,2071
2141,2013
2132,2029
2136,2035
2129,2027
2131,2032
2121,2048
2120,2033
2103,2028
2108,2080
2107,2072
2097,2063
2104,2027
2087,2011
2092,2076
2094,2051
2088,2077
2084,2057
2067,2008
2068,2077
2059,2026
2063,2044
2056,2071
2047,2063
2035,2029
2040,2007
2029,2043
2023,2066
2024,2020
2009,2028
2013,2053
2022,2007
2012,2011
2009,2055
2009,2056
2015,2035
2017,2025
2009,2017
2003,2056
2010,2004
1999,2011
2005,2089
2012,2025
2009,2034
2024,2044
2022,2025
2021,2053
2024,2052
2025,2039
2027,2021
2040,2060
2040,2025
2044,2029
2043,2045
2043,2005
2068,2055
2059,2057
2072,2060
2071,2056
2077,2073
2077,2055
2089,2023
2096,1991
2101,2028
2105,2019
2108,2072
2110,2072
2121,2080
2122,2011
2128,2043
2132,2038
2135,2028
2139,2048
2136,2045
2135,2072
2137,2044
2153,2079
2147,2043
2151,2027
2155,2057
2152,2033
2152,2043
2152,2063
2144,2029
2152,2033
2140,2074
2141,2066
2137,2045
2137,2017
2136,2041
2132,2044
2123,2023
2116,1995
2118,2037
2103,2035
2105,2011
2096,2059
2094,2031
2087,2055
2079,2064
2081,1993
2065,2048
2067,2061
2055,2075
2043,1995
2053,2040
2035,2066
2033,2042
2031,2003
2015,2045
2023,2079
2014,2045
2003,2021
2006,2072
2003,2053
2001,2027
1997,2036
1996,2035
1988,2068
1990,2058
1985,2053
1984,2056
1991,2052
1979,2007
1983,1999
1984,2011
1988,1993
1993,2057
1981,2077
1997,2032
