1997,2044
2012,2056
2020,2040
2019,2035
2021,2073
2033,2072
2036,1995
2040,2065
2037,2093
2056,1990
2063,2052
2068,2039
2075,2063
2073,2071
2091,2027
2088,2027
2102,2017
2096,2028
2101,2045
2104,2040
2127,2033
2120,2055
2122,2057
2120,2065
2129,1990
2136,2071
2137,1978
2136,2061
2144,2031
2144,2063
2149,2063
2140,2005
2137,2048
2135,2033
2151,2035
2139,2067
2136,2039
2136,2079
2135,2019
2123,2068
2132,2024
2119,2053
2123,2056
2108,2070
2115,2079
2099,2063
2096,2019
2098,1989
2091,2064
2085,2040
2075,2069
2074,2017
2072,2075
2063,2027
2055,2041
2039,2032
2039,2039
2029,2021
2026,2044
2024,2021
2024,2025
2015,2032
1996,2046
2000,2036
1991,2026
1996,2056
1993,2015
1992,2057
1989,2043
1984,2007
1973,2010
1980,2036
1984,2005
1979,2056
1971,2071
1987,2055
1979,2078
1984,2007
1987,2016
1992,2023
1995,2071
2004,2068
2003,2036
2009,2065
2011,2019
2017,2063
2014,2032
2024,2009
2028,2021
2037,2063
2040,2074
2033,2077
2044,2012
2045,2059
2056,2029
2074,1977
2069,2052
2067,2034
2079,2055
2094,2037
2087,2027
2102,1989
2097,2042
2110,2041
2104,2031
2109,2017
2131,2020
2133,2034
2132,2010
2129,2063
2145,2037
2140,2029
2146,2027
2148,2079
2147,2031
2152,2063
2148,2043
2151,2063
2151,2038
2132,2044
2136,2048
2140,2060
2141,2015
2135,2058
2123,2036
2127,2017
2124,2023
2117,2001
2115,2045
2107,2057
2108,2034
2099,2069
2094,2053
2089,2028
2080,2071
2067,2029
2073,2027
2067,2027
2057,2057
2051,2075
2056,2021
2037,2068
2025,2038
2030,2079
2028,2030
2008,2080
2010,2003
2010,2024
2000,2057
1991,2035
1996,2060
1994,2066
2003,2071
1994,2020
1993,2045
1993,2040
1991,2067
1995,2027
1984,1995
1992,1994
1996,2077
1996,2076
1988,1995
1995,1975
1995,2088
2003,2091
1995,2068
2007,1990
2009,2007
2014,2071
2017,2115
2024,1996
2030,1969
2029,2043
2040,2120
2056,2077
2045,2027
2056,2011
2059,2024
2070,2063
2072,1977
2079,2003
2086,2040
2091,2123
2085,2063
2093,2042
2101,2031
2107,2063
2115,2071
2120,2045
2125,1974
2125,2043
2127,2104
2131,2055
2139,2013
2139,2014
2136,2073
2143,2079
2146,2040
2140,2060
2147,2034
2133,2068
2141,2021
2132,2003
2129,2011
2135,2056
2135,2035
2128,2085
2126,2039
2115,2045
2123,2025
2107,2075
2101,2072
2099,2043
2102,2071
2091,2028
2089,2029
2063,2058
2077,2031
2071,2015
2063,2063
2064,2035
2048,2032
2042,2027
2027,2088
2035,2084
2027,1988
2015,2021
2010,2044
2008,2046
2002,2052
2000,2028
1999,2041
1994,2070
1979,2079
1984,1993
1979,2003
1979,2048
1978,2077
1980,2051
1973,2037
1976,2017
1976,2063
1981,2039
1965,2026
1978,2009
1974,2038
1984,2065
1991,2071
1984,2018
1991,2060
1992,2037
2007,2072
2001,2018
2011,1969
2007,2058
2023,2088
2017,2045
2024,2039
2035,2017
2040,2047
2040,2030
2052,1992
2065,2019
2080,2029
2073,2053
2071,2019
2080,2015
2081,2027
2094,2079
2094,2072
2101,1993
2103,2033
2107,2039
2120,2056
2124,2067
2128,1995
2136,1989
2128,2037
2145,2053
2138,2009
2135,2028
2148,2056
2139,2063
2144,2041
2149,1979
2133,1989
2145,2068
2138,2079
2140,2040
2131,2010
2129,2031
2124,2060
2117,2041
2115,2027
2111,1995
2113,2081
2088,2080
2095,2057
2099,2010
2093,2045
2090,2042
2075,2043
2074,2069
2071,2008
2072,2027
2053,2088
2053,2063
2039,2032
2042,2005
2036,2058
2033,2060
2023,2043
2010,2044
2016,2039
2002,2108
2004,2053
1996,2017
1999,2029
1996,2037
1980,2080
1991,2063
1980,2015
1978,2067
1981,2096
1984,2066
1983,1989
1992,2040
1977,2034
1989,2083
1992,2003
1989,2063
1991,2040
2004,2063
1997,2034
2008,2032
2009,2008
2010,2064
2019,2089
2016,2060
2028,2043
2023,2061
2035,2060
2041,2021
2052,2033
2059,2028
2063,2088
2057,2077
2075,2056
2075,1971
2088,2028
2090,2044
2091,2081
2091,2072
2105,2040
2110,2055
2107,2039
2115,2063
2121,2011
2131,2005
2131,2087
2136,2076
2136,2063
2140,2028
2147,2033
2143,2080
2136,2060
2152,2011
2143,2039
2152,2063
2151,2076
2142,2007
2143,1991
2143,2023
2131,2043
2143,2078
2132,2005
2132,2064
2117,2054
2123,2072
2120,2056
2107,1991
2103,2043
2107,2065
2093,2072
2095,2012
2081,2030
2077,2027
2075,2068
2069,2031
2063,2032
2063,2031
2045,2076
2039,2073
2032,2063
2031,2036
2028,2043
2024,2041
2019,2023
2005,2029
2004,2005
2001,2027
1997,2073
1995,2067
1987,2041
1992,2009
1992,2048
1980,2063
1984,2029
1979,2063
1981,2039
1976,2051
1987,2021
1984,2009
1988,2007
1985,2039
1996,2033
1999,2039
2003,2055
2003,2056
2004,2057
2007,2027
2008,2024
2025,1973
2019,2044
2019,2088
2031,2072
2032,2051
2042,2019
2055,2017
2044,2032
2056,2020
2063,2043
2063,2073
2073,2080
2085,2068
2088,2034
2088,2065
2098,2068
2091,2014
2104,1992
2105,2035
2119,2066
2115,2053
2118,2036
2128,2009
2131,2041
2138,2021
2131,2020
2143,2068
2138,2041
2140,2056
2139,2088
2141,2035
2140,2021
2133,1997
2136,2080
2135,2067
2131,2064
2125,2078
2126,2056
2122,2031
2117,2039
2108,2077
2104,2017
2104,2035
2093,2091
2096,2031
2089,2062
2081,2029
2081,2055
2073,2018
2071,2080
2066,2007
2055,2096
2039,2063
2039,2035
2033,2027
2021,2056
2024,2029
2011,2056
2007,2038
2004,2080
1997,2059
1996,2068
1994,2029
1990,2088
1988,2025
1979,2072
1982,2027
1984,2053
1979,2074
1970,2086
1975,2073
1987,2065
1973,1995
1969,2056
1975,2056
1973,2068
1975,2045
1984,2019
1989,2077
1987,2055
2007,2009
2001,2059
1999,2019
2007,2063
2008,2084
2015,2066
2017,2047
2032,2066
2040,2027
2040,2075
2051,2043
2053,2073
2063,2056
2071,2059
2069,2028
2079,2044
2088,2038
2085,2037
2096,2008
2093,2075
2111,2051
2108,2039
2105,2062
2115,2063
2120,1998
2132,2048
2136,2080
2138,2075
2133,2071
2139,2056
2139,2025
2144,2044
2137,1988
2144,2048
2146,2033
2147,2053
2144,2024
2145,2059
2133,2066
2136,2009
2131,2044
2135,2038
2137,2036
2131,2071
2109,2039
2123,2060
2107,2072
2109,2012
2100,2041
2089,2029
2095,2063
2083,2035
2074,2093
2071,2054
2071,2027
2067,2041
2063,2020
2042,1990
2055,2059
2033,2056
2032,2080
2029,2063
2024,2055
2022,2044
2019,2012
2001,2063
2004,2009
2001,2070
1989,2040
1993,2051
1995,2079
1997,2041
1992,2055
1991,2040
1979,2080
1994,2060
1987,2069
1984,2067
1991,2003
1991,2084
1991,2030
1999,2053
2001,1999
1993,2069
2004,2009
2008,2043
2016,2064
2019,2011
2024,2079
2024,2071
2025,2032
2035,2033
2039,2007
2039,2065
2048,2071
2057,2003
2059,2067
2074,2008
2071,2035
2076,2033
2089,2047
2091,2042
2091,2040
2103,2009
2099,2032
2110,2040
2120,2036
2121,2073
2117,2068
2128,2076
2129,2013
2133,2027
2136,2035
2132,2039
2143,2037
2148,2031
2151,2035
2144,2015
2144,2035
2143,2080
2133,2071
2139,2079
2138,2075
2140,2024
2135,2069
2135,2070
2127,2059
2119,2036
2117,2025
2121,2067
2101,2041
2097,2053
2104,2071
2087,2011
2093,2075
2083,2043
2073,2039
2077,2063
2069,2038
2063,2071
2063,2048
2039,2037
2040,2033
2040,2091
2033,1997
2024,2039
2017,2036
2013,2024
2004,2036
2003,2056
1997,2071
1992,2063
1991,2086
1987,2088
1989,2045
1989,2065
1992,2056
1989,2066
1990,1995
1976,2056
1984,2011
1975,2104
1973,2064
1992,2073
1979,2042
1993,2071
1996,2019
2001,2018
2002,2005
1999,2029
1997,2069
2010,2071
2014,2030
2019,2027
2024,2011
2032,2017
2033,2018
2035,1993
2035,2063
2051,2079
2056,2019
2055,2054
2071,2069
2075,2077
2082,2051
2078,2040
2088,2039
2091,2053
2091,2045
2103,2067
2113,2044
2112,2007
2121,2092
2122,2035
2118,2063
2125,2041
2127,1995
2139,2037
2139,2052
2137,2032
2143,2017
2145,2056
2135,2075
2142,2019
2146,2017
2133,2063
2140,2072
2136,2027
2125,1991
2135,2075
2125,2002
2121,2027
2124,2026
2101,2056
2112,2057
2112,2029
2099,2068
2097,2027
2092,2033
2087,2063
2081,2079
2080,2053
2063,2068
2065,2071
2057,2070
2039,2094
2039,2039
2036,2011
2028,2053
2025,2024
2028,2015
2020,2038
2008,2025
2008,2025
2008,2108
1988,2053
2000,2024
1997,2003
1989,2075
1979,2032
1975,2005
1995,2063
1982,2030
1987,2036
1981,2036
1975,2030
1977,2033
1990,2063
1992,2068
1992,2035
2000,2021
2003,2072
2009,2015
2001,2063
2008,2007
2015,2052
2017,2027
2027,2067
2021,2033
2028,2063
2038,2044
2031,2063
2059,2043
2057,2035
2063,2056
2063,2065
2069,2063
2078,2039
2084,1976
2083,2015
2096,2076
2099,2042
2101,2042
2105,2011
2113,2056
2122,2053
2128,2045
2128,2035
2137,2024
2139,2015
2135,2064
2137,2048
2143,1989
2139,2028
2143,2093
2138,2055
2146,2035
2137,2028
2149,2033
2142,2071
2139,2036
2137,2030
2136,2021
2131,2077
2122,2033
2117,1996
2123,2007
2119,2033
2112,2077
2108,2019
2107,2001
2091,2028
2091,2063
2093,2035
2086,2063
2069,2036
2071,2044
2071,2025
2063,2017
2060,2067
2059,2001
2044,2043
2039,2051
2038,2039
2025,2019
2021,2073
2017,2109
2009,2080
1997,2041
2012,2004
1993,2051
2000,2031
1992,2018
1998,2017
1995,2087
1992,2063
1992,2075
1992,2048
1993,2007
1992,2076
1984,2035
1979,2045
1992,2021
2001,2044
1991,2045
2002,2009
2008,2042
2005,2064
2013,2053
2007,2052
2020,2059
2021,2026
2029,2071
2029,2025
2040,2043
2040,2044
2051,2055
2053,2063
2072,2002
2063,2024
2075,2007
2075,2048
2086,2035
2087,2063
2091,2041
2096,2015
2102,2036
2120,2080
2103,2071
2115,2040
2120,2008
2128,2043
2128,2043
2134,2056
2137,2008
2143,2080
2146,2095
2153,2048
2146,2040
2143,2073
2148,2021
2151,2021
2150,2037
2140,2076
2149,2035
2143,2087
2140,2061
2123,2080
2137,2028
2121,2066
2121,2063
2120,2045
2111,2060
2112,2005
2116,2071
2099,2035
2097,2092
2090,2038
2075,2063
2077,2069
2074,2009
2071,2038
2053,2017
2063,2063
2056,2063
2040,2070
2037,2071
2027,2021
2028,2072
2026,2059
2011,2060
2008,2029
2007,2064
2005,2074
1997,2021
1990,2088
1995,2063
1990,2015
1991,2040
1987,2060
1993,2037
1987,2026
1984,2013
1979,1995
1991,2008
1989,2063
1991,2008
1992,2053
1991,2092
1998,2041
1997,2073
2008,2001
2007,2026
2016,2056
2003,2040
2024,2063
2021,2040
2027,2003
2024,2075
2030,2067
2040,2068
2054,2040
2053,2040
2063,2062
2063,2063
2071,2064
2079,2005
2083,2063
2091,2055
2091,2011
2091,2021
2103,2041
2112,2023
2108,2048
2107,2047
2120,2058
2135,2008
2125,2034
2135,2096
2136,2053
2135,2063
2141,2011
2135,2027
2141,2040
2143,1999
2137,2052
2137,2070
2140,2020
2124,2089
2136,2068
2123,2053
2128,2026
2121,2021
2124,2019
2105,2036
2115,2035
2099,2060
2103,2048
2101,2036
2093,2057
2091,2060
2075,2055
2072,2055
2067,2042
2071,2055
2066,2009
2037,2011
2052,2017
2043,2083
2031,2079
2030,2071
2020,2044
2024,2029
2009,2044
2008,2030
1997,2057
1989,2076
2005,2035
1992,2021
1996,2060
1989,2058
1989,2043
1992,2020
1977,2026
1982,2012
1975,2009
1980,2008
1984,2070
1987,2035
1987,2041
1977,2063
1992,2041
1993,2071
1995,2037
2000,2025
2005,2072
2014,2018
2009,2028
2015,2027
2011,2066
2024,2072
2029,2011
2032,2077
2040,2063
2044,2003
2053,2045
2056,2042
2054,2042
2068,2022
2076,2018
2076,2057
2081,2044
2096,2001
2100,2040
2105,2035
2108,2076
2109,2043
2107,2072
2127,1987
2129,2053
2136,2027
2129,2035
2138,2041
2142,2017
2140,2072
2147,2063
2148,2045
2143,2015
2139,2065
2148,2041
2145,2011
2143,2039
2144,2007
2135,2059
2136,2025
2132,2007
2128,2015
2115,2056
2125,2015
2120,2019
2118,2066
2112,2066
2104,2066
2101,2011
2091,2067
2096,2044
2093,2068
2078,2065
2079,2052
2064,2023
2048,2036
2057,2069
2052,1997
2035,2040
2040,2007
2025,2033
2017,2062
2024,2063
2015,2067
2003,2021
1999,2056
2005,2055
2001,2064
1993,2041
1996,2021
1995,2009
1979,2041
1981,2015
1984,2063
1980,2023
1984,1993
1992,1991
1979,2076
1991,2013
1994,2067
1997,1987
1995,2087
2000,2017
1996,2035
2002,2030
2004,2041
2011,2009
2006,2071
2017,2009
2021,2008
2026,2071
2040,2063
2031,2038
2039,2025
2043,2009
2060,2089
2067,2038
2069,2013
2077,2035
2079,2056
2087,2031
2088,2027
2091,2042
2091,2021
2109,2023
2105,2043
2112,2033
2121,1999
2128,2017
2137,2033
2135,2072
2131,2040
2147,2037
2151,2063
2137,2071
2140,2069
2147,2047
2144,2072
2149,2077
2137,2065
2135,1997
2147,2014
2142,2007
2140,2071
2135,2063
2130,1981
2128,2015
2127,2055
2126,2023
2117,2029
2115,2043
2101,2019
2103,2028
2096,2057
2088,2040
2089,2013
2085,2065
2076,2058
2063,2025
2059,2033
2056,2084
2045,2071
2040,2034
2027,2001
2036,2055
2023,2062
2023,2045
2015,2048
2011,2067
1997,2012
1991,2028
1998,2063
2001,2023
1987,1990
1997,2039
1989,2080
1996,2060
1986,2056
1975,2015
1980,2063
1982,2033
1979,2070
1987,2053
1973,2021
1996,2054
1986,2047
1992,2029
1989,2054
2007,2008
1994,2038
2009,2019
2008,2040
2012,2052
2019,2025
2026,2020
2023,2018
2033,2055
2035,2062
2053,2003
2041,2029
2055,2028
2064,2043
2069,2066
2072,2063
2075,1988
2091,2015
2085,2048
2099,2044
2088,2065
2105,2030
2116,2068
2112,2071
2121,2011
2117,1995
2132,2004
2123,2072
2143,2072
2135,1993
2137,2007
2141,2008
2143,2023
2143,2021
2133,2063
2134,2043
2132,2044
2134,2063
2127,2040
2136,2011
2132,2048
2133,2025
2123,2075
2124,2040
2118,2020
2105,2015
2109,2072
2111,2023
2102,2042
2091,2037
2084,2053
2080,2056
2075,2038
2072,2039
2074,2021
2069,2071
2063,2011
2057,2057
2033,2021
2038,2057
2032,2029
2032,2024
2021,2028
2021,2055
2013,2015
2003,2069
2001,2035
1998,2091
1991,2068
1991,2043
1980,2076
1993,2021
1987,2066
1987,2039
1981,2029
1992,2021
1986,2040
1989,2043
1989,2058
1988,2009
1992,2071
2000,2063
1997,2041
1999,2046
2002,2064
1995,2059
2016,2075
2007,2051
2017,2015
2016,1997
2020,2041
2029,2040
2039,2029
2045,2039
2053,2033
2055,2066
2067,2068
2063,2011
2069,2040
2076,2063
2091,2035
2097,2073
2097,2076
2104,2023
2104,2033
2107,2040
2116,2027
2120,2027
2123,2064
2136,2071
2136,2068
2135,2004
2141,2048
2139,2060
2147,2030
2147,2069
2151,2032
2150,2019
2149,2063
2150,2039
2148,2053
2145,2021
2139,2043
2129,2064
2131,2075
2139,2038
2136,2035
2123,2068
2123,2088
2125,2056
2124,2024
2113,2069
2107,2084
2100,2028
2093,2059
2091,2041
2083,2076
2075,2065
2078,2025
2066,2024
2069,2023
2052,2065
2055,2059
2046,2027
2035,2065
2023,2043
2027,2033
2024,2064
2015,2058
2015,2077
2006,2059
2003,2039
1993,2064
1995,2005
1994,2029
1994,2011
1992,2039
1983,2008
1992,2007
1992,2078
1989,2072
1984,2044
1987,2075
1994,2043
1984,2009
1991,2058
2000,2017
1991,2074
2000,2001
2003,2072
2009,2020
2019,2056
2019,2053
2023,2053
2027,2063
2028,2054
2027,1987
2038,2067
2042,1981
2047,2055
2063,2011
2072,2036
2063,2075
2071,2001
2079,2067
2084,2003
2084,2046
2090,2060
2100,2023
2097,2040
2106,2071
2112,2068
2115,2087
2120,2035
2121,2067
2128,2040
2134,2026
2138,2023
2133,2040
2141,2057
2136,2011
2139,2039
2141,2063
2131,2025
2137,2080
2125,2096
2140,2027
2137,2059
2127,2036
2126,2043
2124,2025
2123,2067
2107,2060
2120,2035
2117,2064
2109,2013
2103,2072
2096,2027
2089,2064
2088,2055
2083,2057
2076,2033
2065,2066
2067,2055
2043,2036
2040,2058
2040,2023
2039,2043
2033,2029
2032,2023
2025,2041
2020,2035
2016,2024
2010,2045
2009,2022
1996,2017
1999,2068
1996,2073
1996,2074
1981,2079
1992,2066
1977,2017
1984,2034
1989,2043
1982,2056
1979,2011
1982,2076
1987,2035
1984,2029
1997,2060
1993,2043
2001,2008
2000,2033
1999,2041
2006,2038
2010,2063
2007,2048
2016,2054
2027,2044
2033,2017
2040,2021
2040,2019
2052,2026
2058,2055
2059,2063
2063,2079
2074,2066
2075,2025
2087,2028
2088,2037
2093,2038
2093,2017
2095,2063
2108,2026
2112,1996
2119,2029
2132,2064
2123,2003
2121,1992
2141,2063
2143,2017
2141,2054
2143,2036
2147,2007
2155,2043
2146,2003
2139,2043
2152,2033
2151,2072
2151,2041
2139,2071
2144,2016
2133,2032
2135,2039
2140,1997
2131,2024
2121,2028
2121,2063
2121,2056
2118,2065
2106,2068
2104,2055
2083,2045
2090,2053
2092,2041
2079,2038
2079,2035
2074,1999
2065,2025
2059,2047
2040,2026
2037,2037
2027,2065
2029,2044
2024,2039
2023,2040
2015,2030
2009,2041
2005,2047
2005,2027
1995,2033
1999,2011
1993,2067
1989,2012
1989,2063
1977,2032
1992,2045
1989,2042
1981,2025
1990,2076
1990,2042
1995,2022
1994,2007
1992,2009
1995,2048
2001,2047
2003,2040
2005,2055
2009,2051
2012,2033
2020,2012
2021,2057
2030,2068
2024,2047
2037,2048
2042,2023
2041,2056
2053,2072
2055,2040
2063,2019
2072,2009
2080,2038
2075,2037
2087,2021
2092,2023
2099,2068
2094,2032
2108,2043
2112,2033
2115,2020
2124,2065
2127,2030
2128,2023
2127,2009
2131,2064
2137,2079
2129,2024
2143,2026
2144,2017
2151,2063
2148,2005
2153,2059
2152,2011
2142,2067
2141,2072
2140,1991
2133,2041
2135,2074
2128,2059
2125,2071
2120,2073
2123,2031
2121,2024
2109,2017
2103,2019
2105,2056
2096,2015
2092,2063
2083,2033
2073,2055
2068,2039
2074,2033
2068,2055
2060,2035
2041,2080
2033,2045
2036,2027
2033,2006
2031,2002
2021,2028
2012,2055
2005,2077
2009,2079
2005,2037
2004,2043
1995,2042
1995,2063
1995,2029
1977,2063
1984,2034
1979,2051
1984,2041
1980,2019
1986,2063
1981,2037
1979,2019
1986,2033
1993,2030
1989,2039
1994,2048
1993,2029
2001,2027
2006,2017
2010,2013
2013,2053
2016,2072
2027,2025
2017,2023
2031,2076
2039,2040
2029,2074
2035,2069
2043,2071
2060,2021
2063,2059
2072,2048
2073,2016
2083,2079
2083,2032
2092,2021
2098,2063
2091,2065
2099,2067
2108,2035
2117,2007
2123,2027
2124,2018
2132,2080
2129,2037
2129,2069
2133,2056
2144,2007
2139,2045
2143,2064
2143,2064
2136,2066
2143,2015
2135,2025
2132,2040
2140,1991
2138,2011
2137,2040
2139,2063
2129,2029
2124,2053
2123,2067
2115,2063
2112,2019
2105,2063
2105,2036
2103,2066
2084,2079
2089,2043
2080,2020
2082,2035
2073,2020
2067,2066
2064,2043
2055,2067
2040,2039
2042,2059
2039,2009
2025,2054
2028,2011
2020,2036
2012,2036
2005,2075
2007,2009
1994,2045
1996,1975
1994,2015
1995,2060
1995,2027
1987,2035
1984,2031
1977,2057
1993,2053
1991,2068
1990,2044
1980,2036
1992,2020
1995,2063
1995,2080
2000,2045
2001,2036
2009,2001
2005,2035
2017,2041
2009,2095
2016,2073
2025,2071
2031,2015
2036,2023
2042,2005
2037,2058
2048,2008
2055,2045
2067,2071
2068,2035
2075,2053
2069,2048
2083,2042
2087,2043
2092,2034
2103,2058
2098,2036
2108,2043
2112,2025
2120,2017
2124,2057
2135,2089
2129,2068
2133,2025
2136,2019
2136,2054
2141,2044
2149,2057
2152,2048
2148,2047
2150,2035
2139,2073
2148,2034
2143,2026
2144,2005
2140,2004
2141,2054
2140,2039
2133,2092
2123,2065
2127,2063
2126,2003
2105,2063
2104,2037
2106,2025
2101,2020
2096,2062
2091,2024
2085,2043
2080,2015
2071,2010
2068,2019
2068,2080
2063,2012
2031,2068
2035,2042
2035,2067
2027,2069
2025,2029
2017,2063
2016,2040
2012,2025
2012,2007
1997,2031
2003,2055
1997,2080
2003,2060
2000,2047
1995,2043
1993,2072
1993,2039
1992,2040
1983,2035
1981,1992
2001,2027
1993,2040
2000,2037
1999,2043
2004,2056
1998,2047
2009,2029
2011,2033
2008,2039
2007,2064
2019,2024
2024,2071
2027,2060
2032,2075
2031,2027
2041,2072
2055,2028
2055,2041
2067,2055
2071,2042
2076,2005
2080,2027
2077,2024
2093,2053
2095,2029
2103,2045
2106,2007
2103,2023
2120,2053
2122,2055
2119,2028
2123,2019
2127,2063
2143,2051
2140,2040
2131,2001
2144,2001
2153,2017
2147,2019
2145,2024
2148,2035
2152,2021
2143,2043
2145,2062
2144,2003
2139,2023
2133,2067
2133,2076
2131,2009
2120,2035
2123,2023
2120,2011
2109,2007
2109,2043
2098,2056
2105,2039
2097,2088
2089,2053
2084,2035
2071,2034
2069,2040
2072,2048
2063,2039
2056,2095
2047,2057
2029,2063
2031,2072
2024,2040
2024,2071
2012,2011
2016,2040
2005,2052
1995,2036
2000,2034
1993,2067
1994,2037
1987,2064
1991,2035
1981,2071
1989,2054
1989,2079
1975,2040
1977,2056
1984,1991
1977,2056
1985,2029
1989,2073
1988,2045
1992,2080
1995,2041
2007,2003
2002,2056
2001,2015
2005,2048
2008,2024
2023,2021
2019,2044
2027,2034
2026,2037
2034,2064
2035,2028
2057,2063
2048,2034
2053,2045
2067,2061
2071,1992
2076,2012
2077,2073
2088,2020
2099,2048
2096,2070
2103,2021
2105,2009
2108,2072
2120,2015
2124,2082
2121,2075
2128,2073
2136,2069
2132,2007
2136,2042
2135,2043
2140,2003
2123,2048
2135,2063
2143,2055
2138,2072
2135,2058
2132,2027
2136,2069
2135,2035
2131,2031
2127,2058
2121,2048
2122,2017
2109,2032
2107,2021
2111,2037
2102,2022
2091,2084
2085,2067
2081,2033
2075,2048
2076,2003
2072,2044
2068,2047
2057,2056
2057,2082
2041,2047
2039,2075
2027,2059
2029,2051
2015,2037
2022,2045
2007,1997
2010,2075
2004,2025
1995,2030
1995,1993
1992,2020
1991,2067
1992,2025
1991,2097
1989,2058
1973,2063
1982,2025
1978,2063
1989,2061
1975,2023
1976,2072
1991,2011
1979,2068
1993,2042
1991,1991
1995,2067
2007,1991
2007,2070
2011,2015
2012,2063
2020,2024
2021,2024
2024,2029
2023,2017
2035,2043
2039,2056
2048,2029
2060,2039
2068,2063
2072,2008
2072,2019
2073,2027
2093,1997
2096,2035
2089,2037
2092,2084
2100,2009
2104,2027
2107,2035
2107,2071
2126,2033
2128,2017
2132,2045
2136,2040
2136,2029
2138,2027
2144,2012
2136,2025
2143,2071
2136,2025
2132,2069
2137,2054
2146,2025
2143,2004
2136,2048
2139,2001
2125,2051
2130,2031
2120,2040
2120,2072
2123,2043
2104,2067
2103,2063
2103,2017
2104,2003
2098,2035
2091,2023
2083,2029
2072,2048
2072,2063
2067,2044
2064,2046
2053,2007
2043,2023
2044,2027
2033,2067
2033,2039
2025,2033
2020,2052
2011,2072
2015,2065
2011,2052
2008,2066
1992,2037
2000,2023
1991,2056
1992,2035
1996,2025
1990,2044
1996,2024
1998,2021
1990,2057
1988,2030
1990,2028
1987,2035
1998,2043
1993,2058
2005,2043
2008,1999
2007,2001
2007,2068
2015,2053
2012,2063
2021,2039
2019,2019
2028,2043
2039,2041
2040,2036
2043,2032
2043,2072
2071,2071
2073,1994
2071,2028
2085,2034
2080,2024
2088,2025
2088,2019
2105,2047
2107,2053
2101,2080
2109,2013
2120,2033
2128,2076
2128,2057
2131,2054
2143,2039
2144,2009
2143,2064
2143,2077
2149,2019
2139,2025
2152,2033
2147,2042
2155,2069
2147,2015
2149,2060
2151,2007
2140,2045
2137,2067
2138,2070
2136,2069
2133,2037
2132,2036
2121,2005
2115,2037
2120,2072
2115,2033
2107,2037
2103,2017
2100,2067
2094,2056
2087,2040
2083,2055
2075,2015
2065,2041
2071,2056
2063,2059
2040,2042
2038,2015
2037,2044
2030,2025
2027,2006
2015,2027
2011,2056
2012,2025
2007,2040
2000,2007
1989,2043
1999,2066
1997,2043
1987,2011
1977,2063
1981,2071
1991,2057
1978,2055
1982,2038
1988,2033
1977,2079
1981,2022
1981,2069
1990,2017
1985,2054
1995,2010
1999,2066
2001,2020
2005,2052
2009,2052
2005,2023
2014,2053
2020,2034
2026,2024
2024,2068
2032,2072
2037,1995
2041,2004
2039,2027
2057,2071
2068,2001
2058,2029
2072,2018
2084,2056
2087,2067
2082,2035
2095,2048
2094,2033
2097,2022
2111,2007
2113,2012
2120,2056
2117,2030
2124,2057
2133,2054
2135,2039
2141,1995
2141,2074
2124,2073
2135,2036
2137,2037
2143,2035
2146,2077
2139,2056
2136,2052
2136,2077
2123,2091
2134,2075
2131,2055
2117,2071
2121,2046
2112,2063
2115,2037
2113,2063
2107,2017
2072,2070
2086,2025
2092,2023
2072,2036
2073,1975
2067,2080
2067,2025
2053,2013
2062,2018
2044,2079
2040,2029
2033,2072
2023,1997
2022,2045
2015,2061
2004,2028
2010,2001
2005,2029
1996,2067
1991,2056
1989,2071
1995,2018
1990,2063
1977,2075
1994,2065
1992,2044
1987,2051
1979,2080
1987,2072
1979,2009
1987,2054
1992,2068
1996,2059
1989,2027
1998,2043
1995,2035
1997,2065
2009,2022
2008,2025
2017,2011
2016,2024
2017,2058
2041,2057
2034,2069
2040,2056
2056,1969
2045,2071
2063,2005
2068,2011
2069,2053
2077,2055
2088,2089
2091,2066
2095,2040
2099,2036
2105,2055
2091,2055
2116,2024
2123,1991
2125,2019
2133,2076
2125,2056
2136,2048
2135,2065
2137,2068
2143,2037
2147,2039
2134,2027
2145,2081
2152,2074
2148,2003
2148,2033
2154,2039
2147,2059
2148,2076
2136,2035
2147,2027
2137,2076
2139,2073
2132,2071
2121,2048
2123,2029
2115,2088
2108,2033
2104,2052
2101,2078
2102,2011
2089,2068
2092,2028
2081,2054
2076,2057
2063,2075
2071,2011
2044,2030
2056,2038
2047,2078
2043,2047
2029,2036
2024,2059
2015,2077
2007,2035
2005,2067
2008,2043
2004,2069
2003,2080
2001,2044
1981,2080
1993,2021
1992,2041
1993,2009
1987,2071
1989,2055
1992,2003
1996,2063
1987,2077
1992,2057
1996,2068
1991,2011
1996,2077
2006,2045
2004,2043
2013,2048
2006,2029
2015,2032
2022,2059
2027,2033
2020,2048
2036,2051
2034,2047
2037,2027
2046,2018
2064,2001
2059,2033
2068,2021
2075,2039
2069,2036
2075,2035
2083,2063
2089,2067
2096,2052
2104,2045
2114,2044
2109,2038
2108,2039
2121,2024
2128,2009
2134,2017
2123,2067
2136,2011
2139,2022
2138,2017
2134,2044
2140,2066
2137,2009
2149,2053
2144,2060
2137,2073
2137,2060
2143,2023
2142,2005
2136,2071
2138,2068
2121,2005
2124,2065
2119,2044
2105,2077
2108,1993
2103,2056
2094,2029
2088,2059
2087,2059
2088,2040
2077,2039
2073,2007
2065,2032
2057,2037
2056,2095
2041,2045
2038,2011
2031,2072
2024,2033
2021,2065
2015,2044
2008,2036
2005,2053
1995,2076
1999,2013
1992,2073
1991,2015
1983,2073
1992,2048
1981,2067
1981,2034
1982,2073
1979,1980
1975,2056
1987,2072
1978,2020
1983,2069
1978,2044
1979,2072
1977,1999
1992,2025
1991,2033
1995,2035
2007,2069
1995,2080
2003,2059
2018,2031
2019,2031
2029,2041
2023,2041
2027,2023
2041,2024
2041,2072
2055,2019
2063,2025
2055,2071
2071,2011
2071,2022
2090,2040
2089,2046
2079,2019
2099,2023
2098,2030
2116,2022
2101,2020
2120,2012
2121,2045
2127,2045
2121,2022
2136,2035
2141,2077
2135,2042
2139,2060
2143,2066
2150,2070
2154,2034
2148,2043
2139,2057
2147,2013
2152,2039
2139,2068
2133,2076
2139,2066
2143,2058
2136,2019
2124,2021
2128,2055
2123,2042
2120,2012
2113,2044
2101,2053
2104,2027
2099,2088
2089,2068
2080,2045
2087,2026
2082,2045
2075,2027
2067,2058
2058,2039
2051,2027
2043,1992
2026,2048
2030,2072
2026,2005
2025,2015
2019,2043
2013,2023
2009,2041
2002,2080
2001,2021
1994,2041
1992,2044
1993,2063
1989,2037
1992,2023
1984,2062
1973,2075
1990,2015
1976,2043
1984,2025
1991,2061
1994,2007
1991,2043
2000,2071
1993,2063
2002,2041
2009,2035
2001,2046
2016,2009
2013,2035
2024,2028
2020,2041
2025,2009
2033,1987
2035,2048
2047,2020
2043,2069
2062,2030
2063,2078
2071,2069
2076,2041
2088,2045
2087,2060
2095,2060
2091,2039
2093,2063
2103,2040
2107,2057
2109,2032
2125,2027
2119,2032
2134,2062
2136,2035
2129,2091
2140,1999
2144,2029
2140,2006
2150,2077
2152,2060
2152,2021
2147,2047
2144,2068
2143,2071
2148,2041
2138,2005
2140,2030
2138,2021
2125,2079
2127,2009
2125,2057
2119,2056
2117,2027
2116,2055
2109,2067
2099,2037
2092,2048
2096,2043
2088,2056
2088,2025
2076,2033
2072,2035
2063,2037
2059,2043
2043,2046
2044,2068
2035,2017
2033,2040
2025,2041
2013,2071
2011,2080
2003,2070
2008,2058
1998,2036
2002,2065
1998,2043
1997,2023
1987,2025
1994,2017
1979,2056
1984,2015
1992,2031
1984,2037
1987,2069
1977,2069
1993,2077
1995,2024
1992,2023
1992,2040
1987,2089
1992,2040
1995,2044
2003,2027
2013,2071
2008,2063
2015,2056
2022,2025
2023,2060
2032,2052
2044,2008
2042,2043
2055,2041
2053,2068
2063,2065
2071,2019
2065,2063
2075,2064
2086,2043
2076,2024
2088,2042
2097,2019
2099,2057
2098,2073
2107,2029
2112,2067
2125,2027
2123,2054
2130,2023
2134,2074
2137,2072
2135,2071
2138,2009
2133,2035
2140,2053
2136,2015
2143,2066
2142,2069
2138,2001
2136,2074
2131,2046
2137,2027
2125,1989
2122,1996
2121,2029
2123,2080
2121,2044
2112,2019
2105,2028
2097,2020
2089,2072
2095,2063
2077,2053
2086,2069
2077,2019
2074,2088
2067,2042
2063,2028
2045,2074
2048,2033
2033,2054
2036,2011
2025,2041
2024,2040
2009,2071
2011,2031
2014,2015
1999,2056
1991,2075
1997,1999
1987,2057
1979,2040
1991,2015
1984,2024
1979,2068
1984,2011
1975,2080
1984,2041
1967,2033
1978,2035
1988,2011
1984,2056
1988,2071
1987,2045
1992,2027
1996,2041
1997,2071
2004,2091
2007,2041
2011,2052
2011,2055
2021,2043
2025,2028
2032,2057
2040,2021
2039,2035
2037,2075
2043,2056
2068,1999
2063,2007
2071,2056
2080,2035
2082,2036
2085,2071
2088,2039
2105,2057
2099,2046
2097,2030
2112,2056
2119,2043
2119,2071
2131,2036
2131,2066
2140,2084
2138,2047
2136,2048
2137,2040
2141,2080
2152,2051
2152,1997
2148,2035
2149,2060
2147,2028
2139,2059
2142,2030
2143,2067
2135,2017
2136,2029
2125,2009
2121,2063
2124,2020
2117,2027
2116,2056
2106,2025
2102,2008
2099,2023
2092,2045
2087,2023
2081,2042
2083,1998
2071,2013
2055,2069
2056,2059
2047,2029
2043,2038
2040,2024
2029,2039
2030,2024
2031,2037
2019,2089
2005,2092
2006,2025
1997,2015
1995,2027
1991,2067
1990,2042
1993,2027
1992,2036
1980,2035
1989,2044
1984,2027
1979,2024
1987,2041
1980,2027
1991,2063
1997,2033
1989,2051
1989,2072
2001,2059
1993,2037
1995,2005
2003,2034
1993,2037
2008,2071
2012,2021
2015,2040
2036,2027
2034,2041
2042,2047
2045,2023
2037,2019
2056,2068
2045,2052
2071,2009
2066,2055
2071,2067
2080,2033
2092,2030
2087,2017
2097,2019
2107,2043
2105,2080
2119,2001
2120,2045
2123,2066
2131,1992
2128,2023
2137,2057
2135,2019
2140,1991
2141,2053
2144,2023
2143,2048
2139,2038
2141,2045
2148,2007
2137,2037
2141,2059
2141,2078
2133,2028
2135,2055
2134,2040
2129,2062
2125,2059
2122,2077
2109,2025
2110,2037
2105,2064
2111,2043
2106,2019
2097,2061
2088,2029
2088,2053
2080,2044
2067,2057
2068,2018
2063,2011
2063,2063
2046,2037
2037,2039
2043,2021
2024,2044
2026,2023
2016,2013
2021,2071
2018,2027
2003,2022
2012,2056
1996,2029
2004,2007
1996,2054
1995,2008
1989,2025
1996,2025
1989,2011
1991,2065
1979,2015
1994,2024
1989,2021
1996,2073
2003,2043
1992,2040
1984,2036
1995,2071
2007,2023
2011,2068
2008,2027
2016,2065
2017,2015
2027,2023
2025,2077
2031,2040
2035,2021
2043,2005
2054,2048
2060,2009
2063,2046
2076,2060
2071,2028
2076,2072
2087,2043
2084,2010
2087,2063
2105,2035
2099,2035
2109,2025
2119,2023
2119,2057
2128,2037
2123,2013
2131,2019
2127,2026
2139,2072
2135,2064
2142,2056
2144,2029
2146,2004
2144,2037
2144,2007
2133,2056
2148,2028
2139,2072
2131,2026
2135,2038
2136,2023
2129,2033
2121,2059
2109,2018
2118,2039
2115,2011
2105,2073
2103,2075
2101,2019
2091,2063
2091,2045
2077,2048
2075,2055
2077,2041
2071,2035
2067,2019
2055,2044
2037,2039
2040,1981
2032,2027
2029,2017
2025,2066
2016,2029
2008,2053
2007,2011
2012,2025
2005,2017
1996,2071
1987,2060
1981,2060
1981,2088
1982,2072
1992,2065
1977,2037
1980,2039
1969,2063
1972,2021
1989,2025
1979,2076
1984,2023
1991,2068
1989,2057
1989,2071
1995,2047
1997,2018
1999,2044
2003,2072
2013,2007
2007,2063
2016,2040
2028,2078
2029,2007
2035,2046
2040,2045
2043,2015
2041,2069
2063,2088
2063,2063
2063,2029
2076,2035
2080,2010
2083,2021
2085,2033
2091,2026
2095,2064
2099,2053
2115,2027
2122,2011
2121,2036
2125,2072
2133,2088
2137,2021
2117,2043
2135,2056
2141,2017
2139,2026
2148,2041
2145,2042
2152,2005
2145,2079
2147,2021
2144,2046
2143,2056
2140,2028
2141,2076
2116,2072
2135,2063
2129,2065
2119,2048
2128,2038
2105,2023
2108,2028
2107,2059
2091,2041
2099,2036
2088,2053
2088,2072
2080,2013
2081,2080
2067,2043
2057,2054
2063,2013
2056,2017
2055,2067
2041,2029
2033,2064
2035,2024
2025,2023
2015,2058
2007,2064
2008,2023
1997,2041
2005,2027
2001,2056
2000,2028
1989,2071
1991,2068
1990,2015
1996,2088
1995,2019
1994,2027
1996,2017
1996,2019
1989,2070
1995,2041
2006,2035
1992,2035
2004,2055
2012,2056
2008,2028
2018,2063
2009,2026
2025,2066
2018,2025
2032,2046
2035,2051
2035,2040
2051,2024
2043,2046
2056,2077
2065,2037
2073,2079
2071,2063
2088,2021
2088,2057
2094,2065
2094,2042
2103,2040
2103,2047
2117,2036
2123,2063
2119,2032
2119,2024
2121,2041
2136,2028
2135,2008
2136,2056
2135,1996
2144,2033
2146,2043
2137,2028
2152,2058
2152,2043
2150,2031
2151,2043
2146,2023
2139,2044
2144,2011
2133,2080
2136,2025
2136,2047
2127,2031
2128,2067
2120,2004
2109,2044
2105,2030
2106,2088
2105,2046
2096,2027
2083,2024
2089,2029
2077,2076
2073,2051
2063,2023
2063,2019
2055,2042
2037,2037
2042,2077
2036,2025
2023,2062
2028,2041
2023,2048
2012,2072
2007,2043
2005,2060
2007,2068
1999,2008
1987,2040
1984,2012
1993,2048
1987,2063
1991,2042
1982,2025
1984,2027
1992,2073
1991,2013
1975,2041
1979,2074
1989,2063
1987,2062
1999,2026
1993,2063
2001,2053
2007,2071
2012,2043
2009,2071
2019,2011
2023,2047
2019,2075
2027,2042
2040,2008
2040,2040
2041,2044
2043,2059
2055,2039
2064,2064
2073,2002
2071,2015
2080,2009
2077,2011
2087,2059
2092,2057
2096,2059
2102,2036
2109,2025
2105,2080
2115,2045
2109,2054
2117,2006
2135,2023
2132,2076
2127,2060
2141,1995
2140,2021
2135,2035
2147,2067
2143,2013
2143,2019
2132,2011
2140,2038
2134,2017
2135,2036
2123,2019
2128,2065
2128,2043
2108,2056
2115,2027
2104,2055
2103,2009
2097,2027
2096,2023
2087,2080
2091,2027
2077,2057
2086,2029
2071,2011
2067,2068
2056,2025
2063,2039
2045,2011
2035,2011
2040,2017
2031,2066
2021,2015
2009,2009
2022,2030
2009,2080
2004,2035
2009,2023
1996,2009
1991,2056
1989,2055
1996,2015
1980,2044
1987,2039
1990,2063
1976,2085
1987,2021
1990,2009
1979,2077
1991,2063
1985,2035
1992,2028
1997,2015
1995,2063
1991,2067
1997,2045
2012,2009
2003,2071
2011,2076
2016,2019
2011,2003
2028,2025
2025,2071
2040,2065
2042,2025
2047,1981
2063,2003
2064,2063
2071,2077
2074,2037
2084,2042
2088,2045
2088,2065
2093,2040
2080,1993
2109,2041
2100,2056
2112,2078
2119,2077
2133,2043
2135,2020
2142,2039
2136,2017
2149,2019
2137,2047
2149,2074
2147,2063
2149,2040
2155,2009
2157,2053
2149,2065
2148,2062
2147,2051
2145,2042
2139,2065
2137,2069
2136,2032
2140,1995
2135,2063
2123,2063
2128,2027
2116,2045
2107,2036
2109,2027
2116,2075
2091,2042
2096,2043
2081,2071
2087,2071
2079,2023
2072,1980
2063,2047
2064,2039
2048,2070
2040,2064
2027,2037
2031,2007
2019,2063
2020,2078
2011,2056
2007,2061
2010,2012
2000,2067
1992,2067
1987,2087
1993,2043
1989,2029
1984,2059
1981,2041
1984,1998
1987,2037
1979,2029
1984,2020
1983,2036
1979,2040
1991,2024
1989,2059
1993,2025
1993,2018
1997,2022
2004,2038
2003,2041
2007,2071
2005,2046
2024,2038
2019,2069
2033,2060
2032,2019
2039,2076
2041,2029
2045,2011
2062,2043
2064,2038
2058,2065
2059,2047
2076,2079
2094,1999
2089,2065
2087,2067
2099,2083
2104,2053
2105,2067
2104,2071
2119,2069
2127,2019
2124,2064
2137,2029
2136,2029
2136,2063
2137,2060
2140,2033
2138,2007
2151,2038
2138,2077
2143,2030
2146,2031
2133,2029
2141,2071
2131,2059
2124,2005
2132,2053
2132,2094
2124,2041
2115,2074
2116,2071
2105,2040
2105,2071
2099,2005
2097,2040
2092,2038
2081,2077
2077,2065
2071,2044
2063,2043
2079,2011
2053,2079
2056,2056
2038,2025
2042,2036
2032,2025
2031,2077
2021,2044
2024,2020
2009,2037
2006,2072
2007,2039
1992,2057
1995,2010
1987,2095
2001,2043
1995,2028
1980,2047
1980,2023
1981,2051
1981,2080
1984,2024
1989,2080
1983,2019
1988,2027
1992,2064
1977,2070
1992,2039
1996,2063
1996,2021
2000,2059
1995,2042
2007,2025
2013,2046
2016,2008
2024,2065
2027,2009
2021,2027
2027,2039
2035,2060
2048,2068
2048,2073
2063,2032
2063,2057
2067,2045
2076,2023
2076,2079
2088,2047
2087,2069
2101,2040
2091,2064
2111,2031
2112,2024
2119,2059
2127,2044
2128,2005
2135,2015
2133,2024
2143,2028
2140,2035
2133,2072
2144,2042
2143,2044
2145,2009
2149,2080
2144,2078
2144,2038
2148,2011
2139,2072
2146,2033
2124,2033
2139,2080
2136,2023
2130,2053
2117,2029
2121,2059
2109,2046
2116,2051
2099,2039
2089,2063
2094,2055
2088,2080
2075,2080
2076,2035
2073,2047
2067,2042
2057,2038
2058,2036
2043,2079
2051,2071
2028,2039
2020,2071
2027,2036
2021,2015
2015,2077
2003,2088
1993,2025
2008,2005
2002,2037
1994,2026
1984,2036
1984,2071
1989,2045
1985,2023
1992,2055
1976,2062
1979,2029
1979,2071
1987,2087
1994,2040
1995,2028
1995,2040
1987,2052
2005,2055
2001,2027
2008,2063
2014,2032
2016,2033
2015,2067
2024,2030
2031,2019
2027,2061
2043,2037
2044,2041
2046,2043
2063,2056
2063,2046
2072,2035
2076,2015
2082,2079
2085,2001
2089,1991
2102,2017
2101,2056
2103,2067
2105,2055
2123,2025
2115,2067
2127,2041
2132,1979
2123,2064
2133,2024
2139,2011
2146,2015
2151,2062
2153,2066
2151,2022
2149,2080
2152,2041
2137,2040
2147,2018
2145,2093
2145,2065
2139,2035
2141,2062
2143,2017
2131,2033
2135,2055
2124,2055
2117,2056
2112,2013
2114,2041
2109,2036
2089,2044
2088,2005
2075,2048
2084,2023
2076,2033
2071,2033
2066,2023
2060,2036
2037,2035
2037,2054
2032,2043
2024,2080
2021,2040
2024,2064
2016,2065
2008,2029
2001,2009
1999,2078
1997,2051
1999,2045
2000,2023
1992,2056
1974,2023
1985,2074
1984,2065
1976,2040
1984,2023
1977,2038
1984,2001
1981,2028
1979,2071
1991,2012
1992,2067
1992,2063
1996,2017
1995,2070
2004,2056
2001,2044
2016,2037
2017,2063
2020,2087
2024,2069
2023,2025
2027,2003
2035,2053
2046,2025
2047,2066
2056,2025
2059,2003
2068,2039
2065,2073
2071,2036
2075,2044
2085,2035
2091,2027
2091,2039
2097,2059
2111,2035
2107,2041
2123,2041
2128,2033
2131,2019
2120,2065
2136,2022
2135,2021
2137,2025
2139,2055
2144,2063
2139,2027
2137,2013
2136,2043
2140,2033
2139,2029
2131,2063
2139,2037
2129,2075
2135,2078
2136,2040
2116,2047
2119,2071
2118,2053
2089,2028
2101,2079
2103,2024
2100,2041
2085,2071
2088,2037
2084,2019
2077,2029
2077,2053
2055,2077
2065,2063
2063,2063
2040,2043
2045,2025
2034,2052
2025,2025
2017,2042
2019,2036
2015,2019
2005,2060
2006,2035
2005,2083
2005,2027
2000,2019
1996,2027
1981,2076
1995,2026
1989,2032
1992,2080
1989,2095
1981,2048
1992,2027
1979,2043
1979,2059
1992,2033
1996,2035
2000,1994
1995,2035
1997,2055
2009,2072
2003,2072
2016,2021
2013,2041
2022,1989
2032,2062
2031,2029
2037,2068
2029,2088
2053,1997
2058,2029
2066,2011
2063,2047
2071,2065
2081,2012
2080,2056
2091,2037
2089,2068
2103,2069
2097,2053
2106,2019
2102,2043
2117,2056
2115,2073
2121,2053
2132,2064
2136,2035
2136,2045
2148,2040
2141,2005
2143,2025
2152,2009
2152,2039
2147,2048
2151,2052
2148,2033
2144,2022
2144,2040
2132,2092
2133,2079
2135,2040
2132,2011
2124,2056
2116,2055
2124,2025
2120,2063
2110,2021
2102,2036
2107,2060
2092,2075
2091,2031
2083,2083
2088,2052
2075,2055
2069,2055
2068,2065
2058,2026
2052,2072
2035,2054
2042,2041
2032,2064
2027,2039
2024,2036
2019,2047
2005,2072
2012,2023
2007,2034
2007,2005
1997,2059
1993,2037
1994,2007
1996,2040
1991,2048
1994,2056
1994,2058
1984,2015
1993,2040
1999,2021
1975,2097
1991,2092
2000,2015
1999,1991
2003,2070
2004,2011
2002,2067
2014,2011
2015,2039
2021,2053
2023,2064
2026,2034
2024,2059
2040,2056
2040,2025
2039,2058
2056,2035
2065,2059
2065,2065
2074,2018
2082,2059
2081,2045
2088,2036
2088,2072
2103,2032
2105,2064
2107,2012
2109,2076
2124,2065
2131,2075
2134,2057
2129,2067
2135,2033
2141,2001
2139,2025
2144,2071
2137,2073
2144,2003
2156,2033
2152,2021
2152,2019
2152,2041
2148,2024
2147,2064
2147,2021
2143,2039
2140,2017
2136,2039
2133,2063
2128,2051
2124,2055
2120,2091
2115,2037
2109,2063
2103,2037
2099,2007
2081,2059
2091,2039
2080,2063
2082,2075
2073,2063
2071,2091
2056,2071
2048,2055
2053,2054
2034,2016
2035,2008
2029,2056
2017,2067
2009,2029
2015,2027
2009,2064
1995,2043
2003,2042
1991,2056
1995,2056
1993,1999
1992,2064
1988,2021
1979,2056
1984,2053
1987,2063
1996,2040
1988,2089
1987,2060
1992,2044
1995,2063
1995,2005
1991,2011
1995,2038
1993,2080
2003,2041
2011,2027
2003,2035
2018,2044
2021,2068
2027,2007
2027,2003
2036,2015
2033,2063
2045,2022
2052,2019
2064,2008
2065,2035
2070,2069
2074,2037
2073,2043
2088,2004
2083,2038
2084,2063
2093,2041
2104,2057
2113,2057
2118,2041
2120,2008
2123,2071
2123,2007
2128,2039
2136,2023
2135,2023
2140,2043
2140,2032
2135,2048
2133,2035
2135,2051
2139,2032
2131,2022
2136,2019
2140,2067
2134,2063
2127,2040
2128,2055
2116,2063
2117,2071
2108,2034
2106,2007
2099,2056
2101,2012
2096,2041
2085,2054
2091,2028
2080,2025
2075,2079
2072,2041
2066,2013
2057,2056
2043,2009
2029,2035
2035,2021
2037,2067
2036,2033
2017,2046
2007,2075
2009,2017
2005,2056
1991,2063
1999,2040
1989,2033
1992,2048
1995,2071
1984,2042
1981,2032
1988,2015
1983,2025
1977,2017
1983,2025
1982,2028
1981,2036
1982,2005
1979,2007
1988,2067
1989,2017
1995,2042
2003,2019
1997,2044
1995,2037
2003,2063
2013,2078
2015,2027
2020,2067
2026,2064
2025,2033
2027,2034
2035,2032
2040,2019
2043,2023
2055,2065
2068,2021
2063,2041
2071,2044
2089,2033
2079,2029
2090,2067
2091,1996
2100,2063
2099,2043
2107,2042
2120,1995
2117,2048
2128,2063
2132,2029
2136,2051
2143,2011
2125,2055
2140,2021
2137,2069
2140,2080
2149,2023
2145,2039
2147,2010
2135,2037
2136,2066
2136,2035
2135,2041
2141,2068
2134,2042
2125,2044
2127,2067
2126,2029
2124,2057
2117,2042
2109,2019
2104,2055
2101,2044
2093,2045
2094,2013
2091,2025
2080,2047
2076,2011
2057,2024
2065,2040
2056,2023
2041,2065
2043,2058
2045,2064
2032,2041
2024,2077
2019,2040
2011,2055
2019,2037
2007,2072
2005,2039
2000,2037
2005,2031
1995,2074
1999,2065
1987,2033
1991,2043
1999,2039
1989,2011
1989,2045
1993,2026
1993,2071
1995,2011
2004,2037
1998,2035
1997,2025
1997,2080
2013,2017
2015,2027
2020,2079
2028,2035
2025,2017
2025,2048
2039,2015
2029,2069
2053,2047
2053,2056
2063,2054
2063,2068
2072,2067
2077,2021
2075,2032
2076,2065
2083,2056
2096,2079
2096,2009
2104,2041
2112,2007
2120,2038
2111,2023
2119,2041
2125,2037
2125,2061
2119,2063
2135,2027
2136,2071
2145,2027
2145,2075
2152,2057
2150,2051
2149,2080
2151,2027
2148,2063
2151,2056
2144,2039
2143,2077
2136,2054
2132,2035
2133,2057
2136,2025
2121,2027
2118,2012
2107,2066
2112,2025
2104,2021
2109,2027
2099,2039
2084,2061
2087,2071
2071,2089
2071,2022
2071,2043
2065,2071
2055,2052
2047,2031
2033,2040
2040,2027
2026,2035
2019,2070
2016,1993
2007,2023
2013,2017
1991,2044
1989,2080
1996,2040
1980,2021
1987,2011
1987,2056
1988,2033
1988,2037
1981,1996
1980,2066
1976,2071
1985,2025
1981,2011
1973,2056
1992,2021
1984,2036
1979,2080
1995,2062
1988,2066
2003,2039
1997,2043
1995,2058
2009,2047
2019,2059
2022,2033
2011,2002
2029,2003
2034,2065
2037,2063
2035,2067
2039,2069
2057,2056
2067,2028
2071,2021
2075,2054
2081,2051
2090,2031
2098,2055
2095,2080
2100,2077
2105,2060
2117,1993
2120,2025
2117,1995
2129,2003
2126,2065
2119,2053
2135,2010
2129,2003
2137,2027
2137,2070
2142,2045
2134,2068
2142,2039
2144,2019
2135,2065
2141,2029
2135,2039
2133,2041
2129,2015
2121,2026
2124,2044
2108,2063
2120,2067
2116,2009
2109,2063
2101,2006
2093,2056
2094,2071
2091,2027
2088,2027
2077,2054
2075,2026
2065,2027
2065,2029
2053,2063
2056,2055
2043,2005
2040,2069
2031,2023
2029,2065
2027,2015
2023,2039
2012,2067
2007,2026
1999,2078
2000,2033
2000,2011
1987,2067
1994,2021
1989,2035
1979,2080
1992,2053
1975,2069
1985,2003
1979,2058
1984,2008
1981,2072
1992,2029
1991,2011
1993,2080
1999,2073
1992,2036
2003,2023
2007,2019
2009,2067
2018,2068
2012,2035
2024,2064
2023,2043
2021,2040
2027,2060
2046,2027
2056,2019
2056,2053
2064,2074
2070,2057
2067,2071
2080,2060
2075,2069
2089,2021
2087,2048
2095,2088
2103,1995
2108,2015
2116,2035
2121,2041
2138,2024
2132,2027
2130,2007
2135,2070
2129,2052
2143,2063
2143,2065
2138,2046
2139,2029
2142,2033
2135,2063
2145,2006
2136,1997
2135,2040
2143,2043
2141,2070
2131,2051
2131,2023
2128,2027
2120,2032
2119,2027
2116,2079
2112,2041
2108,2045
2097,2055
2093,2047
2085,2024
2079,2078
2083,2038
2079,2078
2069,2063
2063,2040
2057,2060
2037,1992
2037,2043
2032,2065
2023,2064
2029,2051
2020,2017
2009,2042
2010,2063
2004,2022
2004,2040
1999,2055
1990,2020
1992,2056
1979,2044
1987,2041
1981,2059
1978,2067
1978,2043
1981,2005
1987,2044
1988,2063
1988,2023
1989,2020
1992,2079
1995,2024
1996,2040
1995,2028
1999,2074
2004,2024
2012,2063
2015,2009
2016,2041
2023,2032
2028,2043
2028,2036
2035,2089
2044,2095
2044,2025
2059,2017
2063,2063
2063,2032
2074,2019
2076,2003
2079,2059
2083,2001
2091,2027
2097,2039
2107,2038
2104,2041
2115,2069
2117,2023
2129,2039
2119,2042
2123,2041
2127,2076
2136,2005
2139,2052
2135,2060
2143,2011
2135,2017
2144,2068
2135,2040
2140,2054
2145,2011
2133,2065
2141,2023
2136,2059
2136,2055
2129,2075
2130,2066
2126,2048
2127,2053
2114,2045
2102,2057
2103,2045
2103,2062
2091,2036
2088,2071
2087,2033
2073,2023
2078,2068
2069,2017
2063,2032
2060,2057
2044,2066
2040,2037
2033,2052
2032,2072
2020,2003
2012,2044
2011,2054
2020,2008
2008,2071
1975,2084
2003,2015
1993,2037
1984,2011
1988,2063
1992,2011
1991,2056
1987,2077
1980,2035
1977,2033
1984,2027
1977,2088
1982,2007
1987,2079
1984,2017
1989,2055
1987,2038
1997,2025
2003,2059
2004,2025
2007,2060
2008,2059
2018,2011
2019,2043
2024,2039
2025,2056
2023,2057
2037,2058
2037,2080
2058,2044
2039,2011
2063,2029
2075,2076
2076,2026
2087,2048
2091,2023
2092,2021
2097,2070
2103,2038
2104,2009
2103,2041
2120,2037
2120,2069
2128,2075
2134,2024
2133,2043
2129,2067
2133,2042
2144,2048
2141,2040
2139,2023
2151,1999
2147,2025
2151,2041
2152,2023
2143,2030
2145,2036
2145,2006
2139,2041
2138,2055
2129,2080
2131,2075
2127,2028
2125,2047
2115,2078
2117,2059
2109,2008
2104,2028
2106,2012
2100,2025
2092,2063
2075,2060
2085,2017
2066,2003
2065,2076
2066,2025
2045,2071
2039,2019
2043,1999
2041,2033
2034,2044
2026,2025
2023,1991
2024,2055
2008,2057
2007,2058
1995,2058
2004,2059
1994,2063
1995,2058
1991,2064
1992,2039
1993,2040
1999,2039
1984,2030
1989,2061
1989,2036
1987,2056
1995,2034
1997,2041
1992,2056
2000,2048
1995,2053
2007,2039
1999,2053
2015,2023
2011,2063
2024,2063
2028,2042
2031,2053
2043,2063
2052,2023
2044,2039
2055,2071
2059,2070
2063,2078
2076,2012
2069,2071
2077,2043
2085,2043
2092,2022
2089,2007
2096,2007
2099,2045
2107,2056
2107,2055
2121,2055
2117,2040
2132,2035
2136,2043
2137,2025
2137,2066
2145,2046
2145,2070
2145,2036
2140,1991
2145,2027
2143,2063
2147,2021
2148,2040
2143,2068
2139,2043
2140,1999
2132,2063
2143,2043
2132,2011
2121,2041
2122,2035
2121,2028
2104,2079
2105,2005
2105,2065
2106,2055
2091,2070
2081,2071
2080,2029
2081,2053
2077,2011
2067,2015
2055,2063
2040,2063
2034,2063
2034,2043
2026,2048
2020,2055
2019,2093
2013,2063
2007,2059
2002,2046
2007,2044
2005,2009
1993,2002
1996,2042
1979,2025
1984,2001
1979,2068
1983,2061
1975,2060
1984,2065
1982,2053
1978,2077
1981,2069
1988,2039
1991,2041
1984,2033
1986,2040
1994,2027
2003,2039
2003,2065
2009,2005
2009,2036
2016,2048
2024,2037
2021,2059
2029,2008
2025,2063
2040,2043
2041,2037
2056,2011
2055,2066
2071,2010
2072,2021
2079,2021
2080,2054
2092,2048
2094,2021
2100,2003
2099,2072
2101,2065
2113,2024
2120,2069
2132,2019
2133,2029
2129,2036
2125,2024
2133,2073
2137,2051
2146,2029
2142,2024
2137,2031
2139,2037
2150,2017
2149,2037
2151,2027
2139,2060
2138,2009
2139,2068
2127,2040
2135,2029
2125,2033
2129,2065
2115,2027
2109,2027
2101,2055
2108,2039
2105,2045
2103,2052
2092,2068
2077,2027
2082,2074
2070,2053
2073,2058
2061,2044
2063,2019
2041,2009
2037,2040
2036,2009
2025,2083
2024,2077
2016,2026
2015,2040
2001,2055
2012,2064
1995,2076
2000,2038
1992,2039
1988,2060
1995,2035
1984,2019
1984,2037
1989,2027
1977,2063
1988,2063
1984,2023
1984,2063
1985,2039
1984,2024
1976,2064
1984,2021
1994,2063
1995,2055
1994,2032
1995,2023
2003,2040
2016,2023
2015,2041
2015,2024
2025,2015
2026,2011
2032,2011
2035,2067
2042,2038
2041,2017
2057,2057
2066,2068
2063,2039
2073,2064
2077,2066
2080,1992
2091,2032
2095,1993
2091,2084
2101,2061
2109,2023
2117,2039
2119,1979
2121,2003
2135,2059
2128,2030
2129,2059
2142,2044
2136,2074
2141,2036
2146,2025
2146,2027
2148,2041
2139,2071
2136,2047
2139,2060
2143,2068
2132,2037
2131,2039
2136,2034
2131,2001
2135,2055
2125,2009
2114,2043
2120,2037
2118,2058
2105,2023
2101,2036
2099,2087
2087,2063
2077,2048
2083,2080
2076,2017
2065,2068
2059,2008
2060,2075
2053,2056
2040,2019
2031,2074
2027,2063
2023,2008
2016,2056
2016,2019
2005,2020
2007,2076
1993,2036
1996,2040
1991,2056
1996,2036
1992,2037
1977,2071
1991,2011
1985,2069
1979,2037
1991,2017
1994,2022
1989,2014
1984,2010
1989,2048
1989,2024
1984,2048
1995,2009
2001,2015
2003,2008
2005,2073
2011,2048
2019,2005
2011,2011
2024,2060
2025,2040
2035,2040
2041,2030
2053,2056
2056,2027
2056,2071
2071,2015
2072,2042
2077,2027
2080,2033
2091,2063
2096,2024
2103,2058
2094,2034
2108,2071
2118,2043
2116,2063
2124,2040
2131,2026
2135,2025
2140,2039
2139,2045
2140,2011
2152,2034
2137,2048
2150,2056
2150,2022
2139,2025
2148,2017
2144,2009
2142,2013
2152,2011
2139,2060
2127,2032
2143,2035
2128,2075
2128,2001
2120,2035
2115,2043
2120,2033
2116,2027
2109,2063
2108,2039
2091,2035
2084,2044
2085,2035
2091,2041
2068,2075
2073,1987
2060,2007
2055,2044
2046,2008
2039,2056
2040,2025
2035,2048
2022,2006
2024,2027
2016,2027
2014,2035
2011,2053
2008,2007
1995,2056
2000,2028
1975,2072
1995,2041
1987,2021
1980,2029
1996,2056
1987,2084
1993,2046
1987,2043
1995,2041
1987,2088
1995,2019
2000,2039
1996,2019
2001,2059
2002,2075
2005,2019
2001,2056
2019,2036
2020,2009
2017,2080
2022,2066
2032,2012
2040,2029
2042,2012
2045,2040
2053,2063
2057,2053
2057,2042
2070,2067
2072,2044
2082,2005
2075,2066
2090,2023
2073,2052
2098,2035
2099,2057
2107,2054
2103,2070
2123,2025
2117,2035
2128,2056
2133,1992
2136,2037
2131,2059
2131,2028
2143,2020
2137,2021
2135,2077
2144,2008
2139,2067
2139,2056
2141,2059
2123,2036
2131,2029
2125,2033
2128,2011
2118,2009
2117,2038
2117,2024
2106,2079
2114,2004
2099,2043
2103,2046
2091,2041
2088,2009
2080,2079
2071,2069
2074,2064
2071,2078
2063,2009
2056,2077
2039,1988
2035,2063
2027,2063
2023,2063
2004,2040
2017,2018
2011,2009
1997,2063
2008,2032
2004,2021
1994,2036
1992,2027
1987,2029
1984,2056
1991,2017
1979,2064
1981,2048
1976,2056
1992,2024
1972,2072
1984,2021
1976,2003
1984,1976
1984,2015
1983,2072
1987,2043
1998,2066
1995,2053
1997,2069
2002,2065
2010,2012
2009,2023
2011,2067
2019,2051
2029,2030
2029,2019
2030,2029
2043,2065
2045,2027
2048,2056
2071,2057
2072,2067
2079,2037
2088,2025
2085,2038
2091,2068
2096,2015
2099,2043
2091,2025
2103,2022
2120,2052
2127,2042
2128,2064
2132,2012
2131,2045
2137,2042
2137,2009
2141,2055
2144,2068
2133,2071
2148,2060
2139,2064
2151,2027
2144,2075
2139,2006
2144,2033
2143,2067
2140,2029
2136,2057
2140,2030
2123,2053
2131,2011
2124,2003
2117,2041
2120,2038
2105,2060
2112,2065
2091,2058
2092,2031
2091,2075
2081,2038
2075,2072
2076,2033
2073,2073
2068,2037
2048,2060
2044,2056
2051,2039
2036,2066
2027,2007
2017,2065
2019,2043
2015,2065
2007,2057
2006,2059
1999,2040
1991,2063
1996,2033
1993,2080
1991,2040
1995,2021
1991,2076
1995,2065
1992,2066
1984,2035
1992,2017
1980,2048
1998,2057
1993,2057
2003,2035
2004,2053
2002,2036
2008,2039
2008,2029
2012,1996
2019,2070
2028,2074
2027,2035
2033,2035
2025,2039
2042,2024
2053,2055
2058,2040
2055,2079
2072,1988
2063,2081
2071,2071
2072,2032
2088,2023
2097,2020
2077,2036
2103,2025
2104,2047
2116,2011
2120,2013
2127,2017
2119,2065
2129,2063
2135,2035
2136,2007
2136,2048
2141,2012
2133,2056
2139,2068
2139,2032
2135,2019
2133,2025
2135,2061
2143,2011
2140,2011
2135,2023
2129,2072
2131,2063
2128,2065
2127,2043
2116,2041
2105,2063
2116,2094
2104,2031
2097,2071
2099,1989
2092,2057
2084,2062
2073,2027
2078,2023
2072,2039
2063,2027
2055,2056
2043,1997
2043,2073
2029,2028
2036,2039
2029,2009
2007,2061
2024,2020
2011,2017
2001,2059
2000,2043
2001,2057
1999,2039
1980,2061
1976,2021
1984,2039
1984,2048
1975,2060
1983,2021
1977,2030
1988,2063
1973,2037
1972,2055
1980,2053
1979,2041
1991,2039
1984,2076
1997,2035
2001,2057
2001,1991
2006,2057
2008,2039
2015,2044
2016,2072
2024,2015
2033,2063
2027,2022
2035,2003
2042,2021
2041,2011
2043,2072
2055,2022
2068,2063
2072,2035
2083,2039
2074,2063
2088,2045
2091,1991
2091,2005
2096,2037
2104,2027
2108,2072
2111,2025
2122,2071
2124,2021
2128,2064
2128,2042
2139,2035
2139,2037
2140,2061
2140,2008
2141,2040
2144,2044
2151,2055
2139,2059
2133,2048
2141,2032
2141,2043
2123,2036
2123,2025
2123,2053
2122,2027
2119,2038
2112,2007
2105,2069
2107,2084
2103,2040
2105,2047
2089,2048
2093,2011
2081,2056
2080,2017
2067,2063
2056,2059
2063,2024
2056,2051
2046,2011
2041,2025
2032,2017
2028,2080
2023,2056
2020,2067
2007,2067
2005,2060
2009,2027
2006,2043
1991,2025
1999,2003
1997,2005
1999,2080
1992,1997
1980,2017
1991,2025
1975,2059
1987,2042
1988,2027
1977,2044
1993,2033
1991,2015
1994,2040
2003,2015
1995,2048
2006,2039
1996,2071
2001,2037
2011,2007
2023,2046
2021,2065
2027,2096
2025,2037
2033,2063
2035,2055
2044,2063
2056,2071
2063,1987
2072,2055
2076,2021
2077,1999
2084,2054
2088,2023
2094,2046
2099,2065
2102,2063
2106,2015
2116,2037
2123,2075
2132,2025
2121,2038
2125,2060
2141,2035
2141,2052
2136,2004
2144,2044
2144,2021
2145,2071
2139,2080
2143,2057
2147,2035
2152,2040
2151,1992
2146,2067
2151,2040
2144,2063
2143,2037
2137,2039
2133,2063
2136,2017
2128,1995
2119,2076
2112,2020
2115,2055
2104,2076
2111,2038
2096,2023
2091,2035
2088,2060
2077,2045
2080,2058
2075,2073
2063,2088
2063,2068
2056,2043
2051,2003
2034,2040
2035,2018