2116,2027
2122,1994
2135,2043
2132,2043
2137,2037
2135,2002
2147,2041
2146,2039
2141,2053
2139,2056
2135,2063
2143,2025
2151,2040
2146,2020
2139,2008
2139,2044
2143,2031
2144,2009
2135,2008
2140,1979
2137,2015
2135,2039
2120,2066
2115,2039
2105,2021
2110,2056
2106,2033
2102,2015
2093,2017
2091,2037
2099,2056
2081,2032
2084,2003
2072,2025
2067,2042
2055,2047
2035,2063
2043,2068
2035,2017
2031,2070
2024,2063
2013,2048
2016,2067
2012,2044
2004,2053
2004,2025
2000,2060
1993,2063
1991,2011
1993,2043
1994,2007
1987,2040
1984,2045
1979,2024
1976,2073
1982,2076
1988,2059
1982,2079
1979,2027
1981,2080
1987,2046
1980,2018
1989,1995
1997,2011
2000,2025
1995,2035
1995,2053
2001,2048
2009,2057
2007,2071
2022,2072
2023,1997
2028,2041
2025,2030
2045,2058
2039,2073
2055,2040
2065,2047
2073,2039
2074,2037
2079,2037
2082,2053
2089,2007
2093,2029
2092,2040
2099,2071
2104,2038
2105,2073
2112,2062
2118,2080
2119,2068
2131,2036
2135,2011
2122,2023
2131,2041
2127,2043
2138,2011
2125,2064
2132,2064
2131,2080
2123,2052
2123,2087
2126,2071
2114,2056
2115,2069
2109,2033
2105,2063
2115,1996
2101,2037
2087,2041
2094,2020
2091,2044
2085,2021
2080,2044
2072,2068
2072,2041
2069,2081
2043,2036
2056,2018
2039,2087
2033,2066
2021,2080
2011,2011
2016,2008
2008,2035
2010,2007
2003,2033
2000,2058
1987,2039
1989,2013
1976,2034
1977,2027
1976,2055
1968,2063
1961,2074
1972,2042
1964,2055
1971,2018
1971,2034
1978,2029
1961,2021
1977,1993
1975,2014
1973,2025
1975,2027
1976,2030
1977,2089
1977,2056
1978,2077
1995,2072
1991,2042
2001,2048
2012,1995
2008,1991
2015,2020
2021,2030
2023,2063
2039,2032
2041,2023
2047,2046
2053,2033
2055,2041
2063,2080
2070,2080
2072,2059
2078,2039
2080,1995
2088,2046
2095,1997
2103,2019
2104,2012
2109,2040
2117,2040
2119,2017
2115,2002
2109,2056
2117,2083
2122,2053
2124,2035
2127,2034
2125,2023
2127,2069
2135,2017
2125,2035
2136,2038
2137,2002
2131,2048
2124,1989
2129,2029
2123,2047
2117,2059
2107,2030
2106,2035
2099,2103
2099,2072
2087,2039
2091,2030
2084,2035
2080,2054
2079,2044
2067,2047
2067,2019
2067,1999
2060,2029
2052,2055
2039,2023
2029,2068
2029,2063
2023,2031
2015,2041
2011,2073
2004,2042
2008,2025
1994,2040
1996,2074
1997,2027
2000,1999
1989,2042
1996,2076
1995,2023
1996,2005
1977,2037
1975,2019
1988,2080
1981,2088
1979,2064
1997,2078
2003,2055
1989,2037
1995,2019
2007,2062
1997,1981
2013,2036
2017,2024
2011,2045
2020,2001
2031,2066
2027,2064
2025,2043
2043,2063
2051,2033
2055,2040
2055,2033
2071,2089
2073,2077
2077,2026
2084,2021
2089,2011
2096,2023
2104,1998
2106,2062
2108,2044
2102,2057
2119,2071
2122,2064
2127,2107
2132,2079
2140,2099
2147,2043
2139,2061
2145,2067
2145,2056
2153,2015
2157,2025
2153,2011
2163,2008
2163,2025
2157,2064
2155,2068
2154,2053
2152,2055
2158,2102
2143,2064
2152,2038
2153,2066
2144,2071
2142,2072
2133,2015
2135,2064
2123,2063
2127,2015
2123,2025
2119,2088
2104,2025
2091,2031
2097,2069
2093,2087
2081,2021
2071,2027
2078,2033
2075,2077
2073,2011
2067,2026
2066,2059
2042,2048
2044,2007
2035,2039
2039,2053
2029,2037
2024,2080
2017,2038
2020,2076
2015,2095
2021,2100
2015,2089
2009,2062
2012,2043
2009,2061
2017,2025
2009,2042
2021,2047
2019,2042
2015,2025
2017,2041
2016,2075
2017,2009
2023,2055
2035,2072
2028,2091
2036,2078
2039,2033
2042,2039
2053,2041
2062,2034
2063,2060
2079,2074
2077,2035
2080,1988
2080,2034
2081,2055
2083,2131
2104,2063
2110,2043
2104,1976
2119,2024
2115,2027
2123,2040
2136,2071
2136,2087
2135,2076
2146,2045
2152,2029
2148,2012
2154,1996
2152,2058
2154,2089
2155,2107
2168,2067
2165,2063
2163,2010
2157,2029
2163,2043
2165,2039
2158,2091
2161,2063
2148,2058
2167,2028
2156,1997
2145,1987
2143,2033
2136,2096
2131,2084
2128,2063
2125,2043
2109,2076
2119,2002
2107,2017
2106,2056
2089,2063
2094,2083
2079,2063
2073,2032
2076,2022
2065,1979
2057,1991
2043,2071
2043,2103
2033,2112
2027,2080
2018,1997
2015,2003
2008,2018
2008,2055
2003,2025
2002,2067
1987,2055
1997,2065
1977,2039
1989,2015
1984,2045
1977,2048
1980,2041
1972,2096
1973,2053
1976,2075
1971,2048
1978,2022
1977,1977
1975,2087
1981,2039
1989,2063
1995,2033
1991,1980
2007,2014
2005,1993
1996,1993
2006,2075
2007,2030
2008,2075
2016,2099
2019,2036
2025,2018
2027,2018
2030,2040
2043,2063
2055,2063
2063,2076
2070,2073
2075,2009
2075,2009
2076,2008
2080,2029
2080,2065
2088,2069
2087,2091
2098,2040
2103,2001
2106,2018
2118,2026
2118,2054
2114,2057
2125,2072
2125,2072
2109,2000
2113,2001
2117,2006
2117,2045
2124,2071
2107,2082
2109,2087
2110,2045
2099,2012
2104,2034
2103,2041
2092,2073
2090,2081
2089,2067
2085,2057
2083,2027
2075,1993
2076,1991
2075,2012
2067,2025
2061,2029
2053,2052
2027,2073
2040,2027
2032,1987
2019,2016
2023,2070
2011,2045
2009,2092
2009,2039
2004,2009
2004,2020
1987,1999
1987,2007
1984,2017
1987,2067
1978,2121
1976,2044
1974,2007
1972,1973
1971,2027
1968,2015
1971,2039
1980,2114
1975,2067
1975,2072
1983,2007
1977,2024
1989,2020
1984,1996
1992,2036
1992,2086
1997,2057
1993,2042
1996,2024
2008,2015
2011,1991
2024,2008
2024,2088
2021,2030
2025,2073
2037,2019
2043,1973
2060,2004
2057,2021
2065,2075
2067,2068
2075,2112
2080,2040
2083,2039
2088,1989
2081,2004
2091,2056
2106,2065
2115,2067
2115,2093
2128,2054
2120,2014
2124,1955
2135,2005
2130,2021
2140,2028
2140,2055
2138,2040
2140,2063
2136,2028
2140,1999
2133,2029
2141,2079
2135,2063
2135,2043
2134,2018
2127,2015
2129,2010
2127,1990
2131,2019
2120,2063
2120,2093
2112,2083
2107,2063
2105,2028
2099,2000
2089,2024
2091,2056
2086,2065
2072,2092
2075,2072
2069,2018
2052,2015
2065,1979
2044,2029
2054,2056
2034,2091
2029,2104
2019,2077
2011,2002
2008,2048
2008,2013
2005,2072
1991,2037
1999,2055
2001,2035
2001,1989
1989,2003
1999,1960
1991,2019
1994,2029
1995,2065
1994,2120
1979,2080
1992,2017
1984,2019
1999,1978
1987,2021
1987,2077
1993,2107
2001,2068
2003,2028
2007,2021
2011,2015
2017,2004
2021,1969
2021,2075
2023,2104
2033,2069
2040,2055
2040,1988
2043,2012
2045,2022
2063,2057
2069,2111
2070,2057
2078,2043
2082,2009
2077,1985
2083,1990
2096,2030
2103,2080
2103,2113
2099,2112
2114,2074
2120,2060
2116,2018
2121,2030
2123,2035
2134,2077
2124,2085
2136,2040
2133,2065
2127,1998
2129,1960
2139,2039
2136,2042
2129,2071
2122,2067
2127,2039
2120,2015
2120,2007
2115,2048
2109,2051
2109,2029
2104,2107
2091,2072
2104,2056
2087,2039
2089,1953
2085,2019
2077,2041
2067,2109
2071,2122
2064,2067
2063,2048
2046,2038
2040,2025
2040,1996
2035,2045
2015,2103
2010,2092
2011,2065
2009,2032
2007,2012
2007,1979
1995,2033
1997,2096
1987,2104
1992,2111
1984,2041
1984,1995
1963,2032
1981,2035
1984,2088
1981,2063
1980,2104
1973,2040
1991,2009
1982,1975
1993,2013
1992,2021
1989,2065
1997,2052
2000,2065
2000,2084
1997,2041
1999,1977
2007,2017
2013,2041
2017,2083
2024,2077
2025,2067
2031,2025
2037,1997
2045,1981
2064,2001
2056,2043
2065,2104
2067,2081
2075,2059
2078,2044
2081,2028
2083,1987
2094,2032
2093,2028
2103,2081
2105,2071
2107,2028
2116,1979
2124,1960
2121,1999
2136,2058
2136,2072
2133,2116
2135,2088
2147,2020
2132,2011
2147,2001
2143,2023
2144,2088
2145,2072
2140,2075
2141,2022
2138,2017
2135,2007
2132,1997
2122,2027
2118,2070
2128,2079
2124,2085
2101,2039
2110,2011
2113,1973
2106,2016
2100,2046
2099,2074
2077,2123
2082,2079
2079,2037
2068,2007
2071,1995
2067,2027
2063,2044
2056,2053
2041,2128
2040,2024
2039,2023
2036,2009
2031,2035
2028,2068
2013,2074
2018,2088
2018,2075
2005,2055
2009,2005
2011,2041
2016,2047
2020,2029
2009,2096
2011,2088
2010,2087
2007,2075
2013,2019
2011,2048
2013,2043
2020,2068
2019,2065
2019,2057
2032,2019
2023,2036
2026,2043
2040,2020
2053,2028
2042,2060
2053,2080
2063,2080
2069,2091
2075,2040
2072,2031
2082,2063
2088,2091
2090,2065
2096,2111
2096,2019
2108,2053
2110,2001
2124,2001
2115,2007
2109,2064
2127,2063
2133,2070
2141,2035
2143,2069
2143,2035
2143,2040
2143,2038
2157,2026
2149,2055
2151,2029
2167,2076
2149,2038
2152,2013
2152,2041
2159,2032
2135,1997
2157,2037
2145,2052
2151,2009
2143,2025
2139,2011
2139,2054
2139,2019
2128,2025
2132,2056
2120,2058
2109,2024
2104,1993
2099,2011
2099,2065
2103,2021
2091,2039
2079,2068
2080,2096
2077,2091
2059,2025
2071,2003
2060,1981
2055,2101
2040,2063
2033,2008
2027,2009
2030,2019
2022,2071
2017,2040
2007,1989
2016,2041
2001,2103
2005,2055
2004,2022
2003,2020
1993,2059
2003,2053
1996,2007
1994,2033
1995,2071
2005,2054
2000,2033
2000,1997
2001,2018
2007,2063
2003,2068
2012,2021
2012,2067
2010,2080
2017,2072
2023,2021
2024,2015
2028,2053
2021,2068
2039,2072
2037,1997
2045,2073
2056,2033
2056,2024
2063,2044
2067,2058
2063,2019
2079,2042
2081,2030
2089,2021
2092,2024
2093,2063
2100,2007
2107,2041
2110,2089
2116,2037
2109,2032
2113,2029
2124,2061
2131,2065
2129,2044
2130,2015
2135,2037
2135,2056
2138,2054
2139,2015
2134,2021
2133,1981
2123,2008
2134,2026
2124,2042
2129,2012
2124,2004
2121,2023
2110,2011
2112,2068
2115,2046
2102,2067
2105,2063
2098,2007
2099,2041
2088,2044
2076,2089
2081,2031
2074,2021
2063,2073
2071,2055
2063,2010
2056,2036
2051,2058
2040,2068
2025,2044
2032,2055
2028,2056
2023,2048
2009,2011
2003,2002
1999,2075
2002,2046
2001,2071
1995,2031
1999,2024
1992,2015
1996,2033
1995,2063
1995,2070
1977,2056
1984,2021
1979,2065
1984,2064
1991,2011
1992,2007
1995,2055
1993,2071
1994,2063
2004,2018
2001,2025
2015,2033
2003,2043
2016,2014
2015,2015
2017,2082
2017,2030
2033,2035
2029,2043
2040,2070
2037,2056
2056,2069
2066,2063
2071,2027
2067,2004
2081,2008
2080,2029
2080,2021
2088,2039
2097,2007
2091,2068
2100,2066
2108,2034
2112,2038
2109,2015
2118,2024
2120,2017
2131,2019
2133,2078
2131,2027
2126,2024
2137,2015
2131,2030
2147,2055
2131,2028
2139,2029
2131,2025
2136,2029
2136,2027
2133,2037
2126,2062
2117,2019
2114,2058
2119,2071
2111,2053
2105,2025
2101,2042
2092,2051
2092,2070
2096,2020
2086,2079
2084,2038
2073,2029
2068,2055
2072,2035
2057,2041
2056,2042
2043,2059
2040,2065
2036,2055
2033,2029
2031,2091
2016,1994
2016,2011
2016,2055
2008,2035
2005,2060
2003,2039
1991,2043
2001,2033
1996,2024
1993,2072
1991,2067
1988,2073
1984,2043
1981,2041
1979,2006
1990,2019
1976,2046
1991,2035
1989,2078
1996,2063
1999,2068
1992,2032
2000,2064
2008,2007
2003,2025
2016,2053
2012,2075
2018,2015
2025,2076
2030,2052
2036,2026
2035,2029
2040,2021
2045,2068
2055,2073
2058,2063
2070,2033
2076,2030
2073,2029
2087,2034
2089,2007
2092,2027
2099,2020
2099,2063
2104,2064
2107,2056
2106,2063
2123,2021
2120,2040
2126,2027
2128,2036
2124,2042
2133,2040
2141,1998
2131,2035
2139,2059
2139,2011
2137,2063
2135,2080
2133,2051
2137,2045
2131,2057
2131,2077
2130,2066
2115,2041
2116,2007
2119,2063
2111,2025
2105,2068
2105,2029
2102,2039
2089,2063
2087,2058
2087,2041
2073,2029
2076,2056
2071,2033
2066,2059
2066,2025
2055,2043
2053,2032
2039,2057
2040,2041
2029,2033
2020,2067
2024,2026
2011,2041
2001,2079
2009,2017
1999,2068
1998,2072
1999,2070
1999,2037
1979,2038
1993,2044
1997,2027
1996,2059
1990,2021
1987,2063
1991,2038
1996,2015
1998,2013
1995,2029
1987,2015
2001,2080
1999,2057
2002,2021
2013,2039
2009,2029
2018,2028
2019,2061
2020,2054
2021,2043
2032,2063
2035,2007
2040,2080
2046,2017
2059,2038
2053,2063
2072,2073
2063,2040
2075,2067
2080,2036
2087,2054
2092,2063
2091,2068
2104,2001
2092,1995
2109,2032
2107,2076
2116,2075
2122,2069
2128,1995
2125,2011
2129,2028
2129,2025
2143,2071
2151,2051
2141,2003
2145,2065
2143,2093
2135,2063
2135,2055
2135,2055
2135,2066
2137,2028
2140,1997
2134,2027
2131,2079
2123,2056
2115,2038
2120,2041
2109,2051
2113,2044
2107,2037
2099,2039
2096,2022
2093,2043
2092,2029
2081,2039
2079,2011
2073,2006
2056,2041
2055,2063
2056,2057
2039,2035
2034,2079
2035,2035
2031,2040
2028,2004
2016,2024
2017,2037
2016,2056
2012,2072
2001,2027
2003,2071
2005,2024
1993,2065
2001,2043
1995,2038
1998,2040
2001,2061
1995,2056
1998,2005
1998,2017
1995,2030
1993,2036
2007,2060
2005,2076
2007,2068
2012,2025
2007,2023
2020,2072
2027,2025
2017,2067
2023,2072
2033,1995
2039,2048
2039,2067
2053,1990
2054,2040
2063,2039
2059,2038
2071,2001
2069,2017
2085,2017
2091,2044
2097,2019
2099,2011
2099,2040
2109,2028
2115,2042
2112,2063
2123,2064
2129,2041
2127,2011
2144,2044
2136,2048
2137,2044
2144,2063
2144,2067
2151,2041
2149,2012
2143,1992
2145,2021
2145,2059
2145,2044
2147,2034
2143,2066
2144,2056
2145,2027
2135,2023
2138,2028
2135,2029
2133,2055
2121,2056
2123,2022
2119,2040
2107,2053
2114,2073
2104,2063
2104,2067
2097,2007
2088,2067
2088,2019
2075,2071
2071,2027
2069,2046
2063,2055
2066,2011
2045,2044
2036,2017
2044,2037
2035,2048
2020,2041
2024,2019
2010,2009
2012,2028
2013,2021
2004,2004
2007,2060
1997,2023
2000,2029
2007,2003
2007,2043
1995,2043
1997,2035
2001,2063
1996,2059
1989,2071
2003,2067
1997,2041
2006,2011
2015,2032
2012,2079
2013,2067
2007,2027
2015,1993
2023,2056
2026,2030
2022,2005
2040,2015
2052,2067
2037,2041
2044,1997
2063,2008
2067,2069
2066,2089
2067,2004
2080,1976
2077,2092
2091,2111
2095,1999
2091,1944
2099,2029
2106,2097
2112,2073
2107,1995
2117,2047
2117,2058
2125,2056
2127,2029
2131,2079
2137,2095
2136,2009
2135,2032
2144,2017
2136,2073
2140,2007
2142,1995
2141,1989
2137,2035
2137,2096
2135,2054
2135,1995
2127,2047
2128,2025
2113,2063
2120,2071
2116,2058
2104,2035
2103,2031
2105,2045
2096,2065
2092,2025
2077,2041
2080,2040
2080,2080
2067,2011
2072,2075
2064,2037
2053,2045
2046,2035
2035,2021
2029,2080
2025,2024
2012,2033
2015,2053
2011,2041
1997,2093
1995,2079
1993,2079
1995,2044
1992,2063
1987,2075
1970,2057
1976,2040
1978,2063
1978,2079
1976,2011
1979,2056
1971,2059
1976,2067
1964,2100
1977,2029
1968,2025
1973,2041
1979,2035
1975,2067
1979,2047
1990,2072
1994,2076
1996,2080
2003,2028
2009,2027
2010,2044
2010,2021
2018,2023
2009,2062
2021,2071
2027,2077
2025,2055
2035,2068
2043,2069
2052,1989
2063,2057
2066,2023
2067,2048
2072,2074
2075,2067
2083,2034
2085,2007
2083,2070
2099,2036
2099,2063
2105,2033
2103,2009
2111,2057
2120,2005
2117,2066
2122,2043
2126,2058
2127,2021
2117,2035
2120,2044
2123,2039
2125,2054
2115,2080
2118,2048
2115,2044
2112,2036
2108,2041
2107,2080
2104,2071
2093,1989
2093,2080
2095,2072
2089,2068
2084,2005
2077,2071
2071,2040
2071,2011
2055,2056
2044,2017
2055,2043
2035,2071
2035,2025
2036,2037
2024,2039
2023,2080
2008,2071
2016,2068
2007,2056
2007,2058
2001,2045
1991,2034
1984,2021
1984,2010
1989,2045
1979,2023
1984,2067
1984,2029
1969,2056
1979,2057
1980,2027
1981,2048
1990,2011
1980,2039
1973,2063
1983,2027
1977,2074
1992,2082
1995,2067
1993,2077
1996,2065
2005,2035
2008,2065
2016,2079
2018,2027
2013,2060
2027,2060
2028,2079
2031,2055
2037,2030
2040,2071
2063,2041
2069,1992
2072,2023
2072,2033
2072,2063
2089,2042
2075,2033
2091,1981
2091,2025
2101,2067
2109,2077
2118,2063
2123,2073
2136,2013
2123,2077
2139,2041
2135,2068
2149,2008
2139,2067
2153,2058
2151,2027
2153,2026
2151,2072
2146,2001
2147,2066
2145,2020
2147,2063
2147,2089
2137,2066
2143,2041
2142,2009
2140,2040
2136,2030
2136,2068
2130,2008
2117,2054
2120,2025
2109,2084
2108,2015
2112,1979
2107,2045
2097,2042
2091,2033
2090,2059
2084,2042
2079,2066
2072,2083
2066,2076
2059,2001
2040,2080
2042,2029
2027,2065
2027,2024
2024,2061
2017,2068
2027,2021
2015,2041
2015,2055
2012,2023
2008,2071
2011,2044
2010,2042
2004,2066
2007,2042
1996,2043
2001,2044
2007,2024
1995,2018
2008,2029
2004,2063
1999,2029
2009,2057
2009,2027
2014,2033
2016,2040
2017,2040
2017,2028
2025,2022
2031,2044
2027,2035
2041,2040
2048,2015
2057,2023
2055,2058
2063,2019
2059,2027
2076,2041
2078,2027
2080,2084
2088,1992
2087,2057
2101,2021
2107,2076
2107,1994
2101,2027
2119,2032
2124,2040
2132,2060
2135,2057
2137,2021
2142,2036
2139,2063
2146,2056
2149,2031
2149,2030
2153,2048
2155,2064
2154,2066
2152,2021
2152,2040
2153,2017
2149,2041
2151,2055
2152,2011
2145,2069
2139,2077
2135,2032
2133,2065
2132,2025
2128,2036
2110,2060
2123,2017
2112,2017
2103,2063
2099,2027
2091,2048
2088,1992
2083,2064
2075,2079
2073,2040
2063,2032
2057,2029
2063,2064
2055,2052
2042,2056
2043,1995
2027,2040
2027,2071
2025,2021
2020,2036
2009,2029
2016,2092
2001,2062
2003,2001
2005,2018
2003,2024
2001,2090
2000,2009
2005,2008
1996,2009
1991,2037
1992,2057
2000,2054
1991,2015
1992,2028
1998,2017
2001,2020
2007,2058
2007,2039
2009,2075
2009,2017
2021,2017
2028,2035
2021,2029
2027,2055
2037,2055
2040,2025
2043,2006
2063,2036
2068,2032
2071,2027
2076,2035
2084,2028
2083,2056
2091,2044
2089,2055
2104,2063
2102,2001
2093,2055
2103,2043
2115,2057
2124,2015
2119,2077
2139,2033
2133,2038
2139,2072
2131,1997
2135,2027
2143,2034
2144,2036
2143,2023
2147,2072
2138,2059
2147,2029
2135,2017
2131,2072
2143,2001
2133,2024
2131,2045
2132,2037
2138,2071
2126,2023
2119,2039
2121,2041
2112,2048
2107,2027
2104,2029
2104,2006
2097,2043
2093,2052
2077,2085
2088,2033
2079,2063
2067,2058
2068,2037
2043,2068
2048,2017
2043,2038
2034,2073
2037,2052
2029,2033
2023,2011
2011,2077
2008,2078
2008,2059
2010,2037
2011,2012
2011,2076
1992,2068
2008,2015
2001,2036
1996,2021
2001,2029
1997,2029
1993,2037
1991,2073
1991,2058
2003,2071
2005,2002
1999,2041
2007,2020
2008,2030
2013,2067
2009,2022
2011,2071
2016,2055
2024,2080
2027,2008
2040,1986
2035,2035
2041,2066
2047,2066
2048,2026
2068,1980
2063,2039
2070,2023
2076,2046
2077,2003
2086,2019
2088,2072
2095,2040
2101,2036
2107,2007
2104,2067
2111,2023
2121,2063
2117,2056
2124,2063
2128,2065
2129,2037
2140,2080
2136,2017
2133,2019
2137,2093
2139,2019
2131,2057
2140,2034
2138,2023
2142,2069
2137,2052
2134,2069
2128,2024
2127,2023
2122,2013
2122,2007
2107,2039
2107,2066
2101,2058
2104,2027
2103,2072
2099,2104
2084,2017
2084,1961
2081,2011
2071,2132
2069,2077
2063,1925
2056,1991
2041,2063
2035,2102
2032,2019
2020,2032
2024,2027
2025,2076
2015,2035
2001,2015
1999,2056
1997,2037
1996,2025
1989,2077
1983,2102
1979,2077
1980,2020
1979,2020
1971,2040
1979,2065
1980,2056
1975,2033
1959,2091
1969,2080
1975,2072
1968,2003
1975,2035
1980,2059
1975,2041
1979,2044
1975,2077
1976,2025
1979,2023
1993,2056
1995,2042
1991,2057
2003,2069
2012,2088
2009,2058
2027,2024
2024,2063
2029,2018
2025,2023
2040,1999
2052,2065
2056,2073
2044,2076
2063,2023
2073,2019
2078,2056
2071,2029
2075,2006
2088,2056
2096,2056
2093,2019
2091,2063
2104,2056
2107,2024
2118,1991
2105,2057
2110,2069
2127,2043
2120,2065
2125,2023
2125,2055
2127,2037
2121,2040
2116,2003
2117,2091
2120,2044
2115,2073
2113,2088
2107,2087
2106,2003
2091,2010
2102,2067
2092,2039
2095,2029
2082,2031
2083,2066
2088,2079
2075,2018
2072,2011
2069,2004
2055,2015
2058,2072
2043,2067
2044,2037
2038,2063
2024,2008
2027,2019
2024,2023
2012,2035
2013,2072
2003,2088
1997,2081
2000,2068
1992,2023
1993,2017
1989,2072
1984,2052
1980,2043
1984,2064
1984,2056
1975,2076
1977,2063
1975,2027
1984,2033
1983,2036
1988,2043
1986,2071
1988,2042
1996,2045
1994,2036
1999,2028
2001,2005
2008,2027
2011,2012
2009,2075
2016,2035
2023,2032
2019,2032
2031,2035
2022,2071
2039,2024
2045,2024
2060,2023
2063,2067
2057,2044
2071,2066
2069,2024
2072,2019
2071,2032
2086,2028
2097,2005
2101,2067
2101,2071
2099,2061
2118,2013
2117,2026
2121,2063
2129,2034
2132,2029
2129,2069
2140,2011
2143,2057
2139,2029
2141,2012
2132,2027
2143,2080
2131,2068
2136,2021
2129,1987
2136,2022
2124,2077
2126,2063
2124,2027
2124,2063
2118,2080
2105,2107
2110,2104
2099,2020
2098,2040
2095,2020
2087,1995
2092,2077
2083,2043
2075,2063
2067,2067
2063,2029
2066,2041
2056,1993
2039,2045
2041,2077
2027,2023
2033,2066
2027,2063
2021,2088
2020,2032
2013,1993
2013,2054
2000,2040
1991,2071
1993,2080
1995,2063
1995,2071
1987,2054
1992,2009
1981,2031
1997,2063
1994,2088
1991,2039
1999,2037
1989,2003
1999,2067
1998,2048
1997,2002
1995,1991
2011,2035
2013,2063
2017,2063
2020,2015
2021,2061
2025,2046
2025,2048
2030,2071
2045,2040
2043,2035
2064,2056
2065,2070
2072,2043
2079,2023
2080,2041
2087,2032
2081,2011
2091,2047
2105,2063
2103,2041
2103,2055
2115,2003
2123,2019
2131,2027
2131,2033
2143,2088
2147,2076
2139,2060
2151,2021
2153,2028
2149,2041
2149,2041
2152,2032
2155,2063
2162,2092
2153,2053
2151,2047
2156,2020
2161,2017
2152,2038
2154,2027
2149,2037
2149,2072
2139,2083
2143,2033
2134,2043
2127,2032
2127,2018
2117,2039
2112,2062
2116,2033
2108,2102
2104,2057
2091,2053
2095,1986
2083,2047
2080,2080
2076,2060
2069,2071
2069,2019
2065,2065
2059,2071
2055,2033
2035,2032
2024,2065
2032,2035
2028,2079
2021,2023
2015,2032
2009,2045
2011,2060
2006,2044
2016,1981
2011,2027
2003,2089
2008,2080
2009,2072
2006,2059
2008,2035
2009,2039
2013,2052
2009,2039
2009,2067
2013,2045
2019,2080
2015,2035
2017,1973
2007,2005
2032,1997
2025,2015
2040,2080
2051,2085
2039,2072
2058,2027
2055,2025
2064,2001
2065,2041
2067,2078
2075,2035
2077,2041
2089,2037
2088,1996
2092,2032
2097,2029
2092,2037
2111,2058
2109,2057
2107,2072
2121,2048
2120,2057
2124,2043
2125,2041
2135,2019
2127,2064
2139,2054
2139,2034
2139,2048
2135,2017
2139,1993
2138,2032
2141,2048
2135,2033
2139,2057
2136,2089
2131,2011
2120,2002
2123,2003
2121,2054
2115,2070
2113,2033
2112,2063
2110,2060
2109,2067
2104,2019
2086,2020
2083,1989
2073,2058
2077,2089
2074,2020
2063,2041
2043,2080
2059,2007
2041,2015
2036,2035
2041,2042
2035,2018
2027,2026
2016,2076
2023,2068
2015,2036
2001,2024
2000,2025
2000,2002
1995,2041
1995,2072
1993,2052
1995,2045
1984,2065
1981,2005
1990,2008
1976,2046
1989,2048
1991,2055
1987,2086
1981,2074
1984,2041
1994,2019
1999,2001
2004,2048
1993,2047
2008,2068
2005,2063
2011,2081
2015,2063
2017,2051
2025,2039
2029,2030
2027,2080
2040,2035
2056,2035
2055,2043
2056,1987
2063,2038
2073,2029
2067,2028
2075,2011
2071,2041
2073,2059
2089,2035
2094,2040
2096,1991
2100,1991
2103,2012
2117,2031
2105,2037
2120,2043
2117,2063
2109,2041
2124,2001
2118,2007
2121,2025
2131,2017
2131,2043
2135,2083
2128,2087
2129,2037
2119,2036
2127,2028
2119,2041
2120,2043
2111,2062
2112,2055
2107,2022
2104,2059
2098,2023
2091,2035
2089,2040
2083,2008
2086,2007
2072,2045
2072,2080
2058,2011
2063,2053
2056,2048
2042,2017
2045,2031
2040,2027
2021,2059
2028,2039
2020,2064
2015,2054
2008,1981
2007,2068
1996,2028
1996,2068
1981,2040
1991,2095
1978,2017
1982,2035
1987,1999
1981,2025
1978,2003
1971,2024
1968,2033
1976,2012
1977,2045
1967,2064
1980,2070
1976,2005
1976,2037
1990,2079
1977,2056
1987,2037
1994,2080
1995,2080
1997,2034
2005,2003
2003,2051
2008,2067
2015,2029
2013,2072
2023,2024
2030,2073
2033,2076
2031,2074
2032,2035
2061,2067
2063,2060
2069,2008
2071,2023
2076,2005
2083,1988
2093,2064
2089,2063
2101,2039
2097,2023
2102,2023
2123,2059
2123,2048
2123,2043
2128,2067
2132,2082
2129,2080
2138,2029
2135,2007
2143,2031
2137,2056
2144,2076
2151,2027
2137,2013
2139,2032
2135,2035
2133,2023
2136,2080
2139,2079
2136,2070
2120,2053
2118,2034
2112,2030
2110,2039
2120,2021
2102,2061
2098,2066
2096,2060
2095,2029
2092,2053
2088,2043
2076,2061
2076,2063
2067,2072
2064,2020
2039,2063
2061,2005
2053,2021
2043,2067
2036,2022
2026,2072
2033,2072
2024,2007
2020,2015
2009,2015
2005,2035
2013,2072
2001,2056
2001,2065
1999,2076
1993,2009
1998,2066
1992,2054
2002,2031
1995,2031
2005,1993
2007,2072
2009,2031
2001,2077
2003,2069
2012,2037
2009,2080
2018,2010
2021,2023
2025,2023
2029,2052
2032,2057
2027,2072
2042,2069
2045,2070
2061,2012
2060,2022
2070,2026
2069,2066
2075,2036
2083,2038
2083,2009
2088,2027
2091,2043
2101,2059
2093,2086
2109,2053
2116,2073
2112,2011
2123,2020
2132,2035
2136,2005
2139,2033
2135,2080
2136,2028
2145,2043
2147,2014
2153,1995
2152,2023
2139,2027
2151,2019
2150,2009
2153,2005
2144,2063
2144,2080
2137,2069
2136,2035
2132,2065
2131,2053
2135,2043
2122,2028
2126,2044
2119,2054
2117,2041
2109,2019
2110,2041
2100,2081
2100,2017
2093,2035
2089,2021
2083,2023
2079,2039
2072,2027
2064,2042
2063,2073
2059,2066
2041,2080
2036,2030
2039,2080
2027,2029
2033,2043
2029,2007
2020,2009
2015,2025
2012,2029
2008,2057
2012,2057
2003,2037
2004,2025
2008,1981
2011,2007
2007,2056
2007,2028
2004,2071
2005,2066
2011,2051
2008,2047
2014,2041
2009,2037
2016,1966
2022,2063
2015,2032
2027,2027
2034,2075
2040,2045
2039,2039
2053,2028
2056,2037
2057,2067
2067,2029
2065,2057
2069,2063
2073,2055
2068,2043
2092,2029
2094,2065
2100,2040
2104,2041
2115,2052
2115,2018
2121,2030
2121,2028
2132,1997
2131,2063
2144,2011
2148,2055
2138,2080
2145,2080
2154,2023
2147,2074
2155,2021
2160,2001
2159,2027
2159,2056
2157,2071
2161,2027
2149,2071
2153,2076
2154,2068
2147,2035
2151,2042
2143,2022
2144,2015
2146,2015
2136,2056
2132,2023
2123,2069
2125,2072
2112,2021
2105,2015
2099,2038
2103,2022
2083,2031
2092,2005
2075,2069
2077,2046
2073,2041
2067,2072
2057,2060
2040,2025
2044,2021
2034,2039
2035,2019
2025,2047
2025,2008
2016,2048
2010,2066
1995,2071
2005,2011
2000,2017
2001,2035
1999,1993
2002,2040
1993,1993
1989,1997
1989,2005
1988,2066
1976,2087
1995,2068
1996,2039
1994,2017
2000,2017
2000,1963
2002,2016
2000,2015
2004,2003
2003,2024
2015,2092
2017,2027
2015,2056
2019,2032
2025,2023
2023,2007
2033,2037
2035,2040
2041,2046
2057,2080
2042,2080
2064,2072
2068,2009
2063,2043
2069,2002
2081,2017
2075,2037
2088,2017
2087,2020
2093,2068
2108,2028
2107,2067
2109,2012
2113,2043
2122,2044
2107,2023
2123,2010
2124,1990
2131,2048
2128,2039
2133,2030
2128,2044
2127,2087
2133,1995
2121,2035
2121,2011
2120,2056
2124,2030
2115,2030
2118,2051
2116,2025
2106,2063
2103,2015
2103,2060
2093,2067
2093,2019
2087,2029
2071,2017
2072,2055
2076,2027
2068,2027
2060,2011
2058,2027
2055,2059
2039,2083
2035,2035
2027,2057
2027,2025
2016,1979
2019,2024
2008,2069
1996,2073
1996,2024
1994,2071
1991,2063
1982,2035
1984,2059
1981,2017
1982,2040
1976,2039
1985,2015
1970,2071
1975,2029
1973,2019
1980,2043
1971,2005
1976,2003
1979,1973
1976,1991
1987,2043
1984,2058
1996,2039
1987,2079
1994,2027
2004,2035
1993,2023
1997,2036
2006,2013
2007,2024
2022,2032
2019,2040
2025,2066
2033,2069
2032,2079
2045,2064
2040,2033
2043,2008
2067,2024
2066,2040
2056,2029
2079,2063
2079,2069
2080,2031
2088,2027
2089,2001
2097,2019
2105,2023
2107,2054
2107,2030
2101,2056
2112,2048
2120,2073
2128,2040
2120,2053
2123,2018
2119,2028
2117,2029
2127,2028
2119,2041
2125,2062
2130,2033
2115,2039
2112,2065
2105,2089
2109,2029
2107,2067
2104,2024
2097,1982
2089,2027
2089,2021
2088,2037
2084,2019
2068,2069
2069,2039
2072,2043
2069,2041
2056,2064
2053,2023
2044,2035
2040,2055
2027,2063
2020,2080
2021,2056
2017,2077
2011,2065
2015,2063
2001,2088
2003,1987
2000,2041
1991,2023
1980,2030
1984,2009
1986,2070
1980,2076
1982,2044
1973,2069
1976,2039
1975,2044
1979,2038
1976,2055
1975,2055
1983,2039
1979,2077
1992,2056
1989,2043
1994,2023
1988,2027
1996,2032
2003,2052
2009,2027
2001,2041
2014,2037
2023,2037
2021,2037
2035,2029
2029,2019
2039,2073
2035,2067
2053,2063
2057,2072
2069,2067
2065,2030
2072,2017
2085,2005
2077,2011
2085,2041
2095,2069
2097,2054
2100,2015
2095,2033
2107,2069
2109,2046
2120,2077
2124,2007
2120,2041
2132,2039
2137,2024
2124,2043
2139,2071
2125,2075
2131,2056
2139,2058
2136,2021
2129,2060
2132,2076
2135,2040
2132,2038
2128,2057
2108,2043
2120,2032
2121,2056
2112,2041
2115,2069
2104,2083
2100,2041
2094,2077
2093,2043
2087,2089
2084,2077
2063,2012
2071,2033
2063,2072
2056,2009
2043,2072
2045,2043
2040,2039
2029,2018
2027,2021
2019,2063
2016,2075
2014,2017
2017,2012
2009,2068
1999,2063
1997,2080
1998,2019
1988,2045
1997,2092
1989,2093
1990,2084
1991,2048
1977,2025
1992,2043
1985,2042
1994,2034
1991,2058
1995,2039
1983,2080
2001,2063
1993,2023
1995,2073
2009,2069
2014,2063
2016,2017
2020,2017
2025,2071
2024,2053
2020,2070
2025,2044
2035,2065
2053,2099
2048,2039
2044,2013
2063,2043
2072,2066
2072,2060
2072,2043
2083,2055
2094,2056
2096,2071
2089,2069
2101,2063
2111,2047
2107,2038
2120,2056
2127,2009
2130,2021
2125,2038
2131,2078
2130,2091
2135,2055
2136,2021
2138,2029
2147,2073
2137,2093
2140,2001
2140,2037
2146,2025
2143,2052
2135,2043
2133,2017
2131,2023
2134,2009
2131,2017
2123,2057
2123,2055
2117,2035
2105,2076
2099,2061
2097,2051
2104,2066
2095,2080
2090,2081
2079,1991
2080,2004
2068,2044
2072,2026
2057,2043
2063,2017
2055,2017
2046,2089
2042,2067
2032,1997
2026,2029
2033,2058
2019,2043
2011,2063
2005,2027
2016,2056
2011,2075
2005,2088
2007,1993
2012,2053
2005,2009
2003,2063
2002,2035
1992,1993
2004,1992
2002,2041
1995,2103
1996,2041
2008,1993
2003,2027
2008,2063
2006,2073
2016,2052
2022,1973
2023,2083
2026,2063
2028,2079
2027,2025
2039,2033
2045,2072
2037,2028
2041,2004
2045,2067
2063,2060
2073,2083
2081,2071
2083,1981
2085,2011
2083,2063
2088,2057
2096,2058
2095,2028
2111,2053
2108,2080
2107,2030
2119,2014
2127,1981
2136,2026
2127,2043
2134,2040
2143,2026
2143,2042
2143,2041
2145,2040
2145,2012
2146,2002
2146,2022
2148,2077
2144,2056
2145,2028
2135,2055
2138,2088
2135,2053
2136,2039
2135,2019
2125,2080
2129,2080
2109,2057
2115,2017
2123,1969
2117,2063
2105,2019
2100,2029
2094,2015
2095,2029
2086,2071
2078,2058
2074,2006
2068,2005
2055,2087
2056,2024
2051,2060
2041,2045
2033,2070
2029,2069
2028,2058
2020,1981
2011,2033
2018,2078
1999,2037
2011,2045
2007,2016
1999,2063
2005,2055
1993,2009
1999,2031
1996,2028
1991,2095
1998,2080
2000,2015
2004,2015
2007,2040
2005,2077
2001,2046
2008,2023
1998,2035
2006,2022
2017,2079
2011,2073
2020,2005
2024,2059
2030,2024
2025,2027
2029,2033
2037,2023
2056,1993
2054,2079
2071,2054
2071,2044
2071,2043
2078,2071
2081,2085
2093,2043
2096,1999
2097,2027
2091,2051
2103,2064
2116,2004
2120,1999
2119,2017
2122,2064
2131,2040
2136,2022
2137,2043
2140,2077
2139,2036
2142,1991
2151,2011
2144,2070
2139,2076
2142,2032
2144,2040
2140,2048
2142,2080
2139,2021
2137,2046
2131,2035
2135,2071
2138,2051
2128,2035
2116,2039
2116,2057
2109,2054
2104,2071
2114,2059
2099,2030
2094,2065
2083,2076
2086,2015
2081,2030
2080,2021
2067,2055
2063,2079
2063,2001
2063,1989
2055,2048
2031,2057
2040,2067
2032,2005
2018,2037
2017,2065
2019,2041
2011,2023
1997,2031
2013,2068
2006,2088
1995,2045
2000,2007
2000,2021
2000,2079
1995,2073
1991,2036
1997,2012
2001,2055
1999,2103
1996,2039
1991,2019
2005,2063
2004,2036
2007,2025
2003,2063
2013,2019
2013,2058
2018,1976
2020,2093
2023,2044
2028,2017
2029,2056
2035,2059
2033,2041
2052,2030
2054,2066
2048,2072
2056,2042
2063,2080
2065,2036
2077,2035
2079,2045
2087,2063
2094,1995
2088,2019
2094,2037
2100,2044
2101,2039
2105,2031
2117,2068
2122,2053
2123,2053
2128,2005
2131,2019
2131,2029
2127,2060
2131,2054
2132,1997
2131,2025
2131,2072
2129,2039
2131,2037
2135,2033
2132,2080
2129,2096
2119,2030
2120,1999
2119,2071
2116,2033
2108,2041
2107,2068
2099,2005
2109,2065
2096,2075
2088,2063
2090,2039
2080,2015
2076,2083
2072,2040
2057,2033
2059,2021
2063,2024
2045,2017
2033,2063
2031,2001
2021,2059
2027,2039
2024,2028
2021,2044
2007,2019
1997,2056
2008,2063
1999,2071
1987,2040
1987,2042
1992,2054
1984,2080
1982,2063
1989,2021
1984,2053
1983,2057
1979,2054
1977,2035
1991,2054
1991,2029
1992,2021
1996,2020
1987,2037
1995,2021
1997,2072
2004,2064
2008,2029
2003,2035
2009,2057
2015,2011
2019,2063
2031,2062
2035,2026
2033,2023
2043,2063
2044,2032
2051,2025
2057,2040
2071,2041
2063,2055
2066,2071
2080,2042
2081,2037
2075,2045
2092,2011
2096,2062
2100,2067
2101,2056
2117,2018
2115,2025
2117,2044
2123,2037
2119,2056
2127,2008
2133,2003
2129,2021
2131,2015
2125,2047
2131,2063
2132,2078
2132,2052
2135,2039
2123,2052
2128,1995
2123,2063
2123,2071
2117,2047
2109,2036
2112,2023
2108,2039
2103,2039
2109,2005
2099,2075
2088,2057
2089,2027
2081,2027
2080,2023
2075,2075
2071,2056
2071,2048
2066,2007
2059,2039
2055,2041
2041,1993
2038,2035
2039,2042
2031,2045
2022,2063
2015,2079
2007,2079
2004,2027
2005,2079
2003,2066
2003,2065
2007,2061
2004,2056
2000,2036
1997,2055
1993,1995
1992,2028
1993,2040
1992,2067
1993,2040
1991,2071
1994,2027
2003,2039
2003,2060
2008,2058
2007,2023
2016,2063
2015,2046
2019,1993
2017,2027
2023,2005
2031,2063
2032,2045
2042,2038
2043,2084
2043,2045
2061,2022
2063,2030
2068,2036
2077,2091
2074,2058
2083,2020
2084,2056
2093,2063
2096,2063
2099,1989
2106,1993
2109,2036
2112,2105
2115,2106
2117,2089
2132,2025
2117,2007
2132,2037
2137,2030
2145,2041
2144,2072
2135,2055
2143,2077
2145,2025
2138,1987
2148,2044
2135,1999
2135,2015
2135,2071
2135,2054
2126,2058
2131,2027
2127,2003
2130,2001
2123,2039
2119,2056
2115,2043
2105,2059
2105,2072
2100,2021
2096,2048
2085,2007
2081,2036
2075,2055
2077,2063
2066,2041
2063,2027
2061,2015
2056,2072
2043,2071
2044,2076
2039,2033
2037,2035
2035,2033
2023,2055
2024,2015
2016,2000
2013,2056
2018,2072
2011,2076
2003,2037
1999,2039
2005,2076
1996,2005
2005,2025
2009,2009
2003,2079
2005,2088
2008,2003
1998,2004
2013,2043
2011,2071
2004,2065
2007,2024
2024,2029
2024,2095
2026,2063
2019,2025
2028,1999
2035,2056
2039,2017
2056,2035
2056,2024
2057,2023
2071,2088
2070,2027
2079,2012
2079,1980
2085,2010
2092,2063
2099,2075
2094,2090
2109,2024
2113,1994
2116,2011
2107,1977
2119,2028
2123,2027
2131,2043
2141,2080
2140,2001
2147,1992
2147,2025
2148,2019
2139,2042
2148,2001
2153,2019
2143,2097
2147,2072
2144,1979
2144,1993
2149,1997
2144,2052
2144,2043
2141,2063
2134,2023
2136,2039
2128,2025
2123,2031
2121,2013
2109,2067
2119,2066
2093,2075
2103,2052
2101,2046
2093,2040
2079,2063
2080,2067
2074,2029
2063,2027
2065,2065
2056,2033
2051,2023
2041,1982
2051,2028
2031,2076
2025,2034
2017,2071
2015,1987
2001,2067
2001,2044
1995,1977
2000,1991
1993,2094
1989,2055
1995,2082
1984,2043
1990,1980
1994,2007
1989,2028
1991,2039
1992,2042
1993,2027
1996,2035
1992,2027
1993,1963
1993,2008
2000,2013
1993,2076
2005,2077
2011,2063
2009,2066
2021,2021
2019,2041
2024,1965
2023,2014
2038,2067
2041,2083
2035,2063
2052,1976
2056,2028
2058,1995
2063,2057
2075,2026
2063,2045
2073,2023
2084,2087
2089,2027
2091,2016
2095,2003
2104,2036
2099,2084
2106,2023
2112,2023
2117,2055
2117,2078
2120,2063
2107,2016
2123,2004
2136,2039
2135,2096
2128,2055
2132,2017
2132,2038
2136,1993
2124,2040
2128,1989
2125,2025
2127,2106
2121,2115
2115,2047
2105,2025
2106,2013
2099,2013
2099,2058
2095,2035
2094,2064
2089,2072
2079,2070
2078,1999
2063,1965
2076,2019
2071,2083
2056,2069
2039,2103
2044,2035
2040,2028
2033,2015
2024,2029
2024,2014
2015,2021
2016,2073
2007,2096
2001,2056
2000,2032
2002,2043
1998,2079
1996,2037
1981,2019
1987,2087
1977,2092
1978,2063
1981,2009
1982,2008
1984,2040
1984,2067
1976,2123
1988,2017
1975,2069
1981,2036
1984,2031
1980,2043
1992,2041
2000,2023
2008,2076
2001,2080
2008,2063
2009,2020
2016,2032
2011,2076
2024,2029
2025,2063
2029,2097
2027,2077
2040,2013
2044,1991
2056,2008
2067,2003
2063,2021
2072,2088
2069,2075
2077,2017
2075,2072
2085,2040
2087,2060
2091,2043
2104,2068
2095,2127
2115,2043
2115,1997
2121,2036
2117,2048
2120,2059
2119,2015
2121,2042
2121,2057
2123,2076
2129,2017
2123,2002
2125,2020
2119,2076
2115,2107
2123,2089
2117,2080
2116,2075
2109,2073
2104,2023
2099,2003
2104,2023
2091,2066
2096,2057
2088,2072
2077,2032
2079,2042
2073,2007
2071,2052
2068,2096
2039,2027
2040,2076
2038,2035
2027,2026
2026,2020
2024,2073
2023,2070
2023,2086
2015,2085
2008,2037
2003,2055
1997,2033
1984,2007
1993,2043
1992,2075
1984,2093
1979,2074
1976,2076
1991,2009
1980,1993
1977,2044
1971,2019
1988,2090
1982,2057
1976,2075
1984,2029
1984,2027
1981,2033
1995,2003
1995,2080
2003,2060
2005,2092
2007,2066
2008,2035
2015,2036
2020,2003
2015,2036
2039,2023
2039,2023
2037,2076
2044,1995
2043,2012
2063,2040
2067,2044
2075,2015
2075,2079
2079,2080
2084,2031
2088,2071
2101,2017
2093,2042
2108,2056
2117,2023
2115,2074
2117,2093
2123,2040
2135,2019
2129,2021
2135,2017
2140,2022
2142,2077
2144,2104
2145,2068
2139,2008
2145,2022
2135,2028
2139,2073
2143,2034
2133,2042
2135,2088
2135,2037
2137,2040
2127,2037
2131,2005
2121,2025
2117,2081
2119,2034
2112,2035
2110,2037
2104,2015
2100,2015
2085,2042
2080,2019
2084,2040
2083,2041
2071,2033
2066,2011
2063,2011
2056,2023
2048,1979
2035,2045
2032,2020
2028,2093
2021,2056
2025,2069
2020,2067
2009,2032
2003,2007
2007,2076
2006,2078
2008,2044
2007,2029
2000,2080
1993,2040
1995,1994
1992,2041
1999,2039
1999,2025
1995,2065
1995,2066
2003,2019
2008,1997
2009,2027
2003,2034
2009,2043
2012,2056
2022,2027
2024,2044
2023,2005
2025,2032
2038,2043
2036,2063
2053,2066
2043,2089
2066,2043
2066,2008
2063,2048
2073,2029
2073,2056
2079,2023
2090,2024
2085,2077
2100,2011
2103,2037
2104,2027
2110,2032
2113,2065
2119,2039
2127,2019
2121,2043
2133,2067
2135,2022
2131,1973
2129,2023
2143,2043
2145,2036
2145,2059
2144,2065
2144,2073
2152,2035
2143,2029
2146,2071
2148,2037
2139,2025
2127,2073
2135,2037
2136,2060
2136,2015
2126,1996
2128,2023
2118,2025
2112,2056
2109,2025
2111,2022
2103,2052
2096,2011
2083,2015
2084,2017
2085,2112
2071,2051
2067,1989
2068,2004
2065,2065
2059,2084
2053,2012
2029,1963
2037,2053
2030,2090
2019,2066
2023,2018
2007,2032
2015,2035
2001,2087
2010,1995
2003,2015
2003,2015
2008,2060
1997,2065
2004,1987
2004,2021
1995,2008
2001,2093
1999,2075
2011,2055
2008,2011
2009,2036
2005,2044
2010,2030
2016,2037
2024,2068
2019,2025
2026,2069
2035,2023
2037,2033
2039,2048
2040,2030
2046,2033
2048,2033
2057,2037
2053,2059
2069,2074
2066,2019
2080,2026
2091,2065
2089,2064
2088,2056
2092,2056
2102,2032
2104,2048
2107,2026
2117,2023
2124,2017
2115,2039
2121,2039
2128,2056
2136,1979
2129,1992
2135,2035
2139,2064
2143,2048
2151,2044
2144,2093
2145,2046
2148,2063
2146,2012
2143,2030
2140,2056
2136,2035
2133,2016
2134,2002
2121,2076
2124,2074
2124,2032
2124,2022
2107,2072
2108,2095
2109,2023
2089,2035
2097,2063
2088,2059
2088,2067
2077,2037
2071,2069
2065,2025
2065,2095
2055,2067
2053,2035
2041,1971
2041,2066
2027,2080
2029,2053
2021,2048
2012,2019
2020,2052
2004,2081
1993,2045
1999,2035
1997,2004
1991,2063
1993,2066
1991,2027
1985,2021
1986,2034
1992,2084
1981,2029
1984,1995
1989,2021
1991,2057
1984,2041
1991,2032
1991,2036
1990,2023
2002,2073
1993,2080
2010,2040
2016,2001
2012,2074
2007,2015
2012,2015
2021,2028
2021,2029
2033,2067
2035,2066
2046,2033
2059,2032
2066,2053
2065,2067
2065,2064
2074,2056
2080,2064
2091,2072
2091,2040
2091,2044
2103,2055
2104,2053
2103,2055
2104,2025
2116,2042
2121,2038
2128,2068
2133,2041
2123,2065
2133,2056
2136,2072
2133,2095
2137,2029
2131,2063
2137,2036
2135,2041
2132,2053
2131,2066
2123,2044
2129,2068
2125,2066
2126,2051
2117,2026
2120,2035
2119,2085
2104,2088
2097,2040
2108,2043
2093,2063
2091,2080
2081,2068
2080,2011
2072,2055
2073,2063
2072,2057
2066,2037
2056,2060
2056,2058
2040,2110
2045,2043
2037,2009
2029,2056
2023,2079
2029,2033
2009,2030
2016,2068
2008,2069
2012,2100
2003,2071
2003,2031
1997,2009
2007,2063
2007,2089
2010,2051
2000,1992
1997,2021
2002,2045
2004,2055
2011,2037
2008,2042
2008,2080
2005,2085
2015,2068
2015,2042
2024,2071
2028,2078
2017,2080
2021,2037
2040,2023
2032,2039
2035,2056
2048,2021
2059,1991
2055,2003
2058,2053
2071,2041
2071,2009
2077,1993
2088,2039
2085,2068
2092,2057
2099,2071
2099,2017
2099,2063
2107,2063
2109,2056
2126,1979
2130,2015
2137,2092
2132,2087
2136,2044
2142,2027
2143,2045
2139,2035
2145,2009
2147,2029
2145,2035
2152,2079
2148,2056
2141,2032
2146,2035
2150,2033
2145,2045
2147,2060
2143,2048
2136,2045
2129,2059
2132,2055
2123,2068
2127,1998
2121,2040
2107,2046
2105,2057
2103,2025
2102,2002
2090,2019
2085,2073
2079,2088
2078,2011
2070,2017
2071,2033
2066,2005
2063,1996
2056,2015
2039,2032
2037,2041
2032,2063
2024,2072
2027,2067
2023,2046
2005,2040
2012,2010
2009,2024
2003,2007
1999,2055
2000,2055
2000,2029
1995,2037
1991,2055
1995,2026
2000,2019
1993,2060
1987,2033
1996,2072
1993,2073
1993,2009
1995,1989
2000,2027
2007,2065
2004,2037
2013,2040
2011,2011
2016,2037
2024,2025
2021,2008
2027,2044
2038,2041
2027,2033
2027,2042
2039,2063
2039,2010
2053,2056
2059,2043
2069,2053
2072,2024
2079,2011
2083,2063
2077,2022
2089,1975
2096,2001
2100,2078
2103,2048
2108,2001
2114,2030
2120,2055
2121,2070
2127,2021
2118,2019
2135,2061
2127,2002
2135,2055
2132,2011
2131,2021
2125,2040
2129,2060
2127,2056
2133,2046
2124,2032
2123,2077
2112,2051
2117,1997
2107,2034
2111,2045
2108,2023
2102,2027
2088,2036
2091,1996
2084,2027
2085,2031
2073,2016
2067,2036
2068,2035
2063,2065
2053,2062
2045,2030
2041,2003
2034,2093
2022,2070
2029,2018
2027,2032
2021,2018
2007,2068
2001,2063
2005,1995
1993,2013
1989,2067
1991,2068
1979,2079
1982,2011
1977,2047
1971,2015
1977,2010
1978,2056
1980,2043
1971,2043
1976,2071
1982,2078
1980,2040
1979,2071
1981,2001
1989,2077
1987,2071
1993,2011
1999,2009
1999,2073
2004,2061
2006,2055
2013,2002
2024,2007
2021,2054
2022,2019
2020,2055
2035,2051
2028,2058
2032,2005
2047,2019
2063,2077
2063,2026
2067,2029
2063,2034
2071,2027
2080,2005
2077,2005
2081,2025
2095,2013
2103,2044
2101,2078
2104,2040
2112,2015
2117,2024
2109,2040
2119,1991
2117,2040
2123,2009
2135,2019
2120,2069
2128,2063
2123,2027
2132,2079
2123,2057
2118,2048
2123,2046
2123,2065
2120,2012
2107,2071
2101,2042
2108,2019
2106,1995
2093,2080
2089,2041
2092,2072
2096,2065
2088,2029
2083,2025
2067,2063
2069,2060
2071,2038
2064,2075
2058,2072
2044,2028
2044,2019
2042,2042
2031,2063
2024,2069
2027,2045
2027,2072
2012,2019
2014,2076
2003,2079
2002,2023
2000,2046
2000,2021
1993,2056
1997,2058
1991,2001
1996,2071
1993,2072
1995,2023
1995,2007
1996,2011
1997,2060
1991,2069
1991,2066
2004,2057
1995,2020
2005,2067
2009,2025
2011,2041
2016,2039
2012,2025
2021,2023
2030,2022
2034,2039
2032,2037
2035,2003
2036,2044
2041,2072
2043,2072
2066,2024
2067,2003
2070,2038
2077,2110
2084,2060
2095,1997
2094,1996
2097,2083
2101,2083
2107,2055
2109,2041
2117,2045
2123,2104
2123,2059
2135,2030
2137,2040
2135,2073
2136,2092
2143,2032
2147,2047
2141,2079
2152,2079
2146,2058
2147,2001
2149,2058
2145,2064
2147,2073
2144,2055
2136,2033
2133,2095
2135,2089
2141,2072
2135,2068
2125,2080
2117,2058
2118,2071
2120,2028
2090,2065
2116,2025
2103,2043
2091,2087
2083,2024
2080,2069
2081,2067
2076,2085
2070,2042
2055,2060
2063,2058
2055,2053
2041,2053
2034,2025
2035,2080
2023,2072
2015,2072
2016,2039
2003,2033
2009,2073
2005,2074
2008,2055
2007,2029
2007,2060
2004,2027
1996,2071
1996,1995
2001,2072
1997,2063
2000,2065
1995,2044
2007,2028
1997,2059
2007,2057
2001,2109
2007,2077
2008,2060
2012,2080
2023,2075
2017,2060
2019,1997
2028,2067
2036,2063
2029,2083
2036,2074
2045,2041
2056,2105
2057,2057
2055,2029
2063,2051
2070,2027
2075,2075
2086,2065
2085,2071
2087,2047
2096,2032
2100,2076
2104,2081
2109,2039
2106,2025
2107,2038
2121,2075
2128,2063
2127,2054
2132,2035
2135,2064
2137,2076
2143,2076
2138,2023
2125,2053
2137,2037
2144,2071
2131,2041
2127,2035
2133,2072
2138,2057
2136,2052
2124,2039
2128,2068
2124,2055
2120,2067
2119,2025
2120,2025
2113,2040
2099,2067
2100,2035
2096,2028
2086,2057
2091,2036
2087,2076
2074,2054
2073,2039
2071,2068
2066,2009
2058,2088
2054,2017
2039,2044
2039,2072
2041,2065
2028,2027
2020,2064
2016,2035
2012,2035
2013,2058
2013,2017
2007,2079
2010,2017
2007,2063
2008,2060
2008,2043
2005,2043
2003,2060
2003,2035
1992,2054
2004,1995
2002,2011
2003,2046
2002,2026
2010,1995
2007,2045
2020,2073
2009,2080
2024,2055
2031,2017
2032,2040
2029,2070
2037,2038
2040,2040
2048,2001
2041,2055
2067,2008
2044,2019
2072,2035
2075,2025
2084,2015
2076,2035
2077,2040
2092,2021
2102,2007
2104,2037
2097,2055
2109,2012
2112,2045
2114,2045
2124,2025
2124,2025
2135,2019
2129,2045
2140,2029
2136,2063
2147,2060
2145,2066
2150,2068
2138,2091
2143,2034
2143,1999
2139,2040
2132,2057
2136,2079
2132,2037
2133,2068
2132,2075
2129,2003
2124,2034
2107,2027
2117,2037
2103,2048
2105,2034
2104,2035
2092,1996
2098,2039
2088,2063
2083,2023
2075,2011
2073,2025
2057,2071
2051,2001
2039,2031
2040,2030
2033,2003
2028,2080
2028,1997
2024,1992
2009,2071
2011,2017
2005,2048
1997,2072
2000,2007
1992,2080
1989,2072
1989,2058
1989,2029
1984,2026
1979,2046
1990,2032
1983,2063
1981,2011
1979,2007
1979,2011
1983,2005
1979,2041
1992,1997
1989,2045
1989,2038
1992,2055
1993,2060
2004,2011
2008,2039
1995,2039
1998,2029
2015,2067
2016,2044
2018,2027
2019,2037
2023,2023
2037,2042
2047,2007
2043,2009
2053,2043
2069,2041
2065,2056
2075,2008
2073,2021
2072,2032
2089,2054
2089,2022
2092,2031
2100,2060
2100,2037
2107,2047
2109,2056
2116,2011
2111,2063
2129,2040
2128,2004
2135,2063
2131,2023
2127,2044
2136,2019
2131,2046
2130,2069
2136,2063
2135,2030
2123,2027
2123,2091
2120,2036
2121,2015
2125,1991
2106,2072
2112,2028
2095,2030
2101,2007
2096,2012
2087,2039
2093,2044
2085,2048
2077,2058
2076,2046
2077,2051
2063,2059
2055,2035
2055,2063
2045,2053
2041,2020
2030,2057
2021,2043
2023,2060
2016,2029
2012,2057
2017,2024
1997,2008
2000,2054
1988,2052
2001,2006
1995,2007
1989,2011
1993,2035
1984,2044
1992,2043
1984,2015
1984,2001
1990,2019
1984,2027
1979,2063
1991,2064
1991,2060
1996,2035
1992,2003
1996,1990
2006,2023
2008,2021
2003,2033
2007,2025
2019,2060
2019,2062
2022,2058
2031,2056
2033,2036
2034,2021
2044,2071
2056,2065
2059,2064
2068,2087
2069,2020
2075,2013
2080,2026
2082,2031
2089,1995
2094,2036
2099,2043
2099,2063
2108,2034
2123,2074
2109,1993
2120,2046
2123,2045
2128,2017
2132,2071
2128,2046
2137,2056
2140,2047
2139,2036
2129,2011
2125,2036
2129,2067
2121,2058
2130,2087
2123,2063
2128,2052
2118,2020
2124,2063
2116,2021
2110,2024
2105,2053
2109,2027
2095,2048
2099,2044
2098,1995
2099,2006
2085,2044
2084,2023
2071,2038
2067,2017
2063,2063
2063,2095
2058,1999
2044,2055
2036,2025
2029,2007
2036,2066
2021,2023
2029,2040
2019,2069
2011,2057
2008,2025
2006,2046
1995,2063
2002,2029
2003,2017
2003,2063
1989,2075
1989,2065
1993,2040
1993,2063
1996,2067
1977,2037
1996,2062
1992,2068
2000,2033
1995,2027
1997,2021
2011,2059
2011,2043
2013,2043
2009,2042
2024,2066
2019,2056
2025,2005
2027,2068
2033,2044
2035,2069
2048,2029
2055,2057
2056,2057
2068,2079
2065,2023
2069,2052
2083,2024
2088,2071
2085,2058
2091,2075
2104,2021
2097,2035
2107,2038
2116,2066
2122,2019
2123,2023
2138,2045
2131,2080
2135,2048
2135,2076
2141,2013
2143,2043
2152,2079
2137,2067
2144,2019
2156,2043
2152,2047
2148,2021
2148,2039
2152,2039
2144,2082
2149,2035
2143,2071
2140,2068
2136,2029
2133,2043
2126,2034
2119,1977
2119,2063
2120,2079
2120,2083
2106,2033
2103,2079
2100,2063
2089,2055
2081,2041
2081,2027
2073,2096
2072,2077
2065,2033
2053,2027
2048,2079
2039,2092
2051,2037
2027,2025
2030,2057
2023,2065
2015,2080
2007,2003
2007,2021
2007,2071
2002,2070
2000,2057
2007,2042
1989,2055
1997,2086
1996,2029
1998,1997
2005,2048
1992,2088
2000,2101
2001,2035
2007,2019
1997,2023
2005,2033
2002,2045
2012,2011
2017,2040
2011,2073
2023,2057
2027,2006
2032,2034
2040,2035
2044,2027
2041,2072
2047,2043
2057,2005
2055,2063
2068,2039
2074,2025
2072,2059
2081,2023
2081,2035
2089,2029
2100,2041
2101,2058
2105,2052
2108,2039
2119,2075
2115,2009
2124,2031
2127,2072
2133,2055
2133,2067
2135,2015
2143,2056
2141,2043
2144,2060
2148,1993
2147,2042
2148,2057
2136,2041
2149,2027
2147,2025
2141,2039
2140,2065
2136,2017
2137,2020
2130,2060
2122,2057
2127,2018
2112,2015
2112,2043
2112,2017
2101,2071
2104,2041
2099,2009
2095,2005
2092,2037
2080,2035
2080,2063
2072,2021
2065,2075
2059,2092
2054,2038
2043,2035
2043,2048
2027,2071
2024,2022
2027,2012
2020,2062
2011,2040
2007,2041
2000,2024
1995,2029
2002,2063
1997,2007
1991,2039
1981,2055
1981,2048
1983,2072
1989,2071
1984,2008
1988,2025
1987,2024
1995,2060
1991,2052
1992,2039
1993,2055
1999,2042
1992,2009
1995,2018
2005,2058
2011,2056
2013,2040
2014,2036
2017,2015
2012,2076
2021,2042
2029,2013
2027,2047
2043,2068
2041,2040
2055,2036
2044,2037
2068,2012
2074,2003
2068,2008
2078,2047
2084,2032
2075,2043
2081,2035
2096,2028
2097,2064
2099,2048
2107,2068
2116,2015
2115,2020
2122,2003
2126,1993
2122,2036
2131,2013
2119,2056
2123,2023
2133,2047
2134,2016
2127,2027
2133,2063
2127,2027
2119,2029
2127,2023
2115,2057
2112,2001
2107,2033
2106,2032
2103,2013
2096,2071
2096,2034
2092,2034
2087,2039
2080,2063
2079,2037
2073,2063
2076,2036
2069,2071
2063,2074
2058,2012
2045,2040
2032,2021
2032,2037
2033,2028
2023,1987
2021,2005
2009,2029
2013,2055
2006,2080
2005,2004
1992,2035
2001,2036
1979,2042
1981,2033
1983,2039
1975,2042
1985,1993
1973,2065
1979,2005
1986,2001
1981,2027
1979,2053
1982,2025
1983,2058
1979,1993
1992,1999
1989,2071
1996,2067
1996,2011
2007,2059
2013,2033
2012,2074
2015,2041
2024,2043
2026,2035
2027,2044
2032,2046
2039,2040
2039,2060
2054,2047
2052,2033
2057,2076
2071,2028
2077,2037
2075,2044
2076,2025
2083,2030
2091,2004
2099,2039
2104,2033
2099,2021
2109,2040
2113,2019
2116,1995
2121,2041
2136,2058
2134,2011
2131,2071
2136,2003
2135,2024
2133,2035
2137,2041
2135,2027
2141,2065
2141,2027
2141,2041
2135,2063
2138,2017
2129,2037
2121,2033
2135,2024
2130,2007
2109,2047
2120,2029
2112,2039
2108,2021
2105,1993
2095,2040
2087,2069
2084,2015
2081,2063
2080,2011
2073,2067
2071,2029
2065,2079
2064,2021
2039,2057
2035,2074
2031,2037
2031,2039
2021,2068
2016,2005
2019,2069
2012,2056
2003,2057
2007,2076
2001,2039
1992,2021
1996,2080
1989,2056
1993,2041
1995,2045
1992,2011
1977,2038
1981,2045
1979,2069
1984,2055
1990,2052
1992,2078
1992,2068
1992,2070
1993,2028
1990,2039
2006,2021
1997,2005
2008,2021
2015,2008
2016,2044
2021,2041
2023,2063
2029,2015
2029,2025
2037,2057
2037,2060
2052,2048
2044,2041
2060,2022
2071,2054
2069,2036
2080,2063
2075,2045
2088,2072
2088,2039
2095,2048
2101,2019
2099,2019
2108,2030
2100,2080
2118,2027
2120,2055
2125,2019
2119,2056
2129,2068
2131,2063
2135,2037
2137,2046
2133,2071
2129,2043
2117,2040
2129,2041
2128,2038
2120,2029
2121,2071
2123,2068
2105,2066
2120,2035
2103,2071
2115,2043
2099,2063
2105,2055
2096,2053
2087,2072
2092,2008
2084,2020
2081,2063
2065,2036
2071,2027
2065,2080
2063,2039
2057,2051
2043,2065
2040,2045
2031,2057
2025,2035
2013,2056
2020,2079
2015,2079
2003,2063
2003,2053
2009,2065
1991,2073
2000,2028
1987,2071
1987,2071
1980,2056
1984,2059
1991,2035
1983,2072
1983,2058
1977,1988
1987,2040
1987,2068
1976,2094
1996,2025
1984,2079
1996,2078
1996,2060
2004,2027
2008,2025
2011,2027
2010,2084
2009,2063
2013,2072
2017,2033
2027,2021
2027,2035
2040,2037
2051,2013
2043,2023
2055,2053
2068,2021
2072,2024
2076,2063
2086,2076
2082,2044
2081,2076
2089,2062
2095,2080
2104,2074
2109,2057
2120,2039
2115,2061
2120,2063
2132,2034
2132,2029
2129,2079
2140,2091
2138,2028
2143,2039
2148,2023
2147,2043
2144,2035
2144,2044
2144,2025
2147,2045
2135,2072
2141,2055
2136,2079
2123,2040
2129,2056
2134,2040
2125,2054
2109,2071
2107,2080
2109,2064
2111,2056
2098,2039
2099,2025
2095,2048
2095,2091
2086,2035
2084,2068
2075,2051
2069,1995
2063,2071
2059,2066
2048,2033
2056,2043
2035,2048
2032,2034
2032,2009
2028,2068
2031,2036
2011,2063
2011,2019
2012,2080
2007,2033
2013,2080
2006,2019
2005,2033
2007,2069
1997,2057
2005,2057
2008,2035
2009,2040
1995,2028
2013,2024
2009,2071
2008,2048
2009,2066
2015,2039
2024,2028
2023,2056
2021,2065
2027,2073
2032,2077
2040,2025
2038,2021
2038,2039
2041,2030
2056,2076
2069,2065
2072,2075
2076,2011
2079,2047
2080,2062
2085,2039
2092,2019
2099,2027
2104,2021
2110,2035
2109,2059
2123,2055
2113,2053
2119,2044
2131,2077
2125,2021
2135,2026
2129,2046
2141,2044
2144,2064
2148,2043
2141,2043
2147,2030
2153,2057
2140,2021
2137,2032
2144,2056
2141,2015
2144,2012
2138,2033
2140,2012
2129,2063
2121,2073
2121,2040
2117,2041
2121,2038
2104,2047
2098,2033
2103,2055
2091,2071
2092,2059
2093,2056
2080,2004
2078,2037
2078,2024
2067,2095
2059,2063
2056,1981
2059,2013
2044,2005
2035,2039
2032,2066
2027,2031
2015,2052
2021,2056
2005,2041
2009,2027
2001,2035
1999,2057
2003,2035
2007,2043
1993,2023
1993,2067