1908,2025
1925,2044
1923,1979
1925,2029
1937,2009
1945,1992
1950,2044
1951,2063
1965,2024
1965,2020
1963,2037
1984,2006
1991,2011
2006,2063
2001,2024
2016,2091
2015,2068
2025,2055
2025,2067
2041,2040
2056,2028
2053,2019
2068,2060
2075,2031
2081,2037
2088,1991
2084,2089
2087,2010
2101,2068
2109,2036
2103,2033
2107,2068
2112,2032
2120,2019
2123,2037
2117,2063
2112,2017
2104,2065
2112,2080
2100,2033
2093,2011
2096,2001
2093,2011
2084,2029
2083,2025
2085,2072
2073,2021
2069,2060
2070,2056
2058,2001
2055,2072
2044,2055
2039,2023
2028,2025
2024,2056
2019,2097
2015,2056
2007,2091
2007,2068
1996,2069
1984,2063
1987,2073
1977,2043
1973,2077
1963,2063
1963,2033
1959,2044
1961,2044
1956,2061
1956,2058
1960,2048
1960,2081
1961,2028
1955,2039
1971,2063
1968,2078
1973,2072
1973,2055
1975,2019
1976,2033
1995,2076
1995,2079
2003,2065
2016,2046
2009,2033
2033,2056
2040,2042
2044,2080
2053,2058
2065,2040
2077,2064
2080,2071
2089,2060
2101,2024
2109,2058
2117,2056
2136,2047
2139,2036
2147,2065
2157,2009
2168,2039
2173,2040
2181,2057
2195,2021
2202,2023
2210,2017
2205,2037
2221,2009
2224,2008
2239,2073
2239,2027
2244,2017
2252,2037
2250,2026
2247,2040
2248,2004
2251,2023
2251,2048
2257,2032
2255,2035
2255,2074
2236,2021
2240,2043
2233,2031
2233,2067
2219,2012
2220,2035
2204,2027
2200,2040
2198,2043
2188,2019
2173,2039
2169,2070
2160,1995
2145,2033
2136,2029
2132,2030
2123,2001
2099,2029
2103,2069
2092,2022
2075,1975
2067,2021
2060,2023
2043,2080
2039,2021
2031,2027
2025,2032
2013,2057
2007,2044
1992,2038
1994,2029
1975,2065
1981,2068
1976,2042
1960,2063
1974,2009
1963,2035
1965,2009
1969,2058
1959,2027
1964,2065
1970,2035
1969,2056
1971,2015
1976,2086
1975,2071
1979,2063
1980,2023
1991,2063
2005,2064
2010,2044
2012,2056
2021,2063
2021,2037
2039,2085
2051,2043
2056,2038
2070,2047
2067,2075
2083,2017
2092,2028
2096,2063
2107,2063
2112,2063
2123,1996
2137,2041
2133,2068
2152,2029
2151,2075
2160,2032
2169,2071
2176,2074
2184,2065
2195,2039
2195,2066
2197,2009
2211,2041
2205,2017
2203,2035
2218,2039
2216,2051
2216,2015
2219,2056
2212,2069
2205,2019
2201,2040
2199,2076
2200,2068
2189,2008
2181,2061
2187,2017
2165,1997
2160,2053
2159,2024
2147,2018
2140,2044
2137,2063
2119,2068
2115,2019
2101,2028
2091,2037
2073,2027
2074,2067
2059,2041
2056,2055
2052,2038
2035,2064
2020,2067
2007,2080
2008,2043
1993,2063
1980,2029
1965,2043
1962,2034
1952,2040
1947,2087
1943,2071
1944,2035
1933,2077
1929,2063
1929,2021
1917,2029
1915,2037
1913,2045
1923,2054
1910,2080
1925,2039
1920,2019
1928,2043
1924,2065
1930,2071
1934,2007
1935,2036
1943,2092
1944,2063
1951,2072
1955,2055
1961,2044
1965,2039
1975,2019
1971,2060
1981,2024
1992,2068
2004,2063
2007,2057
2024,2041
2027,2066
2033,2029
2039,2066
2056,2048
2053,2005
2065,2057
2075,2043
2080,2063
2087,2041
2092,2066
2098,2005
2112,2075
2105,2011
2114,2039
2127,2055
2130,2045
2132,2063
2123,2023
2138,2017
2140,2048
2135,2069
2135,2056
2127,2036
2123,2061
2130,2043
2130,2033
2116,2021
2117,2033
2105,2043
2104,2055
2096,2048
2094,2019
2089,2073
2072,2023
2073,2071
2067,2063
2057,2048
2039,2056
2037,2063
2027,2074
2015,2036
2019,2011
2013,2018
1991,2053
1991,2039
1980,2007
1972,2025
1968,2029
1962,2041
1952,2041
1945,2064
1937,2063
1926,2060
1925,2009
1923,2079
1927,2012
1917,2029
1926,2024
1915,2033
1915,2005
1917,2056
1917,2063
1911,2067
1925,2089
1918,2073
1928,2068
1931,2051
1934,2043
1933,1997
1944,2011
1941,2027
1956,2013
1963,2068
1971,2021
1980,2020
1979,2009
1996,2068
2001,2059
2011,2015
2024,2044
2031,2093
2040,2055
2042,2015
2055,2056
2070,2043
2072,2043
2077,2036
2095,2078
2103,2077
2111,2075
2115,2017
2129,2023
2140,2068
2139,2056
2145,2055
2162,2035
2161,2055
2164,2017
2165,2063
2176,2078
2165,2038
2192,2056
2183,2035
2187,2066
2186,2064
2183,2065
2193,2015
2184,2076
2169,2037
2167,2088
2170,2033
2160,2058
2156,2070
2152,2017
2142,2091
2138,2039
2136,2057
2125,2037
2120,2066
2098,2055
2101,2091
2085,2055
2081,2019
2073,2072
2072,2072
2064,2060
2039,2059
2035,2028
2035,2048
2015,2063
2005,2045
2008,2057
1993,2056
1990,2011
1980,2035
1980,2071
1964,2045
1963,2038
1958,2021
1945,2027
1941,2033
1949,2017
1946,2067
1937,2039
1937,2009
1938,2035
1931,2031
1944,2024
1937,2025
1944,2055
1941,2037
1949,2063
1962,2027
1951,2023
1964,2066
1967,2065
1976,1995
1975,2033
1989,2053
1990,2035
1995,2068
1999,2041
2009,2005
2023,2069
2029,2025
2037,2025
2041,2061
2065,2080
2067,2066
2071,2017
2084,2074
2076,2041
2097,2039
2105,2066
2107,2056
2107,2037
2120,2015
2132,1994
2135,2066
2147,2071
2151,2025
2149,2033
2156,2033
2161,2057
2157,2028
2174,2042
2171,2039
2179,2025
2172,2075
2172,2068
2168,2053
2168,2027
2167,2047
2158,2061
2159,2048
2157,2044
2149,2032
2139,2023
2144,2023
2132,2009
2125,2039
2121,2044
2115,2055
2108,2033
2103,2039
2091,2080
2080,2027
2079,2068
2071,2048
2064,2078
2041,2037
2039,2043
2028,2039
2019,2027
2015,2011
2003,2059
2000,2040
1992,2065
1980,2007
1971,2040
1971,2020
1965,2019
1950,2013
1949,2063
1956,2015
1943,2009
1944,2035
1947,2023
1952,2053
1945,2039
1933,2057
1944,2063
1941,2055
1943,2076
1944,2042
1950,2038
1953,2056
1958,2027
1960,2015
1965,2047
1968,2061
1978,2024
1980,2026
1992,2007
1998,2037
2006,2048
2009,2027
2012,2072
2019,2019
2032,2042
2029,2069
2044,2041
2061,2044
2067,2027
2069,2039
2075,2043
2089,2019
2099,2040
2093,2017
2104,2040
2101,2060
2117,2040
2127,2019
2123,2024
2129,2011
2135,2050
2148,2056
2152,2068
2155,2043
2155,2043
2162,2033
2155,2028
2160,2018
2152,2069
2163,2048
2157,2042
2153,2027
2157,2079
2143,2040
2143,2036
2133,2019
2135,2008
2123,2064
2117,2037
2117,2008
2115,2060
2105,2042
2100,2048
2096,2065
2084,2025
2073,2024
2067,2027
2063,2036
2053,2040
2035,2077
2023,2019
2015,2003
2017,2029
2006,2076
1995,2061
1991,2073
1989,2075
1977,2063
1965,2063
1955,2025
1962,2011
1960,2023
1947,2043
1952,2071
1952,2044
1945,2059
1949,2063
1950,2053
1949,2023
1943,2048
1951,2017
1946,2068
1960,2017
1947,2065
1960,2053
1965,2035
1971,2056
1972,2061
1980,2021
1990,2076
1996,2027
2011,2040
2009,2013
2015,2032
2026,2054
2028,2068
2043,2078
2058,2058
2063,2041
2072,2033
2077,2053
2095,2054
2100,2024
2107,2021
2127,2055
2133,1997
2125,2035
2141,2048
2147,2029
2159,2008
2172,2063
2184,2033
2194,2072
2194,2040
2204,2068
2215,2024
2216,2080
2215,2059
2221,2041
2218,2035
2229,2063
2228,2056
2231,2056
2231,2080
2227,2025
2224,2034
2221,2029
2215,2017
2219,2080
2208,2056
2201,2059
2197,2024
2189,2021
2183,2009
2179,2031
2169,2084
2160,2037
2151,2075
2146,2068
2140,2080
2130,2023
2105,2018
2104,2044
2091,2024
2094,2087
2079,2077
2075,2066
2051,2029
2038,2075
2040,2045
2034,2027
2019,2043
2016,2067
2003,2053
2001,2033
1995,2057
1991,2063
1981,2091
1976,2056
1981,2041
1973,2055
1975,2037
1969,2027
1974,2015
1968,2074
1973,2041
1974,2024
1967,2055
1972,2063
1981,2068
1983,2031
1988,2019
1979,2067
1992,2040
2003,2015
2003,2021
2009,2062
2009,2036
2019,2066
2028,2039
2036,2061
2040,2021
2056,2017
2067,2043
2069,2044
2071,2023
2089,2064
2096,2029
2101,2044
2106,2001
2120,2002
2128,2031
2123,2027
2129,2021
2137,2037
2145,2001
2163,2040
2160,2028
2165,2018
2159,2042
2173,2046
2176,2035
2180,2021
2191,2063
2191,2023
2179,2003
2180,2024
2179,2043
2176,2035
2175,2040
2171,2043
2165,2056
2162,2039
2160,2076
2147,2042
2136,2053
2139,2048
2128,2041
2109,2027
2112,2082
2103,2067
2098,2054
2085,2043
2078,2070
2072,2079
2066,2040
2056,2041
2040,2040
2035,2035
2025,2041
2009,2037
2001,1993
1993,2041
1992,2024
1984,2082
1975,2073
1963,2063
1955,2011
1945,2067
1943,2032
1939,2041
1940,2037
1943,2011
1938,2055
1940,2054
1923,2076
1939,2025
1935,2060
1932,2027
1933,2024
1938,2025
1943,2024
1944,2068
1948,2027
1952,2025
1949,2033
1957,2045
1969,2025
1971,2071
1977,2019
1992,2072
2000,2040
2006,2077
2011,2076
2023,2052
2024,2067
2035,2018
2039,2029
2051,2035
2055,2055
2072,2011
2080,2056
2088,2090
2088,2010
2099,2023
2111,2042
2105,2045
2117,2072
2121,2015
2139,2012
2141,2057
2147,2007
2159,2040
2160,2058
2162,2072
2168,2035
2179,2067
2171,2065
2166,2077
2184,2057
2171,2075
2168,2061
2173,2003
2168,2080
2168,2035
2156,2039
2153,2052
2147,2017
2145,2042
2146,2053
2139,2053
2129,2018
2122,2063
2120,2075
2113,2057
2104,2045
2087,2072
2086,2001
2071,2009
2065,2065
2063,2071
2055,2074
2039,2037
2032,2073
2017,2037
2009,2067
2004,2072
1996,2035
1979,2063
1983,2034
1971,2077
1962,2076
1955,2032
1953,2065
1954,2035
1945,2074
1941,2080
1937,2027
1941,2025
1937,2047
1941,2065
1935,2041
1934,2067
1936,2048
1935,2080
1935,2039
1947,2079
1943,2056
1952,2067
1948,2057
1964,2058
1967,2030
1973,2067
1974,2063
1982,2068
1992,2059
1995,2037
1996,2059
2005,2063
2015,2028
2027,1996
2027,2030
2035,2024
2060,2072
2063,2039
2063,2027
2067,2064
2085,2029
2085,2037
2094,2026
2101,2063
2099,2029
2120,2056
2127,2070
2135,2027
2137,2036
2144,2048
2157,2071
2151,2077
2151,2009
2155,2057
2171,2013
2168,2035
2171,2069
2165,2074
2170,2076
2167,2057
2160,2043
2164,2038
2159,2029
2150,2024
2151,2019
2152,2041
2135,2043
2138,2047
2131,2053
2124,2008
2122,2042
2119,2080
2104,2040
2103,2042
2096,2038
2081,2048
2078,2067
2063,2057
2055,2055
2054,2063
2035,2080
2036,1989
2017,2032
2019,2005
2010,2029
2000,2056
1996,2034
1994,2044
1978,2035
1976,2012
1964,2009
1953,2076
1958,2068
1947,2073
1945,2021
1943,2072
1941,2059
1945,2027
1939,2056
1944,2042
1947,2071
1931,2039
1943,2025
1944,2045
1943,2053
1956,2021
1960,2019
1955,2029
1967,2040
1963,2067
1976,2071
1969,2027
1979,2035
1993,2056
2000,2035
2015,2067
2011,2028
2027,2065
2025,2048
2039,2027
2052,2021
2057,2021
2065,2021
2075,2046
2086,2040
2093,2062
2088,2011
2104,2007
2110,2058
2109,2047
2123,2021
2140,2015
2148,2040
2148,2063
2158,2048
2151,2060
2165,2015
2158,2027
2171,2051
2171,2039
2176,2071
2168,2011
2175,2009
2179,2029
2169,2007
2169,2028
2158,2034
2166,2056
2162,2072
2157,2018
2152,2063
2143,2020
2125,2077
2125,2009
2135,2040
2123,2057
2117,2080
2106,2056
2100,2029
2096,2054
2080,2044
2069,2042
2065,2024
2065,2040
2052,2047
2044,2041
2028,2055
2018,2017
2009,2039
2009,2081
2008,2073
1995,2059
1989,2073
1980,2026
1976,2025
1971,2070
1969,2058
1964,2077
1968,2075
1965,2063
1965,2054
1965,2076
1962,2071
1962,2050
1960,2019
1975,2017
1965,2023
1975,2022
1972,2063
1977,2039
1983,2015
1979,2027
2000,2072
2003,2058
2007,2063
2008,2045
2027,2011
2025,2030
2033,2064
2055,2071
2064,2030
2071,2063
2081,2012
2082,2041
2095,2048
2103,2017
2104,2075
2109,2031
2135,2037
2131,2056
2148,2084
2139,2008
2157,2023
2157,2015
2184,1979
2184,2070
2194,2038
2191,2015
2189,2018
2205,2039
2208,2066
2207,2019
2212,2021
2208,2073
2215,2071
2215,2033
2211,2019
2209,2009
2209,1997
2199,2039
2197,2073
2201,2038
2187,2031
2187,2069
2183,2041
2171,2011
2157,2042
2153,2041
2143,2017
2142,2070
2135,2060
2129,2021
2121,2072
2105,2008
2098,2052
2088,2015
2076,2025
2071,2056
2063,2008
2053,2042
2035,2051
2025,2021
2021,2013
2014,2015
2001,2076
1996,2011
1975,2007
1975,2064
1961,2074
1962,2017
1961,2015
1955,2042
1949,2055
1952,2044
1952,2042
1944,2063
1951,2064
1947,2062
1946,2061
1952,2003
1949,2023
1955,2015
1958,2063
1955,2028
1959,2043
1971,2029
1971,2041
1980,2040
1984,2030
1995,2026
2000,1995
2005,2036
2017,2027
2020,2071
2028,2069
2033,2015
2037,2040
2063,2031
2070,2073
2073,2073
2079,2025
2085,2052
2085,2017
2104,2056
2111,2035
2109,2008
2128,2069
2137,2018
2135,2020
2147,2056
2156,2053
2157,2024
2169,2070
2171,2058
2177,2042
2185,2028
2179,2029
2174,2018
2180,2005
2192,2036
2187,2068
2187,2065
2171,2053
2184,2034
2173,2057
2169,2059
2167,2009
2163,2074
2160,2068
2149,2023
2145,2029
2144,2080
2121,2029
2130,2033
2120,2003
2109,2043
2099,2058
2096,2061
2087,2069
2081,2071
2071,2024
2063,2043
2055,2055
2043,2068
2029,2088
2032,2058
2025,2067
2018,2023
2012,2053
2003,2017
2000,2066
1991,2080
1980,2023
1980,2053
1979,2039
1972,2063
1968,2051
1968,2021
1967,2029
1963,2015
1961,2043
1961,2031
1964,2042
1965,2066
1961,2053
1973,2026
1969,2071
1981,2044
1979,2019
1984,2063
1989,2065
1999,2095
1995,2037
2010,2065
2017,2011
2019,2035
2023,2051
2033,2070
2044,2063
2055,2069
2063,2024
2072,2057
2077,2067
2075,2044
2089,2064
2096,2009
2105,2038
2110,2068
2124,2056
2133,2063
2136,2068
2139,2077
2143,2035
2155,2040
2162,2041
2169,2072
2171,2061
2176,2071
2181,2068
2183,2001
2195,2056
2195,2031
2197,2039
2193,2061
2200,2054
2192,2073
2187,2039
2189,2005
2172,2044
2183,2063
2176,2056
2166,2033
2158,2052
2157,2067
2157,2028
2146,2059
2140,2023
2127,2005
2125,2036
2114,2003
2104,2029
2093,2003
2091,2040
2087,2007
2072,2063
2069,2015
2058,2043
2044,2024
2039,2059
2030,2070
2024,2035
2015,2054
2011,2048
2003,2035
1986,2025
1977,2079
1973,2076
1968,2059
1961,2068
1959,2058
1951,2075
1951,2063
1952,2065
1949,2030
1944,2021
1941,2005
1944,2065
1948,2063
1944,2065
1952,2056
1944,2013
1951,2039
1951,2071
1949,2063
1955,2056
1967,2037
1965,2009
1963,2023
1988,2054
1995,2065
1996,2015
2000,2025
2007,2063
2007,2063
2029,2072
2039,2027
2037,2024
2039,2025
2065,2060
2067,2065
2077,2019
2085,2069
2089,2041
2094,2007
2103,2011
2099,2023
2116,2039
2128,2056
2125,2043
2136,2028
2140,2056
2145,2080
2153,1981
2153,2064
2160,2026
2160,2060
2168,2044
2168,2072
2157,2067
2162,2020
2156,2040
2155,2018
2161,2068
2147,2019
2151,2021
2151,2025
2133,2011
2133,2044
2121,2075
2124,2076
2117,2066
2101,2071
2099,2014
2092,2071
2084,2070
2073,2043
2067,2009
2044,2056
2040,2011
2036,2056
2029,2064
2011,2019
2007,2048
2003,2059
1995,2086
1980,2064
1971,2064
1966,2045
1965,2029
1952,2029
1944,2046
1936,2070
1927,2015
1928,2052
1918,2033
1909,2033
1925,2055
1909,2019
1907,2065
1911,2043
1908,2028
1912,2063
1907,2060
1914,2063
1912,2070
1926,2066
1928,2044
1931,2027
1936,2021
1939,2072
1941,2007
1952,2036
1957,2039
1967,2067
1967,2063
1976,2013
1991,2072
1991,2043
2007,2056
2012,2068
2021,2013
2037,2028
2043,2042
2054,2047
2066,2056
2072,2057
2080,2024
2088,2063
2095,2063
2105,2093
2097,2027
2124,2066
2132,2055
2133,2005
2139,2010
2149,2080
2155,2019
2151,2048
2153,2073
2168,2027
2163,2033
2176,2056
2172,2051
2171,2040
2167,2058
2169,2053
2166,2021
2165,2072
2155,2063
2156,2023
2150,2022
2144,2056
2147,2029
2127,2030
2126,2072
2124,2074
2111,2074
2104,2079
2093,2039
2092,2019
2089,2058
2075,2040
2063,2048
2066,2073
2048,2027
2035,2045
2025,2063
2024,2068
2019,2076
2003,2046
1995,2027
1998,2036
1993,2040
1982,2036
1979,2023
1973,2068
1967,2029
1953,2033
1960,2021
1965,2035
1945,2058
1958,2068
1946,2023
1949,2048
1956,2005
1949,2011
1952,2063
1955,2029
1966,2027
1971,2048
1963,2044
1977,2025
1982,2017
1992,2017
1993,2072
2003,2047
2005,2047
2022,2025
2024,2013
2029,2024
2033,2035
2041,2052
2066,2040
2071,2040
2073,2039
2083,2015
2087,2066
2103,2037
2101,2041
2107,1992
2129,2004
2131,2035
2134,2021
2140,2078
2148,2064
2147,2003
2164,2080
2167,2065
2169,2019
2173,2011
2179,2019
2179,2042
2199,2060
2195,2055
2187,2047
2192,2019
2187,2031
2189,2009
2196,2057
2184,2020
2187,2042
2184,2056
2168,2071
2171,2054
2169,2040
2163,2083
2152,2068
2143,2069
2140,2036
2139,2068
2123,2039
2117,2005
2115,2043
2095,2043
2085,2055
2083,2026
2071,2043
2068,2056
2068,2071
2045,2037
2037,2042
2022,2004
2017,2033
2015,2079
2007,2067
1997,2063
1995,2012
1987,2017
1973,2037
1969,2063
1968,2042
1957,2036
1961,2028
1955,2080
1958,2021
1952,2060
1949,2029
1952,2044
1948,2043
1945,2046
1949,2068
1959,2066
1961,2056
1959,2055
1963,2072
1957,2071
1961,2041
1966,2022
1976,2020
1989,2011
1992,2035
1992,2021
2003,2043
2012,2080
2016,2047
2023,2079
2037,2043
2040,2056
2044,2024
2063,1983
2057,2001
2067,2056
2080,2060
2085,2069
2089,2039
2103,2048
2115,2034
2116,2041
2126,2024
2136,2044
2144,2019
2149,2044
2150,2040
2156,2073
2165,2021
2157,2054
2164,2041
2173,2075
2173,2060
2183,2038
2186,2037
2181,2037
2184,2021
2168,2001
2169,2007
2172,2063
2173,2005
2163,2075
2161,2063
2160,2015
2155,2051
2139,2024
2135,2015
2139,2021
2132,2033
2122,2059
2117,2079
2113,2024
2093,2057
2083,2040
2086,2051
2079,2011
2067,1993
2055,2058
2044,2021
2029,2043
2023,2063
2019,2073
2016,2067
2011,2052
2008,2052
1996,2056
1976,2037
1980,2045
1973,2061
1968,2066
1959,2043
1958,2063
1949,2053
1949,2021
1948,2039
1949,2024
1947,2023
1949,2025
1952,2053
1953,2057
1960,2067
1952,2057
1965,2072
1965,2030
1961,2064
1976,2025
1981,2057
1976,2043
1992,1995
1995,2019
1999,2040
2015,2029
2013,2023
2024,2041
2032,2009
2037,2027
2035,2040
2057,1995
2057,2048
2071,2063
2085,2048
2097,2070
2104,2072
2107,2048
2108,2042
2121,2035
2122,2056
2136,2067
2144,2054
2149,2056
2155,2056
2164,2037
2172,2046
2162,2045
2184,2039
2187,2040
2189,2061
2191,2028
2192,2037
2196,2042
2195,2071
2199,2071
2186,2075
2186,2009
2185,2063
2169,2041
2176,2034
2165,2041
2167,2017
2154,2077
2145,2027
2144,2037
2138,2075
2136,2042
2115,2071
2120,2063
2105,2067
2097,2033
2090,2033
2080,2025
2071,2072
2073,2041
2055,2029
2041,2071
2029,2011
2015,2076
2022,2041
2016,2065
2006,2015
2002,2042
1997,2011
1981,2072
1971,2071
1976,2080
1971,2021
1959,2057
1961,2055
1957,2037
1961,2011
1955,2041
1960,2009
1965,2026
1960,2066
1961,2079
1962,2041
1970,2027
1963,2030
1977,2011
1975,2057
1975,2041
1993,2076
2001,2007
2008,2086
2015,2073
2011,2039
2027,2009
2034,2045
2037,2042
2058,2043
2064,2073
2069,2057
2075,2039
2085,1995
2096,2080
2099,2040
2103,2045
2123,2048
2117,2033
2140,2089
2133,2075
2147,2065
2154,2037
2164,2013
2165,2072
2171,2060
2179,2010
2185,2038
2188,2059
2199,2047
2188,2055
2209,2021
2204,2069
2193,2019
2204,2020
2199,2093
2191,2023
2200,2012
2185,2046
2189,2035
2183,2029
2172,2026
2168,2041
2169,2021
2155,2011
2153,2081
2143,2073
2121,2068
2127,2033
2117,2048
2104,2063
2096,2017
2087,2041
2084,2041
2071,2017
2067,2069
2056,2060
2040,2048
2034,2063
2024,2054
2018,2068
2006,2039
1991,2039
1987,1995
1984,2064
1972,2027
1966,2067
1955,2047
1954,2017
1949,2054
1944,2037
1939,2025
1938,2026
1928,2024
1938,2057
1937,2029
1936,2063
1940,2019
1938,2023
1947,2057
1944,2023
1935,2008
1952,2056
1943,2067
1947,2029
1964,2056
1964,2074
1973,2023
1975,2017
1987,2004
1991,2032
2001,2056
1998,2043
2024,2054
2019,2002
2027,2064
2028,2017
2041,2086
2043,2043
2067,2065
2075,2019
2071,2030
2085,2067
2092,2055
2101,2048
2103,2010
2106,2052
2109,2025
2127,2041
2121,2030
2133,2013
2131,2025
2148,2008
2139,2003
2152,2026
2152,2038
2147,2039
2154,2079
2155,2021
2157,2063
2155,2003
2151,2037
2151,2064
2144,2035
2136,2052
2129,2056
2138,1991
2132,2056
2123,2061
2107,2057
2108,2024
2104,2033
2101,2075
2092,2026
2076,2039
2072,2045
2069,2056
2060,2069
2056,2038
2035,2069
2027,2073
2021,2047
2016,2025
2008,2040
1993,2035
1990,2027
1977,2023
1979,2033
1976,2009
1963,2042
1960,2068
1949,2073
1940,2056
1937,2059
1933,2056
1940,2029
1929,2073
1936,2080
1934,2072
1934,2047
1933,2038
1925,2011
1927,2044
1943,2003
1936,2041
1947,1997
1940,2029
1953,2072
1961,2043
1962,2012
1963,2047
1971,2045
1977,2071
1974,2058
1989,2042
1991,2045
2007,2029
2003,2063
2011,2065
2024,2009
2033,2063
2045,2064
2043,2024
2066,2024
2071,2036
2083,2066
2087,2025
2085,2043
2096,2048
2104,2095
2109,2059
2119,2084
2133,2066
2135,2033
2144,2076
2153,2045
2154,2025
2159,2077
2168,2027
2169,2005
2165,2083
2177,2068
2168,2082
2173,2048
2174,2045
2169,2071
2173,2064
2169,2080
2168,2077
2165,2057
2159,2066
2152,2077
2152,2063
2144,2058
2137,2035
2133,2071
2123,2062
2119,2063
2112,2080
2106,2024
2093,2057
2093,2015
2081,2033
2076,2080
2067,2003
2056,2025
2041,2053
2037,2063
2026,2027
2023,2015
2016,2066
2015,2069
1995,2080
1991,2029
1979,2027
1981,2042
1974,2048
1972,2076
1970,2021
1961,2073
1959,2055
1963,2019
1951,2068
1960,2017
1953,2029
1958,2090
1952,2072
1965,2007
1957,2053
1967,2030
1959,2023
1969,2035
1979,2056
1983,2040
1977,2053
1994,2068
2002,2071
2004,2025
2013,2017
2023,2066
2018,2069
2033,2066
2037,2043
2056,2063
2071,2060
2065,2047
2080,2071
2093,2011
2089,2030
2098,2032
2116,2054
2116,2066
2128,2061
2131,2037
2135,2019
2152,2079
2157,2055
2162,2039
2173,2043
2171,2043
2187,2080
2183,2040
2190,2037
2193,2055
2197,2045
2195,2033
2200,2064
2193,2065
2199,2033
2193,2021
2183,2009
2192,2075
2181,2036
2175,2024
2170,2003
2167,2022
2149,2040
2148,2044
2144,2054
2129,2039
2133,2029
2120,2024
2107,2024
2099,2068
2085,2029
2088,2027
2079,2042
2063,2056
2063,2043
2053,2033
2029,2044
2026,2063
2013,2056
2007,2023
1992,2029
1984,2068
1982,1999
1979,2027
1964,2025
1962,2011
1945,2039
1940,2045
1944,2037
1944,2021
1936,2025
1932,2040
1929,2055
1927,2040
1937,2029
1931,2059
1926,2059
1925,2055
1940,2017
1944,1992
1937,2056
1945,2005
1951,2001
1945,2072
1960,2056
1964,2048
1976,2021
1984,2070
1979,2070
1996,2045
1999,2041
2005,2025
2011,2041
2027,2046
2023,2045
2039,2064
2056,2035
2063,2048
2075,2039
2077,2023
2081,2040
2092,2043
2096,2040
2103,2013
2121,2056
2117,2021
2135,2027
2137,2003
2143,2065
2154,2053
2152,2009
2157,2076
2165,2067
2167,2031
2167,2024
2165,2044
2172,2058
2174,2070
2173,2058
2171,2088
2164,2003
2157,2037
2158,2011
2155,2040
2145,2019
2145,2079
2144,2022
2135,2063
2129,2025
2123,2029
2112,2019
2112,2039
2085,2075
2091,2023
2088,2066
2075,2023
2057,2033
2068,2056
2055,2063
2037,2025
2038,2017
2026,2048
2018,2067
2008,2044
2003,2080
1989,2071
1989,2019
1978,2030
1975,2042
1971,2070
1960,2067
1957,2065
1963,2043
1952,2056
1955,2087
1957,2008
1952,2064
1955,2039
1954,2024
1957,2039
1954,2071
1955,2027
1957,2041
1969,2056
1969,2066
1971,2007
1978,2039
1979,2035
1985,2048
1989,2068
2001,2048
2001,2022
2008,2055
2023,2043
2021,1993
2029,2069
2042,2065
2059,2056
2057,1997
2069,2038
2073,2028
2084,2040
2096,2033
2104,2065
2110,2036
2121,2039
2119,2015
2135,2017
2141,2026
2136,2055
2153,2027
2154,2021
2168,2040
2172,2056
2176,2025
2165,2063
2187,2028
2179,2035
2194,2033
2185,2027
2191,2063
2200,2070
2192,2064
2192,2073
2173,1993
2188,2039
2185,2029
2178,2020
2169,2025
2169,2061
2166,1962
2168,3016
2168,1558
2143,1832
2122,3050
2123,653
2080,2169
2080,2288
2099,2397
2066,2204
2072,2001
2069,1971
2023,1627
2063,2325
2087,2972
2073,1612
2085,2343
2077,2194
2067,2008
2087,1848
2079,2741
2071,2208
2031,1754
1949,1390
1907,1530
1871,2023
1895,2105
1955,3039
1974,2755
2016,2522
2063,2116
2027,1767
2072,1929
2115,1221
2119,1712
2144,2053
2168,1833
2163,2647
2184,2473
2240,2503
2280,2311
2313,1807
2328,2053
2309,1588
2309,2139
2348,2577
2411,2425
2524,2591
2615,1579
2668,2157
2717,1981
2747,1656
2731,1759
2752,1763
2748,2470
2732,2365
2728,1952
2693,2284
2664,2109
2635,1965
2585,1976
2540,1863
2501,1969
2441,2135
2419,1985
2420,2041
2459,2117
2495,2240
2507,2228
2493,1973
2459,1965
2388,1976
2314,2044
2216,2152
2105,2117
1971,2107
1832,2132
1706,2005
1576,1885
1460,1786
1333,1883
1205,2000
1096,2157
982,2267
867,2311
776,2299
685,2136
601,1896
537,1817
490,1820
448,1839
440,1877
416,2011
399,2005
380,2017
352,2012
314,1896
288,1814
256,1944
242,1946
224,2042
214,2064
237,2019
267,1962
309,1903
352,1826
377,1739
393,1689
428,1673
455,1753
515,1835
581,1982
648,2009
716,1981
780,1957
871,1948
952,1948
1049,2012
1128,1984
1203,2005
1275,1944
1357,1933
1435,1917
1517,1869
1585,1889
1645,2000
1693,1987
1727,1945
1757,1958
1775,2058
1805,2035
1847,2031
1899,2019
1952,2060
2024,2053
2106,2088
2188,2133
2282,2109
2368,2065
2454,2029
2539,2000
2639,2063
2735,1911
2832,1968
2920,2169
2997,1954
3068,2057
3119,1672
3175,1973
3203,1723
3194,2489
3238,2346
3259,2261
3236,1692
3196,1641
3177,2425
3185,1945
3200,2444
3272,1708
3301,2301
3297,1941
3230,2167
3175,1943
3195,2112
3244,2560
3303,2121
3311,2219
3295,2152
3245,1973
3253,1931
3300,2162
3351,2094
3349,1885
3333,2188
3299,2209
3236,2065
3197,2169
3118,2275
3089,2396
3033,2390
2973,2335
2920,2140
2847,2195
2783,2090
2739,1984
2696,1984
2658,2100
2619,1883
2587,1819
2537,1997
2541,1255
2525,1365
2511,3245
2511,4091
2474,3089
2449,2113
2449,1541
2457,1821
2457,1969
2468,1989
2439,2009
2393,1909
2338,1747
2284,1899
2251,1935
2221,2039
2190,2127
2146,2261
2115,2214
2076,2136
2064,2083
2088,1899
2112,1807
2147,1867
2205,1949
2264,1994
2327,1984
2387,1825
2425,1755
2453,1741
2492,1982
2520,2116
2533,2224
2523,2266
2533,2111
2515,1889
2528,1839
2552,1896
2581,1889
2620,1900
2617,1963
2616,1920
2599,1883
2587,1952
2571,1939
2551,1996
2523,2017
2477,2044
2436,2007
2410,2029
2391,2080
2368,2016
2343,1924
2300,1863
2255,1895
2211,1856
2176,1965
2145,2097
2094,2140
2048,2099
1989,2135
1928,2091
1864,1905
1811,1899
1739,1925
1696,2029
1643,2045
1568,2158
1499,2131
1440,2012
1384,1996
1329,1898
1276,1960
1232,2024
1180,2107
1143,2125
1110,2093
1068,2096
1033,2032
987,1963
948,1982
909,2008
872,1990
839,1971
803,2089
793,2167
768,2108
755,2026
739,1994
740,1961
737,1979
743,2063
735,2077
744,2083
763,2115
768,2035
786,1965
819,1976
869,2000
905,2072
951,2121
991,2216
1039,2185
1104,2156
1167,2145
1222,2115
1291,2072
1363,2103
1450,2089
1528,2087
1610,2033
1687,2079
1771,2091
1851,2160
1938,2151
2005,2233
2080,2199
2145,2077
2220,2125
2288,2095
2349,2109
2407,2101
2471,2197
2527,2163
2568,2105
2595,2185
2632,2129
2652,2220
2672,0
2696,0
2701,4095
2712,4095
2707,4095
2717,1465
2719,812
2709,1296
2713,1684
2699,2096
2684,2275
2661,2320
2636,2453
2611,2478
2583,2159
2551,1884
2524,1887
2505,2238
2467,2205
2428,2043
2393,2139
2357,2389
2325,2288
2280,2037
2225,2143
2185,2301
2137,2377
2093,4095
2063,3294
2024,65
1998,0
1973,0
1961,3561
1960,4095
1958,3289
1937,18
1963,0
1960,974
1977,4052
1999,4095
2023,2568
2010,86
2027,0
2053,1788
2042,4095
2065,3937
2115,1845
2137,521
2130,1112
2130,2575
2135,2885
2165,2100
2235,1495
2339,1785
2375,2361
2395,2235
2348,1720
2357,1593
2426,2344
2511,2862
2593,2390
2608,1561
2612,1255
2621,1911
2686,2585
2767,2551
2824,1896
2806,1347
2797,1575
2760,2252
2733,2648
2733,2327
2732,1635
2729,1325
2700,1854
2687,2756
2641,3119
2601,2461
2571,4095
2535,0
2503,4095
2453,4095
2405,1131
2333,4095
2312,2396
2325,4035
2300,4095
2263,681
2231,3684
2155,1679
2098,2454
2078,1455
2055,1998
2026,2055
2014,1815
1943,1691
1878,1753
1811,1659
1759,1573
1743,1669
1714,2154
1664,2184
1604,2191
1543,2069
1465,2233
1415,1901
1420,1739
1401,1845
1417,2047
1435,2063
1443,1916
1460,1968
1513,1842
1530,1675
1561,1631
1577,1944
1607,2173
1598,2271
1592,2125
1577,2056
1569,2045
1584,1853
1620,1879
1660,1837
1685,2093
1683,2131
1674,1966
1687,1928
1708,2011
1739,2037
1757,2117
1773,2074
1767,2041
1779,1929
1800,1993
1835,2126
1875,2090
1883,2041
1889,1991
1889,1960
1918,1925
1944,2017
1978,2034
2002,2156
2024,2084
2027,2259
2067,2097
2094,2001
2128,2151
2163,2067
2187,2003
2208,2112
2218,2212
2214,1909
2217,1944
2218,1927
2224,1989
2249,2056
2256,2152
2277,2275
2293,2204
2334,2193
2378,2183
2405,2171
2450,2147
2479,2133
2493,2002
2519,2011
2544,2116
2568,2171
2590,2135
2587,2082
2600,2088
2593,2022
2584,2026
2591,2138
2591,2118
2597,2144
2594,2073
2595,2171
2608,2072
2629,2023
2666,2091
2696,2076
2731,2174
2743,2755
2767,0
2762,0
2773,1791
2769,3633
2743,3699
2727,2439
2705,1979
2683,2002
2661,2001
2641,1939
2627,1869
2604,1955
2595,2153
2581,2245
2553,2188
2537,2017
2516,2015
2499,2015
2472,1967
2478,1942
2468,2079
2456,2219
2440,2103
2407,2065
2375,2090
2349,2041
2327,1961
2311,1911
2279,2139
2263,2108
2240,1908
2208,2096
2189,1989
2176,2024
2153,1995
2120,1909
2079,2004
2057,1987
2021,2007
1994,1987
1969,2029
1951,2067
1931,2008
1920,1963
1909,1968
1909,1979
1901,1980
1888,2027
1875,2067
1872,2032
1845,1943
1838,1938
1809,2044
1772,1891
1747,2029
1717,2031
1671,2043
1636,2003
1591,1931
1557,1963
1523,1907
1503,1967
1477,1939
1449,1995
1433,2017
1421,2028
1417,1976
1394,1997
1380,1969
1364,2004
1348,2035
1325,2015
1301,2040
1289,2007
1261,1995
1251,1952
1231,1969
1203,1945
1187,2011
1180,2041
1159,1994
1143,1944
1136,2024
1120,1989
1105,1965
1096,2010
1083,2008
1067,1937
1061,2009
1073,2001
1071,1987
1097,2005
1121,2000
1127,2004
1169,2080
1198,1996
1227,2107
1249,1861
1283,2000
1287,2009
1305,2237
1319,2040
1342,2072
1335,1776
1325,1844
1349,2150
1366,2119
1399,2124
1443,1912
1479,2104
1500,1928
1512,2052
1544,2121
1600,2211
1654,2167
1738,2080
1786,2120
1832,2071
1879,1994
1936,2041
2008,1996
2078,2083
2112,1987
2126,2011
2129,2019
2139,1953
2158,2187
2183,2164
2205,2285
2224,2289
2240,2208
2258,2129
2277,2133
2290,2097
2314,2063
2323,2055
2341,2056
2352,1948
2374,2005
2393,2017
2445,2093
2478,2167
2504,2208
2524,2260
2527,1862
2529,2232
2554,517
2576,563
2592,1871
2588,2426
2591,2869
2591,2392
2573,1863
2583,1842
2569,2028
2582,2109
2580,2081
2555,2204
2533,2232
2511,2215
2499,2168
2517,2053
2543,2090
2554,2084
2592,2067
2630,1993
2658,2012
2693,2041
2732,1937
2739,1969
2779,2067
2804,2095
2808,2109
2808,2121
2819,2091
2814,2037
2816,2086
2843,2120
2860,2032
2880,2094
2872,2039
2883,1975
2885,1984
2889,2028
2893,1980
2904,2011
2895,2038
2872,2076
2863,2060
2869,2056
2871,2168
2867,2040
2856,1964
2833,1976
2816,1885
2787,1925
2777,1936
2755,2029
2722,2040
2704,2032
2666,2072
2649,2079
2634,1959
2611,1977
2599,2006
2591,2023
2572,2072
2538,2043
2517,2063
2483,1897
2447,1963
2407,1932
2365,1981
2329,1942
2291,2063
2268,1996
2232,2028
2200,1987
2163,1933
2125,1956
2099,1962
2069,1915
2044,1965
2014,1960
1986,2071
1959,2020
1940,2012
1911,1931
1886,1918
1867,1920
1843,1975
1828,2019
1832,2063
1815,2057
1814,2032
1803,1943
1812,1959
1823,1934
1827,1959
1841,1959
1852,1961
1861,2019
1859,2013
1865,2015
1861,1995
1861,2015
1849,2004
1838,2008
1833,2032
1824,2039
1809,1978
1804,1953
1797,1974
1795,2025
1800,2057
1805,2039
1801,2043
1800,1971
1800,1995
1799,2021
1812,2043
1815,2063
1815,2098
1815,2073
1803,2056
1796,2102
1784,2079
1773,2088
1752,2094
1728,2122
1708,2097
1688,2038
1669,2023
1643,1991
1623,2019
1605,2042
1583,2041
1563,2033
1542,2067
1515,2069
1503,2039
1497,2067
1493,2033
1481,2065
1481,2073
1475,2067
1470,2063
1467,2087
1456,2116
1440,2123
1421,2097
1417,2107
1401,2123
1392,2092
1384,2110
1384,2069
1381,2105
1373,2075
1388,2063
1383,2055
1394,2136
1408,2069
1420,2106
1419,2107
1436,2138
1452,2082
1459,2139
1483,2143
1491,2077
1515,2003
1529,2640
1565,4095
1593,4095
1624,4095
1651,1713
1693,379
1732,953
1764,1719
1799,1976
1831,2231
1861,2225
1897,2207
1926,2259
1961,2219
1984,1952
2012,1966
2035,2067
2068,2168
2086,2033
2122,2063
2152,2073
2175,2194
2205,2063
2236,2000
2251,2135
2280,2132
2301,2033
2311,1985
2321,2029
2330,2187
2335,2111
2336,1976
2338,2159
2340,2087
2347,2063
2348,2068
2345,1981
2353,2078
2350,2123
2351,2131
2350,2252
2343,2058
2328,1977
2316,1992
2301,2122
2284,2071
2283,2071
2292,1941
2299,1947
2279,2013
2237,2016
2215,2150
2209,2025
2203,2239
2204,2031
2200,2103
2187,2085
2168,2128
2168,2008
2174,1939
2189,2102
2184,1968
2152,1907
2136,1976
2116,1913
2099,1991
2093,2112
2096,2111
2088,2204
2091,2176
2097,2075
2087,2039
2094,2063
2093,1967
2093,1978
2107,1964
2105,1947
2106,1931
2107,1913
2106,2011
2127,2080
2121,2093
2130,2129
2131,2136
2126,2108
2129,2010
2152,2030
2167,2084
2171,2034
2207,1992
2190,1883
2192,1864
2201,1763
2205,1934
2213,2071
2221,2162
2202,2182
2183,2115
2171,2099
2169,2071
2181,2023
2187,2006
2200,2011
2212,2046
2224,1973
2249,1984
2264,1952
2296,1939
2313,1947
2327,2027
2335,2103
2339,2129
2340,2079
2342,2096
2335,2043
2332,1987
2351,1945
2359,2020
2376,1999
2380,2104
2388,2040
2391,1991
2391,2027
2406,2010
2399,2043
2403,2043
2379,2015
2373,2057
2365,2015
2357,2086
2366,2033
2374,1989
2360,2043
2350,1954
2352,2080
2358,2089
2359,2097
2366,2109
2372,2042
2372,2068
2365,2095
2388,2067
2391,2063
2395,2032
2389,2027
2379,2024
2361,2075
2345,2027
2331,2053
2315,1951
2291,2025
2283,2040
2276,2039
2268,2089
2268,2073
2263,2065
2257,2023
2263,2055
2265,2067
2272,2042
2272,2000
2274,2056
2270,2075
2261,2041
2251,2071
2254,2074
2231,2025
2217,1996
2207,2048
2199,2025
2184,2086
2167,2043
2161,2039
2149,2041
2149,2005
2144,2020
2135,2004
2143,2009
2147,2063
2148,2025
2136,2078
2131,2074
2120,2053
2107,2021
2103,2021
2094,1991
2093,1999
2071,2011
2075,2063
2057,2039
2048,2016
2028,2018
2015,2041
2007,2074
1987,2075
1972,2075
1952,2053
1931,2043
1907,2035
1901,2024
1888,2009
1879,2072
1871,2088
1845,2115
1827,1899
1819,1992
1803,2039
1803,2015
1787,2025
1767,2043
1753,2038
1747,2029
1732,2043
1724,2009
1706,1973
1695,2032
1680,1959
1649,2011
1640,2065
1616,2023
1605,2048
1589,2047
1579,2056
1591,2035
1589,2056
1579,2037
1594,1989
1600,2068
1600,2024
1606,2041
1615,2027
1615,1972
1626,1981
1621,1996
1629,2064
1638,2065
1640,2068
1648,2064
1653,2016
1656,2030
1656,2025
1649,2069
1661,1995
1683,2012
1692,1987
1707,1974
1715,2047
1737,2024
1752,2023
1772,2027
1798,2029
1813,2019
1816,1997
1819,2005
1824,2021
1820,2080
1830,2053
1839,2088
1836,2105
1834,2055
1839,2009
1843,2071
1847,2067
1853,2053
1843,2039
1845,1989
1843,1965
1853,2000
1847,1987
1860,2031
1862,2088
1853,2069
1868,2101
1853,2073
1841,2077
1848,2081
1847,2067
1851,2068
1864,2065
1849,2096
1845,2054
1834,2039
1819,1989
1813,2022
1800,2005
1781,2092
1755,2077
1748,2105
1717,2104
1720,2079
1707,2073
1713,2063
1721,2029
1732,2041
1739,2094
1747,1999
1763,2022
1768,2017
1776,2074
1801,2008
1801,2048
1818,2033
1820,2078
1823,2103
1831,2066
1847,2055
1855,2057
1869,2043
1899,2078
1924,2084
1933,2009
1947,2072
1968,2013
1975,2028
1991,2080
2008,2055
2024,2057
2029,2077
2043,2089
2069,2067
2089,2096
2115,2093
2140,2068
2167,2039
2185,2063
2216,2085
2236,2096
2267,2071
2281,2045
2305,2096
2328,2055
2343,2044
2368,2096
2391,2063
2415,2083
2435,2068
2457,2080
2471,2063
2493,2072
2516,2036
2535,2043
2552,2063
2575,2037
2598,2076
2611,2098
2630,2099
2647,2088
2663,2067
2686,2063
2711,2089
2714,2080
2723,2063
2739,2063
2739,2097
2749,2052
2752,2070
2755,2057
2757,2069
2747,2041
2748,2072
2759,2069
2745,2104
2748,2091
2746,2023
2752,2066
2747,2033
2750,2085
2745,2083
2744,2100
2741,2094
2724,2129
2716,2451
2707,2015
2700,1457
2699,1849
2669,2038
2667,2152
2636,2167
2620,2091
2603,2060
2592,2024
2575,2039
2547,2058
2537,2020
2527,2001
2504,2071
2492,2011
2465,2089
2467,2032
2447,2034
2431,2025
2421,2033
2403,1989
2381,2004
2373,2090
2356,2016
2341,2054
2323,2080
2298,2038
2278,2028
2255,2027
2241,2024
2219,2007
2186,2063
2183,2024
2168,2033
2149,2095
2132,2053
2120,2022
2099,2048
2088,2081
2077,2047
2075,2027
2074,2037
2073,2012
2070,2063
2057,2012
2068,2066
2063,2063
2056,2021
2052,1977
2055,2056
2032,2014
2018,1977
2009,2029
1995,1995
1995,1992
1981,2013
1964,2015
1962,2006
1952,2009
1943,1995
1949,2015
1953,2036
1949,2009
1958,2032
1952,2001
1949,1989
1956,2010
1952,2024
1954,2028
1943,2001
1927,1990
1933,2010
1920,2027
1903,2003
1900,2016
1886,2024
1878,2028
1869,2012
1851,2029
1835,2008
1821,2047
1815,2044
1802,1995
1783,2055
1769,2003
1762,1949
1751,2003
1734,2034
1719,2015
1710,2041
1699,2063
1681,2005
1682,2007
1668,2034
1646,1997
1637,1973
1607,2008
1591,2021
1567,2082
1553,2025
1517,2001
1508,2027
1489,2003
1469,2024
1463,2056
1462,2056
1469,2007
1478,2037
1460,2040
1453,2068
1466,2036
1467,2063
1469,2037
1492,1991
1509,2021
1520,2073
1523,2048
1545,2042
1568,2041
1589,2063
1607,2003
1611,2032
1621,2008
1640,2048
1653,2056
1685,2085
1707,2119
1728,2124
1745,2079
1786,2027
1801,2056
1833,2021
1865,1998
1894,2053
1915,2005
1950,1978
1973,2033
1995,2037
2027,2080
2056,2105
2067,2110
2084,2103
2102,2137
2129,2081
2150,2080
2169,2069
2194,2086
2213,2055
2231,2025
2220,2022
2256,2031
2267,2015
2277,2063
2294,2120
2296,2152
2289,2152
2280,2084
2280,2101
2275,2088
2272,2084
2276,2057
2275,2080
2275,2053
2292,2057
2294,2042
2300,2024
2298,2007
2293,1988
2284,2027
2267,2076
2260,2123
2238,2142
2223,2104
2205,2073
2197,2019
2196,2063
2187,2096
2187,1879
2189,1693
2184,2158
2183,2167
2171,2088
2171,2191
2165,2079
2163,1995
2152,2027
2135,2055
2125,2059
2125,2086
2130,2103
2121,2080
2124,2041
2105,2033
2120,1999
2122,2044
2122,2112
2131,2067
2116,2073
2131,2063
2132,2093
2143,2051
2155,2051
2160,2076
2175,2082
2181,2080
2184,2097
2196,2027
2204,2029
2205,2001
2213,2020
2225,2040
2236,2067
2253,2075
2266,2079
2275,2057
2296,2077
2325,2095
2343,2088
2357,2023
2375,2024
2385,2013
2405,2027
2415,2052
2430,2056
2441,2041
2444,2008
2455,2032
2466,2013
2475,2055
2480,2033
2487,2020
2484,2079
2492,2080
2492,2007
2509,2019
2513,2025
2516,2056
2520,2016
2509,2001
2503,2065
2493,2060
2488,2067
2478,2035
2463,2031
2441,2060
2432,2042
2411,2028
2396,2048
2384,2066
2356,2030
2336,2036
2316,2011
2287,2024
2284,2008
2251,2030
2236,2043
2224,1980
2203,1993
2193,2001
2165,2017
2153,2033
2141,2012
2128,2097
2112,2064
2085,1997
2069,2015
2055,2009
2038,2047
2026,2063
2008,2039
2000,2070
1981,2068
1969,2063
1963,2048
1952,2037
1945,2030
1943,2063
1939,2041
1936,2044
1943,2065
1942,2008
1952,2041
1955,1992
1955,2011
1949,2011
1963,2019
1976,2064
1977,2019
1987,2023
1995,2014
2000,2031
2009,2074
2008,2019
2015,2034
2017,2057
2023,2044
2028,2007
2041,2021
2047,2038
2057,2018
2073,2005
2075,2041
2086,2071
2091,2005
2104,2056
2109,2005
2119,2056
2120,1989
2119,2017
2107,2057
2114,2071
2109,2092
2109,2041
2107,2060
2097,1975
2092,1982
2088,2015
2103,2005
2088,2028
2090,2065
2080,2041
2076,2039
2070,2025
2063,2054
2056,2059
2042,2011
2036,2013
2024,2016
2008,2075
1991,2021
1989,2033
1971,2018
1941,2077
1917,2035
1908,2051
1885,2024
1847,2037
1830,2023
1819,2035
1801,2041
1783,2008
1769,2030
1760,2008
1748,2062
1731,2036
1738,2057
1736,2017
1724,2007
1724,2073
1715,2057
1707,2040
1703,2043
1703,2059
1705,2039
1702,1992
1692,2031
1688,2044
1687,2033
1686,2023
1688,2080
1691,2088
1687,2037
1693,2071
1708,2033
1703,2070
1707,2011
1725,1997
1739,2040
1753,2023
1759,1988
1775,1972
1789,2036
1803,2043
1821,2063
1835,2080
1841,2099
1860,2073
1876,2043
1887,2009
1905,2077
1917,2057
1940,2063
1954,2021
1952,1973
1959,1987
1969,1982
1965,1989
1979,2045
1979,2058
1980,2086
1984,2088
1980,2015
1979,2063
1988,2072
2008,2057
2016,2078
2025,2027
2035,2033
2040,1992
2063,2012
2073,2001
2072,2047
2075,2042
2065,2060
2070,2051
2055,2076
2041,2063
2043,2039
2039,2046
2038,2039
2048,2071
2056,2060
2056,2075
2058,2071
2056,2041
2061,2080
2058,2038
2054,2115
2048,2055
2040,2037
2038,2068
2039,2091
2040,2065
2035,2035
2033,2057
2039,2082
2025,2088
2027,2047
2025,2069
2033,2075
2040,2059
2021,2067
2031,2069
2030,2082
2029,2071
2030,2073
2033,2053
2031,2040
2031,2039
2026,2076
2027,2081
2027,2080
2015,2073
2029,2061
2032,2076
2041,2093
2037,2095
2037,2071
2068,2069
2079,2078
2095,2079
2091,2067
2099,2045
2108,2056
2125,2073
2138,2023
2141,2043
2144,2012
2149,2068
2162,2029
2163,2044
2173,2035
2171,2067
2191,2112
2185,2055
2200,2087
2212,2076
2219,2024
2236,2088
2235,2072
2258,2091
2261,2108
2283,2089
2285,2012
2299,2063
2293,2063
2301,2013
2303,2068
2303,2078
2312,2029
2320,2056
2327,2075
2331,2007
2335,2089
2341,2066
2344,2067
2352,2027
2355,2070
2363,2056
2363,2007
2376,2001
2365,2022
2378,2056
2377,2017
2373,2036
2364,2025
2376,2020
2359,2054
2352,2039
2346,2021
2339,2024
2323,2061
2320,2065
2319,2040
2307,2060
2296,2060
2279,2032
2271,2063
2260,2007
2249,2063
2239,2018
2227,2065
2209,2018
2199,2073
2185,2011
2187,2033
2181,2018
2168,2032
2165,2075
2140,1979
2148,1995
2131,2040
2119,2032
2099,2023
2083,2017
2079,2028
2060,1979
2046,1992
2029,2052
2024,2028
2009,2061
1991,2013
1976,2051
1974,2020
1966,2033
1955,2040
1948,2045
1943,2031
1951,2047
1950,1991
1947,2001
1945,2009
1945,2012
1941,1993
1941,2042
1927,2025
1931,2027
1919,2067
1914,2019
1911,1986
1912,2015
1906,2016
1899,1971
1897,1987
1911,2060
1912,1961
1928,2033
1928,2024
1916,2029
1913,2029
1932,2028
1947,2051
1953,1975
1959,2066
1970,2039
1963,1993
1984,2024
2007,2035
2004,2023
2011,1988
2024,1991
2014,2024
2014,2025
2008,2021
2003,2074
2008,2090
2000,2070
2002,2067
2002,2080
2003,2063
1995,2017
2008,2010
2008,2039
2012,2024
2008,2022
2016,2045
2014,2037
2015,2080
2016,2087
2015,2081
2014,2136
2003,2096
2005,2011
1996,2015
2007,2036
2006,2090
2011,2033
2004,2007
2000,1991
1984,2044
1984,2023
1984,2023
1979,2079
1960,2131
1943,2082
1929,2065
1919,2100
1917,2088
1907,2063
1919,2078
1917,2087
1933,2069
1944,2094
1943,2096
1952,2019
1952,2055
1964,2055
1956,2072
1952,2116
1949,2144
1939,2105
1942,2065
1939,2019
1943,2027
1946,2043
1955,2063
1968,2100
1971,2075
1991,2031
2000,2070
2009,2072
2015,2092
2030,2092
2027,2106
2033,2103
2041,1690
2045,2284
2065,2496
2076,2063
2086,2053
2099,2057
2117,1975
2121,1963
2140,2096
2143,2127
2160,2001
2171,2082
2163,2124
2180,2005
2201,2069
2201,2057
2223,1963
2223,2075
2235,2059
2253,2077
2247,2080
2260,2032
2267,2063
2275,2011
2275,2047
2277,2025
2279,2078
2284,2082
2286,2089
2280,2008
2282,2056
2280,2044
2281,2001
2271,2088
2267,2003
2251,2033
2251,2083
2252,2023
2246,2041
2231,2025
2221,2039
2213,2017
2204,2063
2198,2067
2181,2033
2171,2063
2163,2036
2163,2001
2151,2060
2145,2055
2139,2029
2132,2068
2126,2065
2112,2041
2103,2063
2095,2012
2080,2039
2072,2012
2067,2071
2054,2023
2053,2024
2040,2029
2032,2027
2025,2032
2023,2039
2019,2039
2025,2039
2020,2055
2003,2038
2027,2003
2028,2008
2029,2017
2027,2035
2039,2019
2044,2024
2053,2035
2053,2033
2065,2016
2055,2021
2068,2001
2071,1995
2080,2005
2085,2027
2092,2019
2096,2024
2103,1993
2108,1999
2123,2020
2122,2037
2129,2036
2133,2028
2131,2015
2146,2019
2146,2052
2143,2011
2151,1987
2156,2003
2156,2025
2157,2005
2158,2032
2173,2033
2170,2030
2167,2012
2168,2015
2158,2022
2148,2040
2156,1992
2156,2068
2137,2033
2139,2015
2135,2026
2125,1997
2119,2064
2118,2034
2107,2008
2103,2039
2104,2036
2096,2025
2069,2023
2080,2027
2065,2053
2053,2031
2048,2057
2035,2029
2028,2021
2016,2051
2001,2047
1995,2037
1980,2061
1972,2060
1959,2019
1961,2059
1943,2082
1938,2065
1926,2005
1923,2057
1909,2055
1910,2070
1899,2045
1894,2043
1887,2036
1877,2056
1876,2076
1869,2063
1867,2077
1851,2019
1865,2081
1869,2076
1867,2084
1861,2088
1868,2063
1872,2023
1872,2059
1877,2081
1883,2041
1891,2072
1900,2063
1911,2058
1914,2023
1928,2080
1918,2041
1947,2059
1949,2041
1960,2033
1963,2040
1968,2063
1986,2088
1995,2076
2003,2063
2013,2037
2025,2017
2032,2063
2035,2085
2063,2017
2071,2108
2088,2069
2097,2067
2107,2040
2117,2070
2136,2069
2156,2075
2186,2048
2193,2057
2203,2020
2208,2057
2213,2009
2221,2075
2221,2104
2231,2072
2227,2088
2253,2109
2247,2071
2259,2063
2259,2029
2265,2075
2260,2031
2271,2007
2275,2023
2269,2016
2259,2040
2271,2053
2267,2071
2264,2067
2250,2102
2252,2120
2232,2071
2231,2039
2231,2001
2232,2035
2221,2069
2214,2072
2204,2038
2193,1996
2188,2048
2172,2015
2164,2072
2155,2068
2127,2108
2114,2089
2104,2080
2090,2063
2084,2011
2073,2022
2066,2007
2063,2036
2063,2055
2055,2063
2057,2046
2044,2021
2054,2056
2052,2063
2042,2063
2036,2077
2021,2092
2029,2042
2021,2077
2021,2028
2024,2020
2025,2019
2030,2027
2029,2028
2032,2048
2032,2019
2040,2057
2041,2021
2054,2060
2053,2067
2045,2039
2048,2039
2063,2039
2072,2068
2043,2017
2076,2016
2079,1996
2088,2039
2089,2005
2088,2021
2080,2034
2097,2008
2095,2020
2096,2003
2107,2035
2115,1991
2115,2063
2112,2020
2120,2027
2120,2027
2125,2048
2120,2011
2116,2016
2128,1981
2124,1999
2124,2040
2125,2033
2124,2042
2125,2040
2124,2028
2121,2027
2119,2041
2109,2037
2114,1995
2109,2048
2100,2034
2089,1997
2090,2048
2069,2059
2072,2035
2063,2072
2039,2020
2034,2043
2027,2007
2019,2028
2010,2005
2009,2032
2008,2044
1991,2040
1987,2027
1981,2053
1975,1991
1968,2030
1943,2047
1945,2044
1944,2062
1932,2043
1928,2036
1927,2056
1907,2048
1907,2028
1895,2044
1897,2037
1885,2028
1889,2045
1888,2060
1888,2071
1885,2096
1882,2080
1887,2073
1877,2011
1879,2056
1883,2048
1877,2064
1893,2062
1896,2079
1893,2009
1905,2041
1908,2047
1911,2058
1924,2063
1928,2017
1931,2068
1936,2030
1939,2068
1949,2011
1959,2072
1957,2066
1964,2054
1976,2080
1977,2091
1980,2052
1988,2055
1998,2074
2001,2065
2011,2022
2019,2065
2027,2055
2040,2051
2043,2011
2053,2024
2040,2031
2079,2063
2088,2060
2089,2025
2090,2039
2099,2056
2103,2069
2100,2071
2107,2045
2115,2076
2108,2039
2115,2015
2124,2067
2128,2039
2116,2023
2119,2029
2131,2041
2128,2072
2128,2073
2128,2081
2129,2048
2127,1981
2125,2152
2121,2131
2115,2091
2103,2065
2101,2068
2095,2071
2089,2057
2087,2095
2080,2089
2075,2029
2069,2033
2068,2052
2063,2031
2037,2072
2035,2041
2032,2023
2015,2071
2007,2063
2005,2057
1996,2009
1984,2067
1983,2034
1987,2040
1976,2035
1963,2063
1956,2027
1960,2065
1963,2072
1959,2063
1957,2063
1947,2053
1955,2078
1943,2075
1949,2069
1952,2023
1957,2029
1956,2021
1963,2023
1967,2046
1961,2066
1976,2015
1979,2043
1981,2071
2005,2063
2011,2080
2027,2063
2023,2063
2040,2021
2058,2036
2063,2063
2080,2055
2081,2025
2097,2060
2123,2043
2135,2057
2145,2074
2160,2080
2176,2041
2188,2027
2203,2023
2221,2044
2232,2057
2245,2043
2257,2003
2271,2059
2285,2054
2297,2059
2295,2028
2312,2071
2312,2057
2327,2036
2335,2048
2331,2043
2344,2080
2343,2053
2342,2039
2345,2056
2345,2056
2348,2024
2336,2048
2331,2044
2326,2038
2323,2055
2311,2043
2289,2035
2296,2047
2287,2063
2271,2048
2259,2029
2255,2055
2236,2059
2221,2003
2215,2021
2204,2036
2192,2025
2176,2066
2167,2072
2149,2057
2129,2043
2129,2015
2103,2041
2091,1992
2087,2051
2082,2039
2073,2063
2069,2025
2056,2019
2037,2009
2028,2029
2024,2065
2019,2036
2024,2066
2023,2021
2012,2019
2015,2079
2010,2052
2005,2072
2006,2001
2011,2063
2011,2045
2015,2083
2019,2044
2021,2045
2031,2024
2028,1993
2035,1994
2040,2026
2042,2063
2048,2036
2053,2001
2053,2025
2063,2032
2069,2035
2070,2005
2079,2079
2088,2011
2091,2013
2103,2024
2100,2026
2105,2014
2112,2034
2109,2015
2116,2023
2124,2033
2134,2069
2123,2001
2133,2035
2137,2022
2141,2040
2148,2032
2153,2025
2154,2008
2151,2001
2154,2021
2145,2024
2139,2024
2139,2028
2148,1999
2144,2032
2135,1971
2124,1977
2121,2020
2121,2020
2117,2009
2106,1991
2103,2021
2088,2043
2073,2027
2067,2015
2066,2038
2056,2072
2036,2025
2025,2037
2009,2015
2009,2007
1996,2008
1991,2057
1990,2037
1968,2035
1968,2020
1953,1996
1943,2042
1929,2073
1917,1997
1906,2044
1901,2019
1899,2003
1891,2040
1892,2055
1887,2040
1873,2074
1872,2019
1876,2042
1867,2077
1864,2023
1859,2072
1853,2063
1871,2054
1879,2004
1871,2061
1875,2027
1863,2068
1879,2069
1879,2038
1885,2056
1884,2061
1892,2063
1896,2069
1902,2005
1912,2068
1915,2076
1917,2073
1931,2017
1943,2046
1945,2030
1951,2023
1959,2015
1965,2076
1980,2069
1995,2058
1993,2041
2005,2027
2021,2011
2019,2074
2028,2039
2040,2079
2042,2019
2063,2068
2069,2071
2068,2055
2077,2023
2085,2033
2096,2021
2095,2029
2107,2053
2120,2066
2126,2079
2135,2053
2131,2027
2133,2080
2145,2063
2159,2036
2155,2063
2160,2044
2157,2068
2155,2063
2156,2068
2155,2023
2149,2029
2167,2093
2150,2055
2149,2073
2146,2068
2144,2079
2139,2066
2131,2040
2127,2065
2130,2065
2125,2077
2123,2073
2123,2029
2122,2051
2116,2063
2103,2079
2100,2063
2097,2043
2101,2022
2091,2057
2091,2092
2080,2090
2081,2080
2073,2088
2075,2061
2069,2045
2067,2023
2066,2067
2068,2084
2054,2075
2055,2079
2063,2056
2057,2072
2055,2037
2057,2063
2067,2041
2063,2068
2065,2038
2071,2077
2076,2057
2073,2063
2081,2045
2083,2080
2096,2056
2108,2060
2106,2072
2124,2023
2119,2068
2137,2056
2135,2084
2151,2074
2159,2068
2167,2040
2167,2026
2169,2040
2184,2061
2188,2019
2201,2044
2213,2039
2208,2044
2205,2055
2219,2071
2223,2064
2221,2029
2221,2042
2221,2079
2232,2040
2229,2045
2235,2033
2245,2056
2251,2021
2248,2044
2245,2070
2247,2060
2248,2058
2245,1975
2231,2017
2235,2056
2233,2033
2231,2028
2227,2007
2221,2045
2224,2073
2216,2068
2207,2051
2200,2007
2191,2007
2181,2011
2182,2015
2163,2041
2168,2063
2154,2011
2144,2060
2134,2025
2126,1986
2119,2033
2115,2019
2097,1995
2087,2017
2079,2039
2067,2015
2059,2024
2043,2015
2044,2060
2032,2080
2027,2038
2011,1997
2007,2066
2006,2047
1996,2039
1984,2055
1978,2011
1976,2007
1967,1988
1960,2040
1952,2039
1956,2011
1946,2003
1937,2025
1944,2053
1945,2022
1938,2058
1944,2009
1943,2033
1933,1989
1945,2073
1939,2024
1947,1989
1941,2047
1949,2024
1955,2070
1960,2044
1966,2060
1966,2029
1963,2009
1973,2039
1974,2028
1987,2047
1996,2011
2003,2026
2012,2007
2016,2063
2029,2027
2035,2038
2041,2034
2045,2025
2065,1991
2063,2019
2081,1989
2082,2062
2080,2017
2088,2025
2102,2017
2106,2059
2117,2010
2120,2027
2119,2058
2120,2037
2124,2060
2117,2032
2133,2019
2121,2035
2132,2043
2125,2048
2117,2015
2112,2075
2109,2019
2101,2042
2096,2044
2085,2023
2075,2036
2067,2017
2068,2070
2048,2024
2040,2071
2033,2030
2015,2025
1995,2025
1993,2028
1975,2025
1964,2036
1953,2057
1947,2072
1933,2032
1917,2023
1913,2043
1910,2019
1900,2081
1901,2063
1879,2046
1876,2003
1870,2072
1867,2019
1850,2019
1855,2072
1845,2040
1844,2021
1837,2047
1832,2071
1837,2065
1831,2070
1831,2063
1841,2058
1838,2059
1840,2054
1847,2015
1835,2063
1843,2056
1843,2024
1847,2072
1854,2034
1863,2069
1874,2011
1867,2023
1882,2068
1887,1999
1897,2048
1899,2074
1904,2056
1921,2064
1928,2033
1932,2063
1936,2083
1939,2065
1953,2068
1962,2077
1971,2063
1974,2053
1981,2044
1993,2058
2001,2055
2021,2035
2015,2053
2032,2076
2031,2041
2063,2072
2066,2040
2066,2012
2089,2063
2102,2011
2112,2046
2107,2072
2128,2068
2132,2088
2142,2017
2139,2046
2150,2067
2159,2043
2158,2063
2164,2029
2157,2015
2155,2039
2167,2005
2170,2081
2171,2023
2155,2043
2164,2059
2161,2067
2151,2023
2157,2072
2154,2063
2147,2072
2144,2063
2143,2080
2139,2094
2133,2077
2123,2071
2112,2075
2105,2087
2103,2058
2093,2093
2087,2071
2075,2031
2073,2077
2064,2099
2054,2086
2029,2035
2027,2072
2032,2069
2024,2048
2007,2025
2008,2074
2008,2071
2008,2080
2007,2071
2004,2091
2010,2036
2006,2115
2007,2085
2013,2068
2007,2024
2014,2054
2024,2072
2028,2080
2024,2041
2039,2033
2043,2040
2063,2084
2072,2057
2080,2027
2087,2079
2091,2063
2103,2055
2123,2027
2140,2073
2145,2040
2141,2065
2169,2073
2186,2027
2195,2071
2212,2076
2211,2039
2228,2033
2240,2060
2255,2029
2274,2019
2271,2071
2284,2020
2287,2045
2295,2028
2302,2041
2312,2040
2319,2059
2315,2023
2319,2063
2329,2068
2325,2033
2333,2023
2331,2063
2331,2009
2317,2071
2325,2036
2321,2035
2317,2042
2309,2032
2300,1995
2288,2035
2284,2056
2272,2071
2257,2043
2249,2007
2235,2039
2227,2044
2217,2071
2195,2035
2196,2051
2175,2026
2163,2027
2143,2027
2135,2056
2116,2023
2109,2033
2093,2035
2087,2029
2065,2063
2068,2064
2044,2071
2031,2015
2015,2009
2011,2019
2001,2046
1993,2001
1975,2064
1963,2035
1944,2005
1946,2005
1936,2010
1925,2040
1916,2029
1919,2019
1894,2005
1899,2032
1896,2032
1890,2045
1884,2056
1873,2039
1879,2036
1876,1981
1880,2040
1872,2026
1877,2056
1878,2012
1882,2017
1879,2024
1885,2011
1883,2056
1889,2021
1889,2016
1896,2030
1901,2008
1905,2027
1896,2027
1907,2005
1915,2040
1921,2037
1927,2044
1936,1999
1931,2005
1933,2063
1948,2068
1953,2028
1953,2024
1966,2027
1973,2017
1976,2025
1984,2008
1994,2057
2001,2021
2004,2022
2015,2005
2010,2060
2019,2039
2022,2030
2017,2011
2030,2032
2027,2005
2030,2023
2035,2055
2030,2062
2027,2063
2032,2001
2033,2039
2030,2056
2025,2033
2019,2023
2027,2028
2017,2045
2024,2054
2011,2041
2012,2048
2010,2019
2008,2030
1993,2075
1998,2021
1997,2013
1988,2037
1986,2023
1975,2037
