2071
2010
2027
2035
1997
2055
1993
2102
2045
2040
2057
2063
2055
1981
1979
2007
1979
2057
2010
1997
2056
1989
1939
1978
2009
2047
2069
2037
2079
2011
1969
1990
1977
2055
2073
1953
2076
2003
2067
1999
2019
2045
1981
2053
2083
1997
2063
2025
2099
2019
1957
2026
2009
1995
2053
2060
2087
2015
1991
2013
2108
2032
2070
2005
1961
2007
2067
1989
2063
1972
2035
2041
2048
1978
2067
1987
2071
1962
2075
2053
1978
2005
1960
2057
2011
2017
1979
2075
1972
2031
1955
1995
1997
2083
1975
2003
2067
1972
2036
2043
2043
2037
2005
2013
2033
2027
2055
1965
1995
2009
2070
1979
1959
1966
1965
2032
2106
1995
1965
2077
2054
2039
2044
1991
1999
1992
2059
2043
2015
2041
2007
2052
2075
2025
1989
2044
2013
1959
2065
2040
2066
2021
2087
2069
2056
2040
2023
2023
1973
2063
2048
2068
1997
2074
1988
1977
2032
2011
2043
2005
2074
2055
2001
2083
2044
2038
1963
1996
1981
2056
1993
2063
2016
2060
2008
2011
2041
2007
1977
2024
2060
1989
2029
2029
2063
2067
2057
1977
2048
1995
2072
2085
1994
2071
2081
2032
2068
1979
2083
1955
2092
2072
2056
1980
2003
2071
2042
2059
1971
2073
2085
2035
2067
1987
2072
1989
2023
1965
2044
2053
2065
1977
2090
2108
1993
2023
2006
2021
2056
2046
2060
2032
2013
2064
2054
2068
1975
1987
2019
2055
2067
2033
1979
2089
1966
2056
2019
1980
1965
2086
2035
2071
1975
2035
2071
1959
2053
2007
2004
1963
2023
2081
2079
1993
1991
2011
2032
2079
2006
2047
2031
2025
2045
2029
2065
1979
1995
1975
2043
2031
2005
2043
1994
2039
2041
2033
2053
2055
2021
2083
1991
1987
2058
2067
2011
2063
2002
1977
1969
2011
2032
1992
1995
2064
2027
2037
2092
1981
2057
1990
2075
1981
2021
1949
2076
2063
2107
2025
2088
2017
1996
2044
2104
1992
2068
2005
2005
2023
2056
2029
2087
1993
2055
2011
1999
2089
2067
2048
2072
1977
2072
1999
2041
1979
2072
2053
2045
2055
2083
2007
1946
2037
1944
2094
2099
1995
2021
2059
2003
2021
2071
2029
2013
2038
1975
2086
1993
2048
2120
2071
1976
2025
2057
1998
1956
1991
2053
2084
1978
1975
2085
1971
2066
2063
2071
2005
2065
2063
2056
1981
2057
2001
2053
1997
1993
2072
2048
2016
2016
2011
2072
1973
2053
2030
2035
2021
1981
2007
1987
2007
2022
2003
1989
2027
1983
2030
1950
2083
2048
2060
2059
2086
1993
2067
2037
1972
2009
2019
2060
1962
2042
2039
2045
1997
1957
2001
1992
2064
2086
1977
2007
1963
2063
2044
1976
2007
2047
2072
2103
2043
1981
2038
2007
1995
2003
2005
2065
2072
2068
2103
1987
2063
2040
2065
2060
1965
2023
1995
2040
2041
2067
2009
2035
2005
2081
2040
2094
2037
2063
1999
2116
1989
2067
1991
1981
1959
2017
2043
2094
2089
1997
2073
2072
2015
2003
1980
1997
2045
2035
2076
2032
2026
2035
2063
2003
2017
2037
2024
2024
2025
2078
2094
2047
1993
2071
2017
2037
2030
1987
2035
1989
1997
1979
1989
2088
1991
2058
2004
2101
2093
2059
1981
2083
2017
2007
1979
1937
2021
1973
2072
1989
1995
2060
2045
2017
1992
2088
2008
1987
2082
2024
2067
2040
2035
2091
1975
2071
1981
1991
1987
2003
2032
1973
2027
2030
2053
2063
2063
2071
2063
1995
2034
1989
1977
2055
2040
1987
2011
1988
1975
2073
2069
1979
2039
2088
1989
2071
2037
2047
2077
1999
2057
2015
1960
2046
2035
2075
2042
2011
2024
2048
2008
2090
2086
2042
2024
2099
2009
2025
1996
1989
1995
2091
2007
2067
2052
1949
2087
2028
2059
2048
1991
2007
2073
2002
2005
2044
1977
1977
1963
2071
1995
2040
2061
2078
2008
1995
2011
2085
1989
1993
2072
2055
2037
2072
2025
1996
2023
2013
2022
2001
1950
2063
2068
1975
2023
2099
1979
2085
2042
2075
2034
1977
2000
2031
2001
2071
2091
2079
1979
2063
2068
1998
1995
2068
1991
2005
2045
2079
1971
2060
2018
2035
1995
2055
2003
1991
2076
2106
2037
1961
2007
2041
2048
2038
2027
1990
2073
1975
2033
2041
2011
1979
2024
2071
2023
1977
2032
1983
1984
2069
1993
1981
2041
1977
2080
2007
2082
2039
1953
1981
2048
2044
1995
2025
2071
1963
2037
2067
2023
2042
2024
2039
2082
2042
1995
2024
1993
2072
2008
1971
1969
2009
2074
2009
1999
1997
2077
2077
2038
2004
1993
1981
1973
1981
2059
1989
2089
2053
1979
2068
1995
2057
2041
2099
2021
2075
2066
1976
2042
1963
2087
2001
2001
2053
2011
2032
2005
2076
2019
1991
2019
2091
2059
2017
2089
2073
2013
2055
2024
1971
2071
1956
2071
1969
2027
1955
2073
1989
1995
2043
2041
2031
2063
2068
1993
2071
2085
2056
2071
2007
2004
2005
2025
2023
2039
2001
1989
2030
2037
2003
2007
2030
2077
2091
2032
1989
2048
2011
2005
2031
1983
2092
2073
2008
2016
2087
2008
2103
2015
1981
2085
1971
2083
2066
1989
2046
2091
2003
2002
2023
2072
2032
1955
2032
2043
2029
1978
1961
2001
2058
2021
2072
2070
2043
2035
2047
2003
2076
1991
1959
2072
2045
1995
2020
1987
1981
1965
1987
2063
2027
2029
2009
1977
2001
2073
2001
2080
2059
2057
2072
2012
2057
2021
2048
2000
2011
1990
2107
2041
2036
1971
2045
2024
1965
2013
2032
2044
2017
1987
2071
1963
2067
2083
2063
2074
2002
2068
1979
2056
1975
1971
2041
2003
2041
2015
2057
2019
2068
2064
2071
2065
1955
2035
2065
2005
1976
2075
2073
2075
2093
1983
1997
2063
2015
2073
1991
2032
2005
2081
2045
1970
2043
2046
2024
2045
1993
2003
2088
2063
2069
2075
2065
2030
1982
2057
2017
2013
2000
1995
1997
2072
2027
1993
1977
2039
2059
2019
2029
2027
1981
2027
2080
2090
2021
2077
1965
1995
2042
2065
1988
2053
2023
2060
1975
2030
2009
2033
1975
1980
1991
2058
2011
1979
2065
2041
2041
1990
2040
1991
2057
2013
1955
1955
2083
2063
2013
2011
1973
1974
1981
2063
2044
2069
2095
2032
2005
2031
2028
1976
2007
2077
2029
2069
1959
2075
2030
1997
1997
2009
1977
2005
2080
2069
2044
1995
2063
2019
2069
2012
1981
2081
1993
1977
2055
2043
2039
1981
2075
1993
2047
2031
1997
2067
1977
2027
2040
2075
2045
1993
2067
2103
2057
1967
2087
1978
2035
1980
2024
2058
2037
2017
2075
2088
2079
1979
1995
1993
1978
2069
2055
2031
2077
2078
2129
2034
2055
2013
2042
2066
1989
2054
1989
1975
2056
2072
1984
2040
1999
1995
2053
2014
2078
2063
2000
2040
1991
2071
1995
1995
2019
2003
2086
2088
2083
2100
2038
2047
2067
2056
1966
1975
2064
2068
1998
2033
2063
2017
2039
2040
1997
2059
2003
1993
2009
2073
2024
1991
2077
2102
1955
2047
1979
2095
1977
1987
2071
1965
1963
2033
2048
1978
1996
2057
2041
2088
2072
2037
1981
2065
1978
2094
1967
2003
1971
1988
2072
2032
2063
2028
1977
2068
1993
2072
1995
2060
2013
2054
2058
1997
1959
2051
2019
2063
1979
1993
2044
1982
2070
2048
2054
1963
2063
2060
2041
1983
2027
1991
1957
2063
2063
2003
2035
1987
1995
1977
2063
2063
2116
2003
2079
2005
2030
1979
2071
2089
2063
2032
2058
2064
2033
2005
2053
2039
1997
2063
1995
2083
2063
2063
2037
2059
1961
2064
2008
2047
2009
2095
1949
2005
2010
2041
2043
1954
2056
2063
2043
1973
2071
2037
2055
1957
2063
2094
2072
2039
1981
1995
2066
2066
2009
1992
2083
2010
2003
2011
1981
2041
2016
2073
2066
2010
2092
2070
1989
2054
2068
2027
2024
1979
2024
2066
2024
2025
1993
2083
2057
2037
2091
2083
2027
2048
2053
1999
1975
2039
1993
2005
2094
2072
2027
1995
1992
2011
1973
1965
2024
2065
1963
2059
2013
2089
2065
2019
2039
2023
2066
2012
2059
2006
2074
2111
2055
1991
2009
2001
1987
2030
2011
2044
2068
1991
2010
2039
1949
2059
2006
2091
2019
2008
2032
2065
1979
2078
1995
2011
2077
2011
2072
1961
2019
2063
2043
2088
2035
1983
1992
2027
2044
1980
1989
2071
2080
2053
1989
2059
2002
2011
2039
2004
2099
1965
2059
2033
2027
2048
1999
2035
1989
2031
2077
2044
2003
2011
2075
2029
2063
2048
1970
2003
1961
2035
2066
1959
2012
2055
2039
2085
2054
2032
2024
2029
2019
2015
2071
1987
2077
2076
2071
2011
1999
2009
1980
2031
2007
1999
2059
2001
2036
1977
2072
2020
2027
2056
1977
2063
1991
2047
2004
2029
1959
2032
1975
2028
1997
1993
2026
2083
2053
2027
2063
2047
1973
2011
1993
2046
2054
1996
2053
1973
2079
1981
2043
2075
2040
2044
2005
2009
2021
2063
2051
2043
1951
2069
1987
2071
1976
2023
2031
2056
2069
2036
2048
2077
2073
1995
2011
2074
1979
2029
2031
2071
1959
1967
2080
2003
2023
2067
2058
2014
2077
2047
1965
2043
2043
2041
2059
2009
2043
2053
1988
2044
2059
2034
2039
2068
1943
2071
2036
2082
1959
2071
2077
1977
2031
2043
1977
2044
1963
1989
2027
2063
2027
1996
2088
2092
2011
2101
1993
1987
2063
2085
2029
2008
2065
2073
2043
2044
1995
2043
2035
1993
2019
2074
2012
2044
2031
2005
2073
2040
2053
2027
2055
2063
2021
2099
2035
2071
2024
2015
1977
2075
1989
2016
2021
2059
2025
1977
2022
2075
2104
1965
2063
2056
2073
1981
2068
2063
2043
1989
2085
2039
2082
1981
2065
2024
2026
1981
1965
1981
2038
2013
2035
2027
2057
1991
1996
2068
1975
2059
2024
1989
2032
2081
2069
2059
1977
1993
2043
1963
2073
2048
2066
2080
2058
2081
2063
2082
2039
2054
1972
1975
1995
1999
2098
2063
2074
2025
2033
1977
2039
1972
2053
1945
2027
2043
2007
2074
2041
2011
2044
2097
1973
1960
2001
2099
1989
2063
2040
1976
2071
2029
2013
2091
1971
2057
2028
2004
1981
2063
1997
2045
2020
1979
1971
2075
1953
2024
2039
2071
2024
1943
2037
2016
2057
2041
2073
2100
2077
2065
2035
2091
1995
1991
2083
2032
2053
2009
2037
1971
2013
2076
2106
2037
1983
2066
1995
2016
2013
1981
2069
2027
2067
2018
2017
1963
2036
2034
1997
2029
2016
1993
2004
2057
2003
2006
2009
2056
2007
2029
2127
2065
2065
2031
2007
1963
1977
1941
1998
2072
1997
2032
2042
2047
2073
2032
2007
2017
1995
2027
2055
2009
2069
2056
1969
1997
2001
2037
2025
2097
1992
2006
2045
1951
2073
2032
2021
1933
2019
2029
1947
2040
2068
2009
2095
2108
2025
2042
1941
2048
2007
2001
2095
2039
1995
1983
2118
2007
2008
2048
1965
2031
2075
2063
2003
2043
2009
1981
2073
2026
1993
2077
2026
2022
2045
2027
2027
2027
2039
2041
2006
1955
2003
1977
2059
2009
2086
2090
2024
1989
2017
2001
1951
2031
2058
1989
1991
2076
2065
2025
2055
1989
1984
1976
2065
2099
2098
2099
2064
1965
2022
1948
2029
1943
1992
1997
2027
1990
2071
2032
1969
2001
2088
2018
2001
2074
1974
2033
2136
2003
2039
2015
1943
1953
2070
1977
2103
2007
2017
1975
2035
1963
2041
2065
2062
2085
2063
2003
2072
1997
1975
1957
2027
1963
2027
2089
2005
2135
2105
1960
1953
1942
1928
2001
2033
2024
2035
2120
2092
2122
2077
2048
1919
1929
2029
2038
2091
2025
2089
2057
1987
2073
2053
1985
2027
1959
2040
2001
2025
2023
2009
1955
2118
1993
2024
2057
1996
2085
2017
1963
2027
2057
1989
1971
1949
1973
1993
2007
2035
2073
2063
2087
2037
1991
1995
2023
1998
1963
2059
2079
2003
1915
2111
2029
2112
2148
1997
2157
1909
2063
1957
2035
1981
2020
2016
1957
2007
2039
2033
2043
1991
1955
2039
2021
2032
2055
2045
2053
2035
2095
2057
2068
1955
2027
2078
2065
2045
2001
1980
2083
2010
2011
2071
2055
2005
2020
1953
2017
2000
2036
2047
2085
2099
2027
2091
2115
2045
1987
2056
1978
1969
1975
2063
2057
2027
2023
2079
2065
2152
2037
2185
1957
2056
1993
1933
1975
1997
1976
2016
1964
2009
2024
2123
2064
2063
2065
2018
2023
2131
2078
2109
2063
2075
2036
2063
1997
2019
1949
2021
1995
1945
2092
2135
2016
2025
2025
2119
2116
1959
2167
2057
1924
2011
1907
2031
1901
1969
2041
2063
2172
1993
2115
2005
2091
1931
2053
1996
2029
2010
1974
2031
2073
1971
2027
2055
2054
2024
2021
2063
2023
2073
2104
2032
2030
1963
2011
2043
2043
2095
2035
2105
2089
2029
2080
1926
2041
1957
1992
2109
2023
2065
1931
2091
2011
2067
2140
2103
2019
2118
2019
2043
1943
1959
1928
2044
1945
2083
2045
2069
1996
2139
1961
2063
1925
1940
2047
1897
2133
2073
2033
2153
1995
2009
2071
1928
2033
2101
1927
1991
1991
2023
2076
2053
2063
1943
1983
2003
2068
2080
2041
2028
1992
2040
2035
1987
2095
2005
2104
2021
2097
1957
1894
1959
1979
1899
1948
1995
2126
1951
2072
2060
2072
2072
2027
2032
2069
2023
2075
2056
2068
1953
1933
2072
2027
2080
2076
2124
2044
2006
2069
2048
1957
2019
1975
2017
1981
2027
1991
2057
2013
2076
2053
2099
2096
2080
2053
1977
2005
1933
2044
2007
1987
2088
2033
2131
2063
2029
2063
1989
2008
1897
2109
1972
2080
1977
2029
2047
2137
2048
1971
2066
1963
2035
1964
2092
1943
2025
1982
2042
2153
2023
2070
1963
2063
1980
2040
1945
2063
2012
2043
1977
2031
2006
2117
2018
2001
1997
2003
2023
2064
2041
1973
2055
2051
2010
2117
2068
2044
1979
2024
1902
1967
1973
2057
2041
1990
2096
2129
2043
2043
2085
1970
1971
1989
2059
1976
2083
1979
2065
1967
2006
2053
2055
1949
2074
2009
2080
2035
2120
2005
2115
2016
2058
2087
2027
1949
1991
2066
1989
1968
1973
2020
2027
2063
1947
2123
1911
2075
1993
2035
2063
2067
2095
1995
2057
2032
2073
2067
2063
2075
2109
1971
2123
2044
1944
2009
1948
2057
1965
1947
1992
2116
2044
2070
2101
2140
2137
1977
1999
1998
2042
1939
2161
2053
2084
1963
2099
1943
1971
2099
1910
2005
2047
2056
2157
1989
2141
1966
2001
2035
2011
2001
1988
2086
2016
2071
2079
2067
2103
2056
2019
1992
2126
1967
2011
2007
1967
2016
2043
2005
2004
2092
1965
2065
2095
2019
2029
2024
1981
1945
1925
2025
2067
2089
2105
2150
2073
1976
2069
2030
2072
1991
2087
1989
2006
1915
1960
2092
2058
2075
1965
2069
2040
2019
1995
2124
2025
1915
2067
2027
2037
2025
1963
2146
1947
2137
2039
2075
2067
1981
2027
2074
2087
1979
1966
2023
1982
2024
2058
1995
2024
2001
1916
2023
1977
2120
1998
2095
2092
1951
2056
1910
2077
1995
2071
2056
2136
2021
2035
2144
2085
2069
1933
2035
1899
1979
1895
2009
2070
2043
2013
2069
2018
2031
2058
2063
2015
1960
2038
2031
2103
1975
2123
2027
2146
1960
2072
1913
2071
1939
2055
2065
1997
2073
2070
2003
2057
1949
2104
2010
2039
2023
2008
2091
2048
2069
2125
2108
2092
1981
2045
1908
1979
1975
1981
1990
2024
1965
2155
2055
2097
2108
2018
2083
1975
1931
1945
2035
2029
2087
2017
2076
2085
2027
2076
2137
1977
1939
1942
1998
1963
1977
2003
2008
1984
1967
1972
2071
2104
2072
2203
2095
2200
2021
2107
1995
2118
1959
2111
1903
2040
1895
2084
1965
1965
2129
2033
2044
2040
2111
1979
2083
1920
2108
1965
2024
1957
2039
1972
2124
2117
2019
2067
2075
1959
2065
2043
2021
2063
2072
1981
2035
2031
2169
1981
2094
1943
2083
1869
2019
1929
2013
2039
2000
2071
2038
2088
2063
2151
2150
2136
1963
2025
2025
2024
1967
2057
2021
2085
1999
2019
1982
2121
1971
2025
1977
2029
2036
2070
1981
2043
1977
1999
2073
2073
2088
1991
2063
2055
1939
2032
1949
2173
2012
2146
2091
2152
1977
2112
1933
2005
1772
1899
1975
1948
2013
2025
2083
2065
2067
2120
2059
2131
1948
1993
1993
1981
1944
2112
2037
2091
2100
1991
2043
1911
2065
2035
2027
1944
1875
1926
2073
2056
2123
2095
2140
2117
2016
2032
1989
2085
2109
2007
1993
2063
2026
1979
2024
2007
2099
1917
2022
1973
2063
2080
2007
2123
1931
2132
2024
2066
1990
2006
2073
2107
2152
2069
2176
2037
1965
2051
2025
1939
2028
1983
1878
1965
1936
2088
1960
2071
2091
2104
2043
2135
2080
2099
2016
2039
2007
2103
2041
2039
2131
2017
2089
2026
1965
1950
1960
1897
1961
1864
2144
2023
2187
2123
2152
2037
2121
1973
2129
1893
2013
1976
1978
1961
2030
2104
2033
2027
1937
2238
1864
2291
1877
2225
1895
2019
1946
2045
1915
2043
2012
2078
2167
2110
2071
2063
2081
1959
1951
2039
1956
2041
2068
2111
2077
1973
1975
2077
2068
1956
1975
2057
1947
1976
2063
2029
2169
2104
2063
2012
2065
1933
2087
1978
2059
1923
2043
1895
2063
2083
2017
2146
2076
2001
2131
1969
2022
1898
2025
1931
1997
1981
2027
1976
2172
1982
2221
2099
1992
2082
2002
1909
2040
1980
2073
1995
2167
1997
2094
1967
2025
1836
2067
1919
2152
1868
2072
1963
2094
2120
2032
2101
2076
1987
2005
1995
1915
2055
2048
2093
1963
2046
2132
1993
2017
1941
1925
1991
1919
2027
1980
2085
2019
2091
2151
2041
2071
1958
1979
2013
1971
2141
2074
2023
2132
1975
2119
2104
2068
1988
2083
2019
2017
1901
2131
1973
2054
2065
1923
2033
2027
1947
2002
2100
1931
2125
1952
2185
1964
2216
1973
2184
2009
2101
2013
2062
1982
2039
1843
2167
1903
2009
2040
2103
2073
2091
2023
2063
1991
1957
1926
2040
1943
2103
1977
2011
2141
2067
2131
1995
2089
1903
2015
2063
1975
2072
2003
1946
1989
1977
2076
1971
2107
2123
1993
2167
1959
2128
1953
1949
2005
2010
1989
2144
1932
2089
2107
2031
2083
2076
2127
1977
2093
1993
2162
1931
2005
1970
2069
2083
2031
2053
2132
1951
2121
1935
1937
1947
2003
1939
2073
1963
1997
1993
2037
2111
2072
1975
2035
1965
2076
2017
2035
2141
2044
2035
2100
1967
2057
1989
2119
2010
1985
1998
2110
2033
2108
2047
2074
2053
1981
2021
1994
2071
2007
2031
1899
2024
1929
2041
2097
2005
2041
1981
2047
1979
2149
2139
2017
2151
1937
1917
2006
2087
2086
2013
2108
2011
2010
1953
1909
2125
2007
1918
2191
1981
2015
2135
1947
2121
2013
2033
1965
2067
1923
2072
2039
2043
2003
2031
2015
2075
2007
2055
2046
2073
2120
1979
2103
1969
2083
1993
2007
1965
2133
1952
1959
2035
2025
2000
2007
1882
2122
1979
2044
1989
2104
2125
1997
2075
2081
2030
2057
2058
1971
2079
1925
2048
2065
1885
2112
1998
2122
1982
2068
2004
2055
2044
2063
2020
2107
2078
2016
1999
2030
1959
2035
2017
2065
2053
2020
2100
2063
2025
2107
1981
2071
2021
2011
2092
2043
2030
1971
2077
1971
1988
2063
2053
2028
2024
2076
1930
2135
1975
1983
2067
1993
2031
2076
2066
2097
2134
2019
1967
2020
2057
1973
2067
2017
1993
1970
2083
2047
1931
2027
1963
2033
2041
2023
2037
1993
2027
2077
2044
2033
1987
2022
1995
2063
2064
2035
1966
1945
2043
2001
2136
1979
2195
1995
1939
2075
1981
1915
2027
2008
1995
2009
1977
2077
2053
2125
1973
2085
1996
2059
1964
2024
1988
2094
2108
2096
1967
2019
2079
2070
2005
1997
2055
2016
2022
2023
1993
2091
2026
2055
1995
1976
1981
2041
1993
2063
2021
2073
2063
2020
2035
2096
2077
1955
2039
1947
2063
2088
1963
2035
2040
1997
2039
2023
2048
2091
2040
2017
2003
1931
1953
2020
2019
1992
1945
2037
1955
2076
2021
2035
2151
2039
2006
1971
2007
2043
1971
2061
2012
2030
1995
2013
2079
2122
2035
1997
2065
1982
2057
1993
1981
1977
2076
2056
2040
2045
1999
2105
2081
2055
2088
1975
2052
1992
2041
2001
1969
2029
1939
2063
2023
2034
2059
2053
2136
2029
2172
2023
1995
1947
2008
2133
1976
2025
2035
2009
2008
2088
2008
2149
2028
2099
1953
2003
1981
2071
2025
2099
2069
1991
2047
2003
2024
2063
2057
2009
1979
1993
2008
2032
1997
2059
2008
2063
2063
2027
1971
2028
1963
1967
2040
2066
1991
2087
2073
2053
1997
2021
1976
2021
1969
2077
1969
2033
1940
2055
2056
2043
2028
2001
2023
2018
1979
2030
2013
2032
2029
2075
2157
2000
2093
1937
2044
1947
2083
2036
2044
2076
2028
2082
2081
2041
2055
2003
2083
1969
2041
2040
1977
2043
2077
2031
1938
2063
2031
2059
1983
2061
1979
1975
1995
2086
2060
2025
1995
2079
1973
2005
2039
2023
2009
2097
2017
2041
2023
2122
2059
2017
2126
2029
2075
2003
2003
1960
2068
2039
2003
2122
2044
2055
2011
1982
2071
1995
2084
1993
2063
2040
1999
2055
1993
2060
2019
1971
2014
2032
2080
2003
1957
2043
1989
2071
2077
1999
2048
2008
1981
2041
2044
2072
1971
1959
2056
1943
2063
2037
2013
2029
2101
2081
2041
1979
1991
2013
1973
2039
2029
2055
2066
1959
2032
1971
2067
2045
2007
1973
1973
2069
2011
1987
1959
2008
1971
2073
2065
1981
1965
2091
2023
2084
2021
1974
1977
2028
2096
2055
1973
2032
1963
2000
2067
2063
2013
2074
1987
2032
2001
2063
1995
2017
2077
1981
1946
2063
2005
2073
2036
2030
2021
2065
2023
2023
2071
2025
2029
1983
2040
2048
2021
2027
2064
2016
2075
2015
1963
1973
1948
2075
2031
2027
2038
2056
2009
2080
2029
2023
2070
2041
2039
2028
1961
2065
2036
2074
2063
2023
2089
1995
1989
2017
2037
2058
2009
2007
1987
2078
2055
2011
2079
2005
2074
2005
1981
2032
2080
2022
2083
2012
2032
2029
1972
2039
2043
1979
2032
2005
2029
2001
1998
2031
2063
2066
2057
2072
2044
2019
1981
2032
2063
1982
1975
2061
2063
2047
2068
2055
2040
1969
2067
1989
2054
1975
2063
2079
2071
2091
2053
1971
2072
2043
2065
2011
2012
2024
2087
1989
2075
2042
1962
2045
1995
2037
2005
1990
1973
2003
2077
1993
2055
2088
2031
2077
1973
2052
1993
2063
2005
2041
2004
1995
2063
2063
1977
2068
1991
1989
2075
2027
2090
1983
1994
2053
2011
2037
2069
1967
2056
2029
2035
2105
2104
2007
2034
2032
2025
1979
2048
2001
2090
2003
2011
2027
1991
2063
1987
2016
1971
1965
2073
2068
2017
2003
2001
2029
2040
2033
2037
2039
2001
1982
2073
2036
2071
2053
2013
2015
1983
2076
2088
2063
1971
2005
2071
1965
2010
2029
2037
2104
2031
2004
1951
2039
2044
1961
1994
2055
2040
1947
2019
1987
2060
2013
2061
1983
2052
2109
2043
2028
2072
2040
1973
1989
2007
2077
2069
2009
2045
2027
2072
2011
1967
2073
2042
2041
2030
2063
2017
2081
2035
2063
2075
2073
2069
2100
1959
2040
2073
2024
1989
2047
2001
2098
1976
2072
2009
1955
2041
2036
2085
1973
2053
2011
2017
2005
1958
2065
2007
2032
2053
2063
1961
2061
2013
2046
2038
2054
1992
2015
2019
1979
1996
2056
1977
2003
2058
2027
1989
2079
2063
2065
2035
2003
2072
2047
2039
2031
2003
2053
2053
2072
1972
2030
1992
2091
2043
2032
1966
2027
2073
2048
1981
2037
2039
2040
1979
1972
2089
1987
2047
2012
2038
1981
2072
1975
2021
1989
2101
2066
1997
2025
2015
2021
2029
2073
2027
2063
2021
2005
2039
2024
1969
2076
2053
2031
2005
2055
1991
2038
2030
1995
2042
2003
2063
2124
2077
2001
2016
2024
2001
2001
2008
1979
1988
2089
2066
1989
2029
2081
2015
1997
2101
1992
2072
2063
2003
2021
2075
1956
2067
2003
1993
1992
1949
1989
1995
2007
2048
1991
2063
2059
2083
2040
2071
2015
2045
2007
2041
2011
2067
1991
2033
2056
1976
1995
1970
2067
2069
2011
2016
1987
2059
2039
2075
2032
1998
2060
1975
2084
1989
2053
2028
1980
2047
2007
2015
1966
2018
2077
2013
2075
2025
2051
2095
2096
2056
2087
2021
2078
2045
2079
1983
2009
1960
2012
2071
2032
1997
2019
2005
2048
2068
2115
1989
1997
1992
2073
1996
2014
1993
2063
2043
2059
2011
2027
1991
2081
2064
2024
2040
2001
2087
2021
2056
2067
2053
2015
2019
2003
2063
2077
2007
2096
2007
2085
1972
1971
2053
1987
2038
2042
2085
1992
1989
2083
2071
1997
1971
2031
2011
2028
2001
2076
2058
2085
2082
2057
2031
1997
2001
1955
2068
2027
2071
2077
2069
2038
1977
1988
2034
2001
2035
2011
2077
1998
2073
1997
2075
1967
2075
2090
2045
1997
2067
2074
2007
2003
2069
2024
2069
2048
1969
2053
2021
2030
1998
2009
1992
1976
2013
1973
2073
2037
2045
2017
1949
2025
2078
2063
2035
2072
1984
2025
1973
1973
2040
2003
2077
2010
2024
1989
1963
1975
1971
1994
2016
2068
2068
2044
2044
2031
2031
1979
2043
2055
2086
2011
2065
1997
2034
2045
2004
2041
1960
1969
1977
2009
2013
2101
2035
2037
2001
2076
2025
2068
1997
1969
2017
2041
1941
2003
2072
2051
2029
2095
1960
2088
2071
2018
2003
2063
2065
2037
2084
1962
2063
1965
1989
2052
1981
2012
2003
2075
1980
1993
1972
1991
2029
2037
2067
1993
1959
1975
2086
1993
2059
2002
2059
2015
1969
2001
2008
2071
1993
2021
1988
2025
1977
1980
2029
2065
2027
1995
2044
2073
1984
1975
1953
1966
2079
2075
2076
1975
2060
1973
2056
2007
2003
2072
2069
2041
2027
2012
2039
2021
2043
2009
2032
2044
1995
2068
1973
2048
2011
2047
2013
2080
2006
2005
2029
1975
2027
2019
2063
2074
2040
2041
2051
2013
1973
2057
2012
1987
2011
1992
1975
2073
2041
2048
1979
2085
2008
2075
1971
2058
2063
1981
2038
2053
2054
2056
2065
1979
2085
2011
1989
1989
2041
2063
1958
2007
2069
2001
2002
2063
2030
2005
1929
1992
2040
2047
1955
1939
2041
2040
2029
1993
2048
2115
2055
2016
2009
2068
2068
1989
2046
2039
2024
2005
2023
1963
2074
2079
2057
1971
2023
2028
2085
2047
1999
1993
2067
2039
2068
2067
2067
2073
2063
2085
1973
2075
2009
2087
2066
1991
1949
1973
1984
1989
2044
2076
2061
2093
1995
2057
2087
1966
2040
2041
2053
2023
2026
2081
2037
2069
2066
2080
1995
2076
2027
2073
1979
2075
2072
2107
2031
2068
2023
2088
2029
2036
2053
2056
2009
2078
2001
1973
2039
1986
2029
2057
1980
2003
2077
2009
1965
2092
2016
2021
2085
2005
2037
1988
2083
1964
2043
1979
2031
1989
2063
2023
1987
1989
2055
2023
1957
2063
2059
1979
2045
2017
2031
2055
2052
2078
2081
1979
2073
2070
1993
1993
2003
2066
2072
2028
2073
2031
2059
2018
2040
2039
1955
2029
2075
2009
2016
1963
1995
2085
2018
2088
2069
2083
2043
1967
2011
2060
2054
2075
2061
2060
1945
2065
1999
2041
2040
1993
2023
2008
2085
2029
1979
2012
1964
1953
2036
1983
2073
1992
2055
2027
2053
1995
2091
2073
2072
2056
2029
1959
2003
2024
2019
2063
1972
2019
2027
1991
1999
2086
2032
1979
2009
2072
2003
2041
2048
1987
2076
2001
2004
2005
2003
2075
1993
2054
1965
2077
2089
1997
1976
2039
2075
2041
1992
1976
2055
2016
2066
2037
2063
2056
2079
2063
2033
2001
1969
2080
2005
2063
2001
1977
2077
1977
2044
2084
1979
1983
2072
2052
2021
2068
2019
1992
1991
2085
2025
2056
2028
2081
2072
2053
2057
2017
2025
2088
2063
2061
1951
2076
2008
1979
2085
1999
2052
2055
1945
2099
2041
1959
2075
2077
2071
2067
2003
1972
2084
2045
1977
2071
2081
2052
2059
2040
2029
1961
2040
1960
2095
1959
2055
1980
2001
1961
2077
2092
2021
2027
1979
1992
2083
2011
1965
1989
2024
2032
1976
2041
2013
2040
2009
1997
2005
1993
2065
1969
1978
2079
2013
2040
2063
2005
2015
1996
2024
2056
2019
2071
2043
2045
2067
2027
1989
2069
1979
1961
2013
2057
1957
1971
1981
2101
2016
2080
2066
2064
2011
2053
2015
2011
2083
2073
2041
1989
1950
1957
2001
1987
1962
2035
1979
1971
2073
2064
2007
2067
2028
2026
2031
2069
2035
2003
2033
2016
2044
2066
1982
2063
2043
2087
1961
2076
1981
2057
2018
2075
1995
1959
2041
2037
2080
2013
1979
2069
2040
2067
2059
2069
2001
2029
2009
1989
1993
2089
2064
2056
2032
2083
1993
2039
2043
2013
2037
2063
1997
2044
1987
1963
2071
2048
2048
1959
2083
2032
1995
2005
2071
2019
2031
2055
2048
2084
1982
2056
2028
2043
1989
2053
2073
2007
1991
2040
1975
2063
1975
1961
2015
2021
2067
2053
2027
1969
2011
2028
1991
1961
2044
2038
2011
2043
1973
2035
2029
2076
1991
2029
1989
2047
1989
2087
2019
2066
1980
1975
1989
2056
1961
2037
2019
2037
2047
2021
1997
2011
2057
2009
2045
2080
1988
2032
2025
2048
1983
2104
2056
2003
2076
2043
2089
2048
2053
1994
2077
2011
2063
2075
2063
2037
1992
2072
2014
2067
2016
1949
2013
2042
2031
2077
1981
2065
2020
2040
2087
1980
2095
2025
1963
2067
2008
2056
1963
2007
2042
2072
2019
1973
1991
2063
2044
2060
2099
2072
2007
2019
2023
1989
2055
2094
2043
2072
2079
2055
2040
1989
1989
2007
2012
2032
2033
2071
1947
1979
2007
2043
2063
1955
2009
2032
2089
2077
2021
2087
2013
1979
2088
1990
2037
2026
1963
2040
2034
1975
2073
2021
2045
1961
1980
2068
2063
2031
2027
2005
2031
2055
2010
1995
1993
2057
1989
2071
1995
2071
2059
1962
2039
2024
2029
2028
1944
2084
2048
2003
2043
2031
1993
2009
2062
2039
1983
1965
2085
1961
2051
2032
2086
2076
1997
2057
2076
2068
2009
2041
2024
2039
2060
1983
2040
2067
2079
2035
2048
1981
2010
2039
2040
1959
2009
2069
2035
1991
2066
1972
1965
2035
2076
2112
2048
2020
2057
1988
2024
1993
2070
2103
1982
2025
2072
2071
1995
2037
1977
2067
2009
2048
2013
2041
1961
2056
2027
1963
2064
2002
1955
2045
2066
2069
2036
2004
2009
2047
2026
2027
2043
2077
1989
2063
2101
2021
2031
2039
2031
2056
2067
2028
2069
2046
2074
2064
2033
2035
2067
1995
2038
1993
2068
2005
2035
1977
2063
2027
2007
2069
2003
2044
2063
2087
2020
1976
1997
1949
2063
2081
2027
1970
2093
1959
1975
2060
2073
2011
2073
2040
2083
1989
1979
2081
1977
2056
2043
2027
2073
2027
1983
1989
1955
2060
1961
2071
2005
2040
2015
2025
2063
2065
1981
2055
2006
2085
2003
1955
2083
2067
2063
1997
1981
2059
2043
2037
2104
1995
1991
1981
2035
1992
2078
2076
2066
2098
2009
2065
2023
2065
2063
2027
1993
2007
1991
2027
1961
1971
2099
2040
2013
2021
2015
2085
2037
2091
2010
1993
2003
2057
2043
2017
1965
2045
2060
1991
2047
2001
1977
2007
1969
2035
1958
2046
2037
2009
1973
1963
2083
1979
1989
2075
2085
2067
1993
2032
2007
2011
2057
2027
1946
2006
2025
2075
2077
1996
2039
2073
2005
1971
2041
1958
1960
2071
2009
2041
1987
2023
2040
2032
1961
2027
2057
1963
1988
2015
1965
2088
2079
2045
2039
2056
1994
2072
2027
2089
2102
2029
2073
1979
2010
1976
2023
2017
1963
1991
2007
2063
1976
2056
2017
1945
1961
2035
2058
1981
2070
2068
2022
2086
2069
2041
2032
2087
2001
1993
2011
2072
2013
2073
2063
2032
2026
1991
2069
2088
2020
2014
1975
2040
1997
2007
1995
1993
2034
2011
1992
1963
2044
2043
1967
2039
1991
2035
1981
1957
1975
2009
2055
2006
1965
2016
1989
2085
1973
2003
1975
2086
2011
2073
2088
1980
2063
2063
2003
2001
2005
1975
1989
2081
2056
2039
2007
2018
2057
2055
1989
2029
2003
2007
2073
1954
1978
2024
1965
1993
2041
2064
2007
2039
2035
2067
2024
2083
1983
1987
2051
2048
2003
2017
2016
2065
2065
2009
2011
2055
2063
2083
2055
2056
2068
1988
2065
2029
2030
2083
1988
2063
2019
2084
2018
2067
2037
2063
2020
2019
2023
1956
1993
1995
1989
1989
2055
2027
2029
2063
2001
2055
2063
1969
1979
2060
2057
2051
1989
2035
2047
1959
2001
2070
2046
2019
2042
1955
2019
2023
2017
1987
1955
2027
2071
1971
2077
1979
2078
2040
2056
2037
1976
2034
1993
2029
2031
2035
1955
1980
1958
2093
2077
2039
2099
2008
2085
2009
2084
1992
2076
2003
2077
1956
2056
2073
2003
2035
1983
2073
2036
2085
1982
2023
2007
2058
2096
2083
2035
1943
2025
2013
2056
2073
1991
2055
2040
2078
2043
2066
2003
2123
1965
2076
2060
2023
2013
1993
2001
2058
2030
1967
1929
2021
1987
2096
2055
1982
2031
2055
2057
2025
2085
1967
2044
2007
1987
2003
2024
2078
2035
2036
2066
2013
1993
2087
2027
2035
1971
1971
2029
1957
2067
1971
2035
2089
2063
1987
1995
2037
2053
2031
2087
2077
2011
2009
2077
2035
2067
1983
2028
1973
1979
1989
2077
2015
1999
2063
1955
2106
1991
2089
2019
2089
2063
1995
1959
2001
1967
1970
2029
2001
2019
2067
1956
2055
2023
2023
2019
2059
1981
2047
1955
2077
1993
2059
2047
2045
2021
2039
1995
2085
1962
2065
2019
1995
2070
2048
1955
2044
2039
1961
2031
2047
2007
2037
1993
2040
2042
2094
2030
1967
1980
1993
2063
2019
2063
2003
2032
2043
1990
2037
2013
1976
2016
2015
2063
2075
2040
2017
2036
2048
2039
2048
2014
2065
2040
1993
2010
2008
2075
1981
2080
1973
1961
2048
1975
2089
2071
2038
1987
1995
2056
2079
2012
2040
2088
2065
2007
2041
1997
2017
1997
1979
2087
1977
2078
1955
1977
1946
2063
2035
1993
2067
2002
2068
2092
1973
2093
2016
1967
2083
1999
2053
2023
2080
2056
2088
2019
2071
2072
1976
2011
1981
2077
2001
2078
2059
2013
2066
2024
2027
2086
2055
2027
2096
1992
1979
2094
2077
2038
2019
2063
2013
2041
2043
2105
2039
1989
2025
1963
2063
1977
2063
2008
2063
2048
1977
2063
1971
2023
1979
2042
2016
1963
2036
2044
2013
2047
1963
2069
2063
2031
2056
2007
2029
2021
2056
2063
2040
2085
2079
1965
2072
2040
2063
1991
2076
1975
2071
1993
2071
1991
2027
1995
2056
1993
2001
2011
1947
1960
2018
1965
2072
2040
2003
2068
2088
1976
1960
2067
1960
2079
2017
2052
2004
2074
1993
2088
2063
2032
1977
2041
2100
2085
2032
1977
2009
2069
1997
1973
2079
1956
2023
2003
2059
2003
2080
2011
2045
1969
2063
2043
2063
2031
2063
1995
1996
2003
2039
1995
1972
2007
2027
2047
1971
2072
1989
2066
1963
1995
2053
2063
2023
2068
2002
2057
1971
1991
2072
2075
2020
2005
2080
2057
2067
1977
2016
1989
2013
2023
2043
1992
2026
2048
2009
2055
1969
2067
2028
2075
2048
2038
1975
2068
2067
2019
1975
2077
2083
1997
1995
2039
2052
2023
1963
2077
1993
2063
2004
2052
2047
1995
1997
2009
2039
2048
2026
2063
2075
2003
2035
2036
2029
2085
2043
1953
2035
2035
2011
2007
2071
2089
2080
2065
2083
2022
2076
1983
2017
2047
2072
2077
2045
2071
1976
1977
2063
2039
2064
1975
2078
2091
2052
2031
1988
2044
2003
2091
2035
2063
2068
2041
2043
2075
2065
2007
2013
2036
1995
2019
2043
2072
2003
2055
1971
2041
2040
2007
2062
2091
2032
2003
2008
2088
2041
2063
1959
2039
2039
2084
1997
1982
2069
1975
1977
2063
2047
2016
2035
2067
2073
2056
1991
1960
2005
2013
2055
2001
2025
2071
2085
2009
2025
1955
2071
1973
2081
1982
2053
2019
1961
2033
2041
1995
2038
2043
2068
2056
1993
2092
2011
1973
1977
2029
2062
1989
2091
2041
2071
2001
2030
1991
2005
1969
2068
1997
2077
1993
1965
2095
2059
2048
1988
2044
2025
2089
1989
1972
1977
2088
1973
2073
2074
2115
2040
2063
2087
2016
2075
2005
1965
2040
2075
1989
2077
1975
2029
2066
1943
2025
2043
2053
1987
2025
2024
2063
2007
2012
2063
2023
2068
2022
2017
2003
2064
2016
2029
2034
2057
2069
2022
2080
1995
2067
2069
2071
1998
2005
2041
2089
2026
1977
2012
1977
2039
2101
1979
2075
2040
2055
2048
2029
2013
2038
2017
2112
2012
1969
2027
1981
2019
2024
2021
2060
1983
2065
1987
1955
2053
1981
1961
2040
1989
2007
2043
2042
2087
2011
2073
2069
2069
2039
2025
1993
2005
1977
2046
1991
2093
2071
2059
2021
1991
2032
2048
2016
2066
2087
2045
2008
2077
1981
2009
2021
2089
2019
2003
2077
2041
2072
1995
2083
2083
2071
2043
2035
1979
2044
1989
2056
2037
2057
2067
2036
2039
1967
1973
2067
1978
2063
2045
2053
1995
2057
2079
2016
2030
2075
1987
2088
2069
2011
2011
2040
2026
2085
2068
2069
1957
2075
2044
2035
1979
2083
2063
1977
1976
2015
2021
2041
2060
2089
2045
1991
1927
2030
1973
2057
2009
2067
2005
2083
2028
2067
1993
1975
1991
2096
1967
2035
2066
2003
2040
2027
2068
2012
2011
2071
2043
2037
2007
2061
2010
2071
1997
2107
2019
1971
1970
2075
2053
2068
1969
2067
1976
2041
2044
2054
2017
1971
2078
2011
2003
2054
2005
1991
2042
2009
1996
1975
2055
2085
2082
2009
2040
1997
1992
2016
2088
1988
2082
1995
2061
2087
2115
2071
2056
2023
2040
2076
1987
2009
2035
2017
2009
2021
2004
2001
2036
2015
2013
2007
1963
2024
1989
1979
1999
2041
1990
2092
2069
2091
2066
2024
2003
2028
2044
2055
2077
2063
2007
2008
2081
1987
2010
1993
2075
1989
2059
2069
2063
2055
2068
2080
2004
2073
1960
2022
2033
2007
2075
2088
2017
2073
1981
2032
1995
1995
2037
2083
2044
1999
1997
1965
2068
1965
2078
2074
2063
1971
2077
2052
2023
2056
2013
2039
2072
1993
2024
1971
2059
2043
1981
2009
1983
2023
2009
1955
1975
1997
2027
2022
2069
2067
1981
1989
2018
2076
1978
2015
2064
2004
2044
2073
1963
2068
2109
2057
2031
1972
1971
1995
1990
2067
2073
2041
2071
2093
2023
2017
2074
2029
2065
2063
2024
2055
2039
2076
2103
2009
1979
2068
1978
1944
2063
1976
2053
2012
2048
2060
2045
1997
2066
2060
2011
2024
1981
1987
2065
2071
1973
2043
2067
2031
1955
2065
2024
1996
1978
2008
2044
2016
2018
2084
1973
2065
2041
2031
1959
2075
1997
1981
2071
2035
2069
2007
2014
1999
2019
2038
2058
2041
2028
2083
2080
1981
2036
1997
2063
2080
1971
2028
2003
2018
1992
2043
2011
2074
1947
2053
1949
2072
2065
2064
1995
2042
2056
2001
1961
1979
2086
2025
2077
2001
2089
2030
2088
2008
1947
2060
2043
1976
2003
2056
2074
2040
1962
1995
2067
2021
1989
2030
1973
2057
1961
2059
2077
2081
1989
2013
2076
2071
2037
2027
2021
2044
2060
2004
1984
1993
2063
1980
2034
2039
2035
2078
1972
2080
2025
1987
2045
1991
2018
2039
2076
2027
2091
2006
2043
1972
1971
2001
2033
2011
2069
2063
2011
2109
1969
2031
2085
1991
2090
2090
2041
2032
2071
1996
2011
1995
2043
2041
2078
2040
1955
2047
2028
2021
2017
1993
2071
2040
1983
2060
2019
2007
1979
2041
1967
2065
1997
2041
2055
1977
2001
1979
2035
2069
1995
2042
2028
1981
1997
2068
1997
2078
2067
2077
1977
2064
2004
2027
2079
1961
2090
2034
1999
2012
2087
1981
2065
2041
2091
2081
2078
2076
2029
1983
2027
2034
2044
2011
2009
2031
2016
2029
1960
2003
2001
2058
2023
2013
2035
1963
2014
1981
2071
2009
2064
1991
2020
1988
2059
2059
2013
2044
2085
2074
2021
2062
2013
1971
2053
2067
1982
2059
2002
2068
1981
2056
1997
2029
2017
2058
1975
2027
2093
2063
2029
2015
2015
1979
2077
1967
2055
1976
2036
2048
1955
2023
1967
1991
1987
2089
1964
1963
2072
1989
2013
2079
1966
2063
2068
1961
2017
2053
1989
2039
2037
2028
1979
2083
2007
2005
2068
2023
2071
1981
1989
2033
1997
2063
2063
2071
1991
1997
1975
2087
2001
1989
1959
1955
2048
1975
2043
2027
1960
2029
2036
2037
2040
2042
1999
2011
1990
1966
2047
2073
2040
2011
2056
1991
2041
2039
2009
2043
1973
1983
1987
1964
2056
2072
2035
2088
2063
2032
2056
2076
2003
1981
2027
2039
2043
2007
2045
1973
2045
2085
2024
1967
2005
2053
1995
2056
2021
1949
1994
1993
2035
2063
2016
1992
2085
1989
2046
2003
2042
2011
1941
2083
1991
2080
2075
2059
1977
1960
2021
2046
2017
2067
2035
2088
2042
2072
1997
1963
1979
1989
2043
2072
2035
1982
2079
1991
1997
2019
2088
2001
1991
2042
2001
2057
2003
2021
2056
2044
2066
2048
2075
2063
1959
2073
2072
2045
2045
2015
1981
2053
2071
1977
2063
1953
1991
2043
2088
1991
2063
2007
2084
2045
2024
2072
1989
2042
1997
2053
2042
2064
1972
1967
2047
2063
1995
1994
2045
2045
1987
2067
2012
2042
1991
2065
2003
2075
2033
1969
2040
2043
2075
2001
2021
2018
2077
2032
2064
1983
2076
2057
2009
2071
2123
1993
1973
2059
1975
2043
2020
2058
1983
1993
2039
2076
2011
2064
2001
2035
2067
2003
1990
1983
2075
2045
2043
2040
1946
2039
2063
2057
2055
1981
2055
2048
2073
2084
2001
2071
2003
2002
1983
1991
2041
1961
2065
1987
2072
2088
2011
2019
2040
2025
2068
2024
1988
1989
2068
2006
2036
2031
1959
2016
1973
2069
2099
2042
2111
2043
2044
2044
1996
1992
2062
2063
2037
2073
1963
2075
2025
2082
2007
2016
1977
2074
2088
1979
2025
2017
2069
2024
1993
1961
2045
2015
2005
2063
2010
1995
2055
2058
2013
2055
2006
1964
2096
2029
2053
2073
2093
2074
1995
2011
2039
2072
2072
1981
2016
2040
2001
2084
1994
2071
2027
2043
2056
2063
1979
1957
2069
2108
2063
2079
1979
1961
1967
1963
2075
1981
1977
2097
2007
1989
2041
2013
2063
1980
2065
2036
2001
2010
2077
2041
1966
2095
2105
2038
2067
1989
2077
1995
2028
2043
2065
1993
2076
2053
2072
1988
1996
2001
2032
1977
2061
1981
1974
2015
1993
2071
1977
1978
2073
2060
2057
2055
2048
2001
1981
2069
2065
1979
1981
2003
2048
2106
2027
2035
1965
2084
2020
2032
1965
1983
2055
1997
2079
2030
1955
2037
1991
2084
2019
2008
2056
1981
2064
1959
2074
1975
2039
2015
2043
2043
1996
2061
1996
2068
1957
2009
1967
2097
1973
2029
2088
2027
2008
1976
2033
2085
1981
1969
2036
2069
1991
2012
2009
2041
2065
2053
2072
2040
2023
2067
2016
1965
2016
2072
2001
2055
2075
2075
1976
1941
1993
2024
1976
2071
2034
2072
1991
2086
2019
1981
2071
2055
1989
2081
2071
2067
2011
2008
2047
1975
2072
2065
2070
1975
2095
2071
2088
1960
1977
2057
2011
2024
2040
1982
2073
1953
2032
1963
2053
2030
2088
2040
2077
1981
1965
2075
2033
1991
2071
2029
2048
2028
2067
1945
2051
2068
2047
1995
2087
2035
2043
1971
1995
1951
1967
1979
2026
2043
2037
2040
2066
1943
2063
2084
2035
2078
2035
2086
2076
2013
2003
2011
2069
2063
2043
1975
1973
2039
1966
2055
1965
2068
2007
2092
1981
1995
2023
1987
2011
2074
1997
2052
2012
1959
2041
2088
1992
2063
2096
1977
2028
2088
2015
2056
2027
1974
2037
2071
2034
1989
2013
2040
2009
1982
2030
1965
1998
2073
2085
2009
2086
1989
2073
2045
2066
1981
2077
1962
2076
1981
2055
2011
2007
2052
2043
2025
1993
2072
1990
1963
1981
2109
2022
1977
2027
2068
2076
2065
1993
2029
1995
2053
2057
2033
2046
1975
2057
2067
2042
2014
2063
1993
2035
2071
1949
1979
2063
2027
2029
2039
2044
1995
2077
2085
2023
1987
2063
2013
2007
2036
1975
2008
2020
2016
1965
2032
1995
2024
2027
2047
2024
2059
2043
1989
2053
1993
2112
2014
1981
1971
2055
2068
1975
1975
2076
1989
2021
1992
2063
1992
2037
1992
2083
1993
1987
2057
2019
2054
2063
1961
2035
2011
2072
2037
2016
2035
2015
1979
1997
1995
2065
2039
2045
1995
2003
2063
2028
2041
2005
2073
2023
2057
1991
2047
2013
2085
2061
1974
2053
2039
2075
2007
1981
2104
1989
1973
2060
1983
2076
2031
2068
1989
2064
2029
2076
2087
2045
2027
2070
1975
2033
2008
2072
2013
2081
2013
2040
2007
2093
1997
2060
2005
2058
1993
2043
2070
2008
2055
2016
2067
1979
2057
1949
2083
2009
2063
2067
2003
2053
2066
1997
1975
2059
2015
1988
2032
2071
2011
2029
2090
2068
2013
2072
2077
2027
1953
2021
2045
2073
2041
1983
2077
1993
2047
2069
2031
2055
2030
1979
2021
2015
2007
1949
2048
2016
2048
1979
1971
2055
1997
2003
1980
2039
2070
2096
2071
1989
2040
2011
1967
1997
2003
2097
2055
2089
2035
1957
1992
1932
2057
2009
2072
2009
2047
2107
2057
2003
2066
2066
2045
2021
2077
2044
2083
2020
2075
1992
2068
1993
1971
2051
2002
2048
1999
2076
1991
2072
2059
2035
2027
2013
2019
2056
2043
2039
2060
2076
2018
1961
2056
2021
2028
2057
2045
2009
2035
1967
2016
2018
2047
2066
2029
1961
2016
1956
2077
2065
2040
2085
2015
1989
2026
2080
1981
1993
1995
2091
2066
1981
1975
2063
1961
2063
2076
2009
2082
2067
2044
2009
1966
2019
1976
2059
1964
2067
2027
2090
2026
1997
2059
2067
1982
1967
2073
2043
1951
2043
2065
2028
2071
2011
2093
2092
2091
2062
1993
2004
2039
2063
2043
1959
2075
1999
2001
2043
2063
2076
2071
2066
1992
2071
1991
2065
2088
2043
2003
2001
2031
2009
1973
2005
2065
1951
2039
2044
2047
2026
2067
2058
2027
2069
1969
2057
2046
1947
2017
2059
2027
2068
2030
2072
2055
2036
2029
1991
1961
1981
2040
2005
2067
1973
1953
2001
2029
2037
1997
1993
2072
1973
2043
2025
2029
2060
2072
2057
2073
2068
2072
2034
2082
2031
2068
2006
2003
2037
2039
1969
2037
1947
2028
1965
2069
2035
2013
2018
1981
2072
1997
2025
1959
2072
1993
2047
2066
2071
2039
1981
2033
2011
2057
2053
1997
2034
2063
2016
2056
2003
2072
2007
2039
2043
2076
2084
2027
1995
2078
1972
2021
2074
2085
2035
1995
2032
1979
2053
1977
2003
2063
2089
2047
2063
2037
2075
2085
2007
2069
2003
2041
1989
2086
1997
2001
2059
2032
1995
2085
2080
2007
2063
2073
1939
2073
2023
2063
2029
2032
2023
2023
1979
2065
2057
2040
1964
2080
2023
2067
2010
2055
2107
1995
2013
2025
2072
2035
2024
2037
1988
2001
2063
2056
2011
2039
2005
2044
2018
1973
2021
2078
1973
1993
1971
2075
2024
1991
2072
2003
2035
1991
1993
2001
2074
1981
2086
2035
2016
2012
1965
2075
2028
1983
2024
2057
2041
2007
2039
1977
2076
2068
2009
2023
1993
2063
1978
2072
1979
2069
2016
2007
2023
2001
2040
2053
2039
2087
2038
2078
2083
1995
2069
2040
2040
2003
2025
2009
2039
2052
2024
1971
2076
2009
2098
2041
2043
1991
2013
2003
2067
1960
2094
2028
2019
1973
2067
1992
2037
2083
2072
2032
1979
2044
2005
2075
2009
2055
1981
1981
2063
2083
2015
1983
2025
2026
2076
1959
2057
1996
2001
2005
2037
2048
2060
2015
2077
2023
2091
2043
2043
2028
2001
1955
2060
2003
2063
1961
1956
2039
1975
2053
2020
2012
2042
2065
2065
2044
2097
2067
1972
2028
2045
2003
2057
2063
1955
2010
1955
2041
2069
1987
2077
2107
2034
2089
2015
2063
2044
2001
1983
2065
2019
1980
2063
2043
1990
1972
1961
2019
1977
2077
2012
2077
2035
1987
2075
2003
2076
2009
1990
1976
2063
2089
2041
1975
2086
1982
2088
2032
1997
2063
1997
1957
1969
2037
1975
2081
2080
2087
2060
2021
2069
2035
1991
2064
2003
2063
2072
2029
2023
1991
2003
1964
2057
2023
2014
1947
2045
2005
2013
1981
2045
2076
1981
2063
2030
1949
2047
2033
2024
2055
2027
2026
2005
2072
1991
2056
2090
1994
2053
2063
1996
2057
2009
2039
2065
2076
2016
1975
1948
2040
1994
2067
2015
2040
2075
2065
2008
1975
2024
2030
1956
1996
1981
2078
2091
1965
2053
1983
2025
2070
2043
2071
1997
2067
1976
2023
2023
2007
2025
2047
2086
1991
1991
2074
1987
2091
2023
2089
2009
2037
2064
2069
1972
2056
1989
2068
2045
2062
2079
2059
2030
1967
2060
2007
1993
2063
2015
1944
1979
2063
2011
2008
2007
2048
2063
2007
1981
2047
2071
2092
2063
2068
2029
1973
2036
2071
2057
1993
2073
2059
2044
2041
1964
2032
1999
2013
2071
2071
2036
2065
2002
2032
1981
2063
2064
1976
2008
2065
2065
2069
2068
2007
2041
1972
2043
2044
2022
2023
2084
1981
2047
2003
2037
2068
2040
1987
1962
2032
2013
2040
1997
2048
1996
1990
2028
2075
2044
2037
1981
2072
1959
2035
2027
1979
1995
2063
2031
1973
2023
2085
2030
2040
1997
2063
2004
1981
1965
1995
2024
2056
1981
2071
2009
2036
1995
2063
1991
2029
2006
2055
1993
1949
2086
2059
2068
2005
2007
2019
2040
2043
2008
2047
2036
2072
2101
2031
1976
2056
1971
2003
2063
2072
1965
2081
1967
2029
2029
2052
1989
2019
2045
2003
1977
2043
2037
2057
2028
2069
2040
1997
1951
2069
2013
2032
1989
1994
2065
2087
2063
2068
1977
2079
2069
2032
2075
2056
2057
2036
1995
2063
1997
2028
2085
2052
2015
2034
2015
2056
2032
2053
2044
1954
2076
2033
2086
2027
2032
2084
2068
2046
1980
1963
2041
2043
2040
2001
2003
2023
2077
1965
2023
2024
2100
2071
2088
2065
2067
2066
2060
1957
2056
2045
2093
2041
2048
2021
2079
2083
2019
2076
1997
1965
1945
2072
1983
2055
2025
1989
1955
1978
2019
1997
2053
2058
1989
1991
2069
2073
1989
2037
2075
2017
1993
2043
1989
2037
2067
2043
1995
2059
2075
2015
2071
2032
2069
1979
1989
2030
2032
2021
2008
2053
2026
2100
2012
1964
2010
2043
2016
2059
2060
2024
2058
2016
2078
2016
2068
2025
2057
2035
1959
2072
2005
2074
2044
2007
1979
2043
2077
2065
2047
2071
1977
2001
2060
2015
2048
2011
2044
2043
1939
2041
1981
2065
2015
1975
1963
2063
1979
2043
2088
2025
1953
2023
1978
1993
2011
2053
1989
2043
2001
2027
2067
1977
2067
1977
1997
1995
2086
1971
2003
2041
2031
2063
2032
2003
2066
2029
2060
1981
1977
2011
2046
1975
2067
2056
2039
2029
2067
1991
2071
2066
2072
1973
2039
2028
2035
2035
2068
1997
2080
1999
1971
2074
1965
2056
2063
1981
2035
2091
2013
2003
2076
1961
2037
2027
2083
2077
1967
2056
2021
2062
2063
2019
2063
2005
2007
2067
1971
2038
2039
2097
1949
2051
2027
1997
2020
1971
2057
1982
2056
2063
1995
2036
1995
2011
1961
1989
2065
2055
2075
2015
1965
1995
1963
1989
2022
2029
2076
2087
2003
2094
2071
2045
2056
2008
2077
1989
2035
2055
2077
2046
2037
1956
2073
1958
2076
2033
2101
2022
2075
1991
2057
1993
2027
2043
1995
2004
1989
2039
2047
1977
2063
2027
2073
2005
1974
2069
2039
2001
2047
2037
1989
2076
2080
2025
2053
1977
1977
2055
2066
2001
2041
2068
1953
2063
2077
1995
2063
2002
2065
1991
2081
2001
2060
2016
2081
1941
2017
2053
2011
2081
2039
2076
2037
2040
2016
2085
2033
2032
1973
2043
1975
2035
2056
2024
2032
1993
2031
2019
2060
1987
2066
2063
1979
1973
1977
1944
1997
1981
2078
1995
1995
2081
1995
2035
2071
2029
1983
2080
2007
2030
2019
2071
2003
1983
2037
2026
2048
2019
2029
2032
2016
2041
1972
2005
2068
2008
2063
2063
1991
2001
2039
2040
2023
2039
2047
2068
2074
1980
1967
2077
2043
2005
2044
2051
2039
2040
2037
1993
1991
2003
2003
2077
2048
2008
2075
2105
2030
2074
1943
2006
1979
2089
2081
1979
2075
1996
1979
2039
2063
1999
2075
2003
2009
2012
2072
1992
2052
2067
2074
2044
2039
2093
2092
2003
2011
2026
2063
2028
1965
2063
2009
2065
2056
2032
2076
2034
2091
1960
1955
2092
2083
2070
2071
2023
2039
1989
2069
1975
2019
1964
2056
2034
2021
2021
2031
2041
2068
2009
2055
1982
2048
2090
2014
2055
2068
1991
2010
2041
2016
2069
2077
2043
1967
2045
2005
1981
1965
2022
2003
2083
2063
1995
2057
2009
2016
2071
2045
2053
1974
2055
2032
2003
1996
2053
2031
2071
2040
2038
2068
2067
2016
2067
2093
2062
1993
2058
1991
1963
2042
2027
2035
1977
2063
2018
2032
2075
1993
2001
2077
1941
2056
1971
2060
2044
1951
2041
2071
2059
2045
2048
2008
2004
2040
2100
2105
2032
1997
1993
2001
2080
2039
2019
2019
2063
2045
2045
2011
2075
2032
2075
2019
2074
2070
2043
2100
1978
2083
2028
2076
2071
2041
2028
1973
2041
2063
1963
2076
1979
2064
2024
2083
2044
2071
2028
2013
1977
2058
1997
2078
1992
2080
1981
2054
1969
1996
2017
2041
1989
2014
1976
2007
1995
1995
1975
2031
2048
1971
2056
1979
2055
2041
2106
2033
2081
1997
2091
1945
1981
2071
2029
1943
2065
2047
2063
1995
2077
2045
2044
2053
2069
2013
1991
2085
2007
2069
2007
2092
2047
2075
2028
2019
2029
1995
2028
1971
2075
2032
2072
1971
2088
1972
2032
2009
1971
2009
2015
2064
2058
1965
2059
1977
2059
2053
2037
1976
2052
1981
2063
2053
2083
2056
2024
1949
2029
1965
2063
2021
2017
2073
1995
2053
2039
2080
2079
2007
2001
2053
2079
2073
2024
1991
2069
1980
2073
2048
2081
1977
2089
2032
2009
2055
2080
2005
2077
2007
1997
2088
2074
2099
2067
1965
1981
2040
2001
2013
1975
1993
2040
2061
2015
2007
2069
2088
2009
2069
2042
2027
2039
2045
2079
2029
1973
2046
2073
2029
2053
1975
2007
2021
2068
2037
2005
1957
1983
2046
1956
2026
2005
1981
2083
2027
2001
2001
2071
1974
2048
1963
2063
2043
2048
2043
2063
2101
1993
1960
2063
1969
1995
2036
1992
2063
1969
2076
2087
2025
1981
2000
2063
1943
2074
2024
1965
2067
1961
2065
1963
1961
2040
2037
2005
2057
1981
1973
2039
2047
2005
1980
2078
2072
2083
1993
2044
1980
2031
1957
2076
2053
1991
2040
2028
1962
2071
1976
2065
2000
1981
2001
2014
2068
2003
2047
2071
2040
2011
2081
2040
2067
2009
2075
2055
2055
2046
2013
2067
2023
2063
1977
2029
2004
2005
2063
2083
2017
2086
2003
1993
2064
2048
2076
2068
1993
2067
2060
1965
1989
2038
2063
2042
2072
2041
2011
2055
2091
2052
2039
2021
1973
2052
2003
2059
2019
2009
2071
2071
2042
1979
2009
1958
2057
2077
2076
2028
2027
2010
2039
2086
1999
2091
2009
1979
2041
2011
1983
1971
1996
2057
2047
2073
2068
2019
1961
2085
1993
2063
2057
2063
1971
2008
2072
1991
2071
2029
2055
2048
2060
2039
2008
2028
1997
1977
2071
1995
2068
2084
2032
2009
2065
2044
2086
2076
2031
2029
2056
1989
2065
2073
1997
2060
1961
1981
1987
2073
2054
2003
1996
2052
1991
2076
1995
2075
2027
2063
2009
1949
2063
1997
2067
1967
2071
2087
2007
1941
1980
1967
1949
1988
2041
2011
2089
2044
2007
2079
2024
1989
1993
1971
1995
2065
2035
2039
1995
2072
2047
1975
2033
1987
2071
2003
2044
2040
1981
2005
1987
1993
2075
2065
2040
2085
2048
2024
2048
2040
2076
1973
1971
1965
2036
2065
2088
2058
2071
1987
2043
2032
1977
2028
2027
2078
1977
2076
2034
2019
2110
2059
2011
2077
2071
1993
1969
2075
2042
1973
2044
2007
2043
2066
2068
2009
2067
2027
2002
1966
2057
1965
2061
1996
2032
1976
1975
2079
2106
2039
1975
2067
2015
2058
2007
2022
2011
2068
2053
2031
2055
2077
2025
2091
2001
2063
2048
2043
2027
1991
1993
2024
2016
1975
2011
2057
1972
1955
1955
2053
2072
2023
2018
2073
2017
2087
2077
2060
2092
2013
2053
2064
1992
2067
2040
1955
2074
2043
1981
2085
1973
2059
2031
2094
2048
2037
1997
1974
2029
1996
2012
2063
1989
2007
2019
2017
2032
2108
1963
2023
1997
2075
1991
1979
2065
2023
2067
2092
2036
2010
2104
1998
2025
1989
2083
2040
2071
2054
2003
2071
1993
2009
2041
2065
2099
2020
2077
2067
1989
2005
2016
2076
2059
2024
2063
1961
2039
2040
1981
2074
2026
2065
2030
1963
2040
1964
2011
2091
1988
1975
2072
2038
1995
1997
2075
2040
1981
2032
2072
2058
2005
1965
2058
2022
2073
2086
2063
1997
2028
2029
2028
2040
1983
2017
2039
2035
2013
2039
2011
1977
2083
2003
2086
2005
2074
1982
2103
2005
2048
1967
2063
2036
1996
2063
2069
2037
1971
2057
2059
1975
2046
1965
1973
2103
2060
2092
1955
2035
2075
2013
2009
2063
1977
2077
2072
1995
1997
2017
2068
2040
2101
2053
2083
2024
2005
2008
1961
2032
2013
2065
1999
2015
2001
2008
2073
2079
2056
1977
2068
1965
2021
2053
2013
2060
1965
2027
1999
2063
2016
1964
2005
2017
2016
2029
2088
2035
1997
2027
2059
2043
2024
1977
2071
1959
2039
2083
2094
2088
2008
1988
2088
2063
2082
2074
2032
2041
2013
1961
2037
2060
1956
1991
2057
2074
2040
2039
2077
2033
2007
2031
2058
2023
1973
2067
2003
2055
2005
2076
2079
2039
2028
1995
2011
2076
2032
2053
2045
2041
2017
2011
2065
1971
2025
2060
2055
1955
2021
2057
2003
2044
2056
2018
2001
2075
2001
2060
2011
2066
2016
1991
2102
1981
2046
2025
2053
1999
2056
2089
2039
2043
2025
1965
2051
2063
2011
2040
2032
2067
2025
2027
2005
2056
2043
2072
1995
2039
2055
2078
2077
2020
1950
2041
1978
1971
1989
2038
2053
2007
1997
1955
2038
1973
2088
1993
2038
2027
1961
2091
2063
2018
2027
2045
2067
2059
2098
2020
2079
1987
2085
1969
2045
1949
2017
2051
2029
1979
2063
1995
2031
2007
2013
2037
2017
2005
2092
1996
2063
2088
2038
1979
2036
2059
2055
2031
2063
1973
2041
2012
2035
2007
2100
2101
2088
2067
2037
2063
1945
2021
2055
1965
1992
2072
2080
1998
2047
2056
2071
2066
1995
2082
1973
1992
2065
2019
1975
1983
1965
2071
2053
2019
1979
1989
2001
2058
2063
2065
2099
2009
2098
2032
2073
2056
1966
1980
2067
2052
2078
1977
1997
2047
1994
2092
2040
2023
2067
1995
2068
2075
1993
2097
2071
2073
1982
2072
2039
1992
2033
2037
2072
2027
2078
1978
2001
2067
2063
2003
2029
2063
1981
2005
1989
2037
1997
1951
2013
2057
1979
2040
2069
2063
1976
2061
2007
2005
2057
2078
2072
2075
2047
1970
2055
1997
2053
2035
2107
2077
2063
1995
1991
2025
2084
2095
2092
2056
2007
2020
2008
2003
2023
1997
2031
2058
2043
2060
2009
2074
2067
2044
1974
2055
2032
1993
2063
1983
1996
2121
2056
2032
2072
2025
2040
2039
2058
2035
1965
1995
2060
2065
2009
2009
2007
1995
1997
1971
1967
1995
2032
2012
2044
2089
2070
2074
1969
2056
2016
1976
2071
2069
1988
1963
2072
2015
2080
2058
2072
1989
2068
1972
2079
2016
2025
2058
2001
2057
1988
2073
2029
2040
2063
2089
1992
2089
2009
1987
2065
2007
1977
2071
2005
2019
2063
2029
2030
2041
1975
1995
1973
2075
2085
2043
1962
2009
2019
1975
2015
1988
2035
2076
2057
2030
2080
2011
2016
1996
2035
1979
2056
1993
2044
2015
2024
2012
2075
2037
2057
2073
2033
1995
2038
2065
1999
2013
2041
1964
1993
2069
2011
2047
2075
1964
2059
2065
1964
2085
2092
2019
2072
2077
2073
2005
2087
2048
2066
2043
1983
2093
2071
2040
1993
1997
2055
2058
2023
2041
1980
1981
2075
1971
2043
2016
2041
2063
2059
2063
1966
2071
2079
2027
2019
2040
1975
2040
2028
1931
1997
2021
2024
2055
2069
2093
1978
2082
1994
2057
2071
2040
2015
1961
2013
2027
2032
2078
2074
2003
2032
2053
2016
2075
2029
2066
1963
2032
1995
2099
2039
1949
2051
1973
1999
2041
1961
2087
1971
2068
2043
1981
2012
1973
2040
1993
2044
2101
1997
2055
2094
2056
2043
1979
2008
2007
2012
2072
2093
2034
2100
1977
1989
2021
2063
1948
2025
2015
2063
2075
2041
2108
1993
1991
2072
2035
1959
2017
1945
1939
2081
2060
2054
2008
2031
2097
1997
2005
2019
2024
2063
2022
2071
2001
2072
2030
2068
2072
2063
2005
2071
2041
2041
1993
2027
2015
2071
2067
2023
2063
2063
2025
2085
2065
2013
2047
2088
2016
1976
2068
2011
2048
2063
2060
2019
2054
2061
2023
2024
1981
2033
2023
1966
2039
2007
2073
1993
2060
1998
2103
2023
2028
2031
2092
2104
2015
2035
2009
2027
2039
2052
2001
2043