2145,2063
2129,2067
2131,2072
2126,2032
2125,2038
2133,2041
2128,1989
2127,2063
2115,2076
2121,2071
2111,2073
2099,2080
2097,2057
2090,2072
2089,2072
2083,2008
2073,2019
2066,2029
2055,2054
2066,2017
2053,2008
2037,2021
2041,2063
2030,2058
2027,2022
2025,2048
2003,2001
2011,2039
2010,2023
1987,2072
1998,2072
1993,2059
1981,2045
1992,2052
1990,2036
1999,2031
1988,2058
1983,2033
1976,2063
1977,2044
1967,2019
1985,2056
1979,1999
1989,2035
1978,2015
1979,2025
1998,2025
1987,2054
2000,2063
1994,2033
2008,2024
2002,2063
2012,2029
2015,2079
2024,2093
2021,2104
2025,2117
2032,2089
2035,2103
2039,2090
2051,2058
2056,2043
2053,2075
2067,2021
2071,2027
2076,2042
2080,2057
2088,2007
2092,1995
2103,2023
2098,2029
2092,1988
2108,2037
2113,2002
2109,2042
2118,2030
2119,2040
2121,2027
2129,2029
2130,2005
2135,2009
2129,2023
2136,2027
2131,1992
2119,2057
2124,2076
2120,2028
2119,2052
2113,2048
2107,2067
2104,1976
2107,2004
2101,2008
2104,2056
2099,2009
2094,2048
2081,2058
2080,2072
2073,2072
2063,2069
2065,2043
2064,2048
2056,2030
2043,2038
2043,2069
2029,2017
2031,2087
2030,2080
2021,2083
2018,2078
2005,2068
2007,2037
2003,2021
2000,2015
1991,2042
2000,2072
1988,2059
1989,2036
1995,2065
1975,2107
1984,1993
1973,2093
1975,2047
1984,2020
1984,2047
1992,2029
1991,2024
1992,2029
1989,2018
1989,2072
2003,2055
1995,2087
2006,2043
2004,2023
2006,2074
2015,2041
2023,2011
2022,2027
2025,2036
2035,2063
2042,2080
2037,2041
2063,2079
2063,2094
2072,2075
2071,2033
2079,2035
2071,2076
2092,2021
2087,1995
2090,2063
2101,2069
2100,2039
2107,2040
2107,2044
2120,2066
2124,2063
2128,2042
2139,2020
2129,2084
2137,2036
2137,2025
2142,2063
2145,2027
2144,2006
2155,2024
2155,2070
2139,2017
2147,2025
2146,2025
2133,2077
2143,2063
2137,2028
2132,2034
2138,2056
2117,2057
2120,2035
2121,2068
2107,2071
2112,2024
2099,2028
2089,2076
2091,2066
2093,2047
2088,2044
2075,2068
2075,2053
2071,2011
2065,2030
2063,1989
2063,2020
2055,2056
2045,2029
2043,2021
2036,2035
2026,2040
2024,2056
2020,2051
2011,2071
2012,2033
2003,2083
2003,2083
1995,2068
2001,2025
2005,2081
1999,2045
1993,2016
2000,2012
2003,2003
2000,1992
1997,1978
1996,2040
2008,2057
1995,2052
2015,1988
2009,2008
2012,2063
2015,2021
2016,2048
2028,2009
2020,2079
2031,2019
2035,2011
2029,2067
2033,2088
2041,2068
2055,2089
2063,2104
2071,2056
2063,2043
2073,2063
2085,2062
2089,2080
2097,2044
2091,2029
2098,2037
2099,2015
2103,2045
2109,2064
2122,2024
2115,2109
2130,2063
2131,2089
2119,2051
2133,2045
2127,1971
2135,2024
2140,1981
2143,2042
2131,2053
2131,2076
2131,2087
2142,2039
2135,2053
2135,2003
2131,2033
2129,1985
2135,2043
2123,2007
2127,2024
2120,2029
2115,2023
2112,2063
2099,2063
2096,2044
2085,2060
2090,2031
2087,2052
2073,2068
2073,1991
2067,1999
2057,2071
2055,2009
2055,2069
2045,1959
2043,2027
2035,2046
2032,2047
2023,2007
2020,1991
2019,2022
2015,2059
1991,2026
2007,2041
1998,2014
2001,2035
1995,2040
1998,2019
1992,2036
1992,2001
1989,2068
1992,2078
1987,2067
1994,2102
1984,2071
1994,2073
1992,2036
1997,1995
2000,2024
2003,2056
1995,2035
2001,2031
2003,2040
2003,2063
2025,2015
2012,2067
2019,2085
2027,2119
2030,2079
2041,2042
2045,2038
2044,2048
2063,2079
2058,2005
2057,2011
2067,2040
2075,2025
2079,2053
2089,2041
2085,2092
2087,2109
2089,2112
2101,2070
2107,1992
2108,1955
2120,1979
2124,1996
2116,2023
2126,2063
2121,2009
2121,2074
2129,2036
2138,2009
2136,2015
2123,2025
2133,2030
2135,2065
2124,2024
2129,2027
2124,2032
2119,2026
2123,2007
2099,2011
2108,2068
2102,2067
2099,2029
2099,2048
2096,2011
2093,2045
2091,2019
2083,2032
2073,2059
2076,2079
2069,2013
2072,2038
2063,2043
2063,2077
2055,2009
2045,2007
2036,2031
2035,2009
2031,2003
2015,2072
2009,2015
2012,2095
2010,2056
2007,2039
1997,2047
1995,2011
2000,2036
1991,2031
2003,2027
1997,2021
1988,2067
1997,2063
1996,2035
1989,2028
2002,2096
1992,2065
2000,2057
1998,2057
1997,2040
2008,2056
2004,1988
2011,2075
2012,2051
2007,2087
2021,2068
2023,2045
2028,2083
2031,2017
2033,2054
2045,2055
2053,2071
2058,2033
2071,2069
2067,2040
2071,2063
2080,1981
2082,2012
2092,2017
2093,1957
2096,2008
2101,2025
2103,2069
2120,2100
2123,2100
2123,2105
2135,2071
2145,2072
2133,2029
2139,2027
2139,2011
2136,2028
2149,2029
2145,2039
2149,2032
2155,2005
2154,2010
2158,2005
2149,2014
2148,1996
2144,2067
2135,2075
2141,2046
2133,2029
2129,2064
2139,2017
2130,2037
2120,1969
2125,2039
2120,2043
2108,2073
2101,2032
2101,2041
2093,2041
2087,2040
2084,2017
2078,2040
2071,2070
2071,2101
2066,2038
2053,2039
2052,2031
2040,2094
2031,2032
2027,2036
2023,2015
2019,2042
2018,2042
2017,2016
2007,1979
1998,2044
2007,2026
1993,2018
1989,2075
1994,2136
1989,2095
1989,2053
1984,2076
1989,2063
1987,2063
1980,2068
1979,2013
1988,2084
1992,2124
1996,2041
1995,2043
2003,2069
2005,2003
1995,1992
2005,2040
2019,2024
2019,2006
2017,2086
2029,2041
2032,2020
2035,2069
2037,2043
2040,2035
2043,2079
2064,2070
2063,2034
2071,2029
2075,2033
2080,2029
2085,2011
2087,1987
2096,1976
2100,2029
2103,2025
2109,2047
2115,2068
2117,2025
2124,1991
2117,2007
2120,2040
2128,2037
2134,2035
2135,2065
2139,2017
2129,2045
2132,2068
2137,2024
2133,1973
2141,2031
2129,2069
2123,2037
2135,2067
2132,1986
2122,1981
2127,2011
2121,1979
2115,2009
2115,2024
2103,2017
2107,2041
2100,2007
2100,2015
2091,2034
2083,2106
2069,2069
2069,2029
2065,2049
2056,2015
2053,2024
2045,2080
2043,1992
2044,2031
2036,2128
2032,2063
2028,1996
2023,2024
2013,2070
2007,2063
2007,2076
2006,2074
1995,2025
1995,2035
2009,2072
1993,2036
1998,2027
1996,2080
1989,2044
1991,2097
1994,2037
1988,2080
1996,2105
1998,2088
2008,2029
2001,2015
2008,2027
1997,2016
2011,1956
2016,2048
2015,2039
2015,2018
2031,2076
2032,2058
2033,2067
2044,2015
2048,2013
2055,2031
2059,2028
2045,2037
2063,2072
2071,2055
2072,2071
2077,2041
2076,2068
2081,2069
2095,2078
2096,2067
2105,1997
2108,2080
2104,2032
2120,2022
2115,2055
2123,2073
2128,2097
2136,2067
2137,2069
2138,2080
2133,2096
2140,2084
2143,2088
2151,2015
2143,1977
2147,1976
2139,2026
2135,2012
2139,2026
2136,2088
2131,2086
2121,2011
2120,2025
2123,2074
2115,2105
2105,2070
2112,2038
2109,2020
2096,2032
2088,2065
2085,2036
2083,2039
2077,2063
2071,2063
2080,2072
2072,2040
2057,2054
2048,2006
2044,2023
2040,2025
2038,2037
2034,2023
2023,2069
2021,2062
2007,2029
2009,2029
2007,2067
2001,2063
2006,2015
2008,2027
1998,2009
1995,2009
1992,2078
1999,2084
1995,2074
1991,2066
1993,2084
1989,2039
1993,2042
1999,2017
1995,2027
2004,2063
2004,2074
2003,2019
2010,2072
2015,2045
2011,2112
2018,2080
2021,2054
2029,2056
2034,2015
2035,1999
2045,2026
2063,1987
2063,1999
2063,2039
2072,2081
2069,2058
2082,2067
2088,2069
2094,2056
2091,2063
2104,2095
2104,2073
2107,2052
2119,2031
2120,2007
2121,2009
2124,1999
2136,2055
2137,2043
2129,2027
2144,2063
2144,2012
2135,2043
2148,2028
2151,2038
2157,2021
2145,2057
2151,2055
2151,2047
2147,2031
2148,2043
2144,2022
2131,2017
2133,2059
2132,1943
2121,2043
2127,2094
2117,2021
2115,2028
2105,2020
2103,2062
2105,2072
2099,2072
2092,2035
2093,2080
2081,2037
2071,2048
2068,2032
2054,2071
2055,2060
2054,2035
2040,2019
2037,2035
2024,2027
2019,2091
2024,2010
2020,2020
2019,2023
1995,2076
2007,2017
1999,1999
1994,2024
1989,2077
1986,2027
1989,2088
1991,2041
1984,2025
1979,2084
1987,2128
1987,2035
1990,2045
1992,2063
1987,2069
1995,2026
1997,1987
1995,2040
2005,2039
1994,2040
2001,2073
2003,2096
2007,1996
2015,2028
2023,2007
2028,2027
2029,2007
2029,2066
2039,2063
2043,2080
2043,2036
2063,2031
2071,2072
2068,2076
2072,2027
2075,2045
2085,2067
2090,2027
2092,2061
2093,2010
2099,2037
2100,2055
2105,2027
2107,2037
2117,2003
2121,2043
2117,2005
2125,2060
2124,2056
2131,2095
2134,2005
2133,2001
2133,2063
2136,2058
2136,2044
2136,2044
2130,2043
2129,2041
2132,2075
2123,2021
2127,2024
2120,2005
2107,2021
2112,2019
2108,2036
2113,2077
2099,2090
2096,2035
2092,2007
2091,2053
2088,2069
2076,2000
2072,2019
2063,2077
2054,2046
2056,2044
2053,2041
2040,2023
2035,2080
2040,2011
2029,2034
2019,2029
2013,2045
2012,2074
2013,2005
2004,2056
2007,2045
2003,2076
2002,1981
2008,2055
1996,2067
1992,2092
2000,2035
1993,2077
1989,2040
2000,2022
1995,2065
2003,2004
1995,2045
2000,1997
2010,2036
2007,2068
2008,2027
2016,2076
2022,2067
2023,2081
2028,2071
2027,2067
2031,2074
2040,2052
2060,2043
2037,2042
2064,1991
2066,2057
2070,2042
2076,2046
2078,2039
2091,2039
2093,2023
2085,2029
2097,2063
2091,2048
2105,2054
2109,2033
2109,2030
2115,2037
2123,2005
2125,2004
2135,2044
2133,2067
2138,2068
2144,2057
2148,2025
2152,2025
2143,2010
2152,2021
2147,2027
2151,2063
2147,2043
2143,2081
2136,2065
2145,2007
2142,2045
2140,2035
2130,2055
2131,2018
2127,2039
2124,2043
2112,2074
2108,2026
2105,2031
2099,2042
2093,2055
2099,2066
2089,2041
2088,2015
2073,2037
2073,2031
2069,2077
2063,2063
2055,2077
2040,2084
2033,2001
2023,2032
2021,1997
2022,2027
2015,2026
2017,2040
2008,2072
2005,2063
1989,2065
1993,2037
1996,2064
1990,2009
1977,2029
1992,2056
1993,2029
1975,2024
1979,2063
1975,2032
1992,2071
1979,2068
1973,2069
1995,2057
1979,2067
1991,2037
1991,2094
1999,2011
1997,2011
2003,2007
2004,2035
2015,1993
2019,2095
2021,2022
2025,2078
2026,2035
2028,2069
2039,2011
2041,2001
2059,2003
2063,2017
2053,2080
2072,2001
2071,2019
2082,2088
2088,2011
2089,2045
2092,2017
2097,2066
2101,2068
2107,2020
2107,2043
2112,2063
2123,2015
2125,2021
2127,2059
2139,2035
2129,2046
2135,2066
2143,2045
2141,2040
2144,2037
2147,2063
2137,2076
2137,2036
2137,2021
2129,2041
2133,2063
2133,2077
2132,1989
2131,2007
2115,2079
2119,2060
2108,2008
2101,2073
2099,2048
2093,2043
2090,2015
2087,2060
2080,2041
2081,2072
2073,2025
2072,2075
2067,2045
2063,2071
2056,2037
2041,2041
2040,2036
2031,2057
2027,2061
2031,2059
2020,2020
2017,2033
2013,1999
2011,2063
2009,2059
2006,2025
2000,2019
1993,1981
1991,2040
1991,2063
1994,2008
1999,2063
1992,2045
1991,2095
1997,2083
2001,2069
1997,2058
2002,2072
2001,2041
2005,2038
2007,2071
2013,2059
2019,2025
2015,2017
2022,2009
2024,2006
2023,1999
2032,2020
2031,2062
2051,2032
2048,2068
2059,2023
2063,2013
2066,2090
2063,2048
2076,2033
2080,2004
2084,2012
2083,2021
2099,2012
2100,2017
2104,2035
2111,2042
2105,2063
2120,2080
2133,2021
2120,2024
2119,2055
2131,2013
2135,2020
2141,2025
2143,2048
2147,2035
2145,1994
2139,2041
2137,2024
2135,2048
2147,2071
2146,2054
2131,2063
2142,2039
2137,2074
2136,2058
2131,2013
2125,2042
2128,2042
2115,2060
2115,2003
2105,2037
2110,2040
2107,2060
2098,2024
2088,2008
2091,2029
2084,2027
2072,2063
2075,2007
2073,2066
2067,2073
2057,2096
2057,2035
2051,2057
2045,2021
2037,2056
2031,2029
2031,2019
2027,2069
2018,2027
2015,2028
2017,2024
2015,2037
2011,2065
2012,2026
2012,2051
2003,2072
1997,2069
2001,2027
2011,2015
2005,2040
2013,2053
2008,2046
2019,2033
2023,2034
2013,2041
2016,2055
2027,2069
2029,2080
2040,2076
2043,2013
2041,2068
2039,2072
2048,2003
2053,2066
2067,2038
2075,2020
2073,2041
2075,2053
2088,2035
2093,2073
2096,2069
2107,2075
2108,2076
2105,2055
2120,2025
2123,2015
2130,2027
2131,2034
2136,2019
2136,2068
2148,2035
2145,2060
2153,2070
2151,2033
2157,2063
2164,2009
2151,2079
2165,2060
2164,2024
2163,2060
2161,2068
2160,2072
2163,2072
2153,2008
2155,2040
2161,2058
2156,2029
2149,2019
2147,2069
2143,2029
2132,2075
2137,2072
2109,1996
2117,2057
2107,2018
2112,2039
2110,2011
2091,2032
2101,2059
2093,2033
2075,2033
2077,2065
2068,2069
2071,2040
2060,2054
2053,2071
2043,2071
2037,2036
2037,2017
2029,2035
2019,2037
2019,2033
2012,2078
2012,2043
2016,2063
2003,2034
2008,2027
1995,2043
2001,2058
2004,2025
2003,2021
2004,2061
1993,2072
1990,2034
1998,2038
1995,2071
1997,2042
1992,2040
2011,2009
2005,2079
2004,2056
2006,2057
2011,2085
2015,2077
2026,2013
2024,2060
2027,2030
2039,2029
2037,2078
2043,2087
2055,2079
2064,2081
2069,2034
2076,2029
2069,2042
2081,2072
2088,2070
2094,2004
2089,2039
2104,2035
2106,2021
2114,2039
2107,2063
2120,2057
2117,2074
2122,2076
2131,2037
2139,2013
2136,2041
2135,2031
2147,2035
2143,2052
2148,2057
2152,2017
2151,1999
2147,2041
2145,2072
2145,2056
2143,2029
2139,2027
2135,2042
2143,2063
2138,2039
2124,2065
2123,2042
2129,2041
2123,2068
2116,2055
2111,2035
2101,2054
2103,2030
2096,2068
2096,2057
2091,2040
2087,2005
2083,2056
2071,2039
2052,2039
2057,2065
2053,2048
2048,2081
2041,2027
2043,2041
2023,2057
2028,2031
2025,2042
2023,2057
2017,2059
2015,2029
2010,2035
2004,2070
2002,2067
1993,2011
2008,2046
1993,2019
2000,2040
2002,2063
1992,2079
2006,2062
2007,2039
2009,2033
1997,2043
2003,2060
2007,2042
2020,2007
2023,2015
2028,2063
2028,2072
2031,2058
2036,2056
2039,2029
2029,2003
2042,2017
2057,2028
2057,2034
2066,2009
2072,2022
2072,2011
2075,2041
2080,2042
2090,2040
2089,2044
2099,2072
2106,2068
2099,2048
2112,2026
2120,2015
2119,2011
2131,2068
2129,2060
2135,2057
2143,2058
2143,2025
2145,2062
2139,2031
2145,2077
2140,2023
2143,2026
2148,2039
2139,2065
2147,2001
2139,2056
2144,2001
2143,2058
2136,2013
2131,2071
2134,2068
2125,2069
2123,2042
2126,2063
2119,2044
2119,2063
2118,2027
2108,2067
2099,1994
2091,2009
2091,2051
2083,2072
2085,2019
2080,2065
2073,2064
2068,2069
2063,2059
2059,2054
2037,2045
2041,2083
2027,1997
2041,2023
2027,2054
2023,2019
2017,2065
2005,2017
2005,2017
2004,2031
2012,2039
2004,2043
2008,2058
2001,2072
2005,2008
2004,2027
2006,2057
2003,2054
2003,2080
2009,2015
2015,2020
2009,2017
2010,2061
2017,2040
2020,2039
2023,2063
2024,2037
2035,2015
2027,2063
2042,2021
2042,2057
2035,2035
2063,2037
2063,2048
2057,2048
2065,2057
2071,2056
2079,2039
2089,2071
2085,2055
2092,2041
2103,2081
2109,2021
2102,2072
2119,2062
2127,2003
2132,2040
2136,2064
2141,2071
2147,2027
2145,2053
2148,2069
2147,2015
2157,2015
2147,2041
2152,2041
2163,2045
2165,2067
2155,2073
2160,2011
2165,2052
2157,2042
2163,2021
2162,2057
2145,2061
2162,2063
2149,2056
2150,2027
2147,2072
2137,2021
2135,2059
2137,2040
2133,2066
2129,2080
2119,2072
2123,2052
2108,2033
2093,2073
2103,2063
2099,2048
2088,2062
2075,2037
2074,2021
2071,2027
2072,2067
2058,2036
2059,2039
2053,2034
2035,2034
2032,2024
2028,2056
2025,2063
2032,2039
2028,2063
2024,2029
2016,2033
2011,2064
2022,2064
2009,2033
2007,2071
2017,2041
2005,2056
2015,2079
2011,2010
2012,2055
2025,2042
2011,2030
2013,2055
2017,2029
2025,2041
2032,2039
2040,2037
2037,2068
2044,2018
2039,2045
2060,2035
2066,2017
2068,2057
2072,2015
2067,2037
2080,2020
2087,2015
2092,2013
2100,2064
2107,2062
2115,2011
2107,2040
2107,2017
2119,2040
2121,2028
2127,2029
2131,2037
2135,2036
2143,2073
2148,2048
2149,2070
2154,2021
2161,2033
2156,2011
2151,2044
2163,2022
2151,2019
2162,2048
2158,2075
2160,2007
2155,2046
2157,2051
2155,2070
2147,2074
2145,2078
2157,2003
2143,2079
2140,2035
2143,2080
2127,2046
2134,2023
2125,2060
2121,2033
2116,2060
2119,2041
2103,2065
2098,2030
2092,2048
2092,2029
2090,2056
2087,2017
2079,2055
2074,2056
2069,2019
2063,2064
2058,2009
2045,2040
2044,2026
2029,2039
2035,2055
2030,2015
2030,2011
2029,2044
2024,2033
2025,2015
2030,2007
2021,2064
2022,2053
2019,2020
2023,2071
2020,2025
2011,2037
2024,2076
2009,2021
2027,2077
2015,2041
2021,2048
2029,2023
2033,2081
2035,2034
2040,2042
2043,2025
2053,2031
2045,2029
2057,2072
2063,2071
2071,2063
2075,2072
2076,2060
2077,2044
2092,2040
2090,2064
2096,2072
2108,2056
2105,2027
2116,2039
2117,2041
2124,2037
2126,2021
2120,2055
2129,2025
2139,2072
2143,2068
2137,2055
2157,2068
2151,2031
2139,2053
2147,2044
2153,2040
2156,2035
2158,2048
2162,2007
2159,2031
2159,2062
2158,2063
2139,2066
2156,2055
2147,2047
2147,2080
2137,2044
2135,2058
2139,2060
2135,2056
2121,2072
2119,2028
2112,2054
2117,2060
2105,2023
2106,2010
2100,2067
2091,2005
2081,2063
2083,2017
2079,2066
2073,2078
2057,2056
2058,2030
2056,2042
2043,2027
2037,2072
2031,2056
2032,2025
2023,2029
2021,2028
2019,2063
2015,2040
2007,2055
1999,2064
1999,2064
2001,2040
1997,2045
2011,2040
2000,2046
2000,2039
1996,2015
1987,2055
1999,2064
1996,2044
1998,2029
2000,2035
1996,2011
1997,2040
2011,2015
2012,2009
2015,2059
2019,1995
2021,2024
2023,2025
2029,2040
2036,2026
2039,2044
2054,2019
2056,2023
2042,2025
2063,2022
2069,2003
2072,2059
2078,2007
2081,2029
2086,2028
2085,2031
2082,2056
2099,2037
2108,2022
2096,2011
2110,1998
2118,2057
2126,2063
2123,2021
2134,2015
2131,2060
2138,2056
2136,2072
2143,2024
2144,2009
2135,2047
2133,2043
2138,2025
2147,2021
2142,2017
2142,2060
2129,2064
2131,2063
2136,2056
2128,2063
2117,2041
2121,2071
2120,2041
2112,2039
2107,2079
2101,2069
2101,2070
2097,2066
2098,2043
2080,2035
2079,2064
2071,2033
2072,2063
2066,2028
2059,2035
2052,2064
2039,2001
2037,2027
2027,2072
2029,2064
2023,2042
2011,2063
2013,2030
2004,2029
2007,2064
2005,2025
1995,2005
1993,2063
1997,2052
1987,2044
1992,2025
1979,2063
1984,2005
1980,2079
1992,2030
1992,2027
1990,2069
1992,2030
1982,2044
1997,1991
1995,2055
1991,2056
2003,2039
2003,2053
2010,2009
2008,2005
2009,2032
2008,2047
2019,2020
2015,2027
2024,2055
2029,2007
2025,2021
2044,1993
2044,1991
2055,2041
2059,2069
2069,2015
2069,2027
2073,2060
2075,2048
2080,2029
2088,2057
2091,2043
2096,2021
2100,2013
2105,2035
2108,2017
2109,2051
2117,2024
2108,2037
2123,2060
2119,1999
2123,2019
2127,2023
2135,2054
2120,2070
2120,1997
2118,2017
2118,2048
2115,2044
2117,2008
2103,2019
2115,2075
2104,2043
2097,2063
2098,2077
2103,2027
2093,2033
2092,2015
2083,2065
2079,2059
2072,2064
2074,2011
2070,2038
2058,2030
2037,2068
2051,2041
2041,2066
2047,2021
2032,2035
2029,2067
2028,2051
2009,2024
2015,2007
2011,2037
2000,2019
1999,2063
1997,2047
1992,2023
1977,2008
1987,2039
1984,2040
1984,2022
1981,2075
1981,2015
1971,2067
1981,2063
1980,2035
1979,2068
1981,2019
1979,2061
1979,2021
1984,2078
1994,2028
1997,2044
1999,2028
2011,2043
2012,2025
2005,2045
2015,2054
2021,2079
2025,2001
2021,2043
2034,2040
2032,2063
2046,2007
2045,2040
2063,2019
2058,2043
2075,2019
2073,2003
2069,2067
2075,2073
2087,2068
2090,2038
2089,2046
2089,2044
2103,2076
2099,2057
2103,2074
2112,2025
2117,2021
2127,2071
2126,2068
2128,2061
2135,2006
2133,2023
2129,2017
2127,2037
2132,2070
2135,2046
2125,2066
2127,2009
2125,2023
2117,2047
2121,2065
2107,2074
2108,2040
2113,2074
2108,2013
2103,2023
2104,2029
2090,2028
2091,2039
2079,2045
2080,1999
2080,2065
2074,2068
2072,2023
2053,2040
2055,2071
2041,2068
2041,2025
2032,2056
2023,2071
2017,2044
2016,2007
2024,2052
2003,2083
2007,2023
2007,2052
1992,2056
1984,2069
1992,2035
1981,2035
1981,2080
1983,2055
1977,2074
1979,2025
1975,2043
1965,2072
1972,2062
1976,2068
1971,2056
1971,2044
1983,2035
1975,2045
1975,2040
1989,2041
1991,2023
1996,2035
1993,2055
2005,2038
1992,2039
2005,2029
2013,2032
2011,2064
2017,2057
2012,2063
2023,2047
2035,2029
2037,2037
2039,2043
2042,2065
2055,2037
2063,2072
2071,2021
2070,2021
2073,2007
2077,2011
2080,2074
2089,2043
2088,2080
2099,2073
2097,2069
2103,2060
2107,2095
2103,2039
2101,2057
2109,2045
2119,2057
2115,2066
2116,2002
2125,2074
2120,2024
2116,2045
2112,2044
2107,2011
2117,2041
2107,2035
2108,2090
2100,2033
2099,2053
2099,2039
2090,2041
2091,2077
2083,2021
2086,2021
2079,2072
2081,2052
2070,2025
2055,2063
2063,2027
2045,2036
2042,2055
2036,2012
2025,2041
2031,2062
2024,2015
2012,2027
2010,2092
2013,2039
2003,2059
1991,2023
1994,2030
1981,2067
1989,2022
1974,2033
1975,2065
1971,2042
1963,2017
1973,2043
1971,2033
1965,2052
1976,2025
1968,2011
1964,2055
1963,2072
1975,2051
1975,2057
1971,2070
1979,2052
1984,2027
1975,2030
1989,2063
1980,2078
1996,2017
2001,2067
2007,2025
2006,2028
2007,2047
2009,2040
2025,2040
2024,2059
2029,2018
2041,2068
2039,2056
2043,2029
2052,2030
2043,2035
2071,2074
2072,2047
2074,2054
2080,2044
2085,2027
2081,2069
2071,2081
2089,2041
2101,2056
2104,2021
2091,2056
2112,1997
2103,2021
2106,2035
2113,2030
2120,2043
2119,2043
2120,2019
2113,2063
2120,2028
2123,2011
2111,2013
2109,2019
2109,2064
2101,2052
2104,2060
2091,2042
2092,2038
2089,2043
2085,2021
2080,2023
2086,2043
2074,2044
2064,2063
2063,2054
2060,2019
2040,2045
2041,2057
2024,2066
2020,2030
2024,2034
2024,2063
2015,2035
2012,2053
2007,2021
2003,2072
1991,2020
1992,2027
1984,2063
1980,2019
1978,2057
1970,2011
1971,2024
1968,2040
1960,2036
1969,2033
1965,2043
1963,2043
1961,2077
1959,2012
1958,2028
1949,2068
1962,2012
1955,2032
1963,2057
1968,2071
1972,2021
1965,2066
1975,2035
1971,2033
1975,2066
1990,2038
1987,2029
1995,2005
1999,2025
2003,2024
2008,2013
2018,2018
2011,2009
2024,2042
2023,2063
2035,2078
2025,2037
2035,2055
2041,2046
2052,2030
2062,2074
2063,2056
2072,2026
2073,2044
2079,2065
2080,2021
2083,2019
2083,2064
2088,2041
2096,2054
2099,2076
2097,2071
2109,2078
2100,2055
2107,2060
2104,2060
2115,2063
2103,2076
2104,2080
2107,2056
2099,2035
2101,2057
2093,2075
2099,2078
2083,2028
2088,2003
2087,2067
2077,2077
2069,2069
2069,2055
2071,2035
2063,2012
2055,2060
2056,2053
2055,2042
2040,2017
2027,2024
2025,2039
2020,2009
2016,2055
2020,2053
2012,2028
2004,2025
1997,2041
1989,2029
1981,2063
1980,2060
1973,2034
1972,2063
1964,2011
1964,2080
1957,2071
1965,2009
1953,2043
1955,2056
1964,2035
1956,2035
1949,2028
1952,2033
1955,2045
1956,2025
1953,2053
1960,2042
1961,2048
1964,2023
1971,2021
1959,2025
1976,2017
1972,2067
1980,2035
1978,2043
1978,2075
1996,2064
1992,2051
1995,2063
2007,2001
2011,2008
2020,2067
2016,2070
2025,2003
2037,2020
2039,2054
2037,2013
2040,2009
2048,2057
2063,2019
2055,2037
2063,2035
2069,2033
2071,2078
2086,2076
2089,2028
2087,2055
2087,2053
2092,2072
2093,2059
2103,2037
2099,2007
2105,2022
2105,2047
2103,2067
2105,2056
2094,2031
2107,2065
2104,2057
2100,2019
2091,2035
2091,2063
2095,2019
2089,2009
2081,2072
2079,2068
2077,2054
2075,2013
2075,2017
2065,2065
2059,2075
2056,1995
2053,2048
2044,2029
2035,2068
2029,2029
2033,2004
2017,2063
2021,2063
2015,2065
2002,2071
2006,2009
2000,2052
1991,2079
1998,2017
1988,2057
1990,2055
1975,2080
1983,2019
1978,2029
1965,2057
1974,2066
1979,2018
1973,2037
1971,2059
1973,2053
1976,2072
1971,2043
1975,2035
1977,2056
1975,2005
1973,2089
1987,2041
1979,2088
1991,2040
1989,2059
2003,2044
2005,2056
2006,2029
2015,2045
2019,2068
2016,2088
2030,2055
2022,2068
2040,2060
2043,2066
2040,2021
2043,2017
2056,2017
2063,2025
2071,2020
2071,2025
2080,2067
2079,2056
2083,2021
2089,1997
2094,2055
2098,2062
2103,2035
2103,1993
2120,2057
2121,2024
2120,2048
2116,2065
2127,2015
2123,2038
2121,2056
2127,2077
2125,2025
2129,2021
2126,2011
2123,2029
2127,2005
2121,2039
2107,2052
2119,2037
2117,2059
2113,2021
2103,2076
2105,2060
2092,2025
2095,2056
2093,2019
2079,2033
2075,2040
2077,2003
2065,2073
2063,2020
2056,2068
2043,2060
2045,2043
2035,2087
2023,2060
2027,2043
2019,2039
2016,2019
2012,2053
2003,2068
1991,2039
1998,2080
1995,2034
1979,2056
1987,2086
1982,2017
1983,2037
1981,2015
1971,2069
1972,2037
1969,2067
1963,2086
1968,2017
1971,2064
1973,2039
1976,2057
1980,2057
1973,2063
1981,2048
1991,2024
1981,2017
1982,2064
1987,2052
1995,2023
2002,2033
2007,2025
2008,2012
2015,2056
2018,2036
2025,2019
2028,2062
2035,2011
2035,2040
2047,2063
2048,2056
2063,2070
2063,2048
2069,2055
2078,2027
2079,2017
2088,2058
2080,2011
2089,2048
2089,2040
2099,2047
2101,2041
2106,2034
2107,2067
2121,2065
2121,2056
2131,2053
2121,2032
2129,2013
2121,2021
2127,2068
2128,2045
2127,2066
2128,2043
2124,2070
2121,2056
2108,2055
2124,2058
2115,2038
2112,2063
2116,2011
2097,2059
2096,2058
2096,2069
2093,2039
2081,2041
2088,2043
2067,2058
2073,2076
2074,2073
2063,2009
2057,2041
2047,2077
2037,2080
2037,2031
2031,2057
2027,2011
2016,2057
2024,2043
2018,2068
2013,2056
2008,2013
2006,2025
1988,2071
1992,2055
1980,2053
1997,2027
1984,2033
1986,2041
1992,2025
1987,2056
1988,2055
1985,2009
1988,2071
1977,2063
1987,2017
1977,2064
1987,2072
1992,2029
1992,2024
1989,2041
1997,2036
2003,2063
2007,2017
2007,2040
2012,2036
2019,2035
2023,2084
2021,2041
2032,2013
2027,2021
2044,2028
2037,2033
2054,2047
2067,2055
2057,2080
2071,2065
2075,2005
2076,2001
2073,2053
2085,2024
2089,2066
2096,2053
2099,2063
2107,2040
2115,2041
2104,2063
2112,2029
2120,2065
2120,2018
2120,2075
2125,2044
2130,2040
2133,2023
2125,2068
2131,2033
2131,2035
2110,2019
2131,2037
2121,2056
2113,2037
2118,2027
2105,2065
2107,2011
2107,2024
2103,2007
2093,2021
2092,2039
2077,2062
2091,2008
2079,2039
2072,2039
2071,2003
2063,2057
2061,1993
2053,2060
2045,2021
2039,2021
2032,2041
2030,2051
2011,2055
2011,2062
2011,2066
2011,2027
1995,2032
1990,2042
1996,2027
1982,2055
1977,2071
1973,2060
1975,2015
1973,2065
1973,2066
1978,2001
1975,2039
1975,2063
1973,2028
1965,2037
1976,2069
1976,2047
1971,2040
1971,2015
1975,2030
1973,2055
1977,2071
1977,2028
1999,2027
1993,2060
1991,2063
2008,2019
2010,2067
2011,2024
2007,2066
2017,2068
2024,2055
2021,2056
2035,1977
2035,2003
2036,2019
2056,2043
2057,2063
2068,2005
2063,2024
2077,2063
2080,2042
2081,2071
2087,2080
2089,2056
2089,2039
2093,2052
2104,2079
2101,2069
2109,2060
2116,2004
2115,2042
2121,2011
2115,2055
2120,2054
2120,2021
2119,2055
2119,2015
2123,2045
2113,2034
2119,2024
2107,2067
2117,2071
2110,2011
2105,2019
2103,2017
2096,2001
2091,2011
2095,2068
2092,2001
2088,2021
2079,2009
2077,2003
2064,2020
2057,2071
2063,2019
2039,2040
2041,2005
2040,2008
2029,2055
2029,2053
2028,2073
2007,2071
2010,2025
2007,2019
1995,2055
1997,2006
2001,2034
1981,2035
1978,2075
1977,2075
1978,2027
1980,2017
1975,2067
1979,2001
1971,2044
1976,2059
1965,2017
1971,2062
1975,2065
1965,2038
1965,2048
1965,2029
1975,2037
1979,2011
1976,2027
1987,2002
1991,2078
1995,2061
1999,2063
2000,2063
2000,2013
2009,2073
2009,2056
2018,2001
2017,2063
2025,2040
2035,2039
2032,2025
2044,2055
2040,2013
2056,2008
2056,2023
2069,2040
2077,2068
2078,2039
2073,2043
2089,2020
2083,2059
2094,2008
2104,2001
2111,2003
2115,2067
2110,2011
2117,2072
2124,2044
2121,2039
2131,2046
2127,1997
2136,2067
2131,2008
2128,2017
2135,2029
2127,1991
2121,2072
2124,2069
2131,1988
2125,2043
2107,2019
2116,2007
2118,2077
2100,2069
2107,2066
2104,2047
2106,2022
2098,2057
2091,2011
2088,2080
2085,2056
2076,2056
2072,2029
2063,2056
2063,2021
2051,2025
2043,2077
2046,2040
2040,2029
2025,2039
2021,2060
2023,2057
2011,2079
2015,2070
2010,2027
2001,2059
2003,2035
1991,2024
1995,2079
1998,2015
1991,2009
1989,2040
1979,2025
1995,2037
1984,2017
1981,2025
1995,2043
1989,2063
1987,2005
1991,2040
1997,2060
1989,2080
2006,2043
2001,2038
2007,2065
2015,2063
2019,2020
2019,2042
2028,2019
2031,2029
2027,2063
2034,2071
2044,2052
2051,2056
2055,2023
2057,2038
2069,2052
2074,2011
2069,2035
2083,2025
2076,2053
2087,2044
2092,2063
2105,2005
2108,2023
2107,2033
2117,2062
2121,2043
2127,2072
2129,2036
2129,2027
2139,2035
2141,2001
2135,2019
2137,2069
2140,2077
2140,2047
2139,2064
2143,2063
2143,2063
2143,1997
2135,2061
2137,2021
2123,2028
2121,2024
2120,2068
2121,2044
2121,2053
2108,2068
2114,2060
2096,2027
2104,2080
2097,2029
2084,2079
2079,2036
2079,2003
2074,2058
2068,2068
2063,2063
2061,2040
2053,2057
2038,2058
2039,2019
2029,2040
2030,2068
2020,2040
2011,2077
2005,2048
2011,2072
2008,2021
1995,2056
1998,2041
2008,2044
1993,2042
1997,2006
1992,2079
1994,2020
1977,2062
1989,2063
1990,2072
1991,2063
1987,2015
1981,2056
1993,2068
1996,2043
1998,2042
2001,2054
2000,2044
2001,2031
2011,2055
2016,2022
2015,2008
2026,2079
2028,2072
2035,2055
2035,2060
2045,1994
2041,2031
2035,2080
2060,2027
2063,2071
2075,1981
2073,2023
2083,2037
2083,2065
2085,2024
2085,2055
2100,2036
2105,2040
2105,2074
2108,2039
2115,2063
2122,2030
2121,2059
2130,2066
2138,2066
2129,2023
2133,2033
2143,2060
2139,2036
2136,2063
2144,2033
2139,2033
2141,2075
2136,2029
2145,2068
2135,2027
2135,2057
2133,2044
2123,2040
2124,2013
2121,2011
2112,2055
2112,2069
2107,2039
2105,2019
2094,2079
2083,2025
2095,2053
2083,2063
2083,2057
2077,2072
2075,2067
2063,2038
2055,2036
2039,2054
2051,2033
2040,2024
2029,2025
2021,2075
2026,2021
2016,2015
2010,2071
2003,2038
2007,2033
2007,2056
2001,2040
2000,2007
1991,2071
1995,2036
1987,2079
1981,2046
1992,2021
1979,2061
1995,2067
1986,2038
1996,2038
1995,2065
1995,2008
1995,2027
1995,2059
2004,2072
2004,2057
2001,2048
2016,2030
2016,2054
2015,2029
2023,2034
2023,2044
2027,2079
2033,2032
2043,2015
2041,2056
2044,2026
2070,2063
2068,2035
2072,2030
2079,2023
2074,2027
2094,2019
2094,2005
2094,2069
2093,2062
2103,2063
2109,2054
2115,2058
2122,2025
2130,2005
2121,2023
2116,2033
2129,2005
2139,2023
2132,2024
2132,2031
2120,2072
2129,2040
2131,2052
2132,2060
2130,2019
2125,2035
2132,2021
2132,2034
2120,2018
2124,2029
2121,2054
2119,2009
2115,2053
2105,2056
2107,2058
2091,2019
2094,2021
2094,2025
2083,2052
2080,2055
2080,2066
2077,2008
2066,2059
2063,2077
2047,2053
2038,2069
2040,2073
2035,2059
2029,2073
2029,2054
2021,2038
2015,2070
2016,2057
2008,2041
2002,2043
1995,2035
1997,2064
1997,2015
1989,2048
1993,2039
1984,2052
1999,2065
1976,2061
1983,2065
1984,2009
1973,2011
1979,2063
1977,2087
1984,2038
1995,2036
1995,2040
2001,2026
1996,2013
2006,2027
2007,2060
2004,2068
2011,2066
2021,2060
2017,2038
2027,2003
2032,2062
2036,1997
2039,2040
2042,2035
2056,2064
2055,2058
2069,2023
2071,2077
2076,2071
2080,2068
2080,2021
2083,2035
2091,2058
2096,2017
2104,2017
2104,2040
2103,2075
2107,2073
2120,2056
2127,2056
2129,2046
2124,1992
2129,2033
2132,2039
2136,2039
2129,2075
2134,2039
2132,2021
2124,2010
2132,2044
2125,2077
2122,2048
2116,2025
2112,2035
2107,2065
2106,2068
2108,2057
2109,2055
2097,2072
2091,2005
2088,2067
2089,2054
2080,2039
2077,2015
2069,2068
2063,2068
2055,2080
2059,2023
2044,2071
2037,2080
2025,2021
2024,2027
2021,2043
2019,2071
2015,2069
2013,2040
1995,2030
2008,2059
1999,2072
1994,1995
1996,2047
1992,2009
1984,2033
1981,2080
1983,2065
1989,2045
1979,2029
1981,2076
1979,2008
1981,2063
1991,2055
1977,2065
1991,1991
1981,2068
1995,2015
1993,2028
1997,2039
2003,2073
2001,2054
2007,2008
2011,2063
2021,2012
2015,2027
2023,2048
2028,2072
2032,2039
2040,2015
2043,2065
2054,2019
2067,2010
2069,2043
2063,2060
2071,2073
2080,2076
2085,2061
2087,2062
2095,2027
2099,2068
2099,2009
2104,2021
2112,2003
2117,2039
2110,2045
2131,2028
2127,2001
2133,2009
2124,2058
2129,2065
2132,2023
2133,2027
2132,2043
2141,2027
2137,2023
2141,2023
2134,2021
2129,2043
2129,2043
2131,2036
2124,2008
2115,2048
2117,2084
2107,2045
2104,2028
2106,2002
2092,2021
2093,2067
2081,2017
2088,2017
2075,2048
2075,2065
2074,2017
2067,2030
2065,2023
2054,2036
2056,2068
2038,2040
2027,2076
2032,2021
2019,2077
2024,2055
2015,2025
2012,2058
2001,2068
2006,2011
2004,2041
2000,2021
1987,2063
1995,2066
2001,2028
1996,2041
1992,2046
1997,2066
1993,2075
1994,2022
1991,2059
1996,2063
1991,2060
1997,2079
2001,2062
2005,2017
2001,2044
2012,2015
2019,2025
2023,2053
2027,2039
2029,2021
2030,2044
2027,2011
2037,2009
2040,2069
2042,2055
2063,2063
2066,2011
2065,2063
2073,2066
2075,2064
2093,2019
2091,2023
2096,2075
2094,2029
2103,2056
2104,2063
2109,2005
2117,2063
2117,2059
2123,2021
2133,2080
2130,2030
2135,2009
2140,2035
2139,2043
2143,2017
2143,2071
2147,2036
2143,2046
2143,2039
2140,2052
2145,2066
2139,2073
2133,2045
2129,2063
2139,2071
2133,2009
2121,2046
2120,2030
2118,2043
2119,2055
2101,2037
2107,2055
2098,2076
2089,2023
2087,2055
2085,2015
2087,2046
2072,2077
2069,2044
2069,2070
2043,2019
2031,2068
2043,2040
2040,2019
2023,2057
2029,2047
2021,2063
2007,2077
2018,2021
2003,2013
2007,2047
1993,2067
1991,2074
1994,2039
1987,2053
1991,2025
1979,2073
1987,2040
1990,2037
1976,2072
1973,2040
1981,2011
1992,2067
1992,2021
1992,2030
1993,2072
1992,2056
2000,2024
2002,2043
2005,2080
2003,2080
2008,2017
2020,2031
2019,2029
2024,2056
2023,2053
2029,2064
2034,2072
2041,2042
2051,2036
2045,2068
2059,2037
2057,2048
2075,2039
2071,2048
2069,2033
2081,2021
2079,2035
2089,2042
2099,2074
2105,2021
2095,2042
2111,2040
2105,2041
2112,2073
2123,2072
2119,2027
2125,2030
2128,2019
2135,2027
2130,2035
2124,2052
2131,2007
2136,2039
2129,2058
2129,2045
2129,2043
2109,2009
2120,2037
2115,2045
2112,2066
2115,2072
2105,2011
2088,2075
2099,2009
2092,2023
2088,2043
2085,2067
2075,2072
2071,2015
2073,2063
2070,2071
2052,2033
2060,2027
2043,2056
2033,2036
2033,2024
2034,2048
2013,2045
2018,2063
2015,2001
2003,2021
2004,2055
2000,2017
1997,2072
1973,2088
1990,2026
1981,2055
1980,2029
1979,2051
1983,2039
1979,2053
1974,2080
1981,2036
1976,2057
1976,2094
1969,2064
1975,2041
1980,2062
1972,2069
1986,2065
1986,2064
1991,1997
2001,2033
2004,1993
2012,2007
2010,2009
2015,2039
2014,2008
2021,2025
2024,2025
2024,2071
2038,2067
2037,2075
2039,2037
2056,2015
2055,2063
2065,2056
2075,2024
2085,2063
2082,2048
2087,2057
2093,2067
2097,2059
2098,2071
2105,2017
2103,2031
2104,2064
2107,2033
2122,2059
2122,2063
2128,2088
2125,2037
2128,2073
2135,2062
2133,2056
2131,2080
2136,2025
2136,2028
2136,2017
2136,2034
2125,2075
2128,2047
2124,2068
2119,2009
2108,2066
2107,1995
2109,2055
2107,2063
2100,2080
2093,2009
2089,2067
2085,2056
2076,2068
2081,2004
2065,2005
2072,2021
2063,2035
2043,2025
2037,2025
2033,2056
2025,2055
2028,2037
2019,2041
2013,2072
2015,2029
2004,2038
2008,2068
2004,2040
1995,2021
1993,2075
1997,2068
1992,2071
1991,2039
1981,2069
1988,2005
1979,2041
1977,2027
1981,2066
1991,2065
1992,2019
1981,2041
1992,2029
1989,2066
1993,2055
2006,2008
1990,2045
1997,2023
2005,2057
2015,2072
2016,2056
2031,2021
2025,2027
2028,2001
2023,2039
2027,2025
2039,2023
2041,2055
2055,2040
2063,2072
2063,2065
2063,2058
2072,2063
2072,2076
2081,2032
2087,2065
2091,2042
2101,2030
2101,2067
2105,2045
2110,2063
2117,2055
2120,2072
2123,2063
2127,2068
2121,2075
2131,2060
2128,2017
2118,2055
2129,2064
2135,2032
2131,2045
2137,2027
2128,2021
2125,2017
2123,2063
2126,2063
2118,2076
2113,2029
2105,2077
2109,2019
2101,2053
2095,2019
2091,2023
2100,2043
2089,2039
2084,2040
2080,2048
2077,2043
2067,2023
2070,2009
2055,2044
2037,2071
2039,2072
2040,2005
2024,2071
2024,2069
2018,2048
2014,2056
2016,2021
2017,2047
2001,2021
1999,2007
1997,2027
1992,2045
1989,2046
1991,2034
1992,2009
1981,2017
1981,2053
1974,2077
1979,2071
1978,1999
1984,2056
1981,2012
1987,2038
1982,2056
1977,2058
1992,2067
1998,2041
1994,2043
2008,2015
2002,2012
2005,2070
2007,2021
2012,2019
2024,2023
2024,2038
2027,2044
2026,2043
2035,2028
2040,2069
2040,2030
2061,2027
2063,2037
2065,2033
2063,2029
2075,2063
2071,2035
2089,2041
2090,2043
2097,2058
2100,2079
2103,2043
2109,2061
2114,2017
2120,2066
2115,2039
2136,2044
2121,2059
2127,2040
2124,2063
2127,2021
2131,2071
2131,2054
2139,2077
2134,2080
2133,2080
2136,2040
2134,2059
2135,2068
2119,2009
2123,2037
2124,2035
2119,2076
2112,2056
2116,2023
2108,2033
2108,2026
2093,2011
2088,2091
2088,2027
2078,2075
2071,2071
2068,2044
2072,2077
2071,2035
2056,2055
2055,2062
2039,2083
2033,2047
2031,2029
2035,2082
2025,2075
2018,2065
2013,2023
2015,2043
2011,2015
2003,2057
2006,2063
2002,2080
2003,2051
1987,2022
1993,2030
1992,2026
1996,2029
1996,2052
1993,2061
1995,2082
1992,2010
1999,2012
1995,2039
2004,2033
2000,2044
1999,2009
2009,2077
2011,2077
2016,2037
2015,2010
2026,2025
2029,2055
2036,2029
2030,2080
2041,2073
2041,2026
2042,2011
2063,2037
2071,2089
2073,2056
2079,1976
2085,2063
2088,2057
2096,2019
2100,2037
2103,2071
2108,2053
2106,2032
2117,2011
2115,2061
2132,2005
2121,2033
2137,2044
2138,2007
2140,2018
2143,1977
2144,2023
2145,2029
2152,2029
2145,2060
2148,2026
2148,2011
2148,2027
2142,2023
2139,2071
2141,2029
2139,2057
2127,2015
2123,2035
2131,2039
2132,2053
2120,2063
2122,2067
2117,2044
2101,2072
2093,2064
2096,2044
2095,2055
2075,2039
2081,2001
2080,2037
2069,2053
2071,2020
2065,2015
2053,2054
2039,2036
2032,2001
2027,2057
2028,2037
2025,2077
2023,2037
2013,2019
2009,2030
2008,2043
2008,2029
2000,2005
1999,2054
1990,2063
1994,2087
1989,2062
1992,2027
1996,2010
1995,2025
1992,1991
1993,2034
1997,2029
1991,2021
2000,2078
2003,2057
2000,2019
2007,2055
2012,2040
2016,2079
2018,2019
2020,2040
2017,2005
2030,2048
2030,2061
2039,2021
2029,2011
2051,2023
2056,2091
2063,2069
2066,2029
2073,2042
2072,2037
2075,2041
2077,2033
2085,2056
2096,2063
2099,2007
2103,2020
2108,2064
2116,2054
2116,2072
2125,1993
2127,2036
2125,1991
2121,2013
2134,2023
2138,2029
2140,2056
2143,2027
2140,2043
2133,2078
2143,2053
2124,2047
2137,2035
2137,2040
2121,2025
2125,2072
2131,2072
2114,2029
2120,2063
2118,2003
2112,2017
2108,2036
2097,2073
2100,2012
2091,2029
2086,2017
2077,2063
2079,2044
2070,2076
2069,2077
2057,2071
2043,2095
2044,2067
2037,2057
2029,2048
2029,2009
2023,2071
2020,2025
2011,2015
2001,2070
2005,2051
2003,2077
1998,2069
1993,2079
1997,2044
1983,2080
1994,2017
1983,2030
1987,2011
1981,2052
1983,2071
1992,2021
1979,2036
1984,2053
1987,2023
1989,1997
1991,2003
1992,2014
2002,2020
1989,2056
1992,2067
2003,2063
2015,2001
2003,2043
2015,2015
2024,2009
2023,2028
2028,2055
2032,2063
2029,2071
2033,2065
2056,2021
2056,2033
2063,2079
2070,2013
2075,2056
2073,2058
2079,2067
2090,1997
2088,2035
2097,2060
2105,2061
2104,2044
2108,2001
2105,2035
2123,2045
2124,2043
2128,2005
2119,2018
2121,2072
2125,2052
2121,2046
2131,2075
2136,2023
2123,2043
2123,2035
2125,2043
2133,2031
2132,2041
2124,2017
2119,2025
2124,2078
2118,2055
2115,2065
2119,2080
2111,2076
2102,2076
2105,2057
2092,2041
2090,2079
2088,2072
2078,2033
2075,2041
2070,2027
2071,2055
2062,2027
2043,2072
2044,2033
2039,2029
2032,2042
2029,2048
2021,2038
2011,2043
2020,2020
2007,2069
2000,2068
1995,2045
2000,2083
1988,2075
1997,2067
1999,2006
1999,2018
1991,2063
1992,2052
1987,2068
1992,2027
1994,2036
1987,2034
1992,2029
2000,2084
1999,2019
2000,2076
1993,2040
2008,2060
2006,2031
2005,2060
2007,2029
2016,2055
2022,2071
2021,2080
2025,2067
2029,2040
2035,2067
2039,2044
2041,2059
2051,2022
2063,2027
2067,2059
2071,2039
2077,2047
2078,2043
2090,2039
2095,2016
2099,2011
2104,2055
2108,2074
2112,2013
2121,2018
2123,1992
2128,2067
2126,2005
2138,2027
2123,2067
2141,2056
2135,2019
2137,2055
2135,2046
2145,2075
2140,2044
2143,2017
2133,2017
2135,2060
2135,2068
2135,2029
2124,2068
2132,2011
2128,2079
2123,2075
2121,2075
2105,2056
2107,2067
2108,2003
2108,2063
2096,2064
2091,2027
2088,2066
2081,2039
2083,2019
2074,2027
2066,2010
2057,2073
2059,2040
2033,2035
2040,2037
2027,2012
2025,2060
2027,2005
2020,2040
2012,2063
2013,2044
2012,2041
2001,2023
2003,2065
2006,2052
1991,2040
1999,2025
1992,2012
1989,2047
1980,2040
1992,2019
1994,2035
1975,2075
1977,2015
1993,2044
1992,2035
1996,2064
2002,2025
1997,2027
2005,2071
2011,2048
2011,2043
2009,2031
2010,2037
2019,2055
2028,2060
2027,2066
2028,2025
2037,2068
2044,1992
2053,2045
2063,2025
2056,2057
2072,2037
2075,2065
2082,2025
2075,2088
2083,2039
2089,2069
2091,2062
2101,2080
2104,2043
2106,2071
2108,2035
2115,2037
2125,2055
2135,1999
2125,2055
2133,2017
2133,2080
2138,2051
2140,2063
2144,2064
2137,2056
2140,1998
2131,2078
2137,2035
2138,2011
2134,2019
2132,2021
2130,2071
2115,2079
2120,2058
2119,2017
2117,2037
2100,2017
2101,2028
2099,2056
2093,2072
2092,2033
2089,2069
2077,2029
2076,2037
2075,2047
2057,2072
2057,2052
2053,2065
2044,2071
2039,2034
2033,2036
2039,2059
2016,2015
2015,2063
2012,2039
2001,2011
2007,2068
2003,2083
1995,2071
1991,2025
1989,2027
1987,2065
1984,2009
1989,2037
1995,2024
1992,2056
1985,2075
1996,2055
1987,2027
1979,2040
1984,2033
1991,2072
1995,2086
2007,2053
1995,2063
2003,2064
2017,2033
2019,2038
2015,2012
2027,2037
2029,2048
2032,2070
2034,2029
2045,2063
2056,2024
2057,2023
2055,2048
2071,2066
2071,2047
2071,2025
2087,2020
2088,2037
2095,2047
2107,2015
2093,2059
2101,2043
2109,2035
2120,2072
2125,2005
2133,2015
2136,2019
2128,2023
2136,2021
2133,2043
2137,2055
2148,2023
2151,2011
2151,2009
2145,2023
2152,2019
2140,2055
2145,2029
2148,2068
2143,2055
2137,2076
2135,2080
2136,2005
2131,2053
2132,2068
2117,2018
2117,2043
2120,2047
2108,2019
2106,2056
2103,2069
2098,2039
2099,2027
2085,2056
2088,2036
2081,2067
2075,2045
2057,2056
2066,2074
2057,2017
2039,2029
2055,2041
2032,2040
2027,2027
2029,2056
2024,2072
2021,2039
2018,2075
2017,2037
2008,2071
2013,2057
2007,2057
2003,2072
2001,2064
2001,2024
2008,2025
1995,2040
2005,2013
2008,2042
1995,2032
2001,2017
2011,2033
2012,2060
2014,2048
2016,2035
2016,2017
2015,2044
2023,2063
2024,2040
2032,2035
2025,2063
2027,2038
2044,2057
2055,2037
2054,2019
2065,2018
2073,2078
2080,2060
2079,2056
2088,2057
2092,2071
2091,2067
2099,2010
2103,2060
2109,2043
2118,2032
2119,2077
2121,2013
2119,2003
2129,2040
2139,2042
2143,2063
2144,2023
2137,2037
2144,2060
2151,2025
2147,2039
2143,2040
2146,2047
2143,2029
2147,2044
2149,2055
2148,2039
2139,2036
2135,2080
2151,2063
2137,2039
2135,2013
2127,2027
2119,2073
2124,2060
2106,2071
2109,2075
2103,2059
2093,2054
2093,2048
2087,2011
2077,2029
2072,2053
2076,2068
2063,2073
2063,2005
2043,2070
2053,2055
2036,2024
2038,2043
2029,2080
2029,2035
2022,2052
2011,2057
2005,2066
2012,2029
1995,2039
1997,2025
2003,2001
1989,2057
1994,2026
1992,2040
1996,2040
1989,2084
1989,2039
1987,2034
1997,2033
1990,2037
1992,2042
1997,2057
1998,2070
1995,2004
2003,2025
2004,2048
2010,2005
2015,2029
2020,2039
2019,2015
2018,2005
2021,2072
2029,1999
2036,2011
2041,2001
2039,2053
2047,2043
2055,2047
2055,2043
2075,2055
2078,2012
2079,2009
2078,2017
2089,2033
2097,2019
2101,2057
2101,2044
2115,2071
2105,2071
2114,2029
2123,2060
2116,2062
2131,2033
2121,2044
2131,2036
2135,2009
2133,2035
2136,2055
2137,2001
2135,2072
2137,2052
2134,2019
2145,2015
2132,2025
2134,2028
2131,2073
2117,2059
2121,2063
2115,2024
2116,2018
2102,2081
2104,2041
2105,2063
2087,2042
2092,2007
2087,2043
2075,2063
2077,2055
2075,2037
2076,2059
2064,2019
2056,2053
2044,2041
2051,2084
2033,2027
2029,2059
2025,1997
2026,2002
2011,2029
2011,2039
2012,2051
2006,2065
1997,2005
1993,2038
1995,2035
1999,2072
2000,2063
1990,2019
1979,2053
1996,2080
1991,2007
1992,2040
1989,2003
1988,2035
1993,2046
1996,2052
1991,2037
2003,2063
2004,2068
2006,2043
2003,2055
2015,2023
2015,2001
2024,2041
2014,2029
2032,2027
2032,2053
2035,2035
2039,2028
2062,2007
2063,2011
2066,2017
2067,2025
2067,2071
2075,2040
2083,2038
2080,2048
2095,2071
2091,2063
2103,2091
2102,2079
2115,2009
2107,2017
2120,2064
2123,2072
2124,2024
2125,2067
2133,2080
2138,2017
2133,2063
2135,2036
2141,2011
2140,2076
2139,2044
2144,2070
2143,2021
2137,2037
2145,2058
2129,2068
2135,2063
2131,2024
2136,2001
2131,2038
2123,2051
2120,2080
2125,2040
2108,2024
2108,2039
2116,2079
2107,2060
2108,2078
2101,2024
2096,2035
2075,1992
2088,2031
2083,2039
2071,2045
2069,2070
2066,1993
2063,2056
2064,2015
2057,2067
2048,2072
2047,2080
2039,2024
2035,2068
2027,2088
2037,2017
2031,2080
2025,2078
2028,2059
2029,2009
2023,2024
2013,2032
2011,2057
2019,2070
2025,2033
2019,2059
2011,2073
2019,2064
2021,2065
2017,2067
2008,2076
2030,2047
2037,2060
2036,2019
2027,2055
2041,2040
2041,2027
2051,2062
2063,2076
2056,2063
2065,2031
2071,2078
2073,2064
2075,2052
2075,2017
2085,2013
2091,2080
2100,2001
2096,2065
2107,2048
2111,2046
2108,2056
2106,2041
2118,2011
2118,2035
2127,2051
2119,2001
2131,2068
2135,2012
2142,2036
2148,2035
2131,2040
2131,2041
2135,2073
2144,2056
2135,2071
2135,2004
2140,2091
2141,2041
2143,2023
2135,2029
2131,2021
2131,2029
2124,2080
2119,2072
2120,2079
2119,2035
2105,2044
2111,2017
2104,2060
2091,2013
2103,2064
2087,2063
2091,2036
2083,2080
2077,2011
2069,2080
2070,2037
2067,2012
2055,2067
2056,2021
2035,2088
2039,2015
2040,2057
2025,2069
2019,2073
2011,2072
2004,2027
2005,2081
2007,2056
2008,2064
2001,2063
2008,2071
2003,2053
1999,2057
2001,2035
2003,2068
1999,2001
1992,2070
1994,2017
1995,2079
2004,2021
2008,2039
2009,2074
2011,2011
2009,2066
2017,2015
2025,2032
2021,2057
2029,2035
2029,2066
2040,1999
2035,2043
2048,2032
2053,2056
2063,2060
2070,2070
2064,2028
2072,2021
2080,2034
2088,2023
2079,2039
2103,2048
2099,2056
2108,2077
2105,2019
2122,2040
2127,2059
2128,2038
2131,2040
2137,2043
2136,2044
2147,2005
2155,2033
2159,2079
2153,2023
2155,2038
2164,2021
2161,1989
2157,2030
2165,2047
2157,2046
2167,2035
2162,2033
2156,2071
2163,2031
2163,2017
2159,2041
2156,2091
2150,2037
2147,2055
2145,2041
2137,2068
2133,2080
2133,2062
2131,2053
2129,2055
2124,2024
2119,2055
2116,2008
2103,2063
2095,2063
2098,2035
2091,2035
2085,2058
2077,2068
2078,1997
2066,2042
2067,2061
2063,2040
2053,2053
2055,2063
2039,2071
2035,2025
2037,2053
2032,2055
2032,2011
2021,1997
2032,2038
2021,2062
2028,2072
2032,2058
2028,2041
2029,2071
2024,2070
2027,2055
2035,2021
2029,2063
2039,2036
2028,2063
2039,2048
2043,2027
2043,1999
2060,2007
2057,2045
2070,2032
2071,2063
2070,2011
2075,2056
2071,2039
2090,2017
2098,2011
2106,2035
2104,2032
2113,2051
2115,2035
2115,2045
2123,2064
2128,2048
2133,2029
2132,2039
2144,2043
2152,2071
2155,2021
2151,2056
2156,2041
2168,2021
2162,2031
2165,2078
2171,2078
2172,2033
2179,2020
2184,2007
2182,2037
2165,2013
2172,2053
2169,1999
2172,2065
2169,2003
2167,2019
2167,2026
2168,2028
2167,2030
2161,2056
2158,2040
2149,2035
2137,2041
2144,2028
2137,2039
2139,2042
2135,2056
2127,2025
2119,2090
2119,2043
2108,2040
2096,2044
2091,2058
2098,2011
2080,2007
2075,2019
2078,2026
2067,2071
2067,2058
2058,2025
2055,2039
2039,2039
2047,2040
2043,2035
2039,2063
2027,1993
2027,2037
2032,2071
2026,2059
2028,2075
2013,2063
2027,2069
2025,2075
2023,2040
2031,2048
2021,2045
2028,2043
2030,2055
2035,2025
2032,2028
2037,2019
2043,2021
2035,2063
2044,2043
2043,2065
2059,2024
2063,2026
2055,2058
2067,2055
2067,2040
2076,2035
2087,2057
2080,2026
2087,2013
2089,2069
2096,2068
2107,2068
2111,2056
2108,2040
2103,2048
2118,2021
2123,2047
2124,2068
2128,2027
2131,2031
2131,2072
2138,2032
2129,2045
2140,2027
2144,2035
2143,2023
2141,2007
2135,2040
2135,2063
2143,2038
2139,2017
2132,2005
2125,2052
2133,2017
2131,2058
2125,2035
2121,2069
2124,2077
2113,2039
2107,2091
2101,2044
2100,2043
2092,2033
2083,2042
2080,2004
2080,2057
2068,2057
2071,2034
2035,2038
2043,2046
2047,2025
2037,2071
2027,2011
2026,2041
2027,2015
2019,2067
2009,2032
2015,2009
2001,2065
1992,2075
1993,2007
1975,2044
1981,2065
1977,2041
1975,2042
1975,2075
1965,2063
1972,2056
1969,2055
1967,2076
1968,2019
1967,2075
1965,2010
1965,2077
1967,2052
1976,2066
1975,2037
1977,2043
1983,2064
1984,2056
1990,2043
1971,2055
1989,2023
2003,2027
2007,2028
2008,2072
2007,2067
2008,2057
2015,2069
2021,2033
2027,2080
2043,2053
2041,1981
2055,2054
2063,2055
2066,2055
2072,2056
2081,2017
2088,2040
2083,2037
2084,2035
2097,2007
2107,2054
2100,2024
2121,2036
2107,2021
2108,2037
2119,2078
2125,2032
2133,2028
2136,2035
2129,2035
2142,2037
2144,2019
2131,2040
2135,2048
2135,2039
2137,2028
2133,2029
2143,2066
2136,2035
2134,2063
2129,2056
2125,2056
2124,2009
2123,2037
2119,2088
2108,2045
2104,2035
2106,2039
2091,2067
2099,2009
2089,2025
2084,2040
2081,2089
2079,2094
2068,2031
2063,2008
2064,2063
2055,2031
2041,2071
2043,2023
2043,2087
2032,2023
2032,2022
2029,2080
2025,2055
2012,2036
2005,2063
2012,2029
2013,2037
2011,2037
2009,2057
2008,2078
2011,2037
2005,2061
2002,2048
2006,2065
2008,2063
2010,2057
2010,2069
2015,2025
2009,2043
2019,2001
2021,2017
2026,2042
2023,2057
2036,2048
2035,2072
2038,2024
2039,2025
2048,2005
2056,2058
2063,2078
2067,2048
2074,2075
2070,2042
2085,2042
2086,2030
2081,2015
2094,2044
2101,2019
2093,2039
2107,2103
2108,2065
2120,2073
2119,2061
2128,2040
2131,1977
2124,2059
2133,2009
2134,2039
2136,2065
2143,2035
2148,2063
2152,2062
2152,2025
2147,2040
2152,2042
2144,2025
2143,2011
2137,2039
2141,2070
2141,2034
2140,1997
2129,2041
2126,2035
2120,2057
2117,2063
2126,2067
2116,2055
2122,2041
2105,2033
2093,2011
2089,2058
2095,2036
2087,2054
2077,2027
2071,2080
2071,2040
2073,2077
2056,2027
2044,2069
2043,2020
2037,2017
2037,2029
2027,2072
2023,2076
2015,2088
2003,2005
2008,1999
2001,2055
1991,2028
1999,1995
1995,2027
1991,2064
1995,2073
1995,2024
1994,2053
1992,2039
1992,2067
1989,2063
1995,2080
1995,2055
2003,2040
1997,2056
2011,2033
2013,2088
2015,2042
2003,2021
2008,2037
2024,2041
2028,2019
2033,2052
2037,2011
2038,2048
2041,2063
2056,2021
2065,2080
2066,2078
2071,2052
2080,2033
2075,2028
2088,2080
2090,2075
2100,2030
2103,2068
2105,2046
2109,2072
2112,2052
2115,2044
2131,2033
2129,2064
2136,2068
2143,2031
2142,2027
2145,2009
2131,2039
2144,2031
2148,2011
2145,2024
2143,2029
2157,2038
2147,2016
2153,2025
2152,2059
2148,2028
2147,2058
2146,1997
2131,2029
2133,2058
2131,2044
2127,2029
2120,2045
2107,2035
2109,2041
2111,2072
2100,2040
2099,2043
2095,2080
2092,2068
2076,2020
2079,2038
2071,2048
2063,2007
2059,2067
2060,2103
2042,2079
2048,2080
2027,2057
2029,2068
2029,2044
2027,2007
2022,2015
2013,2019
2016,2058
2004,2068
2007,2037
2005,2023
2002,2056
2001,2028
2007,2011
2002,2024
1991,2065
2001,2084
2008,2072
1995,2067
2007,2078
2008,2055
2015,2071
2015,2063
2018,2029
2021,2072
2025,2035
2019,2035
2031,2079
2033,2058
2029,2063
2041,2056
2051,2056
2057,2078
2065,2080
2071,2075
2079,2021
2086,2027
2077,2035
2098,1992
2100,1979
2112,2059
2114,2031
2115,2056
2114,2063
2119,2041
2136,2022
2137,2068
2147,2045
2148,2025
2156,2018
2162,2019
2155,2041
2157,2056
2167,2065
2164,2035
2155,2029
2173,2016
2153,2043
2172,2023
2155,2033
2165,2067
2176,2025
2164,2082
2172,2063
2169,2056
2165,2075
2167,2108
2167,2072
2147,2079
2159,2003
2148,1993
2151,2040
2148,2066
2136,2082
2140,2040
2131,2069
2123,2103
2121,2058
2109,1975
2105,2044
2103,2023
2097,2004
2097,2033
2081,2073
2071,2056
2075,2056
2072,2077
2067,2072
2066,2039
2053,2029
2043,2063
2041,2074
2043,2111
2042,2076
2037,2063
2042,2017
2040,2071
2038,2005
2039,2065
2033,2074
2041,2043
2033,2075
2027,2063
2027,2092
2032,2069
2044,2068
2039,2080
2029,2075
2053,2035
2039,2037
2043,2024
2063,2041
2059,2003
2065,2008
2074,2003
2072,1992
2080,2028
2088,2024
2087,2023
2094,2013
2096,2035
2093,2016
2101,2023
2109,2027
2110,2037
2125,2019
2117,2066
2117,2053
2130,2055
2135,2067
2131,2025
2139,2010
2133,2063
2152,2061
2152,2032
2157,2057
2165,2033
2157,2020
2154,2023
2153,2007
2167,2025
2167,1992
2163,1979
2164,2005
2160,2025
2159,2005
2151,2031
2149,2075
2139,2083
2148,2076
2132,2047
2140,2055
2123,1993
2125,2037
2120,2063
2123,2039
2118,2025
2103,2072
2107,2054
2092,2057
2084,2036
2076,2024
2073,2076
2059,2096
2067,2043
2057,2097
2053,2073
2041,2080
2019,2068
2025,2035
2025,2019
2019,2008
2022,2019
2013,2015
1997,2080
1997,2035
1992,2037
1987,2057
1993,2063
1988,2039
1973,2043
1977,2031
1970,2037
1976,2051
1969,2067
1972,2030
1979,2036
1965,2021
1972,2039
1976,2037
1972,2040
1973,2040
1984,2063
1996,2005
2000,2021
1997,2045
2005,2053
2005,2019
2013,2030
2019,2039
2016,2063
2025,2039
2019,2025
2032,1995
2023,2040
2043,2030
2055,2039
2056,1987
2071,2025
2063,2047
2075,2042
2079,1979
2083,2040
2084,2043
2092,2045
2092,2024
2101,2030
2106,2079
2108,2040
2115,2090
2109,2092
2121,2122
2127,2076
2126,1991
2132,2035
2123,2027
2119,2055
2132,2024
2123,2033
2128,2056
2120,2022
2125,2025
2123,2071
2115,2027
2121,2076
2101,2053
2097,2073
2102,2033
2088,2065
2087,2068
2094,1977
2079,2001
2084,2022
2081,2056
2063,2066
2069,2054
2069,2027
2059,2037
2048,2025
2040,2044
2040,2068
2028,2067
2006,2100
2019,2026
2015,2053
2015,2058
2013,2009
2002,2021
1996,2040
1987,2082
1989,2084
1982,2071
1995,2018
1980,2062
1980,2063
1982,2073
1976,2056
1981,2004
1966,2040
1975,2037
1984,2071
1973,2027
1984,1994
1995,2044
1989,2047
1988,2037
1987,2058
1991,2029
1996,2065
1999,2044
1995,2071
1996,2026
1995,2