2128,2065
2129,2031
2117,2045
2117,2037
2113,2027
2117,2057
2107,2096
2114,2037
2105,2029
2095,2023
2101,2009
2091,2071
2083,2046
2080,2071
2080,2065
2076,2080
2069,2088
2065,2035
2063,2072
2051,2056
2043,2043
2037,2038
2025,2042
2025,2008
2021,2057
2024,2046
2005,2063
2008,2067
2009,2063
2001,2075
2001,2079
2003,2068
2000,2048
1999,2027
2000,2029
2000,2009
2000,2029
1998,2036
1993,2039
1996,2068
1999,2072
2000,2060
2003,2044
2011,2037
2009,2056
2004,2019
2002,2056
2013,2064
2009,2072
2020,1996
2017,2041
2023,2041
2036,2063
2041,2058
2043,2071
2059,2076
2058,2038
2059,2072
2064,2045
2067,2040
2084,2022
2080,2068
2092,2044
2092,2080
2100,2089
2104,2017
2106,2039
2106,1996
2112,2021
2125,1992
2121,2030
2133,2024
2137,2007
2137,2074
2140,2069
2135,2048
2151,2011
2147,2020
2148,2037
2143,2037
2150,2029
2135,2072
2136,2044
2146,2063
2136,2027
2144,2039
2135,2043
2127,2072
2125,2028
2129,2055
2127,2067
2124,2076
2119,1999
2114,2069
2100,2080
2097,2039
2101,2075
2089,2091
2088,2048
2083,2033
2075,2037
2074,2018
2057,2038
2063,2043
2055,2033
2053,2027
2035,2019
2033,2077
2033,2030
2029,2039
2024,2023
2021,2037
2013,2076
2010,2010
2008,2035
2003,2043
2001,2045
2001,2060
2004,2040
2001,2045
2001,2075
2000,2067
2000,2065
2000,2003
1997,2060
2003,2036
1999,2045
2005,2077
2002,2056
2004,2021
2015,2042
2012,2063
2016,2043
2022,2075
2027,2070
2023,2063
2035,2019
2042,2073
2053,2040
2053,2021
2058,2053
2059,2055
2076,2011
2071,2040
2073,2063
2089,2068
2091,2063
2093,2011
2099,2046
2115,2063
2111,2072
2115,2037
2121,2030
2123,2021
2140,2021
2127,2051
2140,2063
2133,2006
2143,2071
2144,2017
2148,2023
2145,2025
2159,2055
2156,2063
2153,2017
2159,2027
2152,2063
2153,2041
2154,2037
2145,2030
2147,2048
2148,2033
2139,2088
2144,2057
2142,2015
2136,2039
2130,2021
2132,2034
2119,2059
2112,2089
2104,2069
2109,2072
2099,2035
2094,2035
2083,2019
2080,2041
2076,2025
2067,2059
2072,2065
2060,2075
2055,2052
2043,2044
2048,2035
2038,2017
2032,2021
2019,2055
2007,2073
2022,2038
2022,2019
2007,2066
2009,2045
2011,2076
2016,2039
2007,2025
2005,2068
1994,2025
2002,2047
2004,2047
2000,2009
2001,2024
2004,2053
1997,2029
2012,2007
2003,2063
2013,2065
2020,2005
2010,2044
2019,2043
2029,2080
2027,2011
2032,2048
2028,2043
2041,2063
2047,2067
2056,2040
2060,2025
2069,2022
2069,2023
2065,2035
2073,2015
2083,2036
2093,2070
2091,2035
2097,2032
2115,2043
2104,2045
2114,2022
2123,2005
2113,2059
2123,2009
2135,1997
2137,2055
2132,2040
2139,2053
2143,2075
2137,2035
2147,2045
2144,2011
2144,2013
2140,2003
2149,2077
2145,2015
2144,2015
2143,2060
2136,2040
2141,2003
2140,2064
2133,2051
2131,2023
2128,2054
2130,2034
2120,2021
2114,2055
2104,2007
2104,2076
2104,2056
2091,2023
2097,2025
2072,2073
2075,2019
2074,2030
2077,2047
2063,2029
2051,2081
2048,2040
2043,2044
2037,2043
2030,2043
2023,2066
2020,2067
2025,2028
2020,2006
2019,2025
2013,2015
2008,2007
2008,2024
2001,2021
2007,2044
2011,2040
2009,2069
2007,2017
2008,2060
2007,2048
2007,2063
2012,2072
2005,2056
2009,2069
2019,2039
2009,2031
2024,2021
2029,2017
2031,2045
2036,2043
2042,2037
2044,2011
2053,2056
2056,2068
2053,2033
2065,2019
2073,2029
2079,2026
2083,2003
2088,2043
2093,2005
2100,2009
2101,1996
2111,2020
2112,2043
2116,2071
2121,2029
2125,2060
2135,2033
2135,2027
2135,2021
2143,2028
2152,2005
2149,2054
2156,2063
2160,2058
2168,2059
2160,2036
2164,2005
2156,2025
2155,2027
2165,2080
2152,2032
2151,2059
2153,2063
2156,2066
2157,2063
2155,2063
2157,2012
2145,2030
2144,2022
2139,2065
2133,2035
2129,2048
2128,2019
2121,2059
2117,2048
2105,2078
2105,2057
2100,2058
2087,2065
2085,2073
2083,2061
2083,2058
2074,2029
2071,2041
2068,2042
2065,2056
2044,2053
2056,2019
2033,2039
2039,2033
2040,2017
2027,2052
2027,2088
2023,2036
2027,2024
2028,2025
2024,2030
2024,2019
2020,2024
2020,2052
2023,2006
2027,2071
2025,2059
2025,2077
2021,2045
2017,2053
2028,2053
2027,2028
2042,2028
2051,2039
2044,2053
2045,2044
2053,2021
2063,2066
2063,2079
2067,2063
2073,2045
2068,2035
2081,2063
2079,2021
2089,2040
2097,2025
2101,2009
2107,2047
2116,2033
2112,2041
2134,2063
2135,2001
2136,2043
2147,2064
2149,2080
2146,2063
2139,2045
2147,2045
2155,2025
2155,2041
2155,2001
2163,2063
2168,2002
2165,2041
2171,2067
2172,2009
2168,2066
2173,2012
2163,2039
2172,2025
2170,2003
2164,2035
2163,2075
2152,2032
2157,2019
2153,2039
2151,2011
2144,2033
2135,2027
2133,2023
2129,2040
2121,2011
2114,2039
2107,2037
2101,2039
2104,2029
2102,2036
2096,2035
2087,2041
2086,2055
2074,2083
2063,2063
2065,2044
2056,2038
2055,2009
2043,2024
2031,2041
2028,2007
2021,2015
2020,2027
2019,2040
2023,2064
2013,2080
2016,2052
2019,2064
2014,2035
2007,2033
2009,2060
2012,2022
2011,2057
2005,2067
2013,2053
2011,2069
2009,2030
2011,2105
2016,2042
2015,2044
2025,2026
2027,2041
2032,2079
2031,2040
2031,2057
2039,2051
2041,2067
2055,2063
2045,2045
2066,2019
2068,2054
2067,2039
2069,2018
2082,2057
2086,2035
2090,2007
2096,2037
2087,2030
2094,2040
2108,2021
2103,2036
2104,2051
2120,2005
2124,2056
2128,2024
2135,1997
2137,2015
2133,2070
2137,2011
2140,2015
2128,2063
2147,2025
2144,1993
2150,2059
2140,2040
2141,1996
2138,2064
2137,2088
2131,2044
2129,2039
2134,2038
2128,2077
2124,2058
2121,2055
2119,2027
2103,2063
2108,2071
2105,2077
2099,2063
2096,2053
2088,2019
2087,2033
2080,2068
2073,2027
2067,2009
2065,2052
2061,2055
2042,2066
2041,2031
2027,2057
2025,2075
2026,2066
2024,1996
2013,2013
2016,2019
2008,2024
1997,2031
2001,2068
1999,2017
1994,2037
1996,1993
1999,2038
1999,2039
1996,2055
1997,2033
1996,2015
1983,2029
1991,2041
1999,2033
2003,2041
1998,2057
2001,2076
2004,2068
2012,2028
2013,2017
2012,2048
2009,2039
2019,2011
2019,2033
2023,2011
2037,2071
2041,2043
2037,2080
2053,2067
2063,2063
2069,2076
2071,2063
2073,2026
2080,2045
2088,2063
2095,2015
2088,2065
2093,2030
2102,2079
2108,2080
2118,2028
2121,2076
2129,2043
2132,2041
2130,2025
2143,2051
2143,2041
2137,2028
2139,2067
2146,2005
2151,2012
2151,2029
2153,2069
2148,2039
2156,2030
2152,2066
2137,2029
2147,2088
2139,2015
2143,2009
2137,2025
2136,2051
2140,2064
2129,2080
2131,2048
2124,2061
2122,2011
2107,2041
2119,2041
2098,2022
2099,2024
2092,2011
2091,2045
2083,2061
2075,2045
2063,2053
2063,2075
2066,2019
2045,2019
2037,2023
2040,2096
2036,2066
2035,2076
2033,1990
2028,2001
2018,2019
2013,2063
2011,2043
2009,2040
2005,2021
2013,2011
2005,2077
2008,2069
2002,2063
2004,2067
1993,2090
2009,2056
2009,2076
2010,1997
2003,2061
2012,2023
2015,2072
2008,2063
2023,2022
2018,2023
2023,2024
2021,2043
2021,2026
2032,2070
2036,2029
2039,2015
2043,2086
2055,2057
2055,2053
2056,2045
2071,2019
2072,2058
2080,2030
2081,2071
2094,2037
2089,2055
2091,2039
2100,2005
2105,2025
2111,2056
2117,2047
2114,2051
2117,1997
2128,2044
2130,2055
2135,2018
2137,2007
2133,2013
2142,2046
2145,2075
2146,2023
2143,2024
2143,2037
2140,2059
2135,2063
2131,1995
2129,1999
2129,2040
2138,2071
2126,2058
2128,2045
2123,2017
2122,2076
2108,2044
2110,2075
2105,2035
2100,2027
2091,2043
2089,2043
2086,2025
2088,1997
2078,2058
2077,2008
2063,2027
2051,2063
2057,2079
2056,2077
2035,2011
2029,2031
2021,2001
2023,2015
2015,2069
2015,2032
2007,2036
2007,2062
2003,1992
1997,2015
1997,2063
1999,2025
1991,2048
1993,1991
1991,2028
1993,2022
1992,2023
1978,2027
1994,2001
1989,2024
1994,2041
1991,2051
1998,2072
2007,2052
1999,2024
2007,2023
2013,2021
2007,2044
2021,2039
2027,2008
2028,2028
2027,2040
2040,2056
2037,2068
2055,2059
2053,2077
2066,2066
2077,2058
2067,2064
2080,2079
2077,2022
2089,2035
2092,2063
2093,2069
2103,2070
2105,2042
2108,2022
2109,2035
2123,2075
2124,2029
2121,2043
2120,2087
2136,2040
2139,2067
2137,2027
2146,2078
2143,2071
2145,2021
2155,2080
2156,2077
2148,2028
2149,2060
2154,2040
2144,2024
2143,2029
2144,2011
2133,2028
2137,2045
2132,2024
2121,2068
2123,2020
2124,2005
2121,2080
2116,2027
2108,2067
2111,2044
2091,2040
2087,2005
2085,2005
2088,2022
2085,2011
2083,2039
2072,2022
2066,2069
2063,2051
2044,2037
2041,2024
2041,2033
2038,2021
2030,2018
2023,2063
2024,2059
2016,2015
2019,2047
2022,2024
2021,2018
2015,2071
2015,2007
2016,2009
2011,2020
2011,2092
2009,2076
2007,2047
2012,2044
2018,2069
2016,2024
2005,2041
2026,2055
2021,2040
2026,2054
2030,2012
2029,1979
2039,1991
2035,2044
2054,2065
2044,2082
2044,2033
2067,2091
2057,2033
2075,1981
2079,2028
2080,2053
2086,2017
2085,2009
2093,2059
2104,2063
2110,2011
2112,2002
2120,2077
2128,2069
2126,2056
2129,2071
2141,2021
2141,2080
2152,2112
2148,2062
2158,2034
2157,2063
2168,2056
2165,2044
2164,2019
2168,2077
2169,2036
2166,2088
2163,2035
2163,2111
2155,2089
2157,2041
2160,2023
2151,2063
2157,2033
2153,1993
2152,2039
2151,2001
2139,2042
2135,2055
2132,2035
2133,2072
2123,2080
2117,2088
2117,2036
2108,2023
2109,2053
2091,2067
2094,2021
2081,2057
2080,2068
2069,2051
2073,2046
2058,1992
2063,2009
2056,2024
2047,2025
2037,2012
2024,2065
2032,2041
2011,2068
2017,2017
2013,2027
2011,2039
2013,2063
2011,2028
2011,2076
2009,2051
2001,2043
2006,2028
2012,2026
1987,2035
2011,2056
2008,2057
2007,2082
2004,2083
2014,2077
2015,2071
2016,2013
2015,2023
2017,2019
2019,2032
2029,2077
2032,2066
2035,2068
2039,2068
2039,2041
2053,2040
2051,2036
2055,2055
2065,2079
2075,2081
2080,2009
2083,2019
2086,2056
2089,2039
2093,2003
2097,1996
2104,2055
2108,2063
2120,2035
2129,2074
2115,2063
2131,2028
2116,2030
2131,2025
2135,2005
2132,2037
2136,2036
2124,2046
2139,2097
2137,2069
2135,2053
2137,2001
2136,2063
2136,2031
2131,2030
2136,2063
2124,2079
2127,2017
2127,2063
2120,2008
2112,2056
2107,2021
2099,2019
2098,2011
2089,2035
2089,2080
2081,1992
2071,2093
2075,2057
2074,2044
2063,2067
2060,2011
2052,2029
2025,2027
2040,2037
2031,2034
2019,2023
2017,2029
2011,2028
2015,2058
2007,2075
2009,2017
2003,1991
1999,2033
1977,2038
1991,2059
1989,2048
1988,2080
1987,2024
1988,2007
1981,2027
1982,2021
1984,2041
1984,2009
1975,2035
1978,2032
1979,2081
1984,2055
1993,2063
2000,2011
1997,2020
2008,2063
2005,2027
2008,2038
2014,2057
2018,2071
2025,2069
2020,2073
2029,2021
2038,2008
2042,1990
2044,2018
2053,2011
2057,2024
2068,2056
2072,2073
2073,2080
2080,2078
2075,2029
2085,2072
2085,2002
2103,2048
2100,2021
2107,2040
2120,2073
2127,2057
2120,2063
2125,2028
2129,2017
2127,2008
2138,2006
2136,1999
2139,1993
2143,2035
2139,2037
2137,2029
2139,2091
2136,2059
2136,1995
2121,2043
2131,1991
2119,1989
2130,1994
2123,1975
2125,2020
2102,2019
2107,1964
2108,2071
2103,2099
2104,2035
2099,2021
2090,2066
2081,2080
2084,2051
2074,2039
2066,2095
2068,2057
2060,2003
2053,1996
2043,1981
2039,2041
2036,1987
2023,2021
2024,2083
2022,2063
2020,2041
2017,2120
2009,2077
2001,2017
2007,2043
2000,2011
2006,2037
2007,2024
1997,2031
2007,2012
1996,2080
1999,2036
2003,2103
1996,2029
2003,2059
1995,2063
2003,2039
2011,2045
2011,2043
2011,2005
2011,1981
2020,2015
2027,2005
2022,2032
2025,2029
2035,2043
2040,2104
2051,2064
2055,2033
2054,2072
2067,2067
2072,2088
2079,2027
2088,2063
2091,2045
2084,2035
2093,2029
2092,2015
2097,2025
2107,2051
2109,2027
2121,2007
2123,2071
2129,2043
2141,2060
2131,2001
2131,2024
2137,2063
2147,2031
2152,2043
2148,2052
2148,2074
2153,2056
2143,2040
2151,2004
2146,2035
2153,2027
2152,2047
2137,2013
2137,2065
2139,2023
2137,2072
2131,2091
2118,2041
2133,2012
2120,2093
2120,1992
2103,2033
2095,2072
2093,2018
2093,2090
2076,2057
2077,2095
2081,2029
2073,2089
2077,2032
2069,2065
2055,2025
2057,2035
2042,2035
2040,2004
2039,2055
2031,2053
2024,2065
2013,2015
2009,2075
2006,2043
2004,2023
2005,2048
2005,2028
1997,2072
2001,2011
1999,1990
1982,2005
2000,2060
2001,2015
1991,2040
1991,2071
1996,2043
1995,2042
2004,2005
1997,2064
2007,2109
2004,2010
2009,2044
2018,2024
2018,2051
2016,1972
2017,2048
2027,2064
2030,2089
2030,2073
2044,2074
2040,2042
2048,1991
2063,2077
2056,2005
2068,2067
2081,2057
2080,2074
2085,2074
2073,2039
2100,2042
2089,2060
2107,2025
2113,2021
2109,2035
2124,1993
2126,2040
2128,2038
2130,2063
2131,2043
2129,2080
2139,2044
2138,2015
2150,2069
2133,2028
2143,2037
2150,2044
2143,2025
2135,2029
2131,2096
2124,2090
2135,2089
2124,2087
2119,2084
2126,2035
2112,1961
2126,1977
2112,2032
2110,1982
2119,2044
2091,2026
2095,2052
2096,2068
2082,2080
2086,2109
2079,2024
2073,2040
2066,1988
2057,2031
2057,2041
2029,2045
2051,1989
2037,2078
2029,2022
2035,2100
2025,2055
2017,2029
2015,2053
1995,2057
2001,2024
1993,2048
1991,1989
2000,2065
1995,2001
1993,2060
2003,2027
1994,2037
1992,2040
1999,2007
1992,2001
1999,2081
2000,2039
1998,2034
2007,2008
2003,2037
2001,2071
2016,2059
2011,2067
2020,2015
2025,2030
2024,2040
2027,2025
2037,2064
2037,2006
2054,2026
2048,2088
2060,2037
2073,2069
2071,2034
2079,2060
2083,2041
2073,2048
2099,2028
2095,2071
2100,2088
2104,2096
2105,2128
2120,2013
2124,2051
2123,2036
2135,2026
2133,2020
2137,2063
2140,2057
2136,2088
2143,2080
2153,2063
2151,2063
2148,2078
2152,2057
2150,2045
2152,2099
2154,2009
2148,2003
2146,2039
2144,2055
2141,2055
2131,2036
2131,2030
2131,2041
2128,2071
2121,2082
2120,2039
2105,2015
2115,2021
2099,2071
2101,2019
2091,2074
2077,2067
2080,2070
2080,2024
2076,1971
2071,2066
2069,2011
2055,2028
2044,1981
2039,2067
2032,2029
2023,2053
2032,2027
2016,2031
2024,2033
2015,2104
2008,2025
2013,2041
2006,2024
2011,2073
2004,1979
2003,2063
2001,2040
1993,2083
2007,2089
2003,2032
1999,2080
1994,2114
2004,2053
2004,2024
2011,1998
2011,2023
2012,2061
2013,2024
2019,2046
2024,2076
2028,2067
2024,2104
2034,2072
2032,2095
2040,2088
2056,2067
2053,1974
2063,2030
2066,2048
2065,2017
2065,1992
2068,2001
2084,2019
2096,2040
2087,2032
2100,2059
2107,2027
2103,2052
2101,2039
2117,2011
2108,2069
2123,1996
2124,2009
2133,1987
2137,2024
2134,2022
2136,2075
2133,2067
2139,2089
2144,2097
2148,2065
2142,2037
2141,2031
2140,1998
2138,2040
2136,2048
2140,2063
2126,2043
2124,2065
2123,2025
2124,2065
2116,2043
2105,2037
2099,2063
2101,2041
2097,2007
2095,1981
2088,1975
2088,2041
2084,2100
2066,2027
2075,2074
2063,2058
2043,1979
2053,2065
2046,2051
2039,2017
2032,2057
2029,2024
2029,2011
2009,2033
2008,1998
2005,2071
1995,2080
1996,2062
1993,2043
1994,2039
1991,2043
1987,2058
1984,2027
1987,2029
1977,2023
1981,2044
1984,2063
1985,2078
1987,2065
1969,2071
1987,2036
1996,2025
1991,1999
1995,2028
1995,2014
1979,1980
2005,2063
2007,2041
2003,2066
2004,2075
2015,2040
2019,2070
2024,2047
2032,2063
2023,2017
2039,1999
2037,2036
2039,2001
2048,2004
2066,2059
2070,2040
2067,2052
2080,2075
2081,2068
2080,2037
2082,2056
2087,2073
2095,2029
2098,2029
2105,2056
2108,2045
2106,2056
2116,2001
2120,2010
2123,2037
2131,2059
2130,2071
2129,2063
2127,2034
2120,2063
2130,1991
2119,2048
2125,2063
2105,2056
2118,2026
2116,2029
2120,2044
2112,2073
2106,2087
2097,2009
2095,2084
2091,2078
2090,2009
2080,2064
2080,2036
2080,2044
2075,2060
2057,1997
2067,2063
2061,2056
2056,2076
2043,2033
2039,2003
2031,2028
2025,2057
2020,2053
2020,1992
2019,2055
2014,2025
1997,2035
2000,2080
1994,1989
1987,2068
1984,2090
1990,2089
1984,2070
1973,2063
1984,2003
1982,2068
1977,2051
1979,2019
1977,2078
1988,2021
1990,2028
1990,2010
1991,2076
1995,2019
1999,2026
1999,2041
2006,2076
1996,2016
2007,2043
2019,2067
2020,2088
2015,2068
2028,2068
2031,2081
2035,2007
2037,2003
2043,1999
2042,2021
2053,2042
2065,1996
2069,2080
2071,2028
2084,2041
2089,2025
2088,2076
2091,2031
2103,2036
2103,2013
2115,1981
2120,2030
2116,2071
2127,2065
2136,2083
2140,2044
2134,2065
2135,2035
2144,1981
2147,2071
2148,2033
2149,2039
2137,2071
2144,2053
2144,2009
2137,2035
2139,2069
2136,2093
2140,2063
2135,2040
2135,2065
2129,2024
2125,2030
2121,2062
2104,1997
2112,2005
2103,2057
2103,2070
2097,2104
2091,2043
2075,2028
2080,2056
2074,2068
2063,2009
2063,2008
2059,2064
2054,2023
2052,1991
2034,2011
2032,1992
2034,2024
2028,2039
2011,2055
2011,2036
2020,2033
2013,2056
2005,2077
2007,2054
2003,2068
1997,2057
1992,2017
1997,2033
1995,2069
1996,2044
2005,2045
1995,2054
1995,2012
2004,2025
1995,2017
2007,2071
2004,2077
2010,2071
2016,2080
2016,2054
2019,2029
2023,2051
2027,2075
2037,2053
2032,2063
2035,2031
2035,2043
2041,2021
2043,2067
2070,2029
2059,2043
2068,2005
2071,2032
2079,2073
2077,2082
2088,2067
2089,2068
2101,2103
2099,2072
2099,2025
2108,2011
2115,2030
2119,1995
2129,1995
2132,2009
2137,2040
2139,2073
2136,2075
2139,2030
2138,2095
2137,2080
2137,2063
2151,2025
2133,2046
2139,2077
2140,2061
2136,2030
2134,2039
2125,2020
2131,2041
2118,2085
2117,2055
2110,2062
2109,2089
2099,2037
2108,2039
2100,2045
2085,2037
2092,2059
2087,2063
2073,2027
2077,2035
2072,2058
2064,2080
2061,2023
2041,2080
2043,2055
2037,2019
2031,2040
2032,2019
2011,2036
2016,1995
2009,2067
2009,2061
2009,2003
2003,2020
1995,2025
2000,2027
1995,2019
1994,2056
1999,2037
1987,2068
1995,2033
1996,2074
1992,2042
1998,2019
1992,2008
1996,2023
1996,2033
1999,2001
1998,2063
2000,2086
1998,2087
2012,2076
2011,2095
2016,2056
2017,2041
2012,1983
2029,2024
2038,2041
2036,2004
2052,2007
2052,1997
2063,2052
2057,2039
2067,2023
2063,2072
2076,2015
2081,2044
2083,2046
2091,2056
2091,2080
2095,2031
2107,2071
2109,2063
2125,2033
2125,2003
2122,2019
2121,1995
2131,2027
2139,2059
2148,2071
2141,2054
2143,2063
2148,2089
2147,2065
2146,2056
2147,2087
2145,2085
2148,2025
2133,2053
2144,2069
2138,2072
2131,2063
2139,2045
2135,2079
2124,2071
2120,2063
2119,2070
2119,2072
2120,2017
2103,2001
2109,2036
2099,2011
2095,2011
2087,2030
2071,2056
2079,2075
2076,2019
2059,2034
2065,2041
2063,2011
2046,2035
2053,2019
2035,2044
2029,2037
2019,2026
2027,2056
2024,2043
2021,2011
2011,2001
2001,2071
2013,2009
2009,2056
2010,2023
2005,2053
1996,2024
2009,2007
2008,1993
1994,2018
2003,2077
2006,2068
2003,2035
2005,2019
2007,2007
2017,2055
2019,2013
2025,2056
2027,2071
2029,2073
2029,2035
2040,2063
2033,2063
2044,2047
2046,2036
2057,2012
2062,2040
2067,2079
2076,2011
2074,2041
2080,2080
2088,2057
2092,2067
2093,2040
2103,2008
2117,1996
2115,2079
2119,2039
2125,2063
2125,2044
2136,2058
2130,2007
2129,2018
2135,2056
2139,2056
2147,2033
2145,2080
2143,2048
2154,2055
2156,1995
2144,2058
2151,2071
2139,2048
2152,2066
2152,2072
2137,2043
2121,2029
2142,2033
2135,2080
2138,2039
2130,2023
2129,2072
2108,2089
2112,2035
2101,2087
2108,2043
2093,2067
2099,2065
2083,2017
2083,2063
2075,2019
2067,2041
2072,2056
2063,2080
2059,2097
2052,2061
2037,2080
2040,2059
2027,2029
2027,2048
2019,2056
2017,2032
2007,2034
2010,2017
2004,2009
2003,2044
1997,2033
1997,2037
1993,2034
1993,2021
1995,2039
1989,2063
1984,2078
1992,1989
1991,2043
1987,2033
1987,2073
1993,2021
1989,2037
1995,2064
2000,2029
1997,2043
2001,2071
1999,2056
2009,2080
2006,2039
2019,2015
2019,2019
2030,2096
2035,2093
2037,2066
2039,2023
2035,2025
2056,2023
2060,2042
2041,2011
2068,2019
2081,2015
2063,2036
2080,2060
2081,2067
2092,2073
2088,2019
2100,2063
2107,2007
2117,1996
2109,2011
2111,2052
2119,2043
2121,2056
2125,2045
2128,2063
2126,2065
2127,2063
2132,2080
2122,2056
2130,2003
2135,2063
2124,2054
2121,2063
2120,2037
2113,2068
2103,2055
2108,2063
2104,2077
2101,2072
2095,2091
2103,2031
2093,2072
2075,2072
2080,2068
2075,2069
2073,2061
2067,2079
2067,2071
2056,2064
2056,2071
2043,2005
2036,2019
2029,2042
2023,2057
2020,2082
2018,2019
2008,2057
2008,2042
2011,1997
1995,2063
1999,2026
1981,2055
1984,2068
1991,2029
1979,2029
1979,2065
1985,2072
1984,2034
1979,2068
1982,2004
1989,2008
1985,2037
1979,2019
1991,2055
1995,2056
1991,2088
1991,2075
1997,2033
2003,2058
2001,2037
2005,2043
2015,2067
2007,2065
2023,2056
2029,2058
2031,2054
2039,2011
2035,2017
2044,2056
2056,2061
2055,2044
2067,2043
2072,2037
2075,2067
2083,2053
2081,2037
2093,2045
2088,2071
2104,2012
2101,2004
2117,2037
2119,2027
2123,2021
2124,2060
2132,2029
2133,1997
2129,2055
2139,2047
2144,2060
2137,2039
2143,1999
2154,2024
2154,2021
2137,2039
2137,2037
2139,2056
2149,2058
2145,2029
2129,2027
2139,2043
2133,2072
2125,2055
2121,2080
2125,2039
2114,2063
2112,2071
2107,2077
2101,2079
2097,2067
2093,2064
2091,2080
2088,2021
2073,2044
2075,2072
2070,2029
2069,2048
2063,2008
2054,2035
2043,2003
2040,2076
2040,2046
2031,2019
2024,2084
2019,2060
2011,2029
2008,2029
2003,2045
2008,2079
2003,2033
2002,2036
1996,2071
1993,2057
1997,2069
1996,2034
2004,2007
1998,2011
1993,2067
1997,2070
2002,2079
2005,2027
2011,2033
2005,2040
2015,2056
2007,2042
2026,2005
2030,2044
2028,2067
2035,2025
2036,2027
2040,2068
2051,2058
2053,2048
2065,2025
2056,2043
2072,2036
2075,2080
2071,2056
2092,2056
2089,2037
2091,2072
2099,2063
2104,2053
2109,2032
2107,1996
2117,2067
2123,2063
2131,2060
2134,2041
2136,2001
2136,2005
2147,2015
2145,2056
2149,2011
2139,2029
2147,2072
2153,1997
2150,2030
2145,2015
2151,2029
2144,2062
2144,2058
2142,2080
2135,2079
2136,2083
2131,2080
2135,2035
2128,2044
2125,2042
2120,2063
2115,2068
2106,2069
2104,2043
2087,2035
2091,2079
2088,2018
2088,2059
2073,2025
2070,2025
2068,2024
2063,2054
2058,2011
2055,2068
2035,2053
2022,2048
2027,1993
2031,2013
2020,2067
2013,2068
2007,2070
1997,2037
1993,2008
1997,2033
2000,2015
1987,2033
1990,2057
1999,2029
1992,2040
1991,2027
1979,2035
1989,2072
1977,2044
1991,2054
1994,2019
1987,2001
2001,2068
1997,2072
2007,2091
1995,2071
2007,2065
2003,2033
2016,2042
2016,2008
2024,2028
2024,2079
2032,2035
2032,2039
2037,2044
2043,2048
2058,2047
2058,2017
2064,2071
2069,2044
2073,2022
2077,2072
2080,2009
2091,1995
2093,2043
2087,2030
2099,2020
2099,2043
2112,2011
2121,2040
2119,2040
2122,2043
2127,2039
2125,2005
2126,2011
2132,2060
2133,2071
2138,2011
2143,2060
2138,2055
2135,2025
2131,2025
2125,2044
2137,2040
2129,2027
2126,1997
2119,2065
2110,2065
2121,2067
2115,2073
2111,2057
2113,2015
2100,2080
2096,2060
2092,2011
2094,2063
2073,2072
2076,2065
2072,2080
2067,2037
2069,2075
2052,2024
2043,2029
2038,2080
2034,2019
2037,2007
2025,2072
2024,2024
2011,2052
2008,2038
2006,2006
1993,2055
1999,2059
2001,2019
1989,2058
1979,2035
1991,2065
1981,2069
1987,2029
1979,2035
1977,2056
1991,2064
1985,2008
1977,2027
1997,2029
1993,2021
1991,2033
1992,2043
2001,2009
2001,2003
2007,2080
2004,2065
2005,2055
2024,2017
2023,2070
2028,2063
2019,2027
2031,2029
2044,2039
2041,2048
2048,2056
2063,2058
2066,2062
2073,2063
2074,2029
2071,2001
2084,2034
2096,2039
2087,2003
2099,2025
2105,2023
2106,2015
2112,2044
2121,2035
2127,2071
2124,2009
2123,2026
2133,2019
2131,2048
2141,2060
2143,2063
2143,2077
2143,2055
2141,2056
2139,2064
2136,2040
2135,2015
2136,2039
2135,2033
2131,2072
2131,2009
2131,2055
2115,2024
2119,2068
2123,2035
2119,2063
2104,2053
2099,2079
2091,2073
2089,2040
2090,2043
2088,2033
2072,2027
2069,2009
2071,2063
2053,2021
2058,2029
2046,2003
2042,2031
2039,2043
2019,2033
2027,2027
2022,2029
2021,2025
2003,2068
1997,2068
1993,2069
2003,2064
1997,2056
1995,2044
1984,2054
1992,2035
1992,2015
1993,2021
1981,2024
1975,2071
1977,2039
1973,2018
1991,2019
1988,2058
1975,2041
1987,2037
1992,2025
1995,2044
2000,2035
2005,2015
2008,2011
2009,2077
2015,2045
2022,2020
2019,2011
2026,2084
2025,2075
2040,2054
2037,2027
2043,2009
2040,2036
2053,2071
2055,2025
2074,2036
2075,2023
2076,2071
2078,2065
2091,2020
2093,2011
2097,2023
2097,2073
2099,2059
2110,2042
2107,2053
2114,2035
2123,2035
2122,1995
2129,1997
2119,2037
2123,2033
2117,2064
2123,2060
2130,2041
2127,2058
2126,2052
2125,2019
2125,2071
2112,2021
2117,2052
2115,2011
2095,2068
2099,2027
2093,2039
2098,2023
2088,2028
2093,2045
2081,2048
2078,2064
2079,2047
2063,2027
2063,2035
2063,2036
2043,2045
2037,2045
2039,2027
2040,2027
2035,2067
2025,2080
2020,2071
2007,2031
2015,2036
1994,2071
2004,2021
1995,2044
1992,2046
1977,2023
1988,2022
1981,2037
1987,2027
1978,2037
1969,2048
1978,2031
1965,2051
1969,2010
1971,2046
1973,2006
1971,2037
1975,2027
1967,2080
1980,2080
1975,2075
1989,2023
1987,2012
1994,2063
1995,2007
1993,2020
1995,2001
2005,2015
2010,2026
2017,2068
2015,2017
2023,2011
2032,2033
2041,2072
2041,2077
2040,1991
2044,2056
2064,2060
2064,2078
2071,2004
2080,2015
2080,2034
2080,2048
2091,2073
2099,2047
2099,2012
2097,2039
2105,2033
2107,2074
2113,2076
2116,2039
2107,2068
2124,2065
2119,2024
2119,2058
2129,2039
2127,2027
2121,2051
2121,2025
2127,2055
2116,2039
2120,2059
2105,2011
2111,2064
2100,2063
2104,1997
2093,2009
2091,1996
2097,2068
2089,2075
2089,2026
2080,2017
2067,2023
2069,2033
2070,2030
2058,2052
2041,2040
2055,2035
2040,2053
2037,2060
2030,2063
2024,2037
2018,2063
2016,2023
2009,2029
2009,2059
2004,2035
1989,2021
1992,2063
1988,2021
1984,2010
1979,1996
1979,2063
1983,2021
1976,2041
1975,2065
1979,2058
1979,2065
1973,2065
1979,2042
1971,2074
1979,2041
1980,2025
1984,2009
1993,2041
1985,2075
1984,2034
1991,2029
1992,2076
2007,2035
2004,2021
2010,2009
2019,2021
2009,2041
2019,2036
2030,2025
2033,2038
2040,2067
2046,2021
2038,2035
2058,2056
2055,2008
2067,2021
2075,2065
2080,2028
2076,2054
2085,2029
2093,2019
2091,2041
2093,2072
2104,2040
2105,2039
2103,2034
2115,1993
2119,2041
2127,2056
2119,2063
2117,2056
2123,2037
2128,2076
2121,2073
2135,2048
2131,2053
2130,2022
2128,2025
2123,2059
2119,2037
2112,2039
2120,2057
2112,2059
2106,2011
2104,2033
2093,2025
2094,2004
2092,2065
2088,2023
2079,2017
2081,2040
2065,2080
2063,2073
2069,2054
2056,2053
2047,2041
2039,2025
2027,2059
2035,2059
2024,2067
2011,2061
2015,2063
2015,2022
2003,2043
1996,2029
1989,2064
1994,2078
1991,2024
1987,2071
1977,2063
1978,2060
1979,2024
1977,2041
1979,2019
1981,2065
1976,2044
1975,2065
1976,2024
1965,2056
1980,2037
1976,2025
1983,2017
1989,2028
1989,2029
1994,2083
1992,2033
1991,2041
2001,2019
2001,2017
2008,2019
2009,2025
2017,2023
2019,2043
2019,2027
2032,2063
2033,2023
2035,2045
2053,2011
2041,2025
2069,2017
2067,2036
2063,2044
2075,2037
2073,2070
2083,2005
2088,2048
2100,1997
2100,2036
2104,2023
2097,2054
2101,2053
2099,2059
2107,2047
2112,2046
2113,2003
2125,1993
2117,2020
2117,1995
2123,2068
2117,2064
2120,2071
2117,2055
2107,2040
2120,2055
2105,2042
2115,2056
2104,2042
2104,2063
2094,2069
2094,2031
2088,2040
2084,2044
2078,2040
2071,2056
2079,2007
2068,2001
2063,2024
2060,2038
2041,2065
2040,2068
2027,2076
2030,2070
2027,2068
2019,2076
2018,2063
2012,2063
2005,2043
2000,2055
1980,2063
1990,2003
1986,2030
1979,2030
1993,2072
1980,2063
1973,2023
1973,2015
1969,2059
1965,2045
1971,2068
1976,2063
1979,2011
1969,2039
1976,2025
1980,2029
1981,2024
1984,2064
1984,2071
1984,2070
1993,2073
1988,2048
2003,2077
2002,2042
2001,2043
2016,2022
2017,2059
2015,2051
2017,2011
2027,2031
2027,2021
2033,2039
2053,2057
2047,2057
2059,2024
2056,1996
2063,2011
2080,2033
2083,2019
2083,2056
2095,2020
2101,2002
2097,2021
2100,2065
2109,2024
2111,2032
2120,2080
2124,2066
2119,2069
2126,2033
2128,2055
2125,2011
2133,2015
2125,2055
2130,2001
2124,2011
2123,2055
2136,2043
2127,2067
2124,2035
2110,2009
2117,2072
2120,2020
2119,2013
2108,2047
2100,2021
2106,2017
2095,2041
2093,2059
2087,2033
2088,2023
2088,2031
2073,2078
2071,2060
2070,2044
2056,2003
2051,2057
2042,2043
2044,2072
2035,2088
2029,2003
2025,2065
2024,2056
2016,2063
2007,2058
2007,2080
2000,2072
2001,2064
1996,2073
1993,2041
2000,2079
1993,2063
1991,2056
1987,2005
1980,2077
1979,2055
1989,2058
1996,2068
1990,2046
1995,2056
1987,2055
1990,2028
2000,2063
1995,2045
1996,2023
1991,2007
2007,2013
2009,1995
2021,2063
2013,2063
2023,2024
2032,2067
2035,2015
2029,2029
2054,2045
2041,2029
2060,2029
2069,2060
2065,2027
2079,2064
2073,2063
2089,2056
2089,2043
2087,2069
2092,2033
2100,2072
2108,2039
2102,2056
2117,2021
2119,2067
2124,2046
2119,2013
2132,2044
2136,2038
2130,2003
2129,2045
2139,2023
2140,2005
2141,2009
2137,2028
2129,2033
2125,2012
2129,2021
2121,2040
2129,2072
2120,2046
2119,2077
2117,2025
2120,2055
2111,2061
2107,2071
2102,2040
2091,2028
2089,2028
2090,2065
2080,2034
2080,2036
2066,2039
2067,2010
2063,2009
2044,2056
2040,2065
2031,2041
2029,2043
2031,2039
2015,2024
2025,2017
2017,2035
2007,2048
2000,2020
2007,2055
1993,2025
1989,2037
1992,2039
1990,2068
1983,2080
1981,2042
1977,2065
1989,2035
1981,2024
1983,2072
1977,2063
1977,2033
1976,2069
1984,2011
1989,2027
1977,2033
1989,2040
1993,2048
1999,2072
1996,2033
2001,2041
1997,2011
2011,2008
2011,2045
2024,1997
2028,2023
2024,2065
2024,2055
2035,2047
2041,2032
2038,2055
2055,2017
2067,2056
2071,2080
2063,2067
2075,2017
2076,2041
2086,2004
2081,2019
2097,2012
2099,2027
2106,2039
2097,2035
2109,2059
2112,2053
2122,2046
2120,2060
2116,1997
2124,2077
2125,2033
2125,2022
2121,2025
2131,2019
2125,2019
2123,2059
2120,2036
2122,2069
2112,1997
2109,2048
2111,2068
2104,2059
2108,2057
2104,2063
2100,2003
2093,2044
2090,2054
2088,2039
2076,2021
2071,2035
2063,2071
2060,2068
2055,2035
2055,2061
2041,2056
2040,2048
2033,2060
2025,2041
2011,2035
2024,2038
2013,2078
2010,2021
2008,2017
1991,2021
1992,2025
1976,2071
1991,2066
1983,2048
1981,2023
1971,2025
1977,2058
1977,2052
1976,2071
1979,2035
1964,2033
1976,2021
1963,2080
1971,2080
1980,2053
1975,2063
1971,2060
1989,2096
1979,2072
1987,2071
2004,2066
1995,2073
2001,2039
2007,2009
2014,2041
2016,2058
2020,2037
2027,2055
2035,2024
2039,2072
2054,2029
2044,2021
2056,2036
2063,2041
2063,2035
2075,2029
2079,2012
2088,2034
2091,2047
2093,2065
2091,2025
2099,2003
2108,2003
2116,2024
2124,2070
2128,2045
2121,2065
2130,2011
2123,2027
2129,2024
2139,2064
2139,2037
2139,2011
2137,2025
2131,2055
2136,2017
2129,2058
2130,2022
2131,2084
2129,2043
2127,2047
2123,2037
2124,2018
2109,2001
2109,2035
2112,2070
2097,2029
2093,2019
2094,2019
2089,2044
2093,2057
2079,2023
2069,2071
2069,2073
2066,2079
2056,2060
2055,2029
2047,2040
2040,2024
2035,2025
2033,2011
2015,2035
2027,2078
2016,2077
2014,2089
2003,2073
2007,2080
2006,2058
1999,2005
1999,2055
1996,2035
1995,2021
1991,2021
1988,2030
1992,2009
1989,2053
1994,2011
1994,2064
1996,2056
1998,2002
1991,2058
1999,2010
2000,2037
2001,2033
2014,1983
2008,2025
2016,2029
2020,2028
2024,2021
2031,2056
2032,2043
2027,2037
2043,2056
2043,2025
2043,2024
2067,2023
2071,2022
2072,2047
2077,2045
2073,2030
2088,2004
2089,2024
2092,2060
2091,2040
2103,2028
2116,2027
2119,2046
2117,2053
2115,2033
2124,2068
2122,2054
2113,2052
2126,2021
2139,2021
2132,2072
2135,2047
2139,2057
2129,2036
2133,2043
2136,2006
2131,2034
2135,2080
2132,2065
2125,2071
2119,2001
2119,2053
2120,2063
2110,2017
2104,2071
2102,2066
2103,2044
2093,2021
2092,2039
2092,2019
2073,2065
2066,2055
2072,2029
2072,2041
2063,2019
2060,2027
2052,2010
2033,2080
2035,2046
2027,2066
2016,2028
2016,2068
2016,2068
2012,2044
2007,2058
2004,2035
1995,2057
1991,2077
1993,2088
1993,2072
1992,2068
1990,2048
1981,2075
1977,2064
1984,2040
1984,2010
1991,2003
1993,2039
1980,2037
1993,2071
1995,2025
1994,2001
2000,2027
2000,2067
2005,2015
2005,2039
2012,2080
2011,2020
2020,2051
2025,2031
2011,2035
2036,2019
2040,2025
2045,2001
2040,2039
2053,2006
2057,2007
2062,2041
2065,2022
2073,2036
2081,2063
2083,2052
2093,2045
2092,2027
2103,2055
2108,2040
2108,2056
2110,2057
2120,2008
2122,2035
2127,2058
2129,2080
2131,2035
2127,2044
2136,2054
2132,2067
2140,2029
2131,2018
2131,2020
2131,2035
2138,2062
2139,2009
2136,2003
2121,2011
2121,2069
2119,2063
2120,2011
2117,2017
2106,2041
2107,2069
2105,2055
2100,2063
2100,2068
2092,2011
2088,2019
2084,2046
2080,2068
2076,2071
2071,2064
2063,2041
2055,2003
2053,2039
2037,2080
2037,2063
2035,2027
2027,2034
2023,2007
2018,2053
2015,2039
2013,2078
1995,2065
2000,2068
1997,2027
1999,2063
1995,2023
1989,2037
1993,2022
1992,2021
1999,2025
1987,2063
1995,2025
1988,2065
1991,2071
1995,2071
2007,2033
1994,2043
2008,2071
2007,2033
2009,2057
2008,2063
2016,2066
2011,2019
2024,2018
2032,2034
2027,2034
2036,2037
2044,2033
2047,2027
2058,2064
2057,2075
2064,2011
2074,2023
2075,2027
2087,2028
2087,2039
2099,2047
2099,2007
2104,2080
2101,2040
2111,2048
2118,2063
2115,2043
2120,2036
2129,2079
2125,2045
2136,2025
2129,2053
2132,2009
2141,2060
2146,2058
2142,2055
2135,2032
2141,2067
2137,2046
2137,2029
2138,2007
2136,2053
2131,2035
2139,1996
2129,2052
2127,2056
2124,2068
2115,2066
2116,2008
2111,2021
2107,2040
2095,2021
2097,2028
2088,2040
2089,2043
2075,2042
2072,2061
2067,2035
2060,2009
2043,2024
2045,2045
2040,2003
2031,2067
2031,2056
2029,2037
2015,2024
2016,2036
2017,2076
1994,2027
2003,2038
1996,2045
1987,2021
1989,2071
1982,2044
1981,2053
1977,2060
1977,2055
1979,2048
1984,2040
1983,2069
1984,2009
1982,2064
1988,2073
1977,2071
1989,2028
1999,2063
2001,2012
1993,2044
1998,2068
2006,2063
2011,2025
2001,2025
2010,2058
2023,2035
2021,2021
2035,2058
2036,2071
2039,2048
2051,2026
2058,2075
2060,2045
2069,2003
2063,2027
2069,2037
2075,2044
2083,2054
2094,2024
2089,2068
2104,2063
2104,2066
2104,2013
2106,2070
2111,2005
2107,2056
2115,2071
2119,2037
2120,2056
2129,2046
2133,2002
2134,2009
2134,2010
2129,2048
2135,2053
2131,2034
2123,2048
2124,2039
2115,2065
2121,2065
2115,2063
2108,2071
2109,2071
2105,2023
2092,2033
2091,2019
2094,2019
2081,2063
2087,2060
2080,2024
2063,2021
2065,2072
2054,2001
2057,1995
2045,2057
2043,2066
2040,2052
2021,2030
2009,2004
2025,2071
2016,2080
2009,2067
2003,2020
1995,2071
1989,2021
1981,2048
1990,2079
1987,2037
1980,2043
1979,2011
1971,2029
1982,2019
1975,2035
1976,2078
1967,2029
1983,2042
1983,2075
1971,2051
1971,2018
1982,2019
1983,2077
1990,2065
1995,2095
1997,2033
1991,2027
1986,2037
2006,2053
2007,2062
2005,2032
2016,2076
2024,2055
2027,2011
2022,2027
2027,2042
2041,2044
2043,2075
2033,2066
2067,2024
2069,2043
2065,2064
2072,2028
2084,2047
2079,2029
2088,2033
2093,2075
2096,2043
2104,2044
2112,2056
2112,2034
2116,2072
2108,2022
2117,2063
2127,2064
2126,2056
2121,2057
2133,2025
2133,2032
2137,2079
2133,2060
2135,2037
2123,2037
2123,2027
2123,2041
2121,2068
2120,2063
2121,2080
2119,2071
2111,2068
2104,2039
2104,2041
2096,2021
2096,2093
2092,2025
2083,2053
2077,2069
2071,2080
2074,1991
2068,2023
2053,2033
2058,2080
2037,2017
2043,2041
2037,2056
2025,2063
2029,2053
2022,2019
2009,2037
2012,2007
2003,2054
2008,2041
2003,2055
1995,2029
1996,2035
1996,2022
1983,2066
1990,2060
1989,2069
1984,2039
1992,2011
1992,2080
1991,2077
1989,2078
1989,2033
1995,2105
1989,2007
1989,2003
2003,2039
1995,2063
1999,2048
2017,2055
2011,2043
2011,2045
2022,2043
2024,2023
2031,2041
2025,2021
2040,2010
2043,2080
2048,2003
2061,2032
2064,2077
2072,2009
2072,2047
2085,2035
2085,2078
2086,2029
2090,2040
2099,2056
2099,2040
2104,2008
2109,2009
2110,2021
2121,2030
2121,2025
2119,2042
2127,2070
2135,2072
2137,2038
2136,2066
2133,2003
2138,2058
2138,2043
2140,2039
2139,2058
2133,2053
2131,2066
2121,2044
2124,2064
2127,2043
2118,2044
2112,2048
2115,2027
2118,2035
2104,2023
2107,2080
2101,2089
2095,2054
2088,2011
2088,2011
2076,1995
2072,2019
2072,2035
2063,2035
2063,2072
2051,2013
2047,2091
2029,2063
2028,2001
2031,2040
2026,2072
2023,2089
2012,2063
2012,2044
2007,2011
1991,2043
1999,2025
1996,2037
1993,2057
1993,2071
1996,2037
1981,2039
1989,2031
1979,2029
1984,2076
1996,2040
1992,2060
1981,2044
1995,2011
1996,2035
2004,2043
1989,2061
1999,2011
2008,2032
2009,2039
2016,2060
2024,2055
2024,2043
2024,2057
2027,2023
2025,2033
2038,2034
2043,2029
2043,2035
2057,2009
2065,2041
2068,2065
2071,2007
2083,2019
2080,2072
2081,2057
2097,1995
2100,2024
2105,2007
2106,2040
2111,2034
2111,2038
2122,2048
2127,2043
2129,2064
2132,2080
2136,2052
2136,2079
2137,2071
2138,2024
2142,2019
2148,2066
2139,2036
2135,2072
2139,2022
2133,2037
2123,2030
2136,2055
2134,2080
2116,2034
2115,2033
2123,2025
2115,2046
2103,2055
2116,2025
2105,2067
2092,2029
2097,2041
2089,2070
2092,1999
2079,2009
2071,2005
2069,2063
2064,2040
2063,2007
2063,2063
2043,2072
2039,2027
2038,2066
2025,2038
2025,2003
2017,2015
2009,2001
2011,2089
2004,2071
1996,2033
2005,2034
1989,2093
1987,2067
1993,2048
1991,2005
1989,2019
1984,2078
1981,2059
1993,2045
1992,2056
1979,2080
1989,2009
1989,2024
1996,2054
1993,2055
2009,2040
2008,2043
1997,2021
2013,2020
2015,2071
2020,2055
2022,2026
2023,2039
2029,2075
2036,2067
2041,2024
2041,2048
2053,2036
2056,2072
2065,2011
2065,2019
2065,2048
2084,2080
2087,2057
2091,2009
2089,2073
2087,2043
2107,2038
2109,2056
2112,2048
2111,2055
2117,2063
2119,2025
2119,2039
2133,2015
2135,2039
2133,2029
2140,2035
2140,2053
2139,2039
2133,2042
2135,2048
2138,2013
2133,1999
2125,2063
2135,2074
2120,2076
2115,2040
2131,2038
2107,2069
2105,2041
2107,2057
2106,2039
2104,2029
2104,2048
2089,2053
2088,2037
2080,2041
2077,2079
2068,2039
2072,2023
2064,2070
2053,2037
2039,2067
2044,2003
2033,2063
2029,2073
2026,2057
2027,2063
2020,2056
2007,2026
2005,2044
2007,2025
1998,2021
1994,2028
1994,2028
1997,2025
1993,2033
1981,2057
1996,2030
1989,2057
1992,2021
1987,1991
1988,2063
1991,2057
1993,2039
1991,2056
2000,2032
1996,2037
2003,2033
2007,2043
2007,2040
2005,2071
2015,2021
2019,2072
2023,2033
2026,2044
2032,2007
2027,2029
2038,2056
2048,2058
2043,2065
2065,2040
2070,2043
2070,2037
2071,2031
2075,2059
2085,2013
2083,2036
2091,2037
2097,2013
2099,2066
2097,2029
2107,2029
2115,2048
2117,2063
2128,2047
2131,2067
2129,2059
2134,2053
2136,2019
2139,2012
2135,2040
2139,2038
2133,2009
2144,2080
2136,2063
2125,2072
2125,2064
2123,2033
2133,1997
2127,2008
2116,2009
2110,2063
2112,2079
2112,2081
2109,2043
2108,2037
2100,2021
2097,2039
2075,2063
2085,2024
2083,2056
2079,2040
2063,2070
2063,2068
2064,2071
2056,2009
2053,2015
2028,2073
2030,2063
2029,2013
2019,2024
2028,2068
2015,2048
2008,2066
2008,2052
2000,2054
1991,2058
1993,2012
1975,2059
1997,2068
1989,2021
1991,2072
1980,2009
1977,2073
1987,2056
1981,2035
1984,2003
1991,2056
1997,2042
1999,2040
1994,2017
1999,2027
1998,2025
2001,2053
2015,2057
2008,2037
2020,2003
2024,2027
2027,2027
2031,2005
2033,2076
2039,2063
2041,2031
2053,2055
2053,2011
2056,2053
2069,2072
2076,2067
2078,2076
2083,2063
2087,2059
2092,2029
2085,2048
2096,2071
2107,2058
2109,2063
2108,2022
2115,2029
2122,2063
2128,2015
2131,2017
2139,1997
2135,1999
2132,2042
2133,2064
2141,2072
2137,2074
2133,2028
2131,2029
2135,2005
2137,2027
2127,2075
2135,2074
2123,2070
2128,2056
2124,2042
2113,2058
2115,2063
2112,2041
2105,2068
2093,2065
2103,2033
2089,2053
2092,2083
2086,2015
2074,2033
2067,2043
2065,2087
2063,2076
2062,2044
2039,2035
2044,2037
2031,2019
2029,2025
2023,2006
2021,2017
2019,2023
2005,2040
2005,2036
2001,1993
2000,2043
1995,2043
1993,2064
1991,2063
2000,2059
1984,2060
1992,2043
1979,2033
1995,2072
1988,2073
1989,2065
1992,2053
1997,2044
1991,2063
1995,2029
1997,2008
2003,2007
2009,2027
2008,2039
2015,2015
2017,2017
2017,2017
2027,2056
2030,2069
2031,2065
2039,2039
2040,2063
2041,2056
2059,2035
2063,2065
2067,2042
2075,2024
2071,2022
2081,2080
2081,2063
2100,2028
2091,2059
2092,2071
2105,2018
2109,2033
2117,2007
2118,2019
2130,2053
2131,2071
2131,2055
2143,2040
2140,2068
2140,2078
2135,2064
2146,2015
2144,2061
2143,2061
2141,2065
2140,2005
2147,2040
2137,2056
2140,2025
2129,2045
2129,2053
2132,2071
2123,2056
2126,2078
2112,2075
2107,2034
2107,2001
2106,2066
2103,2076
2095,2080
2092,2074
2088,2067
2080,2066
2076,2033
2067,2044
2057,2015
2059,2020
2051,2070
2047,2012
2040,2043
2040,2017
2027,2073
2021,2080
2029,2023
2016,2037
2007,2070
2007,2073
2008,2073
2001,2057
2005,2058
2003,2043
1995,2040
1993,2043
2000,2064
1999,2019
1990,2033
1993,2041
1995,2039
1992,2035
2000,2021
2005,2013
2009,2067
2008,2092
2007,2043
2020,2072
2022,1997
2013,2018
2020,2005
2021,2034
2032,2060
2042,2020
2041,2035
2051,2063
2059,2019
2063,2015
2069,2023
2072,1993
2071,2052
2083,2048
2088,2056
2091,2060
2092,2044
2099,2069
2105,2053
2105,2036
2119,2027
2115,2019
2117,2039
2125,2069
2125,2067
2127,2005
2137,2023
2133,2047
2137,2036
2143,2033
2148,2063
2144,2053
2149,2056
2136,2024
2138,2039
2147,2056
2139,2074
2136,2047
2135,2065
2123,2043
2130,2041
2121,2020
2108,2071
2107,2057
2105,2041
2108,2015
2103,2017
2094,2048
2083,2032
2093,2040
2081,2055
2079,2060
2068,2025
2069,2067
2067,2054
2063,2043
2043,2023
2042,2021
2028,2060
2031,2089
2027,2063
2024,2035
2023,2009
2003,2044
2001,2028
1997,2063
1995,2023
2000,2070
1992,2034
1992,2021
1981,2031
1987,2077
1991,2035
1991,2013
1984,2019
1990,2035
1979,2063
1989,2073
1988,2032
1993,2015
1987,2021
1995,2025
1992,2067
2003,2061
2003,2037
2011,2035
2013,2027
2007,2024
2010,2056
2023,2041
2028,2042
2029,2028
2034,2042
2053,2021
2043,2008
2059,2030
2057,2045
2064,2048
2067,2035
2078,2060
2083,2048
2083,2045
2085,2042
2095,2042
2104,2079
2106,2052
2107,2039
2116,2055
2120,2073
2119,2037
2132,2054
2131,2027
2120,2019
2127,2055
2131,2029
2125,2023
2125,2056
2131,2063
2123,2030
2129,2063
2132,2042
2133,2056
2129,2025
2128,2039
2122,2033
2117,2011
2105,2040
2105,2074
2103,2043
2101,2075
2102,2019
2087,2024
2092,2029
2082,2063
2081,2027
2076,2068
2071,2025
2063,2045
2043,2063
2043,2029
2042,2034
2038,2027
2023,2072
2020,2055
2027,2034
2021,2072
2016,2063
2008,2021
2008,2012
1987,2059
1999,2021
1989,2059
1995,2045
1992,2088
1987,2040
1991,2075
1984,2017
1992,2023
1993,2033
1977,2019
1975,2044
1991,2035
1984,2029
1981,2041
1992,2065
1999,2062
1992,2063
2008,2037
2002,2066
2010,2071
2012,2037
2015,2070
2025,2016
2023,2063
2035,2063
2036,2018
2045,2040
2036,2046
2057,1995
2064,2039
2067,2051
2080,2067
2081,2058
2079,2015
2089,2010
2087,2022
2096,2041
2107,2028
2104,2071
2107,2040
2117,2027
2117,2063
2127,2053
2132,2039
2135,2015
2139,2075
2136,2019
2144,2023
2142,2032
2145,2063
2148,2041
2148,2047
2148,2034
2130,2036
2135,2063
2139,2033
2137,2079
2133,2037
2133,2017
2135,2061
2124,2055
2122,2033
2119,2037
2118,2058
2115,2080
2106,2005
2107,2072
2097,2023
2077,2015
2080,2071
2082,2070
2076,2063
2072,2073
2067,2072
2039,2040
2063,2080
2055,2075
2039,2017
2031,2037
2028,2043
2025,2055
2016,2055
2009,2019
2009,2034
2003,2056
2006,2042
2003,2056
1999,2060
1988,2017
1996,1997
1979,2031
1996,2052
1993,2040
1997,2045
1992,2035
1996,2011
2000,2011
1990,2027
2004,2065
1994,2040
2003,2061
2003,2019
2009,2026
2005,2075
2007,2069
2020,2029
2027,2063
2019,2045
2023,2039
2036,2007
2039,2019
2053,2065
2048,2026
2045,2081
2063,2054
2070,2041
2077,2011
2091,2025
2087,2047
2093,2019
2090,2024
2102,2024
2110,2024
2114,2069
2124,2029
2120,2048
2131,2028
2132,2026
2132,2023
2136,2040
2139,2060
2139,2065
2142,2045
2141,2011
2139,2053
2137,2066
2139,2063
2145,2063
2143,2063
2141,2027
2139,2042
2134,2057
2136,2043
2129,2038
2132,2057
2120,2071
2118,2078
2111,2076
2107,2011
2111,2051
2101,2019
2095,2025
2087,2019
2083,2028
2080,2065
2072,2079
2072,2017
2068,2048
2063,2020
2045,2007
2044,2063
2035,2017
2036,2048
2030,2057
2019,2030
2015,2068
2016,2037
2007,2015
2008,2038
2008,2028
1995,2072
1999,2040
1999,2058
1999,2009
1998,2043
1992,2061
1997,2063
1993,2033
1989,2076
1993,2019
1991,2037
1983,2016
2002,1997
1992,2063
1993,2032
2008,2054
 2009,2041
2009,2080
2009,2029
2019,2008
2019,2067
2021,2005
2025,2040
2039,2041
2042,2040
2043,2028
2039,2039
2051,2043
2045,2015
2076,2017
2075,2033
2076,2040
2080,2023
2088,2013
2093,2041
2099,2071
2102,2037
2099,2067
2112,2011
2121,2060
2123,2005
2121,2031
2135,2077
2136,2067
2135,2056
2136,2020
2139,2028
2135,2029
2139,2056
2147,2071
2133,2006
2133,2025
2139,2045
2139,2034
2144,2043
2127,2025
2129,2035
2129,2044
2119,2041
2127,2043
2115,2007
2112,2072
2110,2043
2101,2057
2109,2025
2096,2017
2096,2021
2089,2025
2088,2021
2077,2062
2067,2072
2075,2060
2071,2039
2061,2058
2043,2072
2029,2067
2021,2061
2027,2063
2023,2077
2021,2073
2018,2066
2015,2013
2001,2072
2008,2053
2001,2011
2002,2039
1996,2029
1995,2077
1996,2090
1997,2073
2000,2026
1987,2027
1993,2040
1992,2035
1998,2040
1999,2006
1990,2048
2003,2056
1999,2072
2008,2046
2003,2071
2003,2072
2016,2066
2009,2044
2019,2081
2030,2011
2027,2036
2035,2069
2031,2043
2040,2072
2055,2067
2058,2055
2067,2048
2059,2052
2072,2070
2076,2043
2084,2054
2094,2041
2089,2043
2092,2055
2093,2072
2105,2026
2115,2042
2113,2040
2122,2043
2121,2029
2133,1995
2135,2017
2139,2056
2135,2073
2142,2009
2144,2072
2147,2043
2147,2015
2123,2039
2150,2071
2144,2042
2138,2073
2144,2035
2135,2029
2132,2057
2133,2041
2136,2021
2128,2005
2112,2063
2107,2040
2105,2039
2111,2039
2099,2028
2107,2040
2091,2062
2085,2041
2090,2055
2069,2040
2074,2064
2076,2023
2072,2037
2058,2055
2044,2057
2045,2065
2040,2020
2032,2080
2034,2057
2012,2063
2018,2063
2015,2056
2009,2035
2002,2067
1999,2043
1995,2047
1991,2033
1992,2048
1998,2005
1991,2063
1997,2059
1992,2009
1986,2067
1992,2055
1995,2059
1980,2072
1996,2064
2001,2004
1991,2048
2007,2036
2004,2040
1995,2027
2002,2037
2015,2009
2020,2025
2013,2073
2011,2054
2031,2040
2027,2067
2036,2042
2039,2039
2043,2071
2063,2024
2063,2040
2069,2064
2067,2012
2084,2017
2080,2040
2093,2044
2087,2037
2093,2047
2099,2073
2109,2040
2112,2017
2123,2036
2123,2043
2123,2021
2135,2040
2124,2066
2135,2072
2143,2021
2135,2006
2144,2066
2151,2052
2144,2038
2142,2068
2138,2056
2140,2023
2136,2042
2135,2035
2129,2044
2139,2025
2123,2025
2119,2023
2127,2076
2118,2072
2109,2064
2104,2029
2106,2048
2087,2063
2088,2045
2088,2055
2088,2044
2079,2071
2081,2039
2065,2040
2053,2041
2045,2027
2042,2033
2036,2054
2039,2027
2033,2064
2023,2062
2015,2039
2015,2077
2005,2063
2012,2027
2000,2039
1987,2036
1995,2075
1991,2025
1992,2039
1984,2080
1988,2058
1988,2005
1987,2020
1987,2080
1983,2012
1975,2076
1984,1992
1981,2033
1987,2035
1976,2053
1991,2040
1996,2043
2001,2069
2004,2048
2007,2024
2008,2036
2011,2038
2016,2021
2009,2020
2027,2070
2029,2017
2029,2061
2040,2060
2059,2075
2056,2063
2060,2034
2059,2064
2069,2058
2079,2037
2081,2063
2074,2077
2093,2069
2093,2041
2096,2056
2094,2026
2112,2040
2124,2054
2117,2046
2119,2011
2121,2009
2118,2056
2132,2051
2131,2008
2137,2029
2139,2004
2139,2037
2137,2018
2125,2041
2127,2037
2133,2044
2131,2064
2121,2047
2119,2060
2125,2080
2120,2017
2107,2072
2103,2043
2111,2055
2104,2033
2091,2035
2096,2060
2085,2009
2088,2019
2074,2040
2070,2009
2063,2071
2056,2029
2056,2067
2056,2018
2047,2028
2041,2026
2033,2067
2029,2055
2026,2043
2023,2038
2011,2039
2016,2030
2009,2040
2006,2023
1995,2064
2000,2074
1991,2031
1988,2047
1989,2072
1989,2064
1989,2066
1988,1999
1983,2056
1992,2034
1990,2095
1987,2042
1989,2021
1995,2028
1991,2070
1993,2056
2007,2035
2009,2005
2003,2066
2017,2011
2017,2075
2022,2027
2027,2035
2021,2015
2036,2040
2037,2024
2039,2025
2042,2038
2059,2035
2063,2064
2071,2009
2076,2017
2075,1989
2087,2015
2085,2017
2089,2011
2100,2054
2099,2056
2104,2065
2117,2063
2113,2039
2123,2026
2122,2039
2124,2035
2136,2012
2125,2023
2135,2036
2146,2029
2147,2029
2139,2039
2146,2072
2144,2080
2148,2038
2136,2025
2139,2041
2143,2073
2136,2037
2139,2043
2136,2024
2128,2015
2136,2024
2128,2061
2124,2044
2116,2067
2105,2043
2101,2053
2097,2045
2097,2051
2087,2024
2099,2012
2080,2044
2080,2079
2067,2055
2063,2060
2057,2011
2056,2072
2040,2040
2055,2012
2035,2066
2034,2079
2030,2042
2024,2039
2023,2035
2015,2060
2011,2073
2008,2036
2008,2011
2003,2057
2007,2069
2003,2015
1989,2024
1997,2003
2000,1999
1999,2063
1986,2040
1995,2058
2000,2068
2006,2017
2007,2043
2001,2044
2007,2023
2009,2025
2008,2063
2017,2044
2018,2022
2029,2028
2027,2034
2036,2043
2033,2032
2039,2040
2051,2037
2061,2060
2063,2038
2063,2069
2065,2075
2076,2027
2078,2060
2088,2056
2085,2027
2089,2009
2089,2029
2109,2072
2108,2042
2112,2048
2117,2040
2115,2037
2121,2011
2131,2058
2131,2058
2131,2035
2139,2077
2137,2038
2144,2042
2143,2015
2147,2017
2140,2063
2144,2063
2143,2052
2144,2066
2140,2075
2140,2018
2135,2023
2123,2061
2127,2015
2121,2048
2119,2025
2118,2027
2112,2008
2112,2027
2109,2066
2100,2048
2091,2035
2092,2009
2085,2048
2071,2029
2069,2020
2066,2067
2064,2052
2061,2074
2055,2033
2042,2021
2027,2038
2033,2019
2029,2048
2019,2079
2007,2041
2005,2071
2012,2036
2001,2036
2003,2043
1997,2048
2001,2067
1989,2015
1984,2043
1989,2043
1981,2018
1993,2029
1979,2010
1975,2066
1977,2056
1984,2055
1976,2061
1991,1991
1981,1995
1987,2025
1997,2037
1995,2013
1997,2020
2005,2056
2007,2024
2013,2063
2009,2063
2027,2072
2029,2063
2027,2058
2040,2048
2044,2068
2053,2063
2055,2021
2063,2088
2071,2072
2071,2075
2082,2009
2080,2007
2091,2046
2099,2075
2097,2065
2096,2017
2103,2055
2108,2019
2123,2035
2116,2059
2120,2046
2128,2044
2131,2068
2134,2080
2140,2051
2144,2060
2144,2042
2137,2046
2141,2064
2143,2043
2129,2027
2129,2057
2125,2037
2135,2009
2130,2060
2135,2039
2126,2076
2108,2041
2115,2067
2112,2045
2105,2015
2107,2072
2103,2028
2091,2008
2083,2017
2084,2044
2075,2072
2071,2057
2063,2023
2066,2006
2063,2055
2052,2058
2041,2023
2039,2066
2029,2041
2025,2073
2030,2031
2020,2030
2011,2027
2010,2068
2010,2033
1997,2057
2003,2077
1995,2066
2001,2053
1993,2063
1995,2064
1987,2043
1991,2001
1981,2030
1991,2040
1989,2028
1987,2041
2001,2025
1996,2009
1989,2001
2005,2032
1995,2018
2004,2005
2007,2040
2013,2064
2018,2018
2021,2033
2023,2073
2026,2043
2035,2058
2040,2045
2039,2069
2041,2056
2053,2011
2059,2019
2072,2077
2076,2071
2071,2063
2085,2056
2088,2043
2092,2041
2094,2036
2093,2043
2104,2021
2109,2057
2107,2051
2123,2019
2124,2063
2132,2056
2133,2041
2136,2080
2135,2072
2139,2034
2143,2037
2136,2028
2140,2001
2147,2021
2145,2001
2137,2036
2140,2021
2139,2024
2139,2063
2137,2080
2132,2018
2121,2007
2123,2054
2127,2063
2120,2025
2109,2029
2112,2080
2109,2063
2102,2070
2096,2072
2094,2009
2090,2068
2089,2046
2075,2045
2071,2065
2067,2056
2063,1993
2057,2036
2035,2027
2044,2021
2033,2088
2035,2033
2026,2022
2024,2074
2015,2068
2003,2054
2003,2063
2011,2054
1998,2059
2000,2029
1997,2019
1989,2019
1983,2063
2000,2077
1988,2071
1993,2058
1988,2075
1989,2066
1997,2068
1989,2071
1991,2033
2001,2025
2001,2079
2008,2024
2008,2021
2012,2044
2017,2062
2005,2035
2020,2036
2021,2053
2027,2073
2033,2020
2035,2055
2039,2007
2051,2076
2059,2047
2065,2020
2063,2048
2078,2045
2081,2048
2086,2022
2089,2011
2091,2019
2101,2063
2103,2025
2099,2027
2120,2042
2124,2064
2115,2061
2127,2010
2128,2037
2132,2036
2130,2053
2131,2071
2139,2040
2139,2056
2143,2064
2144,2056
2149,2009
2143,2021
2133,2058
2138,2088
2133,2017
2127,2059
2121,2056
2124,2057
2128,2029
2124,2035
2107,2029
2108,2025
2098,2023
2099,2015
2099,2025
2091,2071
2087,2063
2088,2039
2081,2043
2068,2039
2071,2036
2051,2024
2057,2039
2043,2072
2038,2019
2041,2063
2025,2029
2023,2067
2024,2065
2016,2019
2011,2036
2003,2035
2007,2051
2000,2045
1993,2037
2001,2015
1999,2036
1991,2065
1995,2043
1994,2040
1977,2028
1997,2041
1993,2042
1991,2044
1992,2017
1991,2057
2001,2070
2000,2060
1993,2068
2006,2073
2010,2035
2012,2012
2014,2022
2023,2045
2017,2056
2031,2025
2027,2037
2023,2042
2040,2052
2039,2037
2045,2041
2060,2059
2065,2080
2063,2004
2073,2046
2079,2058
2084,2053
2085,2035
2092,2048
2088,2047
2095,2043
2099,2023
2110,2021
2122,2073
2115,2035
2129,2033
2134,1997
2136,2044
2127,2063
2138,1995
2140,2048
2140,2006
2144,2043
2135,2055
2144,2076
2133,2053
2143,2059
2140,2034
2139,2056
2138,2011
2133,2021
2128,2025
2129,2025
2121,2055
2122,1987
2120,2056
2111,2005
2105,2047
2107,2070
2099,2005
2101,2027
2083,2043
2081,2067
2075,2072
2072,2007
2071,2056
2068,2051
2056,2063
2037,2041
2039,2074
2033,2041
2033,2088
2035,2068
2030,2007
2019,2066
2011,2081
2007,2043
1997,2043
2000,2052
2008,2069
2003,2020
2003,2021
2001,2048
1999,2060
1992,2017
1991,2027
1989,2027
1999,2043
2004,2063
2008,2029
2001,2030
2005,2052
2011,2060
2006,2028
2009,2029
2008,2024
2013,2045
2025,2064
2033,2072
2029,