2085,2018
2088,2071
2097,2046
2100,2003
2093,2024
2109,2021
2113,2045
2118,2008
2126,2019
2128,2040
2128,2025
2142,2072
2135,2033
2139,2042
2145,2056
2147,2011
2147,2042
2143,2028
2139,2011
2144,2055
2152,2073
2148,2035
2149,2072
2144,2079
2145,2043
2137,2063
2127,2039
2129,2067
2120,2067
2128,2056
2115,2080
2113,2075
2112,2084
2107,2059
2103,2066
2095,2005
2085,2073
2093,2071
2083,2072
2078,2011
2073,2043
2070,2063
2066,2024
2057,2089
2033,2072
2039,2005
2027,2027
2035,2044
2024,2039
2009,2064
2009,2056
2005,2071
2007,2018
2007,2076
1995,2087
2000,2063
1997,2029
1993,2068
1989,2037
1996,2021
1992,2028
1995,2026
1992,2045
1997,2021
1991,2037
1992,2026
1998,2015
2007,2063
2008,2065
2008,2017
2007,2043
2013,2056
2020,2076
2015,2057
2020,2067
2030,2029
2036,2025
2027,2047
2041,2039
2057,2040
2063,2056
2067,2040
2063,2040
2075,2039
2079,2052
2092,2025
2092,2063
2094,2072
2096,2080
2091,2043
2107,2067
2116,2011
2114,2035
2109,2055
2124,2021
2130,2037
2132,2005
2136,2065
2139,2047
2143,2041
2139,2042
2137,2054
2144,2001
2143,2033
2135,2040
2141,2080
2136,2008
2138,2010
2128,2075
2123,2045
2123,2007
2123,2028
2122,2025
2116,2011
2118,2043
2107,2022
2101,2039
2096,2029
2101,2063
2081,2073
2076,2064
2079,2038
2071,2056
2066,2023
2057,2079
2041,2068
2043,2023
2040,2025
2037,2028
2029,2053
2020,2048
2019,2021
2015,2045
2008,1999
2001,2055
1995,2063
1996,2055
1995,2031
1996,2017
1984,2055
1992,2037
1991,2071
1982,2030
1984,2075
1984,2039
1983,2060
1987,2046
1992,2051
1992,2056
1989,2044
2005,2063
1989,2068
2003,2043
2010,2080
2009,2009
2015,2043
2023,2019
2021,2044
2029,2039
2021,2036
2029,2054
2039,2054
2037,2029
2057,2056
2053,2039
2063,2017
2069,2057
2081,2039
2088,2042
2087,2068
2091,2011
2106,2019
2101,2031
2112,2042
2112,2063
2120,2063
2127,1995
2124,2029
2139,2094
2136,2072
2138,2038
2147,2073
2136,2025
2144,2084
2152,2067
2145,2035
2145,2063
2150,2055
2154,2067
2155,2041
2154,2005
2139,2027
2145,2056
2146,2027
2141,2040
2135,2029
2131,2063
2127,2045
2129,2048
2121,2025
2111,2026
2112,2072
2101,2030
2107,2055
2093,2019
2093,2003
2073,2041
2085,1997
2069,2033
2063,2055
2067,2017
2057,2056
2046,2029
2045,2034
2039,2058
2032,2029
2033,2067
2023,2079
2011,2056
2018,2066
2013,2027
2010,2033
2009,2063
2005,2027
1997,2038
1999,2047
2007,2035
2001,2058
2000,2009
1999,2063
2000,2052
1991,2048
2000,2036
2004,2063
1999,2078
2013,2066
2007,2042
2015,2036
2024,2005
2023,2003
2019,2030
2021,2043
2024,2054
2031,2041
2045,2019
2053,2027
2056,2063
2069,2015
2063,2057
2065,2063
2073,2069
2073,2026
2076,2031
2092,2043
2102,2067
2089,2008
2099,2041
2119,2065
2124,2068
2117,2069
2128,2003
2125,2056
2123,2056
2144,2033
2137,2029
2150,2008
2155,2066
2151,2072
2147,2069
2145,2045
2143,2024
2151,2048
2141,2068
2143,2068
2144,2088
2148,2040
2144,2101
2138,2005
2131,2021
2133,2071
2132,2044
2127,2019
2115,2025
2119,2030
2104,2035
2115,2063
2103,2011
2096,2015
2099,2021
2088,2041
2081,2071
2079,2011
2066,2071
2065,2053
2063,2044
2042,2043
2043,2056
2036,2039
2025,1986
2020,2066
2011,2036
2016,2029
2006,2033
1995,2017
1997,2011
1996,2019
1989,2039
1992,1981
1984,2063
1990,2037
1988,2015
1980,2079
1975,2072
1978,2035
1981,2015
1988,2059
1981,2017
1984,2027
1988,2075
1990,2090
1996,2021
1996,2033
2008,2038
2006,2021
2007,2005
2011,2027
2015,2067
2015,2035
2026,2068
2030,2055
2029,1981
2031,2039
2040,2052
2056,2040
2058,2065
2053,2043
2064,2029
2075,2054
2088,2079
2081,2071
2090,2015
2094,2023
2097,2058
2101,2058
2107,2011
2112,2036
2117,2023
2119,2029
2119,2036
2127,2035
2132,2032
2139,2068
2128,2057
2138,2027
2132,2009
2139,1997
2135,2044
2140,2063
2130,2032
2131,2069
2131,2025
2128,2066
2121,2062
2117,2059
2117,2072
2120,2042
2104,2072
2108,2028
2095,2021
2091,2015
2098,2075
2094,2048
2089,2063
2080,2080
2076,2040
2061,2011
2067,2037
2053,2009
2056,2008
2037,2043
2032,2011
2035,2056
2031,2002
2023,2068
2011,2044
2017,2043
2011,2037
1999,2031
2000,2058
1981,2045
1981,2075
1989,2061
1990,2017
1978,2065
1981,2044
1984,2055
1982,2068
1989,2057
1980,2056
1973,2067
1980,2020
1983,2066
1989,2052
1985,2005
1990,2002
2000,2033
2001,2041
1998,1993
2008,2063
2008,2037
2016,2019
2011,2007
2021,2030
2025,2063
2027,2075
2036,2086
2044,2065
2045,2075
2055,2031
2063,2079
2067,2063
2072,2038
2078,2064
2072,2037
2080,2072
2087,2057
2096,2071
2099,2024
2104,2056
2110,2041
2127,2064
2123,2036
2119,2061
2124,2026
2131,2035
2125,2054
2133,2080
2135,2039
2137,2056
2143,2035
2144,2017
2143,2025
2129,2065
2140,2036
2143,2030
2134,2020
2123,2021
2125,2039
2119,2037
2119,2015
2121,2063
2105,2029
2111,2040
2100,2037
2099,2037
2104,2027
2089,2051
2088,2021
2080,2044
2077,2021
2072,2033
2069,2011
2040,2035
2051,2028
2043,2035
2045,2053
2025,2080
2035,2025
2026,2041
2016,2035
2016,2041
2011,2057
2008,2055
2003,2030
2003,2065
2003,2053
1993,2080
2000,2064
2001,2075
1999,2062
1991,2088
1987,2017
1999,2046
1993,2045
1989,2041
1992,1995
1999,2044
1992,2043
2007,2011
2009,2018
2012,2002
2008,2037
2016,2056
2021,2048
2024,2080
2027,2028
2030,2077
2033,2063
2040,2060
2033,2067
2056,2067
2068,2039
2071,2022
2072,2017
2080,2035
2087,2032
2092,2080
2089,2073
2096,2037
2104,2053
2107,2042
2108,2068
2105,2019
2121,2010
2127,2028
2136,2040
2135,2044
2135,2058
2140,2036
2148,2029
2144,2077
2148,2063
2144,2043
2144,2055
2148,2071
2155,2056
2143,2056
2137,2041
2143,2064
2143,2012
2127,2048
2136,2027
2129,2053
2130,2025
2115,2053
2116,2057
2116,2053
2105,2036
2108,2069
2090,2040
2091,2065
2088,2042
2079,2002
2075,2075
2072,2029
2056,2063
2057,2080
2056,2021
2047,2053
2035,2002
2035,2021
2023,2055
2024,2072
2011,2027
2011,2079
2016,2043
1995,2072
1997,2041
1993,2065
1987,2056
1991,2037
1993,2075
1990,2023
1993,2039
1987,2030
1995,2072
1990,2056
1979,2072
1987,2038
1995,2021
1997,2009
1995,2011
2002,2072
2005,2057
2011,2058
2009,2067
2015,2033
2016,2063
2022,2040
2028,2044
2029,2068
2027,2015
2029,2043
2043,2041
2053,2034
2063,2056
2063,2040
2063,2035
2074,2071
2080,2044
2081,2052
2092,2019
2089,2019
2089,2063
2089,2060
2099,2068
2109,2060
2116,2007
2117,2067
2128,2034
2134,2045
2131,2018
2137,2060
2137,2025
2137,2038
2143,2035
2148,2073
2148,2021
2147,2005
2149,2041
2135,2041
2149,2027
2139,2056
2135,2064
2133,2011
2131,2067
2121,2056
2121,2048
2124,2044
2116,2011
2115,2029
2105,2035
2095,2070
2091,2035
2089,2048
2091,2068
2083,2067
2076,2025
2063,2019
2069,2058
2055,2055
2056,2021
2029,2054
2040,2023
2032,2079
2028,2015
2019,2067
2021,2043
2016,2017
2015,2061
2011,2022
1996,2048
2000,2048
1987,2055
1995,2023
1992,2079
1992,2029
1979,2062
1992,2005
1980,2023
1984,2017
1988,2054
1992,2033
1980,2053
1985,2069
1987,2059
1996,2073
1995,2067
1991,2039
2006,2035
2003,2008
2013,2031
2008,2037
2024,2070
2019,2056
2031,2020
2033,2077
2051,2056
2041,2070
2044,2059
2064,2027
2071,2008
2068,2019
2087,2044
2089,2020
2090,2027
2088,2023
2094,2019
2103,2045
2107,2033
2101,2056
2113,2065
2128,2038
2128,1997
2127,2065
2123,2047
2138,2044
2136,2019
2137,2043
2143,2021
2145,2024
2141,2077
2143,2076
2143,2059
2146,2027
2148,2010
2150,2019
2141,2017
2140,2039
2137,2074
2134,2020
2129,2039
2130,2029
2120,2035
2118,2043
2116,2053
2105,2040
2107,2036
2103,2027
2096,2030
2089,2033
2080,2037
2072,2008
2068,2071
2070,2021
2063,2012
2057,2055
2043,2043
2035,2080
2036,2068
2028,2017
2027,2023
2020,2039
2001,2045
2011,2021
1997,2039
1995,2065
2002,2027
1992,2063
1998,2029
1981,2088
1991,2009
1990,2041
1993,2052
1973,2080
1987,2043
1993,2021
1989,1995
1991,2051
1988,2071
1995,2060
1995,2037
1993,2055
2010,2021
2009,2067
2012,2066
2009,2039
2024,2009
2023,2051
2025,2066
2025,2040
2044,2005
2045,2015
2043,2057
2063,2007
2064,2068
2059,2031
2082,2017
2083,2025
2075,2064
2079,2072
2093,2029
2093,2038
2101,2027
2105,2024
2119,2017
2123,2041
2128,2013
2124,2056
2128,2019
2132,2008
2132,2039
2137,2029
2135,2063
2148,2043
2144,2068
2151,2068
2143,2056
2146,2027
2144,2020
2143,2066
2135,2031
2135,2079
2143,2072
2132,2034
2122,2025
2120,2073
2120,2044
2109,2024
2105,2017
2101,2063
2095,2075
2089,2040
2089,2062
2087,2013
2073,2003
2080,2057
2074,2083
2064,2023
2060,2029
2035,2058
2039,2020
2040,2001
2029,2055
2020,2048
2016,2063
2011,2056
2003,2044
2005,2065
1996,2075
1999,2071
1993,2046
1992,2028
1976,2071
1984,2007
1980,2048
1984,2075
1987,2059
1977,2041
1976,2024
1971,2004
1982,2037
1977,2069
1984,2017
1984,2056
1995,2060
1995,2082
2001,2011
2005,2070
1995,2040
2011,2054
2014,2043
2009,2011
2011,2015
2023,2011
2017,2065
2033,2059
2040,2056
2033,2069
2043,2064
2057,2068
2055,2056
2071,2019
2071,2004
2072,2051
2089,2041
2087,2047
2094,2033
2103,2053
2103,2051
2107,2046
2109,2046
2115,2063
2119,2043
2131,2033
2127,2079
2129,2082
2136,2056
2137,2035
2136,2065
2142,2025
2136,2063
2135,2064
2137,2043
2135,2066
2131,2033
2135,2054
2125,2003
2130,2051
2124,2035
2127,2041
2112,2008
2112,2019
2103,2043
2106,2064
2107,2052
2098,2068
2088,2037
2083,2079
2080,2054
2086,2024
2075,2071
2070,1994
2063,2075
2063,2021
2048,2064
2043,2054
2040,2028
2024,2067
2033,2039
2028,2015
2015,2075
2010,2080
2011,2055
2004,2003
1997,2071
1995,2017
2001,2021
1995,2040
1999,2045
1998,2027
1987,2064
1996,2091
1991,2038
1989,2029
1992,2019
1993,2007
1994,2019
1993,2057
2004,2018
2008,2081
2006,2029
2008,2005
2011,2042
2007,2061
2021,2063
2023,2037
2028,2025
2027,2045
2037,2043
2044,2041
2056,2033
2045,2027
2069,2024
2075,2021
2076,2033
2080,2072
2088,2015
2095,2019
2103,2021
2097,2023
2104,2048
2103,2025
2120,2007
2129,2021
2123,2028
2135,2007
2138,2053
2143,2009
2142,2032
2144,2060
2151,2022
2143,2066
2152,2065
2151,2055
2152,2060
2153,2051
2152,2036
2152,2015
2139,2057
2146,2055
2144,2027
2144,1999
2135,2056
2136,2052
2123,2018
2124,2036
2122,2052
2112,2019
2102,2041
2108,2078
2105,2043
2096,2080
2091,2074
2087,2009
2080,2057
2068,2056
2068,2051
2071,2037
2063,2055
2056,2033
2042,2022
2035,2068
2031,2058
2028,2023
2023,2051
2016,2046
2011,2065
2011,2080
2010,2019
2008,2072
1993,2060
2000,2064
2000,2036
1999,2056
1991,2051
1999,2047
2001,2088
1998,2009
1989,2055
1997,2025
1999,2084
1997,2001
1994,2029
1993,2065
2009,2068
2003,2023
2011,2041
2009,2033
2018,2040
2023,2017
2029,2063
2033,2069
2029,2063
2042,2051
2056,2037
2041,2043
2059,2008
2068,2021
2073,2034
2078,2025
2088,2011
2092,2007
2092,1987
2098,2045
2104,2062
2105,2055
2110,2008
2109,2039
2119,2037
2124,2065
2121,2037
2130,2019
2135,2008
2132,2035
2133,2044
2147,2069
2139,2079
2137,2011
2135,2035
2142,2024
2145,2019
2133,2058
2142,2055
2136,2072
2134,2039
2130,2023
2135,1999
2132,2038
2119,2035
2115,2062
2115,2067
2107,2057
2107,2043
2091,2047
2096,2009
2083,2053
2072,2030
2071,2023
2077,2043
2057,2071
2063,2051
2062,2037
2055,2045
2036,2048
2037,2042
2032,2071
2029,2068
2007,2027
2009,2060
2007,2027
2001,2042
2000,2020
2008,2063
1996,2011
1989,2069
1988,2024
1984,2055
1994,2073
1989,2072
1993,2059
1987,2011
1987,2070
1989,2054
1993,2010
1990,2040
2000,2079
1997,2038
2002,2069
2005,2033
2005,2070
2012,2053
2016,2004
2019,2005
2019,2043
2029,2045
2033,2028
2035,2053
2040,2011
2054,2072
2048,2033
2059,2037
2068,2019
2076,2027
2081,2017
2081,2071
2087,1997
2093,2019
2089,2068
2101,2003
2105,2040
2114,2055
2115,2043
2124,2011
2127,2063
2128,2070
2135,2015
2133,2088
2137,2065
2137,2048
2144,2061
2152,2047
2147,2064
2152,2040
2154,2069
2159,2054
2152,2025
2144,2057
2144,2008
2139,2073
2137,2060
2133,2018
2133,2067
2135,2056
2123,2035
2117,2064
2109,2056
2123,2053
2103,2044
2105,2075
2103,2021
2093,2060
2090,2005
2079,2069
2074,2042
2073,2040
2069,2023
2063,2045
2052,2075
2055,2078
2039,2080
2035,2071
2032,2056
2021,2069
2018,2076
2011,2044
2004,2025
2013,2045
2005,2037
2006,2038
1991,2063
1999,2015
2000,2066
1995,2025
1993,2055
1993,2040
1992,2059
1987,2066
1995,2021
2001,2027
1999,2051
2006,2008
2003,2039
2001,2037
2009,2066
2020,2018
2019,2019
2023,2054
2030,2048
2034,2023
2039,2052
2039,2040
2055,2001
2057,2030
2060,2055
2069,2077
2065,2028
2071,2023
2084,2033
2088,2027
2092,2059
2096,2077
2106,2040
2105,2023
2116,2063
2105,2040
2122,2023
2121,2072
2132,2017
2139,2022
2142,1992
2143,2063
2139,2044
2139,2059
2143,2063
2154,2035
2152,2010
2157,2059
2154,2056
2155,2052
2150,2042
2149,2003
2147,2037
2141,2041
2144,2020
2137,2071
2129,2032
2127,2071
2131,2037
2119,2088
2117,2065
2107,2009
2099,2035
2103,2036
2092,2058
2095,2008
2088,2068
2075,2039
2071,2042
2071,2025
2053,2058
2056,2027
2043,2057
2044,1995
2034,2072
2031,2022
2022,2033
2013,2044
2018,2043
2011,2057
1993,2057
1992,2063
1995,2071
1987,2009
1987,2040
1981,2040
1987,2076
1989,2036
1979,2063
1977,2071
1979,2068
1976,2015
1981,2019
1980,2055
1980,2060
1976,2029
1981,2079
1991,2023
1993,2048
1996,2061
2001,2030
2003,2040
2011,2003
2003,2039
2007,2039
2009,1995
2027,2043
2021,2071
2032,2047
2037,2072
2047,2063
2063,2017
2047,2041
2067,2039
2059,2056
2076,2040
2080,2035
2083,2011
2093,2044
2103,2028
2104,2055
2109,2041
2107,2040
2124,2033
2109,2024
2116,2040
2132,2053
2128,2027
2134,2028
2140,2063
2135,2027
2140,2043
2138,2021
2137,2039
2133,2041
2137,2072
2141,2070
2123,2014
2131,2048
2121,2033
2115,2041
2119,2077
2121,1991
2120,2017
2101,2070
2103,2044
2099,2062
2093,2063
2088,2033
2087,2063
2086,2052
2076,2058
2072,2007
2063,2001
2055,2063
2058,2075
2043,2058
2033,2044
2032,2066
2027,2011
2017,2035
2021,2076
2017,2039
2001,2079
1995,2060
2002,2067
1993,2033
1989,2066
1996,2035
1986,2047
1992,2035
1979,2065
1981,2063
1984,2037
1979,2035
1992,2058
1975,2042
1989,2023
1993,2068
1992,2055
1984,2072
2000,2035
2005,2027
2008,2023
2005,2019
2012,2039
2011,2041
2016,2056
2029,2036
2028,2072
2033,2063
2041,2027
2029,2029
2041,2044
2044,2044
2065,2060
2072,2063
2080,2025
2072,2029
2083,2068
2087,2019
2099,2072
2107,2035
2107,2052
2120,2041
2122,2034
2123,2071
2131,2073
2135,2072
2138,2069
2140,2023
2145,2066
2143,2012
2152,2019
2152,2024
2151,2042
2146,2058
2152,2074
2152,2063
2155,2027
2156,2028
2147,2044
2140,2073
2147,2043
2131,2059
2132,2063
2125,2029
2127,2080
2128,2028
2121,2076
2120,2020
2105,2069
2101,2072
2101,2044
2091,2087
2091,2058
2087,2068
2079,2023
2075,2019
2069,2056
2072,2038
2047,2063
2058,2035
2043,2080
2036,2002
2035,2025
2033,2063
2022,2019
2020,2063
2020,2023
2003,2002
2009,2068
2003,2026
2012,2040
2003,2039
1995,2029
2001,2058
2008,2047
1995,2024
2007,2036
2008,2063
2008,2063
2005,2058
2019,2015
2007,2029
2008,2043
2013,2030
2027,2092
2028,2037
2031,2081
2026,2037
2040,2027
2041,2029
2040,2069
2053,2039
2055,2048
2067,2003
2071,2051
2071,1994
2077,2043
2091,2035
2088,2039
2091,2048
2092,2081
2100,2055
2105,2063
2112,2023
2108,2045
2123,2039
2123,2054
2123,2062
2129,2044
2136,2036
2143,2021
2138,2067
2149,2020
2148,2035
2157,2042
2153,2038
2155,2033
2151,2025
2152,2028
2151,2005
2145,2055
2148,2067
2148,2037
2144,2042
2140,2042
2129,2007
2131,2037
2131,2029
2123,2075
2128,2063
2121,2029
2109,2045
2099,2021
2108,2035
2097,2019
2097,2065
2090,2043
2081,2051
2069,2073
2075,2015
2065,2053
2055,2040
2056,1997
2037,2046
2039,2033
2040,2080
2033,2040
2023,2056
2024,2024
2011,2080
2001,2023
1997,2059
2003,2033
1994,2070
2001,2015
1999,2054
1991,2041
1996,2027
1995,2091
1987,2033
1994,2027
2003,2042
2005,2073
1998,2021
1995,2054
2007,2056
2005,1996
2006,2040
2003,2066
2016,2053
2021,2064
2024,2033
2027,2026
2030,2035
2025,2076
2041,2007
2040,2033
2043,2060
2041,2072
2055,2048
2057,2015
2075,2018
2071,2040
2084,2013
2083,2059
2091,2011
2099,2062
2099,2038
2107,2072
2101,2075
2120,2017
2123,2070
2131,2020
2136,2023
2125,2007
2136,2023
2125,2039
2139,2017
2141,2072
2136,2065
2151,2023
2137,2045
2145,2036
2139,2025
2148,2041
2143,2036
2145,2029
2143,2063
2142,2041
2124,2067
2128,2025
2121,2020
2121,2072
2115,2003
2111,2057
2110,2040
2095,2040
2097,2021
2094,2068
2090,2019
2081,2025
2076,2068
2072,2024
2072,2024
2055,2041
2045,2037
2041,2013
2041,2009
2027,2007
2029,2028
2021,1992
2022,2017
2009,2052
2007,2041
2008,2029
2003,2027
1998,2028
1992,2035
1997,2005
1984,2056
1993,2043
1984,2039
1984,2051
1987,2060
1990,2031
1989,2026
1975,2077
1991,2029
1992,2039
1991,2067
1991,2043
1995,2055
2009,2070
2000,2043
2015,2066
2015,2001
2027,2025
2021,2019
2025,2021
2029,2017
2027,2064
2041,2051
2056,2029
2055,2037
2067,2041
2063,2072
2067,2036
2081,2027
2087,2067
2092,2048
2089,2043
2104,2071
2111,2030
2105,2027
2105,2063
2125,2041
2122,2021
2125,2025
2136,2059
2131,2078
2136,2037
2136,2054
2139,2071
2148,2059
2143,2048
2147,2067
2152,2076
2138,2045
2147,2025
2145,2063
2144,2063
2140,2072
2141,2052
2131,2043
2137,2040
2131,2060
2132,2034
2123,2029
2105,2043
2118,2044
2103,2053
2103,2056
2094,2066
2098,2056
2088,2055
2072,2041
2073,2037
2071,2063
2063,2027
2059,2067
2044,2087
2035,2017
2032,1996
2027,2040
2025,2019
2005,2027
2017,2009
2021,2039
2008,2076
1999,2039
1995,2070
1996,2024
2000,2027
1995,2060
1991,2065
1994,2058
1984,2033
1984,2075
1989,2044
1989,2080
1987,2024
1990,2023
1991,2039
1977,2067
1997,2058
2003,2035
2002,2005
1995,2011
2013,2051
2009,2060
2011,2029
2021,2021
2024,2068
2030,2037
2033,2029
2029,2065
2047,2019
2053,2028
2060,1987
2063,2065
2067,2072
2070,2058
2084,2052
2087,2056
2090,2011
2093,2022
2097,2041
2101,2041
2109,2077
2121,2054
2107,2035
2127,2008
2123,2058
2133,2063
2132,2043
2131,2043
2143,2046
2143,2038
2147,2019
2139,2035
2140,2021
2145,2032
2149,2079
2140,2038
2143,2074
2135,2019
2132,2029
2137,2053
2135,2054
2136,2023
2117,2009
2121,2063
2123,2041
2109,2074
2105,2075
2101,2075
2099,2063
2094,2067
2089,2033
2079,2065
2084,2085
2072,2025
2072,2075
2063,2039
2040,2063
2039,2071
2039,2030
2032,2063
2029,2021
2021,2055
2010,2068
2014,2028
2008,2032
2004,2037
1996,2060
2003,2072
1989,2044
1991,2055
1983,2056
1996,2054
1981,2036
1984,2073
1987,2071
1973,2075
1989,2008
1977,2054
1979,2028
1979,2071
1984,2056
1996,2007
1988,2044
1995,2058
1997,2070
2011,2059
1997,2041
2014,2065
2017,2052
2025,2054
2024,2011
2037,2045
2037,2025
2041,2021
2037,2063
2043,2059
2063,2071
2063,2044
2071,2036
2080,2067
2088,2059
2092,2065
2089,2071
2093,2030
2104,2075
2109,2053
2119,2058
2120,2001
2131,2065
2123,2066
2129,2071
2132,2011
2136,2054
2133,1991
2139,2021
2141,2057
2143,2063
2136,2019
2143,2042
2136,2060
2137,2025
2137,2072
2137,2033
2135,2048
2135,2044
2125,2021
2132,2039
2123,2033
2120,2013
2112,2035
2112,2089
2099,2069
2100,2028
2091,2058
2092,2017
2084,2041
2078,2046
2080,2044
2063,2045
2059,2038
2054,2053
2055,2068
2040,2066
2037,2058
2036,2041
2030,2060
2024,2011
2009,2059
2007,2068
2004,2067
2004,2063
2001,2041
2000,2072
2002,2071
2004,2025
1993,2017
1995,2017
2003,2024
1992,2019
1989,2045
1997,2072
1989,2040
1999,2019
2004,2055
1995,2067
2009,2025
1995,2053
2010,2032
2007,2055
2018,2079
2016,2047
2024,2028
2026,2052
2034,2035
2033,2026
2049,2032
2059,2064
2059,2043
2063,2011
2071,2077
2063,2077
2073,2043
2072,2067
2083,2031
2083,2067
2095,2039
2087,2035
2101,2031
2118,2053
2107,2019
2120,2072
2120,2055
2128,2025
2135,2056
2136,2019
2136,2021
2135,2039
2145,2046
2150,2005
2152,2019
2154,2041
2151,2065
2146,1993
2137,2058
2147,2084
2139,2046
2141,2052
2129,2044
2130,2035
2133,2035
2131,2009
2124,2036
2117,2079
2119,2023
2103,2024
2103,2017
2093,2042
2099,2021
2097,2059
2076,2035
2075,2064
2076,2041
2065,2067
2065,2020
2053,2076
2053,2058
2029,2039
2027,2046
2029,2056
2025,2009
2020,2037
2019,2023
2005,2063
1997,2063
2007,2072
1991,2067
1992,2021
1993,2039
1999,2117
1991,2123
1979,1993
1979,2040
1988,2043
1980,2005
1982,2015
1976,2060
1975,2070
1979,2015
1983,2066
1996,2037
1991,2039
2001,2077
2002,2089
2016,2019
2012,2032
2010,2037
2019,2024
2023,2009
2035,2083
2043,2065
2037,2068
2059,2032
2057,2071
2064,2071
2068,2037
2067,2023
2072,2057
2078,2038
2075,2063
2080,2064
2084,2041
2090,2056
2097,2027
2091,2029
2104,2031
2108,2025
2116,2056
2123,2011
2121,2027
2127,2026
2128,2037
2131,2057
2139,2054
2141,2074
2133,2075
2135,2089
2131,2040
2139,2054
2135,2040
2123,2025
2120,2009
2115,2043
2118,2071
2104,2027
2095,2032
2090,2033
2083,2063
2082,2034
2075,2025
2068,2045
2063,2031
2060,2071
2043,2023
2035,2057
2036,2056
2027,2027
2024,2065
2033,2038
2017,2059
2015,2032
2016,2063
2007,2020
2000,2008
1996,2025
1997,2035
1984,2063
1971,2004
1974,2060
1963,2059
1961,2007
1960,2036
1948,2056
1951,2037
1944,2055
1941,2055
1953,2047
1945,2072
1944,2068
1948,2048
1949,2023
1955,2027
1960,2062
1960,2019
1959,2021
1971,2056
1969,2056
1975,2067
1984,2011
1984,2064
1999,2078
1995,2032
2003,2078
2011,2074
2012,2037
2024,2027
2019,2041
2029,2066
2037,2069
2041,2009
2045,2071
2055,2082
2065,2001
2067,2038
2080,2033
2084,2009
2095,2056
2092,2069
2107,2037
2101,2048
2112,2072
2120,2087
2117,2076
2120,2024
2124,2039
2133,2017
2135,2057
2139,2068
2143,2022
2150,2028
2145,2055
2144,2070
2147,2056
2139,2072
2141,2058
2140,1987
2133,2003
2136,2031
2136,2026
2123,2044
2123,2059
2122,2055
2123,2063
2109,2036
2107,2053
2090,2053
2082,2077
2087,2027
2088,2023
2071,2075
2072,2071
2069,1993
2063,2055
2055,2009
2048,2044
2044,2055
2037,2064
2024,2030
2024,2043
2024,2033
2012,2015
2005,2045
2001,2061
2005,2021
1995,2044
2003,2021
1991,2025
1998,2056
1995,2003
1996,2028
2000,2057
1996,2019
1989,2038
1992,2015
1996,2040
1995,2060
2002,2013
1993,2037
2004,2074
2003,2029
2001,2039
1999,2041
2005,2035
2015,2025
2020,2080
2024,2083
2030,2015
2032,2003
2039,2035
2039,2042
2039,2070
2063,2065
2063,2044
2071,2045
2076,2080
2079,2033
2084,1981
2085,2037
2083,2043
2091,2036
2101,2023
2100,2023
2105,2017
2107,2033
2121,2043
2133,2056
2127,2056
2144,2043
2135,2071
2133,2030
2137,2052
2146,2052
2135,2054
2148,2035
2158,2084
2154,2065
2150,2047
2152,2042
2151,2027
2152,2067
2147,2017
2139,2008
2131,2029
2134,2042
2132,2033
2123,2058
2125,2064
2115,2027
2107,2023
2111,2053
2104,2032
2090,2030
2088,2033
2081,2066
2072,2027
2063,2074
2068,2019
2069,2001
2043,2065
2042,2035
2037,2037
2027,2060
2025,2041
2024,2037
2021,2003
2009,2024
2011,2030
2011,2024
2005,2054
2008,2018
1989,2023
1993,2064
1995,2065
1989,2029
1979,2046
1984,2077
1980,2027
1977,2040
1977,2035
1992,2057
1984,2029
1981,2081
1994,2062
1989,2055
2000,2053
2001,2028
1994,2033
2005,2001
2018,2041
2005,2053
2011,1999
2021,2030
2031,2043
2038,2003
2038,2074
2039,2036
2062,1999
2057,2063
2063,2067
2075,2027
2087,2028
2089,2023
2083,2043
2096,2035
2103,2036
2106,2017
2103,2025
2113,2041
2120,2048
2121,2019
2127,2008
2132,2055
2135,2067
2131,2017
2140,2001
2139,2043
2133,2071
2144,2075
2151,2027
2139,2022
2149,2043
2141,2068
2139,2043
2142,2068
2137,2072
2135,2042
2131,2063
2128,2029
2129,2015
2120,2042
2111,2089
2109,2040
2095,2068
2092,2055
2097,2095
2083,2064
2080,2035
2069,2063
2075,2015
2066,2025
2063,1993
2042,2072
2037,2003
2026,2035
2029,2091
2015,2080
2012,2088
2009,2035
2011,2048
1991,2054
1991,2074
1975,2065
1984,2019
1981,2057
1981,2035
1989,2057
1979,1997
1972,1997
1969,2024
1968,2077
1965,2065
1967,2067
1961,2008
1973,2050
1963,2072
1977,2021
1976,2017
1971,2072
1981,2024
1973,2047
1987,2019
1994,2044
1996,2021
2002,1993
2001,2043
2005,2068
2005,2025
2021,2027
2024,2099
2028,2069
2021,2075
2042,2025
2052,2015
2053,2035
2065,2032
2072,2047
2075,2053
2080,2063
2082,2063
2093,2088
2099,2052
2097,2101
2099,2057
2116,1995
2107,2002
2121,2023
2123,2040
2125,2028
2133,2067
2135,2103
2136,2087
2136,2056
2139,2054
2139,2026
2135,2070
2129,2069
2143,2044
2133,2021
2131,2085
2129,2089
2130,2025
2121,2015
2120,2088
2125,2015
2108,2024
2109,2073
2108,2055
2092,2007
2092,2020
2094,2060
2080,2064
2079,2063
2068,2080
2071,2042
2063,2057
2060,2053
2065,2019
2045,2023
2044,2025
2040,2017
2020,2032
2023,2080
2023,2100
2016,1987
2017,2003
2012,2033
2006,2065
2005,2038
2004,2039
1993,2071
1998,2056
1999,2002
1993,1993
1993,2058
1989,2047
1984,2077
1991,2056
1995,2072
1995,2063
1992,2024
1988,2046
2000,2058
2000,2039
1996,2071
2005,2081
2019,2039
2017,2015
2027,2095
2025,2057
2033,2027
2035,1987
2027,2031
2035,2003
2040,2022
2055,2003
2059,2057
2063,2001
2067,2022
2077,2040
2073,2076
2074,2123
2081,2092
2085,2037
2093,2004
2097,2061
2104,2042
2105,2080
2112,2091
2108,2088
2118,2054
2120,2063
2121,2037
2123,2065
2135,2037
2123,2063
2131,2008
2130,1971
2124,2005
2131,2043
2135,2063
2131,2056
2127,2070
2125,2074
2107,2095
2105,2035
2112,1988
2117,2008
2099,2011
2101,2039
2099,2047
2099,2031
2087,2071
2087,2001
2085,2040
2077,2019
2072,2039
2068,2068
2057,2033
2048,2047
2040,2042
2029,2023
2037,2067
2021,2015
2024,2066
2009,2054
2009,2020
2011,2035
1995,1995
1991,2063
1991,2096
1979,2086
1979,2056
1984,2070
1973,2036
1975,2010
1976,2012
1982,2009
1981,2035
1979,2059
1959,2057
1973,2063
1979,2035
1979,2064
1969,2023
1973,2048
1984,2084
1980,2003
1987,2007
1991,1989
1987,2053
1991,2053
2000,2055
2000,2069
2005,2008
2011,2069
2019,2040
2025,2057
2035,2037
2032,2055
2037,2012
2037,2028
2053,2079
2067,2062
2063,2085
2079,2078
2080,2041
2088,2021
2091,2020
2087,2063
2093,1987
2104,1975
2106,2045
2108,2027
2113,2076
2108,2040
2123,2093
2131,2093
2130,2040
2138,2011
2137,2063
2135,2071
2145,2043
2140,2033
2140,2019
2143,2064
2143,2077
2133,2021
2131,2048
2136,2061
2136,2011
2121,2053
2121,2053
2124,2039
2112,2027
2107,2057
2108,2047
2104,2007
2104,1956
2098,2023
2087,2047
2084,2026
2075,1999
2072,2019
2055,2007
2061,2042
2056,2028
2036,2009
2036,2044
2033,2018
2025,2063
2029,2071
2015,2073
2013,2039
2008,2030
1997,2083
1996,2087
2002,2107
1987,2047
1984,2032
1984,2009
1979,2043
1978,2063
1984,2063
1977,2061
1978,2043
1978,2036
1975,2064
1982,2064
1977,2104
1984,2088
1987,2048
1993,2057
1997,2036
2000,2039
2003,2020
2005,2024
2009,2036
2006,2032
2023,2033
2016,2075
2031,2078
2039,2078
2040,2037
2052,2055
2056,2063
2055,2057
2065,2078
2072,2056
2081,2065
2081,2058
2087,2040
2085,2024
2105,2088
2107,2020
2110,2064
2107,2069
2124,2019
2130,2029
2121,2039
2130,2008
2136,2058
2140,2073
2149,2043
2137,2055
2150,2003
2147,1999
2143,2068
2144,2070
2152,2027
2140,2019
2145,2054
2143,2025
2132,2058
2125,2123
2131,2055
2123,2042
2131,2044
2118,2043
2119,2035
2103,2033
2109,2043
2108,2035
2101,2009
2087,2011
2084,2055
2081,2041
2073,2096
2065,2084
2064,2069
2057,2038
2039,2073
2037,2074
2024,1995
2027,2045
2027,2055
2016,2052
2015,2015
2008,2041
2001,2060
2003,2040
2000,1979
1981,2019
1994,2039
1989,2028
1991,2028
1987,2021
1984,2033
1979,2008
1979,2041
1986,2023
1981,2023
1982,2003
1979,2080
1987,2038
1993,2079
1992,2037
1980,2011
1991,2027
2003,2042
1995,2068
2008,2038
2013,2070
2021,2047
2023,2063
2027,1997
2033,2040
2035,2048
2035,2079
2041,2063
2056,2026
2071,1972
2069,2035
2071,2057
2067,2079
2088,2074
2091,2055
2084,2030
2103,2038
2103,2019
2111,2023
2119,2072
2125,2075
2117,2039
2127,2063
2130,2023
2136,2013
2123,2041
2135,2015
2136,2009
2142,2040
2132,1995
2135,2045
2127,2059
2136,2093
2130,2088
2128,2039
2132,2038
2123,2012
2120,2045
2120,2088
2111,2078
2110,2019
2104,2027
2104,2005
2096,2047
2085,2035
2087,2113
2077,2086
2077,2045
2071,1993
2069,1997
2065,2002
2063,2083
2041,2093
2040,2033
2033,2042
2021,2043
2023,2036
2020,2066
2005,2063
2008,2072
2000,2031
1996,2079
1992,2064
1993,2058
1982,2034
1978,2064
1992,2041
1979,2080
1977,2073
1976,2029
1973,2045
1978,2018
1978,2016
1977,2024
1971,2071
1973,2072
1978,2024
1976,2064
1989,2017
1986,2029
1981,2078
1992,2093
1998,2063
2000,2084
2009,2031
2008,2016
2011,2062
2020,2028
2019,2042
2027,1993
2036,2056
2024,2043
2041,2067
2039,2088
2063,2040
2057,1979
2063,2031
2073,2003
2080,2039
2080,2021
2091,2091
2095,2043
2099,1992
2101,2017
2109,2024
2108,2031
2109,2091
2119,2048
2136,2064
2127,2016
2135,2043
2137,2043
2140,2011
2137,2037
2142,2007
2137,2029
2138,2041
2136,2060
2136,2027
2136,2017
2129,2027
2130,2004
2131,2029
2123,2006
2121,2040
2115,2081
2120,2068
2116,2071
2115,2046
2103,2043
2096,2069
2099,2071
2091,2077
2073,2076
2076,2072
2068,2029
2072,2029
2065,2070
2063,2035
2053,2067
2039,1987
2036,2012
2031,2008
2031,2027
2016,2059
2009,2078
2009,2040
2003,2041
2007,2027
2008,1992
1992,2019
2008,2009
1990,2036
1999,2015
1989,1990
2000,1991
1993,2025
1980,2037
1999,2069
1997,2080
2001,2068
2001,2064
2004,2038
2010,2033
2009,2079
2009,2096
2016,2071
2020,2007
2024,2100
2017,2071
2026,2099
2035,2089
2039,2043
2039,2039
2041,2017
2053,2061
2071,2045
2069,2065
2068,2060
2081,2057
2091,2056
2089,1973
2087,2008
2096,2072
2109,2080
2093,2045
2107,2042
2124,2010
2121,1969
2123,2039
2125,2067
2124,2086
2134,2082
2132,2017
2140,1961
2141,1973
2131,2015
2144,2041
2144,2063
2152,2080
2142,2096
2145,2055
2140,2071
2145,2035
2131,2063
2137,2093
2132,2078
2137,2034
2116,2027
2129,2027
2120,2072
2103,2067
2105,2107
2101,2058
2099,2063
2083,2043
2088,2043
2075,2043
2074,2075
2067,1995
2063,2036
2054,2054
2053,2048
2041,2033
2040,2027
2033,2067
2024,2079
2027,2007
2021,2000
2008,2009
2009,2017
2003,2080
1998,2031
1995,2039
1992,2001
1992,1991
1981,2059
1984,2055
1993,2063
1970,2068
1990,2035
1979,2080
1990,2056
1992,2065
1987,2096
1996,2080
2005,2039
2001,2033
2004,1995
2010,2043
2007,2099
2012,2078
2025,2053
2015,2005
2025,2059
2028,2009
2038,2072
2040,2078
2040,2024
2041,2064
2053,2026
2068,2058
2056,2032
2071,2028
2077,1997
2086,1996
2096,2041
2100,1996
2104,2027
2101,2039
2104,2073
2107,2096
2112,2043
2099,2023
2110,2029
2118,2048
2123,2048
2135,2076
2129,2032
2133,1991
2134,1989
2139,2002
2133,2011
2125,2019
2122,2042
2125,1997
2129,2032
2133,2032
2129,2088
2125,2055
2115,2082
2115,2073
2113,2009
2110,2009
2104,2037
2091,2021
2101,2046
2090,2021
2088,2026
2080,2025
2082,2085
2071,2121
2065,2096
2055,2031
2051,2009
2035,2081
2037,2107
2021,2071
2024,2135
2024,2039
2012,2065
1997,2058
2004,2018
1999,2052
2002,2040
1983,2060
1992,2088
1977,2095
1991,2065
1973,2073
1976,2038
1976,2068
1975,2088
1967,2123
1974,2076
1980,2063
1977,2037
1971,2070
1979,2008
1981,2054
1979,2076
1990,2015
1992,2030
1990,2108
1995,2072
1995,2064
1995,2060
2008,2048
2011,2080
2015,2069
2020,2020
2023,2088
2036,2107
2027,2060
2040,2011
2056,2024
2056,2030
2063,2025
2076,2030
2081,2017
2086,1981
2083,2016
2091,2072
2096,2055
2100,2040
2099,2036
2121,1988
2124,2063
2109,2021
2127,2028
2115,2072
2134,2063
2135,2084
2139,2069
2139,2072
2133,2071
2143,2064
2144,2036
2134,2080
2137,2023
2143,2054
2133,2062
2124,2056
2132,2029
2136,1989
2123,1997
2127,1993
2117,2035
2120,2021
2115,2025
2108,2043
2105,2024
2096,2024
2093,2034
2088,2013
2077,2040
2074,2065
2071,2053
2064,1991
2057,2009
2056,1974
2046,2079
2044,2121
2031,2082
2030,2035
2019,2063
2017,1954
2005,1961
2007,2043
2005,2056
1999,2135
1998,2093
1996,2032
1989,2015
1993,2021
1992,2075
1981,2057
1978,2059
1992,2080
1987,2116
1990,2072
1987,2066
1995,2038
1999,2008
1999,2063
2003,2092
2008,2112
2004,2029
2017,1991
2017,2008
2018,1987
2019,2063
2027,2058
2031,2023
2033,2040
2030,2028
2040,2037
2055,2057
2063,2083
2067,2041
2067,2027
2069,2032
2086,1979
2088,2063
2093,2089
2091,2065
2104,2059
2107,2048
2105,2023
2119,1965
2117,2057
2120,2045
2135,2089
2138,2042
2131,2036
2143,1993
2144,2009
2151,2002
2148,2007
2156,2045
2155,2088
2150,2035
2143,2068
2139,2041
2150,1965
2143,2060
2144,2052
2147,2043
2125,2040
2140,2032
2136,2041
2129,2011
2123,2019
2116,2088
2118,2083
2112,2019
2109,2070
2095,2007
2091,2024
2089,2007
2088,2027
2075,2116
2069,2027
2057,2093
2063,2090
2047,2057
2044,2017
2051,2043
2024,2043
2026,2023
2027,2009
2021,2037
2005,2047
2007,2019
2003,2060
2004,2081
1999,2115
1993,2073
1995,2027
1987,2029
1989,2013
1984,2052
1994,2003
1979,2032
1983,2076
1984,2057
1975,2063
1984,2080
1992,2025
1984,2030
1999,2048
2000,2017
1995,2026
2007,2103
2002,2091
2003,2070
2015,2024
2024,2009
2027,2012
2021,2057
2026,2029
2037,2071
2048,2077
2063,2074
2059,1989
2056,1992
2071,2009
2079,2039
2080,2056
2082,2023
2092,2039
2091,2027
2096,2011
2095,2058
2103,2063
2115,2077
2122,2073
2126,2021
2116,1987
2132,2074
2127,1963
2135,1993
2136,2033
2144,2031
2140,2036
2146,2096
2138,1995
2131,2017
2135,2043
2139,2011
2129,2083
2133,2033
2120,2014
2119,2075
2112,2096
2120,2068
2101,2023
2107,2003
2103,2063
2097,2079
2093,2071
2094,2088
2088,2033
2084,1995
2073,2011
2073,2044
2071,2007
2063,2015
2056,2063
2037,2010
2040,2016
2035,1959
2032,1981
2026,1987
2023,2067
2015,2066
2009,2019
1995,2025
1999,2045
1993,2020
1981,2011
1993,2092
1989,2067
1979,2099
1991,2091
1989,1997
1978,2021
1977,2009
1973,2063
1977,2100
1984,2071
1988,2063
1984,2044
1992,2017
1995,2075
1999,2072
1993,2075
2004,2096
2009,2096
2015,2039
2023,2056
2019,2028
2026,2033
2027,2011
2027,1995
2039,2023
2039,2071
2045,2073
2059,2093
2068,2063
2073,2048
2076,2036
2084,2023
2079,2095
2096,2043
2091,2040
2101,2022
2099,2042
2102,1979
2109,2080
2122,2051
2121,2077
2129,2043
2134,2016
2132,2003
2134,2040
2144,2028
2142,2003
2146,1999
2143,2071
2145,1950
2148,1997
2151,2035
2137,2037
2143,2067
2136,2041
2135,2041
2121,2019
2131,2056
2126,1969
2125,2063
2117,2083
2112,2099
2107,2071
2103,2039
2104,2024
2092,2009
2091,2001
2080,2071
2080,2068
2072,2029
2067,2032
2070,2023
2063,2045
2053,2080
2037,2109
2032,2085
2028,2059
2026,2018
2009,2012
2012,2016
2005,2026
2008,2041
2001,2027
2004,2044
2002,2015
2000,2077
1995,2009
1990,2064
1993,2038
1992,2023
1981,2038
1989,1995
1989,2057
2000,2041
1996,2056
1995,2040
1996,1997
2002,2035
2003,2026
2002,2072
2011,2112
2018,2087
2016,2064
2016,1989
2029,2022
2032,2021
2039,1998
2051,2018
2054,2070
2039,2097
2058,2084
2072,2052
2071,2006
2076,2024
2080,2004
2080,2029
2084,2013
2087,2041
2093,2043
2103,2028
2098,2035
2112,2023
2109,2055
2124,2043
2123,2022
2131,2029
2135,2001
2131,2005
2143,2065
2132,2080
2147,2057
2145,2009
2144,2004
2135,2073
2144,2068
2139,2096
2138,2012
2131,2054
2129,2015
2136,2001
2133,2030
2126,1998
2129,2017
2108,2039
2112,2012
2104,2096
2097,2063
2095,2058
2096,2019
2091,2003
2079,2039
2078,2069
2065,2040
2063,1956
2058,1992
2055,2025
2044,2036
2035,2096
2032,2051
2029,2073
2026,2029
2013,1981
2009,2055
1997,2029
1989,2016
1992,2042
1991,1981
1990,1969
1977,2077
1988,2096
1971,2096
1987,2030
1976,1973
1978,2008
1969,2094
1974,2092
1965,2063
1964,2072
1972,2003
1975,2067
1979,2026
1977,2044
1984,2024
1979,2105
1993,2076
1988,2080
1992,2072
2008,2033
2011,1992
2007,2043
2011,2043
2031,2023
2029,2096
2029,2073
2036,2040
2051,2027
2040,2051
2057,2033
2063,2079
2063,2107
2069,2058
2069,2019
2087,2046
2091,2011
2096,2004
2099,1992
2106,1997
2100,2022
2116,2075
2131,2044
2115,2041
2123,2003
2132,2009
2134,2031
2143,2074
2143,2082
2135,2071
2143,2029
2142,2007
2136,2024
2132,2033
2136,2035
2139,2025
2135,2039
2133,2007
2128,2027
2124,2099
2117,2035
2119,2067
2113,2063
2107,2033
2094,2063
2091,2055
2091,2035
2083,2035
2084,2051
2082,2078
2069,2073
2072,2060
2063,2077
2045,2076
2041,2080
2039,2045
2031,2091
2024,2069
2024,2013
2024,2024
2016,1987
2007,2040
2007,2071
2007,2063
2001,2112
1991,2104
1997,2058
1987,2040
1991,2024
1992,2027
1993,2080
1981,2047
1989,2063
1992,2072
1993,2075
1994,2010
1995,1992
1996,2023
1989,2061
2003,2067
2004,2069
2007,2016
2004,2079
2009,2076
2020,2068
2022,2056
2033,2022
2039,2039
2043,2066
2048,2039
2053,2040
2060,2066
2067,2009
2059,1992
2073,2005
2080,1995
2080,2063
2095,2064
2099,2041
2089,2030
2103,2070
2111,2104
2120,2095
2123,2068
2129,2053
2131,2043
2131,2040
2132,2057
2138,2066
2139,2086
2151,2051
2143,2031
2153,2065
2156,2037
2145,2063
2146,2076
2155,2043
2147,1979
2149,2038
2148,1988
2135,2017
2145,2074
2139,1996
2128,1999
2133,2015
2119,2088
2122,2034
2112,2044
2105,2075
2100,2037
2091,2007
2095,2063
2088,2080
2077,2083
2075,2056
2063,2056
2069,2088
2063,2056
2056,2042
2045,2035
2036,2060
2040,2029
2029,2074
2019,2041
2020,2041
2005,2054
1995,2009
2004,2040
2002,1987
1987,2045
1989,2035
1996,2031
1992,2021
1984,2036
1989,2065
1983,2066
1970,2068
1982,2017
1976,2041
1986,2056
1984,2068
1988,2038
1989,2071
1992,2036
1997,2028
2002,2019
2003,2025
2007,2067
2020,2035
2019,2027
2024,2015
2019,2071
2028,2078
2030,2015
2035,2039
2043,2015
2043,2032
2063,2038
2065,2009
2072,2004
2073,2029
2084,2051
2083,2056
2088,2063
2103,2057
2099,2043
2104,2025
2110,2012
2115,2003
2127,2023
2119,2077
2121,2068
2143,2022
2135,2035
2135,2024
2138,2028
2142,2068
2133,2038
2147,2087
2147,2059
2144,2003
2131,2032
2139,1993
2131,2037
2128,2080
2132,2130
2130,2030
2129,2035
2122,2059
2116,2025
2104,2039
2099,2057
2099,2045
2092,2032
2095,2060
2089,2051
2088,2039
2075,2038
2077,2012
2063,2027
2066,2019
2051,2084
2055,2081
2040,2075
2025,1991
2029,2005
2022,2056
2026,2039
2011,2045
2011,2120
2006,2035
1991,2028
1995,2068
1993,2068
1981,2080
1983,2053
1984,2080
1987,2064
1987,2021
1984,2030
1965,2021
1972,2045
1976,2044
1975,2026
1978,2043
1979,2080
1986,2033
1991,2077
1993,2068
1983,2028
1999,2024
2004,2001
2004,2037
2004,2044
2016,2067
2013,2025
2027,2042
2033,2026
2029,2014
2039,2016
2037,2019
2055,2019
2055,1991
2065,2089
2069,2037
2076,2019
2071,2070
2075,2025
2094,1993
2091,2058
2095,2030
2095,2068
2109,2080
2112,2068
2109,2027
2123,2033
2133,2001
2135,2040
2135,2025
2139,2078
2143,2069
2137,2015
2141,2011
2142,2060
2145,2035
2142,2017
2137,2039
2139,2079
2129,2063
2132,2077
2135,2015
2121,2028
2121,2012
2127,2057
2120,2071
2116,2011
2104,2051
2107,2025
2105,2011
2097,2023
2089,2027
2090,2021
2088,2051
2084,2065
2076,2057
2067,2011
2055,2031
2060,2005
2040,2027
2047,2020
2036,2033
2035,2084
2016,2007
2021,2027
2009,2063
2005,2076
2004,2072
2007,2037
1993,2047
2002,2025
2001,2056
1995,2033
1999,2034
1997,2076
1996,2053
1994,2031
2004,2015
1998,2035
1991,1995
1995,2028
2001,1977
2004,2024
2008,2053
2007,2039
2006,2059
2007,2054
2016,2056
2021,2079
2024,2036
2033,2018
2035,2067
2035,2009
2039,2080
2053,2016
2057,2028
2067,2065
2066,2059
2068,2028
2076,2058
2087,2003
2087,2067
2093,2080
2087,2035
2099,2027
2101,2015
2103,2025
2106,2043
2119,2040
2124,2005
2127,2078
2135,2064
2125,2055
2132,2040
2140,2023
2147,2007
2137,1995
2144,2006
2148,2020
2143,2031
2144,2059
2146,2041
2139,2039
2139,2040
2129,2015
2136,2028
2133,2037
2127,2037
2117,2047
2120,2057
2109,2017
2107,2022
2108,2037
2097,2055
2089,2036
2090,2012
2080,2027
2077,2039
2079,2088
2063,2079
2066,2056
2063,2053
2047,2027
2043,2011
2040,2011
2029,2053
2024,2063
2024,2032
2009,1991
2014,2058
2001,2063
2001,2077
1997,2041
1996,2028
1994,2011
1991,2033
1980,2026
1989,2040
1983,2096
1981,2096
1987,2086
1989,2071
1989,2055
1984,2025
1992,2065
1996,2020
1995,2045
2000,2048
2005,1993
2003,2080
2008,2071
2015,2066
2021,2060
2021,2019
2024,2029
2023,2069
2028,2060
2037,2033
2029,2009
2055,2039
2043,2064
2066,2076
2063,2080
2065,2060
2071,2028
2081,2060
2088,2063
2085,2075
2099,2080
2104,2067
2101,2005
2121,2001
2120,2071
2127,2067
2132,2036
2127,2041
2136,2079
2137,2055
2143,1988
2139,2009
2147,2056
2151,2021
2136,2063
2137,2032
2146,2021
2132,2063
2129,2024
2131,2063
2135,2044
2143,2068
2129,2039
2127,2025
2121,2038
2115,2027
2115,2062
2117,2080
2110,1995
2099,2040
2089,2056
2092,2073
2091,2079
2080,2007
2080,2004
2076,2037
2057,2070
2053,2071
2057,2015
2039,2052
2041,2021
2033,2041
2029,2072
2019,2053
2012,2091
2010,2091
2011,2063
2008,2058
1999,2039
2002,2017
1995,2077
1994,2066
1991,2076
1995,2041
1992,2035
1981,2059
1992,2054
1984,2043
1979,2042
1992,2041
1992,2070
1996,2055
2004,2072
2002,2079
2008,2040
2008,2081
2015,2072
2011,2072
2020,2017
2025,2025
2027,1993
2036,2076
2040,2036
2039,1987
2044,2022
2044,2077
2059,2089
2065,2087
2076,2025
2083,2040
2086,2063
2085,2065
2089,2063
2099,2091
2104,2043
2109,2017
2114,2021
2105,2056
2125,2025
2128,2040
2136,2075
2141,2026
2140,2057
2149,2005
2139,2003
2151,2072
2149,2071
2147,2052
2151,2027
2153,2023
2156,2047
2152,2071
2150,2059
2149,2064
2146,1993
2139,2007
2149,2037
2136,2047
2132,2059
2122,2041
2120,2039
2117,2011
2118,2043
2111,2043
2108,2037
2108,2025
2099,2023
2093,2039
2091,2072
2084,2031
2072,2071
2071,2007
2063,2048
2057,2076
2054,2021
2035,2069
2037,2003
2032,2035
2031,2025
2012,2069
2011,2094
2009,2033
2000,2041
2005,2027
2008,2021
1997,2067
2000,2066
2001,2023
1999,2006
1996,2035
2002,2055
1992,2007
2000,2022
1991,2055
2004,2063
1997,2013
1999,2030
2006,2056
2009,2064
2012,2042
2007,2040
2020,2065
2019,2048
2024,2066
2027,2028
2037,2036
2037,2025
2041,2047
2044,2021
2052,2029
2063,2024
2058,2067
2072,2096
2075,2078
2084,2043
2096,2056
2087,2027
2093,2009
2097,2083
2104,2010
2115,2047
2115,2077
2127,2080
2125,2077
2134,2009
2124,2023
2141,2071
2143,2029
2133,2067
2147,2041
2154,2012
2147,2011
2152,2039
2152,2053
2161,2047
2155,1996
2149,2073
2155,1995
2152,2026
2139,2020
2141,2036
2139,2033
2135,2027
2143,2044
2127,2017
2128,2042
2117,2080
2112,2084
2111,2025
2097,2069
2100,2068
2092,2027
2088,2077
2084,2019
2075,2031
2069,2007
2066,2069
2066,2043
2056,2061
2060,2039
2040,2071
2045,2033
2029,2036
2023,2026
2019,2012
2022,2077
1997,2055
2003,2046
2008,2011
2007,2069
1993,2029
1997,2059
1994,2039
1997,2034
1991,2046
1995,2045
1996,2052
1993,2026
1996,2092
2000,2005
1997,2011
2002,2025
2000,2034
2004,2080
2010,2048
2008,2017
2012,2051
2021,2040
2024,2037
2029,1995
2023,2017
2038,2055
2029,2055
2053,2075
2055,2027
2043,2033
2058,2022
2069,2029
2073,2058
2075,2057
2083,2063
2085,2075
2090,2071
2104,2063
2110,2023
2107,2037
2115,2075
2123,2028
2127,2068
2129,2073
2132,2042
2147,1995
2135,2067
2147,2019
2137,2033
2150,2077
2152,2035
2151,2066
2154,2099
2156,2035
2151,2093
2149,2052
2139,2040
2151,2058
2144,2066
2139,2037
2136,2058
2125,2063
2123,2028
2130,2018
2127,2065
2127,2053
2115,2059
2109,2084
2106,2022
2096,2035
2098,2021
2089,2026
2071,2073
2074,2068
2071,2017
2054,2045
2053,2091
2057,2028
2046,2041
2025,2052
2031,2069
2029,2030
2022,2075
2015,2045
2018,2029
2012,2019
2001,2067
2010,2051
2011,2056
2001,2055
2005,2045
1998,2058
2004,2067
1994,2037
2001,2007
1999,2063
1997,2020
1993,2073
1995,2068
1996,2039
2000,2037
1987,2040
2004,2042
2005,2054
2015,2041
2020,2029
2023,2035
2026,2045
2029,2073
2039,2063
2053,2057
2045,2079
2063,2044
2055,2056
2063,2066
2074,2028
2083,2027
2075,1972
2090,2057
2095,1989
2087,2053
2107,2063
2104,2037
2110,2054
2112,2017
2118,2024
2117,2048
2135,2037
2139,2042
2137,2023
2137,2055
2145,2027
2148,2011
2143,2039
2148,2059
2145,2063
2155,2065
2151,2087
2144,2009
2139,2015
2139,2021
2139,2059
2140,2048
2138,2070
2125,2043
2123,2035
2128,2032
2124,2074
2127,2057
2120,2020
2101,2017
2111,2071
2100,2069
2084,2041
2093,2071
2086,2021
2082,2031
2069,2015
2067,2104
2063,2035
2063,2033
2055,2039
2041,2077
2039,2037
2040,2010
2025,2060
2027,2063
2018,2035
2021,2012
2005,2072
2010,2001
2007,2035
2003,2026
1995,2072
1997,2040
1999,2071
1993,2027
2000,2067
2001,2003
1996,2045
1996,2027
2000,2039
2003,2065
2007,2080
2004,2056
2009,2073
2007,2064
2016,2010
2024,2027
2019,2060
2025,2007
2030,2041
2025,2071
2045,2068
2044,2027
2048,2027
2057,2090
2068,2040
2063,2053
2067,2057
2073,2032
2080,2052
2085,2035
2089,2058
2093,2037
2115,2033
2102,2027
2105,2018
2105,2029
2123,2056
2125,2039
2128,2021
2123,2041
2129,2035
2139,2025
2136,2022
2148,2072
2150,2033
2153,2065
2153,2021
2155,2073
2145,2027
2139,2079
2152,2001
2137,2071
2144,2073
2134,2035
2135,2070
2135,2044
2127,2056
2135,2066
2129,2026
2119,2027
2112,2029
2112,2011
2097,2073
2094,2007
2089,2063
2088,2005
2077,2043
2077,2056
2073,2087
2075,2035
2063,2029
2057,2063
2044,2078
2034,2056
2039,2063
2031,2067
2028,2065
2017,2022
2016,2027
2011,2063
2003,2066
2003,2080
1999,2052
2008,2051
1997,2001
1993,2031
2003,2027
1999,2025
1999,2080
1995,2009
1991,2039
1997,2055
2000,2066
2003,2009
2012,2039
2008,2005
2013,2027
2013,2053
2017,2009
2019,2073
2023,2063
2027,2042
2027,2067
2027,2044
2039,2009
2044,2026
2043,2021
2063,2035
2068,2040
2063,2039
2072,2023
2080,2019
2088,2019
2084,2027
2092,2035
2105,2019
2108,2009
2105,2027
2120,2035
2124,2065
2128,2021
2112,2035
2137,2077
2144,2042
2152,2018
2149,2020
2147,2037
2151,2023
2157,2072
2155,1997
2153,2030
2149,2023
2164,2055
2167,2066
2156,2040
2160,2077
2157,2035
2156,2001
2147,2061
2155,2028
2144,2007
2140,2005
2131,2017
2137,2067
2139,2060
2132,2067
2120,2073
2120,2029
2107,2063
2108,2024
2094,2065
2096,2040
2095,2044
2087,2071
2081,2021
2063,2061
2073,2003
2063,2073
2056,2065
2042,1997
2036,2028
2034,2028
2030,2069
2023,2068
2015,2023
2018,2035
2023,2053
2017,2025
2017,2043
2008,2029
2011,2056
1997,2069
2004,2063
2005,2038
2000,2027
2003,2025
1994,2069
2007,2069
2003,2015
2008,2055
2017,2047
2018,2019
2024,2029
2023,2020
2028,2071
2027,2052
2029,2067
2039,2073
2044,2063
2046,2035
2054,2037
2063,2040
2066,2017
2077,2043
2080,2040
2081,2022
2088,2040
2090,2025
2100,2042
2103,2080
2116,2007
2104,2035
2119,2063
2122,2063
2125,2066
2132,2027
2135,2021
2142,2009
2144,2028
2152,2056
2159,2025
2147,2039
2160,2019
2149,2056
2162,2019
2160,2029
2163,2029
2164,2036
2163,2015
2163,2040
2163,2043
2159,2054
2157,2021
2149,2048
2150,2003
2145,2037
2140,2005
2141,2037
2136,2039
2128,2075
2125,2068
2119,2027
2109,2029
2109,2024
2097,2080
2095,2078
2092,2045
2085,2014
2084,2070
2071,2067
2068,2078
2071,2065
2057,2033
2054,2058
2041,2047
2027,2064
2029,2031
2030,2023
2012,2040
2014,2010
2009,2019
2008,2017
2015,2027
2007,2039
2004,2019
2002,2066
2003,2011
2006,2019
1995,2019
1995,2079
2005,2087
1995,2055
1992,2055
2007,2056
1997,2063
2008,2055
2008,2065
2013,2019
2007,2023
2013,2033
2018,2018
2025,2091
2027,2041
2032,2013
2039,2023
2042,2023
2055,2007
2067,2009
2057,2009
2067,2029
2063,2068
2078,2075
2086,1999
2092,2033
2101,2045
2087,2009
2093,2033
2107,2021
2120,2025
2123,2042
2121,2056
2128,2023
2124,2017
2135,2019
2137,2070
2131,2055
2136,2072
2143,2077
2143,2037
2152,2056
2149,2073
2147,2072
2133,2040
2147,2023
2151,2024
2137,2023
2137,2027
2132,2045
2129,2040
2136,2073
2132,2020
2117,2063
2120,2007
2113,2068
2115,2066
2116,2037
2103,2043
2093,2051
2096,2053
2087,2077
2077,2079
2077,2056
2065,2059
2055,2037
2059,2030
2048,2063
2045,2065
2039,2079
2033,2027
2027,2076
2016,2036
2021,2027
2014,2038
2007,2039
1997,2068
2005,2072
1998,2024
2004,2028
1991,2043
1996,2080
1995,2013
1996,1999
1981,2067
1997,2064
1993,2005
1996,2080
1979,2041
1999,2059
2008,2029
2008,2057
1995,2055
2004,2039
2004,2025
2011,2045
2014,2044
2021,2030
2027,2072
2031,2063
2029,2036
2035,2040
2047,2066
2058,2067
2063,2037
2064,2023
2063,2079
2074,2022
2080,2063
2087,2012
2092,2023
2085,2010
2096,2065
2104,2027
2108,2071
2122,2043
2128,2023
2123,2025
2131,2021
2125,2042
2131,2056
2135,2068
2136,2045
2143,2067
2146,2075
2144,2064
2148,2072
2145,2025
2143,2038
2143,2019
2144,2040
2152,2028
2144,2005
2144,2054
2145,2055
2123,2035
2135,2013
2121,2043
2121,2019
2121,2029
2113,2043
2103,2071
2104,2012
2104,2007
2097,2029
2084,2073
2084,2063
2079,2075
2077,2066
2072,2046
2067,2019
2045,2037
2059,2027
2035,2060
2036,2037
2028,2063
2028,2089
2026,2035
2017,2023
2009,2072
2009,2078
2012,2063
2010,2025
2009,2067
2003,2038
2004,2056
2005,2064
2000,2025
1996,2080
2003,2065
1999,2067
1999,2036
2011,2042
2006,2040
2003,2043
2010,2021
2003,2011
2011,2039
2016,2065
2020,2036
2026,2063
2035,2063
2032,2035
2037,2056
2035,2055
2037,2011
2056,2082
2071,2020
2073,2080
2067,2036
2073,2006
2080,2063
2085,2056
2098,2023
2091,2025
2093,2021
2109,2042
2119,2048
2117,2062
2122,2029
2129,2042
2132,2044
2145,1993
2144,2079
2143,2029
2151,2071
2143,2053
2149,2009
2148,2035
2152,2034
2154,2038
2152,2075
2152,2056
2152,2068
2145,2075
2149,2037
2148,2064
2139,2019
2130,2028
2137,2055
2135,2003
2130,2055
2124,2033
2127,2023
2120,2043
2112,2044
2111,2024
2104,2026
2096,2007
2085,2015
2080,2078
2080,2009
2073,2044
2072,2037
2065,2015
2045,2044
2047,2007
2036,2071
2041,2079
2033,2023
2023,2052
2026,2043
2015,2064
2019,2041
2013,2076
2010,2040
2010,2080
2007,2034
1997,2020
2003,2063
1995,2035
2004,2065
1995,2089
1991,2071
1995,2079
1998,2041
2001,2067
1997,2045
1995,2055
1999,2056
2010,2041
2009,2053
2018,2072
2011,2033
2024,2057
2025,2075
2028,2005
2039,2039
2040,2063
2039,2037
2059,2012
2063,2023
2063,2046
2067,2044
2072,2063
2080,2043
2084,2029
2077,2037
2089,2041
2095,2041
2102,2066
2103,2031
2105,2048
2115,2067
2116,2063
2129,2035
2134,2047
2136,2096
2137,2059
2139,2023
2153,2011
2144,2009
2139,2029
2148,2039
2152,2056
2149,2024
2151,2030
2139,2071
2136,2043
2139,2039
2129,2053
2129,2060
2137,2026
2131,2056
2135,2025
2128,2039
2121,2040
2109,2063
2115,2017
2103,2063
2104,2056
2098,2052
2085,2071
2081,2044
2079,2025
2080,2025
2063,2033
2056,2035
2043,2029
2055,2054
2045,2042
2040,2040
2039,2039
2027,2010
2013,2063
2018,2058
2017,2072
2011,2063
2001,2072
2000,2063
1998,2029
2003,2064
1994,2021
1987,2069
1989,2071
1991,2054
1989,2063
1978,2059
1984,2009
1997,2038
1987,2063
1994,2052
1989,2065
1995,2072
1995,2013
2008,2045
2003,2076
2007,2069
2016,2064
2025,2066
2017,2023
2028,2077
2033,2063
2038,2023
2051,2065
2040,2057
2056,2001
2063,2063
2068,2056
2063,2076
2079,2016
2084,2017
2087,2023
2088,2037
2098,2072
2102,1997
2100,2070
2105,2072
2116,2042
2122,2054
2127,2015
2131,2011
2131,2021
2129,2023
2125,2027
2137,1996
2137,2017
2137,2005
2151,2025
2144,2063
2150,2020
2144,2063
2139,2063
2130,2029
2132,2025
2135,2033
2134,2035
2129,2057
2122,2048
2124,2040
2108,2018
2112,2011
2108,2069
2103,2064
2101,2011
2095,2009
2085,2066
2088,1996
2082,2025
2076,2031
2070,2045
2063,1996
2056,2032
2043,2040
2037,2020
2027,2045
2025,2012
2021,2035
2019,2088
2011,2019
2005,2021
1996,2065
2000,2053
2004,2035
1993,2043
1993,2063
1989,2061
1993,2055
1983,2069
1984,2048
1975,2079
1975,2042
1977,2063
1990,2078
1979,2022
1973,2029
1979,2040
1979,2033
1997,2041
1989,2037
1995,2065
2008,2067
2009,2071
2015,2005
2007,2017
2011,2076
2024,2063
2030,2071
2039,2015
2030,2088
2035,2057
2053,2056
2059,2041
2063,2041
2075,2071
2079,2063
2080,2015
2083,2017
2095,2026
2089,2075
2092,2066
2103,2048
2108,2059
2120,2079
2124,2066
2131,2023
2121,2015
2127,2045
2131,2067
2140,2044
2139,2072
2148,2044
2148,2035
2143,2068
2138,2030
2147,2033
2142,2043
2141,2055
2139,2027
2137,2077
2135,2072
2133,2048
2123,2077
2128,2091
2125,2053
2120,2008
2112,2024
2117,2025
2102,2044
2095,2028
2098,2021
2089,2043
2083,2105
2070,2080
2074,2007
2069,2035
2065,2038
2043,2077
2041,2022
2041,2046
2037,2028
2029,2011
2023,2021
2011,2072
2016,2044
2013,2001
2008,2011
1995,2047
1995,2040
2003,2057
1988,2079
1989,2077
1997,2023
1992,2058
1996,2027
1984,2039
1994,2075
1993,2043
1992,2044
1992,2039
1994,2071
1997,2066
1998,2027
1995,2020
2001,2019
2010,2043
2011,2028
2014,2071
2009,2063
2026,2011
2029,2076
2037,2055
2040,2043
2044,2029
2044,2071
2048,2048
2063,2027
2067,2057
2071,2043
2076,2028
2088,2023
2095,2067
2096,2083
2096,2059
2097,2080
2106,2005
2118,2023
2120,2039
2123,2017
2132,2065
2139,2007
2143,2070
2141,2029
2143,2066
2138,2057
2141,2027
2153,2027
2149,2005
2145,2063
2149,2063
2144,2029
2144,2024
2144,2015
2140,2029
2142,2004
2133,2053
2135,2065
2135,2056
2132,2077
2117,2032
2120,2048
2105,2065
2109,2040
2104,2056
2103,2069
2093,2067
2093,2048
2083,2056
2081,2047
2076,2056
2067,2043
2071,2080
2041,2063
2039,2043
2045,2063
2040,2063
2026,2057
2024,2075
2015,2076
2011,2009
2007,2080
2011,2023
2001,2063
2007,2056
2001,2037
1993,2023
2000,2055
1992,2007
1994,2055
1996,2035
1994,2009
1991,1988
1983,2036
1991,2030
1988,2044
1997,2002
2004,2079
1977,2043
2005,2040
2011,2033
2008,2029
2017,2037
2024,2024
2015,2067
2021,2035
2023,2039
2025,1999
2041,2024
2057,2003
2041,2043
2059,2035
2064,2027
2071,2056