2029,2041
2037,2040
2044,2056
2053,2055
2063,2028
2063,2009
2070,2005
2067,2023
2081,2026
2084,2008
2088,2060
2087,2020
2097,2059
2104,2032
2098,2019
2115,2019
2111,2079
2111,2065
2121,2055
2127,2075
2125,2025
2127,2019
2127,2043
2131,2011
2135,2041
2133,2056
2132,2036
2132,2071
2132,1993
2130,2029
2125,2033
2109,2057
2127,2070
2109,2057
2112,2080
2101,2039
2104,2030
2103,2048
2091,2033
2091,2040
2075,2003
2079,2073
2071,2059
2076,2073
2069,2084
2063,2042
2063,2063
2041,2077
2036,2053
2035,2077
2030,2080
2028,2023
2024,2054
2017,2056
2005,2029
2009,2065
2006,2057
2000,2061
2000,2063
1999,2088
1992,2028
1996,2035
1993,2065
1995,2037
1987,2055
1989,2071
1987,2070
1987,2021
1979,2015
1981,2062
1990,2073
1994,2011
1996,2065
1993,2063
2000,2054
2007,2027
2003,2052
2007,2023
2015,2070
2021,2011
2027,2056
2021,2027
2026,2027
2032,2057
2045,2026
2053,2024
2043,2005
2071,2033
2072,2015
2075,2077
2085,2015
2088,2056
2081,2059
2086,2053
2089,2034
2097,2040
2115,2023
2117,2060
2117,2035
2128,2068
2124,2039
2133,2036
2147,2039
2137,2040
2145,2067
2145,2001
2137,2073
2135,2039
2150,2021
2145,2018
2142,2058
2149,2048
2140,2019
2123,2050
2135,2039
2137,2025
2125,2029
2132,2059
2127,2042
2129,2037
2122,2040
2112,2073
2096,2021
2100,2065
2103,2020
2085,2056
2088,2028
2081,2053
2075,2040
2075,2073
2073,2072
2057,2064
2053,2068
2039,2044
2047,2072
2040,2070
2034,2058
2028,2052
2025,2015
2009,2040
2007,2069
2008,2052
2001,2034
1999,2018
1997,2056
1992,2067
1987,2063
1992,2019
1999,2071
1992,2082
1992,2072
1995,2035
1999,2064
1988,2069
1996,2043
1997,2072
2003,2042
2001,2009
2005,2011
1999,2017
2007,2067
2016,2031
2021,2021
2020,2043
2028,2011
2032,2011
2040,2021
2044,2003
2052,2071
2055,2054
2057,2057
2067,2007
2072,2041
2072,2023
2072,2065
2088,2040
2085,2057
2096,2019
2103,2024
2101,2041
2118,2023
2121,2065
2127,2078
2125,2032
2129,2024
2135,2067
2136,2013
2139,2056
2134,2029
2146,2037
2151,2056
2145,2035
2145,2019
2145,2019
2136,2020
2151,2033
2135,2029
2140,2064
2136,2080
2145,2017
2141,2060
2136,2041
2125,2009
2123,2071
2117,2027
2118,2041
2113,2045
2108,2063
2093,2051
2093,2057
2097,2058
2089,2056
2091,2068
2080,2016
2071,2027
2065,2002
2042,2052
2060,2080
2048,2063
2037,2063
2036,2067
2029,2040
2024,2030
2027,2029
2015,2063
2011,2017
2008,2045
2005,2048
2003,2067
1995,2029
2008,2025
2002,2065
2000,2003
1989,2019
1997,2076
1995,2072
1997,2019
2003,2083
2006,2038
2007,2019
2004,1997
2011,2073
2012,2015
2011,2027
2017,2056
2028,2076
2025,2056
2027,2039
2033,2027
2032,2060
2041,2043
2045,2039
2060,2044
2060,2036
2071,2063
2073,2027
2073,2028
2076,2056
2092,2060
2095,2042
2106,2005
2104,2040
2109,2029
2124,2040
2121,2059
2131,2017
2133,2053
2131,2037
2136,2072
2135,2041
2145,2043
2143,2009
2147,2039
2151,2041
2157,2032
2153,2070
2161,2044
2148,2036
2149,2073
2157,2037
2157,2040
2145,2063
2151,1997
2152,2075
2144,2080
2144,2033
2138,2024
2132,2057
2123,2028
2116,2023
2115,2057
2103,2063
2109,2077
2095,2009
2096,2023
2094,2035
2083,2009
2085,2026
2075,2055
2059,2061
2063,2021
2066,2064
2041,2042
2040,2072
2045,2051
2032,2021
2029,2041
2023,2063
2022,2056
2007,2069
2001,2062
1999,2065
2003,2063
1995,2063
1999,2043
1995,2063
1998,2011
1996,2063
1992,2053
1994,2041
1984,2008
1981,2015
1993,2058
2002,2044
2007,2056
1989,2076
2004,2067
2008,2035
2008,2035
2004,2035
2024,2071
2017,2035
2023,2001
2021,2002
2029,2060
2040,2044
2043,2017
2044,2079
2056,2037
2053,2019
2068,2068
2068,2053
2075,2003
2075,2070
2077,2055
2095,2038
2087,2021
2096,2069
2111,2035
2113,2079
2118,2032
2120,2076
2123,2039
2133,2056
2125,2023
2136,2065
2133,2063
2136,2036
2140,1999
2141,2042
2140,2060
2136,2035
2140,2017
2143,2063
2139,2023
2135,2071
2138,2056
2139,2010
2135,2061
2127,2057
2124,2033
2118,2052
2111,2043
2107,2065
2106,2044
2103,2069
2096,2019
2093,2011
2080,2073
2076,2007
2068,2021
2063,2044
2063,2012
2044,2035
2048,2069
2041,2044
2037,2069
2032,2037
2021,2020
2021,2078
2011,2069
2008,1995
2002,2056
1989,2067
1997,2023
1977,2061
1981,2059
1979,2071
1979,2068
1989,2057
1977,2039
1978,2009
1978,2019
1980,2039
1984,2017
1985,2047
1975,2035
1987,2048
1977,2036
1981,2067
1990,2040
1992,2039
1997,2025
1995,2012
2007,2036
2010,2065
2007,2043
2020,2027
2022,2047
2029,2008
2021,2070
2034,2023
2038,2073
2048,2024
2039,2025
2063,2030
2071,2043
2072,2027
2073,2009
2084,2039
2082,2055
2092,2060
2087,2051
2103,2029
2099,2043
2105,2022
2122,2033
2121,2036
2120,2029
2127,2066
2131,2015
2138,2001
2139,2053
2144,2054
2138,2041
2136,2039
2137,2036
2137,2052
2139,2056
2141,2061
2140,1997
2131,2009
2137,2007
2134,2020
2132,2056
2126,2088
2122,2017
2107,2033
2114,2064
2107,2080
2096,2039
2092,2066
2099,2044
2081,2017
2080,2064
2071,2075
2071,2039
2059,2023
2043,2077
2059,2075
2040,2060
2041,1993
2040,2080
2028,2029
2017,2019
2011,2005
2009,2040
2007,2018
2007,2068
1996,2062
1999,2074
1995,2033
1999,2072
1989,2059
1983,2023
1991,2039
1991,2025
1984,2057
1983,2045
1987,2072
1992,2027
1981,2001
1993,2046
1997,2066
1997,2063
2000,2063
2001,2044
2008,2036
2007,2053
2003,2070
2016,2020
2023,2032
2032,2066
2021,2033
2028,2040
2043,2060
2051,2033
2063,2019
2059,2041
2073,2071
2075,2048
2073,2021
2075,2058
2093,2040
2093,2034
2096,2044
2106,2056
2108,2042
2107,2046
2124,2081
2121,2071
2129,2027
2138,2024
2138,2063
2139,2045
2141,2023
2146,2029
2151,2071
2145,2027
2144,2077
2152,2043
2145,2037
2153,2047
2146,2043
2144,2040
2136,2066
2133,2071
2131,2044
2131,2035
2131,2033
2117,2071
2120,2077
2109,2033
2107,2029
2115,2023
2095,2058
2100,2071
2094,2039
2081,2027
2075,2063
2076,2027
2070,2057
2063,2080
2056,2021
2041,2035
2051,2060
2040,2097
2036,2022
2019,2056
2032,2042
2015,2046
2015,2048
2012,2080
2002,2059
2007,2029
1995,2040
2001,2041
1995,2063
1986,2043
1988,2045
1989,2058
1992,2056
1993,2067
1989,2063
1993,2057
1996,2005
2000,2035
1999,1999
2005,2040
2006,2051
2014,2005
2008,2092
2015,2021
2017,2019
2025,2024
2026,2044
2033,2008
2027,2040
2029,2040
2044,2063
2056,2009
2057,2024
2063,2034
2063,2055
2072,2068
2082,2048
2078,2071
2085,2048
2095,2053
2094,2055
2109,2041
2111,2002
2109,2019
2125,2044
2126,2072
2123,2033
2131,2028
2133,2020
2141,2060
2135,2033
2142,2052
2133,2080
2144,2065
2151,2018
2149,2071
2152,2017
2148,2065
2137,2041
2139,2029
2144,2077
2131,2041
2149,2024
2139,2076
2128,2061
2127,2046
2117,2063
2123,2072
2115,2060
2117,2076
2104,2066
2103,2029
2094,2063
2088,2063
2080,2035
2080,1999
2067,2035
2067,2046
2063,2017
2059,2011
2048,2068
2038,2068
2039,2027
2025,2013
2027,2040
2024,2059
2009,2073
2003,2056
1997,2033
2006,2041
2007,2025
2005,2017
1997,2063
1995,2057
2000,2038
1997,2040
1995,2021
1989,2044
1991,2024
1997,2060
1999,2073
2003,2064
2000,2043
2008,2015
2007,2027
2010,2051
2011,2039
2016,2039
2016,2039
2028,2025
2023,2028
2021,2048
2040,2047
2040,2068
2042,2043
2053,2027
2056,2058
2065,2033
2067,2026
2074,2061
2077,2075
2083,2030
2081,2077
2093,2075
2093,2025
2095,2001
2106,1991
2107,2025
2119,2063
2123,2071
2124,2045
2121,2041
2137,2075
2137,2063
2139,2039
2135,2067
2143,2044
2143,2040
2136,2067
2143,2077
2143,2042
2152,2038
2139,2067
2132,2066
2143,2043
2137,2069
2131,2030
2132,2045
2129,2067
2123,2025
2109,2043
2103,2042
2101,2055
2100,2011
2097,2017
2099,2063
2096,2064
2088,2027
2080,2044
2073,2076
2067,2042
2067,2071
2063,2013
2051,2025
2036,2078
2033,2072
2035,2019
2034,2027
2022,2039
2016,2043
2013,2025
2008,2060
2011,2051
2003,2044
1995,2048
1997,2080
1992,2059
1992,2043
1995,2068
1993,2063
1990,2005
1993,2076
1994,2080
1991,2072
1995,2063
1993,2063
1995,2065
2000,2037
2000,2021
2005,2060
2007,2027
2008,2023
2019,2067
2023,2033
2027,2045
2025,2013
2032,2071
2041,1993
2045,2024
2057,2099
2063,2079
2063,2069
2070,2046
2069,2063
2082,2009
2079,2009
2087,2044
2097,2008
2104,2079
2107,2019
2105,2035
2115,2005
2119,2048
2133,2072
2125,2091
2129,2033
2137,2022
2138,2072
2148,2064
2143,2052
2152,2044
2152,2054
2147,2031
2123,1999
2153,2053
2157,2039
2147,2024
2148,2011
2148,2058
2142,2057
2143,2059
2135,2055
2138,2035
2124,2027
2127,2029
2118,2029
2116,2005
2112,2056
2111,2037
2104,2032
2096,2018
2087,2033
2083,2021
2087,2053
2076,2003
2065,2042
2063,2063
2056,2024
2055,2095
2042,2005
2031,2072
2023,2071
2025,2010
2015,2036
2003,2029
2014,2054
2008,2039
2004,2023
2003,2040
1984,1999
1981,2048
1992,2037
1992,2033
1997,2021
1992,2080
1988,2029
1989,1989
1984,2035
1997,2037
1990,2037
1989,2030
1987,2055
1997,2070
2000,2063
2010,2033
2008,2044
2011,2027
2015,2073
2014,2020
2017,2067
2024,2041
2027,2046
2033,2037
2044,2041
2037,2045
2065,2043
2059,2040
2058,2039
2076,2020
2075,2037
2083,2071
2090,2045
2094,2009
2093,2026
2104,2043
2100,2035
2107,2031
2120,2020
2116,2046
2119,2059
2136,2088
2131,2045
2129,2076
2145,2019
2147,2063
2141,2023
2145,2063
2149,2071
2141,2012
2136,2009
2136,2068
2135,2023
2143,2045
2136,2019
2133,2043
2130,2039
2125,1999
2120,2029
2121,2071
2120,2056
2108,2041
2104,2068
2104,2005
2091,2028
2087,2025
2078,2074
2071,2033
2078,2067
2075,2037
2067,2029
2063,2066
2056,2036
2033,2021
2039,2056
2027,2046
2027,2072
2023,2068
2011,2070
2008,2070
2003,2017
1993,2071
1987,2065
1987,2007
1992,2001
1992,2031
1973,2041
1979,2078
1977,2041
1979,2007
1979,2043
1972,2067
1971,2063
1977,2043
1971,2041
1978,2045
1977,2028
1983,2080
1989,2048
1987,2042
1993,2071
1997,2043
1995,2032
1999,2063
2011,2038
2009,2059
2019,2067
2022,2042
2026,2048
2032,2019
2027,2041
2037,2059
2041,2025
2063,2044
2063,2032
2071,2073
2076,2071
2080,1993
2083,2011
2085,2044
2096,2080
2101,2037
2093,2019
2108,2024
2107,2017
2112,2088
2125,2062
2126,2047
2129,2062
2124,2045
2133,2071
2133,2023
2130,2027
2131,2055
2135,2063
2140,2029
2138,2072
2136,2061
2132,2021
2135,2037
2123,2011
2121,2034
2125,2044
2119,2057
2120,2025
2115,2032
2101,2043
2098,2076
2095,2096
2094,2051
2092,2017
2080,2007
2080,2023
2084,2053
2063,2071
2071,2019
2057,2057
2056,2043
2040,2079
2035,2052
2035,2063
2035,2034
2024,2023
2014,2063
2013,2054
2007,2057
2002,2003
1995,2041
1996,2057
1998,2057
1998,2048
1992,2048
1994,2063
1992,2030
1988,2067
1994,2028
1986,2021
1988,2060
1996,2040
1981,2025
1992,2060
2007,2039
2005,2061
2008,1997
2008,2030
2003,2062
2009,2071
2016,2027
2024,2044
2027,2080
2038,2010
2029,2041
2046,2035
2048,2040
2056,2040
2065,2023
2069,2048
2073,2060
2077,2009
2077,2036
2089,2040
2094,2063
2101,2024
2104,2060
2107,2037
2112,2003
2119,2046
2119,2043
2131,2021
2133,2043
2139,2073
2133,2053
2139,2020
2153,1997
2143,1993
2147,2068
2156,2027
2152,2066
2152,2064
2145,2035
2140,2027
2148,2011
2152,2034
2139,2075
2143,2028
2136,2039
2131,2027
2122,2063
2123,2012
2119,2035
2121,2035
2122,2035
2112,2015
2107,2068
2092,2066
2093,2029
2083,2061
2085,2001
2078,2071
2072,2080
2063,2077
2044,2073
2045,2056
2048,2040
2044,2040
2028,2045
2028,2057
2019,2078
2021,2089
2011,2040
2009,2075
2003,2038
2008,2025
2002,2073
2003,2060
1997,2068
2000,2067
1997,2017
1996,2038
2000,2041
1994,2017
1999,2012
2001,2029
2003,2080
1993,2031
1993,2053
1999,2041
2009,2071
2005,2063
2005,2035
2017,2057
2016,2036
2029,2040
2021,2037
2028,2028
2036,2056
2035,1993
2048,2078
2045,2058
2052,2055
2055,2034
2065,2037
2075,2040
2075,2071
2086,2056
2088,2024
2094,2063
2101,2069
2099,2063
2107,2054
2112,2035
2112,2017
2121,2039
2128,2028
2131,2028
2135,2069
2135,2090
2135,2005
2131,2044
2151,2069
2145,2008
2139,2057
2145,2054
2137,2061
2140,2061
2141,2035
2140,2052
2127,2067
2123,2020
2128,2037
2124,2043
2120,2009
2119,2069
2120,2040
2108,2011
2108,2023
2096,2043
2093,2080
2090,2037
2077,2021
2071,2045
2065,2063
2065,2069
2063,2025
2055,2007
2053,2024
2033,2065
2039,2041
2028,2011
2026,2054
2023,2029
2015,2071
2015,2039
2015,2063
1996,2071
2003,2029
1989,2023
1994,2035
1999,2066
1994,2048
1992,2017
1987,2063
1984,2023
1992,2029
1987,2078
1975,2031
1995,2021
1996,2005
1995,2026
1998,2025
2000,2019
2004,2075
2001,2063
2003,2042
2007,2013
2020,1993
2024,2023
2026,2066
2033,2072
2037,1990
2044,2025
2043,2027
2055,2025
2068,2058
2063,2063
2074,2066
2079,2064
2081,2037
2090,2008
2101,2026
2093,2038
2103,2043
2115,2017
2120,2033
2118,1997
2128,2034
2126,2041
2136,2022
2133,2063
2139,2071
2148,2017
2149,2058
2145,2051
2149,2029
2143,2024
2149,2039
2145,2076
2158,2030
2152,2021
2151,2065
2145,2071
2144,2008
2143,2040
2146,2060
2137,2074
2136,2035
2130,2080
2121,2075
2131,2063
2107,2053
2111,2042
2112,2041
2100,2069
2096,2068
2092,2048
2088,2066
2083,2007
2071,2043
2063,2034
2063,2011
2053,2009
2057,2034
2047,2079
2027,2051
2020,2057
2024,2063
2011,2064
2020,2052
2009,2072
2007,2076
2006,2071
1997,2063
2001,2058
1995,2040
1999,2057
1995,2031
1998,2053
1987,2037
1997,2056
1999,2070
1991,2055
1991,2039
1993,2035
1987,2027
1995,2040
2004,2037
2005,2063
2009,2067
2013,2048
2011,2025
2023,2048
2019,2043
2023,2003
2036,2071
2039,2037
2047,2032
2057,2056
2057,2017
2063,2056
2071,2060
2073,2023
2075,2056
2091,2069
2091,2037
2089,2056
2090,2027
2104,2015
2106,2056
2113,2056
2121,2076
2122,2038
2127,2044
2135,2037
2136,2063
2127,2043
2143,2065
2147,2053
2139,2033
2145,2064
2147,2071
2139,2069
2144,2080
2133,2060
2145,2011
2144,2077
2135,2074
2131,2053
2131,2035
2136,2033
2133,2020
2118,2020
2119,2041
2117,2036
2112,2077
2108,2072
2101,2036
2096,2079
2092,2045
2075,2036
2071,2001
2068,2051
2073,2080
2063,2053
2053,2048
2053,2029
2037,2019
2029,2080
2032,2037
2024,2048
2017,2072
2007,2077
2013,2039
2008,2041
2001,2028
1999,2079
1996,2029
1999,2063
1992,2035
1993,2071
1981,2024
1977,2041
1990,2056
1987,2033
1992,2029
1995,2023
1987,2072
1989,1995
1989,2039
1994,2035
1994,2037
2000,2024
2007,2011
2008,2018
2010,2064
2011,2065
2009,2035
2023,2043
2020,2063
2032,2063
2029,2054
2044,2039
2056,2043
2057,2019
2055,2029
2071,2043
2076,2017
2077,2064
2091,2042
2086,2080
2093,2056
2100,2068
2105,2055
2113,2037
2117,2044
2123,2021
2129,2063
2119,2023
2125,2042
2139,2056
2139,2024
2144,2062
2143,2039
2144,2060
2139,2023
2143,2063
2146,1995
2148,2080
2145,2064
2143,2079
2143,2063
2138,2058
2138,2024
2131,2019
2124,2038
2126,2056
2124,2019
2117,2052
2105,2033
2101,2069
2111,2027
2097,2074
2091,2038
2093,2062
2088,2054
2084,2044
2080,2046
2068,2075
2068,2037
2044,2071
2046,2060
2051,2078
2038,2073
2035,2021
2026,2060
2024,2007
2009,2045
2017,2063
2009,2053
1996,2045
2008,2072
2001,2012
1999,2071
2000,2057
1991,2071
1989,2037
1992,2054
1996,2044
1992,2061
1984,2034
1999,2039
1997,2026
1996,2072
1993,2012
2000,2071
1993,2021
2003,2026
2008,2003
2019,2026
2015,2071
2019,2044
2029,2038
2029,2048
2033,2039
2040,2080
2053,2024
2053,2017
2063,2054
2066,2047
2071,2039
2067,2024
2080,2070
2079,2034
2090,2007
2109,2030
2089,2052
2101,2043
2118,2029
2110,2041
2121,2027
2132,2035
2128,2064
2131,2008
2137,2057
2133,2063
2144,2023
2151,2053
2139,2045
2148,2019
2144,2060
2151,2057
2150,2036
2136,2048
2137,2037
2150,2043
2140,2066
2135,2034
2136,2019
2135,2072
2127,2063
2123,2044
2124,2072
2119,2027
2119,2055
2108,2091
2100,2001
2093,2080
2088,2033
2081,2060
2073,2048
2076,2080
2069,2037
2066,2029
2063,2025
2045,2040
2045,2042
2038,2066
2027,2025
2019,2031
2025,2024
2016,2042
2007,2057
2002,2063
1994,2037
2007,2042
2002,2098
2000,2071
1999,2057
1997,2068
1998,2039
1995,2071
1987,2035
2000,2072
1997,2068
1992,2040
1993,2060
1994,2057
1999,1976
2004,2052
2004,2068
2008,2072
2009,2055
2011,2025
2016,2056
2023,2017
2030,2026
2031,2011
2025,2035
2040,2063
2043,2067
2043,2043
2052,2029
2066,2092
2068,2046
2069,2043
2081,2025
2088,2013
2083,1987
2089,2021
2089,2040
2106,2030
2107,2023
2115,2067
2117,2066
2124,2056
2121,2027
2119,2056
2137,2034
2132,2037
2139,2040
2140,2063
2141,2040
2142,2051
2144,2028
2139,2063
2140,2043
2140,2073
2140,2074
2136,2015
2125,2055
2127,2043
2127,2051
2125,2059
2126,2071
2125,2068
2109,2056
2101,2063
2107,2071
2103,2063
2097,2065
2092,2071
2085,2027
2079,2057
2076,2047
2065,2067
2069,2032
2041,2021
2043,1995
2052,2019
2039,2044
2017,2043
2029,2078
2027,2063
2021,2078
2011,2055
2008,2063
2003,2065
1993,2056
2000,2073
1996,2071
1999,2080
1996,2073
1981,2017
1977,2028
1992,2037
1987,2020
1987,2068
1984,2079
1992,2071
1995,2041
1992,2070
1979,2065
2000,2071
2000,2041
2006,2073
2006,2021
2013,2025
2004,2005
2013,2035
2024,2028
2023,2038
2029,2048
2029,2071
2042,2079
2035,2077
2044,2031
2065,2063
2067,2043
2068,2011
2073,2022
2079,2037
2082,2044
2088,2011
2093,2096
2100,2067
2109,2060
2107,2063
2117,2025
2115,2033
2125,2042
2127,2079
2133,2015
2135,2065
2138,2055
2136,2017
2140,2073
2137,2060
2151,2064
2136,2055
2146,2034
2135,2029
2142,2031
2136,2029
2136,2064
2139,2035
2133,2029
2129,2005
2128,2056
2125,2052
2117,2035
2107,2034
2103,2039
2106,2027
2101,2072
2096,2065
2092,2036
2085,2072
2073,2040
2065,2023
2077,2011
2063,2015
2060,2036
2043,2039
2037,2053
2039,2044
2039,2080
2024,2077
2012,2056
2020,2080
2009,2023
2002,2061
2001,2037
2003,2055
2003,2025
1987,2036
2004,2039
1996,2007
1987,2022
1984,2027
1979,2051
1981,2044
1995,2027
1987,2022
1996,2007
1990,2059
1989,2063
1993,2066
2005,2039
1999,2068
2008,2056
2018,2027
2011,2033
2019,2036
2026,2075
2029,2075
2032,2023
2029,2039
2037,2028
2039,2035
2063,2057
2063,2079
2068,2043
2075,2069
2080,2072
2094,2078
2083,2088
2096,2065
2101,2053
2104,2039
2109,2009
2107,2042
2124,2058
2127,2045
2136,2031
2136,2070
2136,2028
2135,2079
2143,2039
2143,2020
2143,2015
2143,2035
2153,2008
2152,2035
2151,2055
2149,2075
2137,2021
2148,2071
2144,2064
2144,2072
2146,2080
2140,2011
2125,2035
2136,1969
2128,2027
2121,2015
2112,2060
2111,2072
2108,2044
2107,2021
2087,2039
2088,2042
2091,2017
2080,2011
2069,2005
2068,2069
2066,2055
2056,2071
2048,2064
2039,2057
2030,2063
2027,2044
2027,2039
2011,2057
2016,2036
2005,2033
2007,2072
2002,2028
2003,2080
2005,2053
1995,2039
1992,2029
1993,2060
1989,2069
1997,2001
1997,2056
1981,2047
2001,2005
1991,2009
1999,2067
2003,2031
2001,2056
2003,2072
2005,2045
2003,2019
2006,2001
2007,2043
2023,2060
2020,2034
2025,2044
2032,2053
2039,2012
2039,2056
2048,2037
2059,2044
2068,2079
2072,2092
2065,2065
2077,2047
2083,2027
2087,2035
2095,2063
2099,2041
2107,2044
2123,2068
2121,2046
2120,2029
2129,2072
2134,2072
2131,2047
2143,2062
2143,2056
2150,2015
2141,2015
2150,2073
2152,2048
2156,2066
2155,2067
2152,2018
2157,2021
2145,2024
2145,2019
2146,2040
2145,2030
2142,2062
2138,2061
2136,2039
2127,2074
2128,2074
2117,2071
2117,2035
2109,2027
2110,2038
2103,2060
2103,2066
2091,2029
2079,2058
2083,2052
2076,2063
2068,2065
2067,2028
2045,2041
2043,2044
2042,2012
2037,2027
2023,2037
2025,2045
2016,2060
2013,2024
2009,2033
2000,2045
1993,2063
1997,2017
1991,2088
1992,2028
1981,2059
1995,2035
1979,2029
1976,2012
1983,1995
1987,2069
1973,2039
1979,2068
1979,2056
1993,2046
1992,2033
1988,2020
1993,2043
1993,2077
2007,2037
2004,2021
2007,2009
2015,2061
2019,2022
2021,2027
2025,2053
2019,2032
2035,2043
2040,2064
2044,2011
2045,2043
2063,2019
2063,2056
2068,2069
2077,2012
2081,2009
2092,2068
2083,2035
2103,2025
2099,2019
2110,2019
2107,2063
2117,2021
2131,2054
2127,2021
2131,2067
2131,2044
2139,2013
2135,2020
2135,2039
2144,2063
2132,2023
2148,2040
2137,2060
2137,2029
2138,2051
2140,2052
2141,2056
2127,2039
2136,2056
2135,2054
2131,2040
2119,2069
2119,2011
2112,2020
2103,2056
2103,2059
2098,2041
2089,2043
2084,2072
2090,2025
2072,2002
2073,2068
2072,2063
2068,2071
2060,2068
2053,2043
2048,2041
2035,2080
2033,2076
2025,2072
2029,2088
2023,2044
2016,2052
2011,2052
2003,2042
1995,2017
2003,2011
1995,2083
1999,2039
1997,2035
2000,2005
1979,2035
1995,2069
1996,2018
1991,2034
1991,2028
1995,2064
1998,2023
2002,2055
2003,2023
2001,2075
2000,2015
2003,2041
2014,2055
2016,2036
2026,2019
2027,2029
2020,2052
2028,2052
2033,2058
2035,2071
2055,2052
2063,2071
2063,2056
2063,2061
2075,2019
2075,2026
2081,2053
2089,2080
2091,2023
2101,2043
2114,2063
2105,2043
2117,2020
2121,2048
2115,2048
2124,2058
2134,2017
2127,2037
2131,2036
2139,2034
2144,2023
2138,2023
2143,2039
2147,2033
2147,2017
2145,2063
2140,2042
2150,2026
2150,2035
2143,2072
2139,2066
2143,2089
2137,2071
2137,2056
2121,2053
2117,2055
2124,2051
2117,2011
2107,2008
2101,2063
2101,2065
2091,2071
2094,2055
2088,2080
2084,2056
2072,2059
2071,2059
2063,2037
2057,2029
2053,2043
2044,2043
2039,2035
2031,2075
2035,2040
2027,2047
2015,2027
2015,2035
2007,2077
2008,2019
2001,2079
2007,2021
2002,2031
2010,2052
1995,2076
1999,2025
1999,2021
1991,2017
1989,2079
1990,2052
1997,2068
1995,2029
1993,2009
2008,2045
2011,2038
2009,2053
2020,2028
2020,2070
2024,2080
2011,2057
2023,2027
2027,2059
2029,2040
2033,2065
2043,2029
2056,2013
2056,2013
2063,2077
2060,2069
2074,2027
2077,2077
2086,2007
2087,2021
2083,2035
2094,2060
2099,1981
2109,2005
2108,2070
2113,2037
2106,2053
2129,2017
2125,2026
2129,2040
2132,2038
2137,2080
2138,2055
2133,2033
2142,2053
2136,2040
2141,2046
2147,2063
2144,2036
2144,2036
2139,2073
2137,2079
2135,2031
2132,2061
2123,2079
2120,2057
2123,2021
2119,2056
2108,2072
2103,2080
2099,2079
2092,2029
2087,2065
2088,2065
2083,2048
2076,2026
2073,2043
2063,2041
2055,2057
2059,2079
2047,2057
2044,2064
2041,2070
2019,2057
2027,2031
2024,2019
2020,2067
2012,2046
2008,2027
2005,2026
2006,2045
1997,2067
1991,2028
1994,2011
1993,2015
1993,2065
1994,2043
1993,2071
1993,2078
1988,2020
1987,2037
1987,2044
1993,2056
1993,2036
1988,2053
1995,2040
2003,2045
2007,2018
2011,2037
2017,2078
2016,2001
2025,2078
2026,2042
2032,2076
2029,2063
2039,2019
2044,2039
2058,2028
2060,2017
2071,2059
2076,2063
2079,2020
2085,2015
2091,2069
2095,2063
2096,2007
2100,2038
2101,2053
2107,2013
2109,2044
2124,2065
2129,2063
2129,2009
2140,2038
2127,2057
2137,2039
2147,2063
2145,2017
2144,2039
2139,2063
2145,2058
2151,2044
2152,2023
2143,2053
2139,2040
2137,2022
2141,2027
2142,2077
2132,2025
2133,2004
2129,1989
2121,2072
2122,2070
2109,2029
2115,2005
2105,2001
2092,2043
2095,2019
2085,2057
2075,2033
2079,2056
2067,2089
2069,2072
2068,2003
2056,2033
2041,2048
2043,2015
2041,2042
2029,2060
2024,2056
2015,2060
2017,2080
2010,2088
2005,2042
1995,2071
2001,2058
1981,2024
1990,1995
1991,2026
1980,2019
1992,2017
1977,2019
1979,2057
1995,2067
1981,2032
1986,2025
1991,2029
1995,2079
2004,2019
2001,2029
2008,2068
2006,2060
1997,2005
2007,2043
2016,2061
2011,2057
2026,2024
2019,2038
2026,2028
2040,2039
2036,2064
2043,2057
2053,2019
2063,2077
2072,2028
2076,2009
2069,2051
2086,1987
2090,2072
2093,2059
2098,2041
2103,2063
2115,2052
2112,2056
2120,2040
2121,2048
2128,2089
2135,2063
2136,2044
2140,2053
2137,2005
2143,2056
2146,2043
2144,2064
2149,2072
2148,2045
2145,2063
2146,2056
2143,2031
2137,2069
2133,2064
2132,2042
2133,2064
2128,2071
2126,2021
2119,2064
2115,2043
2116,2024
2107,2065
2104,2027
2099,2039
2093,2017
2083,2012
2085,2069
2078,2040
2077,2060
2053,2039
2067,2025
2043,2003
2029,2076
2040,2042
2026,2053
2019,2023
2022,2073
2016,2071
2005,2022
1993,2010
2000,2055
1991,2029
1987,2019
1987,2056
1988,2003
1982,2033
1978,2022
1977,2065
1979,2079
1981,2044
1971,2023
1971,2053
1964,2080
1976,2025
1975,2029
1987,2027
1976,2064
1987,2001
1991,2035
1979,2045
1998,2056
2009,2065
2001,2044
2001,2019
2011,2072
2015,2063
2019,2038
2019,2038
2030,2020
2035,2039
2042,2078
2059,2066
2063,2064
2063,2041
2071,2044
2081,2041
2076,2052
2075,2074
2083,2028
2096,2080
2105,2069
2099,2063
2101,2020
2112,2011
2113,2027
2123,2027
2130,2066
2128,2052
2134,2017
2139,2013
2136,2059
2132,2011
2138,2076
2136,2057
2135,2060
2138,2042
2133,2037
2134,2063
2128,2059
2128,2056
2120,2005
2116,2033
2119,2045
2114,2032
2111,2067
2104,2041
2100,2074
2084,2074
2091,2057
2088,2011
2080,2024
2079,2021
2073,2056
2065,2035
2048,2057
2056,2019
2051,2060
2037,2032
2032,2051
2027,2072
2029,2036
2015,2037
2008,2075
2012,2023
2004,2019
2001,2047
1991,2057
1989,2079
1996,2058
1991,2046
1995,2058
1982,2060
1987,2056
1984,2007
1984,2053
1979,2057
1975,2040
1990,2068
1988,2023
1996,2055
1999,2040
1992,2040
1987,2032
2008,2017
2005,2019
2001,2039
2016,2041
2009,2040
2025,2011
2029,2030
2035,2001
2032,2036
2044,2071
2055,2032
2055,2079
2063,2025
2071,2027
2073,2032
2076,2039
2084,2015
2085,2058
2083,2048
2099,2035
2104,2029
2103,2011
2109,2051
2123,2032
2116,2017
2127,2015
2129,2041
2137,2063
2139,2063
2143,2055
2142,2048
2144,2069
2144,2072
2152,2005
2151,2033
2138,2039
2149,2030
2148,2058
2140,1997
2140,2026
2136,2060
2140,2017
2136,2074
2132,2044
2121,2036
2127,2072
2109,2063
2104,2075
2109,2037
2104,2072
2091,2063
2091,2029
2089,2037
2076,2055
2081,2011
2067,2040
2065,2034
2064,2032
2053,2005
2052,2001
2040,2040
2029,2044
2027,2023
2019,2005
2025,2040
1997,2021
2007,2020
2015,2073
2001,2055
2002,2041
1992,2037
1993,2032
1979,2029
1997,2040
1999,2064
2000,2052
1992,2029
2011,2030
1990,2044
2007,2065
2008,2041
2008,2063
2007,2067
2012,2048
2021,2089
2022,2060
2020,2047
2028,2019
2032,2019
2036,2063
2039,2041
2044,2063
2056,2019
2057,2070
2063,2019
2065,2028
2072,2041
2072,2067
2088,2045
2084,2066
2085,1995
2089,2079
2101,2073
2104,2041
2111,2066
2117,2057
2119,2019
2126,2035
2135,2045
2137,2043
2139,2015
2135,2045
2135,2027
2145,2015
2147,2033
2152,2066
2148,2036
2152,2068
2129,2007
2156,2028
2137,2043
2152,2060
2143,2041
2132,2040
2135,2056
2139,1992
2132,2037
2121,2063
2123,2023
2119,2046
2099,2033
2101,2039
2104,2071
2104,2011
2095,2063
2093,2036
2083,2038
2076,2039
2076,2071
2072,2044
2056,2035
2061,2060
2039,2043
2040,2009
2039,2039
2021,2064
2023,2075
2015,2005
2016,2027
2009,2029
2007,2031
1999,2044
1999,2013
2002,2045
1992,2023
1993,2040
1979,2039
1991,2003
1979,2065
1984,2053
1979,2027
1988,2027
1984,2044
1995,2071
1993,2089
1993,2039
1998,2021
2001,2055
1996,2009
2005,2063
1996,2033
2016,2055
2009,2070
2019,2063
2017,2035
2032,2037
2036,1994
2040,2005
2047,2075
2053,2019
2064,2068
2057,2039
2065,2042
2075,2052
2080,2044
2087,2051
2087,2065
2091,2095
2100,2035
2106,2068
2105,2065
2115,2025
2122,2032
2127,2051
2115,2039
2134,2056
2140,2061
2138,2032
2136,2036
2140,2072
2135,2053
2146,2070
2141,2071
2135,2075
2141,2053
2139,2040
2141,2080
2129,2059
2133,2021
2127,2056
2123,2068
2117,2071
2117,2036
2116,2086
2109,2123
2103,2059
2099,2045
2085,2019
2087,2001
2081,1983
2071,2052
2063,2023
2061,2052
2057,2063
2051,2080
2039,2023
2040,2020
2035,2040
2028,2007
2023,2027
2025,2015
2023,2076
2015,2088
2007,2057
2003,2052
1996,2017
1995,1995
1991,2012
1992,2028
1984,2061
1989,2052
1988,2023
1978,2023
1975,2029
1977,2040
1973,2032
1977,2080
1974,2064
1976,2039
1980,2079
1978,2043
1975,2045
1981,2011
1981,2048
1999,2040
2007,2036
1977,2024
2014,2072
2018,2063
2016,2080
2021,2039
2026,2068
2027,2033
2035,2001
2039,2021
2043,2019
2052,2063
2055,2068
2045,2067
2055,2059
2066,2068
2069,2071
2071,2063
2076,2035
2074,2074
2080,2075
2084,2035
2090,2015
2100,2039
2092,2027
2105,2071
2099,2019
2119,2063
2113,2027
2125,2030
2126,2035
2123,2073
2131,2035
2124,2063
2123,2063
2121,2047
2120,2044
2119,2007
2113,2021
2116,2009
2103,2072
2093,2071
2097,2053
2093,2023
2096,2017
2096,2063
2088,2043
2082,2072
2075,2043
2077,2008
2072,2086
2065,2028
2063,2087
2058,1989
2045,2057
2048,2065
2039,2056
2034,2072
2031,2079
2028,2015
2018,2023
2017,2021
2010,2037
2005,2058
1999,2029
2009,2021
1991,2043
1997,2040
1995,2038
1996,2019
1989,2060
1987,2023
1995,2076
1987,2029
1993,2027
1991,2080
2000,2033
2005,2040
1997,2053
2005,2031
1995,2047
2008,2034
2007,2048
2013,2023
2008,2066
2021,2085
2021,2040
2028,2060
2023,2057
2035,2053
2044,2036
2048,2075
2060,2064
2063,2024
2067,2043
2079,2088
2084,2029
2088,2046
2094,2038
2093,2009
2089,2015
2095,2066
2097,2021
2104,2063
2105,2072
2120,2047
2117,2046
2124,2015
2125,2057
2125,2017
2133,2012
2136,2060
2129,2033
2135,2007
2144,2042
2141,2057
2137,2043
2151,2074
2133,2059
2136,2019
2144,2040
2139,2003
2135,2071
2136,2021
2130,2033
2123,2029
2127,2065
2121,2074
2121,2012
2112,2064
2107,2039
2093,2008
2083,2025
2081,2019
2069,2057
2081,2058
2063,2023
2063,2077
2040,2063
2040,2071
2037,2048
2032,2041
2025,2067
2019,2080
2013,2063
2008,2006
2013,2010
2007,2059
1995,2073
2001,2073
1995,2063
1992,2013
1992,2042
1991,2074
1981,2031
1978,2021
1980,2088
1981,2087
1978,2054
1980,2039
1977,2041
1980,2015
1987,2055
1985,2080
1991,2033
1995,2061
2000,2044
2002,2024
2012,2025
2009,2039
2012,2046
2020,2022
2025,2021
2023,2040
2029,2012
2037,2027
2043,2063
2055,2017
2063,2025
2071,2019
2075,2058
2080,2001
2086,2080
2085,2032
2087,2054
2101,2081
2107,2034
2099,2044
2103,2041
2123,2058
2123,2064
2130,2017
2123,1997
2132,2056
2140,2068
2140,2027
2139,2029
2143,2018
2144,2027
2143,2011
2145,2029
2145,2082
2137,2075
2142,2077
2142,2013
2140,2046
2138,2071
2141,2008
2119,2057
2136,2009
2128,2043
2123,2040
2123,2045
2114,2069
2111,2063
2107,2066
2099,2075
2095,2024
2088,2025
2084,2079
2077,2039
2074,1995
2069,2043
2063,2039
2053,2042
2045,2019
2039,2009
2040,2013
2036,2043
2028,2074
2015,2057
2009,2011
2009,2040
2008,2073
2007,2052
2001,2029
2004,2080
2000,2086
2008,2071
2002,2021
2000,2067
1993,2035
2000,2019
2001,2028
2001,2055
1995,2094
2001,2064
2008,2075
2006,2057
2012,2072
2008,2037
2015,2007
2019,2042
2024,2046
2027,2067
2031,2040
2025,2044
2040,2026
2042,2021
2040,2072
2045,2044
2053,2061
2061,2070
2065,2053
2071,2027
2072,2068
2081,2025
2091,2041
2085,2043
2097,2003
2094,2009
2100,2008
2112,2004
2116,2059
2119,2056
2121,2019
2109,2079
2132,2037
2119,2011
2125,2060
2128,2063
2132,2030
2134,2005
2120,2023
2123,2046
2128,2015
2129,2040
2129,2005
2122,2065
2123,2087
2111,2029
2121,2028
2115,2076
2117,2057
2107,2041
2100,2020
2096,2058
2093,2027
2092,2015
2077,1993
2081,2055
2077,2040
2075,2073
2069,2060
2063,2061
2063,2031
2048,2068
2039,2079
2028,2037
2028,2058
2017,2043
2019,2080
2014,2068
1999,2029
1991,2047
2005,2056
1996,2010
1999,2018
1978,2041
1980,2073
1980,2080
1971,2076
1975,2039
1984,2019
1982,2021
1982,2061
1994,2071
1980,2058
1978,2046
1974,2055
1964,2045
1984,2023
1992,2031
1989,2048
1995,2048
1997,2044
2001,2089
2007,2059
2008,2089
2016,2077
2016,2040
2021,2063
2026,2003
2021,2021
2034,1995
2041,2027
2035,2026
2051,2069
2064,2025
2063,2063
2063,2035
2075,2087
2077,2091
2071,2063
2081,2033
2088,2027
2099,2080
2099,2058
2101,2032
2103,1989
2113,2034
2123,2009
2116,2056
2121,2019
2117,2015
2127,2054
2117,1995
2131,2035
2129,2063
2127,2036
2127,2037
2123,2015
2123,2044
2118,2064
2118,2059
2112,2040
2108,2083
2103,2055
2104,2025
2097,2055
2089,2069
2096,2019
2084,2062
2080,2044
2084,2033
2076,1973
2072,2059
2064,2057
2063,2072
2056,2075
2055,2021
2039,2045
2034,2104
2024,2060
2011,2072
2005,2027
2020,2019
1995,2074
1992,2053
1987,2035
1977,2063
1980,2072
1981,2063
1973,2048
1976,2046
1975,2058
1975,2043
1969,1994
1958,2043
1967,2066
1965,2037
1974,2023
1965,2016
1971,2037
1976,2037
1976,2040
1984,1993
1989,2005
1993,2066
1994,2037
1996,2073
2001,2028
2003,2069
2007,2041
2007,2051
2018,2062
2024,1987
2012,2027
2035,2019
2033,2007
2033,2040
2048,2057
2063,2068
2060,2018
2068,2066
2075,2079
2082,2023
2091,2043
2087,2024
2089,2091
2103,2065
2106,2071
2115,2096
2117,2038
2119,2040
2123,2028
2127,2033
2130,2026
2136,2072
2133,2079
2137,2010
2142,2063
2137,2036
2137,2029
2135,2063
2137,2064
2139,2056
2138,2025
2132,2080
2129,2064
2128,2070
2130,2069
2115,2057
2109,2063
2100,2056
2109,1977
2097,2020
2097,2028
2093,2057
2087,2053
2067,2054
2079,2048
2063,2032
2074,2048
2066,2063
2065,2067
2043,2021
2044,2039
2025,2039
2034,2039
2024,2059
2022,2073
2017,2042
2015,2047
2008,1999
1996,2021
1994,2063
1989,2080
1993,2120
1993,2008
1993,2001
1984,2001
1992,1979
1991,2091
1990,2120
2000,2071
1993,2019
1995,2056
1992,2019
1988,2071
1997,2026
1995,2017
2006,2090
2005,2028
2008,2030
2015,1992
2025,2080
2021,2052
2027,2087
2037,2077
2044,2079
2045,2096
2040,2029
2055,2063
2068,2077
2063,2031
2071,2041
2085,2042
2087,2025
2095,2021
2097,2041
2105,2046
2103,2055
2104,2067
2123,2092
2123,2095
2134,2071
2140,2048
2139,2023
2145,2033
2143,2065
2139,2041
2154,2039
2140,2048
2155,2004
2147,2028
2145,2092
2155,2009
2147,2077
2152,2044
2147,2023
2144,2048
2146,2008
2142,2056
2136,2063
2124,2039
2117,2044
2123,2028
2124,2075
2120,2001
2109,1933
2104,2033
2101,2046
2091,2016
2089,2020
2075,2037
2077,2071
2071,2041
2069,2045
2063,2015
2053,2011
2043,2036
2031,2072
2036,2003
2023,2058
2025,2019
2003,2061
2001,2052
2005,2083
1991,2071
1990,2067
1995,2048
1989,2061
1984,2024
1987,2068
1978,2092
1981,2063
1979,2067
1980,2065
1981,2103
1975,2099
1978,2071
1989,2041
1984,2031
1980,2036
1991,1982
1999,2017
1995,2047
2008,2071
2003,2007
2009,2043
2014,2041
2013,2023
2015,2005
2033,2025
2027,1990
2040,2035
2044,2104
2044,2046
2055,2009
2063,2085
2063,2103
2073,2051
2075,2020
2088,2062
2088,2008
2085,1997
2103,2027
2105,2032
2108,2035
2112,2079
2127,2093
2124,2103
2121,2065
2131,2005
2132,2067
2131,2087
2143,2038
2146,2073
2142,2009
2133,1983
2140,2040
2140,2095
2144,2099
2137,2017
2137,2039
2135,2071
2125,2033
2123,2069
2125,2036
2126,2022
2119,1975
2107,2021
2104,2025
2107,2040
2098,2072
2092,2004
2088,2008
2081,1971
2083,2032
2075,2072
2069,2028
2059,2027
2063,2076
2045,2037
2045,2030
2032,2069
2046,2066
2034,2036
2019,2001
2009,1996
2017,2047
2005,2078
2007,1993
2000,2013
1999,2055
1997,2037
1995,2038
1991,2089
1992,2038
1977,2003
1979,2038
1981,2004
1976,2037
1963,2071
1972,2055
1975,2063
1981,2025
1983,2015
1987,2020
1988,2039
2001,2056
1995,2040
2004,2029
2008,2018
2011,2044
2018,2072
2021,2040
2022,2079
2024,2042
2035,2029
2036,2033
2035,1991
2042,2020
2055,1987
2058,2078
2066,2093
2065,2061
2063,2029
2071,2037
2084,2067
2088,2086
2087,2080
2093,2043
2104,2041
2101,2077
2116,2021
2117,2043
2124,2055
2124,2019
2128,1960
2135,1979
2133,2003
2136,2023
2136,2088
2131,2074
2136,2035
2136,2064
2123,2021
2130,2068
2132,2072
2128,2080
2127,2055
2123,2017
2117,2020
2103,2019
2105,2018
2104,1995
2104,2029
2091,2035
2087,1987
2093,2032
2073,2037
2083,2027
2081,2067
2072,2055
2063,2071
2052,2019
2044,2028
2037,2080
2037,2088
2032,2035
2017,2033
2019,2043
2016,2037
2007,2070
2008,2066
2003,2058
1996,2108
1996,2080
1984,2043
1991,2048
1987,2001
1980,2040
1990,2039
1984,2054
1976,2025
1979,2030
1983,2056
1979,2018
1979,2036
1973,2021
1991,2095
1992,2063
1987,2057
1990,2027
1995,2059
2000,2039
2013,2084
2003,2104
2020,2099
2023,2014
2022,1958
2039,2027
2032,2017
2044,2053
2053,2079
2041,2065
2066,2080
2071,2059
2072,2059
2077,2019
2085,2009
2087,2059
2098,2035
2104,2068
2107,2035
2106,2064
2103,2070
2117,2055
2128,2066
2123,2072
2123,2088
2128,2040
2133,2031
2134,2016
2140,2016
2141,2001
2138,2028
2144,2072
2141,2053
2131,2026
2139,2027
2142,2021
2141,2012
2137,2085
2141,2092
2135,2040
2120,2028
2122,1987
2125,2001
2112,2068
2107,2084
2093,2065
2091,2048
2089,2032
2081,2011
2081,2044
2076,2060
2071,2063
2053,2053
2043,2037
2039,1995
2043,1979
2043,2015
2039,2023
2025,2027
2019,2057
2010,2068
2009,2068
2008,2001
2007,2042
2004,2083
1992,2142
2001,2057
1995,2063
1993,2028
1983,2001
1985,2035
1984,2088
1978,2071
1974,2097
1977,2015
1977,2009
1987,2005
1979,2032
1984,2068
1981,2063
1993,2033
1991,2017
2007,1945
2007,1953
2003,2023
2013,2010
2012,2072
2023,2035
2019,2008
2033,1971
2028,2001
2040,2008
2039,2033
2055,2041
2059,2059
2067,2100
2063,2093
2073,2071
2080,2000
2081,2040
2087,2070
2083,2095
2096,2086
2100,2068
2116,1993
2112,2042
2117,2071
2124,2033
2122,2035
2125,2021
2133,2029
2133,2032
2139,2056
2142,2039
2135,2040
2134,2033
2131,2035
2136,2021
2140,2023
2142,2035
2128,2080
2129,2075
2135,2044
2136,2068
2127,2052
2110,2024
2109,2060
2111,2029
2112,2036
2103,2012
2096,1981
2083,2023
2080,2032
2078,2069
2077,2088
2072,2031
2063,2023
2065,2029
2048,2031
2044,2005
2035,2058
2032,2052
2028,2029
2023,2080
2016,2051
2005,2011
2011,2053
2003,2077
1993,2064
1987,2037
1994,2044
1992,1999
1981,2027
1982,2063
1987,2115
1987,2101
1979,2032
1979,2010
1981,2048
1971,2028
1973,2088
1983,2123
1988,2111
1984,2055
1988,2061
1993,2008
1985,2063
2001,2079
2002,2034
2009,2070
2011,2003
2014,1961
2019,2042
2017,1991
2033,2023
2029,2075
2037,2021
2039,2008
2053,2045
2068,2005
2072,1998
2069,2042
2079,2077
2083,2093
2085,2119
2099,2100
2099,2028
2104,1971
2115,2013
2112,2064
2121,2096
2137,2087
2135,2083
2123,2033
2129,2029
2140,2056
2148,2096
2155,2079
2144,2081
2147,2055
2145,2047
2147,2038
2148,2040
2150,2078
2143,2112
2137,2068
2139,2033
2139,2024
2137,2024
2135,2045
2133,2059
2123,2089
2123,2061
2117,2035
2110,2011
2109,2024
2097,2053
2096,2058
2088,2035
2088,2083
2088,2021
2079,2015
2065,2056
2055,2043
2057,2033
2039,2080
2038,2119
2034,2009
2019,2079
2019,1971
2020,2001
2009,2024
2010,2044
2004,2021
2002,2025
1999,2051
1989,1989
1992,2032
1995,2026
1988,2020
1988,2009
1976,2079
1985,2085
1984,2024
1978,2008
1984,2005
1992,2043
1993,2091
1999,2055
1991,2096
2001,2030
2007,2007
2006,1955
2003,2048
2015,2069
2008,2097
2019,2101
2017,2015
2023,1979
2027,2004
2033,2040
2042,2065
2044,2078
2055,2103
2057,2087
2072,2063
2073,2043
2077,1975
2088,2012
2077,2034
2087,2029
2103,2071
2091,2041
2099,2027
2108,2011
2120,2077
2127,2080
2124,1991
2128,2035
2135,2001
2125,2106
2137,2071
2133,2043
2144,2073
2147,2030
2143,2040
2133,2076
2125,2117
2134,2091
2131,2063
2125,2037
2121,2020
2127,2051
2127,2017
2107,2080
2115,2038
2102,1993
2103,2075
2098,2015
2096,2063
2091,1981
2088,2016
2077,1953
2087,2023
2072,2044
2073,2075
2066,2095
2065,2011
2039,2048
2033,2035
2029,2041
2031,2052
2028,2027
2021,1991
2015,2063
1994,2041
1994,2093
1986,2071
1987,2042
1993,2024
1988,2035
1990,2003
1989,1979
1979,2025
1988,2055
1977,2075
1973,2077
1981,2021
1975,1957
1973,1958
1963,2075
1984,2124
1984,2128
1992,2075
1979,2018
2001,1987
2004,2015
2003,2075
2004,2085
2005,2067
2005,2026
2022,2044
2023,2023
2027,2063
2030,2068
2033,2080
2044,2039
2053,2003
2041,2011
2064,2010
2063,2056
2071,2055
2071,2021
2075,2027
2075,2031
2083,2043
2092,2034
2100,2089
2100,1991
2101,2000
2109,1967
2127,2025
2116,2065
2117,2083
2122,2076
2127,2075
2120,2029
2133,2011
2128,2041
2132,2095
2129,2075
2121,2055
2124,2063
2125,2074
2128,2008
2119,2052
2119,2034
2109,2007
2115,2043
2107,2103
2103,2039
2103,2044
2089,2045
2086,2037
2089,2056
2086,2039
2080,2047
2077,2038
2067,2027
2057,2040
2056,2073
2053,2099
2042,2093
2042,2089
2033,2014
2024,2025
2023,2058
2024,2072
2017,2059
2014,2063
2005,2017
1993,1993
2003,1959
1998,1990
1987,2032
1988,2088
1984,2043
1989,2093
1993,2028
1984,2020
1982,2028
1981,2017
1976,2071
1981,2073
1999,2131
1994,2085
1991,2067
1997,2065
1999,2023
1999,2043
2012,2072
2007,2085
2019,2051
2010,2075
2017,2044
2026,2021
2029,2012
2033,1997
2051,2080
2035,2048
2036,2023
2044,2003
2058,2017
2069,2088
2068,2094
2080,2021
2077,2080
2077,2089
2088,2037
2085,2006
2089,2019
2104,2090
2100,2069
2109,2007
2119,1995
2117,2013
2129,2029
2126,2097
2122,2108
2125,2099
2136,1991
2136,1994
2132,2040
2135,2024
2130,2072
2130,2015
2124,2035
2130,2072
2127,2023
2121,2047
2107,2006
2105,2033
2104,2035
2107,2055
2105,2017
2102,2015
2089,2087
2085,2065
2085,2013
2078,2011
2068,2081
2072,2100
2057,2063
2040,2063
2043,2024
2041,2044
2037,2098
2035,2073
2029,2003
2029,1976
2022,2006
2024,2023
2016,2074
2008,2023
2008,2029
2003,1999
1991,1993
2000,1965
1992,2044
1980,2066
1984,2045
1987,2052
1982,2027
1980,2043
1987,2063
1984,2060
1979,2042
1987,2077
1993,2037
1989,2035
1993,2112
1995,1999
1994,2033
2003,2066
2012,2053
2007,2064
2011,2020
2021,2003
2017,2055
2027,2080
2031,2056
2043,2081
2045,2092
2039,2037
2061,2022
2055,2015
2063,2007
2063,2027
2067,2104
2080,2023
2079,2009
2092,1991
2087,1980
2095,2043
2103,2103
2119,2078
2109,2041
2118,2042
2123,1977
2129,1991
2128,2018
2131,2038
2140,2088
2136,2096
2144,2035
2144,2084
2141,2059
2129,2032
2133,2017
2136,2067
2136,2096
2131,2087
2119,2057
2119,2067
2121,2074
2115,2027
2116,2025
2107,2032
2103,2044
2112,2080
2103,2080
2099,2104
2087,2085
2091,2073
2083,2080
2071,2009
2069,2048
2063,2071
2060,2082
2053,2056
2040,2055
2039,2065
2018,2057
2027,2033
2030,2086
2020,2089
2018,1991
2007,2018
1997,1991
1991,2023
1985,2069
1996,2089
1979,2069
1973,2040
1982,2003
1973,1965
1983,2012
1977,1990
1983,2033
1979,2071
1984,2040
1983,2063
1990,2033
1991,2053
1995,2037
1997,2091
2003,2055
2000,2069
2001,2083
2005,2068
2001,2007
2011,2001
2016,1989
2024,2057
2023,2009
2024,2103
2040,2010
2037,2055
2056,2020
2066,2053
2067,2030
2067,2060
2073,2019
2085,2027
2084,2059
2096,2046
2101,2067
2104,2055
2103,2056
2116,2032
2120,2035
2123,1993
2127,2056
2133,2008
2135,2036
2135,2016
2143,2077
2135,2059
2147,2067
2143,2112
2145,2063
2153,1991
2147,2019
2152,2044
2152,2065
2152,2055
2144,2060
2151,2080
2137,2075
2144,2053
2129,2030
2135,2090
2132,2063
2124,2071
2107,2043
2114,2045
2106,2057
2101,2083
2096,2019
2086,2027
2083,2043
2087,2021
2067,2010
2073,2003
2072,2040
2064,2016
2048,2025
2041,1981
2040,2069
2037,2109
2027,2096
2029,2073
2027,1957
2008,1987
2003,1997
2005,2060
2003,2072
1997,2075
2004,2043
2004,2088
1996,2001
1999,2058
1993,2067
1991,2021
1993,2003
2002,1988
1993,2089
2003,2099
1999,2080
2006,2002
2008,1973
2014,2009
2023,1971
2020,2001
2016,2132
2021,2124
2019,2037
2034,2063
2042,2005
2046,2019
2056,2038
2060,2024
2067,2024
2063,2039
2067,1995
2083,2021
2088,2031
2085,2123
2103,2007
2102,2036
2104,2005
2115,2022
2117,2016
2121,2073
2123,2106
2139,2108
2143,2081
2141,2023
2144,2046
2141,2027
2154,2013
2147,2070
2158,2088
2161,2015
2157,2019
2155,2030
2157,2003
2148,2041
2155,2024
2154,2033
2154,2077
2145,2080
2147,2065
2143,2043
2145,1996
2139,1950
2130,2040
2128,2074
2115,2059
2117,2029
2109,2055
2113,2015
2101,2055
2096,2065
2083,2023
2080,2068
2073,2039
2075,2008
2069,2063
2053,2019
2057,2015
2036,2052
2040,1995
2037,2026
2025,2003
2023,2040
2015,1999
2004,2009
2003,2065
2003,2027
2001,2063
2001,2091
1993,2058
1989,2056
1992,2039
1992,1947
1981,2017
1990,2021
1989,2037
1981,2019
1992,2055
1987,2002
1985,2010
1996,2063
2001,2065
1995,2080
1997,2079
1995,2044
2009,2043
2012,2023
2019,1979
2023,2069
2024,2071
2027,2071
2027,2043
2035,2083
2051,2063
2056,1980
2053,2017
2065,2035
2069,2042
2078,2027
2077,2009
2089,2076
2083,2103
2092,2040
2092,2056
2095,2036
2109,2063
2107,2032
2105,2055
2121,2036
2121,2015
2120,2025
2125,2004
2123,2011
2134,2041
2135,2053
2145,2043
2135,2055
2146,2040
2139,2019
2129,2041
2139,1989
2127,2000
2130,2024
2127,2001
2125,2090
2118,2072
2109,2059
2112,2040
2104,2009
2103,1943
2095,2040
2099,2071
2089,2103
2087,2066
2080,2075
2075,2041
2077,2027
2069,2037
2048,2043
2053,2071
2048,2042
2037,2015
2032,2025
2028,2048
2026,2081
2009,2097
2009,2095
1997,2067
1989,2048
1995,2020
1993,2021
1986,2084
1986,2124
1989,2065
1979,2072
1992,2023
1981,1975
1975,2033
1973,2055
1973,2077
1982,2100
1976,2079
1984,2037
1975,2043
1986,2069
1984,2078
2000,2040
1995,2034
1991,1971
2008,2029
2014,2033
2005,2120
2015,2028
2023,2007
2024,2016
2028,2028
2040,1977
2043,2074
2039,2094
2045,2058
2053,2011
2071,2015
2065,2017
2080,2046
2080,2055
2088,2071
2088,2019
2098,2051
2103,2073
2106,2041
2112,2092
2120,2097
2121,2065
2117,2029
2127,2017
2129,1980
2137,2039
2130,2058
2137,2093
2136,2089
2144,2043
2148,1994
2147,1997
2142,2066
2139,2068
2140,2096
2143,2012
2138,2048
2136,2073
2128,2070
2129,2080
2133,2075
2119,2095
2123,2042
2115,1999
2107,2003
2091,2051
2096,2065
2095,2074
2081,2003
2075,2043
2080,2040
2073,2070
2065,2056
2056,2029
2057,2025
2043,2063
2041,2039
2040,2037
2040,2029
2031,2037
2019,2057
2020,2087
2023,2053
2012,2068
2003,2056
2003,2012
2001,2008
1999,2055
1996,2052
1995,2036
1992,2011
1992,2057
1991,2065
1995,2041
2005,2091
1996,2019
1995,2036
2005,2053
2011,2005
2005,2064
2013,2042
2008,2017
2011,2011
2031,2087
2030,2076
2023,2095
2034,2063
2040,2036
2044,2035
2046,2032
2045,2008
2055,2003
2067,2089
2071,2070
2079,2096
2079,2021
2088,2024
2093,2004
2095,2032
2103,2047
2110,2045
2112,2032
2117,2023
2121,2078
2129,2092
2135,2109
2135,2096
2136,2068
2142,2054
2139,2005
2136,2085
2144,2055
2150,2080
2145,2017
2139,2040
2150,2012
2150,2009
2144,2038
2133,2073
2143,2043
2133,2081
2133,2040
2139,2017
2127,2008
2128,2048
2119,2003
2108,2056
2105,2071
2108,2037
2108,2023
2091,2028
2095,2064
2088,2067
2083,2088
2071,2041
2067,2013
2067,2024
2065,2072
2055,2071
2047,2074
2039,2063
2027,2029
2019,2075
2028,2056
2017,2033
2015,2024
2005,2027
2005,2059
2015,2042
2001,2053
2003,2025
1993,2031
2001,2007
2001,2056
1999,2096
2001,2096
1987,2037
1981,2021
1994,1994
1995,2005
1997,2027
1992,2055
1995,2063
1993,2011
2006,2019
2006,2043
2015,2056
2011,2086
2018,2072
2019,2055
2028,2004
2039,1999
2039,2040
2037,2009
2042,2071
2066,2089
2065,2048
2072,2047
2074,2042
2088,2047
2088,2040
2090,2074
2104,2088
2100,2035
2102,2066
2111,2047
2118,2043
2127,2038
2126,2069
2136,2055
2140,2082
2137,2040
2146,2020
2137,2024
2144,2042
2158,2069
2153,2024
2148,2017
2151,2011
2152,2037
2152,2008
2152,2040
2145,2054
2135,2028
2144,2063
2140,2048
2136,2028
2138,2036
2129,2067
2120,2031
2126,2079
2123,2065
2112,2040
2107,2096
2097,2039
2086,2057
2091,2034
2081,2033
2084,2017
2071,2055
2076,2080
2072,2072
2063,2054
2045,2044
2034,2007
2042,2017
2039,2027
2030,1997
2026,2039
2016,2019
2018,2033
2015,2037
2007,2077
2001,2027
2001,2048
2003,2027
1991,2041
1993,2063
1995,2041
2002,2043
1991,2088
1995,2075
1988,2036
1995,2044
2000,2006
2008,2007
2003,2027
2010,2064
2011,2022
2011,2009
2024,2045
2017,2070
2031,2071
2027,2033
2027,2075
2037,2070
2042,2019
2056,2066
2055,2064
2068,2060
2071,2028
2069,2038
2077,2009
2092,2072
2079,2007
2102,2003
2109,2044
2105,2010
2112,1980
2131,2012
2128,2044
2130,2029
2133,2065
2143,2034
2140,2067
2151,2025
2153,2066
2152,2029
2140,2035
2164,2036
2165,2056
2167,2023
2168,2076
2171,2075
2165,2083
2157,2037
2168,2005
2155,2032
2159,2025
2158,2065
2153,2075
2155,2043
2136,2057
2139,2043
2139,2041
2127,2063
2135,2063
2123,2069
2111,2048
2112,2077
2107,2056
2103,2040
2096,2071
2085,2067
2075,2057
2078,2042
2073,2104
2071,2084
2065,2067
2054,2073
2054,2033
2039,2025
2033,2063
2021,2074
2012,2039
2019,2033
2011,2075
2011,2063
2007,2075
1996,2035
2002,2033
1995,2027
1989,2041
2001,2027
2001,2015
1995,2017
2003,2045
1997,2029
2007,2005
2003,2041
2000,2053
2001,2072
2007,2055
2009,2048
2008,2003
2012,2055
2009,2013
2017,2058
2027,2089
2037,2035
2029,2025
2041,2002
2043,2056
2057,2022
2065,2075
2063,2061
2067,2006
2077,2019
2080,2063
2087,2035
2089,2052
2093,2015
2107,2004
2104,2036
2113,2021
2123,2037
2128,2011
2135,2087
2123,2062
2138,2028
2147,2057
2148,2036
2150,2048
2149,2011
2152,2040
2147,2057
2152,2011
2152,2035
2151,2064
2155,2036
2152,2089
2150,2059
2147,2063
2146,2037
2146,2064
2141,2029
2135,2020
2130,2037
2132,2038
2127,2034
2119,2038
2107,2073
2107,2044
2107,2039
2101,1989
2096,2066
2089,2063
2080,2021
2077,2026
2068,2063
2055,2063
2056,2040
2060,2072
2043,2064
2035,2071
2029,2044
2019,2061
2012,2023
2017,2056
2015,2080
2009,2042
2005,2077
1995,2073
1994,2025
1989,2039
1993,2052
1995,2056
1995,2042
1992,2029
1987,2067
1981,2052
1979,2054
1987,2033
1987,2027
1995,2029
1992,2036
2001,2044
2004,2066
1993,2036
2011,2083
2008,2061
2015,2021
2014,2066
2018,2058
2023,2045
2027,2075
2035,2061
2035,2019
2041,2037
2061,2073
2053,2035
2064,2024
2071,2043
2073,2057
2081,2015
2077,2056
2088,2005
2089,2025
2099,2015
2093,2043
2107,2005
2112,1993
2123,2047
2117,2011
2119,2076
2127,2032
2132,2067
2140,2015
2140,2044
2139,2019
2133,2035
2130,2003
2143,2068
2147,2055
2144,2048
2140,2065
2138,2039
2143,2077
2140,2066
2129,2035
2125,2079
2115,2051
2126,2021
2120,2066
2113,2063
2103,2018
2103,2063
2095,2043
2101,2069
2087,2027
2083,2077
2083,2052
2086,2010
2079,2027
2071,2068
2067,2063
2060,2080
2053,2029
2047,2056
2044,2029
2037,2079
2027,2048
2025,2079
2015,2080
2024,2036
2024,2053
2012,2058
2008,2015
2004,2070
1995,2024
2009,2060
1995,2035
2005,2043
2001,2025
2008,2061
2002,2029
2008,2039
2006,2043
2008,2019
2007,2003
2003,2008
2010,2044
2016,2060
2024,2080
2023,2053
2026,2057
2028,2021
2039,2056
2027,2029
2041,2051
2053,2079
2041,2015
2055,2011
2055,1997
2065,2015
2074,1997
2075,2034
2085,2037
2091,2019
2087,2027
2099,2005
2107,2044
2105,2056
2112,2071
2116,2037
2117,2052
2126,2068
2131,2045
2127,2043
2135,2009
2133,2057
2137,2034
2142,2074
2145,2063
2145,2056
2143,2023
2143,2077
2147,2080
2143,2041
2143,1991
2145,2027
2137,2075
2136,2085
2138,2011
2136,2035
2131,2060
2123,2039
2123,2034
2109,2043
2112,2044
2100,2019
2105,2045
2100,2027
2096,2068
2091,2035
2083,2024
2079,2071
2072,2021
2058,2047
2057,2068
2048,2062
2037,2071
2045,2056
2031,2071
2033,2040
2035,2040
2029,2053
2017,2005
2005,2017
2011,2024
2003,2052
2000,2054
2008,2021
2003,2021
2005,1992
1996,2060
2000,2005
1992,2066
2005,2078
2000,2051
2007,2010
1994,2033
1997,2067
2003,2067
2006,2025
2012,2045
2015,2035
2022,2073
2024,2019
2028,2057
2025,2036
2040,2023
2037,2025
2046,2058
2055,2072
2065,2024
2068,2064
2073,2023
2079,2071
2080,2062
2088,2040
2103,2021
2093,2019
2104,2027
2112,2031
2115,2080
2123,2053
2119,2058
2129,2023
2136,2075
2137,2019
2152,2031
2151,2025
2144,2007
2156,2044
2156,2053
2152,2029
2162,2055
2164,2023
2157,2031
2159,2093
2164,2037
2162,2055
2153,2038
2155,2037
2156,2059
2152,2066
2152,2011
2149,2053
2143,2074
2137,2035
2136,2060
2134,2025
2127,2060
2124,2080
2120,2065
2115,2023
2099,2029
2099,2080
2090,2047
2080,2013
2080,2053
2080,2005
2063,2067
2063,2039
2052,2059
2059,2035
2035,2064
2039,2072
2027,2060
2027,2032
2013,2037
2009,2028
2014,2072
2009,2015
2014,2028
2005,2055
2005,2059
2004,2076
2011,2021
2006,2066
2001,2069
1992,2041
1993,2059
2006,2028
1999,2036
2008,2011
1997,2015
2018,2047
2012,2018
2016,2028
2023,2071
2024,2044
2031,2029
2029,2037
2040,2039
2040,2064
2053,2055
2053,2057
2068,2073
2058,2022
2069,1995
2065,2051
2080,2060
2072,2009
2088,2019
2092,2067
2093,2041
2105,1993
2112,2064
2115,2051
2123,2023
2119,2013
2138,2023
2137,2073
2133,2021
2144,2048
2149,2070
2148,2069
2149,2071
2153,2033
2153,2041
2149,2032
2153,2001
2163,2015
2153,2001
2155,2040
2147,2063
2159,2017
2152,2028
2144,2066
2135,2063
2133,2023
2123,2076
2123,2056
2125,2073
2117,2063
2105,2041
2112,2052
2103,2056
2099,2040
2092,2021
2088,2037
2079,2027
2056,2071
2072,2027
2073,2065
2059,2059
2053,2045
2037,2029
2032,2041
2033,2048
2015,2037
2024,2024
2013,2019
2011,2078
2007,2063
1995,2031
1992,2035
1997,2070
1987,2077
2001,2055
1977,2037
1988,2039
1995,2061
1984,2071
1980,2066
1989,2072
1988,2009
1990,2017
1984,2027
1992,2022
1994,2066
1992,2041
1999,2061
2003,2063
2011,2037
2015,2077
2005,2077
2024,2035
2022,2028
2027,2068
2040,2067
2036,2044
2043,2067
2059,2072
2056,2039
2071,2063
2065,2040
2077,2032
2079,2026
2079,2026
2094,2055
2099,2043
2100,2017
2109,2063
2103,2029
2115,2044
2125,2023
2132,2056
2129,2015
2143,2063
2136,2029
2134,2043
2142,2063
2143,2055
2151,2005
2149,2040
2152,2013
2151,2036
2147,2043
2152,2053
2143,2063
2139,2024
2142,2063
2139,2059
2136,2035
2130,2071
2124,2053
2124,1991
2120,2037
2110,2064
2112,2084
2108,2063
2093,2029
2092,2055
2083,2039
2085,2056
2078,2067
2071,2071
2077,2066
2058,2053
2065,2027
2041,2023
2041,2076
2029,2035
2023,2051
2026,2089