2105,2063
2119,2043
2128,2056
2135,2022
2132,2039
2123,2071
2139,2048
2140,2027
2144,2005
2147,2010
2145,2069
2144,2063
2143,2015
2139,2031
2137,2057
2136,2061
2139,2042
2131,2029
2120,2042
2127,2067
2117,2037
2105,2071
2103,2095
2101,2063
2099,2040
2084,2043
2088,2030
2083,2045
2080,2040
2075,2043
2065,2056
2065,2088
2053,2054
2056,2007
2051,2063
2031,2068
2027,2044
2019,2055
2016,2015
2018,2045
2007,2045
2004,2024
1995,2023
1992,2047
1990,2040
1985,1987
1984,2047
1980,2037
1983,2063
1975,2039
1977,2053
1975,2054
1979,2038
1975,2007
1975,2058
1982,2080
1973,2027
1984,2011
1980,2060
1971,2067
1987,2063
1999,2064
2008,2043
1999,2056
2007,2020
2016,2027
2022,2034
2019,2045
2021,2063
2032,2058
2040,2029
2042,2017
2060,2043
2053,2071
2057,2041
2075,2068
2071,2066
2080,2027
2085,2069
2095,2015
2101,2038
2105,2088
2108,2043
2109,2054
2117,2032
2119,1965
2119,2067
2128,2048
2129,2029
2134,2063
2140,2040
2143,2021
2148,2035
2143,2072
2139,2044
2144,2076
2143,2040
2133,2065
2144,2024
2139,2021
2141,2029
2127,2029
2139,2027
2123,2077
2128,2033
2132,2035
2122,2038
2115,2010
2109,2037
2109,2019
2087,2071
2094,2042
2084,2044
2091,2054
2080,2075
2072,2035
2065,2073
2068,2011
2051,2063
2054,2061
2040,2053
2035,2030
2036,1995
2026,2055
2017,2007
2016,2053
2007,2071
2005,2045
1999,2080
1995,2023
1990,2058
1996,2067
1994,2001
1992,2046
1993,2083
1979,2012
1979,2036
1989,2024
1990,2046
1979,2080
1991,2023
1992,1996
1996,2034
1997,2067
2003,2021
1999,2047
2012,1995
2011,2063
2018,2005
2019,2056
2024,2071
2030,2071
2028,2011
2027,2027
2038,2039
2039,2034
2053,2056
2056,2035
2055,2059
2064,2046
2065,2029
2069,2033
2080,2071
2084,2026
2093,2072
2096,2075
2107,2011
2101,2065
2109,2067
2109,2053
2131,2055
2127,1989
2124,2055
2135,2065
2129,2044
2133,2043
2137,2073
2141,2015
2139,2077
2147,2029
2136,2035
2143,2017
2146,2063
2147,1997
2134,2025
2133,2027
2129,2023
2131,2079
2123,2052
2121,2024
2119,2069
2113,2080
2108,2033
2111,2009
2107,2061
2087,2011
2084,2075
2092,2036
2088,2040
2071,2021
2075,2074
2063,2063
2063,2015
2039,2056
2053,2029
2029,2001
2027,2056
2030,2033
2021,2042
2020,2063
2007,2036
2014,2041
2004,2039
2001,2065
2007,2008
1999,2020
2000,2066
1992,2072
1993,2073
1987,2019
1991,2018
1981,2071
1981,2068
1991,2030
1991,2032
1992,2030
1992,2076
1991,2039
1999,2029
2007,2059
1997,2039
2001,2066
2015,2029
2020,2023
2021,2035
2015,2048
2023,2027
2027,2024
2033,2063
2039,2055
2045,2039
2059,2061
2064,2044
2056,2055
2076,2036
2073,2079
2081,2039
2088,1991
2085,2053
2095,2063
2091,2009
2104,2008
2101,2012
2116,2056
2127,2027
2129,2021
2122,2002
2127,2056
2129,2067
2141,2063
2139,2057
2135,2055
2152,2025
2140,2035
2150,2058
2146,2045
2144,2065
2139,2023
2144,2041
2140,2045
2135,2068
2135,2055
2128,2015
2125,2041
2119,2063
2104,2040
2114,2080
2109,2064
2099,2053
2103,2019
2091,2012
2077,2072
2087,2028
2084,2033
2075,2078
2071,2029
2072,2043
2053,2046
2057,2056
2041,1997
2052,2027
2030,2027
2029,2067
2015,2069
2024,2041
2013,2024
2001,2039
2015,2042
2008,2025
2007,2022
2003,2077
2002,2057
1994,2080
2002,2055
1996,2080
1995,2027
2002,2028
2001,2044
2000,2040
2001,2100
2007,2021
2003,2038
2009,2002
2009,1995
2019,2063
2024,2029
2023,2088
2028,2055
2032,2071
2037,2035
2030,2059
2037,2075
2041,2063
2063,2053
2055,2037
2063,2064
2079,2033
2072,2066
2081,2029
2093,2057
2096,2021
2103,2043
2108,2053
2112,2056
2120,2055
2111,2069
2127,2037
2135,2037
2121,2044
2136,2025
2139,2039
2151,2072
2145,2038
2146,2033
2152,2043
2156,2015
2147,2028
2147,2057
2151,2055
2156,2017
2148,2037
2143,2072
2154,2063
2145,2056
2145,2053
2138,2068
2137,2054
2129,2058
2133,2017
2123,2053
2132,2071
2119,2052
2107,2041
2111,2021
2105,2051
2100,2056
2087,2021
2083,2063
2087,2066
2077,2074
2073,2024
2071,2068
2063,2019
2065,2056
2048,2009
2045,2047
2039,2036
2031,2032
2031,2042
2021,2080
2021,2039
2020,2063
2007,2090
2017,2040
2003,2071
2014,2063
2003,2058
2005,2072
2009,2074
2008,2066
2001,2066
2009,2045
2011,2059
2003,2057
2007,2065
2016,2019
2020,2039
2012,2039
2013,2065
2022,2073
2035,2040
2033,2025
2040,2020
2040,2053
2039,2029
2057,2028
2057,2036
2067,1979
2065,2063
2073,2073
2079,2064
2088,2035
2089,2057
2097,2022
2098,2024
2107,2021
2105,2031
2112,2040
2124,2025
2118,2054
2130,2065
2133,1989
2139,2072
2141,2020
2142,2063
2144,2015
2146,2020
2148,2055
2147,2037
2157,2053
2151,2064
2160,2016
2155,2021
2151,2035
2157,2088
2147,2063
2151,2017
2152,2053
2142,2056
2140,2043
2142,2079
2140,2036
2136,2040
2120,2063
2125,2075
2119,2008
2120,2019
2103,2052
2103,2057
2099,2043
2089,2084
2091,1995
2088,2020
2080,2043
2068,2096
2063,2043
2064,2027
2040,2038
2041,2065
2040,2027
2029,2079
2033,2040
2023,2053
2025,2073
2015,2080
2012,2030
2005,2029
2003,2019
2005,2068
2000,2023
2002,2021
1988,2071
2000,2027
1988,2023
1995,2072
1995,2007
1992,2072
1991,2067
1997,2037
1992,2043
1998,2017
2005,2029
2011,2063
2004,2044
2018,2053
2016,2029
2015,2047
2026,2025
2020,2070
2024,2033
2040,2005
2043,2029
2059,2023
2065,1998
2071,2011
2072,2019
2079,2021
2080,2057
2088,2042
2091,2064
2104,2063
2104,2009
2107,2042
2108,2063
2109,2036
2115,2024
2121,2056
2136,2053
2129,2059
2131,2079
2139,2063
2142,2007
2143,2041
2141,2063
2151,2004
2155,2040
2152,2063
2149,2056
2148,2037
2151,2011
2151,2025
2151,2067
2144,2035
2139,2080
2142,2001
2133,2059
2136,2015
2135,2015
2121,2072
2121,2063
2116,2042
2102,2041
2103,2042
2095,2034
2095,1995
2091,2036
2081,2043
2079,2080
2067,2027
2072,2070
2058,2035
2057,2023
2048,2071
2052,2035
2039,2042
2023,2027
2025,2019
2019,2072
2022,2039
2015,2059
2008,2023
1993,2043
2007,2068
1995,2023
2007,2017
1996,2027
1997,2069
1994,2025
1994,2044
1995,2043
2000,1992
1993,2029
2004,2027
1993,2071
2011,2043
2011,2010
2009,2025
2015,2015
2003,2047
2016,2063
2026,2018
2029,2025
2027,2053
2031,2030
2048,2009
2039,2024
2056,2059
2063,2009
2059,2068
2071,2033
2079,2065
2089,2060
2090,2056
2084,2056
2091,2017
2108,2029
2101,2003
2105,2031
2105,2035
2113,2077
2126,2068
2123,2020
2130,2015
2136,2046
2137,2037
2139,2031
2150,2039
2152,2024
2137,2048
2161,2071
2155,2063
2156,2069
2155,2075
2153,2069
2151,2041
2152,2072
2145,2069
2144,2017
2135,2057
2138,2053
2129,2023
2131,2065
2132,2011
2124,2037
2118,2039
2108,2074
2107,2057
2104,2080
2096,2015
2097,2068
2087,2031
2069,2036
2071,2063
2071,2045
2037,2025
2058,2027
2051,2060
2056,2019
2029,2046
2032,2048
2025,2065
2020,2045
2018,2093
2008,2063
2012,2043
2010,2039
2007,2056
2007,2013
2008,2041
1993,2037
2001,2017
1996,2025
1991,2063
1993,2056
1995,2042
2005,2028
2007,2035
2010,2039
2009,2058
2011,2029
2009,2029
2016,2024
2020,2068
2030,2005
2036,2022
2025,2060
2039,2061
2051,2031
2039,2044
2056,2039
2063,2035
2065,1992
2073,2024
2085,2039
2090,2073
2096,2037
2093,2021
2103,1989
2107,2025
2115,2069
2121,2067
2125,2063
2129,2033
2133,2072
2144,2017
2141,2029
2146,2059
2153,2065
2159,2040
2155,2009
2163,2054
2173,2065
2168,2057
2167,2045
2164,2072
2171,2043
2169,2056
2170,2015
2167,2087
2162,2019
2163,2023
2160,2069
2152,2078
2152,2068
2147,2023
2136,2040
2131,2021
2129,2056
2121,2030
2119,1967
2103,2024
2096,1999
2084,2007
2078,2063
2071,2035
2064,2001
2043,1975
2041,2011
2038,1980
2027,2099
2030,2112
2020,2098
2019,2099
2011,2035
2004,2031
1997,2071
1993,2023
1976,2072
1980,2099
1981,2035
1969,2063
1964,2046
1971,2025
1963,2088
1977,1993
1971,2036
1965,2021
1976,2024
1976,2071
1971,2065
1977,2020
1972,2066
1972,2044
1971,2031
1971,2059
1972,2027
1987,2033
1991,2043
1989,2001
1991,2072
1994,2073
2003,2004
2009,2070
2013,2060
2024,2005
2023,2028
2029,2037
2039,2004
2053,2045
2065,2071
2068,2011
2073,2041
2071,2075
2084,2037
2086,2056
2090,2027
2094,2033
2097,2039
2089,2052
2107,2021
2118,2037
2109,2071
2112,2055
2117,2048
2127,1997
2119,2054
2131,2061
2133,2072
2135,2036
2125,2033
2136,2032
2132,2071
2137,2043
2125,2029
2129,2043
2115,2063
2121,2071
2124,2035
2127,2041
2123,2046
2116,2001
2116,2063
2101,2020
2111,2051
2093,2048
2090,2023
2093,2055
2077,2033
2080,2031
2072,2063
2077,2068
2062,2055
2063,2020
2055,2043
2057,2019
2056,2011
2035,2072
2051,2033
2040,2031
2029,2013
2030,2067
2024,2037
2019,2080
2024,2059
2020,2055
2017,2027
2016,2027
2015,2048
2014,2037
2015,2048
2021,2067
2020,2025
2019,2036
2021,2071
2016,2079
2016,2028
2015,2065
2021,2025
2033,2065
2030,2059
2043,2043
2039,2027
2055,2060
2052,2072
2057,2019
2063,2009
2057,2021
2072,2058
2075,1993
2079,2007
2083,2059
2083,2068
2081,2046
2086,2019
2099,2011
2104,2055
2103,2025
2115,2033
2115,2065
2120,2077
2121,1987
2135,2046
2129,2057
2136,2063
2133,2037
2146,2077
2151,2072
2147,2017
2157,2013
2153,2039
2144,2033
2159,1987
2160,2011
2153,2040
2152,2017
2147,2035
2152,2075
2146,2048
2140,2027
2141,2071
2144,2022
2129,2025
2129,2055
2128,2037
2129,2067
2123,2023
2115,2024
2112,2057
2108,2060
2099,2023
2103,2044
2096,2027
2088,2041
2083,2036
2074,2045
2076,2017
2075,2071
2063,2015
2051,2074
2036,2032
2033,2033
2027,1999
2019,2058
2017,2035
2012,2073
2007,2011
2000,2008
2001,2025
1997,2021
1984,2073
1989,2024
1975,2055
1984,2037
1987,2078
1984,2023
1989,2060
1984,2023
1973,2042
1980,2007
1981,2007
1980,2035
1990,2025
1979,2043
1993,2068
1981,2031
1996,2025
1995,2079
1995,2028
2010,2078
2001,2053
2011,2093
2020,2024
2024,2057
2024,2042
2034,2061
2044,2025
2047,2059
2055,2023
2063,2063
2063,2040
2068,2023
2076,2045
2087,2035
2080,2067
2094,2059
2093,2009
2091,2062
2115,2038
2107,2035
2121,2063
2124,2019
2120,2043
2134,2009
2127,2009
2129,2041
2133,2064
2143,2038
2136,2036
2144,2076
2135,2044
2144,2056
2137,2067
2143,2087
2143,2023
2137,2057
2139,2029
2125,2075
2123,2060
2121,2044
2124,2071
2125,2035
2109,2027
2108,2075
2097,2037
2104,2024
2092,1999
2083,2055
2073,2076
2077,2027
2063,2075
2071,2029
2057,2019
2055,2047
2055,2060
2036,2053
2031,2060
2021,2070
2023,2008
2007,2029
2008,2021
2007,2040
2003,2091
1993,2067
1991,2019
1982,2065
1985,2039
1984,2040
1979,2057
1984,2008
1977,2063
1981,2063
1993,2030
1979,2036
1984,2023
1995,2007
1996,2074
1995,2041
1998,2023
1996,2079
2001,2053
2011,2063
2018,2039
2009,2067
2011,2024
2032,2007
2034,2075
2030,2011
2050,2024
2043,2041
2063,2037
2063,2060
2067,2068
2074,2072
2078,2058
2080,2027
2085,2084
2103,2030
2107,2041
2108,1993
2109,2073
2120,2065
2123,2079
2136,1995
2143,2041
2136,2040
2147,2001
2139,2032
2147,2060
2155,2025
2149,2042
2157,2036
2156,2063
2152,2048
2153,2032
2152,2046
2155,2068
2144,2035
2152,1996
2155,2069
2143,2009
2144,2063
2143,2057
2131,2072
2135,2015
2128,2045
2119,2060
2119,2073
2112,2072
2099,2069
2104,2071
2089,2042
2093,2031
2088,2071
2078,2005
2075,2031
2057,2079
2063,2034
2056,2074
2042,2073
2051,2077
2037,2071
2035,2045
2031,2015
2024,2037
2021,2063
2011,2043
2009,2058
2004,2010
2008,2044
1997,2065
2003,2075
1993,2030
2000,2015
1999,2057
1996,2041
1995,2080
1995,2042
1991,2083
1997,2040
1989,2068
2003,2056
2008,2063
2003,2041
2015,2007
2015,2076
2013,2024
2024,2017
2028,2015
2025,2043
2032,2064
2037,2007
2037,2017
2056,2056
2055,2039
2053,2017
2069,1993
2071,2020
2077,2041
2082,2007
2085,2033
2096,2066
2099,2057
2105,2066
2099,2043
2110,2019
2115,2048
2120,2007
2120,2043
2133,2048
2135,2041
2135,2080
2145,2023
2125,2040
2145,2028
2156,2013
2146,2047
2154,2068
2151,1995
2151,2024
2147,2072
2147,1997
2145,2045
2151,2036
2144,2053
2145,2035
2139,2065
2129,2024
2123,2036
2131,2001
2117,2065
2116,2066
2106,2071
2113,2077
2105,2019
2103,2009
2089,2064
2090,2007
2085,2039
2078,2076
2072,2027
2072,2041
2067,2021
2063,2040
2044,2038
2039,2029
2043,2007
2027,2067
2023,2023
2028,2059
2011,2068
2014,2029
2007,2071
2003,2027
2008,2028
2002,2060
2015,2057
1995,2024
2000,2027
2007,2028
1997,2068
2004,2009
1999,2057
1996,2017
2003,2054
2010,2029
1997,2019
2010,2043
2012,2036
2008,2036
2010,2055
2020,2071
2019,2028
2019,2020
2039,2037
2039,2037
2043,2026
2053,2036
2061,2056
2063,2080
2063,2040
2069,2012
2069,2023
2080,2047
2084,2039
2087,2035
2092,2012
2100,2067
2104,2064
2107,2033
2110,2040
2107,2025
2119,2041
2126,2063
2135,2073
2129,2060
2138,2065
2140,2038
2141,2025
2147,2063
2152,2020
2151,2033
2138,2028
2140,2029
2153,2040
2145,2011
2148,2017
2149,2063
2139,2035
2139,2075
2139,2056
2133,2044
2132,2033
2123,2064
2116,2042
2118,2035
2105,2061
2098,2070
2096,2003
2099,2042
2081,2066
2088,2037
2080,2075
2077,2027
2071,2054
2063,2030
2057,2021
2053,2043
2056,2019
2045,2061
2042,2030
2031,2071
2026,2056
2024,2015
2015,2029
2014,2018
1997,2038
1997,2029
2003,2071
1993,2051
1995,2080
1993,2072
1998,2055
1995,2063
1989,2068
1998,2066
1994,2068
1987,2079
2000,2041
1999,2020
2001,2041
2007,1981
2005,2063
2008,2035
2012,2088
2017,2063
2022,2025
2016,2060
2030,2067
2032,2073
2039,2029
2037,2032
2045,2030
2053,2035
2055,2024
2064,2004
2071,2041
2069,2037
2083,2029
2088,2007
2089,2029
2093,2029
2103,2066
2094,2052
2106,2001
2107,2072
2120,2044
2115,2018
2125,2048
2123,2005
2127,2080
2139,2003
2121,2067
2131,2067
2137,2039
2143,2056
2139,2005
2143,2055
2139,2005
2137,2041
2133,2039
2132,2040
2133,2022
2135,2041
2131,2004
2127,2043
2124,2023
2118,2011
2112,2075
2101,2063
2101,2056
2102,2064
2089,2011
2083,2041
2080,2018
2071,2065
2071,2029
2065,2033
2065,2039
2048,2011
2045,2054
2035,2017
2038,2020
2027,2024
2024,2043
2015,2065
2011,2051
2008,2035
2004,2039
2005,2036
1999,2031
1993,2063
1997,2021
1984,2063
1987,2027
1992,2057
1980,2063
1979,2072
1983,2007
1971,2017
1979,2020
1980,2017
1975,2029
1979,2013
1991,2075
1995,2028
1991,2076
2000,2056
2000,2029
2001,2071
2013,2005
2013,2033
2007,2057
2025,2056
2019,2069
2034,2021
2036,2027
2045,2077
2047,2041
2063,2080
2066,2070
2072,2021
2073,2057
2080,2067
2084,2072
2093,2037
2087,2068
2090,2072
2103,2025
2104,2009
2115,2079
2120,2029
2122,2043
2123,2045
2128,2063
2133,2019
2129,2023
2143,2009
2139,2051
2146,2003
2135,2088
2143,2039
2131,2063
2145,2008
2141,2027
2139,2025
2138,2007
2131,2052
2137,2072
2127,2025
2125,2011
2119,2046
2115,2011
2115,2079
2103,2017
2101,2044
2093,2039
2085,2056
2086,2021
2075,2043
2071,2068
2067,2063
2067,2011
2057,2059
2043,2039
2044,2013
2039,2027
2025,2071
2023,2011
2024,2028
2020,2076
2016,2035
2007,2063
2001,2031
1994,2056
1980,2027
1989,2043
1990,2067
1995,2028
1975,2073
1979,2054
1977,2034
1979,2063
1977,1975
1977,2059
1971,2039
1971,2071
1984,1999
1984,2064
1987,2076
1992,2008
1987,2079
1997,2008
1993,2048
1987,2041
2003,2012
2005,2069
2016,2079
2019,2036
2019,2053
2035,2042
2027,2011
2051,2029
2041,2041
2057,2060
2066,2040
2063,2044
2075,2056
2076,2010
2077,2008
2085,2015
2094,2044
2099,2044
2108,2028
2115,2065
2119,2046
2121,2045
2127,2019
2124,2071
2133,2056
2132,2042
2139,2074
2137,2015
2143,2009
2141,2041
2148,2035
2152,2029
2151,2041
2147,2040
2148,2021
2139,2063
2147,2041
2140,2064
2143,2042
2141,2045
2129,2046
2128,1999
2129,2044
2120,2035
2107,2079
2091,2056
2111,2019
2092,2021
2095,2071
2093,2063
2080,2023
2081,2071
2075,2067
2070,2056
2051,2045
2056,2015
2040,2025
2037,2041
2042,2059
2016,2034
2013,2068
2023,2015
2015,2025
2015,2065
2000,2023
1996,2063
2007,2041
1995,2080
1999,2091
2004,2039
1993,2066
1999,2067
1998,2023
1993,2066
2000,2022
1992,2078
1995,2067
2000,2080
2007,2053
2004,2060
2004,2009
2007,2070
2008,2048
2012,2038
2019,2036
2028,2021
2025,2088
2030,2032
2041,2005
2039,2011
2045,2019
2059,2073
2064,2036
2069,2019
2065,2025
2079,2064
2087,2019
2091,2068
2099,2013
2103,2040
2097,2043
2113,2011
2117,2072
2119,2029
2130,2015
2129,2044
2134,2023
2133,2055
2136,2029
2147,2035
2152,2007
2153,2029
2158,2003
2148,2045
2157,2007
2156,2025
2158,2041
2147,2071
2149,2048
2151,2028
2155,2025
2151,2039
2152,2033
2146,2053
2132,2074
2133,2028
2135,2027
2121,2055
2123,2069
2113,2068
2115,2011
2107,2077
2099,2080
2101,2021
2085,2068
2090,2034
2073,2065
2073,2074
2070,2060
2063,2056
2056,2065
2053,2023
2054,2043
2040,2022
2035,2063
2024,2022
2019,2060
2020,2057
2012,1997
2010,2053
2011,2025
2009,2009
2003,2076
2004,2071
1991,2021
1997,2054
2002,2005
1991,2007
2000,2057
2000,2066
1988,2072
2000,2037
2003,2056
2003,2026
2010,2048
2007,2037
2009,2071
2023,2035
2021,2067
2027,2038
2024,2047
2032,1996
2029,2027
2045,2029
2043,2066
2055,2028
2063,2054
2056,2035
2067,2080
2077,2052
2077,2034
2083,2060
2081,2011
2084,2039
2093,2066
2106,2011
2103,2063
2104,2012
2112,2048
2120,2011
2129,2044
2129,2039
2125,2024
2132,2012
2139,2009
2140,2079
2147,2042
2143,2071
2140,2031
2140,2093
2143,2056
2143,2060
2136,2060
2137,2001
2139,2036
2131,2046
2129,2056
2129,2019
2117,2029
2121,2080
2112,2035
2108,2037
2101,2046
2097,2043
2098,2051
2095,2067
2088,2046
2084,2027
2077,2019
2072,2068
2059,2011
2063,2037
2053,2005
2045,2078
2035,2063
2030,2029
2021,2027
2028,2031
2011,2019
2013,2021
2005,2003
2007,2021
1998,2039
1991,2041
1987,2077
1992,2068
1995,2039
1990,2087
1977,2074
1979,2064
1973,2033
1981,2029
1975,2043
1979,2053
1975,2040
1981,2001
1987,2063
1987,2067
1992,2025
1991,2021
1991,2063
1993,2063
2000,2009
2012,2035
2011,2019
2013,2069
2015,2063
2021,2009
2024,2067
2035,2073
2035,2056
2037,2037
2037,2035
2041,2039
2057,2074
2071,2056
2080,2086
2080,2021
2080,2060
2088,2023
2091,2043
2089,2063
2093,2063
2106,2030
2108,2043
2120,2073
2120,2032
2123,2087
2126,2032
2127,2001
2135,2042
2136,2003
2129,2059
2130,2056
2131,2039
2131,2029
2133,2037
2125,2027
2125,2027
2119,2046
2123,1989
2121,2011
2113,2044
2116,2045
2112,2067
2104,2031
2091,2063
2100,2041
2089,2015
2087,2025
2087,2060
2073,2072
2076,2037
2065,2077
2066,2041
2065,2038
2041,2065
2043,2033
2043,2063
2035,2060
2036,2023
2029,2063
2027,2073
2011,2056
2010,2053
1995,2045
2006,2025
1996,2029
2000,2041
1997,2005
2001,2069
1992,2019
1992,2077
1979,2076
1982,2023
1992,2027
1981,2023
1987,2056
1995,2024
1990,2021
1990,2015
1991,2054
2000,2021
1995,2055
2008,2044
2005,2055
2015,2047
2008,2003
2017,2058
2028,2071
2031,2064
2033,2021
2033,2034
2037,2023
2052,2073
2061,2071
2059,2079
2057,2055
2068,2064
2079,2044
2084,2056
2083,2065
2092,2032
2100,2053
2093,2037
2108,2077
2117,2021
2120,2056
2120,1997
2124,2019
2130,2041
2136,2042
2131,2029
2145,2058
2144,2051
2145,2015
2139,2065
2147,2046
2139,2017
2147,2059
2141,2044
2152,2035
2144,2017
2131,2015
2135,2005
2123,2063
2135,2026
2132,1989
2120,2063
2117,2052
2104,2072
2110,2001
2111,2033
2101,2044
2099,2027
2092,2030
2071,2056
2083,2073
2068,2024
2070,2065
2057,1997
2058,2003
2041,2063
2039,2027
2035,2017
2035,2066
2019,2066
2015,2055
2015,2038
2003,2037
1996,2033
1991,2040
2001,2076
1991,2033
1992,2004
1988,2051
1979,2056
1988,2066
1980,2031
1989,2019
1982,2017
1977,2056
1973,2072
1979,2017
1984,2071
1981,2018
1995,2040
1989,2045
1992,2023
2001,2004
2003,2070
2019,2051
2009,2041
2012,2055
2018,2042
2024,2071
2031,2072
2036,2029
2035,2045
2039,2057
2044,2072
2057,2071
2066,2029
2068,2064
2078,2019
2082,2035
2082,2065
2089,2033
2096,2040
2095,2036
2105,2007
2117,2043
2112,2051
2120,2072
2119,2039
2128,2033
2132,2025
2123,2066
2123,2042
2141,2065
2140,2043
2150,2017
2133,2068
2144,2029
2144,2024
2143,2051
2137,2041
2135,2058
2133,2017
2131,2035
2126,2043
2125,2080
2117,2065
2116,1996
2109,2066
2104,2005
2104,2088
2087,2033
2091,2063
2091,2045
2079,2041
2082,2072
2063,2079
2072,2021
2063,2021
2039,2061
2040,2064
2035,2017
2036,2079
2030,2027
2022,2053
2008,2079
2011,2022
2002,2044
1993,2035
2000,2023
1991,2023
1994,2041
1978,2027
1984,2009
1978,2072
1978,2023
1973,2067
1981,2040
1975,2047
1973,2030
1984,2021
1975,2017
1979,2036
1977,2035
1979,2077
1994,2019
1992,2070
1996,2036
1993,2044
2004,2067
2015,2043
2016,2041
2007,2005
2013,2067
2032,2056
2023,2025
2039,2035
2043,2053
2055,2063
2063,2015
2056,2027
2070,2046
2076,2064
2075,2015
2088,2040
2092,2042
2091,1995
2093,2061
2113,2028
2109,2048
2122,2074
2115,2011
2120,2022
2123,2080
2135,2037
2139,2019
2133,2011
2135,2040
2144,2067
2135,2063
2141,2026
2146,2027
2137,2048
2143,2071
2147,2088
2143,2067
2137,2077
2143,2071
2139,1998
2128,1993
2132,2033
2117,2066
2120,2063
2112,2009
2117,2063
2107,2040
2105,2008
2099,2080
2090,2033
2088,2039
2084,2056
2075,2029
2065,2019
2067,2060
2059,2017
2053,2074
2055,2068
2039,2029
2038,2079
2025,2023
2020,2020
2010,2066
2015,2043
2010,2021
1995,2063
2002,2027
1999,2003
1996,2027
1997,2080
1988,2029
1995,2015
1981,2062
1993,2039
1992,2019
1993,2031
2001,2023
1994,2017
1998,2060
1998,2003
1994,2078
1999,2040
2007,2068
2007,2040
2009,2065
2007,2026
2019,2066
2023,2039
2025,2069
2028,2013
2039,2021
2028,2027
2044,2060
2043,2005
2051,2013
2065,2018
2069,2019
2066,2027
2083,2007
2081,2048
2091,2067
2091,2056
2087,2029
2104,2036
2109,2037
2103,2077
2113,2030
2122,2028
2127,2080
2132,2039
2137,2064
2132,2023
2133,2040
2137,2057
2137,2056
2147,2015
2144,2011
2142,2043
2133,2056
2141,2063
2129,1997
2128,2058
2134,2044
2132,2027
2128,2033
2113,2033
2123,2028
2109,2062
2112,2056
2099,2032
2099,2040
2100,2056
2100,2015
2083,2044
2083,2009
2083,2007
2072,2056
2065,2039
2055,2076
2056,2008
2041,2011
2040,2004
2025,2069
2030,2043
2021,2023
2021,2057
2016,2044
2008,2045
1997,2020
1993,2021
2000,2021
1993,2029
1980,2048
1991,2011
1996,2066
1992,2005
1979,2072
1977,2058
1980,2055
1980,2004
1966,2055
1977,2029
1981,2040
1987,2020
1979,2005
1990,2044
1993,2038
1981,2072
1993,2048
2007,2021
2001,2015
2001,2055
2010,2067
2023,2039
2023,2045
2025,2044
2033,2023
2036,2035
2043,2011
2056,2021
2063,2055
2057,2051
2070,1996
2071,2029
2076,2019
2093,2035
2085,2020
2099,2011
2093,2073
2099,2048
2092,2046
2117,2036
2112,2048
2107,2041
2122,2053
2122,2034
2123,2045
2121,2061
2131,2020
2125,2056
2132,1995
2130,2035
2128,2009
2131,2024
2127,2078
2131,2011
2127,2046
2117,2080
2121,2025
2120,2036
2107,2040
2112,2069
2104,2045
2095,2059
2096,2053
2084,2063
2091,2019
2080,2023
2071,2091
2074,2017
2069,2064
2045,2047
2063,2035
2040,2076
2041,2072
2035,2024
2030,2037
2027,2074
2028,2071
2015,2067
2015,2053
2014,2034
2011,2036
2008,2059
1995,2023
1995,2068
1989,2091
1996,2015
1993,2085
1996,2001
1992,2069
1989,2019
1984,2060
1980,2075
1992,2025
1988,2067
1990,2023
1993,2025
1989,2041
1993,2021
1999,2068
2010,2019
2003,2056
2015,2056
2016,2036
2023,2056
2027,2058
2028,2020
2033,2057
2035,2067
2041,2043
2059,2027
2045,2067
2067,2091
2067,2021
2071,2027
2085,2029
2088,2011
2089,2063
2101,2079
2091,2059
2104,2053
2109,2053
2109,2055
2119,2054
2132,2005
2126,2053
2133,2058
2137,2024
2139,2028
2142,2019
2137,1995
2139,2008
2150,2019
2145,2077
2147,2034
2147,2008
2147,2044
2144,2029
2136,2032
2143,2041
2143,2089
2134,2003
2136,2033
2126,2035
2123,2048
2115,2066
2105,2027
2115,2065
2108,2034
2095,2084
2100,2070
2096,2007
2091,2069
2075,2046
2078,2039
2077,2073
2069,2037
2055,2077
2056,2023
2044,2018
2029,2024
2032,2041
2031,2087
2017,2077
2020,2033
2010,2055
2006,2059
2003,2067
2009,2029
2000,2009
1999,2044
1995,2065
1997,2017
1999,2042
1995,2088
1991,2031
1991,2072
1993,2069
2000,2024
1992,2067
1993,2019
2005,2063
1995,2029
2003,2063
2010,2023
2012,2063
2014,2019
2021,2056
2011,2037
2019,2036
2035,2027
2038,2029
2039,2060
2059,2040
2057,2040
2059,2036
2067,2076
2073,2063
2077,2041
2077,2068
2081,2047
2093,2070
2095,2059
2107,2024
2109,2063
2105,2072
2123,2055
2117,2043
2127,2071
2131,2023
2136,2025
2142,2072
2143,2087
2136,2071
2147,2047
2152,2064
2153,2025
2140,2037
2147,2044
2152,2005
2149,2080
2140,2063
2148,2036
2146,2033
2141,2063
2136,2030
2134,2063
2131,2063
2134,2029
2123,2041
2121,2021
2118,2019
2116,2021
2105,2041
2104,2020
2101,2023
2089,2024
2081,2025
2077,2040
2079,2017
2065,2073
2067,2068
2044,2067
2035,2043
2035,2069
2034,2025
2037,2054
2028,2038
2015,2072
2010,2068
2003,2029
1995,2060
1991,2056
1993,2029
1996,2041
1995,2045
1988,2003
1989,2032
1979,2025
1977,2035
1981,2024
1981,2031
1979,2057
1975,2072
1992,2035
1995,2017
1998,2032
1999,2019
1991,2063
1999,2064
1995,2011
2007,2021
2015,2068
2014,2009
2011,2027
2029,2021
2037,2027
2032,2073
2040,2077
2051,2063
2048,2029
2060,2015
2063,2017
2068,2069
2071,2069
2084,1997
2081,2055
2085,2040
2092,2041
2104,2056
2100,2048
2103,2068
2120,2075
2120,2007
2121,2047
2133,2020
2133,2023
2138,2052
2145,2041
2138,2076
2139,2026
2144,2056
2143,2023
2127,2063
2153,2039
2148,2019
2137,2025
2144,2035
2140,2003
2139,2044
2135,2042
2136,2035
2136,2043
2130,2067
2123,2021
2115,2057
2112,2070
2103,2055
2099,2021
2099,2023
2087,2028
2084,2044
2088,2065
2078,2004
2073,2009
2063,2043
2065,1993
2056,2054
2039,2043
2040,2071
2036,2024
2029,2025
2019,2025
2017,2034
2013,2027
2015,2075
2003,2056
2004,2024
2005,2015
1999,2040
1989,2072
2000,2044
1981,2039
1996,2057
1995,2007
1995,2045
1993,2048
1996,2032
1994,2023
1996,2039
1996,2055
2001,2029
1997,2031
1997,2040
2003,2035
2011,2029
2024,2025
2017,2015
2019,2055
2032,2037
2033,2035
2035,2043
2043,2080
2063,2027
2043,2057
2055,2064
2063,2058
2071,2060
2082,2020
2088,2056
2095,2031
2085,2019
2105,2072
2104,2019
2108,2039
2120,2040
2120,2034
2125,2007
2129,2030
2139,2067
2137,2025
2135,2042
2145,2055
2139,2039
2143,2048
2149,2066
2149,2031
2152,2037
2151,2044
2152,2067
2154,2007
2151,2080
2143,2063
2144,2064
2140,2035
2136,2028
2136,2055
2137,2024
2128,2056
2124,2023
2120,2089
2115,1989
2109,2030
2105,2041
2099,2023
2085,2042
2090,2043
2080,2053
2077,2043
2067,2071
2071,2025
2058,2011
2041,2060
2046,2002
2043,2039
2035,2073
2027,2056
2028,2055
2022,2035
2016,2007
2013,2009
1997,2068
2015,2041
2001,2060
1993,2021
1992,2021
1991,2063
2000,2022
1993,2019
1994,2076
1995,2029
1996,2076
1989,2035
1993,2011
1991,2072
2007,2040
2007,2010
2002,2012
2012,2095
2012,2003
2011,2045
2021,2036
2027,2043
2029,2019
2035,2063
2027,2071
2046,2019
2055,2068
2063,2059
2056,2071
2075,2029
2067,2023
2071,2039
2084,2055
2091,2080
2103,2080
2101,2073
2099,2040
2110,2070
2107,2033
2120,2060
2123,2023
2119,2056
2133,2056
2136,2039
2133,2059
2139,2061
2140,2089
2143,2058
2145,2031
2146,2021
2139,2066
2152,2021
2143,2025
2137,2011
2139,2027
2143,2063
2140,2030
2133,2071
2135,2077
2131,2052
2119,2062
2114,2080
2113,2065
2121,2063
2114,2073
2095,2073
2105,2021
2091,2001
2092,2041
2083,2071
2079,2026
2074,2025
2071,2029
2060,2035
2063,2045
2046,2001
2044,2069
2039,2033
2031,2072
2024,2071
2016,2077
2017,2035
2011,2058
2003,2027
2001,2093
2000,2035
2000,2067
1990,2019
1992,2043
1995,2054
1987,2039
1984,2029
1989,2080
1980,2067
1992,2025
1995,2011
1996,2052
1989,2037
1999,2061
2005,2064
2009,2017
2007,2034
2007,2043
2015,2057
2022,2059
2021,2019
2023,2048
2035,2040
2036,2067
2040,2007
2051,2024
2054,2044
2063,2027
2067,2011
2072,2020
2079,2038
2081,2053
2075,2067
2095,2019
2093,2071
2098,2059
2106,2080
2107,2063
2118,2068
2118,2056
2127,2044
2127,2017
2136,2009
2139,2023
2133,2063
2144,1995
2147,2047
2152,2039
2148,2022
2144,2052
2153,2009
2139,2007
2139,2017
2145,2080
2135,2011
2139,2063
2139,1994
2127,2059
2129,2054
2127,2075
2126,2054
2123,2056
2120,2071
2105,2067
2105,2072
2105,2059
2096,2021
2087,2021
2087,2057
2079,2054
2073,2040
2072,2065
2070,2054
2059,2025
2055,2064
2056,2042
2043,2070
2032,2043
2035,2047
2021,2058
2024,2021
2029,2032
2016,2017
2015,2065
2008,2056
2007,2033
2008,2035
2004,2031
2003,2071
2000,2015
1996,2003
1990,2071
1999,2015
2002,2056
2004,2040
2006,2040
2008,2053
1999,2044
2007,2065
2001,2056
2016,2034
2015,2045
2024,2017
2027,2055
2027,2051
2027,2056
2033,2069
2040,2078
2039,2009
2059,2017
2063,2028
2073,2002
2063,2063
2079,2011
2087,2029
2089,2048
2095,2036
2092,2075
2101,2066
2112,2009
2109,2045
2114,2037
2119,2039
2119,2073
2135,2071
2139,2040
2139,2008
2140,2017
2152,2073
2136,2027
2157,2043
2137,2025
2149,2029
2156,2045
2151,2060
2153,2037
2160,2021
2151,2015
2151,2040
2148,2048
2152,2027
2144,2069
2142,2007
2139,2063
2131,2027
2133,1993
2128,2088
2127,2039
2107,2072
2105,2003
2105,2048
2098,2036
2089,2021
2089,2074
2084,2079
2077,2063
2077,2075
2063,2043
2045,2056
2054,2065
2045,2058
2037,2030
2037,2015
2030,2045
2019,2015
2015,2036
2018,2037
2007,2058
2001,2072
2004,2033
2000,2063
2000,2025
1998,2041
1995,2063
1996,2022
1991,2044
1996,1995
1993,2071
1992,2036
1992,2041
1999,2048
2005,2053
2004,2080
1995,2035
2008,2067
2010,2071
2017,2063
2018,2009
2016,2018
2015,2055
2031,2028
2036,2071
2036,2015
2035,2037
2055,2063
2063,2076
2063,2080
2065,2047
2076,2003
2076,2019
2075,2017
2075,2059
2089,2075
2091,2075
2107,2067
2110,2037
2104,2019
2120,2024
2117,2045
2129,2035
2132,2036
2129,2071
2129,2007
2137,1995
2139,2011
2152,2011
2139,2047
2151,2005
2139,2044
2149,2041
2143,2071
2152,2028
2147,2055
2144,2053
2144,2047
2133,2035
2141,2041
2132,1993
2135,2024
2127,2064
2119,2042
2115,2036
2108,2068
2111,2019
2096,2023
2083,2069
2086,2077
2080,2027
2076,2091
2065,2019
2071,2071
2065,2072
2058,2023
2051,2065
2029,2054
2039,2063
2030,2011
2023,2067
2023,2065
2007,2059
2016,2024
1999,2037
1993,2035
2003,2029
2001,2027
1996,2009
1995,2055
1978,1997
1979,2055
1992,2021
1991,2067
1994,2072
1993,2004
1990,2039
1989,2025
1995,2048
2000,2046
2008,2064
2007,2027
2005,2027
2012,2037
2012,2068
2018,2064
2025,2072
2020,2028
2021,2041
2028,2019
2037,2059
2048,2043
2042,2069
2058,2040
2066,2063
2073,2091
2071,2047
2081,2068
2088,2071
2099,2064
2096,2017
2104,2034
2099,2033
2117,2046
2109,2005
2129,2029
2135,2032
2135,2038
2137,2009
2131,2060
2133,2063
2142,2063
2148,2057
2150,2066
2143,2065
2152,2031
2152,2089
2155,2033
2152,2024
2145,2071
2149,2044
2141,2028
2139,2063
2136,2043
2143,2025
2133,2020
2133,2068
2123,2054
2115,2041
2115,2017
2115,2047
2115,2072
2104,2035
2089,2069
2096,2025
2088,2042
2079,2037
2075,2072
2063,2071
2070,2063
2063,2021
2048,2072
2055,2051
2037,2054
2027,2043
2030,2011
2018,2067
2016,2079
2014,2006
2009,2064
2003,2065
2006,2067
1998,2025
2003,2068
1994,2033
1998,2027
1996,2009
1988,2039
1998,2072
1995,2029
1996,2035
1991,2075
2002,2056
2001,2028
2005,2060
2007,2069
2008,1991
2007,2063
2012,2071
2015,2041
2015,2023
2018,2055
2032,2071
2033,2025
2029,2063
2037,2017
2055,2080
2063,2040
2069,2028
2063,2044
2063,2069
2074,2055
2081,2001
2093,2028
2091,2027
2089,2072
2105,2023
2103,2031
2105,2077
2106,2064
2118,2053
2127,2051
2126,2005
2132,2026
2140,2023
2135,2040
2139,2027
2137,2036
2143,2043
2137,2063
2143,2019
2153,2021
2137,2069
2143,2052
2143,2043
2139,2072
2135,2028
2141,2042
2128,2017
2132,1997
2123,2025
2123,2080
2120,2053
2115,2064
2103,2042
2097,2033
2093,2071
2085,2075
2079,2058
2080,2015
2070,2058
2059,2023
2063,2027
2043,2079
2063,2011
2042,2024
2039,2020
2027,2053
2019,2054
2023,2042
2015,2030
2010,2009
2003,2035
2001,2035
2001,2071
1998,2019
1989,2021
1985,2059
1992,2077
1995,2067
1979,2068
1984,2067
1989,2068
1984,2039
1976,2064
1991,2011
1992,2071
1993,2042
1992,2024
1991,2029
1996,2023
1999,2069
2008,2044
2007,2064
2013,2023
2007,2009
2016,2026
2017,2027
2027,2040
2035,2009
2033,2019
2036,2080
2053,2068
2060,2036
2063,2069
2070,2063
2075,2072
2077,2056
2088,2058
2080,2068
2089,2025
2096,1989
2099,2031
2103,2029
2105,2075
2118,2043
2115,2032
2131,2008
2124,2058
2126,2011
2123,2059
2129,2040
2143,2019
2139,2025
2140,2027
2137,2021
2130,2058
2133,2075
2129,2071
2124,2055
2123,2065
2119,2054
2119,2044
2122,2040
2112,2070
2117,2021
2099,2048
2109,2021
2101,2042
2100,2047
2093,2022
2088,2056
2077,2032
2075,2074
2060,2025
2070,2063
2063,2021
2059,2035
2045,2052
2037,2045
2029,2064
2025,2080
2027,2026
2022,2015
2015,2040
2012,2033
1995,2074
2008,2025
1995,2063
1996,2020
1991,2057
1993,2064
1982,2089
1984,2027
1977,2031
1984,2048
1981,1994
1982,2024
1981,2054
1979,2068
1984,2017
1993,2097
1993,2007
1989,2037
1991,2021
2004,2071
2011,2039
2015,2025
2021,2080
2024,2043
2027,2029
2038,2020
2043,2017
2053,2063
2058,2068
2068,2035
2070,2024
2075,2028
2080,2022
2080,2044
2099,2040
2091,2056
2096,2035
2107,2056
2105,2023
2114,2087
2123,2023
2125,2025
2131,2024
2137,2023
2139,2067
2151,2053
2145,2067
2159,2039
2166,2073
2160,2076
2166,2025
2170,2039
2152,2043
2168,2072
2166,2023
2167,2065
2153,2013
2157,2030
2151,2044
2153,2057
2148,2029
2153,2025
2131,2063
2131,2053
2125,2063
2123,2058
2120,2035
2109,2023
2104,2068
2100,2057
2092,2063
2089,2017
2088,2022
2077,2033
2078,2039
2070,2045
2063,2103
2047,2003
2043,2065
2040,2027
2025,2073
2027,2056
2017,2039
2016,2029
2005,2076
2010,2019
1995,2068
1991,2003
1993,2068
1992,2066
1988,2007
1989,2019
1984,2063
1979,2040
1982,2035
1972,2047
1980,2035
1980,2068
1977,2056
1984,2019
1991,2043
1980,2063
1980,2058
1987,2067
1998,2044
1992,2035
2000,2029
2012,2087
2020,2015
2015,2069
2018,2071
2025,2063
2027,2036
2025,2016
2039,2045
2041,2029
2056,2019
2064,2040
2069,2047
2073,2015
2077,2062
2073,2080
2089,2027
2092,2048
2096,2004
2098,2011
2104,2056
2113,2012
2110,2027
2120,2036
2115,2071
2127,2007
2117,2040
2133,2059
2131,2063
2128,2015
2136,2003
2123,2056
2129,2036
2129,2018
2139,2035
2136,2007
2124,1993
2115,2033
2118,2063
2120,2027
2105,2060
2111,2026
2104,2005
2099,2031
2092,2077
2091,2039
2085,2063
2069,2009
2079,2035
2072,2021
2067,2045
2063,2030
2041,2075
2044,2072
2032,2040
2023,2038
2027,2025
2017,2048
2014,2021
2008,2025
1991,2053
2006,2057
1998,2041
1989,2040
1977,2027
1990,2029
1989,1981
1976,2053
1979,2019
1979,2092
1971,2060
1975,2063
1974,2056
1972,2068
1964,2024
1983,2029
1977,2027
1975,2040
1984,2039
1984,2039
1988,2055
1986,2065
1992,2035
1995,2028
2004,2003
2009,2076
2015,2008
2017,2056
2023,2027
2032,2026
2023,2063
2036,2063
2039,2027
2043,2065
2045,2057
2059,2043
2068,2044
2073,2040
2088,2017
2088,2063
2096,2071
2100,2027
2103,2003
2113,2003
2111,2044
2120,2042
2122,2037
2124,2009
2115,2063
2142,2017
2141,2075
2140,2057
2144,1999
2143,2041
2143,2076
2144,2029
2149,2042
2153,2053
2146,2052
2143,2063
2140,2063
2136,2029
2142,2080
2125,2043
2133,2068
2127,2063
2127,2055
2127,2042
2113,2066
2116,2044
2100,2024
2106,2043
2096,2036
2095,2038
2089,2027
2076,2044
2072,2076
2067,2066
2067,2024
2055,2009
2043,2060
2040,2071
2039,2060
2027,2063
2029,2023
2016,2079
2017,2035
2005,2037
2000,2035
2002,2065
1982,2079
1996,2027
1996,2044
1979,2007
1991,2074
1987,2041
1987,2073
1976,2017
1987,2075
1981,2029
1984,2037
1983,2045
1987,2075
1991,2019
1995,2011
1987,2042
1996,2030
2007,2001
2007,2033
2005,2073
2006,2037
2013,2040
2027,2065
2028,2072
2032,2019
2035,2063
2042,2019
2057,2037
2065,2025
2067,2048
2075,2056
2083,2055
2087,2045
2087,2025
2104,2040
2105,2051
2112,2051
2115,2027
2127,2029
2129,2017
2135,2005
2136,2032
2143,2041
2145,2058
2149,2072
2155,2035
2143,2063
2157,2053
2161,2019
2151,2039
2155,2055
2153,2009
2160,2042
2157,2040
2149,2056
2150,2038
2139,2075
2135,2053
2133,2009
2144,2023
2133,2054
2127,2037
2121,2084
2123,2024
2112,2025
2103,2019
2094,2027
2092,2048
2092,1999
2086,2025
2083,2080
2071,2029
2058,2068
2064,2057
2040,2041
2035,2045
2036,2037
2024,2077
2024,2075
2008,2026
2008,2056
2007,2070
1997,2033
1979,2053
1971,2063
1977,2015
1965,2071
1971,2035
1971,2073
1966,2057
1973,2059
1968,2025
1964,2043
1957,2055
1968,2029
1963,2055
1965,2023
1966,2033
1963,2003
1971,2026
1977,2025
1975,2056
1979,2080
1979,2072
1991,2033
1991,2054
1987,2080
2004,2021
1995,2053
2011,2063
2011,2025
2016,2080
2024,2017
2028,2033
2021,2063
2033,2070
2040,2063
2039,2039
2041,2036
2059,2032
2068,2013
2066,1991
2076,2059
2080,2041
2083,2080
2088,1995
2081,2029
2096,2027
2096,1995
2089,2076
2100,2011
2103,1995
2101,2063
2104,2025
2101,2061
2099,2080
2096,2005
2085,2005
2093,2035
2088,2054
2092,2072
2087,2063
2087,2063
2079,2035
2073,2072
2071,2063
2072,2029
2072,2079
2065,2057
2057,2035
2043,2080
2039,2025
2040,2027
2035,2070
2021,2045
2021,2039
2011,2065
2010,2053
2008,2007
1997,2065
1996,2048
1992,2035
1981,2063
1981,2077
1979,2065
1971,2017
1977,2052
1973,2037
1972,2041
1973,2071
1968,2063
1967,2053
1969,2040
1961,2033
1968,2044
1961,2020
1963,2033
1968,2058
1961,2042
1965,2057
1972,2068
1979,2055
1973,2079
1979,2048
1983,2037
1994,2055
1999,2055
1995,2063
2008,2022
2003,2009
2015,2072
2023,2057
2028,2019
2036,2058
2043,2063
2055,2053
2060,2066
2063,2071
2058,2039
2067,2033
2079,2051
2079,2014
2080,2075
2096,2080
2088,2080
2096,2019
2099,2035
2104,2022
2107,2013
2120,2030
2122,2063
2128,2034
2131,2026
2131,2063
2135,2074
2145,2072
2143,2021
2144,2044
2137,2028
2145,2007
2134,2046
2144,2073
2140,2022
2127,2046
2131,2024
2131,2003
2135,2058
2119,2056
2133,2022
2109,2017
2112,2055
2109,2059
2109,2071
2106,2048
2104,2069
2089,2044
2092,2001
2084,2024
2074,2072
2080,2043
2073,2027
2065,2084
2064,2036
2055,2057
2053,2069
2051,2042
2030,2039
2040,2088
2035,2039
2017,2059
2016,2073
2011,2021
2015,2044
2011,2042
2007,2072
1998,2011
2007,2069
2000,2011
2000,2030
1991,2025
1999,2054
1992,2025
1989,2047
1995,2005
1988,2076
1988,2075
1993,2058
1996,2019
1994,2025
1999,2010
2001,2039
2001,2040
2004,2007
2003,2063
2001,2080
2007,2058
2003,2045
2011,2020
2010,2037
2022,2040
2029,2035
2022,2041
2034,2043
2029,2021
2041,2045
2054,2025
2039,2045
2056,2063
2055,2005
2063,2030
2065,2035
2069,2009
2072,2042
2075,2072
2075,2067
2083,2039
2081,2002
2094,1999
2088,2019
2100,2064
2098,2018
2097,2016
2093,2022
2097,2017
2103,2067
2100,2089
2104,2068
2105,2056
2109,2063
2107,2054
2103,2041
2097,2003
2095,2058
2103,2075
2093,2068
2089,1991
2083,2064
2085,2039
2069,2071
2072,2063
2068,2039
2063,2036
2063,2077
2046,2040
2055,2009
2039,2005
2035,2048
2030,2036
2031,2029
2023,2068
2023,1995
2024,2039
2013,2072
2012,2083
2000,2072
2003,2072
1989,2057
1992,2054
1992,2054
1979,2036
1984,2011
1973,2072
1980,2076
1988,2059
1979,2070
1972,2041
1975,2055
1980,2011
1984,2036
1979,2033
1983,2039
1984,1991
1987,2037
2001,2056
1992,2004
1995,2017
2008,2075
2014,2056
2013,2077
2021,2057
2029,2063
2032,2029
2035,2043
2044,2063
2056,2017
2040,2019
2057,2072
2070,2057
2074,2021
2073,2039
2077,2001
2087,2021
2085,2029
2093,1981
2103,2043
2109,2063
2120,2026
2121,2033
2128,2044
2130,2054
2131,2026
2135,2067
2133,2074
2141,2071
2149,2035
2151,1997
2145,2069
2149,2072
2143,2043
2141,2064
2151,2020
2152,2021
2140,2075
2146,2071
2135,2044
2130,2025
2132,2013
2129,2029
2125,2053
2131,2023
2107,2056
2109,2021
2105,2072
2097,2072
2096,2033
2088,2026
2078,2001
2074,2043
2071,2011
2063,2028
2054,2040
2043,2007
2035,2080
2024,2055
2027,2066
2011,2083
2015,2060
2011,2036
2007,2045
2001,2009
1990,2005
1984,1980
1981,2040
1975,2023
1972,2068
1969,2089
1977,2065
1968,2029
1966,2010
1971,2037
1967,2033
1973,2044
1963,2088
1967,2037
1968,2024
1975,2029
1977,2013
1970,2023
1989,2079
1979,2019
1992,2056
2001,2055
1996,2091
2003,2039
2003,2040
2016,2052
2016,2031
2021,1991
2033,2048
2040,2012
2041,2067
2048,2068
2066,2035
2067,2063
2071,2028
2075,2007
2081,2023
2087,2025
2087,2067
2093,2044
2099,1991
2109,2054
2109,2068
2123,2020
2121,2017
2129,2088
2136,2002
2143,2030
2147,1993
2139,2015
2139,2026
2141,2105
2140,2103
2145,2070
2151,2052
2150,2015
2135,2020
2141,2043
2136,2060
2135,2057
2133,2026
2119,2032
2129,2058
2122,2003
2112,2085
2108,2051
2109,2038
2100,2005
2102,2056
2097,2055
2092,2027
2081,2035
2086,2045
2080,2045
2073,2040
2067,2077
2063,2029
2041,2031
2048,2041
2039,2058
2028,2023
2034,2031
2025,2043
2017,2043
2017,2044
2016,2037
2015,2051
2016,2025
2015,2024
2007,2039
2016,2068
2020,2035
2015,2015
2005,1991
2007,2015
2015,2017
2015,2028
2015,2063
2011,2071
2017,2033
2020,2019
2024,2011
2035,2041
2032,2053
2037,2054
2045,2028
2035,2070
2057,2055
2043,2026
2060,2048
2072,1981
2071,2035
2083,2012
2076,2010
2088,2016
2092,2028
2102,1999
2093,2027
2093,2010
2112,2035
2117,2028
2121,2088
2128,2083
2129,2031
2136,2008
2143,2017
2137,1979
2137,1995
2144,2038
2152,2028
2157,2011
2151,2036
2153,2091
2160,2034
2151,1995
2155,2020
2158,2015
2156,2052
2152,2003
2143,2063
2151,2072
2152,2081
2135,2077
2136,2055
2138,2032
2136,2077
2128,2015
2129,2020
2123,2067
2111,2015
2108,2063
2101,2062
2094,2075
2088,2080
2085,2058
2076,2063
2076,2009
2066,2107
2045,2100
2048,2039
2039,2041
2033,2022
2028,2023
2016,2023
2018,2037
2008,2046
2003,2045
2003,2040
1997,2037
1982,2079
1975,2042
1983,2024
1978,2023
1975,2058
1972,2029
1975,2026
1968,2023
1963,2056
1968,2043
1965,2039
1964,2040
1973,2056
1968,2024
1977,2008
1967,1976
1977,2092
1973,2068
1983,1997
1987,2063
1999,2032
1991,2029
1996,2056
1999,2073
1998,2072
2003,2029
2003,1981
2024,2012
2013,2019
2021,2066
2023,2059
2035,2007
2048,2040
2045,2066
2057,2061
2063,2032
2073,2018
2076,2015
2073,2003
2081,2019
2092,2063
2092,2019
2099,2007
2101,2011
2111,2007
2119,2027
2120,2075
2112,2067
2128,2027
2123,2073
2116,2018
2127,2009
2129,2007
2130,2017
2109,2075
2129,2072
2128,2025
2118,2036
2127,2027
2123,2033
2126,2059
2112,2056
2120,2040
2118,2021
2108,2072
2103,2027
2108,2055
2104,2077
2083,2075
2097,2056
2093,2054
2083,1987
2087,2046
2084,2023
2075,2053
2069,2036
2059,2071
2060,2094
2048,2051
2058,2055
2037,2027
2038,2015
2025,2015
2024,2028
2016,2029
2017,2036
2023,2068
2009,2058
2015,2053
2021,2040
2003,2067
2008,2027
2012,2003
2009,2031
2013,2028
2007,2063
2011,2073
2008,2091
2013,2069
2021,1979
2011,1994
2017,2027
2023,2023
2023,2080
2036,2016
2023,1971
2040,2071
2043,2104
2053,2053
2056,2074
2061,2072
2057,2025
2068,2059
2069,2089
2076,2095
2081,2004
2083,2053
2095,2003
2089,2028
2099,2008
2101,2057
2107,2043
2112,2030
2118,2080
2122,2019
2135,2046
2131,2052
2135,2063
2129,2043
2141,2086
2141,2104
2146,2023
2145,2077
2146,2042
2145,1993
2149,2007
2151,2043
2147,2032
2140,2071
2141,2021
2135,2019
2136,1995
2131,2053
2129,2101
2112,1971
2115,2078
2103,2022
2112,2057
2104,2025
2104,2024
2106,2037
2095,2090
2083,2056
2083,2048
2087,2045
2072,2024
2068,2041
2057,2060
2053,2039
2041,2007
2036,2057
2031,2076
2026,2088
2024,2033
2021,2029
2007,2079
2008,2011
2000,2027
2005,2022
1999,2024
1987,2056
1995,2001
1987,2048
1981,2056
1976,2079
1988,2079
1973,2053
1977,2073
1980,1981
1979,2023
1976,2005
1977,2080
1987,2041
1980,2063
1981,2028
1989,2057
1994,2083
1993,2051
2001,2031
2001,2025
2012,2003
2016,2067
2022,2056
2022,2071
2015,2053
2019,2059
2027,2055
2038,2077
2040,2013
2048,2033
2060,2062
2068,2003
2065,2043
2079,2029
2076,2005
2085,2044
2089,2026
2089,2057
2097,2078
2101,1987
2107,1964
2117,2070
2107,2032
2117,2044
2128,2037
2126,2011
2136,2007
2133,2039
2136,2064
2139,1997
2137,2038
2136,1991
2135,2003
2119,2019
2133,2027
2126,2043
2133,2024
2123,2020
2127,1991
2122,2011
2117,2066
2112,2092
2117,2027
2106,2087
2100,2034
2091,2025
2095,1995
2092,2025
2084,1981
2080,2025
2076,2020
2071,2008
2053,2072
2055,2035
2055,2058
2055,2073
2042,2034
2033,2011
2029,2028
2028,2035
2016,2086
2015,2084
2012,2045
2009,2064
2004,2040
1997,2075
1999,2060
1988,2007
1996,2008
1997,2016
1996,2023
1989,2055
1999,2043
1993,2037
1993,2058
1993,2065
2001,2039
1995,2088
2004,2043
2008,2029
2012,2005
2007,2076
2011,2028
2023,2074
2027,2093
2032,2078
2040,2021
2040,2047
2052,1955
2057,2017
2067,2067
2070,2072
2076,2030
2086,2042
2087,2027
2092,2083
2091,2058
2109,2055
2091,2043
2120,2074
2121,2068
2131,2063
2134,2028
2135,2056
2141,2023
2145,2041
2159,2079
2155,2029
2161,2008
2160,2011
2168,2048
2181,2027
2163,2021
2179,2054
2175,2040
2169,2051
2165,2045
2176,2091
2168,2095
2167,2057
2168,2031
2157,2033
2161,2007
2157,2076
2149,2040
2149,1987
2133,2045
2140,2086
2127,2089
2129,2065
2128,2093
2116,2067
2112,2026
2107,2080
2107,2029
2096,2056
2085,2013
2088,2039
2080,2029
2074,2019
2070,2112
2062,2063
2056,2041
2045,2027
2041,2063
2040,2007
2019,2036
2019,2064
2024,2027
2023,2063
2011,2066
2018,2011
2009,2005
2011,2021
1993,2064
1995,2036
2005,1995
2007,2000
2009,2057
2008,2063
2004,2105
2008,2029
2007,1995
2003,2035
2013,2042
2011,2048
2019,2021
2024,2095
2024,2071
2032,2039
2037,2084
2028,2091
2037,2051
2043,2043
2053,2019
2057,2003
2063,2063
2075,2076
2077,2051
2088,2033
2089,2091
2099,2041
2102,1977
2103,2045
2097,2032
2112,2058
2125,2048
2132,2063
2131,2023
2133,2053
2139,1997
2143,2045
2148,2080
2149,2063
2153,2045
2153,1975
2149,2003
2149,1975
2156,2011
2151,2025
2146,2056
2143,2003
2161,2066
2152,2030
2152,2076
2143,2023
2137,2027
2135,2047
2131,2084
2132,2010
2121,2041
2121,2071
2120,2043
2099,2032
2093,2029
2093,2052
2091,2063
2086,1977
2077,2066
2067,2046
2063,2040
2069,2044
2048,2035
2043,2032
2033,2070
2031,2015
2024,2007
2025,2072
2016,2017
2007,2044
2006,2069
2000,2035
2001,1971
1989,2030
2000,2053
1996,2028
1987,2071
1979,2080
1983,2025
1989,2039
1976,2088
1984,2108
1981,2008
1980,2017
1972,2048
1980,2040
1993,2023
1975,2095
1990,2065
1996,2063
1987,2027
1991,2024
2004,2021
2001,2015
2007,2045
2009,2031
2016,2008
2026,2021
2028,2072
2029,2086
2039,2033
2037,2009
2063,2055
2063,2029
2071,2067
2063,2069
2071,2017
2080,2039
2084,2023
2069,2038
2088,2007
2091,2059
2100,2063
2107,2027
2101,2021
2108,2003
2112,2048
2108,2072
2119,2063
2129,2071
2127,2066
2117,2084
2117,2054
2127,2084
2129,2017
2120,1995
2123,2041
2127,2041
2119,2063
2119,2035
2103,2115
2105,2019
2107,2013
2105,2057
2096,2063
2094,2043
2096,2080
2088,2032
2080,1991
2067,1995
2067,2091
2065,2089
2065,2074
2053,2025
2057,2017
2043,2021
2035,2066
2037,2036
2030,2039
2017,2021
2017,2024
2009,2031
2007,2080
2009,2111
1995,2095
1987,2075
1992,2019
1987,2079
1992,2115
1982,2039
1979,2125
1984,2076
1976,2080
1978,2053
1989,2045
1976,2093
1981,2079
1975,2072
1975,2028
1984,2057
1984,2065
1981,2042
1987,2071
1982,2048
1999,2072
1999,2021
2005,2056
2009,1995
2017,1981
2016,2019
2024,2063
2028,2056
2027,2021
2040,2003
2032,2040
2056,2028
2053,2076
2063,2054
2064,2057
2065,2092
2075,2088
2080,2019
2096,1975
2092,2008
2095,2063
2097,2069
2104,2087
2112,1981
2120,2007
2117,1955
2121,1991
2132,2007
2129,2038
2131,2019
2134,2037
2135,2072
2135,2105
2139,2070
2145,2070
2143,2028
2137,2020
2133,2071
2129,2067
2134,2034
2131,1964
2133,2008
2124,1999
2120,2112
2120,2071
2107,2070
2107,2025
2111,2037
2093,2015
2093,2074
2089,1989
2080,1963
2087,2015
2073,2009
2063,2067
2053,2109
2043,2085
2048,2055
2039,2003
2036,2028
2019,2064
2023,2036
2021,2053
2022,2071
2007,2007
2003,2008
1995,2039
1981,2106
1995,2033
1992,2025
1979,2019
1977,2076
1987,2068
1989,2075
1975,2116
1976,2057
1980,2019
1976,2005
1978,1997
1977,2063
1978,2035
1985,2037
1984,2031
1977,2045
1992,2093
1995,2040
1987,2040
1987,2047
1996,2015
2011,2023
2018,2033
2014,2007
2008,2041
2031,2002
2033,2005
2025,2004
2037,2057
2055,2104
2056,2075
2067,2039
2069,2001
2074,2032
2079,2059
2093,2074
2095,2109
2093,2089
2091,2092
2096,2003
2104,2011
2113,2039
2124,2086
2119,2060
2123,2037
2123,2001
2123,2019
2136,1971
2131,2031
2133,2034
2139,2053
2140,2026
2129,2012
2130,2091
2142,2104
2141,2075
2140,2001
2131,1987
2123,2069
2117,2077
2117,2088
2120,1980
2120,2028
2108,1992
2103,2096
2092,2039
2103,2055
2097,2027
2087,2030
2084,1971
2079,2021
2078,2052
2058,2160
2071,2099
2056,2105
2044,2051
2036,2058
2040,2020
2023,2099
2031,2027
2011,2063
2017,1987
2012,2016
2005,1987
2001,2024
2007,2027
2009,2056
2000,2069
1992,2067
1992,2040
1993,2067
1999,2065
1992,2041
1990,2032
1995,2009
1982,2048
1995,2080
1996,2074
1995,2112
1991,2071
1993,2088
2008,2067
2003,1973
2015,2031
2019,2011
2019,2063
2023,2071
2024,2076
2029,2078
2040,2029
2039,2041
2056,2043
2056,2063
2067,2056
2073,2053
2082,1976
2085,2001
2081,2063
2092,2084
2088,2012
2105,2063
2106,2041
2109,2046
2116,2056
2126,1993
2126,2040
2136,2023
2131,2089
2139,2063
2138,2076
2139,2035
2151,2035
2139,2072
2144,2040
2152,2069
2140,2065
2149,2069
2147,2029
2144,2067
2141,2048
2143,2069
2136,2067
2134,2014
2129,2056
2136,2044
2127,2043
2117,2047
2117,2056
2111,2037
2107,2044
2099,2080
2099,2015
2099,2056
2088,2072
2081,2077
2074,2060
2073,2040
2066,2018
2055,2019
2048,2055
2044,2065
2033,2079
2039,2004
2028,2025
2020,2039
2010,2088
2015,2117
2011,2092
2009,2039
2002,2036
1987,1999
1995,2021
1994,2073
1995,1989
1992,1975
1989,2039
1990,2097
1994,2055
1996,2012
1995,1990
1993,2016
1995,2056
1995,2024
1999,2088
1995,2051
2001,2038
2007,2017
2010,1982
2009,2011
2011,2033
2025,2037
2024,2043
2027,2037
2027,1999
2040,1961
2051,2068
2054,1995
2045,2079
2065,2053
2073,2029
2074,1989
2079,1984
2088,2046
2085,2063
2096,2037
2099,2072
2101,2080
2112,2024
2117,2052
2107,2077
2121,1991
2121,2025
2128,2021
2131,2063
2131,2039
2135,2083
2139,2086
2137,2072
2136,2003
2139,2063
2136,2034
2135,2029
2136,2071
2136,2055
2135,1995
2112,2047
2123,2027
2129,2046
2115,2059
2110,2128
2110,2083
2091,2043
2099,2002
2095,2001
2088,2055
2089,2071
2075,2052
2073,2005
2068,2039
2053,2032
2051,2017
2051,2029
2035,2080
2036,2112
2033,2053
2026,2009
2009,1979
2013,2080
2005,2085
2000,2077
1997,2039
1995,1957
1994,1999
1984,1993
1981,2039
1987,2063
1979,2005
1979,2001
1968,2012
1959,2004
1963,2045
1966,2104
1963,2137
1974,2066
1975,2038
1969,2031
1970,1973
1985,2029
1980,2039
1975,2029
1991,2073
1994,2038
1991,2040
1994,2024
2003,2076
2011,2066
2008,2035
2016,1997
2023,2057
2031,2080
2037,2036
2032,2007
2037,2056
2048,2051
2058,2136
2058,2068
2068,1979
2074,2027
2075,2027
2081,2027
2079,2063
2087,2096
2092,2063
2099,2032
2108,1988
2102,2009
2115,2057
2124,2039
2117,2088
2119,2061
2127,2035
2131,2065
2123,2089
2125,2063
2121,2070
2126,2007
2120,2055
2123,2037
2122,2063
2122,2070
2105,2071
2110,2051
2110,2042
2093,2080
2099,2136
2103,2142
2095,2063
2090,1996
2087,1997
2077,2056
2063,2091
2065,2063
2066,2017
2063,2083
2063,2011
2037,2063
2033,2063
2029,2012
2017,2032
2024,2080
2011,2001
2012,2112
2005,2099
1995,2052
1987,2041
1984,1994
1992,1954
1971,2045
1978,2067
1982,2132
1975,2075
1972,2040
1973,1973
1971,1973
1972,2029
1973,2085
1965,2082
1974,2017
1963,2080
1977,2028
1972,1943
1983,2015
1979,2010
1977,2035
1997,2128
1987,2035
1990,2037
1997,2088
2010,1972
1997,1988
2015,2097
2016,2029
2024,2003
2023,2016
2040,2009
2039,2056
2052,2080
2041,2063
2053,2029
2058,2007
2067,2027
2080,2071
2080,2021
2078,2076
2081,2027
2092,2028
2102,2027
2093,2039
2115,2075
2120,2073
2120,2048
2120,2015
2115,2027
2127,2077
2132,2090
2133,2089
2127,2046
2131,2001
2131,2007
2127,2041
2125,2031
2136,2097
2123,2069
2131,2048
2127,2039
2124,2007
2120,1973
2109,2044
2111,2103
2107,2113
2098,2053
2099,2035
2085,2027
2080,2056
2081,2069
2072,2067
2069,2029
2057,2004
2055,1973
2056,2020
2037,2091
2042,2063
2030,2079
2030,2083
2024,2073
2010,2013
2016,2010
2003,2017
1995,2040
1996,2016
1994,2001
1979,1959
1979,2005
1981,1969
1979,2064
1983,2065
1975,2028
1976,2027
1975,2025
1977,1996
1981,2044
1973,2104
1971,2128
1969,2088
1981,2011
1986,2007
1981,1992
1999,2011
2004,2077
1992,2089
2008,2097
2004,2029
2017,1963
2012,1976
2026,2002
2023,2023
2023,2035
2035,2052
2039,2097
2039,2075
2045,2064
2063,1965
2072,2056
2075,2039
2076,2008
2075,2067
2088,2073
2091,2056
2103,2055
2088,2039
2112,2063
2120,2073
2109,2029
2127,1993
2125,2017
2132,1958
2136,2080
2141,2102
2135,2044
2137,2023
2144,1967
2143,1931
2147,1997
2132,2016
2137,2080
2141,2067
2134,1993
2137,1979
2135,2029
2133,2028
2129,2063
2123,2093
2117,2108
2107,2075
2108,1987
2101,2018
2103,2040
2099,2052
2094,2067
2089,2053
2084,2085
2080,2035
2072,2055
2068,2040
2067,2012
2053,1956
2040,2017
2040,2117
2034,2106
2026,2003
2023,1971
2020,2015
2016,2120
2003,2117
2008,2085
2001,2020
2006,2023
1996,2065
1992,2055
1996,2041
1997,2068
1973,2060
1990,2069
1987,2109
1987,2107
1989,2136
1992,2047
1991,1939
1991,1958
1992,2016
2000,2005
1991,2071
2003,2073
2003,2065
2008,2025
2011,2096
2023,2040
2024,2036
2019,2037
2025,2076
2035,2025
2027,2006
2041,2035
2046,2063
2065,2056
2072,2017
2063,2043
2073,2102
2088,2035
2087,2035
2089,1994
2100,2039
2108,2067
2105,2081
2117,2065