2074,2051
2082,2054
2088,2003
2093,2024
2103,2056
2099,2022
2099,2074
2110,2067
2112,2040
2120,2024
2123,2020
2130,2013
2123,2039
2135,2048
2138,2022
2136,2060
2137,2018
2151,2025
2149,2018
2151,2016
2147,2080
2148,2015
2146,2035
2145,2056
2144,2038
2135,2065
2135,2059
2129,2043
2141,2035
2131,2078
2121,2066
2117,2044
2115,2019
2115,2063
2107,2033
2098,2057
2092,2025
2083,2063
2089,2017
2080,2008
2072,2063
2075,1993
2065,2038
2052,2011
2043,2071
2041,2023
2037,2021
2040,2074
2024,2053
2023,2008
2016,2023
2007,2044
1996,2029
2003,2043
1993,2025
1999,2073
1994,2003
1991,2056
1989,2062
1984,2023
1984,2037
1991,2055
1981,2011
1979,2029
1976,2039
1984,2096
1987,2063
1992,2080
1995,2028
1990,2074
1997,2029
2007,2019
2007,2052
2007,2034
2016,2028
2022,2036
2026,1993
2027,2039
2029,2069
2029,2039
2048,2060
2027,2063
2063,2067
2067,2033
2071,2056
2080,2026
2080,2077
2080,2021
2088,2063
2092,2048
2100,2039
2104,2058
2103,2005
2121,2047
2129,2007
2128,2063
2137,2017
2135,2053
2146,2023
2148,2019
2152,2024
2156,2034
2143,2035
2152,2065
2151,2063
2149,2043
2152,2015
2151,2052
2146,2019
2154,2033
2143,2028
2146,2015
2137,2071
2140,2088
2134,2017
2131,2059
2116,2041
2121,2017
2125,2028
2118,2027
2099,2053
2103,2035
2096,2037
2096,2024
2085,2037
2087,2068
2073,2056
2068,2048
2056,2015
2053,2063
2048,2043
2045,2063
2036,2019
2027,2012
2032,2025
2021,2032
2024,2073
2020,2028
2013,2017
1999,2044
2008,2055
2007,2087
2003,2070
2003,2068
2000,2015
1995,2017
1993,2041
1989,2028
1993,2019
1996,2040
2004,2039
2005,2055
2003,2067
2011,2044
2015,2020
2015,2052
2024,2065
2019,2032
2029,2024
2023,2069
2024,2065
2045,2043
2040,2039
2043,2037
2055,2028
2057,2029
2071,2023
2069,2019
2075,2053
2085,2080
2089,2090
2084,2029
2095,2025
2107,2075
2116,2008
2117,2066
2115,2041
2123,2039
2125,2019
2127,2043
2135,2048
2140,2029
2141,2037
2149,2022
2145,2039
2152,2030
2158,2056
2152,2073
2165,2004
2165,2033
2159,2072
2157,2053
2160,2024
2160,2009
2152,2005
2148,2013
2146,2091
2144,2075
2129,2031
2138,2056
2125,2040
2129,2044
2121,2080
2119,2040
2116,2043
2108,2036
2106,2022
2095,2051
2089,2044
2092,2055
2086,2063
2074,2021
2071,2039
2063,2070
2054,2003
2055,2059
2032,2053
2033,2033
2031,2065
2019,2065
2015,2063
2022,2027
2007,2069
2013,2044
2004,2025
2004,2041
1991,2028
2000,2043
1996,2057
1993,2077
1984,2073
1988,2038
1977,2023
1987,2043
1991,2039
1991,2037
1994,2037
1988,2065
2000,2075
2006,2063
2003,2068
1996,2063
2003,2076
2016,2037
2013,2017
2027,2071
2017,2044
2038,2037
2038,2005
2039,2063
2056,2056
2041,2038
2057,2039
2059,2063
2071,2040
2077,2047
2079,2065
2085,2071
2083,2053
2095,2064
2098,2007
2103,2072
2108,2041
2117,2044
2123,2067
2125,2072
2131,2063
2123,2024
2132,2051
2137,1993
2137,2063
2136,2056
2146,2058
2142,2017
2139,2067
2139,2051
2133,2071
2139,2027
2136,2041
2136,2036
2134,2039
2128,2011
2128,2033
2120,2066
2123,2055
2109,2007
2104,2021
2099,2018
2093,2029
2091,2071
2085,2025
2077,2042
2080,2028
2069,2065
2071,2038
2059,2080
2063,2056
2037,2068
2040,2029
2029,2041
2029,2077
2027,2027
2009,2058
2015,2060
2007,2066
2010,2029
1995,2051
1993,2033
2000,2033
1989,2028
1985,2045
1989,2086
1973,2075
1980,2024
1979,2053
1990,2023
1975,2085
1976,2035
1981,2047
1990,2045
1993,2027
1994,2047
1993,2063
1993,2071
2001,2024
1997,2071
2013,2094
2011,2068
2016,2031
2023,2009
2023,2041
2030,1987
2023,2023
2044,2034
2051,2017
2043,2023
2062,2068
2067,2028
2073,2021
2078,2053
2079,2003
2083,2009
2087,2017
2092,2018
2095,2019
2116,2011
2110,2003
2115,2033
2124,2041
2125,1997
2128,2029
2138,2037
2146,2039
2139,2023
2139,2059
2137,2072
2147,2029
2143,2025
2149,2071
2154,2051
2151,2025
2137,2056
2143,2043
2143,2066
2135,2058
2143,2039
2136,2080
2133,2036
2129,2020
2118,2048
2127,2053
2121,2068
2107,2056
2104,2019
2094,2062
2095,2080
2087,2018
2085,2042
2088,2051
2079,2079
2069,2055
2063,1997
2053,2043
2041,2063
2043,2060
2039,2066
2036,2025
2025,2057
2027,2068
2015,2077
2015,2053
2018,2055
2008,2079
2003,2037
2011,2015
2005,2063
2007,2059
2000,2041
2007,2039
1993,2038
1996,2037
1999,2039
2004,2033
2007,2067
2000,2054
2007,2062
2007,2028
2013,2042
2016,2061
2023,2052
2024,2024
2030,2064
2031,2071
2031,2032
2033,2063
2042,2048
2042,2005
2041,2039
2063,2031
2068,2036
2072,2007
2067,2039
2074,2019
2082,2021
2090,2021
2089,2040
2091,2033
2100,2057
2111,2063
2112,2058
2120,2042
2122,1993
2125,2035
2121,2019
2136,2031
2140,2040
2137,2005
2136,2030
2144,2028
2149,2029
2147,2053
2153,2026
2144,2035
2143,2035
2149,2035
2144,1995
2139,2063
2144,2011
2138,2045
2140,2023
2135,2077
2129,2039
2128,2061
2129,2053
2117,2046
2109,2061
2109,2055
2103,2075
2104,2021
2103,2061
2090,2037
2081,2009
2077,2029
2071,2025
2067,2045
2047,2053
2039,2039
2039,2096
2040,2070
2037,2034
2025,2067
2019,2034
2015,2025
2005,2067
2009,2042
2008,2030
2002,2055
2001,2056
1995,2037
1994,2028
1981,2056
1977,2055
1988,1991
1979,2026
1984,2028
1977,2040
1987,2042
1981,2077
1997,2067
1995,2063
2001,2071
2001,2060
1992,2017
1995,2079
2009,2004
2014,2048
2008,2019
2020,2060
2019,2064
2029,2002
2027,2011
2035,2072
2033,2020
2043,2047
2041,2007
2063,2007
2063,2069
2078,2011
2079,2025
2092,2059
2085,2025
2092,2039
2096,2073
2104,2024
2103,2011
2115,2065
2118,2056
2124,2031
2124,2079
2131,2028
2128,2033
2128,2023
2132,2027
2138,2064
2135,2019
2129,2029
2143,2035
2140,2037
2142,2043
2135,2018
2141,2045
2134,2019
2133,2058
2128,2007
2122,2050
2117,2029
2121,2035
2112,2055
2111,2084
2113,2037
2102,2063
2104,2034
2088,2032
2085,2025
2081,2051
2077,2038
2075,2063
2063,2024
2053,2068
2041,2092
2047,2037
2035,2066
2027,2063
2027,2039
2021,2037
2016,2061
2009,2033
2003,2068
2007,2088
2008,2063
1995,2021
1997,2033
1991,2069
1981,2024
1996,2067
1984,2019
1983,2037
1986,2041
1990,2073
1981,2091
1993,2044
1984,2025
1990,2035
1992,2031
1994,2068
1997,2054
2005,2045
2005,2029
2010,2033
1996,2063
2009,2067
2021,2008
2028,2043
2034,2037
2033,2053
2039,2011
2043,2068
2045,2017
2068,2037
2070,2054
2072,2041
2067,2029
2082,2024
2087,2029
2081,2035
2089,2019
2092,2041
2104,2059
2100,2065
2112,2040
2119,2057
2119,2048
2129,2036
2125,2025
2127,1992
2131,2036
2137,2053
2148,2043
2145,2024
2149,2054
2152,2027
2143,2025
2143,2077
2151,2072
2139,2031
2135,2023
2146,2056
2137,2078
2136,2068
2121,2044
2123,2070
2123,2041
2117,2017
2117,2063
2101,2063
2108,2045
2097,2037
2099,2057
2081,2025
2084,2064
2081,2088
2076,2066
2071,2004
2064,2043
2048,2043
2057,2007
2035,2067
2029,2055
2025,2056
2021,2032
2019,2037
2021,2059
2008,2038
2003,2038
2004,2063
1992,2028
2000,2034
1987,2072
1995,2039
1987,2053
1984,2029
1992,2027
1992,2027
1988,2040
1981,2063
1989,2077
1994,2070
1993,2051
1999,2060
1999,2073
2001,2068
2001,2044
2013,2058
2015,2024
2020,2030
2017,2048
2021,2059
2020,2071
2037,2080
2039,2040
2043,2021
2056,2007
2060,2039
2056,2067
2072,2063
2076,2056
2079,2071
2088,2040
2085,2065
2099,2048
2106,2013
2108,2055
2115,2045
2117,2048
2122,2011
2124,2009
2128,2011
2128,2027
2135,2074
2129,2023
2142,2027
2144,2037
2148,2068
2152,2017
2144,2024
2151,2066
2146,2056
2152,2024
2139,2029
2141,2035
2133,2053
2136,2029
2136,2019
2130,2039
2124,2028
2107,2063
2105,2031
2115,2011
2112,1995
2107,1992
2100,2029
2091,2059
2085,2078
2079,2042
2071,2037
2067,2043
2066,2061
2063,2056
2040,2062
2029,2072
2036,2055
2031,2035
2027,2056
2020,2072
2008,2027
2009,2069
2008,2044
1989,2029
1989,2040
1995,2058
1991,2040
1987,2073
1984,2072
1983,2040
1981,2044
1977,2048
1973,2036
1977,2077
1982,2025
1977,2063
1978,2024
1977,2034
1981,2002
1985,2027
1984,2019
1997,2056
2001,2028
1992,2053
2003,2046
2009,2063
2013,2030
2020,2012
2025,2057
2029,2063
2029,2063
2035,2023
2039,2007
2047,2056
2069,2019
2068,2030
2069,2007
2070,2061
2080,2048
2083,2008
2091,2003
2099,2034
2094,2030
2105,2068
2117,2040
2119,2069
2129,2026
2126,2011
2136,2024
2139,2053
2132,2056
2137,2021
2135,2003
2143,2043
2147,1993
2143,2017
2137,2036
2144,2034
2151,2017
2143,2033
2137,2040
2135,2009
2131,2019
2131,2047
2120,2039
2124,2053
2120,2029
2112,2009
2111,2041
2108,2037
2103,2037
2099,2030
2095,2051
2079,2039
2080,2030
2081,2053
2063,2075
2068,2071
2064,2063
2044,2025
2037,2017
2035,2071
2035,2011
2018,2065
2023,2047
2021,2072
2014,2067
2005,2072
2005,2060
2001,2025
2000,2073
2001,2064
2001,2027
1995,2064
1997,2058
1997,2043
1988,2055
1995,2030
1992,2039
1994,2024
1995,2080
1987,2066
1994,2079
1989,2035
2000,2041
2005,2037
2001,2032
2005,1993
2016,2052
2015,2020
2023,2046
2024,2070
2035,2001
2029,2067
2051,2018
2043,2071
2052,2042
2057,2027
2071,2054
2071,1991
2078,2044
2080,2048
2083,2040
2093,2011
2089,2030
2099,2019
2093,2053
2112,2064
2112,2036
2129,2023
2121,2041
2120,2045
2137,2057
2136,2069
2137,2063
2145,2063
2140,1998
2151,2063
2154,2008
2147,2019
2143,2055
2151,2048
2152,2032
2149,2059
2148,2035
2135,2033
2129,2068
2135,2075
2135,2027
2121,2057
2127,2071
2125,2023
2112,2076
2119,2057
2103,2041
2103,2034
2106,2017
2090,2067
2089,2067
2088,2069
2081,2072
2072,2059
2069,2020
2071,2007
2043,2067
2043,1981
2041,2071
2042,2069
2032,2026
2019,2029
2007,2064
2015,2068
2015,2068
2008,2065
2008,2013
1995,2030
2002,2053
1997,2056
1987,2047
1987,2042
1995,2056
1989,2072
1996,2076
1990,2055
1989,2070
1999,2003
2001,2027
2000,2028
1993,2071
2008,2069
2009,2056
2021,2076
2011,2005
2011,2030
2019,2021
2023,2003
2031,2023
2034,2072
2041,2033
2047,2056
2039,2063
2064,2038
2068,2053
2069,2064
2071,2019
2083,2030
2076,2037
2086,2023
2090,2047
2099,2036
2096,2058
2104,2027
2112,2046
2118,2063
2121,2041
2124,2020
2123,2032
2138,2021
2127,2042
2131,2039
2143,2063
2144,2063
2146,2040
2137,2009
2131,2063
2137,2070
2139,2062
2139,2056
2136,2076
2143,2033
2136,2045
2132,2063
2122,2048
2121,2015
2107,2038
2115,2076
2104,2045
2107,2009
2097,2055
2097,2037
2071,2066
2083,2060
2069,2044
2075,2072
2063,2052
2067,2018
2052,2041
2041,2040
2040,2057
2032,2009
2019,2067
2017,2072
2017,2062
2011,2041
2009,2063
2007,2055
1991,2021
1995,2070
1981,2044
1981,2030
1987,2043
1981,2063
1987,2068
1984,2083
1971,2069
1978,2042
1972,2034
1984,2015
1982,2047
1984,2044
1981,2013
1992,2044
1999,2027
1995,2038
2001,2066
1993,2044
2009,2035
2008,2060
2016,2025
2017,2008
2021,2056
2023,2023
2037,2021
2040,2043
2048,2080
2055,2037
2063,2063
2063,2042
2068,2029
2081,2036
2080,2035
2080,1989
2089,2023
2087,2011
2095,2053
2105,2059
2107,2068
2118,2056
2120,2043
2128,2069
2122,2060
2125,2056
2129,2061
2138,2019
2138,2075
2145,2017
2144,1992
2144,2039
2143,2076
2141,2045
2138,2024
2141,2064
2139,2029
2136,2096
2135,2059
2133,2027
2128,2026
2130,2007
2119,2027
2112,2063
2101,2027
2104,2041
2105,2053
2105,2060
2099,1995
2097,2064
2083,2057
2077,2019
2074,2042
2063,2069
2059,2048
2055,2029
2056,2028
2037,2063
2028,2075
2032,2080
2039,2007
2019,2017
2017,2043
2015,2005
2006,2073
2007,2048
2002,2013
1979,2021
2005,2004
1991,2063
1996,2023
1986,2040
1995,2019
1991,2071
1994,2035
1995,2035
1991,2071
1993,2031
1989,2011
1996,2063
2003,2064
2012,2074
1999,2069
2009,2021
2014,2028
2024,2015
2024,2002
2028,2055
2025,2027
2037,2027
2039,2035
2043,2057
2053,2067
2063,2033
2063,2004
2081,2023
2075,2065
2079,2059
2091,2027
2089,2056
2091,2056
2101,2029
2112,2015
2117,2048
2125,2065
2123,2047
2121,2059
2127,2056
2127,2035
2143,2027
2144,2011
2151,2023
2148,2062
2155,2056
2152,2030
2149,2063
2148,2015
2147,2007
2152,2030
2151,2076
2151,2053
2149,2035
2139,2077
2132,2065
2136,2033
2124,2021
2131,2076
2131,2027
2122,2039
2112,2009
2112,2019
2109,2063
2104,2025
2090,2042
2088,1989
2088,2051
2077,2054
2071,2028
2057,1989
2066,2068
2044,2080
2043,2017
2030,2063
2032,2023
2029,2039
2023,2084
2015,2028
2010,2055
2009,2025
2005,2077
1998,2056
1987,2043
1997,2011
1984,2043
1984,2073
1990,2039
1986,2025
1977,2074
1990,2005
1973,2040
1989,2069
1984,2006
1985,2065
1992,2071
1984,2042
1996,2041
2000,2037
1993,2039
1997,2024
2003,2028
2012,2068
2009,2073
2015,2048
2016,2040
2030,2072
2030,2039
2037,2072
2047,2060
2041,2080
2057,2052
2066,2063
2065,2060
2075,2048
2076,2063
2081,2075
2091,2056
2092,2056
2101,2041
2099,2056
2117,2067
2108,2027
2122,2057
2121,2053
2126,2003
2132,2040
2141,2060
2131,2071
2144,2039
2139,2063
2139,2013
2147,2009
2147,2039
2151,2044
2137,2071
2133,2045
2138,2066
2136,2026
2131,2011
2129,2040
2120,2069
2131,2019
2121,2029
2112,2037
2110,2021
2101,2043
2103,2074
2099,2063
2091,2088
2084,2059
2073,2067
2083,2076
2077,2063
2064,2011
2053,2037
2056,2023
2044,2035
2037,2035
2032,2084
2028,2079
2023,2077
2020,2035
2005,2029
1999,2065
2004,2012
1992,2027
1995,2071
1996,2071
1992,2007
1985,2028
1988,2035
1984,2017
1989,2035
1977,2044
1984,2015
1979,2039
1979,2067
1984,2056
1990,2060
1992,2046
1991,2047
2000,2024
1993,2003
1992,2009
2005,2028
2010,2039
2018,2029
2024,2060
2024,2061
2034,2059
2022,1999
2039,2063
2047,2073
2063,2007
2066,2025
2067,2058
2072,2056
2081,2020
2080,2053
2092,2009
2095,2007
2091,2025
2097,2036
2105,2071
2120,2044
2116,2017
2126,2072
2121,2053
2137,2020
2141,2056
2140,2042
2139,2037
2132,2027
2148,2025
2148,2025
2149,2057
2143,2001
2147,2017
2145,2072
2148,2009
2144,2058
2143,2028
2135,2045
2138,2027
2135,2026
2125,2063
2122,2019
2124,2023
2124,2057
2125,2063
2115,2040
2108,2004
2105,2027
2093,2062
2093,2040
2091,2041
2086,2041
2073,2054
2067,2071
2073,2043
2058,2069
2056,2055
2051,2044
2044,2055
2040,2035
2035,2046
2024,2079
2001,2055
2015,2073
2016,2056
2009,2009
2009,2033
2003,2041
2007,2041
2009,2029
1999,2054
2008,2040
2008,2027
2004,2088
2008,2045
2004,2063
2011,2063
2008,2043
2007,2062
2011,2067
2018,2055
2016,2029
2019,2027
2023,2048
2029,1989
2025,2055
2037,2036
2039,2059
2054,2039
2043,2041
2056,2025
2059,2056
2063,2060
2071,2025
2074,2025
2088,2021
2095,2039
2091,2046
2099,2047
2103,2032
2107,2030
2117,2043
2117,2071
2126,2030
2131,2009
2119,2035
2139,2005
2138,2059
2139,2063
2144,2056
2144,2065
2152,2011
2156,2063
2152,2039
2159,2017
2145,2023
2156,2063
2145,2077
2145,2043
2148,2029
2143,2058
2148,2035
2138,2063
2136,2072
2128,2039
2119,2068
2120,2025
2116,2069
2116,2012
2109,2037
2101,2013
2085,2025
2093,2053
2092,2063
2079,2043
2080,2013
2071,2042
2062,2023
2043,2047
2048,2044
2032,2054
2035,2023
2032,2015
2031,2080
2022,2066
2009,2033
2007,2031
1999,2075
1995,2036
2001,2056
2004,1999
1991,2071
1988,2048
1989,2089
1991,2039
1988,2055
1993,2052
1992,2056
1981,2080
1992,2063
1992,1999
1989,2036
1996,2066
2003,2037
2000,2025
1998,2033
2005,2013
2009,2068
2015,2063
2015,2068
2019,2060
2024,2076
2026,2035
2030,2025
2039,2018
2032,2072
2055,2056
2059,2046
2063,2064
2071,2061
2076,2047
2071,2025
2081,2005
2091,2063
2088,2070
2104,2048
2101,2064
2101,2047
2118,2055
2115,2017
2115,2003
2131,2077
2123,2063
2131,2025
2132,2034
2142,2064
2141,2054
2143,2017
2140,2059
2143,2061
2144,2033
2140,2040
2138,2008
2133,2012
2135,2052
2131,2027
2129,2027
2125,2074
2125,2039
2118,2012
2121,2025
2112,2055
2117,2056
2101,2026
2091,2021
2095,2063
2097,2043
2084,2045
2073,2041
2069,2071
2059,2067
2064,2022
2047,2063
2047,2028
2040,2063
2032,2053
2032,2075
2022,2001
2017,2056
2007,2040
2010,2040
2003,2055
1994,2080
1998,2029
2002,2041
1993,2045
1988,2078
1984,2011
1990,2027
1988,2019
1994,2029
1977,2065
1975,2026
1991,2047
1984,2054
1992,2077
1992,2059
1991,2071
1996,2040
1992,2063
1995,2068
2008,2009
2009,2017
2016,2019
2024,2001
2019,2077
2028,2059
2039,2060
2029,2045
2035,2067
2056,2067
2059,2005
2059,2088
2063,2040
2075,2036
2084,2080
2077,2011
2089,2003
2097,2044
2102,2006
2107,2019
2110,2017
2121,2074
2121,2027
2132,2034
2131,2035
2140,2011
2140,2011
2143,2048
2148,2023
2145,2012
2145,2023
2152,2019
2145,2075
2145,2005
2147,2035
2149,2003
2148,2065
2151,2019
2144,2055
2140,2043
2135,2039
2136,2065
2128,2075
2128,2039
2128,2025
2118,2019
2107,2035
2102,2041
2103,2023
2093,2065
2092,2011
2087,2071
2087,2058
2081,2024
2067,2069
2065,2071
2063,2053
2061,2033
2051,2041
2043,2072
2038,2034
2031,2015
2019,2037
2023,2005
2015,2046
1997,2063
2007,2074
2001,2067
2007,2003
1995,2058
2001,2032
2003,2017
1991,2015
1993,1998
1990,2017
1987,2039
1999,2053
1987,2067
1987,2039
1983,2058
2007,2009
2000,2037
2001,2064
2008,2063
2014,1991
2017,2029
2025,2072
2019,2039
2024,2088
2029,2060
2037,2036
2056,2025
2041,2072
2056,2052
2052,2027
2063,2065
2063,2067
2069,2079
2075,2048
2087,2032
2096,2079
2099,2064
2101,2062
2103,2045
2118,2067
2112,2074
2120,2017
2132,2003
2134,2058
2139,2065
2132,2043
2129,2043
2146,2011
2152,2033
2136,2001
2143,2066
2153,2027
2151,2097
2154,2010
2149,2055
2152,2007
2148,2024
2140,2038
2142,2080
2139,2072
2132,2065
2131,2057
2131,2073
2129,2051
2117,2002
2119,2030
2106,2068
2111,2068
2099,2042
2096,2028
2093,2072
2083,2063
2072,2077
2080,2030
2063,2065
2060,2067
2063,2058
2043,2068
2042,2043
2032,2060
2030,2074
2026,2039
2023,2063
2011,2063
2007,2019
2007,2065
2003,2039
1997,2035
1989,2077
1999,2008
1989,2068
1992,2015
1990,2035
1987,2068
1985,2058
1989,2025
1992,2009
1987,2029
1979,2042
1999,2021
2000,2054
1998,2027
2003,2044
2003,2043
2011,2043
2013,2040
2012,2007
2022,2023
2019,2039
2025,2041
2030,2033
2034,2069
2043,2040
2041,2025
2057,2065
2066,2037
2074,2009
2075,2024
2080,2055
2079,2021
2082,2039
2089,2057
2108,2048
2104,2031
2108,2053
2105,2067
2123,2057
2123,2042
2133,2048
2136,2072
2140,2056
2125,2045
2137,2011
2135,2005
2147,2027
2145,2041
2148,2003
2155,2019
2142,2063
2147,2066
2145,2036
2139,2040
2135,2060
2133,2029
2140,2044
2127,2096
2128,2011
2124,2009
2119,2019
2120,2068
2116,2064
2108,2054
2109,2022
2099,2055
2096,2003
2077,2033
2080,2029
2077,2036
2067,2043
2067,2007
2043,2030
2041,2073
2053,2053
2041,2044
2033,2017
2025,2015
2023,2037
2007,2056
2004,2072
2009,2072
2005,2038
2002,2022
2004,2023
1991,2025
2000,2002
1993,2071
1996,2020
1989,2053
1993,2019
1992,2038
1992,2007
1987,2063
1993,2087
1999,2035
1996,2005
1995,2027
2003,2056
2013,2034
2017,2043
2010,2039
2011,2056
2021,2065
2015,2063
2029,2028
2037,2056
2040,2007
2047,2032
2060,2052
2067,2045
2067,2056
2059,2041
2084,2037
2073,2024
2089,2025
2088,2024
2098,2042
2094,2041
2105,2048
2105,2017
2117,2054
2115,2067
2117,2027
2128,2041
2136,2088
2135,2059
2143,2057
2140,2042
2133,2042
2147,2029
2148,2015
2149,2043
2147,2019
2143,2072
2138,2048
2143,2067
2133,2048
2136,2061
2136,2027
2132,2055
2134,2011
2126,2039
2120,2007
2106,2035
2116,2042
2100,2048
2097,2063
2106,2025
2097,2053
2083,2056
2084,2007
2069,2026
2072,2091
2065,2068
2067,2035
2054,2033
2055,2076
2040,2035
2032,2071
2030,2057
2023,2055
2016,2041
2015,2019
2008,2066
1995,2095
1997,2028
2003,2057
1998,2039
1999,2040
1984,2055
1994,2067
2004,2026
1987,2060
1986,2036
1989,2063
1995,2035
1988,2071
1992,2036
1989,2027
2000,2046
2002,2068
1987,2057
1995,2065
2010,2028
2015,2047
2018,2044
2015,2024
2024,2025
2028,2076
2032,2040
2040,2019
2040,2012
2039,2058
2056,1999
2057,2036
2067,2037
2072,2066
2076,2048
2073,2019
2079,2008
2089,2039
2092,2023
2104,2043
2104,2035
2103,2063
2119,2052
2120,2017
2112,2031
2117,2021
2137,2027
2136,2033
2136,2065
2138,2023
2131,2080
2144,2028
2136,2040
2137,2037
2140,2041
2137,2074
2136,2042
2129,2043
2135,2039
2132,2005
2129,2056
2121,2080
2115,2061
2123,2041
2108,2051
2101,2066
2103,2076
2103,2035
2099,2073
2088,2040
2085,2074
2083,2063
2075,2036
2074,2055
2065,2040
2056,2006
2043,2065
2042,2063
2041,2054
2027,2037
2025,2025
2029,2055
2021,2075
2016,2034
2007,2044
2008,2067
2001,2040
1993,2073
1995,2025
1992,2011
1987,2067
1992,2023
1989,2071
1975,2070
1983,2088
1979,2073
1983,2025
1991,2036
1995,2038
1994,2025
1983,2042
1997,2063
1991,2044
2005,2081
2003,2072
2007,2066
2016,2067
2015,2069
2026,2027
2029,2025
2035,2059
2027,2029
2051,2027
2044,2043
2052,2040
2056,2064
2068,2011
2075,2011
2073,1991
2079,2030
2088,2025
2085,2055
2098,2029
2101,2057
2120,2017
2116,2030
2118,2058
2123,2039
2128,2065
2137,2031
2128,2029
2137,2056
2135,2027
2141,2041
2135,2060
2139,2048
2137,2035
2146,2025
2145,2039
2147,2073
2148,2048
2141,2025
2137,2015
2147,2041
2133,2036
2138,2063
2129,2067
2119,2038
2123,2060
2112,2003
2108,2039
2112,2059
2103,2072
2096,2011
2096,2063
2093,2009
2088,2007
2069,2069
2076,1995
2072,2077
2067,2015
2045,2021
2040,2063
2041,2070
2038,2008
2034,2023
2028,2035
2011,2064
2013,2027
2015,2080
2012,2027
2007,2065
2004,2037
2001,2066
2000,2039
1995,2079
1995,2061
1998,2068
1995,2041
1993,2043
1999,2023
1988,2067
1994,2075
2001,2040
1997,2089
2003,2027
1993,2040
1999,2039
2009,2040
2016,2053
2015,2044
2024,1996
2024,2038
2025,2028
2036,2021
2052,2041
2043,1997
2057,2030
2051,2021
2071,2015
2073,2069
2073,2035
2088,2029
2084,2042
2088,2038
2099,2056
2104,2019
2113,2063
2118,2023
2125,2044
2129,2063
2120,2067
2137,2043
2141,2067
2143,2060
2140,2065
2147,2023
2149,2036
2145,2009
2152,2028
2157,2063
2151,2022
2155,2025
2147,2045
2151,2026
2151,2067
2154,2041
2144,2063
2146,2056
2141,2055
2137,2020
2137,2030
2127,2055
2117,2057
2119,2037
2112,2065
2109,2021
2104,2004
2091,2080
2091,2064
2090,2004
2081,2043
2077,2071
2074,2011
2057,2060
2057,2027
2056,2009
2040,2009
2029,2038
2021,2073
2025,2088
2011,2056
2005,2033
2009,2011
2003,2063
1992,2042
1994,2055
2001,2023
1991,2004
1992,2037
1987,2037
1991,2061
1977,2059
1976,2021
1978,2029
1989,2019
1991,2039
1995,2007
1981,2048
1995,2043
1993,2010
2003,2045
2001,2028
2004,2070
1997,2038
2011,2019
2015,2057
2011,2063
2025,2035
2024,2041
2029,2072
2037,2063
2048,2068
2057,2063
2059,2027
2070,2040
2073,2020
2075,2006
2079,2054
2090,2035
2089,2068
2095,2060
2099,2056
2110,2040
2109,2075
2113,2068
2117,2063
2109,2065
2129,2036
2131,2039
2120,2075
2131,2055
2136,2078
2135,2061
2137,2054
2141,2037
2143,2044
2137,2046
2142,2015
2143,2020
2137,2027
2133,2019
2129,2048
2129,2023
2129,2071
2119,2055
2120,2011
2107,2015
2109,2033
2106,2097
2104,2071
2102,2071
2085,2030
2086,2058
2081,2065
2081,2036
2063,2067
2063,2043
2057,2056
2055,2066
2037,2040
2033,2015
2028,2043
2028,2007
2019,2055
2009,2072
2014,2053
2008,2036
1999,2041
1980,2057
1997,2033
1991,2014
1979,2035
1979,2033
1975,2045
1976,2077
1976,2071
1982,2043
1975,2009
1987,2023
1973,2056
1969,2047
1975,2055
1981,2022
1995,2028
1993,2062
1989,2026
1993,2035
1995,2045
2011,2071
2012,2062
2022,2063
2023,2071
2027,2037
2032,2039
2036,2023
2039,2025
2056,2011
2063,2007
2054,2071
2072,2034
2071,2080
2079,2064
2079,2039
2090,2028
2091,2025
2099,2033
2103,2043
2107,2035
2103,2030
2121,2063
2133,2044
2126,2056
2131,2048
2137,2011
2137,2035
2142,2033
2136,2026
2144,2042
2143,2063
2140,2076
2142,2037
2145,2085
2132,2043
2144,2095
2137,2037
2143,2051
2138,2072
2125,2033
2128,2042
2127,2072
2114,2056
2121,2033
2111,2027
2109,2056
2105,2037
2085,2033
2089,2072
2079,2007
2084,2027
2084,2024
2074,2036
2063,2032
2063,2060
2044,2063
2053,2034
2039,2043
2029,2044
2035,2040
2028,2063
2019,2076
2015,1997
2015,2015
2007,2064
2003,2079
2001,2075
2000,2079
1999,2027
2000,2043
1995,2015
2001,2027
2000,2027
1995,2041
1995,2063
1993,2007
1993,2054
2000,2070
1997,2068
2004,2038
2008,2063
2007,2076
2011,2059
2020,2033
2011,2056
2024,2011
2021,2037
2024,2023
2035,2055
2024,2055
2047,2057
2038,2056
2057,2048
2063,1988
2063,2025
2067,2001
2075,2071
2079,2021
2085,2003
2092,2029
2095,2063
2096,2011
2105,2015
2103,2020
2110,2067
2117,2074
2128,1980
2135,2041
2134,2047
2137,2067
2129,2023
2133,2033
2140,2043
2139,2027
2139,2066
2145,2041
2141,2027
2143,2032
2134,2032
2135,2041
2138,2011
2131,2031
2131,2041
2137,2007
2130,2004
2126,2041
2120,2080
2112,1982
2107,2080
2101,2062
2099,2058
2092,2048
2087,2011
2086,2069
2073,2043
2077,2051
2067,2023
2055,2045
2056,2071
2039,1973
2037,2078
2027,2058
2030,2075
2029,2080
2019,2017
2019,2009
2007,2011
2004,2057
2011,2055
1995,2041
2000,2021
1993,2041
1996,1993
1992,2053
1988,2044
1992,2025
1984,2074
1995,2025
1992,2035
1981,2062
1989,2044
1981,2031
1998,2024
1996,2025
1993,2048
2001,2075
1997,2040
2007,2059
2012,2072
2020,2052
2009,2041
2024,2046
2034,2021
2032,2030
2035,2028
2044,2057
2057,2060
2048,2027
2063,2068
2072,2072
2067,2044
2079,2015
2083,2028
2082,2035
2097,2036
2091,2034
2101,2060
2111,2063
2105,2059
2105,2067
2113,2035
2127,2077
2132,1979
2123,2009
2131,2073
2137,2060
2137,2047
2137,2040
2137,2048
2135,2041
2136,2063
2140,2025
2133,2052
2129,2027
2139,2052
2137,2087
2127,2032
2120,2024
2128,2040
2120,2013
2109,2020
2108,2088
2104,2035
2091,2003
2093,2056
2091,2072
2089,2017
2080,2046
2063,2005
2073,2027
2057,2071
2053,2077
2037,2077
2029,2042
2035,2024
2019,2041
2025,2019
2018,2013
2009,2035
2013,2049
2007,2073
2003,2019
1995,2077
1999,2056
1995,2035
1991,2088
1979,2075
1996,2009
1981,2040
1992,2011
1995,2063
1979,2079
1983,2038
1996,2068
1989,2058
1990,2027
1981,2063
1987,2029
1987,2068
1993,2064
1996,2054
2006,2009
2003,2080
2015,2067
2012,2011
2016,2054
2024,2017
2027,2021
2025,2031
2039,2060
2045,2044
2057,2060
2063,2024
2072,2023
2063,2044
2077,2031
2077,2028
2081,2048
2085,2035
2083,2041
2095,2043
2093,2048
2100,2039
2111,2068
2107,2043
2116,2059
2112,2080
2117,2063
2112,2052
2121,2079
2127,2025
2123,2057
2129,2035
2129,2067
2128,2043
2136,2010
2136,2056
2133,2030
2129,2053
2128,2030
2130,2024
2122,2012
2120,2021
2121,2039
2093,2053
2108,2085
2093,2063
2093,2047
2089,2008
2076,2079
2077,2034
2075,2017
2071,2015
2055,2069
2058,1992
2045,2067
2042,2048
2035,2023
2031,2021
2023,2072
2022,2058
2010,2063
2007,2052
2005,2071
2000,2060
1992,2062
1990,2027
1984,2056
1987,2036
1977,2041
1979,2063
1977,2025
1979,2055
1975,2030
1975,2045
1977,2031
1977,2037
1971,2015
1976,2027
1979,2063
1975,2048
1981,2027
1987,2031
1971,2057
1985,2039
1995,2044
1997,2043
2000,2036
1996,2072
2012,2064
2015,2080
2019,2037
2015,2027
2020,2020
2032,2027
2035,2023
2045,2055
2048,2063
2056,2071
2065,2063
2069,2032
2079,2042
2079,2063
2089,2063
2087,2044
2089,2063
2097,2063
2100,2069
2115,2040
2120,2027
2119,2017
2124,2029
2124,2055
2127,2074
2128,2033
2133,2071
2128,2034
2131,2072
2125,2017
2135,2036
2131,2054
2120,2027
2129,2080
2130,2017
2121,2056
2126,2063
2129,2068
2119,2052
2113,2039
2117,2067
2103,2024
2099,2008
2104,2043
2100,2017
2095,2067
2091,2071
2080,2059
2075,2043
2073,2063
2073,2075
2065,2090
2063,2067
2044,2057
2051,2001
2036,2029
2025,2025
2026,2038
2019,2053
2017,2036
2016,2027
2007,2038
2007,2083
2006,2071
2008,2080
1993,2020
1996,2021
1996,2007
1995,2040
1976,2009
1999,2040
1987,2060
1995,2063
1996,2003
1996,2087
1996,2063
1998,1993
1995,2026
2003,2048
2009,2023
1997,2055
1997,2073
2009,2033
2007,2037
2025,2019
2023,2066
2023,2055
2036,2027
2040,2015
2043,2027
2052,2066
2075,2044
2076,2048
2079,2038
2088,2057
2090,2019
2089,2053
2091,2063
2107,2066
2099,2063
2109,2013
2106,2027
2120,2033
2129,2019
2126,2035
2132,2045
2133,2029
2135,2012
2143,2055
2135,2031
2146,2033
2139,2044
2145,2043
2144,2056
2148,2038
2147,2041
2154,2033
2140,2012
2136,2008
2143,2007
2139,2055
2135,2035
2130,2034
2123,2080
2117,2063
2121,2003
2103,2005
2110,2019
2102,2017
2097,2056
2084,2043
2085,2075
2075,2056
2076,2011
2072,2017
2072,2025
2063,2072
2048,2017
2037,2007
2040,2035
2029,2064
2023,2035
2026,2007
2011,2072
2012,2072
2008,2034
2003,2023
2004,2033
2011,2071
2004,2028
1999,2043
1995,2019
1987,2056
1993,2025
1988,2043
1988,2076
1994,2028
1992,2075
1998,2065
2001,2043
2000,2027
2000,2044
2005,2027
2007,2024
2007,2069
2007,2067
2016,2061
2017,2039
2031,2072
2035,2070
2035,2024
2027,2045
2035,2067
2052,2024
2040,2027
2060,2037
2058,2040
2069,2056
2067,2069
2073,2025
2075,2063
2081,2064
2093,2023
2089,2039
2109,2039
2105,2078
2120,2059
2119,2033
2117,2027
2123,2043
2123,2044
2121,2044
2123,2033
2134,2015
2138,2008
2139,2007
2136,2067
2142,2070
2133,2026
2129,2035
2136,2007
2135,2001
2128,2048
2132,2033
2129,2063
2113,2037
2118,2056
2100,2043
2109,2030
2106,2051
2100,2025
2103,2029
2092,2001
2085,2012
2075,2053
2073,2009
2065,2071
2066,2066
2053,2088
2059,2088
2043,2066
2029,2066
2030,2066
2021,2076
2007,2018
2015,2003
2010,2015
2011,2039
2004,2039
2001,2076
1992,2072
1984,2075
1983,2038
1981,2041
1971,2071
1980,2039
1981,2009
1979,2063
1977,2034
1977,2048
1984,2040
1971,1979
1981,2011
1983,2036
1992,2040
1987,2023
1981,2056
1992,2008
1993,2033
1995,2030
1999,2039
2005,2027
2004,2035
2008,2035
2016,2033
2019,2006
2020,2033
2025,2029
2035,2056
2033,2077
2043,2009
2039,2061
2058,2025
2063,2073
2059,2078
2077,2080
2078,2058
2084,2067
2088,2048
2083,2032
2091,2064
2100,2044
2108,1995
2119,2031
2115,2027
2120,2035
2125,2029
2124,2043
2131,2075
2119,2065
2109,2023
2136,1991
2132,2025
2126,2029
2128,2051
2128,2063
2123,2036
2127,2059
2129,2021
2117,2046
2113,2075
2109,2056
2110,2042
2103,2029
2097,2072
2100,2029
2090,2043
2088,2077
2091,2025
2088,2019
2068,2027
2075,2048
2067,2096
2058,2039
2051,2079
2044,2097
2040,2063
2033,2036
2033,2007
2019,2003
2024,2072
2011,2073
2005,2063
2009,2039
2002,2018
1996,2045
1982,2066
1998,2023
1991,2080
1990,2040
1989,2056
1992,2067
1989,2021
1985,2045
1976,2051
1979,2021
1989,2069
1984,2080
1994,2015
1981,2023
1998,2011
1992,2042
2005,2095
2004,2033
2005,2033
2008,2033
2011,2048
2012,2053
2021,2039
2023,2041
2028,2063
2039,2035
2040,1981
2041,2059
2047,2012
2058,2062
2065,2021
2072,2013
2073,2048
2085,2027
2081,2035
2093,2028
2094,2055
2099,2043
2104,2015
2108,2011
2110,2015
2121,2064
2123,2037
2131,2079
2124,2029
2131,2024
2130,2001
2135,2041
2139,2066
2147,2069
2140,2043
2139,2023
2130,2047
2135,2021
2134,2009
2125,2067
2121,2058
2127,1972
2125,1991
2115,2063
2120,2023
2109,2091
2104,2047
2105,2023
2099,2033
2087,2066
2089,2037
2077,2016
2076,1995
2071,2025
2071,2024
2067,2025
2053,2107
2046,2058
2040,2045
2031,2013
2017,2067
2021,2055
2014,2021
2008,2073
2003,2059
1997,2071
1995,2056
1992,2064
1991,2077
1979,2096
1977,2066
1979,1989
1976,2043
1977,2054
1974,2005
1969,2003
1968,2037
1965,2068
1971,2077
1976,2099
1975,2074
1974,2042
1975,2016
1973,2036
1992,2023
1993,2046
1979,2089
1994,2075
2001,2048
2005,2006
2015,2067
2015,2072
2022,2055
2025,2063
2024,2054
2040,2017
2051,2079
2056,2079
2060,2070
2073,1996
2075,2001
2075,2011
2083,2063
2088,2099
2088,2096
2095,2059
2106,2013
2105,2047
2118,2035
2125,2093
2128,2096
2129,2088
2134,2055
2139,2008
2138,2041
2148,2032
2147,2020
2149,2028
2147,2043
2146,2021
2146,2063
2143,2057
2151,2091
2143,2048
2142,2072
2132,2059
2138,2064
2136,2071
2129,2058
2121,2069
2123,2074
2108,2067
2115,2003
2082,2063
2099,2095
2094,2037
2089,2029
2087,2003
2078,2027
2075,2039
2071,2033
2057,2070
2058,2029
2053,2019
2040,2023
2032,2063
2023,2099
2024,2042
2012,2048
2012,2005
2005,2012
2007,2008
1992,2051
1992,2041
1996,2018
1988,2071
1984,2036
1977,1993
1985,2043
1984,2027
1980,2034
1973,2045
1975,2096
1979,2052
1984,2023
1992,2045
1992,2051
1981,2021
1995,2043
2000,2063
2007,2043
2011,1993
2007,2035
2007,2025
2023,2015
2020,2063
2015,2085
2033,2028
2040,2056
2051,2056
2057,2012
2053,2020
2071,2041
2065,2078
2072,2056
2079,2027
2083,2036
2077,2027
2091,2029
2097,2088
2104,2077
2109,2008
2109,2001
2124,2045
2123,2020
2136,2002
2139,2080
2127,2074
2140,2078
2143,2055
2148,1997
2151,1967
2147,2061
2144,2021
2142,2076
2141,2038
2142,2025
2140,2038
2135,2070
2136,2051
2130,2034
2136,2051
2128,2029
2127,2042
2123,2011
2113,2046
2103,1986
2108,2090
2097,2095
2091,2063
2093,2035
2089,2007
2081,2065
2079,2058
2076,2055
2063,2063
2063,1993
2039,2056
2037,2079
2036,2037
2018,2053
2024,2067
2017,2023
2018,2001
2001,2021
2009,2056
2010,2057
1999,2041
2000,2071
1989,2028
1984,2040
1988,2027
1975,2075
1988,2071
1987,2063
1980,2061
1979,2041
1984,2044
1977,2015
1982,2003
1977,2034
1989,2052
1999,1997
1993,2095
1998,2057
1997,2015
2001,2016
2003,2044
2009,2039
2013,2081
2021,1975
2023,2063
2036,2008
2033,2044
2042,2011
2041,2035
2045,2058
2054,2030
2074,1981
2069,2072
2077,2077
2082,2063
2081,2075
2089,2028
2093,2075
2105,2013
2108,2035
2099,2011
2115,2019
2123,2064
2129,2075
2125,2083
2128,2027
2135,1991
2125,2020
2132,2095
2138,2056
2141,2041
2133,2076
2141,2060
2134,1995
2132,1991
2125,2035
2121,2088
2119,2026
2115,2063
2118,2090
2116,2013
2110,1991
2110,2007
2099,2023
2096,2043
2093,2088
2082,2065
2080,2071
2079,2025
2076,2029
2072,2023
2059,2063
2055,2041
2042,2043
2047,2027
2027,2057
2027,2091
2022,2037
2015,2011
2014,2028
2009,1987
1991,2063
1997,2055
1993,1995
1992,2013
1994,2087
1988,2001
1979,2040
1975,2088
1981,2032
1973,2038
1981,2019
1983,2043
1980,2004
1971,2022
1976,2072
1972,2067
1982,2079
1977,2075
1990,1997
1991,2016
1996,2011
1992,2055
2004,2017
2001,2008
2011,1993
2009,2015
2017,2021
2024,2031
2029,2072
2036,2072
2029,2017
2040,2048
2047,2077
2063,2020
2066,2041
2071,2080
2072,2076
2080,2072
2080,2037
2092,2027
2089,1969
2103,2005
2095,1985
2118,1996
2121,2077
2128,2054
2128,2088
2123,2040
2131,2027
2129,2075
2136,2037
2136,1995
2131,2046
2143,2011
2136,2040
2141,2023
2144,2003
2136,2035
2139,2056
2133,1997
2123,2073
2121,2021
2117,1981
2120,2104
2119,2093
2099,2037
2105,2088
2104,2063
2097,2047
2097,1995
2081,2088
2074,2059
2073,2083
2076,2073
2071,2092
2065,2040
2061,2017
2055,2066
2039,2037
2027,2065
2025,2103
2019,2065
2015,2075
2005,2079
2007,2010
2003,2057
2001,2025
1993,1996
1991,2037
1987,2041
1965,2072
1992,2074
1984,2005
1979,2080
1981,2028
1987,2095
1980,1989
1979,1995
1977,2054
1984,2063
1992,2071
1975,2083
1989,2080
1998,2001
1993,2019
1997,2032
2005,2075
2007,2063
2013,2076
2019,2052
2023,2076
2025,2021
2029,2035
2033,2067
2041,2067
2041,2071
2058,2021
2063,1999
2056,2027
2067,2071
2077,2065
2078,2073
2084,2056
2089,2009
2100,2058
2089,2084
2105,2101
2107,2085
2118,2005
2115,2016
2127,2008
2135,1977
2134,1992
2135,2057
2134,2052
2138,2012
2135,2015
2137,2056
2138,2027
2137,2057
2133,2095
2131,2055
2135,2089
2132,2067
2127,1997
2128,2017
2120,2063
2121,2056
2112,2039
2112,2066
2107,2088
2107,2035
2091,2057
2093,2023
2087,2005
2085,1995
2068,2029
2076,2059
2066,2072
2058,2040
2059,2037
2043,2080
2040,2031
2035,2026
2026,2044
2016,2096
2019,2066
2012,2003
2008,2012
2000,2015
1997,2072
1981,2063
1995,2096
1991,2040
1979,2072
1981,2080
1980,2015
1978,2039
1973,2021
1976,2017
1969,2103
1983,2045
1976,2026
1973,2052
1983,2060
1977,1991
1981,2058
1994,2030
2003,2005
1994,2023
2007,2029
2012,2004
2011,2044
2011,2067
2021,2019
2023,2016
2021,2003
2027,2023
2043,2039
2043,2027
2056,2104
2055,2072
2065,2068
2072,2023
2072,2019
2075,2079
2089,2056
2088,2060
2098,2063
2103,2011
2104,2032
2115,2041
2120,2095
2123,2066
2124,2053
2132,1959
2130,2024
2139,2039
2137,2031
2143,2089
2139,2080
2140,2023
2133,2074
2143,2067
2136,2072
2136,2072
2136,2088
2143,2032
2141,2044
2134,2067
2135,2035
2129,2087
2115,2052
2120,2019
2110,2070
2110,2048
2101,2043
2104,2075
2101,2043
2091,1996
2087,2033
2080,2017
2069,2026
2067,2043
2058,2079
2063,2072
2041,2079
2047,2088
2037,2071
2034,2024
2030,2000
2029,1975
2019,2012
2015,2036
2008,1979
2005,2016
2001,2024
1993,2044
1994,1989
1996,2037
1984,2100
1980,2007
1975,2013
1979,2014
1981,1993
1980,2032
1987,2054
1992,2047
1987,2003
1987,2030
1991,2064
1987,2025
1997,2001
1995,2024
2008,2044
2005,2043
2016,2011
2015,2030
2016,2075
2025,2025
2027,2056
2038,2015
2041,2072
2045,2120
2052,2111
2063,2025
2067,2059
2071,2063
2080,2076
2085,2027
2083,2045
2089,2029
2097,2093
2104,1995
2107,2009
2109,2060
2117,2063
2116,2028
2128,1991
2138,2063
2135,2053
2141,2077
2140,2069
2152,2065
2148,2106
2152,2067
2147,2104
2139,2075
2143,2067
2145,2067
2155,2023
2148,2035
2147,2024
2144,2060
2133,2063
2135,2082
2136,2005
2124,2003
2122,2025
2124,2011
2122,2025
2112,2035
2116,2088
2104,2029
2099,2088
2093,2076
2081,2062
2083,2016
2079,1997
2071,2024
2058,2064
2054,2025
2052,2015
2041,2036
2041,1944
2036,1943
2035,2054
2021,2075
2022,2046
2010,2022
2011,1979
2008,1961
2005,2032
2007,2023
1995,2065
1996,2009
1995,2079
1999,2027
1997,2075
1995,2077
1992,2063
1993,2024
1989,2033
1983,2108
2001,2071
2003,1993
1992,2007
1997,2029
2002,1981
2010,2017
2016,2035
2021,2029
2023,2019
2027,2011
2017,1951
2029,1992
2025,2026
2046,2043
2053,2075
2056,2011
2063,2001
2071,1990
2067,2023
2071,2079
2080,2096
2085,2040
2089,1960
2092,2008
2091,2030
2108,2074
2110,2042
2105,2104
2120,2072
2121,2068
2132,2073
2136,2055
2133,2075
2136,2075
2133,2089
2135,2085
2139,2068
2137,2080
2133,2103
2143,2097
2137,2063
2135,2095
2134,1975
2131,1969
2118,2013
2121,2060
2127,2072
2119,2067
2112,2093
2108,2083
2106,2055
2099,2024
2093,2033
2088,2076
2083,2005
2076,2039
2076,2078
2071,2021
2070,2001
2059,2027
2054,1988
2029,2089
2039,2087
2030,2017
2020,2021
2024,2016
2018,1965
2005,2016
1996,2095
1995,2087
1989,2065
1995,2036
1991,2026
1979,2011
1979,1999
1981,2044
1976,2066
1974,2031
1969,2031
1969,2059
1981,1993
1975,2036
1975,2059
1976,2040
1979,2065
1973,2098
1970,2056
1975,2035
1987,2037
1989,2080
1997,2095
1993,2096
1997,2073
2005,1987
2009,1998
2003,2023
2016,2044
2011,2057
2025,2016
2038,2025
2043,2123
2046,2066
2048,2063
2063,1960
2066,2010
2068,2045
2067,1959
2075,2063
2078,1979
2088,2020
2093,2025
2089,1999
2101,2009
2091,2043
2104,2079
2101,2065
2115,1990
2115,1977
2111,2025
2120,2040
2113,2091
2117,2069
2121,2077
2119,1993
2120,2003
2119,2047
2108,1981
2109,2079
2105,2087
2109,1977
2100,1984
2098,1990
2105,2018
2097,2067
2097,2093
2083,2083
2087,2036
2080,2017
2076,1965
2071,1988
2066,2075
2057,2052
2041,2057
2052,2018
2035,2072
2029,2070
2025,2039
2027,2068
2016,2053
2009,2015
2007,2040
2007,2025
2009,2023
1993,2105
1992,2013
1989,2017
1988,2004
1989,2064
1973,2077
1980,2039
1976,2035
1967,2033
1983,2055
1984,2065
1979,2092
1979,2069
1979,2080
1971,2043
1992,2054
1984,2027
1989,2044
1993,2007
2007,1961
1996,2023
2007,2112
2008,2067
2005,2129
2019,2007
2019,1969
2025,2030
2027,2067
2036,2036
2035,2107
2044,2107
2053,2019
2047,2020
2055,1971
2057,1962
2072,2020
2077,2046
2089,2063
2076,2066
2096,2003
2103,2008
2107,1961
2114,1990
2117,2035
2117,2044
2120,2017
2123,1981
2130,1990
2129,1992
2131,2083
2133,2120
2133,2091
2140,2025
2131,2012
2134,1990
2134,2023
2133,2099
2128,2132
2135,2089
2121,2004
2125,1969
2127,1957
2123,1975
2111,2083
2109,2134
2112,2081
2103,2075
2104,2031
2100,1977
2095,2057
2073,2055
2072,2101
2074,2066
2076,2055
2070,2025
2059,2016
2047,2066
2054,2090
2029,2099
2027,2080
2028,1997
2026,1965
2009,2040
2005,2010
2012,2025
1997,2075
1991,2077
1996,2003
1979,2017
1991,2075
1992,2058
1975,2027
1987,2008
1981,1994
1984,2039
1978,2134
1967,2091
1981,2029
1977,2072
1983,2037
1979,1995
1993,2074
1994,2089
1997,2023
1991,2063
2001,2051
2011,2019
2009,2040
2006,2093
2009,2035
2024,2040
2029,2015
2032,1958
2041,2040
2040,2031
2056,2054
2063,2098
2067,2066
2063,2063
2080,2071
2087,2040
2085,1989
2083,2081
2099,2067
2105,2058
2103,2045
2105,1994
2120,2015
2115,2013
2115,2055
2135,2063
2138,2019
2140,2051
2138,1977
2141,2030
2138,2068
2143,2024
2139,1975
2144,2060
2144,2048
2146,2028
2130,1988
2136,2037
2139,2027
2135,2029
2136,2077
2131,2058
2121,1996
2117,2013
2116,1993
2111,2065
2104,2060
2101,2077
2103,2087
2092,2051
2082,2001
2079,2047
2073,2041
2069,2032
2072,2044
2058,2055
2044,2080
2041,2101
2031,2070
2032,2030
2029,1963
2023,2027
2018,2036
2009,2099
2005,2043
2002,2040
1999,1953
1999,1963
1995,2045
1993,2027
1992,2053
1981,2025
1979,2060
1991,2031
1984,1993
1983,2076
1978,2055
1979,2088
1984,2003
1980,1980
1992,2034
1995,2063
1996,2059
2003,2037
2008,2041
2010,2019
2015,1997
2018,2040
2015,2093
2012,2072
2027,2071
2025,2071
2027,2040
2044,1996
2060,1997
2063,2024
2065,2042
2073,2060
2071,2092
2080,2035
2085,2044
2089,1946
2091,2024
2099,2066
2101,2085
2112,2136
2122,2074
2117,2032
2123,1995
2128,2010
2133,2070
2135,2104
2131,2080
2137,2076
2148,2015
2141,2021
2152,2024
2152,2112
2147,2096
2151,2084
2151,2004
2134,2020
2136,2070
2142,2042
2138,2068
2139,2108
2135,2071
2125,2095
2123,2015
2119,2005
2116,2023
2108,2009
2113,2005
2100,2071
2095,2095
2096,2017
2085,2027
2084,2035
2072,2048
2071,2004
2057,2031
2043,2063
2045,2063
2040,2043
2032,2067
2033,2003
2026,2026
2029,2043
2012,2112
2016,2075
2007,2112
1999,2069
2001,2003
1995,2054
1990,2017
1993,2076
1995,2055
1992,2043
1987,2043
1992,2027
1995,2021
1992,2057
1989,2075
1987,1994
1994,1974
2004,2052
1999,2092
2003,2078
1997,2039
2012,2044
2015,2029
2019,2028
2021,2096
2021,2080
2032,2062
2032,2072
2041,1971
2039,1965
2043,2007
2059,1998
2053,2083
2071,2129
2073,2041
2075,2017
2079,1992
2083,1963
2089,2043
2091,2024
2104,2070
2103,2055
2113,2023
2118,2037
2125,2099
2128,2063
2136,2025
2125,2043
2140,2051
2141,2023
2139,2045
2142,2107
2141,2127
2148,2058
2127,2040
2144,1992
2138,2040
2140,2056
2132,2105
2138,2085
2134,2067
2137,2063
2133,2023
2124,2065
2117,2063
2120,1975
2115,2020
2093,2042
2105,2090
2094,2103
2096,2100
2076,2100
2084,2024
2074,2008
2054,1996
2063,2024
2053,2029
2047,2073
2039,2076
2042,2042
2025,1967
2028,2007
2011,2035
2005,2087
2008,2074
2005,2103
2004,2096
1995,1994
1985,1989
1988,2069
1977,2089
1980,2096
1982,2043
1975,2063
1971,2043
1967,2047
1975,2090
1976,2023
1978,2025
1971,2028
1980,2031
1982,2037
1992,2033
1979,2072
1993,2093
1987,2056
2000,2048
2007,2035
2001,2021
1997,2035
2017,2013
2017,2019
2024,2097
2037,2035
2023,2027
2040,1987
2040,2011
2059,1961
2066,2005
2065,2006
2072,2065
2073,2091
2079,2075
2082,2024
2092,1978
2091,2008
2088,2056
2098,2075
2099,2100
2106,2098
2118,2057
2121,2062
2124,2005
2120,2020
2126,2056
2139,2066
2127,2028
2129,2007
2136,2041
2140,2089
2136,2094
2131,2024
2129,2008
2138,1999
2131,2009
2115,2065
2128,2120
2120,2108
2116,2073
2107,2009
2103,1996
2103,1997
2103,2053
2097,2036
2083,2128
2080,2019
2080,2021
2073,2018
2069,2012
2066,2027
2063,2052
2064,2084
2056,2036
2043,2001
2035,2052
2036,2022
2030,2026
2020,2063
2020,2031
2010,2019
2014,2007
2012,2021
1999,2021
2007,2038
1993,2016
1992,1989
1994,2058
1987,2078
1990,2127
1975,2053
1992,1978
1997,1947
1998,2005
1991,2044
1989,2072
2000,2083
2006,2053
2003,2056
2003,2044
2006,2055
2008,2054
2008,2089
2008,2089
2017,2079
2029,2061
2035,2016
2040,2012
2041,2072
2058,2080
2051,2071
2063,2074
2063,2023
2077,2046
2074,2003
2075,1996
2087,2028
2099,2041
2091,2072
2103,2062
2112,2021
2112,2066
2118,2033
2125,2057
2123,2067
2136,2063
2133,2003
2144,1997
2139,2001
2152,2043
2149,2067
2150,2047
2147,2027
2139,1995
2151,2029
2143,2072
2147,2090
2146,2033
2137,2019
2144,1990
2143,2051
2140,2036
2125,2086
2125,2081
2123,2063
2120,2063
2116,2042
2105,2056
2096,2025
2104,2004
2094,2039
2095,2075
2077,2029
2076,2067
2081,2007
2063,2035
2068,2011
2063,2019
2056,2081
2043,2094
2044,2065
2029,2060
2023,1962
2032,2020
2012,2065
2021,2067
2005,2065
1997,2073
2005,1999
1991,2035
2007,2063
1999,2053
1996,2029
1988,2073
1991,2069
1991,2004
1996,2017
1999,2067
1989,2029
1996,2056
1996,2068
1995,2077
1993,2025
1997,2005
2005,2046
2012,2093
2015,2056
2024,2037
2019,2061
2025,2010
2027,2080
2039,2029
2037,2037
2054,2081
2062,2009
2064,2017
2063,2093
2073,2028
2071,2089
2083,2027
2091,2022
2085,2059
2096,2062
2100,2069
2104,2055
2101,2091
2111,2053
2118,2017
2121,2079
2121,2063
2120,2011
2132,2024
2139,1987
2139,2038
2135,2040
2153,2045
2145,2026
2134,2005
2143,2060
2144,1993
2147,2024
2143,2090
2134,2081
2132,2057
2131,2012
2137,1992
2119,2007
2128,2040
2123,2055
2121,2096
2113,2057
2093,2055
2099,2039
2101,2021
2096,2035
2086,2015
2069,2045
2071,2108
2067,2063
2057,2072
2064,2076
2041,2076
2040,2069
2039,2042
2036,2064
2015,2065
2019,2071
2019,2002
2005,2063
2001,2058
2000,2072
2001,2092
1991,2035
1996,2036
1993,2035
1992,2037
1991,2106
1981,2112
1992,2067
1982,2037
1982,2036
1988,2028
1985,2071
1984,2078
1999,2021
1992,2035
1997,1973
1996,2029
2004,2020
1995,2077
2005,2079
2008,2035
2019,1989
2015,2003
2025,2053
2031,2046
2030,2079
2043,2063
2043,2021
2034,1997
2057,2021
2063,2029
2072,2072
2073,2056
2077,2042
2091,2032
2090,2063
2096,2033
2098,2059
2105,2035
2104,2029
2120,2063
2124,2023
2123,2011
2132,1971
2136,2039
2143,2017
2138,2023
2145,2051
2136,1999
2148,2040
2151,2032
2152,2032
2145,2072
2152,2066
2151,2051
2154,2024
2146,2011
2143,2059
2147,2030
2140,2007
2133,2016
2135,2040
2136,2072
2125,2065
2121,2025
2121,2033
2117,2015
2106,2058
2104,2039
2093,2057
2092,2037
2088,2063
2075,2040
2080,2063
2075,2020
2063,2017
2056,2081
2051,2017
2033,2072
2042,1993
2029,2027
2034,1979
2032,2048
2020,2011
2015,2045
2015,2063
2010,2011
2006,2029
2001,2020
2003,2041
2004,2078
2003,2015
1995,1966
1996,2047
1993,2116
1999,2037
2011,2031
1993,2044
1999,2058
2003,2079
2017,2045
2018,2073
2016,2039
2023,2078
2016,2021
2027,2063
2033,2035
2032,2064
2042,2018
2039,2059
2048,2080
2060,2039
2061,2067
2071,2027
2072,2031
2071,2027
2080,2060
2087,2035
2083,2053
2091,2015
2097,2022
2107,2036
2104,2063
2125,2037
2123,2043
2115,2041
2119,2028
2131,2047
2138,2019
2143,2019
2145,2021
2151,2052
2145,2077
2153,2053
2163,2027
2147,2023
2148,2044
2146,2041
2139,2017
2155,2029
2149,2019
2148,2037
2139,2031
2140,2024
2124,2043
2125,2057
2125,2060
2122,2040
2122,2012
2115,2019
2113,2070
2104,2037
2101,2056
2103,2043
2095,2080
2083,2041
2083,2019
2077,2059
2074,2063
2059,2064
2055,2031
2043,2036
2040,2036
2046,2004
2032,2047
2028,2037
2017,2067
2015,2029
2011,2043
2005,2027
2003,2027
1995,2063
1994,2020
1993,2038
1981,2039
1996,2007
1993,2070
1992,2063
1984,2094
1994,2055
1990,2029
1988,2045
1995,1990
1996,2037
1994,2077
2005,2023
1996,2077
1993,2040
2012,2044
2017,2063
2016,2063
2017,2048
2020,2036
2021,2019
2036,2027
2037,2027
2043,2068
2046,2033
2063,2037
2057,2065
2072,2033
2079,2080
2083,2032
2078,2025
2088,2074
2092,2046
2092,2055
2097,2034
2115,2035
2120,2035
2115,2063
2131,2086
2128,1996
2135,2011
2133,2044
2140,2044
2141,2037
2142,2075
2137,2064
2148,2043
2149,2039
2139,2063
2139,2036
2144,2017
2137,2071
2137,2018
2138,2031
2109,2051
2121,2065
2128,2038
2121,2042
2119,2077
2119,2057
2117,2043
2107,2040
2102,2038
2103,2067
2089,2037
2092,2035
2079,2044
2079,2007
2072,2055
2066,2039
2055,2063
2063,2042
2039,2040
2039,2066
2040,1989
2033,2077
2031,2036
2024,2057
2019,2015
2017,2063
1999,2056
2005,2039
1995,2015
1991,2057
1996,2040
1986,2030
1987,2076
2003,2059
1991,2035
1984,2001
1967,2074
1991,2056
1987,2046
1989,2064
1992,2064
1993,2015
2001,2019
2003,2071
1993,2032
2012,2057
2013,2071
2017,2054
2016,2023
2028,2039
2029,2068
2037,2040
2034,2027
2041,2028
2039,2047
2056,2080
2063,2088
2069,2015
2063,2015
2075,2063
2073,2043
2085,2023
2085,2053
2094,2029
2103,2090
2106,2023
2108,2011
2114,2079
2123,2033
2125,2038
2131,2063
2137,2042
2139,2028
2143,2035
2146,2079
2148,2019
2139,2064
2153,2063
2143,2027
2152,2002
2148,2066
2143,2071
2146,1976
2144,2012
2133,2041
2135,2057
2136,2071
2125,2075
2128,2027
2126,2009
2117,2045
2116,2019
2112,2066
2108,2075
2107,2055
2093,2031
2100,2025
2076,2082
2083,2033
2085,2053
2077,2075
2071,2005
2065,2023
2065,2043
2045,2021
2035,2042
2039,2054
2037,2079
2027,2077
2025,2063
2030,2021
2015,2055
2012,2009
2005,2044
2015,2024
2013,2011
2007,2057
2017,2041
1995,2048
2008,2008
2006,2023
2008,2047
2011,2007
2001,2072
2005,2044
2003,2029
2016,2063
2015,2071
2018,2056
2024,2043
2029,2064
2007,2018
2039,2070
2036,2013
2045,2037
2047,1999
2056,2007
2061,2013
2057,2073
2074,2019
2074,2005
2079,2025
2075,2080
2090,2017
2096,2073
2107,2068
2107,2019
2105,2070
2116,2039
2115,2015
2110,2008
2121,2055
2127,2052
2137,1980
2139,2040
2148,2025
2141,2003
2152,2038
2135,2053
2143,2055
2151,2042
2157,2023
2143,2035
2148,2015
2155,2009
2147,2015
2145,2036
2143,2009
2146,2057
2145,2021
2137,2059
2135,2073
2131,2005
2132,2019
2125,2058
2123,2040
2115,2055
2111,2079
2099,2053
2099,2057
2095,2056
2081,2041
2074,2066
2075,2051
2076,2005
2065,2073
2063,1995
2056,2044
2055,2034
2035,2068
2032,2035
2037,2063
2025,2019
2024,2009
2016,2035
2008,2080
1997,2076
2003,2026
1991,2063
1999,2067
1992,2068
1993,1996
2007,2057
1996,2019
1998,2043
1993,2076
1995,2060
1995,2021
1999,2044
2000,2009
2001,2023
2012,2006
2011,2071
2013,2042
2007,2043
2023,2027
2020,2063
2031,2017
2032,2015
2037,2020
2035,2060
2037,2059
2056,2056
2061,2055
2060,2055
2076,2015
2072,2002
2083,2025
2087,2035
2093,1992
2096,2003
2107,2091
2108,2063
2105,2057
2120,2052
2127,2026
2125,2015
2131,2047
2136,2067
2136,2064
2136,2029
2147,2043
2150,2052
2147,2072
2145,2054
2158,2071
2151,2021
2153,2054
2149,2039
2149,2036
2159,2060
2147,2027
2145,2047
2149,2035
2138,2019
2134,2019
2137,2054
2117,2048
2129,2021
2122,2037
2119,2043
2116,2067
2110,2025
2099,2021
2097,2030
2093,2063
2092,2018
2084,2007
2059,2038
2065,2019
2067,2004
2041,2061
2059,2074
2044,2039
2037,2044
2032,2023
2021,2066
2017,2052
2019,2021
2013,1991
2007,2054
2009,2057
2008,2046
2002,2022
2004,2032
2003,2065
1999,2066
1988,2044
1996,2017
1989,2021
1996,2037
1997,2035
1997,2051
1991,2060
2004,2009
2000,2055
1999,2064
2001,1978
2005,2073
2016,2060
2017,2063
2025,2013
2025,2005
2029,2056
2036,1999
2040,2078
2056,2053
2053,2027
2059,2080
2068,2063
2073,2035
2076,2019
2083,2007
2083,2009
2088,2023
2093,2035
2091,2015
2103,2039
2108,2035
2123,2027
2119,2029
2121,2058
2122,2040
2140,2033
2137,2008
2143,2069
2144,2019
2153,2027
2149,2035
2154,2056
2155,2025
2155,2056
2149,2059
2152,2056
2153,2037
2154,2039
2150,2031
2147,2065
2148,2029
2144,2044
2135,2079
2140,2056
2131,2058
2130,1995
2123,2023
2123,2039
2118,2041
2105,2079
2103,2063
2096,2032
2099,2062
2088,2022
2079,2072
2078,2041
2065,2067
2069,2059
2055,2043
2043,2043
2048,2065
2048,2007
2033,2063
2031,2074
2031,2011
2019,2035
2016,2069
2012,2041
2005,2077
2008,2065
2004,2034
1999,2046
2008,2023
2003,2023
2000,2068
1993,2020
1991,2064
1999,2047
1995,2023
2001,1993
2002,2067
2004,2060
2008,2015
2012,2057
2016,2022
2018,2027
2017,2055
2022,1987
2029,2025
2027,2018
2033,2063
2029,2063
2024,2035
2043,2045
2057,2011
2063,2043
2063,2037
2071,2042
2083,2017
2083,2060
2086,2036
2095,2089
2093,2036
2097,2048
2109,2073
2110,2024
2118,2042
2123,2028
2125,2001
2127,2044
2123,2063
2140,2040
2136,2005
2144,2020
2146,2065
2139,2039
2149,2039
2149,2033
2151,2065
2149,2063
2144,2071
2143,2078
2144,2071
2135,2060
2133,2031
2137,2039
2124,2033
2123,2055
2125,2058
2113,2056
2103,2063
2106,2055
2108,2057
2101,2071
2093,2035
2085,2040
2089,2045
2086,2045
2083,2055
2069,2060
2063,2044
2061,2079
2053,2039
2035,2063
2040,2067
2027,2035
2029,2060
2025,2021
2023,2035
2015,2063
2012,2035
2015,2036
2000,2021
2003,2033
1993,2021
1987,2067
1989,2068
1987,2023
1995,2006
1989,2072
1984,1995
1993,2021
1996,2047
1994,2037
2000,2047
2003,2063
1992,2069
2006,2060
1995,2057
2008,2055
2009,2046
2011,2052
2009,2025
2019,2039
2027,2024
2032,2021
2029,2021
2039,2071
2047,2069
2057,2043
2059,2043
2068,2021
2069,2041
2077,2048
2081,2054
2088,2025
2090,2019
2096,2019
2097,2038
2101,2037
2103,2005
2108,2048
2119,2034
2127,2044
2136,2012
2131,2071
2139,2024
2140,2021
2139,2021
2144,2052
2140,2010
2143,2042
2145,2008
2147,2023
2147,2058
2144,2021
2150,2017
2137,2029
2139,2035
2138,2033
2135,2054
2125,2063
2130,2063
2130,2089
2124,2067
2117,2039
2121,2053
2107,2029
2107,2071
2103,2031
2101,2056
2090,2063
2080,2017
2072,2035
2068,2075
2063,2057
2068,2051
2063,2072
2040,2073
2054,2002