2108,2020
2101,2035
2107,2062
2117,2044
2121,2040
2127,2008
2120,2037
2132,2027
2138,2009
2131,2055
2133,2039
2135,2055
2147,2060
2152,2056
2147,2015
2149,2063
2147,2023
2155,2044
2144,2015
2140,2056
2147,2071
2135,2057
2129,2053
2135,2077
2128,2065
2131,2077
2123,2018
2108,2087
2107,2039
2111,2035
2104,2037
2087,2041
2091,2076
2090,2076
2087,2026
2085,2063
2077,2068
2072,2063
2071,2039
2062,2067
2051,2055
2041,2043
2036,2029
2027,2067
2020,2028
2013,2069
2015,2015
2011,2071
2005,2072
2012,2046
2005,2023
2004,2063
1998,2003
1995,2053
1989,2081
1996,2042
1981,2076
1992,2003
1991,2074
1993,1992
1996,2048
1974,2072
1999,2013
1997,2035
2008,2057
2006,2024
2007,2053
2012,2063
2014,2015
2019,2029
2018,2037
2023,2055
2032,2035
2036,2075
2043,2040
2055,2073
2043,2023
2063,2027
2070,2069
2075,2059
2081,2034
2077,2036
2088,2046
2077,2028
2097,1995
2094,1999
2101,2061
2105,2005
2116,2027
2125,2072
2123,2056
2131,1993
2135,2065
2135,2063
2133,2023
2139,2066
2140,2084
2143,2042
2142,2027
2146,2011
2137,2079
2139,2080
2143,2093
2135,2054
2143,2068
2135,2070
2129,2056
2127,2019
2124,2019
2117,2046
2109,2019
2112,2035
2114,2075
2099,2069
2104,2037
2087,2023
2091,2025
2085,2039
2070,2040
2065,2071
2063,2060
2064,2040
2057,2069
2041,2073
2027,2051
2032,2009
2027,2023
2019,2063
2024,2080
2011,2047
2010,2026
1999,2054
2004,2035
1999,2040
1999,2068
1997,2005
1995,2063
1989,2021
1982,2056
1980,2009
1975,2035
1983,2056
1984,2007
1975,2072
1979,2021
1980,2056
1984,2027
1987,2053
1996,2080
1998,2071
2003,2058
2000,2063
2008,2037
2014,2035
2019,2015
2015,2007
2023,2072
2021,2051
2033,2040
2039,2029
2051,2025
2058,2058
2063,2042
2063,2091
2063,2012
2073,2037
2075,2027
2081,2019
2099,2046
2096,2068
2100,2063
2099,2044
2115,2039
2119,2029
2123,2046
2123,2027
2134,2009
2128,2072
2131,2056
2136,2040
2132,2056
2140,1996
2143,2072
2144,2038
2134,2048
2142,2063
2144,2075
2136,2044
2127,2071
2136,2063
2120,2042
2128,2043
2129,2063
2125,2075
2116,2070
2107,2056
2112,2035
2114,2035
2103,2036
2096,2041
2088,2017
2083,2088
2087,2003
2075,2064
2065,2054
2067,2066
2055,2048
2054,2058
2041,2063
2036,2034
2023,2003
2028,2019
2021,2063
2011,2059
2011,2039
2004,2060
2010,2072
2008,2059
1995,2063
1996,2012
1994,2063
1987,2075
1991,2040
1995,2053
1993,2066
1992,2017
1989,2053
1982,2034
1995,2021
1992,2068
1991,2027
1994,2072
1996,2083
1992,2032
2007,2034
2015,2005
2004,2025
2019,2077
2025,2080
2015,2063
2021,2040
2028,2041
2039,2079
2035,2047
2056,2077
2063,2035
2059,2060
2063,2009
2072,2051
2079,2039
2084,2063
2085,2021
2083,2021
2089,2023
2103,2028
2109,2048
2112,2072
2115,2011
2117,2057
2119,2029
2127,2075
2133,2004
2127,2020
2139,2011
2135,2033
2131,2032
2142,2001
2143,2060
2143,2025
2140,2053
2135,2076
2138,2004
2137,2080
2137,2009
2125,2025
2132,2025
2128,2063
2127,2061
2108,2065
2121,2051
2105,2020
2104,2023
2097,2080
2102,2036
2087,2043
2081,2040
2088,2031
2084,2044
2071,2078
2071,2011
2053,2041
2063,2044
2039,2066
2039,2069
2035,2071
2025,2080
2026,2007
2013,2072
2017,2019
2010,2080
2000,2056
2003,2063
1992,2025
1981,2032
1992,2024
1993,2056
1987,2037
1987,2075
1992,2009
1988,2071
1987,2099
1977,2031
1984,2060
1993,2048
1977,2058
1996,2011
1995,2033
1992,2072
1995,2038
1997,2070
2001,2040
2004,2066
2003,2019
2008,2038
2011,2048
2019,2065
2031,2031
2029,2021
2041,2019
2046,2024
2056,2021
2056,2039
2067,2044
2073,1995
2071,2025
2077,2038
2083,2084
2089,2063
2096,2032
2101,2015
2103,2051
2101,2063
2110,2060
2123,2075
2123,2011
2127,2027
2125,2035
2137,2065
2137,2059
2142,2048
2136,2035
2139,2021
2135,2066
2139,2043
2139,2053
2141,2080
2137,2042
2133,2063
2136,2042
2135,2024
2127,2048
2123,2017
2128,2028
2115,2041
2112,2059
2112,2044
2104,2060
2103,2052
2100,2028
2096,2015
2083,2038
2087,2039
2071,2056
2069,2065
2063,2039
2045,2042
2055,2060
2041,2021
2043,2037
2035,2056
2029,2039
2015,2072
2016,2029
2015,2058
2013,2020
1993,2072
2004,2072
1991,2075
1997,2001
1984,2013
1991,2073
1993,2071
1992,2034
1979,2058
1985,2027
1996,2048
1997,2024
1997,2040
2001,2045
1991,2020
1999,2036
2004,2017
2007,2021
2001,2003
2007,2063
2008,2065
2023,2039
2020,2035
2024,2035
2023,2029
2033,2012
2038,2018
2044,2025
2041,2068
2060,2036
2055,2003
2057,2037
2065,2059
2081,2087
2081,2031
2084,2076
2096,2043
2099,2063
2101,2039
2100,2063
2107,2040
2119,2015
2130,2051
2137,2076
2131,2075
2131,2067
2137,2048
2151,2026
2146,2062
2152,2032
2145,2003
2149,2025
2148,2069
2152,2007
2155,2007
2151,2068
2151,2071
2145,2061
2147,2024
2139,2035
2142,2070
2135,2040
2122,2012
2125,2037
2119,2039
2124,2027
2116,2072
2108,2055
2104,2072
2104,2029
2093,2026
2092,2088
2091,2068
2079,2079
2071,2084
2069,2059
2067,2017
2056,2019
2055,2045
2031,2059
2040,2041
2033,2001
2025,2063
2016,2044
2008,2063
2012,2027
2017,2030
2007,2042
2005,2029
2006,2028
2003,2030
1999,2058
1995,2035
1987,2005
1989,2056
1991,2063
1996,2015
1991,2078
1992,1999
1993,2071
1997,2036
2008,2063
2012,2065
2007,2011
2016,2027
2021,2025
2025,2058
2019,2055
2026,2009
2036,2053
2044,2029
2053,2040
2056,2065
2056,2039
2063,2024
2063,2066
2071,2038
2073,2048
2089,2042
2089,2063
2094,2076
2099,2061
2101,2019
2104,2021
2109,2037
2112,2025
2117,2001
2131,2025
2127,2067
2138,2026
2137,2070
2139,2012
2145,2044
2143,2063
2145,2043
2148,2077
2148,2019
2147,2071
2148,2037
2148,2072
2141,2048
2143,2040
2138,2017
2138,2023
2131,2068
2130,2079
2131,2063
2123,2044
2119,2040
2109,2071
2099,2043
2099,2047
2104,2041
2088,2022
2081,2019
2083,2039
2076,2022
2068,2082
2068,2040
2063,2060
2045,2073
2044,2075
2041,2039
2041,2023
2021,2039
2023,2077
2020,2063
2014,2091
2010,2065
1997,2057
1999,2021
1999,2036
2001,2063
1989,2055
2001,2043
1994,2029
1985,2053
1987,2027
1989,2067
1992,2036
1992,2011
1992,2039
1980,2075
1996,2088
1995,2072
1995,2056
2007,2067
2004,2043
1997,2043
2014,2067
2010,2042
2007,2055
2023,2030
2031,2088
2036,2077
2033,2032
2035,2063
2054,2063
2043,2019
2064,2039
2063,2045
2063,2039
2081,2027
2081,2048
2080,2018
2095,2011
2098,2047
2096,2088
2104,2040
2101,2011
2108,2063
2122,2017
2115,2029
2131,2047
2125,2043
2133,2019
2135,2030
2125,2039
2138,2008
2131,2017
2149,2039
2133,2072
2135,2036
2129,2057
2132,2088
2124,2069
2135,2034
2135,2095
2131,2068
2127,2060
2120,2064
2110,2007
2099,2064
2103,2023
2102,2017
2095,1993
2089,2020
2091,2009
2075,2054
2069,2063
2068,2077
2066,2072
2063,2046
2037,2070
2046,2063
2033,2079
2039,2041
2021,2026
2024,2079
2019,2041
2009,2077
2013,2063
2005,2048
1995,2063
1995,2070
1979,2054
1989,2046
1995,2011
1981,2027
1997,2088
1984,2068
1984,2080
1977,2037
1991,2025
1984,2035
1987,2068
1992,2070
1999,2055
1996,2048
2008,2019
2005,2063
2013,2029
2010,2015
2022,2055
2023,2037
2019,2080
2024,2063
2032,2019
2033,2035
2035,2013
2041,2009
2060,2018
2071,2056
2063,2012
2069,2072
2077,2064
2080,2042
2088,2039
2101,2024
2096,2053
2093,2060
2108,2058
2112,2044
2124,2042
2123,2053
2127,2069
2132,2047
2136,2040
2140,2057
2137,2017
2135,2019
2148,2039
2143,2065
2151,2057
2137,2043
2147,2076
2148,2025
2143,2046
2149,2079
2145,2056
2135,2036
2139,2064
2130,2071
2129,2035
2121,2068
2125,2078
2125,2038
2109,2056
2112,2076
2111,2088
2104,2055
2100,2048
2087,2060
2088,2056
2075,2073
2075,2044
2067,2057
2058,2056
2059,2017
2057,2042
2053,2039
2039,2068
2031,2038
2035,2024
2023,2058
2011,2011
2015,2037
2005,2076
2011,2017
2014,2079
1980,2025
2001,2027
1995,2025
1991,2058
1994,2027
1989,2056
1992,2084
2004,2043
1987,2061
1992,2041
2002,2091
2007,2035
2005,2023
2008,2040
2011,2011
2011,2037
2015,2024
2015,2011
2024,2077
2028,2052
2037,2044
2031,2017
2041,2072
2056,2072
2063,2054
2067,2007
2063,2053
2071,2064
2086,2068
2087,2048
2096,2076
2099,2068
2100,2011
2109,2041
2101,2007
2109,2077
2119,2024
2124,2022
2131,2027
2131,2071
2132,2055
2133,2040
2144,2056
2143,2066
2155,2047
2141,2075
2147,2007
2153,2046
2151,2045
2156,2053
2152,2054
2149,2010
2157,2057
2151,2055
2152,2048
2143,2058
2143,2032
2143,2058
2122,2068
2135,2024
2124,2033
2119,2029
2119,1999
2107,2063
2105,2069
2095,2070
2096,2029
2091,2020
2081,2065
2080,2070
2063,2021
2070,2053
2063,2021
2041,2042
2041,2025
2032,2043
2023,2046
2029,2064
2022,2039
2025,2065
2012,2065
2010,2035
2002,2070
1991,2039
1995,2027
1996,2038
1993,2063
1989,2048
1993,2045
1992,2028
1993,2064
1979,2003
1991,2031
1992,2053
1979,2071
1994,2045
1995,2028
1998,2074
2000,2064
2004,2043
2003,2076
2009,2005
2008,2056
2015,2027
2023,2019
2019,2056
2028,2065
2035,2038
2040,2053
2041,2080
2063,2023
2069,2018
2065,2048
2070,2048
2075,2038
2079,2035
2091,2009
2098,2056
2096,2023
2103,2056
2107,2019
2112,2017
2115,2055
2109,2065
2129,2062
2123,2074
2137,2075
2140,2029
2146,2009
2137,2009
2139,2010
2143,2063
2145,2039
2149,2080
2138,2005
2152,2027
2149,2037
2149,2029
2147,2063
2148,2067
2135,2044
2140,2017
2134,2070
2126,2028
2132,2005
2120,2040
2112,2011
2100,2037
2099,2027
2103,2037
2096,2020
2088,2061
2085,2033
2083,2033
2067,2045
2064,2063
2066,1993
2057,2061
2039,2057
2040,2080
2039,2074
2031,2058
2032,2039
2013,2067
2014,2021
2009,2036
1993,2041
2003,2031
1996,2041
1995,2071
1999,2023
1999,2076
1996,2077
1991,2080
1994,2027
1993,2054
1993,2024
1996,2055
1975,2028
1991,1992
1988,2056
1995,2023
1995,2059
1997,2027
2005,2071
2007,2066
2008,2039
2016,2033
2023,2045
2019,2011
2025,2051
2027,2027
2041,2069
2044,2044
2057,2080
2066,2022
2065,2052
2073,2003
2075,1993
2077,2027
2087,2055
2089,2063
2092,2063
2103,2007
2121,2011
2119,2068
2127,2008
2132,2006
2135,2017
2137,2069
2141,2068
2143,2075
2138,2025
2144,2039
2138,2056
2152,2011
2157,2027
2160,2041
2153,2040
2155,2037
2157,2048
2157,2059
2152,2027
2141,2015
2149,1988
2139,2068
2135,2040
2140,2027
2135,2027
2130,2032
2123,2039
2117,2007
2105,2039
2101,2063
2104,2040
2091,2063
2087,2073
2077,2017
2079,2068
2069,2007
2059,2045
2057,2048
2039,2006
2027,2036
2031,2051
2024,2064
2019,2023
2016,2072
2008,2040
2009,2039
2007,2029
2003,2065
2002,2011
1987,2047
1983,2051
1986,2071
1987,2028
1976,2006
1982,2056
1974,2068
1986,2028
1979,2027
1979,2071
1978,2041
1981,2057
1977,2065
1987,1997
1978,2071
1992,2067
1996,1996
1997,2027
2007,2048
2005,2057
2014,1992
2014,2054
2013,2042
2022,1997
2029,2013
2029,2015
2029,2029
2040,2088
2052,2009
2045,2019
2063,2022
2067,2051
2068,2067
2079,2063
2078,2072
2088,2031
2094,2063
2100,2071
2104,2040
2110,2018
2105,2048
2112,2011
2109,2025
2116,2055
2115,2056
2123,2045
2120,2005
2125,2037
2128,2054
2130,2025
2121,2028
2131,2034
2124,2071
2119,2022
2128,2040
2122,2024
2113,2024
2108,2039
2105,2027
2106,2023
2094,2041
2097,2040
2083,2060
2088,2017
2077,2033
2075,2066
2070,2021
2063,2055
2044,2026
2051,2068
2035,2072
2027,2077
2029,2035
2027,2031
2015,2033
2015,2041
2006,2055
2006,2042
2003,2059
1995,2037
1980,2068
1984,2055
1975,2010
1975,2065
1974,2080
1975,2066
1963,2075
1969,2036
1971,2079
1975,2019
1969,2071
1975,2048
1975,2071
1975,2044
1975,2070
1975,2035
1976,2047
1976,2073
1995,2043
1990,2071
1996,2088
1993,2071
2001,2077
2005,2051
2017,2042
2009,2039
2025,2037
2039,2030
2029,2056
2041,2029
2059,2070
2066,2041
2069,2058
2073,2065
2088,2070
2092,2055
2091,2024
2085,2044
2105,2072
2106,2059
2119,2071
2115,2075
2129,2056
2140,2007
2140,2023
2143,2005
2144,2042
2147,2063
2154,2015
2139,2062
2154,2029
2153,2036
2151,2025
2151,2027
2152,2019
2156,2053
2153,2073
2148,2056
2151,2057
2140,2065
2146,2057
2141,2028
2138,2077
2137,2040
2123,2077
2121,2079
2124,2027
2120,2071
2119,2080
2103,2068
2103,2034
2100,2026
2085,2018
2076,2019
2076,2055
2069,2032
2068,2033
2056,2007
2053,2037
2041,2063
2031,2075
2029,2003
2013,2069
2023,2069
2007,1999
2003,2080
2007,2056
2000,2011
1997,2072
1997,2048
2001,2055
2001,2029
1993,2080
1995,2061
1996,2022
1991,2013
1984,2059
1993,2089
1987,2063
1992,2027
1991,2059
2005,2041
1993,2007
2004,2036
2007,2068
2008,2071
2008,2047
2010,2079
2020,2036
2026,2062
2028,2071
2035,2043
2027,2035
2051,2036
2055,2012
2063,2024
2067,2071
2072,2066
2079,2059
2085,2071
2091,2079
2093,2024
2103,2039
2107,2039
2107,2030
2120,2013
2109,2037
2125,2045
2132,2060
2137,2060
2133,2007
2143,2025
2143,2041
2139,2022
2141,2055
2153,2044
2149,2055
2160,2028
2152,2019
2152,2033
2154,2051
2138,2060
2148,2066
2136,2066
2147,2034
2131,2040
2125,2043
2132,2063
2121,2024
2125,2033
2120,2063
2114,2048
2103,2023
2103,2054
2096,2009
2083,2059
2081,2054
2074,2060
2065,2066
2069,2025
2063,2037
2056,2029
2037,2063
2036,2068
2032,2075
2024,2007
2025,2056
2014,2067
2005,2030
1993,2040
1998,2063
1992,2020
1990,2058
1989,2037
1983,2044
1979,2069
1976,2058
1973,2058
1977,2035
1975,2054
1977,2072
1982,2008
1977,2063
1979,2029
1981,2058
1977,2068
1993,2029
1983,2063
1990,2064
1995,2035
1999,2040
2006,2037
1997,2033
2004,2047
2001,2056
2007,2056
2007,1999
2019,2089
2028,2027
2030,2051
2040,2080
2042,2007
2053,2065
2063,2019
2066,2033
2071,2059
2075,2001
2080,2029
2089,2053
2085,2047
2099,2071
2101,2023
2108,2030
2095,2042
2116,2033
2122,2005
2123,2052
2120,2068
2117,2035
2116,2024
2137,2015
2119,2067
2128,2073
2128,2007
2129,2039
2115,2041
2119,2043
2119,2097
2116,2060
2113,2041
2108,2073
2112,2084
2111,2015
2098,2107
2100,2096
2087,2071
2079,2054
2087,2028
2079,1993
2078,2045
2074,2036
2067,2045
2063,2048
2059,2072
2043,2052
2028,2072
2032,2021
2027,2046
2019,2021
2017,2046
2018,2018
2003,2028
1995,2011
1996,2071
1995,2005
1993,2063
1992,2037
1993,2067
1977,2047
1977,2075
1975,2025
1982,2012
1977,2036
1983,2057
1975,2064
1972,2043
1982,2055
1977,2093
1977,1997
1977,2054
1992,2039
1994,2043
1994,2075
1998,2069
2000,2029
2010,2040
2011,2037
2007,2037
2011,2037
2025,2039
2022,2011
2019,2029
2029,2063
2036,2063
2040,1979
2046,1980
2063,2064
2064,2080
2065,2059
2073,2056
2087,2024
2080,2046
2075,2027
2085,2063
2095,2036
2093,2027
2111,2031
2114,2044
2115,2036
2121,2063
2123,2035
2123,2029
2131,2011
2134,2041
2140,2025
2138,2023
2129,2008
2136,2016
2135,2063
2131,2044
2135,2040
2127,2043
2129,2072
2120,2037
2114,2041
2118,2021
2125,2058
2117,2018
2110,2038
2104,2035
2110,2032
2091,2058
2093,2073
2093,2033
2086,2075
2086,1993
2069,1993
2075,2048
2069,2030
2066,2011
2063,2096
2054,2055
2041,2033
2041,2017
2027,2040
2033,2021
2033,2019
2015,2059
2016,2074
2020,2093
2012,2025
2005,2063
2006,2072
2002,2043
1993,2046
1998,1971
2000,2027
2003,1991
1989,2067
1997,2039
1999,2002
1999,2093
1990,2091
2002,2043
2007,2052
2007,2079
2011,2057
2012,2042
2012,1994
2017,2040
2023,2015
2023,2033
2030,2017
2028,2029
2033,2009
2034,2041
2045,2048
2045,2029
2054,2027
2060,2054
2067,1991
2065,2028
2074,2072
2082,2040
2074,2023
2092,2009
2090,2035
2093,2048
2103,2005
2105,2045
2105,2079
2112,2105
2120,2063
2124,2023
2119,2053
2133,2067
2129,2037
2135,2041
2138,2035
2138,2025
2138,2044
2145,2032
2143,2027
2133,2017
2125,1996
2136,2054
2136,2034
2127,2036
2128,2039
2127,2025
2120,2029
2117,2027
2115,2007
2105,2021
2105,2065
2095,2035
2101,2038
2095,2019
2084,1987
2087,2056
2067,2072
2072,2071
2067,2019
2062,2044
2052,2080
2044,2059
2029,2039
2015,2045
2030,2063
2016,2037
2012,2072
2003,2063
1997,2005
2003,2039
1991,2064
1981,2027
1992,2031
1973,2055
1980,2072
1977,2045
1971,2057
1973,2094
1971,2080
1983,2015
1981,2076
1967,2079
1969,2043
1980,2013
1984,2011
1988,2035
1987,2064
1984,2057
1996,2089
1998,2033
2007,2021
2005,2029
2011,2072
2018,2019
2024,2042
2021,2029
2028,2022
2030,2091
2045,2028
2043,2063
2055,2085
2063,2073
2070,2015
2078,2009
2069,2024
2080,2035
2088,2055
2087,2089
2100,2061
2102,2021
2113,2013
2114,2063
2117,2104
2124,2069
2125,2041
2131,2032
2133,2016
2143,1981
2131,2043
2143,2095
2140,2008
2152,2003
2144,2044
2140,2027
2133,2071
2131,2095
2136,2068
2133,2060
2136,2013
2125,2015
2123,2001
2108,2035
2116,2020
2107,2055
2100,2033
2105,2003
2100,2060
2085,2069
2088,2063
2085,2017
2077,2025
2067,2027
2063,2055
2055,2030
2063,2063
2045,2067
2044,2073
2029,2057
2023,2035
2015,2041
2027,2041
2022,2053
2007,2071
2008,2029
2007,2053
2001,2040
1997,2035
1991,2056
2000,2017
1987,2012
1993,2079
1981,2063
1993,2060
1992,1989
2001,2031
1987,2073
1992,2088
1999,2093
1992,2069
2003,2039
2010,2035
2013,2011
2014,2017
2017,2057
2019,2059
2029,2034
2040,2019
2033,2017
2044,2075
2053,1989
2055,2007
2053,2026
2063,2007
2067,2030
2071,2088
2079,2080
2079,2103
2088,2089
2093,2001
2103,2044
2105,2015
2107,2001
2107,2066
2112,2065
2124,2016
2129,2016
2132,2021
2139,2015
2145,2033
2144,2071
2151,2051
2148,2019
2152,2042
2149,2040
2147,2013
2151,2059
2151,2020
2144,2034
2146,2019
2137,2040
2138,2011
2127,2075
2117,2074
2121,2065
2124,2028
2126,2007
2109,2060
2112,2069
2108,2011
2091,2008
2091,2005
2092,2034
2087,2058
2067,2103
2071,2081
2063,2057
2060,1995
2037,2069
2039,2101
2027,2025
2027,2013
2035,2045
2028,2035
2015,2040
2012,2072
1999,2043
2006,2083
1997,2084
1988,2040
1984,2054
1989,2005
1990,2040
1972,2055
1977,2089
1968,2070
1975,2034
1978,2023
1978,2025
1971,2072
1977,2040
1988,2041
1965,1996
1977,2026
1981,2085
1979,2079
1989,2007
1984,1992
1998,2019
1991,2060
2004,2065
2007,2030
2009,2091
2015,2044
2028,2027
2023,2062
2020,1987
2035,2063
2036,2121
2036,2076
2055,2045
2044,2021
2063,2013
2075,2008
2072,2044
2068,2096
2078,2056
2075,2071
2089,2041
2092,1993
2090,1977
2099,2009
2103,2063
2114,2083
2108,2088
2107,2041
2115,2037
2120,2021
2120,2025
2120,2055
2125,2031
2123,2056
2128,2012
2112,1996
2123,2063
2110,2035
2121,2120
2120,2057
2110,2025
2110,2022
2099,2027
2093,2023
2095,2060
2088,2027
2088,2004
2088,2039
2083,2044
2073,2055
2071,2076
2068,2042
2063,2048
2048,1995
2037,2009
2039,2043
2024,2026
2032,2051
2019,2040
2022,1987
2005,2072
2014,2076
2005,2104
2002,2097
1993,2085
1992,2068
1982,2067
1977,2068
1977,2019
1979,2056
1981,2067
1977,2005
1972,2032
1963,2034
1976,2005
1965,2007
1968,2019
1973,2086
1971,2103
1963,2047
1976,2044
1977,2033
1971,2072
1989,2075
1979,2040
1996,2042
1989,2020
1995,2019
1999,2075
2015,2086
2013,2028
2013,2040
2021,2005
2025,2033
2025,2027
2039,2019
2056,2065
2056,2012
2057,1995
2063,2015
2072,2007
2073,2079
2083,2055
2088,2040
2089,2011
2088,2076
2108,2051
2104,2029
2098,2003
2108,2011
2103,2077
2108,2063
2115,1998
2129,2058
2133,2088
2135,2112
2136,2088
2135,2024
2129,2045
2140,2041
2140,2073
2136,2063
2133,2029
2125,2021
2136,2048
2133,1994
2124,2001
2121,2058
2123,2041
2111,2084
2108,2062
2102,2037
2099,2022
2094,2056
2077,2037
2083,2068
2079,2079
2076,2036
2069,2017
2056,2077
2067,2089
2040,2095
2036,2032
2041,2025
2031,1961
2030,2004
2018,2024
2015,2043
2005,2039
2015,2067
1999,2027
2001,2011
1996,2057
1993,2074
1994,2033
1995,2032
1992,1994
1979,2005
1983,2039
1984,2136
1991,2080
1989,2021
1972,1961
1993,1973
1991,1943
1989,2019
1995,2029
1995,2061
2000,1995
1997,2046
2011,2035
2015,2090
2005,2087
2009,2075
2023,2022
2032,2043
2039,2040
2041,2007
2044,2059
2051,2052
2063,2068
2063,2066
2075,2055
2083,2036
2079,2021
2084,2063
2090,2019
2099,2053
2092,2083
2095,2089
2099,2096
2104,2052
2112,2008
2112,1990
2119,2053
2125,2060
2131,2096
2131,2019
2132,2011
2135,2076
2132,2071
2136,2030
2146,2063
2135,2036
2129,2017
2130,2035
2130,2016
2127,2008
2124,2080
2124,2088
2120,2063
2110,2063
2111,2044
2107,1971
2104,2011
2100,2072
2096,2103
2088,2063
2088,2093
2081,2018
2079,1943
2072,1958
2064,2029
2063,1993
2043,2080
2052,2057
2033,1965
2029,2019
2031,2001
2017,2076
2003,2071
2018,2082
2001,2077
2001,1982
2007,2007
1996,2048
1991,2088
1992,2073
1992,2075
1991,2104
1968,2063
1977,2007
1975,2072
1983,2081
1987,2017
1990,2037
1984,2015
1992,2021
1991,2043
1982,2093
1995,2071
1991,2068
2002,2064
2009,2107
2010,2033
2003,2042
2011,2048
2015,2028
2024,2030
2028,2019
2036,2043
2025,2103
2032,2081
2045,2021
2063,1973
2057,2033
2071,2035
2067,2079
2073,2093
2089,2063
2097,1991
2093,1977
2100,2003
2104,2055
2115,2091
2116,2062
2119,1967
2121,2015
2131,2032
2124,2027
2133,2051
2129,2108
2129,2095
2143,2067
2140,2023
2146,2006
2139,2034
2145,2043
2144,2032
2144,2040
2142,1996
2135,2005
2143,2092
2132,2029
2136,2037
2124,2023
2103,2069
2123,2073
2112,2039
2114,2011
2103,2011
2098,2010
2091,2079
2093,2060
2088,2001
2075,2017
2072,2013
2071,2030
2063,2065
2060,2073
2042,2088
2039,2074
2035,2068
2033,2017
2032,2028
2019,2063
2015,2041
2017,2117
2013,2038
1996,2067
2009,2063
2007,2087
1996,2096
1999,2071
2000,2063
1995,2075
1991,2047
1995,2052
1997,2035
1981,2045
1991,2025
2003,2079
1999,1999
2004,1981
1995,1913
2011,2005
2008,2077
2016,2105
2019,2101
2019,2074
2024,2042
2036,1997
2027,2019
2037,2048
2052,2063
2048,2071
2055,2001
2063,2018
2066,2001
2067,2047
2075,2093
2090,2120
2091,2039
2092,2023
2101,2080
2104,2067
2108,2069
2117,2027
2117,2023
2121,2039
2130,2030
2137,1989
2143,2064
2143,2055
2147,2023
2143,2031
2152,2039
2152,2060
2150,2068
2150,2066
2153,2080
2143,2083
2153,2070
2155,2025
2143,2072
2145,2103
2145,2082
2138,2056
2127,2076
2133,2088
2135,2053
2127,2089
2124,2066
2110,2063
2109,2047
2103,1971
2096,2015
2095,2027
2077,1997
2087,2048
2071,2027
2071,2011
2065,2045
2065,2021
2055,2039
2057,2083
2033,2063
2029,2075
2029,2055
2023,2092
2023,2025
2016,1989
1995,1984
2008,2072
2004,2056
2000,2082
1993,2054
1991,2035
1984,2063
2000,1996
1992,2015
1984,2112
1990,2113
1990,2072
1987,2046
1993,1977
1996,2039
1999,2019
1995,2027
2008,2013
2005,2036
2011,2031
2011,2024
2012,2080
2019,2071
2020,2075
2028,2041
2035,2008
2029,1947
2034,1995
2054,2053
2063,2085
2071,2080
2072,2064
2067,2080
2077,2073
2085,2063
2085,2045
2089,2096
2099,2091
2108,2035
2101,2073
2115,2011
2116,2011
2123,2024
2123,2080
2123,2108
2131,2091
2131,2011
2129,1980
2143,1999
2143,2003
2143,2003
2148,2057
2145,2095
2145,2070
2147,2048
2140,2035
2142,2024
2141,2072
2139,2139
2136,2037
2128,2069
2121,2016
2131,2000
2120,2004
2110,2041
2110,2081
2096,2040
2093,2065
2088,2003
2084,1976
2080,1975
2071,2084
2069,2088
2064,2101
2055,2057
2034,2009
2039,2027
2036,2040
2024,2042
2022,2089
2012,2014
2004,1991
2004,2007
1995,2014
2000,2032
1987,2100
1979,2112
1988,2063
1979,2063
1971,2017
1969,1997
1975,2056
1969,2059
1964,2026
1974,2043
1966,2095
1968,2034
1963,2029
1964,2043
1973,2060
1980,2020
1977,1997
1980,1979
1989,2029
1989,2104
1997,2095
2001,2053
2007,2090
1999,2091
2005,2095
2019,2085
2022,2069
2023,2092
2035,2081
2029,2080
2045,2043
2041,2055
2055,1941
2063,2060
2072,2025
2076,2047
2078,2058
2087,2079
2082,2040
2089,2019
2107,2037
2100,2055
2105,2017
2120,1961
2115,2066
2125,2071
2121,2029
2127,2026
2136,1961
2137,2010
2137,1988
2143,2063
2135,2073
2129,2071
2132,2000
2135,2024
2139,2021
2128,2039
2127,2091
2127,2024
2119,1975
2122,2041
2115,2077
2115,2099
2107,2065
2097,2080
2100,2054
2094,1943
2090,2023
2085,2063
2077,2019
2071,2053
2059,2079
2059,2046
2062,2013
2058,2052
2037,2095
2039,2088
2024,2060
2021,1995
2025,2080
2009,2017
2008,2017
2008,2111
2007,2094
1981,2093
1996,2067
2000,2065
1991,2063
1995,2069
1984,2028
1975,2053
1984,2001
1984,1993
1981,2040
1980,2037
1977,2001
1979,2037
1977,1989
1991,2078
1992,2020
1991,2076
1997,2072
1996,2021
2003,2037
2007,2063
2007,2027
2018,2078
2010,2071
2025,2071
2029,2068
2039,2085
2039,2075
2041,2081
2043,2071
2055,2045
2067,2027
2075,2044
2079,2075
2086,2128
2092,2068
2095,2072
2096,1977
2105,2003
2104,1965
2109,2013
2127,2068
2131,2063
2126,2024
2132,2039
2135,2042
2141,2088
2135,2098
2152,2056
2148,2039
2147,1996
2147,2007
2147,2029
2145,2117
2152,2088
2148,2012
2139,2016
2144,2032
2139,2079
2143,2091
2149,2072
2131,2029
2122,1955
2133,1975
2124,1963
2119,2104
2107,2135
2109,2107
2093,2024
2093,2003
2083,2028
2079,2012
2080,2055
2078,2044
2070,2089
2067,2069
2055,2023
2043,2080
2043,1975
2043,2024
2036,1986
2025,2035
2024,2015
2021,2023
2021,2052
2015,2019
2009,2053
2008,2033
2007,2035
1997,2076
2004,2072
2002,2009
2001,2002
2000,2015
2000,2064
2001,2069
2003,2092
2002,1993
2003,2005
2012,2004
1995,2043
2004,2043
2009,2087
2023,2085
2025,1979
2026,1966
2022,2034
2028,2036
2039,2093
2047,2029
2048,2056
2060,1981
2066,1956
2070,2017
2077,2065
2085,2089
2095,2089
2090,2040
2087,1979
2106,2005
2104,2032
2110,2075
2108,2076
2121,2037
2119,2021
2123,2037
2131,2009
2131,2007
2144,1995
2143,2015
2146,1997
2149,2037
2147,2027
2145,2003
2145,2026
2149,2010
2154,2071
2140,2096
2157,2071
2149,2033
2136,1999
2139,2007
2133,2018
2137,2036
2135,1973
2131,2039
2125,2067
2120,2107
2120,2065
2116,2009
2107,1997
2097,2030
2094,2024
2092,2099
2091,2099
2083,2079
2076,2055
2063,2003
2068,1981
2053,2005
2059,2056
2047,2037
2037,2029
2038,1997
2032,2016
2024,2065
2011,2029
2012,2062
2007,2001
2003,2019
1993,2008
2000,2041
1995,2079
1999,2085
1992,2075
1999,2104
1998,2037
1991,2063
1979,2041
1991,2058
1989,2067
1997,2099
2001,2093
2009,2052
2001,2088
2011,2069
2009,2017
2015,2001
2021,2063
2017,2093
2024,2067
2019,2068
2027,2067
2021,2040
2052,2025
2057,2027
2043,2043
2057,2096
2063,2089
2078,1978
2077,2012
2075,2030
2085,2056
2083,2071
2104,2065
2103,2012
2104,2010
2101,2003
2109,2015
2115,2058
2133,2021
2136,2051
2136,2028
2135,2015
2140,2044
2146,2057
2148,2035
2151,2056
2151,2056
2147,2040
2149,2016
2144,2061
2151,2057
2145,2073
2143,2077
2142,2063
2143,2068
2135,2028
2131,2029
2129,2056
2123,2072
2127,2057
2117,2035
2107,2064
2106,2007
2110,2068
2100,2086
2087,2065
2087,2117
2073,2027
2073,2028
2081,2001
2063,2063
2043,2075
2043,2034
2043,2063
2040,2065
2036,2036
2019,1999
2015,2024
2007,2041
2011,2088
2008,2020
2001,1991
2000,2071
2007,2029
1989,2068
2000,2011
1994,2007
1979,2023
1981,2016
1984,2032
1992,2087
1990,2053
1980,2069
1988,2052
1991,2009
1979,1998
1997,2027
1997,2027
1991,2080
2009,2043
2013,2072
2008,2076
2015,2039
2020,2057
2024,2020
2027,2013
2025,2045
2036,2053
2056,2067
2060,2098
2053,2025
2063,2028
2072,2007
2078,2063
2078,2024
2083,2039
2095,2025
2093,2017
2091,1977
2109,2020
2109,2052
2117,1991
2120,2003
2119,2069
2131,2067
2124,2051
2127,2026
2131,2032
2136,1992
2147,1991
2146,2082
2139,2080
2137,2041
2147,2032
2139,2065
2137,2070
2143,2024
2136,2025
2135,2023
2130,2017
2125,2075
2124,2064
2120,2004
2112,2063
2101,2040
2104,2042
2097,1992
2087,2081
2088,2043
2081,2028
2074,1975
2079,1992
2074,2023
2068,2045
2067,2037
2043,2043
2042,2044
2032,1999
2021,2043
2019,2021
2007,2019
2017,2065
2006,2120
2008,2038
2001,2040
1981,2039
1992,2022
1998,1993
1977,2027
1976,2071
1977,2087
1975,2096
1980,2088
1975,2076
1983,2035
1979,1991
1980,2015
1982,2007
1981,2071
1975,2059
1993,2044
1992,2003
1980,2079
1999,2025
2007,2027
2009,2091
2003,2033
2001,2020
2011,1997
2007,2023
2028,2011
2032,2037
2038,2019
2037,2058
2048,2035
2056,2023
2058,2076
2063,2072
2076,2072
2080,2022
2090,2019
2087,2003
2096,2051
2099,2082
2104,2023
2105,2048
2116,2011
2110,2020
2128,2074
2123,2056
2127,2063
2133,2044
2134,1977
2135,2035
2141,2035
2140,2025
2131,2075
2133,2077
2142,2065
2147,2046
2144,2029
2131,2073
2137,2043
2138,2071
2123,2064
2124,2091
2117,2042
2119,2077
2109,2085
2110,2048
2103,2009
2092,2015
2096,2019
2087,2048
2088,1995
2080,2039
2075,2055
2066,2033
2068,2096
2065,2045
2043,2035
2044,1996
2040,2067
2039,2038
2024,2028
2023,2021
2024,2040
2025,2068
2007,2067
2007,2063
2005,1990
1993,2010
2003,2066
2000,2005
1994,2021
1991,2024
1988,2048
1996,2019
2003,2025
1979,2056
1991,2088
1992,2074
1994,2009
1988,2055
1989,2035
2004,2003
2004,2028
2008,2029
2012,2088
2021,2083
2020,2019
2024,1992
2024,2015
2021,2035
2039,2063
2044,2039
2053,2057
2045,2029
2043,2037
2059,2030
2069,2035
2073,2086
2078,2021
2082,2007
2089,1989
2084,2013
2096,2028
2095,2023
2108,2029
2101,2078
2127,2043
2121,1993
2126,2066
2129,2072
2138,2059
2141,2072
2139,2077
2149,2040
2144,2063
2149,2021
2147,2061
2151,2035
2146,2043
2151,2021
2144,1995
2143,1975
2147,2029
2136,2032
2136,2036
2131,2039
2125,2057
2128,2048
2121,1986
2113,2005
2112,2064
2108,2058
2104,2042
2096,2051
2091,2029
2087,1992
2086,2072
2071,2070
2076,2035
2068,2027
2065,2087
2055,2080
2045,2025
2039,2045
2036,2022
2033,2061
2026,2067
2011,2071
2016,2095
2012,1997
2015,2028
2012,1988
2007,1992
2000,2030
1999,2028
1997,2077
1999,2055
1996,2003
1997,2044
1998,2011
1998,2015
1991,2009
1996,2057
1993,2009
1993,2016
2001,2040
2001,2061
2004,2043
2005,2059
2008,2069
2016,2032
2023,2012
2027,2008
2025,2036
2032,2036
2033,2068
2039,2112
2051,2043
2055,2001
2055,2003
2056,2005
2073,2031
2073,2055
2085,2056
2086,2017
2087,2048
2093,2011
2106,2039
2105,2053
2110,2087
2119,2107
2115,2072
2121,2019
2134,2030
2131,2047
2134,1991
2140,2017
2136,2023
2143,2063
2144,2088
2145,2028
2151,2021
2151,2019
2143,2063
2151,2068
2135,2063
2139,2036
2135,2022
2123,2009
2135,2041
2125,2040
2123,2005
2120,2024
2112,2065
2109,2038
2103,2080
2102,2020
2091,2020
2083,2023
2077,2003
2071,2048
2076,2035
2071,2031
2065,2040
2065,2015
2051,2053
2057,2039
2043,2011
2036,2024
2031,1993
2019,2043
2015,2081
2008,2067
2013,2019
2008,2029
2004,2065
2001,2055
2000,2057
2002,2062
1993,2029
1979,1987
1989,2067
1988,2048
1981,2068
1988,2032
1978,2021
1999,2021
1989,2005
1999,2015
1991,2052
2006,2052
1996,2076
2007,2066
2010,2073
2007,2063
2011,2011
2019,2071
2030,2023
2021,2059
2028,2029
2043,2059
2047,2057
2056,2057
2058,2072
2069,2040
2063,2075
2071,2071
2075,2056
2083,2027
2087,2027
2090,2008
2103,2004
2108,2041
2112,2007
2122,2011
2124,2021
2124,2039
2136,2063
2135,2053
2139,2073
2138,2030
2128,2037
2143,1995
2141,2058
2139,2035
2143,2068
2137,2063
2145,2063
2146,2012
2149,2075
2138,2048
2146,2030
2140,2042
2137,2075
2130,2072
2127,2071
2127,2078
2121,2041
2108,2033
2108,2043
2099,2068
2100,2075
2092,2105
2071,2057
2080,2028
2080,2034
2069,2071
2065,2052
2063,2025
2045,2042
2053,2026
2045,2051
2032,2080
2035,2063
2029,2048
2023,2035
2022,2023
2003,2070
2010,2077
2002,2013
1999,2046
1992,2054
2000,2019
1999,2039
2002,2043
1987,2073
1990,2067
1996,2037
1995,2035
1994,2012
1991,2059
1999,2076
2003,2048
2008,2058
1999,2039
2001,2071
2009,2004
2013,2067
2022,2096
2016,2024
2022,2056
2022,2003
2035,2041
2037,2073
2048,2053
2051,2025
2062,2042
2069,2074
2068,2075
2077,2040
2073,2027
2083,2037
2087,2025
2093,2050
2103,2033
2103,2059
2100,2023
2116,2025
2105,2027
2120,2055
2124,2044
2131,2064
2137,2017
2135,2029
2143,2065
2146,2011
2137,2057
2140,2071
2143,2041
2139,2088
2136,2027
2137,2051
2140,2036
2141,2067
2143,2053
2135,2029
2137,2035
2136,2025
2123,2039
2127,2031
2125,2019
2121,2036
2119,2025
2100,2028
2104,2019
2103,2007
2095,2067
2085,2008
2081,2027
2071,2087
2076,2071
2073,2030
2070,2036
2058,2073
2039,2074
2041,2079
2040,2055
2033,2060
2027,2009
2024,2059
2016,2077
2018,2025
2005,2025
2009,2063
2003,2053
2001,2029
1997,2017
2008,2005
2000,2042
1992,2027
1993,2042
1989,2033
1995,2044
1998,2017
1996,2041
1996,2080
2000,2071
2007,2079
2001,2072
2011,2019
2003,2025
2013,2046
2009,2035
2024,2017
2023,2045
2029,2047
2035,2033
2042,2011
2053,2036
2055,2057
2057,2048
2064,2043
2067,2077
2075,2064
2079,2068
2075,2045
2094,2007
2091,2072
2103,2017
2101,2064
2109,2048
2111,2063
2120,2043
2127,2019
2127,2041
2131,2029
2136,2041
2144,2063
2138,2079
2139,2063
2145,2005
2156,2056
2151,2068
2147,2073
2147,2013
2143,2057
2147,2045
2138,2035
2143,2048
2152,2042
2139,2036
2140,2056
2134,2039
2136,2055
2131,2055
2127,2054
2120,2063
2108,2053
2111,2012
2107,2063
2104,2043
2085,2067
2083,2067
2072,2034
2079,2021
2069,2025
2067,2059
2066,2025
2059,2009
2054,2069
2029,2045
2036,2055
2025,2015
2019,2037
2016,1997
2008,2057
2008,2042
2007,2065
2003,2074
1989,2063
1996,2022
1993,2039
1990,2037
1997,2025
1986,2091
1988,2066
1989,2033
1987,2036
1992,2047
1987,2043
1979,2069
1999,2037
1993,2055
1993,2092
2007,2023
2010,2055
2005,2054
2005,2028
2013,2060
2017,2017
2024,2007
2028,2054
2040,2037
2036,2075
2045,2044
2053,2027
2063,2015
2057,2036
2069,2075
2082,2059
2088,2019
2087,2076
2090,2011
2091,2043
2093,2051
2095,2039
2106,2011
2115,2027
2121,2023
2118,2017
2123,2011
2123,2003
2125,2022
2131,2072
2135,2035
2131,2056
2144,2021
2139,2023
2148,1999
2144,2025
2140,2041
2146,2056
2133,2047
2138,2043
2137,2009
2137,2007
2135,2056
2131,2033
2115,2037
2113,2019
2107,2025
2105,2023
2102,2072
2099,2063
2092,2019
2081,2057
2083,2066
2071,2045
2071,2079
2072,2053
2055,2048
2046,1993
2040,2071
2037,2063
2035,2023
2025,2044
2023,2048
2016,2062
2018,2025
2005,2033
2005,2023
2002,2041
1998,2065
1992,2035
1994,2015
1991,2072
1991,2028
1984,2028
1984,2069
1990,2038
1979,2071
1986,2048
1981,2060
1981,2040
1984,2028
1988,2029
1991,2035
1996,2043
1991,2011
2004,2025
2008,2003
2007,2052
2008,2067
2019,2063
2023,2080
2023,2020
2028,2089
2032,2056
2029,2042
2045,2004
2041,2007
2063,2057
2073,2029
2077,2071
2072,2048
2084,2029
2084,2021
2087,2063
2093,2040
2099,2013
2110,2019
2107,2076
2115,2055
2127,2063
2126,2045
2133,2063
2140,2040
2137,2039
2146,2011
2147,2028
2146,2053
2151,2043
2152,2012
2146,2005
2153,2068
2139,2037
2155,2066
2151,2065
2137,2051
2145,2019
2143,2015
2139,2082
2126,2059
2129,2051
2129,2023
2131,1995
2117,2060
2117,2027
2107,2055
2109,2021
2097,2044
2091,2060
2092,2017
2083,2056
2086,2023
2079,2042
2073,2057
2065,2054
2057,2067
2056,2080
2051,2020
2045,2043
2031,2039
2025,2071
2025,2056
2025,2052
2018,2041
2016,2036
2016,2039
2017,2067
2012,2056
2005,2048
2009,2037
2004,2017
2012,2057
2003,2037
2002,2055
2009,2057
2011,2040
2007,2067
2008,2063
2015,2059
2015,2060
2020,2039
2019,2064
2025,2039
2029,2071
2030,2075
2039,2023
2041,2001
2041,2075
2043,2040
2059,2009
2063,2071
2073,2019
2080,2056
2087,2034
2089,2078
2094,2072
2099,2063
2104,2040
2105,2028
2112,2021
2109,2036
2123,2036
2127,2041
2136,2024
2139,2017
2145,2033
2140,2034
2147,2063
2149,2028
2145,2041
2157,2053
2157,2007
2157,2009
2152,2025
2160,2035
2157,2043
2160,2026
2158,2023
2160,2029
2155,2029
2156,2079
2149,2039
2150,2040
2146,2033
2140,2056
2131,2023
2136,2015
2124,2019
2119,2021
2117,2071
2108,2031
2108,2072
2098,2044
2100,2080
2090,2080
2087,2080
2085,2039
2078,2036
2069,2015
2059,2064
2045,2071
2046,2055
2039,2033
2040,2025
2025,2060
2028,2055
2025,2069
2027,2076
2017,2017
2016,2023
2009,2072
2014,2080
2011,2001
2011,2023
2003,2058
2008,2035
2011,2075
2007,2054
2010,2036
2005,2039
2001,2065
2016,2076
2018,2002
2015,2023
2025,2071
2024,2007
2035,2035
2029,2039
2029,2032
2040,2053
2055,2021
2060,2035
2053,2037
2065,2072
2067,2072
2076,2051
2069,2023
2087,2075
2086,2057
2094,2071
2105,2011
2093,2033
2105,2060
2116,2019
2119,2017
2119,2024
2131,2021
2129,2002
2124,2025
2131,2022
2135,2035
2140,2041
2144,2038
2151,2009
2143,2029
2155,2060
2147,2029
2157,2015
2158,2051
2159,2015
2155,2055
2151,2031
2145,2019
2145,2043
2146,2019
2151,2044
2127,2060
2138,2054
2128,2056
2130,2004
2119,2063
2118,2066
2111,2083
2103,2012
2093,2063
2101,2042
2088,2080
2085,2072
2080,2056
2073,2029
2071,2067
2063,2039
2055,2011
2043,1991
2039,2018
2037,2054
2038,2037
2024,2025
2024,2008
2017,2060
2008,2053
2012,2040
2001,2009
2007,2040
1992,2063
1996,2056
2000,1995
1995,2019
1995,2021
1995,2019
1989,2054
1996,2025
1992,2070
1999,2010
1987,2040
1995,2063
2007,2058
2003,2063
1997,2043
2013,2045
2011,2075
2016,2068
2016,2063
2025,2024
2025,2037
2025,2055
2033,2045
2039,2033
2040,2042
2051,2041
2063,2015
2071,2011
2073,2028
2081,2005
2083,2055
2087,2058
2088,2019
2096,2073
2098,2005
2097,2037
2109,2041
2102,2056
2120,2034
2130,2063
2122,2072
2131,2032
2123,2015
2136,2035
2136,2036
2140,2027
2138,2010
2137,2041
2129,2025
2143,2036
2141,2058
2136,2076
2139,2022
2135,2001
2132,2017
2124,2036
2122,1997
2110,2015
2118,2037
2112,2036
2108,2019
2098,2020
2096,2053
2095,2017
2089,2034
2085,2038
2083,2042
2063,2062
2075,2024
2057,2039
2065,2027
2043,2038
2040,2048
2031,2026
2031,2060
2025,2041
2016,2064
2019,2026
2003,2058
1997,2058
1991,2023
1993,2039
1996,2021
1995,2039
1987,2043
1989,2035
1984,2029
1990,2040
1987,1992
1990,2048
1976,2063
1988,2037
1980,2033
1987,2075
1984,2031
1989,2081
1993,2056
1995,2008
2003,2037
1997,2037
2012,2023
2016,2096
2016,2029
2021,2025
2022,2013
2023,2017
2039,2093
2039,2040
2045,2058
2063,2026
2067,2043
2057,2044
2071,2037
2082,2055
2081,2012
2094,2005
2097,2053
2096,2021
2105,2040
2104,2031
2108,2056
2115,2076
2128,2069
2121,2021
2139,2024
2141,2055
2143,2045
2148,2063
2152,2071
2147,2055
2147,2033
2157,2039
2156,2056
2156,2029
2159,2036
2153,2071
2147,2045
2147,2061
2149,2060
2147,2075
2144,2027
2136,2036
2129,2065
2131,2064
2123,2063
2126,1995
2116,2055
2112,2039
2112,2067
2107,2076
2101,2069
2091,2072
2093,2057
2087,2056
2080,2044
2067,2053
2057,2003
2056,2057
2054,2075
2045,2040
2029,2044
2028,2011
2030,2020
2016,2041
2011,2017
2011,2021
2007,2088
2007,2037
2008,2045
1989,2071
2000,2005
1989,2035
1997,2052
1987,2043
1998,2020
1977,2015
1991,2023
1987,2072
1993,2069
1999,2072
2001,2042
1995,2025
1998,2003
2007,2036
2007,2035
2015,2079
2008,2035
2017,2048
2025,2029
2023,2040
2027,2057
2040,2015
2041,2084
2043,2029
2062,2058
2056,2055
2072,2043
2071,2077
2075,2019
2083,2017
2085,2044
2090,2084
2103,2035
2100,2059
2106,2015
2113,2066
2121,2033
2127,1997
2124,2015
2132,2039
2129,2011
2131,2040
2137,2046
2144,2072
2142,2062
2152,2028
2144,2069
2143,2044
2145,2035
2144,2045
2152,2035
2140,2009
2133,2030
2135,2044
2148,2001
2136,2055
2125,2025
2123,2012
2123,2078
2117,2003
2109,2048
2119,2067
2110,2044
2109,2069
2103,2070
2093,2071
2091,2067
2084,2015
2071,2074
2072,2044
2065,2067
2052,2040
2043,2040
2045,2042
2037,2056
2042,2077
2023,2031
2019,2043
2024,2026
2016,2068
2019,2055
2007,2035
2007,2062
2007,2024
1996,2056
1995,2038
2002,2019
1991,2072
2000,2018
2004,2029
2004,2039
1999,2037
1991,2061
2008,2015
1997,2041
2007,2035
2007,2063
2005,2069
2015,1978
2011,2036
2024,2058
2025,2042
2034,2029
2032,2041
2035,2067
2044,2048
2037,2059
2063,2026
2055,2023
2059,2070
2072,2010
2072,2068
2092,2017
2092,2003
2089,2069
2101,2037
2103,2019
2103,2055
2114,2044
2117,2043
2119,2036
2127,2027
2134,2015
2137,2033
2139,2071
2148,2036
2143,2007
2151,2005
2149,2055
2145,2077
2159,2021
2156,2063
2156,2026
2149,2053
2155,2040
2149,2063
2152,2043
2148,2063
2143,2060
2143,2002
2135,2029
2138,2065
2120,2063
2129,2024
2119,2069
2120,2007
2104,2015
2111,2043
2102,1977
2093,2030
2085,2059
2088,2063
2084,2067
2078,2079
2067,2026
2067,2072
2063,2025
2045,2041
2041,2069
2035,2072
2027,2078
2027,2055
2024,2033
2020,2027
2005,2075
2015,2068
2008,2065
2010,2048
2006,2029
2001,2069
2004,2025
2011,1995
1999,2029
2003,2036
1997,2028
1999,2071
2002,2029
1995,2072
2003,2005
1999,2071
2005,2040
2007,2064
2011,2066
2016,2044
2022,2040
2017,2043
2027,2079
2030,2059
2036,2019
2033,2053
2043,2023
2056,2080
2053,2021
2063,2063
2074,2017
2076,2012
2072,2024
2080,2023
2088,2041
2089,2017
2094,2081
2105,2021
2108,2069
2108,2055
2119,2072
2123,2034
2117,2025
2131,2079
2141,2017
2139,2041
2143,2042
2139,2058
2143,2056
2148,2019
2152,2021
2143,2015
2141,2030
2147,2056
2148,2056
2144,2023
2139,2029
2144,2071
2138,2009
2137,2057
2138,2035
2126,2067
2127,2075
2120,2023
2106,2039
2105,2019
2107,2071
2101,2039
2091,2041
2094,2053
2091,2055
2080,2009
2077,2070
2071,2063
2063,2060
2058,2022
2045,2036
2039,2063
2033,2072
2032,2011
2026,2063
2025,2045
2020,2037
2004,2009
2005,2040
2003,2043
1991,2089
1995,2021
1992,2063
1999,2067
1977,2029
1989,2010
1992,2021
1987,2072
1993,2017
1981,2034
1984,2072
1992,2019
1995,2065
1987,2076
1992,2051
2004,2054
2004,2043
1999,2053
2011,2064
2013,2080
2016,2042
2021,2067
2025,2027
2024,2063
2035,2062
2036,2048
2045,2073
2056,2072
2063,2015
2063,2075
2037,2065
2075,2071
2079,2070
2085,2055
2094,2035
2094,2062
2094,2062
2097,2007
2107,2015
2107,2063
2115,2069
2128,2039
2122,2076
2118,2067
2121,2063
2131,2063
2135,2056
2121,2025
2145,2029
2136,2021
2129,2042
2135,2054
2139,2030
2124,2036
2131,2041
2135,2071
2126,1995
2127,2077
2119,2059
2109,2041
2116,2091
2110,2019
2104,2075
2109,2079
2105,1981
2085,2035
2079,2034
2080,2066
2080,2033
2083,2052
2072,2072
2055,2015
2044,2015
2057,2073
2041,2080
2032,2059
2029,2019
2024,2044
2017,2068
2015,2042
2005,2033
2006,2076
2004,2066
1997,2060
1997,2033
1995,2037
1994,1997
1989,2079
1990,2068
1988,2056
1988,2079
1984,2053
1989,2071
1985,2033
1987,2025
1991,2039
1991,2053
2003,2045
1997,2077
2004,2068
2006,2025
2005,2068
2014,2009
2005,2056
2012,2017
2019,2037
2027,2011
2029,2015
2033,2070
2033,2066
2039,2008
2055,2035
2057,2026
2068,2030
2063,2068
2080,2059
2083,2003
2089,2028
2087,2044
2097,2011
2102,2021
2105,2072
2116,2036
2122,2033
2115,2041
2129,2077
2131,2036
2136,2064
2139,2047
2145,2044
2149,2053
2152,2056
2143,2048
2155,2036
2146,2058
2151,2053
2151,2040
2145,2067
2143,2046
2135,2065
2139,2067
2144,2042
2139,2003
2131,2037
2127,2064
2111,2063
2128,2039
2103,2077
2108,2009
2102,1976
2104,2027
2099,2035
2095,2056
2083,2027
2079,2027
2078,2024
2069,2039
2066,2027
2065,2037
2054,2055
2044,2071
2040,2058
2024,2023
2027,2044
2015,2066
2020,2026
2008,2025
2008,2021
2003,2065
1993,2025
1993,2075
1990,2072
1994,2059
1994,2033
1984,2057
1997,2065
1981,2056
1987,2035
1984,2044
1991,2005
1987,2034
1989,2043
1988,2025
1992,2019
2000,2059
1996,2069
2007,2034
2007,2068
2005,2048
2012,2003
2011,2003
2016,2066
2024,2060
2025,2036
2037,2048
2041,2011
2060,2057
2060,2068
2065,2008
2072,2078
2067,2060
2084,2071
2086,2039
2081,2067
2091,2033
2101,2074
2109,2058
2107,2060
2108,2022
2119,2042
2127,2053
2125,2073
2129,2079
2132,2029
2140,2034
2143,2052
2149,2028
2139,2017
2142,2029
2138,2025
2136,2023
2148,2056
2142,2060
2138,2073
2137,2041
2133,2058
2141,2031
2132,2042
2128,2056
2122,2022
2120,2005
2112,2063
2110,2063
2104,2005
2095,2067
2100,2019
2088,2071
2079,2071
2081,2029
2063,2033
2072,2072
2058,2035
2061,2071
2056,2029
2042,2033
2029,2069
2034,2063
2030,2015
2022,2037
2011,2013
2012,2023
2009,2044
2004,2028
1997,2048
1991,2017
1981,2033
1997,2036
1989,2048
1991,2029
1987,2009
1984,2053
1982,2034
1991,2056
1984,2055
1987,2043
1996,2063
1994,2026
1989,2059
2004,2058
1995,2018
2005,2043
2003,2042
2016,2021
2020,2039
2022,2042
2028,2024
2035,2033
2040,2026
2035,2043
2029,2043
2055,2048
2063,2028
2067,2023
2071,2048
2075,2077
2081,2048
2079,2080
2093,2042
2097,2064
2101,2001
2100,2025
2115,2023
2109,2057
2129,2065
2119,2073
2127,2048
2139,2070
2133,2057
2141,2063
2139,2055
2139,2013
2143,2035
2155,2072
2150,2001
2147,2040
2144,2055
2137,2035
2145,2029
2131,2044
2143,2041
2125,2053
2137,2024
2129,2054
2130,2012
2127,2041
2115,2029
2107,2091
2118,2037
2108,2041
2096,2023
2096,2041
2092,2024
2090,2003
2077,2015
2077,2069
2069,2080
2063,2062
2063,2001
2051,2053
2041,2038
2037,2019
2027,2019
2035,2055
2031,2080
2009,2068
2012,2078
2006,2037
2012,2065
2006,2027
2013,2035
1992,2029
1993,2040
2003,2058
2000,2012
1997,2043
2000,2029
1991,2027
1989,2017
2000,2082
2000,2039
2006,2033
1997,2028
2008,2035
2015,2036
2011,2038
2014,2021
2024,2009
2018,2027
2029,2068
2025,2066
2030,2037
2048,2082
2057,2059
2058,2072
2058,2033
2071,2039
2071,2021
2065,2024
2071,2028
2091,2029
2091,2035
2088,2040
2091,2071
2103,2048
2103,1999
2115,2032
2107,2035
2124,2077
2120,2015
2129,2062
2135,2051
2131,2067
2135,2074
2147,2025
2139,2035
2152,2024
2152,2007
2144,2019
2147,2029
2153,2021
2148,2011
2144,2059
2144,2043
2141,2071
2137,2060
2135,2065
2125,2071
2133,2059
2122,2053
2115,2061
2115,2024
2111,2012
2103,2019
2100,2019
2099,2056
2093,2037
2085,2066
2081,2080
2075,2040
2065,2075
2063,2067
2056,2020
2052,2036
2042,2018
2039,2060
2037,2007
2033,2053
2026,2017
2020,2018
2015,2029
2009,2072
2005,2066
2005,2005
2002,2067
2002,2001
1991,2043
1997,2077
1995,2066
1999,2019
1992,2035
1998,2037
1995,2040
1989,1992
1999,2041
2004,2058
2005,2037
1992,2075
2004,2034
2005,1996
1993,2044
2005,2053
2007,2056
2023,2009
2023,2044
2023,2039
2028,2044
2032,2013
2040,2072
2042,2073
2040,2044
2052,2056
2055,2017
2072,2032
2077,2003
2075,2019
2085,2026
2089,2030
2089,2075
2089,2013
2093,2040
2099,2059
2105,2062
2109,2036
2119,2017
2120,2007
2125,2077
2132,2022
2134,2019
2133,1992
2138,1997
2131,2059
2127,2060
2129,2060
2139,2007
2131,2033
2131,2028
2135,2023
2122,2046
2128,2027
2127,2058
2119,2035
2112,2048
2103,2071
2106,2056
2100,2053
2087,2064
2085,2024
2085,2026
2078,2032
2072,2070
2075,2046
2067,2053
2063,2009
2041,2065
2044,2027
2038,2035
2030,2021
2024,2036
2023,2021
2025,2027
1994,2061
2004,2037
2003,2069
2004,2023
1991,2061
1992,2076
1979,2062
1984,2043
1987,2055
1982,2023
1988,2005
1984,2051
1976,2017
1975,2064
1975,2080
1979,2071
1973,2080
1977,2063
1983,2071
1986,2080
1983,2052
1987,2070
1995,2072
2001,2055
2005,2071
2003,2048
2011,2067
2015,2067
2020,2008
2029,2066
2025,2069
2039,2046
2043,2071
2063,2054
2055,2065
2041,2072
2066,2056
2074,2036
2071,2021
2071,2044
2087,2059
2088,2035
2096,1991
2106,2057
2113,2076
2109,2011
2120,2054
2123,2029
2116,2040
2120,2029
2133,2023
2131,2021
2127,2078
2133,2048
2135,2080
2139,2011
2151,2003
2133,2021
2133,2027
2139,2019
2133,2042
2135,2032
2123,2071
2134,2023
2122,2071
2115,2073
2108,2063
2118,2044
2103,2051
2101,2039
2099,2077
2092,2007
2088,2031
2085,2041
2077,2003
2071,2058
2075,2051
2068,2017
2053,2047
2039,2059
2036,2087
2032,2056
2024,1993
2032,2043
2024,2011
2009,2034
2011,2063
2007,2031
2001,2035
1996,2080
2001,2081
1996,2070
1997,2033
1983,2072
1991,2059
1984,2079
1993,2044
1987,2078
1984,2042
1995,2021
1992,2002
1989,2055
1992,2071
1990,2044
2003,2040
1992,1995
2008,2025
2008,2048
2005,2027
2017,2043
2020,2032
2017,2057
2021,2051
2031,2024
2037,2063
2037,2055
2047,2063
2063,2030
2041,2017
2059,2040
2069,2068
2083,2067
2091,2037
2095,2018
2092,2046
2091,2056
2111,2079
2108,2063
2122,2061
2124,2065
2128,2019
2131,2043
2136,2042
2135,2043
2143,2067
2144,2046
2150,2039
2155,2035
2161,2041
2153,2064
2152,2069
2155,2080
2152,2058
2151,2070
2157,2056
2152,2003
2149,2043
2137,2023
2149,2035
2134,2027
2135,2056
2131,2048
2131,2065
2129,2012
2120,2071
2107,2020
2105,2031
2101,2064
2107,2069
2094,2028
2085,2063
2079,2053
2079,2066
2071,2005
2066,2070
2065,2063
2063,2021
2053,2072
2041,2023
2025,2019
2024,2056
2017,2029
2015,2056
2012,2021
2003,2055
2012,2028
2004,2044
2002,2041
1999,2032
2007,2044
1988,2056
1999,2005
1986,2039
1995,2075
1991,2001
2003,2006
1995,2013
1997,2057
1997,2056
2005,2044
2004,2037
2012,2063
2012,2071
2015,2019
2009,2023
2011,2055
2023,2035
2031,2066
2032,1995
2042,2006
2044,2029
2058,2040
2062,2026
2055,2041
2067,2047
2076,2069
2073,2057
2085,2019
2091,2009
2089,2011
2093,2072
2104,2021
2100,2053
2111,2020
2121,2072
2120,2032
2131,2033
2125,2045
2136,2019
2125,2034
2143,2056
2144,2036
2144,2039
2141,2054
2149,2079
2143,2045
2137,2060
2148,2019
2142,2041
2137,2041
2146,2041
2133,2032
2123,2039
2130,2079
2125,2075
2127,2080
2115,2009
2122,2037
2115,2011
2099,2063
2104,2063
2087,2042
2091,2031
2085,2039
2085,2067
2076,2029
2067,2028
2066,2054
2057,2045
2057,2084
2054,2027
2039,2039
2028,2036
2022,2063
2021,2062
2009,2069
2015,2058
2013,2035
2003,2038
1995,2080
1995,2063
2000,2001
1991,2027
1996,2064
1996,2044
1988,2035
1993,2035
1987,2029
1987,2039
1992,2075
1999,2011
1987,2026
1998,2061
2002,2025
1996,2037
2009,2027
2009,2080
2001,2041
2011,2027
2020,2065
2020,2039
2029,2021
2035,2028
2043,2029
2044,2056
2027,2068
2051,2035
2063,2060
2065,2043
2071,2041
2077,2021
2077,2075
2075,2063
2091,2065
2101,2035
2100,2040
2100,2043
2106,2057
2120,2017
2117,2044
2128,2032
2127,2075
2133,2059
2129,2023
2137,2071
2148,2047
2135,2044
2148,2044
2146,2017
2140,1987
2138,2052
2143,2045
2143,2015
2139,2072
2137,2041
2137,2032
2131,2059
2131,2056
2121,2072
2118,2063
2116,2053
2112,2037
2112,2057
2099,2063
2102,2027
2085,2067
2096,2060
2090,2069
2077,2063
2076,2043
2075,2067
2069,1987
2055,2076
2056,2084
2054,2025
2041,2042
2033,2005
2027,2011
2024,2017
2015,2052
2013,2035
2011,2028
2008,2057
2003,2065
1991,2057
1995,2068
2004,2028
1999,2054
1987,2036
1980,2044
1981,2071
1991,2055
1988,2055
1995,2080
1995,2052
1992,2021
1997,2048
2003,2011
2004,2005
1997,2020
2007,2037
2015,2036
2011,2069
2016,2072
2021,2024
2019,2041
2035,2048
2031,2005
2037,2057
2045,1995
2039,2041
2069,2006
2063,2017
2065,2047
2072,2021
2085,2063
2083,2014
2083,2035
2092,2015
2087,2035
2093,2038
2107,2028
2099,2055
2120,2040
2117,2038
2118,2040
2123,2023
2128,2021
2127,2035
2141,2040
2131,2061
2131,2054
2141,2063
2142,2068
2136,2039
2137,2067
2140,2067
2136,2075
2136,2041
2121,2059
2128,2028
2125,2067
2124,2073
2109,2025
2119,2033
2108,2003
2103,1997
2103,2057
2101,2001
2092,2043
2080,2063
2080,2069
2071,2055
2067,2032
2063,2062
2057,2058
2046,2023
2044,2040
2040,2054
2028,2067
2025,2063
2019,2071
2016,2067
2016,2011
2008,2053
2005,2037
2000,2027
1995,2057
1995,2078
1991,2009
1991,2068
1984,2025
1981,2072
1991,2026
1992,2071
1985,2048
1990,2009
1987,2021
1979,2069
1984,2031
1987,2017
1991,2054
1995,2043
2007,2023
1992,2030
2011,2053
2012,2021
2011,2017
2017,2069
2027,2035
2025,2023
2033,2025
2031,2063
2037,2076
2044,2027
2051,2036
2053,2024
2063,2029
2076,2020
2068,2019
2081,2029
2085,2045
2099,2043
2090,2041
2103,2019
2106,2033
2109,2039
2108,2027
2122,2006
2121,2030
2123,2040
2136,1997
2136,2023
2139,2068
2136,2010
2152,2051
2144,2021
2148,2053
2146,2008
2133,2070
2140,2056
2133,2019
2127,2066
2138,2024
2136,2043
2125,2043
2123,2057
2130,2063
2113,2064
2111,2030
2110,2060
2111,1995
2104,2035
2087,2047
2103,2041
2089,2076
2087,2024
2083,2032
2071,2047
2072,2067
2064,2075
2060,2072
2040,2061
2035,2037
2036,2066
2025,2063
2020,2026
2022,2019
2023,2021
2009,2027
2008,2079
1999,2045
2002,2036
1989,2044
2000,2057
1989,2035
2001,2025
1989,2068
1992,2030
1995,2068
1993,2029
1981,2046
1981,2056
1996,2021
1993,2033
1993,2062
1992,2037
2001,2043
2005,2024
2009,2027
2009,2071
2023,2035
2024,2023
2028,2042
2021,2080
2037,2043
2040,2013
2063,2031
2056,2056
2045,2058
2057,2017
2076,2021
2076,2044
2084,2035
2095,2009
2097,2018
2097,2039
2098,2033
2108,2063
2109,2060
2120,2040
2121,2056
2129,2023
2131,2021
2131,2033
2137,2061
2137,2027
2137,2025
2148,2046
2152,2015
2151,2067
2153,2070
2143,2043
2152,2070
2153,2056
2152,2058
2141,2032
2153,2021
2141,2068
2144,2060
2141,2063
2124,2066
2130,2068
2116,2024
2123,2056
2117,2021
2100,2063
2097,2095
2095,2017
2093,2034
2091,2076
2085,2066
2071,2035
2075,2023
2066,2068
2055,2027
2045,2035
2046,2027
2041,2019
2040,2089
2033,2063
2019,2023
2023,2071
2007,2039
2007,2075
1997,2033
1995,2027
1996,2076
1994,2011
1999,2065
1993,2059
1989,2063
1984,1987
1983,2068
1990,2033
1979,2045
1981,2041
1989,2038
1991,1991
1991,2057
1996,2013
1993,2060
2005,2053
2005,2071
2009,2005
2009,2048
2007,2052
2011,2063
2025,2029
2023,2087
2033,2071
2042,2019
2051,2027
2048,2048
2057,2021
2058,2041
2065,2020
2068,2063
2082,2065
2083,2067
2090,2010
2091,2013
2102,2043
2108,2023
2101,2045
2112,2051
2120,2043
2115,2041
2129,2057
2135,2073
2139,2063
2137,2085
2140,1997
2135,2065
2137,2047
2143,2071
2143,2028
2148,2065
2139,2088
2139,2077
2133,2056
2139,2077
2139,2055
2138,2027
2127,2012
2129,2058
2121,2061
2123,2003
2115,2073
2107,2007
2109,2063
2103,2019
2099,2037
2104,2054
2094,2065
2077,2055
2073,2028
2069,2035
2073,2063
2063,2053
2045,2011
2047,2037
2031,2035
2036,2079
2028,2013
2032,2025
2024,2076
2021,2045
2009,2068
2007,2053
2007,2039
1999,2