1646,2048
1675,2069
1689,1999
1736,2033
1753,2058
1795,2039
1819,2019
1861,2093
1885,2105
1912,2083
1943,2075
1969,2080
1984,2079
2011,2033
2033,2122
2051,2073
2072,2041
2088,2088
2104,2088
2112,2071
2124,2064
2136,2065
2156,2078
2169,2103
2194,2103
2206,2076
2229,2091
2252,2071
2270,2076
2291,2071
2295,2074
2314,2071
2316,2117
2323,2075
2327,2101
2343,2109
2344,2086
2343,2112
2339,2117
2339,2131
2336,2117
2326,2093
2325,2068
2318,2060
2321,2119
2309,2091
2316,2079
2309,2117
2320,2099
2312,2096
2304,2109
2295,2027
2293,2067
2285,2063
2289,2080
2283,2055
2279,2087
2281,2067
2277,2058
2281,2080
2267,2077
2280,2074
2279,2097
2276,2068
2269,2064
2275,2086
2280,2057
2283,2066
2291,2086
2296,2110
2300,2055
2301,2041
2319,2065
2323,2028
2341,2053
2357,2063
2375,2032
2388,2076
2407,2059
2413,2069
2426,2077
2444,2066
2453,2043
2451,2009
2447,2011
2439,2054
2429,2015
2419,2071
2395,2063
2385,2037
2372,2054
2351,2005
2343,2065
2337,2031
2330,2027
2316,2007
2299,2063
2297,2005
2297,1977
2289,2011
2279,2027
2274,2033
2259,2048
2256,2045
2231,2005
2219,2012
2200,2010
2186,2022
2163,2024
2138,1996
2109,2028
2084,2013
2059,2018
2026,1993
1991,2007
1967,1989
1951,2001
1941,2021
1913,1971
1901,1981
1892,2044
1881,2009
1868,2035
1848,2063
1842,2027
1836,2031
1826,2010
1805,1963
1800,2007
1783,1995
1773,1991
1771,2009
1768,2021
1758,2029
1747,2015
1722,2020
1716,2019
1712,2009
1704,2051
1690,2056
1675,2054
1669,2035
1657,2040
1657,2024
1654,2055
1651,2007
1649,2024
1659,2011
1675,2053
1679,2027
1680,2025
1691,2066
1695,2010
1707,2043
1710,2036
1709,2055
1708,2057
1708,2096
1715,2046
1723,2041
1720,2011
1720,2038
1721,2002
1720,2034
1724,2056
1727,2080
1724,2076
1723,2032
1719,2045
1719,2020
1735,2070
1740,2075
1746,2065
1751,2075
1753,2039
1757,2071
1770,2037
1776,2052
1777,2067
1779,2071
1781,2041
1790,2063
1785,2078
1803,2092
1804,2088
1808,2084
1811,2091
1807,2079
1824,2053
1829,2066
1833,2063
1845,2111
1851,2076
1869,2080
1882,2089
1897,2058
1903,2071
1908,2081
1913,2029
1924,2069
1929,2081
1927,2063
1944,2079
1946,2067
1956,2073
1956,2095
1960,2065
1961,2089
1975,2079
1975,2106
1988,2071
1988,2091
2004,2028
1998,2029
2008,2069
2005,2078
2011,2072
2024,2080
2032,2119
2029,2035
2027,2091
2020,2063
2029,2045
2028,2099
2024,2110
2028,2100
2027,2080
2023,2092
2025,2027
2039,2034
2063,2072
2067,2093
2080,2088
2087,2085
2103,2045
2101,2071
2120,2043
2122,2058
2127,2065
2133,2080
2138,2108
2137,2003
2137,2043
2142,2091
2144,2077
2154,2056
2165,2039
2169,2056
2189,2077
2207,2072
2223,2058
2231,2037
2253,2074
2251,2061
2279,2039
2291,2064
2299,2040
2322,2040
2321,2072
2331,2021
2335,2104
2341,2098
2340,2083
2348,2065
2357,2083
2350,2030
2347,2016
2356,2037
2357,2025
2365,2056
2375,2039
2385,2063
2391,2055
2393,2039
2399,2023
2404,2047
2408,2023
2404,2046
2408,2077
2408,2021
2400,2028
2400,2044
2395,2015
2388,2078
2376,2042
2367,2047
2353,2023
2337,1973
2333,2007
2315,2043
2291,2029
2294,2005
2282,2039
2270,2041
2264,2045
2262,2001
2249,2026
2254,2047
2232,2066
2230,2009
2224,2041
2217,2020
2208,2039
2202,2059
2194,2054
2187,2039
2172,2035
2162,2019
2153,2009
2145,2035
2127,2023
2114,2053
2112,2053
2103,2048
2099,2028
2089,2044
2083,2064
2077,2030
2071,2063
2065,2019
2064,2045
2055,2039
2052,2025
2063,2021
2063,2040
2056,2043
2042,2065
2045,2040
2056,2035
2053,2035
2045,2073
2044,2069
2037,2061
2032,2054
2031,2082
2023,2023
2028,2079
2023,2017
2019,2071
2024,2091
2028,2040
2029,2053
2027,2030
2033,2048
2045,2088
2059,2092
2063,2082
2075,2075
2079,2055
2094,2017
2093,2033
2106,2029
2115,2089
2118,2079
2135,2073
2132,2079
2128,2048
2117,2067
2115,2064
2105,2057
2108,2011
2099,2087
2099,2030
2084,2063
2087,2063
2082,2072
2077,2071
2087,2031
2073,2063
2080,2079
2075,2054
2071,2077
2063,2054
2044,2070
2037,2063
2028,2036
2024,2047
1995,2035
1988,2076
1975,2096
1957,2067
1943,2068
1931,2032
1917,2072
1903,2037
1888,2080
1881,2066
1851,2073
1851,2068
1835,2063
1821,2034
1817,2071
1809,2071
1803,2063
1783,2063
1774,2041
1770,2089
1756,2034
1764,2071
1751,2075
1754,2067
1759,2084
1747,2068
1747,2073
1743,2063
1743,2069
1744,2056
1726,2092
1733,2069
1728,2072
1727,2077
1736,2043
1736,2023
1748,2052
1748,2073
1763,2087
1779,2072
1797,2041
1811,2046
1833,2080
1844,2059
1864,2056
1868,2040
1877,2073
1891,2071
1905,2043
1912,2039
1925,2043
1927,2030
1942,2062
1950,2009
1958,2027
1973,2075
1973,2023
1991,2033
2004,2039
2016,2056
2027,2024
2051,2036
2056,2023
2074,2037
2088,2024
2083,2061
2096,2036
2104,2058
2107,2067
2105,2058
2119,2040
2109,2061
2125,2044
2118,2052
2119,2080
2100,2036
2107,2059
2109,2043
2093,2039
2089,2019
2088,2063
2083,2073
2081,2037
2075,2057
2063,2040
2055,2080
2044,2060
2040,2061
2024,2081
2015,2035
2009,2029
2004,2039
2004,2054
2000,2067
1993,2063
1980,2071
1972,2029
1965,2042
1968,2068
1952,2068
1960,2019
1944,2069
1928,2039
1915,2056
1920,2067
1920,2039
1911,2035
1904,2083
1909,2064
1909,2066
1911,2066
1917,2063
1929,2038
1929,2033
1943,2065
1948,2041
1961,2017
1962,2060
1969,2023
1973,2051
1984,2040
1987,2075
2000,2037
1997,2037
2015,2092
2027,2029
2035,2047
2035,2063
2063,2091
2069,2053
2077,2027
2093,2039
2110,2063
2127,2040
2139,2045
2151,2045
2157,2035
2165,2057
2183,2043
2203,2015
2201,2067
2225,2062
2224,2039
2246,2063
2258,2031
2261,2057
2277,2088
2283,2063
2304,2072
2301,2065
2307,2081
2322,2075
2336,2027
2339,2034
2347,2077
2360,2069
2355,2036
2364,2028
2357,2088
2351,2055
2360,2055
2355,2083
2343,2103
2346,2059
2345,2076
2331,2068
2323,2063
2321,2068
2315,2080
2311,2040
2302,2087
2290,2078
2279,2058
2273,2029
2267,2053
2240,2063
2236,2080
2214,2044
2194,2053
2179,2043
2153,2055
2136,2069
2128,2081
2111,2056
2089,2043
2079,2023
2067,2068
2043,2069
2032,2075
2027,2040
2015,2064
2004,2029
1996,2063
1979,2065
1977,2063
1959,2045
1957,2069
1953,2037
1932,2063
1935,2073
1923,2063
1924,2076
1917,2068
1916,2041
1915,2071
1915,2030
1921,2056
1920,2047
1915,2019
1924,2043
1913,2039
1931,2017
1944,2081
1945,2041
1947,2057
1954,2071
1952,2053
1961,2043
1963,2041
1966,1997
1970,2015
1976,2024
1980,2058
1992,2043
1993,2064
1997,2032
2003,2048
1997,2044
2010,2024
2013,2067
2011,2032
2009,2021
1992,2020
1997,2007
1997,2027
1994,2001
1992,2055
1988,2041
1981,2041
1981,2027
1978,2017
1976,2047
1960,2063
1961,2042
1960,2056
1960,2027
1964,2039
1959,2040
1955,2019
1946,2057
1932,2019
1931,2015
1912,2013
1905,2021
1883,2044
1877,2036
1867,2066
1847,2036
1832,2024
1815,2059
1814,2040
1787,2059
1786,2069
1777,2040
1775,2029
1775,2072
1767,2044
1768,2072
1764,2071
1775,2048
1763,2036
1763,2039
1767,2068
1755,2027
1772,2073
1763,2063
1769,2039
1771,2074
1769,2057
1781,2075
1783,2072
1785,2056
1797,2032
1788,2047
1792,2063
1797,2043
1803,2043
1813,2012
1818,2033
1833,2043
1841,2069
1848,2053
1862,2073
1875,2057
1883,2051
1887,2048
1905,2040
1917,2069
1923,2063
1933,2085
1941,2063
1957,2065
1967,2067
1976,2055
1984,2083
2001,2068
2010,2088
2023,2074
2034,2042
2056,2084
2063,2089
2079,2062
2085,2059
2097,2058
2113,2093
2123,2085
2132,2077
2139,2055
2152,2088
2155,2071
2163,2043
2168,2040
2175,2085
2176,2065
2168,2076
2170,2082
2184,2076
2178,2077
2179,2068
2171,2069
2171,2056
2187,2080
2190,2076
2181,2039
2191,2057
2181,2063
2191,2043
2197,2057
2202,2065
2201,2079
2208,2063
2208,2087
2197,2072
2196,2085
2188,2065
2191,2060
2184,2090
2172,2066
2159,2037
2154,2039
2144,2068
2129,2028
2125,2009
2120,2055
2112,2057
2108,2063
2104,2056
2101,2063
2101,2075
2108,2034
2105,2076
2104,2022
2112,2039
2113,2055
2109,2068
2107,2068
2111,2050
2111,2067
2108,2051
2099,2043
2096,2057
2096,2057
2088,2033
2083,2021
2075,2035
2073,2063
2084,2024
2074,2053
2085,2039
2095,2031
2093,2063
2089,2024
2118,2056
2118,2043
2135,2040
2139,2057
2138,2037
2136,2035
2151,2035
2159,2065
2160,2022
2163,2013
2168,2032
2167,2046
2160,2029
2155,2078
2156,2036
2155,2039
2160,2036
2157,2032
2154,2031
2159,2021
2157,2051
2168,2021
2169,2054
2180,2029
2181,1992
2186,2055
2185,2041
2176,2037
2176,2056
2168,2048
2166,2047
2160,2052
2156,2043
2146,2051
2140,2041
2129,2053
2124,2033
2111,2016
2105,2043
2096,2005
2084,2045
2075,2019
2064,2024
2043,2037
2040,2023
2035,2065
2023,2029
2018,2029
1992,2048
2003,2063
1991,2039
1977,2076
1965,2015
1969,2021
1968,2076
1956,2053
1949,2037
1936,2064
1922,2075
1914,2044
1897,2052
1895,2030
1892,2027
1885,2035
1881,2072
1876,2015
1871,2036
1861,2077
1863,2064
1866,2057
1866,2043
1867,2036
1865,2063
1868,2048
1875,2041
1890,2045
1887,2055
1896,2089
1900,2099
1899,2041
1903,2091
1915,2038
1917,2075
1933,2056
1936,2078
1941,2045
1949,2066
1947,2063
1955,2069
1968,2080
1984,2084
1997,2073
2001,2060
2012,2057
2027,2087
2048,2068
2059,2092
2063,2063
2087,2060
2101,2080
2112,2063
2123,2055
2142,2075
2155,2068
2158,2075
2159,2079
2169,2024
2184,2076
2181,2069
2187,2056
2181,2073
2188,2039
2199,2058
2196,2088
2189,2011
2187,2041
2187,2090
2189,2047
2192,2063
2199,2033
2188,2098
2188,2039
2181,2033
2184,2063
2180,2032
2172,2087
2161,2028
2151,2074
2147,2081
2133,2084
2117,2056
2115,2085
2097,2083
2090,2069
2071,2027
2056,2081
2044,2069
2035,2066
2033,2036
2025,2048
2015,2072
2015,2080
2004,2063
2000,2051
1993,2038
1981,2063
1981,2035
1986,2026
1980,2025
1975,2071
1979,2073
1963,2055
1963,2041
1973,2029
1969,2072
1968,2057
1961,2037
1971,2070
1970,2064
1973,2043
1979,2048
1988,2070
1996,2062
1999,2046
2012,2033
2011,2023
2035,2063
2032,2086
2040,2053
2055,2053
2069,2041
2083,2063
2090,2019
2106,2029
2116,2025
2127,2071
2133,2063
2137,2057
2156,2057
2160,2021
2164,2024
2169,2028
2179,2041
2192,2066
2200,2041
2195,2053
2215,2029
2213,2056
2217,2069
2234,2058
2233,2056
2247,2048
2252,2033
2249,2039
2259,2043
2266,2056
2264,2060
2261,2068
2249,2040
2252,2029
2238,2053
2236,2071
2232,2063
2219,2040
2203,2029
2187,2017
2171,2019
2169,2090
2157,2010
2149,2043
2147,2041
2133,2045
2123,2027
2107,2064
2091,2056
2089,2006
2076,2044
2063,2023
2059,2033
2031,2098
2025,2037
2013,2071
1991,2056
1980,2065
1965,2068
1947,2041
1938,2074
1935,2040
1908,2027
1911,2075
1904,2024
1897,2067
1888,2063
1890,2063
1886,2048
1885,2064
1873,2043
1879,2071
1875,2087
1876,2086
1879,2023
1869,2065
1880,2075
1884,2042
1884,2072
1883,2072
1889,2056
1893,2068
1900,2069
1903,2063
1916,2043
1911,2037
1927,2055
1936,2063
1947,2028
1952,2057
1951,2031
1976,2083
1979,2074
1988,2058
2000,2069
2005,2068
2017,2048
2017,2067
2032,2040
2035,2055
2056,2077
2063,2047
2065,2067
2080,2055
2089,2029
2089,2043
2093,2055
2104,2059
2107,2056
2111,2025
2107,2030
2115,2055
2110,2067
2115,2065
2105,2055
2101,2024
2104,2076
2096,2074
2091,2073
2084,2045
2072,2025
2071,2039
2063,2029
2072,2039
2058,2056
2045,2063
2053,2047
2037,2068
2024,2056
2017,2071
2009,2045
2001,2039
1994,2069
1977,2035
1974,2053
1957,2072
1953,2059
1933,2053
1932,2092
1912,2015
1919,2065
1901,2087
1900,2081
1900,2087
1887,2071
1887,2053
1881,2072
1883,2060
1879,2040
1881,2065
1887,2071
1885,2073
1883,2069
1877,2078
1895,2087
1892,2062
1893,2063
1899,2045
1903,2023
1912,2072
1912,2048
1928,2056
1933,2029
1927,2039
1949,2056
1952,2063
1967,2065
1967,2035
1976,2037
1989,2009
1997,2065
2008,2073
2024,2034
2029,2065
2034,2040
2054,2048
2054,2040
2072,2063
2087,2067
2091,2072
2107,2069
2119,2024
2125,2065
2136,2048
2143,2063
2159,2051
2161,2063
2179,2005
2192,2057
2191,2051
2200,2033
2196,2057
2211,2063
2219,2070
2212,2051
2217,2046
2220,2021
2215,2043
2213,2056
2204,2058
2211,2048
2208,2046
2204,2035
2204,2063
2200,2025
2185,2089
2173,2011
2171,2065
2180,2039
2161,2045
2150,2011
2147,2048
2143,2082
2143,2065
2131,2040
2121,2069
2117,2064
2116,2063
2106,2073
2095,2083
2091,2056
2074,2055
2063,2023
2057,2043
2056,2063
2044,2037
2040,2071
2032,2063
2020,2040
2012,2068
2006,2021
2005,2058
1995,2072
1995,2058
1984,2051
1984,2063
1977,2035
1978,2057
1979,2037
1971,2027
1971,2053
1971,2020
1976,2043
1965,2022
1976,2021
1982,2029
1973,2028
1987,2037
1987,2026
1991,2011
1992,2040
1991,2015
1993,2045
1999,2045
2004,2057
2012,2054
2006,2016
2010,2041
2011,2039
2008,2056
2020,2035
2029,2036
2021,2027
2029,2043
2032,2068
2032,2070
2035,2008
2035,2043
2038,2033
2035,2033
2039,2040
2051,2064
2064,2043
2066,2058
2065,2027
2068,2067
2067,2046
2075,2039
2068,2041
2071,2008
2067,2067
2071,2068
2067,2040
2063,2035
2060,2059
2067,2064
2044,2081
2035,2017
2035,2009
2029,2032
2028,2027
2015,2074
2016,2036
2012,2063
1997,2025
2000,2047
1996,2035
1981,2045
1977,2072
1972,2063
1963,2063
1953,2031
1951,2079
1947,2021
1944,2055
1928,2083
1911,2037
1911,2040
1901,2053
1901,2072
1895,2071
1892,2023
1884,2059
1873,2071
1876,2080
1868,2088
1868,2036
1865,2061
1871,2063
1868,2079
1871,2076
1868,2033
1869,2072
1865,2041
1870,2040
1869,2088
1879,2063
1869,2068
1869,2042
1877,2021
1889,2059
1896,2090
1897,2071
1912,2047
1915,2045
1925,2034
1931,2063
1943,2055
1955,2055
1961,2033
1963,2063
1984,2067
1997,2065
2008,2086
2024,2072
2039,2087
2045,2077
2059,2043
2073,2039
2080,2069
2089,2063
2100,2071
2116,2053
2119,2083
2144,2075
2144,2076
2149,2072
2170,2027
2176,2069
2187,2068
2201,2055
2209,2079
2217,2073
2224,2075
2231,2084
2231,2073
2233,2065
2237,2043
2239,2067
2247,2103
2245,2081
2245,2072
2247,2065
2240,2071
2225,2033
2233,2043
2219,2071
2215,2080
2224,2040
2218,2069
2210,2065
2204,2038
2196,2080
2190,2037
2181,2075
2182,2042
2167,2043
2157,2079
2160,2039
2149,2069
2139,2039
2136,2066
2131,2080
2120,2054
2115,2063
2103,2019
2095,2009
2088,2087
2085,2063
2077,2045
2073,2060
2068,2045
2071,2071
2071,2057
2060,2076
2072,2039
2053,2075
2063,2080
2056,2063
2053,2019
2060,2041
2063,2035
2063,2043
2063,2056
2075,2060
2081,2035
2075,2039
2090,2052
2091,2054
2096,2071
2103,2034
2107,2056
2118,2063
2108,2027
2123,2089
2131,2027
2137,2025
2139,2071
2156,2056
2155,2032
2165,2045
2173,2011
2188,2051
2186,2063
2197,2029
2205,2023
2203,2033
2215,2021
2224,2058
2225,2056
2235,2025
2252,2043
2251,2051
2249,2063
2249,2021
2257,2053
2257,2043
2260,2048
2255,2035
2249,2039
2248,2041
2251,2043
2235,2035
2240,2046
2237,2057
2221,2035
2224,2043
2212,2043
2205,2067
2200,2056
2184,2047
2171,2019
2148,2003
2157,2035
2144,2011
2133,2029
2126,2015
2120,2037
2094,2041
2092,2029
2069,2048
2067,2029
2055,2040
2037,2077
2031,2043
2020,2025
1995,2043
1987,2068
1980,2055
1969,2029
1961,2039
1959,2041
1951,2059
1942,2080
1935,2019
1931,2076
1925,2063
1915,2063
1924,2056
1929,2067
1931,2043
1928,2069
1930,2018
1929,2031
1927,2063
1937,2064
1939,2082
1943,2067
1947,2072
1953,2056
1959,2069
1969,2047
1979,2058
1983,2080
1981,2053
1991,2041
1993,2037
2015,2056
2021,2046
2025,2053
2039,2071
2041,2053
2068,2043
2072,2074
2079,2081
2084,2043
2089,2054
2108,2075
2105,2051
2122,2063
2115,2040
2125,2068
2124,2037
2135,2055
2144,2039
2144,2065
2157,2035
2149,2041
2155,2064
2156,2028
2151,2053
2164,2039
2164,2068
2159,2079
2161,2067
2160,2072
2155,2098
2147,2069
2143,2037
2141,2080
2136,2042
2123,2068
2117,2003
2112,2035
2104,2075
2096,2036
2089,2040
2076,2072
2071,2071
2056,2039
2054,2054
2040,2077
2031,2074
2016,2094
2007,2037
2001,2039
1999,2037
1990,2080
1973,2072
1959,2067
1953,2073
1953,2033
1945,2046
1937,2056
1927,2074
1924,2071
1905,2063
1907,2037
1902,2066
1898,2040
1896,2033
1891,2044
1888,2045
1892,2063
1889,2066
1895,2063
1885,2023
1887,2055
1883,2008
1895,2041
1899,2027
1905,2075
1913,2070
1920,2041
1915,2071
1930,2007
1938,2033
1952,2040
1965,2031
1960,2048
1967,2029
1984,2053
1992,2083
2005,2067
2005,2075
2016,2039
2039,2072
2037,2012
2053,2057
2076,2069
2081,2067
2087,2027
2091,2063
2110,2078
2122,2052
2129,2060
2137,2048
2137,2039
2148,2037
2156,2035
2169,2027
2173,2063
2184,2009
2189,2068
2209,2026
2201,2065
2205,2023
2205,2025
2200,2035
2205,2063
2209,2041
2212,2043
2211,2039
2199,2025
2204,2015
2187,2067
2187,2035
2176,2041
2171,2056
2171,2068
2157,2060
2152,2043
2135,2045
2136,2035
2124,2074
2116,2081
2109,2073
2109,2066
2094,2055
2088,2065
2077,2068
2071,2019
2063,2053
2048,2067
2040,2080
2032,2063
2028,2043
2015,2027
2004,2077
2000,2065
1991,2054
1981,2067
1973,2067
1971,2063
1971,2063
1973,2039
1971,2042
1971,2053
1963,2029
1965,2029
1965,2069
1961,2054
1969,2045
1971,2060
1973,2032
1980,2034
1979,2063
1994,2017
1996,2057
2001,2043
2003,2071
2016,2055
2019,2035
2025,2033
2030,2055
2037,2073
2057,2048
2063,2070
2063,2063
2073,2029
2085,2033
2088,2063
2103,2040
2106,2039
2119,2072
2130,2024
2137,2072
2145,2057
2147,2069
2147,2068
2157,2033
2165,2063
2173,2059
2179,2053
2195,2067
2198,2033
2193,2031
2199,2030
2205,2019
2216,2056
2214,2063
2211,2063
2217,2061
2216,2040
2212,2063
2208,2066
2203,2029
2199,2063
2195,2029
2192,2027
2190,2039
2184,2056
2176,2080
2168,2076
2163,2067
2148,2080
2143,2072
2139,2043
2119,2072
2112,2048
2104,2023
2089,2074
2079,2055
2063,2056
2060,2071
2042,2029
2025,2055
2019,2055
2009,2055
2002,2065
1984,2053
1984,2039
1972,2058
1962,2059
1960,2073
1947,2053
1935,2041
1933,2076
1917,2037
1925,2021
1917,2075
1915,2056
1905,2065
1888,2046
1900,2061
1895,2080
1894,2027
1899,2039
1896,2088
1889,2032
1899,2056
1899,2035
1899,2103
1904,2065
1912,2071
1915,2072
1914,2035
1919,2033
1937,2058
1935,2071
1935,2018
1939,2062
1955,2040
1962,2043
1961,2017
1976,2025
1984,2039
1981,2036
1995,2007
2004,2056
2007,2043
2015,2055
2024,2011
2030,2074
2027,2056
2043,2060
2041,2066
2066,2074
2063,2065
2067,2058
2071,2071
2080,2028
2076,2033
2083,2031
2094,2043
2101,2040
2087,2053
2096,2065
2089,2056
2083,2063
2083,2025
2085,2063
2086,2025
2072,2069
2076,2071
2075,2041
2063,2056
2055,2044
2048,2040
2043,2071
2039,2072
2029,2069
2019,2068
2017,2023
2009,2072
2009,2061
2000,2087
1989,2063
1979,2056
1979,2062
1965,2033
1963,2057
1951,2064
1944,2066
1943,2043
1933,2072
1920,2029
1915,2070
1907,2074
1898,2055
1898,2043
1895,2084
1895,2041
1897,2067
1896,2076
1893,2031
1887,2054
1901,2059
1893,2066
1899,2058
1906,2036
1911,2039
1905,2057
1915,2048
1928,2082
1916,2021
1931,2067
1932,2039
1951,2083
1959,2092
1957,2041
1969,2007
1976,2056
1989,2048
1995,2065
2005,2063
2024,2067
2017,2029
2029,2057
2055,2040
2063,2063
2080,2088
2085,2023
2087,2057
2103,2018
2115,2076
2126,2061
2136,2076
2146,2080
2157,2065
2161,2035
2172,2057
2183,2061
2200,2064
2197,2060
2203,2080
2212,2063
2213,2048
2228,2055
2227,2029
2228,2026
2229,2063
2233,2013
2235,2070
2233,2045
2219,2027
2219,2037
2227,2036
2224,2071
2224,2081
2217,2054
2211,2071
2209,2065
2199,2037
2195,2056
2184,2058
2190,2041
2169,2043
2178,2056
2168,2089
2160,2033
2145,2023
2137,2030
2131,2039
2121,2041
2114,2071
2103,2054
2100,2080
2090,2097
2088,2037
2076,2083
2080,2066
2065,2079
2067,2070
2041,2079
2060,2084
2048,2053
2044,2023
2045,2071
2039,2040
2043,2040
2039,2063
2033,2026
2037,2035
2035,2040
2032,2044
2033,2072
2033,2071
2041,2035
2039,2036
2048,2056
2061,2069
2063,2073
2069,2076
2067,2037
2076,2051
2085,2043
2084,2035
2092,2065
2093,2063
2103,2055
2111,2060
2119,2032
2127,2042
2125,2072
2133,2032
2139,2024
2151,2072
2157,2057
2153,2063
2169,2031
2176,2027
2179,2046
2176,2037
2184,2043
2187,2071
2200,2019
2195,2043
2193,2058
2204,2063
2206,2055
2208,2040
2205,2059
2200,2041
2211,2059
2200,2041
2200,2054
2201,2053
2195,2057
2188,2033
2183,2031
2182,2075
2168,2076
2163,2059
2153,2048
2146,2063
2127,2043
2119,2063
2107,2047
2099,2046
2087,2032
2073,2045
2059,2031
2044,2055
2037,2045
2027,2059
2019,2045
2005,2037
1997,2065
1995,2072
1976,2052
1971,2057
1958,2065
1948,2019
1935,2055
1925,2039
1907,2072
1908,2068
1895,2076
1888,2063
1873,2040
1874,2013
1866,2026
1863,2067
1863,2027
1847,2066
1855,2072
1853,2073
1853,2073
1847,2019
1859,2033
1862,2065
1849,2063
1871,2024
1872,2074
1867,2055
1878,2072
1883,2051
1883,2074
1896,2040
1899,2041
1901,2037
1914,2078
1925,2074
1917,2037
1931,2063
1941,2015
1963,2048
1961,2060
1966,2071
1971,2024
1985,2057
1987,2062
2008,2041
2016,2043
2012,2027
2028,2074
2038,2053
2056,2044
2065,2043
2071,2036
2080,2075
2083,2068
2092,2057
2096,2057
2101,2056
2105,2075
2112,2071
2120,2066
2120,2051
2117,2042
2121,2056
2119,2080
2115,2067
2120,2082
2122,2058
2121,2044
2117,2067
2099,2048
2101,2038
2107,2053
2093,2015
2091,2043
2091,2079
2073,2058
2077,2052
2071,2059
2066,2040
2041,2065
2056,2088
2037,2071
2027,2077
2029,2060
2019,2063
2015,2057
2008,2075
1997,2066
1993,2037
1987,2044
1981,2066
1976,2063
1975,2045
1958,2059
1958,2065
1963,2079
1967,2078
1966,2039
1962,2029
1974,2073
1967,2040
1968,2075
1963,2037
1966,2017
1976,2037
1976,2087
1981,2060
1979,2053
1982,2041
1991,2056
1997,2073
2012,2068
2023,2034
2032,2077
2041,2057
2047,2056
2057,2041
2071,2023
2079,2075
2089,2044
2097,2028
2116,2079
2124,2072
2123,2067
2141,2027
2152,2051
2163,2046
2165,2037
2175,2005
2187,2010
2200,2021
2197,2072
2213,2057
2225,2031
2237,2025
2251,2027
2250,2053
2255,2073
2267,2055
2261,2059
2275,2059
2278,2055
2286,2022
2292,2040
2295,2067
2288,2054
2291,2067
2288,2068
2284,2045
2281,2055
2278,2028
2271,2063
2266,2021
2257,2070
2252,2063
2240,2052
2237,2071
2216,2063
2217,2033
2200,2075
2195,2027
2191,2019
2183,2025
2159,2056
2163,2064
2150,2076
2137,2085
2121,2044
2115,2033
2115,2073
2100,2013
2094,2051
2076,2041
2063,2017
2063,2048
2053,2037
2038,2056
2019,2045
2024,2058
2007,2029
2009,2044
2008,2065
2001,2048
2004,2063
2000,2065
1995,2069
1989,2048
1989,2075
1987,2041
1998,2040
1992,2037
1991,2064
1981,2031
1991,2044
1995,2044
2001,2045
1992,2040
2004,2045
2015,2059
2011,2070
2015,2035
2031,2072
2027,2075
2037,2042
2037,2022
2055,2056
2066,2027
2071,2066
2067,2043
2075,2039
2087,2031
2089,2040
2097,2080
2111,2037
2105,2033
2109,2056
2117,2075
2134,2059
2139,2067
2144,2042
2151,2063
2143,2057
2153,2032
2143,2059
2151,2025
2153,2084
2154,2041
2160,2069
2156,2033
2158,2041
2152,2044
2152,2070
2139,2075
2137,2066
2133,2041
2132,2074
2125,2074
2123,2031
2107,2044
2104,2065
2094,2032
2085,2048
2072,2076
2070,2063
2060,2067
2048,2088
2039,2072
2024,2064
2019,2079
2012,2077
2008,2048
1992,2044
1988,2038
1974,2069
1975,2045
1949,2035
1944,2075
1939,2057
1925,2061
1924,2039
1923,2054
1917,2067
1900,2067
1908,2076
1900,2063
1896,2071
1896,2031
1887,2029
1887,2064
1881,2015
1881,2059
1884,2088
1881,2045
1884,2043
1897,2068
1897,2043
1891,2046
1901,2080
1907,2053
1919,2063
1930,2073
1927,2039
1943,2033
1946,2065
1953,2058
1961,2037
1961,2037
1975,2082
1985,2073
1992,2025
2004,2073
2011,2057
2017,2047
2027,2051
2027,2058
2039,2063
2056,2051
2068,2012
2069,2041
2083,2064
2083,2057
2096,2068
2106,2056
2120,2045
2129,2046
2135,2045
2143,2075
2141,2063
2155,2059
2151,2059
2152,2025
2156,2017
2168,2054
2171,2056
2170,2035
2159,2037
2167,2091
2155,2027
2163,2009
2155,2029
2157,2037
2153,2025
2152,2063
2150,2043
2135,2021
2131,2057
2128,2067
2135,2071
2120,2040
2108,2047
2108,2047
2100,2077
2091,2058
2077,2053
2082,2039
2073,2061
2067,2056
2056,2027
2033,2088
2029,2065
2021,2023
2017,2053
2011,2083
1994,2051
2001,2035
1992,2077
1977,2072
1973,2041
1969,2041
1967,2048
1959,2035
1959,2063
1961,2056
1960,2025
1963,2071
1957,2029
1960,2037
1961,2033
1959,2056
1961,2013
1951,2044
1963,2058
1965,2068
1972,2088
1965,2058
1983,2080
1975,2039
1992,2071
1999,2065
2006,2072
2008,2048
2009,2067
2022,2064
2035,2018
2038,2003
2048,2072
2057,2060
2063,2063
2073,2069
2081,2065
2089,2047
2096,2041
2103,2063
2109,2054
2116,2054
2128,2070
2133,2045
2136,2057
2151,2072
2157,2056
2160,2037
2152,2028
2164,2019
2165,2065
2171,2068
2181,2055
2187,2043
2192,2039
2189,2037
2186,2027
2183,2040
2185,2092
2169,2052
2178,2051
2177,2019
2161,2055
2162,2009
2147,2045
2147,2063
2135,2054
2123,2073
2119,2034
2115,2073
2101,2043
2099,2063
2083,2069
2077,2048
2073,2080
2063,2071
2054,2056
2041,1997
2023,2056
2019,2062
2008,2066
2008,2048
1999,2075
1988,2081
1976,2071
1968,2043
1953,2041
1943,2040
1943,2068
1933,2063
1932,2075
1925,2077
1927,2048
1915,2063
1919,2043
1915,2043
1909,2055
1915,2043
1915,2072
1911,2068
1916,2080
1923,2066
1929,2068
1932,2041
1945,2075
1935,2068
1951,2058
1951,2063
1957,2064
1968,2057
1977,2036
1976,2065
1983,2067
1989,2065
2002,2025
2009,2065
2018,2063
2032,2052
2032,2067
2043,2057
2063,2047
2067,2021
2080,2056
2088,2073
2093,2048
2097,2039
2112,2017
2122,2038
2126,2056
2131,2039
2139,2045
2146,2056
2153,2075
2154,2071
2165,2055
2168,2071
2159,2043
2168,2043
2170,2048
2172,2079
2168,2043
2163,2044
2161,2041
2153,2071
2152,2059
2145,2025
2146,2071
2135,2029
2135,2015
2127,2059
2121,2043
2112,2081
2102,2064
2097,2040
2079,2089
2080,2039
2071,2039
2064,2073
2045,2040
2038,2023
2029,2065
2025,2027
2012,2039
2003,2076
1995,2035
1991,2042
1980,2065
1971,2073
1955,2056
1953,2038
1943,2067
1941,2040
1938,2029
1927,2067
1935,2063
1933,2063
1920,2068
1923,2064
1917,2023
1915,2063
1918,2067
1915,2058
1920,2066
1935,2042
1935,2071
1929,2032
1942,2041
1944,2068
1956,2011
1955,2035
1960,2053
1968,2045
1984,2063
1992,2057
1993,2063
2004,2039
2016,2064
2023,2048
2032,2028
2035,2040
2054,2067
2065,2063
2059,2055
2074,2043
2086,2068
2088,2033
2102,2043
2108,2071
2120,2045
2130,2044
2134,2071
2142,2063
2153,2041
2157,2033
2162,2048
2172,2056
2176,2071
2183,2071
2173,2023
2185,2066
2191,2056
2191,2055
2193,2057
2192,2042
2195,2056
2190,2045
2189,2057
2176,2027
2179,2041
2171,2072
2168,2042
2157,2031
2156,2073
2157,2027
2145,2075
2137,2064
2139,2087
2125,2074
2121,2074
2105,2063
2108,2042
2091,2079
2081,2063
2080,2076
2080,2071
2059,2083
2063,2080
2043,2087
2040,2043
2025,2057
2024,2055
2016,2071
2010,2021
2001,2075
1992,2063
1993,2068
1990,2073
1980,2029
1976,2044
1979,2037
1975,2021
1972,2079
1970,2063
1970,2032
1971,2085
1974,2057
1983,2057
1983,2063
1979,2063
1977,2048
1999,2073
1998,2063
1999,2089
2001,2042
2012,2075
2023,2078
2027,2032
2029,2024
2037,2056
2037,2045
2059,2027
2064,2051
2071,2066
2079,2040
2091,2046
2093,2048
2092,2029
2109,2036
2120,2058
2135,2044
2135,2084
2139,2052
2147,2071
2156,2071
2164,2038
2167,2057
2176,2062
2185,2064
2189,2021
2198,2033
2200,2067
2206,2072
2213,2039
2208,2071
2217,2073
2212,2073
2215,2051
2217,2009
2208,2030
2209,2071
2211,2021
2216,2070
2205,2041
2203,2041
2197,2048
2191,2032
2183,2029
2184,2081
2169,2019
2164,2037
2163,2063
2155,2058
2143,2074
2139,2063
2123,2043
2124,2089
2105,2043
2107,2043
2094,2055
2083,2037
2078,2059
2065,2057
2063,2015
2045,2012
2038,2020
2023,2069
2021,2041
2015,2043
2003,2059
1998,2051
1979,2009
1989,2063
1980,2057
1965,2088
1973,2063
1979,2060
1968,2072
1968,2044
1968,2056
1960,2058
1968,2031
1963,2037
1963,2043
1966,2060
1967,2025
1964,2079
1976,2040
1977,2080
1979,2040
1979,2068
1987,2065
1991,2041
2004,2029
2013,2053
2016,2015
2018,2069
2031,2058
2032,2081
2039,2039
2045,2052
2053,2043
2068,2028
2069,2021
2080,2057
2092,2034
2096,2056
2101,2046
2103,2073
2121,2048
2120,2043
2136,2041
2137,2057
2147,2037
2159,2067
2148,2067
2157,2041
2171,2067
2163,2047
2172,2063
2176,2065
2180,2056
2184,2071
2184,2031
2185,2070
2176,2075
2161,2021
2172,2066
2168,2072
2155,2019
2159,2013
2155,2054
2150,2068
2134,2039
2137,2063
2135,2059
2115,2088
2118,2041
2101,2081
2106,2043
2086,2048
2088,2078
2073,2040
2065,2061
2043,2045
2043,2040
2032,2065
2029,2060
2022,2073
1999,2057
1997,2039
1991,2048
1989,2071
1976,2075
1961,2037
1953,2063
1947,2040
1945,2043
1939,2056
1935,2076
1941,2073
1944,2060
1943,2039
1935,2027
1933,2055
1931,2018
1936,2043
1939,2044
1936,2055
1936,2055
1941,2051
1945,2058
1952,2066
1947,2041
1963,2039
1966,2027
1976,2063
1992,2069
1984,2039
2003,2088
2004,2072
2008,2035
2012,2055
2025,2071
2039,2041
2045,2041
2062,2074
2065,2057
2065,2031
2088,2057
2091,2032
2099,2067
2103,2055
2109,2039
2124,2071
2130,2047
2133,2043
2147,2055
2159,2023
2169,2063
2161,2063
2163,2026
2181,2027
2183,2033
2185,2041
2186,2067
2186,2047
2187,2063
2191,2057
2193,2043
2183,2071
2185,2053
2181,2035
2172,2067
2171,2065
2168,2086
2155,2056
2147,2053
2152,2068
2136,2055
2134,2097
2119,2047
2110,2055
2105,2055
2096,2037
2095,2069
2080,2069
2071,2039
2059,2029
2047,2063
2044,2041
2019,2056
2023,2077
2011,2039
2006,2057
1999,2023
1991,2056
1969,2073
1968,2035
1957,2031
1954,2057
1945,2055
1941,2080
1941,2058
1929,2066
1928,2078
1933,2069
1928,2057
1935,2067
1923,2035
1933,2069
1937,2066
1935,2025
1928,2039
1943,2040
1938,2053
1940,2040
1950,2053
1963,2063
1961,2063
1973,2040
1979,2034
1987,2071
1986,2040
1997,2063
2012,2063
2015,2073
2023,2069
2040,2054
2041,2044
2044,2068
2068,2039
2077,2041
2077,2007
2093,2027
2093,2057
2100,2057
2117,2039
2117,2017
2124,2041
2136,2058
2143,2045
2145,2023
2158,2057
2157,2035
2172,2055
2173,2073
2183,2075
2171,2071
2167,2040
2182,2018
2184,2042
2171,2057
2173,2071
2170,2063
2168,2025
2167,2069
2152,2053
2150,2067
2151,2058
2135,2063
2135,2029
2121,2053
2121,2072
2115,2042
2095,2083
2088,2084
2089,2044
2080,2048
2067,2041
2068,2058
2052,2043
2037,2070
2035,2080
2022,2064
2007,2045
1998,2056
1999,2043
1987,2072
1982,2073
1965,2080
1955,2045
1947,2058
1947,2056
1943,2027
1940,2036
1936,2033
1928,2025
1932,2083
1928,2045
1935,2056
1932,2063
1930,2040
1936,2072
1943,2060
1940,2063
1940,2077
1949,2063
1945,2067
1947,2039
1962,2068
1958,2029
1969,2045
1982,2071
1992,2053
1999,2074
2002,2056
2008,2060
2017,2056
2028,2084
2033,2040
2041,2066
2051,2063
2065,2087
2068,2019
2081,2033
2091,2035
2091,2019
2105,2053
2119,2057
2121,2059
2131,2043
2141,2067
2143,2074
2152,2023
2166,2065
2173,2035
2183,2035
2181,2053
2190,2021
2185,2023
2203,2017
2200,2056
2197,2043
2203,2075
2207,2072
2195,2055
2202,2068
2196,2074
2201,2069
2196,2043
2187,2063
2189,2060
2176,2071
2165,2057
2165,2076
2156,2057
2147,2075
2137,2064
2140,2029
2129,2035
2123,2035
2112,2065
2100,2053
2100,2035
2083,2085
2073,2071
2071,2056
2069,2053
2043,2059
2047,2088
2040,2073
2023,2013
2024,2063
2009,2029
2010,2070
1998,2088
1972,2029
1977,2042
1977,2076
1973,2062
1968,2056
1975,2063
1964,2053
1966,2058
1960,2023
1963,2063
1964,2037
1962,2039
1967,2057
1964,2058
1961,2043
1974,2072
1965,2072
1971,2067
1982,2039
1989,2063
1992,2021
2001,2066
2003,2035
2007,2056
2017,2029
2023,2070
2024,2039
2033,2019
2044,2041
2040,2055
2060,2059
2069,2023
2071,2063
2075,2033
2080,2037
2094,2069
2103,2024
2101,2048
2112,2055
2120,2023
2121,2057
2131,2064
2144,2040
2151,2040
2153,2055
2167,2043
2157,2025
2149,2041
2169,2061
2175,2079
2174,2044
2169,2039
2167,2035
2162,2041
2170,2039
2167,2046
2159,2023
2151,2042
2155,2084
2153,2045
2151,2053
2144,2036
2137,2070
2131,2067
2127,2018
2116,2071
2106,2063
2104,2068
2090,2041
2084,2034
2077,2062
2067,2048
2062,2071
2053,2067
2030,2016
2033,2037
2020,2053
2003,2048
1997,2025
1993,2043
1984,2079
1980,2074
1972,2034
1966,2057
1947,2067
1952,2077
1938,2076
1940,2071
1936,2075
1927,2053
1929,2058
1931,2059
1903,2064
1933,2057
1930,2080
1931,2043
1929,2055
1932,2067
1927,2073
1930,2069
1937,2065
1940,2076
1951,2065
1953,2081
1957,2080
1968,2058
1975,2047
1980,2040
1992,2065
1999,2075
2001,2063
1995,2102
2024,2087
2030,2042
2037,2076
2055,2070
2068,2089
2063,2021
2083,2080
2094,2077
2102,2055
2107,2017
2113,2055
2128,2039
2133,2079
2137,2055
2151,2037
2167,2040
2163,2059
2176,2070
2189,2063
2196,2068
2195,2038
2209,2079
2205,2066
2201,2068
2203,2028
2217,2065
2204,2068
2212,2071
2208,2039
2211,2057
2204,2032
2199,2063
2195,2037
2193,2036
2189,2068
2191,2060
2175,2080
2173,2056
2170,2098
2160,2041
2147,2063
2144,2098
2135,2048
2124,2098
2111,2072
2113,2045
2105,2058
2099,2039
2088,2067
2084,2031
2077,2079
2069,2066
2055,2059
2052,2042
2040,2072
2039,2036
2027,2035
2017,2066
2010,2071
2009,2037
2002,2072
1997,2068
1994,2075
2000,2066
1993,2071
1995,2063
1996,2058
2000,2041
2000,2040
1993,2063
1995,2043
2001,2065
2009,2044
2011,2034
2013,2051
2024,2041
2029,2063
2036,2063
2046,2072
2052,2065
2061,2019
2067,2035
2071,2057
2073,2056
2091,2070
2089,2025
2106,2039
2101,2051
2121,2081
2131,2025
2133,2063
2151,2073
2150,2037
2167,2075
2164,2040
2172,2080
2184,2039
2190,2037
2189,2063
2210,2073
2208,2032
2209,2023
2216,2062
2221,2042
2227,2055
2232,2068
2234,2070
2232,2046
2240,2025
2236,2057
2227,2055
2225,2038
2219,2076
2219,2047
2209,2059
2208,2073
2202,2048
2199,2080
2192,2044
2181,2090
2172,2063
2167,2078
2157,2073
2144,2061
2139,2063
2129,2080
2115,2041
2105,2047
2101,2041
2079,2074
2082,2054
2067,2059
2063,2047
2051,2068
2035,2080
2027,2048
2009,2071
2003,2078
1995,2056
1980,2036
1979,2068
1975,2087
1972,2068
1956,2084
1959,2056
1940,2056
1947,2084
1944,2035
1935,2025
1935,2081
1944,2073
1937,2072
1927,2076
1929,2072
1941,2093
1932,2041
1931,2066
1943,2063
1943,2076
1944,2064
1947,2080
1957,2035
1961,2060
1962,2079
1973,2035
1980,2063
1989,2054
1993,2072
2000,2035
2001,2071
2007,2056
2021,2059
2028,2021
2035,2052
2037,2080
2039,2023
2064,2059
2074,2029
2079,2035
2088,2045
2089,2073
2097,2023
2104,2057
2103,2075
2122,2043
2127,2081
2131,2037
2141,2068
2142,2033
2137,2075
2144,2067
2151,2068
2148,2058
2150,2067
2144,2072
2149,2046
2135,2069
2140,2045
2136,2080
2130,2088
2130,2044
2118,2068
2119,2039
2110,2039
2104,2047
2093,2072
2089,2046
2077,2041
2072,2056
2065,2068
2056,2072
2053,2057
2041,2078
2027,1991
2011,2041
2012,2045
2005,2076
1995,2066
1979,2064
1971,2075
1970,2051
1948,2072
1953,2069
1943,2071
1938,2053
1935,2041
1928,2037
1920,2067
1919,2056
1911,2037
1915,2053
1914,2056
1904,2055
1901,2064
1908,2043
1900,2041
1905,2075
1894,2027
1907,2023
1918,2090
1916,2066
1925,2080
1928,2021
1936,2008
1943,2021
1943,2071
1959,2019
1959,2063
1976,1991
1968,2039
1978,2048
1982,2017
2008,2056
2007,2044
2017,2027
2031,2067
2041,2017
2044,2043
2055,2041
2063,2031
2076,2015
2087,2029
2091,2041
2103,2044
2109,2073
2119,2064
2126,2063
2140,2055
2145,2057
2145,2067
2155,2025
2163,2034
2168,2071
2174,2064
2180,2029
2186,2041
2181,2035
2187,2043
2189,2075
2191,2025
2184,2082
2185,2056
2171,2059
2163,2065
2165,2035
2169,2032
2160,2058
2159,2056
2149,2047
2144,2035
2135,2072
2133,2075
2126,2080
2109,2068
2106,2071
2098,2078
2091,2035
2080,2072
2074,2068
2063,2078
2055,2037
2048,2024
2039,2017
2026,2017
2019,2021
2003,2047
1995,2027
1999,2056
1991,2066
1976,2041
1974,2020
1969,2027
1965,2065
1962,2067
1955,2021
1947,2028
1954,2064
1951,2071
1951,2071
1952,2063
1952,2009
1960,2023
1955,2073
1955,2055
1956,2001
1957,2019
1959,2057
1963,2043
1971,2037
1976,2087
1979,2045
1993,2078
1996,2032
2006,2072
2016,2017
2021,2067
2031,2063
2035,2040
2045,2059
2053,2025
2068,2070
2072,2025
2080,2056
2085,2063
2098,2024
2107,2044
2108,2039
2116,2023
2128,2036
2131,2063
2132,2025
2149,2033
2151,2029
2155,2029
2169,2025
2163,2073
2175,2051
2184,2060
2185,2048
2187,2067
2183,2032
2188,2019
2189,2036
2183,2035
2183,2071
2187,2040
2171,2039
2176,2014
2165,2091
2155,2063
2161,2056
2152,2035
2144,2073
2139,2036
2131,2021
2119,2042
2116,2080
2103,2063
2099,2035
2089,2041
2069,2067
2075,2068
2057,2041
2060,2040
2042,2044
2019,2064
2023,2054
2012,2037
2007,2031
1999,2048
1991,2068
1980,2035
1971,2039
1963,2063
1959,2075
1948,2035
1939,2020
1943,2072
1939,2058
1937,2040
1936,2063
1933,2040
1929,2051
1928,2075
1927,2054
1932,2066
1932,2073
1929,2041
1932,2055
1931,2077
1941,2067
1945,2048
1957,2073
1947,2043
1959,2035
1971,2055
1977,2055
1981,2069
1997,2060
2001,2067
2003,2044
2012,2033
2012,2039
2034,2041
2042,2029
2047,2028
2063,2071
2073,2037
2073,2035
2093,2024
2093,2069
2103,2043
2106,2044
2122,2089
2115,2039
2137,2025
2140,2036
2147,2025
2160,2032
2155,2069
2166,2055
2168,2029
2173,2072
2171,2023
2174,2073
2184,2057
2180,2018
2181,2067
2182,2057
2169,2067
2173,2029
2163,2063
2169,2058
2161,2075
2159,2063
2152,2068
2151,2029
2139,2072
2135,2072
2128,2038
2112,2063
2109,2043
2109,2039
2093,2041
2087,2063
2073,2044
2067,2058
2063,2071
2048,2087
2040,2039
2032,2039
2019,2027
2019,2065
2013,2080
2012,2071
2000,2939
2015,1752
1999,482
1931,1208
1871,1712
1901,624
1894,1292
1887,1540
1904,4095
1846,1849
1816,421
1836,3143
1832,1735
1807,8
1891,1745
2024,4095
2195,2288
2207,2888
2040,345
2002,0
2103,953
2335,2164
2489,1547
2509,3092
2291,4095
2060,3
2088,1227
2352,3363
2596,3809
2648,2594
2576,1664
2410,882
2462,1493
2597,3116
2792,2360
2857,1946
2839,1332
2755,320
2612,1632
2504,3340
2464,2749
2471,1907
2445,2455
2395,2220
2268,1467
2120,1763
1965,1954
2032,1884
2193,2651
2219,2566
2119,1495
1961,1304
1821,1971
1792,2653
1854,2939
1824,2595
1696,2017
1506,1850
1292,1261
1186,1187
1135,2208
1084,2799
1031,2487
915,1995
759,1846
663,1511
632,1698
693,2017
832,2257
949,2181
1035,2181
1079,1887
1161,1926
1271,2005
1416,2093
1515,1745
1575,1721
1599,2177
1644,2456
1687,1936
1756,1340
1863,1704
1957,2147
2048,2199
2107,2272
2167,2221
2211,2087
2248,1822
2275,1737
2303,1709
2344,1826
2408,2195
2465,2121
2499,1883
2531,1739
2540,2009
2585,2248
2649,2182
2726,2203
2742,2184
2703,2083
2631,1886
2586,1936
2605,1980
2643,2115
2674,2368
2652,2307
2553,2009
2444,1895
2385,2205
2365,2311
2362,2283
2325,2116
2238,2020
2134,1928
2035,1915
1971,1970
1963,2122
1978,2296
1965,2362
1938,2267
1923,1923
1941,1761
2021,1975
2138,2243
2256,2421
2329,2302
2345,2023
2340,1751
2358,1560
2392,1800
2450,2297
2474,2568
2460,2335
2423,1915
2395,1684
2385,1760
2407,2163
2426,2565
2402,2408
2384,1959
2349,1807
2343,1744
2368,1878
2421,2185
2483,2314
2535,2255
2584,2221
2616,2182
2661,2068
2702,2007
2744,2085
2779,2118
2792,2260
2760,2336
2728,2245
2684,2017
2650,1799
2640,1859
2630,2090
2599,2327
2552,2289
2483,2106
2431,2044
2394,1876
2376,1835
2362,1987
2341,2200
2315,2256
2257,2156
2195,2012
2151,1904
2119,1903
2112,1959
2108,2063
2073,2085
2019,2092
1974,2043
1928,1959
1916,1960
1916,1967
1929,1955
1924,1935
1899,2042
1851,2091
1808,2041
1776,2033
1751,1975
1751,1963
1721,1992
1696,2059
1657,2139
1645,2090
1655,2021
1688,1963
1738,1884
1773,1841
1815,1933
1853,2075
1907,2080
1943,1956
1991,1971
2029,2030
2063,1988
2087,2030
2118,2001
2141,1987
2156,2015
2155,2030
2184,2007
2203,1978
2203,1911
2211,1896
2219,1935
2215,2053
2218,2148
2234,2170
2235,2077
2233,1975
2235,1895
2252,1955
2248,2084
2257,2147
2243,2117
2235,2011
2223,1994
2201,1979
2185,2004
2169,2023
2165,2037
2155,2068
2131,2063
2100,2005
2071,2015
2037,2072
1997,2079
1947,2059
1905,2031
1851,2063
1801,2112
1732,2027
1685,1993
1645,1973
1616,1980
1580,2082
1533,2097
1493,2091
1439,2090
1386,2059
1340,2003
1305,2063
1259,2083
1201,2101
1139,2030
1091,1993
1043,1983
1012,2031
1003,2092
985,2136
995,2116
1013,2057
1031,2063
1075,2093
1125,2053
1186,2063
1245,2070
1313,2067
1366,2063
1424,2104
1464,2131
1513,2113
1555,2107
1613,2110
1651,2115
1696,2109
1751,2135
1799,2137
1849,2035
1917,2008
1974,2041
2042,2109
2121,2119
2191,2103
2272,2143
2347,2080
2423,2093
2505,2102
2585,2129
2668,2118
2734,2167
2794,2105
2839,2005
2883,2085
2916,2153
2951,2108
2972,2129
2979,1997
2991,2071
2983,2083
2978,2223
2956,2107
2925,2136
2889,2032
2827,2008
2763,2107
2707,2069
2635,2089
2583,1997
2512,2080
2443,2059
2356,2099
2289,2109
2264,2102
2229,2129
2211,2023
2179,2097
2147,2083
2115,2077
2081,2025
2076,2037
2056,2039
2021,1954
1981,2003
1932,2071
1868,2059
1817,2035
1765,2091
1731,2081
1697,2089
1681,2079
1672,2067
1645,2071
1640,2001
1661,1986
1683,1971
1716,1950
1760,1911
1805,1889
1864,1993
1941,2072
2003,2123
2087,2152
2159,2109
2233,2075
2316,1977
2385,1981
2447,1995
2496,2007
2535,1971
2567,1937
2575,1924
2580,1929
2587,1997
2605,2063
2609,2099
2595,2119
2581,2097
2577,2035
2555,2053
2544,2040
2536,1963
2516,1993
2504,1960
2483,1979
2457,1972
2437,2001
2421,1995
2399,2027
2365,2019
2330,2039
2293,2027
2231,2002
2179,2017
2123,2017
2057,2017
1995,1989
1942,2010
1875,2014
1817,2011
1760,2057
1706,1992
1657,1975
1619,2067
1592,2060
1567,2020
1525,2047
1500,2043
1482,2015
1461,2036
1443,2056
1427,2025
1415,2035
1389,2035
1375,2040
1368,2035
1369,2027
1389,2029
1403,2043
1429,2043
1451,2021
1494,2011
1541,1995
1593,2055
1644,2108
1689,2107
1733,2073
1776,2135
1823,2059
1874,2101
1912,2120
1951,2111
1979,2071
2029,2087
2067,2089
2103,2067
2144,2074
2167,2058
2197,2132
2209,2080
2227,2120
2236,2069
2252,2091
2249,2088
2259,2105
2276,2109
2279,2117
2293,2088
2307,2099
2321,2088
2344,2104
2364,2152
2376,2127
2391,2103
2378,2053
2376,2063
2376,2130
2371,2092
2353,2127
2344,2104
2317,2116
2289,2103
2260,2087
2231,2121
2215,2107
2187,2076
2164,2103
2130,2037
2100,2103
2087,2103
2080,2098
2057,2105
2071,2099
2068,2099
2067,2104
2072,2069
2075,2112
2076,2120
2080,2081
2073,2066
2084,2095
2084,2116
2077,2053
2071,2055
2072,2124
2065,2109
2070,2072
2067,2063
2072,2041
2071,2086
2066,2063
2070,2071
2080,2041
2089,2033
2103,2063
2121,2019
2124,2039
2145,2069
2160,2089
2176,2102
2193,2063
2216,2021
2236,2079
2245,2039
2258,2047
2259,2007
2259,2040
2259,2035
2253,2032
2234,2001
2221,2024
2204,2044
2187,2006
2161,2028
2133,1993
2121,2045
2103,2044
2082,1995
2079,2019
2052,2056
2035,2044
2020,2041
2019,2063
2001,2031
1975,2022
1970,1981
1946,2003
1924,2008
1902,2033
1874,1993
1845,2028
1822,2017
1806,2009
1780,2008
1759,2011
1735,1999
1705,2024
1687,1965
1664,2005
1643,1977
1608,1944
1595,1956
1580,2009
1568,2018
1559,2037
1567,2020
1567,2028
1583,1992
1579,2041
1602,1965
1597,2065
1603,1991
1592,2040
1591,2021
1593,2094
1589,1993
1575,1955
1577,2028
1587,2015
1588,2014
1595,1950
1593,2016
1593,1973
1585,2064
1603,2024
1614,2020
1643,2066
1674,2013
1677,2024
1697,2067
1722,2041
1751,2002
1777,2056
1813,2040
1837,2028
1837,2021
1849,1991
1853,1947
1867,2024
1863,2033
1868,2039
1877,2064
1898,2059
1913,2054
1932,2035
1954,2065
1957,1985
1975,2021
1987,2038
2003,1985
2011,1989
2027,2043
2040,2048
2060,2099
2063,2112
2069,2152
2080,2096
2087,2072
2099,2028
2115,2090
2117,2041
2129,2066
2121,2075
2125,2067
2130,1995
2133,2042
2136,2078
2144,2123
2144,2155
2146,2154
2136,2120
2135,2127
2135,2101
2144,2082
2147,2063
2158,2060
2155,2071
2172,2099
2187,2100
2185,2095
2203,2041
2201,2085
2219,2099
2213,2127
2203,2075
2205,2103
2195,2088
2189,2055
2191,2067
2188,2091
2197,2097
2203,2065
2207,2099
2208,2074
2213,2120
2222,2071
2240,2080
2252,2063
2260,2072
2266,2048
2272,2059
2284,2073
2283,2112
2301,2093
2327,2052
2328,2055
2336,2080
2347,2057
2359,2065
2380,2063
2405,2064
2428,2041
2447,2056
2464,2044
2488,2078
2507,2042
2533,2057
2548,2041
2571,2058
2583,2109
2599,2066
2608,2056
2627,2057
2633,2037
2656,2052
2679,2039
2695,2043
2716,2064
2740,2031
2760,2016
2769,2036
2772,2024
2774,2064
2772,2045
2763,2009
2741,2025
2733,2077
2715,2065
2693,2017
2671,2028
2644,2039
2619,2003
2605,2047
2581,2057
2564,2040
2529,2013
2507,2028
2461,1993
2436,2048
2399,2039
2374,2012
2333,2068
2289,2056
2247,2063
2193,2043
2153,2056
2102,2027
2069,2039
2013,2023
1976,2043
1948,2017
1914,2063
1868,1981
1845,1978
1819,1997
1803,2023
1783,2048
1761,2019
1725,2023
1707,1981
1685,2063
1671,2027
1664,2003
1648,2043
1634,2024
1621,1993
1624,2027
1623,2046
1624,2021
1616,2043
1609,2031
1624,1992
1623,2040
1624,2051
1623,2023
1626,2003
1623,2023
1636,2010
1633,2007
1643,2013
1656,2067
1684,2036
1695,2063
1725,2005
1751,1995
1785,2012
1812,2060
1837,2040
1865,2022
1887,2004
1900,2040
1912,1984
1928,1992
1935,1981
1932,2010
1927,2040
1923,2061
1927,2019
1942,2054
1939,1991
1932,2066
1935,2030
1941,2033
1936,2020
1941,2019
1931,2043
1939,2029
1931,2041
1923,2045
1916,2029
1904,2029
1885,2031
1874,2065
1863,2060
1846,2074
1829,2043
1811,2055
1781,2063
1777,2068
1770,2071
1761,2095
1741,2039
1737,2069
1719,2037
1699,2065
1688,2035
1683,2076
1673,2084
1656,2024
1643,2083
1638,2039
1631,2063
1627,2076
1619,2063
1624,2063
1628,2084
1626,2076
1638,2087
1640,2065
1655,2080
1668,2081
1683,2066
1690,2040
1687,2103
1704,2098
1711,2074
1720,2097
1736,2082
1759,2104
1777,2104
1790,2086
1819,2088
1840,2104
1860,2069
1884,2071
1901,2040
1928,2081
1961,2067
1967,2071
1979,2068
2015,2089
2037,2077
2063,2083
2089,2104
2120,2079
2153,2087
2171,2055
2203,2055
2232,2074
2249,2029
2285,2065
2304,2064
2321,2071
2339,2051
2361,2037
2379,2056
2399,2055
2406,2083
2416,2079
2429,2088
2444,2057
2441,2037
2455,2068
2459,2048
2476,2087
2473,2079
2473,2097
2471,2065
2475,2017
2469,2042
2467,2078
2472,2071
2465,2080
2464,2069
2453,2007
2458,2075
2443,2043
2451,2075
2445,2060
2443,2076
2423,2029
2421,2088
2423,2031
2412,2067
2408,2058
2391,2104
2376,2057
2359,2064
2357,2077
2334,2072
2317,2028
2319,2073
2305,2028
2294,2035
2288,2069
2280,2025
2274,2025
2264,2078
2263,2056
2247,2042
2246,2058
2244,2052
2237,2045
2235,2079
2219,2031
2215,2048
2219,2029
2217,2013
2217,2005
2213,2057
2223,2060
2220,2071
2224,2020
2228,2037
2228,2023
2220,2051
2228,2056
2232,2002
2232,2057
2224,2060
2228,2032
2221,2005
2225,2015
2231,2013
2236,2015
2249,2028
2245,2024
2245,1997
2256,2037
2252,2038
2257,2024
2252,2022
2255,2030
2248,2045
2240,1991
2234,2009
2232,2040
2229,2023
2226,2057
2217,2038
2213,2020
2221,2026
2216,2017
2216,2046
2226,2046
2232,2041
2231,2043
2227,2019
2217,2011
2215,2054
2209,2015
2213,2047
2201,2021
2197,2075
2204,2078
2196,2043
2184,2057
2176,2054
2164,2039
2161,2040
2148,2039
2144,2080
2125,2063
2119,2047
2099,2040
2091,2061
2080,2076
2069,2064
2056,2068
2045,2068
2040,2072
2027,2058
2021,2017
2008,2041
1999,2029
1993,2059
1975,2065
1970,2065
1949,2080
1937,2055
1929,2065
1912,2039
1894,2084
1883,2045
1871,2088
1863,2055
1838,2059
1834,2067
1821,2068
1803,2055
1802,2038
1799,2065
1788,2031
1784,2019
1778,2079
1776,2075
1771,2085
1763,2071
1768,2086
1768,2078
1770,2087
1769,2047
1770,2063
1768,2068
1771,2059
1771,2069
1773,2043
1785,2043
1792,2060
1804,2082
1812,2063
1809,2019
1820,2063
1831,2035
1837,2071
1851,2104
1848,2055
1871,2056
1880,2091
1892,2077
1901,2072
1904,2067
1919,2076
1928,2078
1940,2045
1937,2057
1944,2069
1947,2080
1944,2029
1946,2073
1950,2068
1948,2086
1940,2085
1939,2053
1937,2069
1941,2063
1939,2052
1936,2071
1944,2068
1945,2068
1945,2076
1943,2037
1950,2041
1945,2063
1944,2081
1950,2069
1960,2080
1961,2039
1957,2079
1959,2065
1963,2064
1962,2056
1967,2044
1964,2073
1970,2017
1953,2035
1955,2033
1939,2039
1941,2033
1929,2029
1938,2063
1932,2048
1942,2063
1939,2036
1948,2056
1953,2032
1966,2040
1973,2054
1972,2040
1981,2026
1993,2030
2004,2071
2003,2044
2011,2077
2011,2096
2013,2076
2005,2076
1996,2063
1996,2027
1995,2044
1992,2071
1984,2070
1983,2029
1975,2056
1965,2046
1971,2063
1969,2087
1981,2087
1984,2088
1979,2072
1985,2059
1979,2041
1994,2056
2000,2044
2009,2044
2011,2041
2015,2031
2025,2088
2040,2072
2045,2038
2048,2024
2053,2051
2055,2055
2064,2080
2056,2073
2065,2056
2057,2041
2070,2051
2075,2029
2087,2068
2096,2079
2112,2036
2125,2055
2143,2060
2147,2037
2165,2070
2184,2077
2199,2040
2200,2019
2196,2040
2196,2042
2197,2076
2193,2041
2197,2036
2196,2055
2187,2072
2184,2077
2186,2077
2189,2039
2192,2059
2200,2068
2199,2017
2191,2063
2199,2011
2200,2017
2204,2055
2208,2063
2224,2063
2211,2069
2213,2074
2213,2072
2207,2072
2203,2097
2203,2037
2203,2080
2197,2069
2187,2053
2181,2036
2173,2055
2162,2040
2161,2083
2145,2063
2144,2063
2136,2048
2132,2070
2129,2067
2115,2088
2124,2078
2124,2064
2122,2057
2119,2072
2125,2056
2131,2072
2141,2088
2137,2077
2135,2063
2143,2075
2138,2088
2145,2100
2148,2059
2149,2104
2152,2053
2151,2065
2137,2071
2147,2080
2138,2063
2142,2043
2138,2068
2139,2051
2133,2029
2143,2071
2143,2029
2139,2041
2160,2055
2169,2069
2179,2055
2188,2075
2208,2063
2208,2060
2224,2060
2231,2067
2245,2037
2250,2034
2250,2043
2248,2056
2237,2063
2237,2043
2248,2059
2243,2063
2227,2043
2235,2037
2227,2051
2223,2072
2227,2063
2209,2023
2215,2042
2211,2075
2200,2020
2203,2060
2189,2046
2181,1996
2171,2047
2166,2027
2160,2023
2153,2019
2139,2027
2128,2063
2107,2041
2093,2041
2080,2021
2063,2056
2033,2043
2013,2027
1995,2027
1968,2029
1943,2046
1911,2031
1912,2072
1885,2027
1878,2021
1865,2032
1850,2023
1831,2039
1824,2025
1823,2040
1811,2029
1792,2048
1787,2009
1773,2053
1763,2017
1760,2017
1747,2025
1736,2017
1725,2040
1721,2036
1716,2015
1713,2047
1712,2029
1708,2017
1723,2043
1715,2052
1736,2053
1733,2035
1734,2063
1745,2052
1752,2051
1768,2005
1764,2019
1777,2051
1781,2038
1784,2039
1799,2024
1795,2040
1801,2027
1813,2053
1820,2031
1813,2029
1829,2057
1829,2017
1827,2066
1844,2039
1843,2007
1853,2059
1873,2058
1886,2057
1902,2060
1920,2040
1927,2029
1933,2041
1955,2056
1982,2063
1994,2072
1999,2066
2009,2059
2022,2063
2021,2040
2024,2033
2027,2035
2028,2063
2021,2023
2017,2043
2007,2042
2009,2052
2005,2080
2004,2065
1999,2071
1990,2065
1995,2071
2001,2043
2001,2053
2009,2037
2008,2065
2005,2083
2014,2076
2008,2076
1996,2096
1996,2079
1994,2035
1981,2073
1980,2068
1971,2057
1955,2067
1960,2061
1948,2087
1941,2059
1943,2076
1931,2073
1927,2065
1917,2068
1917,2078
1912,2069
1918,2072
1909,2071
1901,2069
1923,2067
1930,2072
1941,2086
1960,2087
1965,2089
1968,2063
1982,2082
1989,2069
2008,2072
2001,2033
2015,2065
2031,2063
2035,2072
2054,2103
2057,2033
2072,2073
2093,2088
2103,2077
2116,2055
2131,2051
2150,2085
2171,2036
2184,2039
2216,2099
2217,2025
2235,2035
2264,2080
2280,2056
2286,2075
2300,2037
2309,2067
2325,2063
2327,2027
2347,2069
2341,2058
2357,2067
2358,2063
2364,2056
2371,2056
2366,2069
2368,2037
2366,2033
2371,2047
2364,2041
2376,2033
2359,2027
2368,2011
2367,2001
2361,2033
2363,2067
2355,2056
2346,2041
2341,2053
2329,2043
2319,2021
2307,2073
2296,2032
2267,2018
2261,2015
2231,2027
2219,2035
2200,2039
2188,2019
2162,2043
2157,2041
2135,2011
2124,2026
2108,2073
2095,2057
2081,2041
2063,2028
2066,2047
2042,2048
2036,2066
2025,2031
2023,2037
2035,2037
2015,2017
2008,2054
1996,2055
2003,2041
1995,2042
1991,2041
1993,2027
1979,2029
1975,2023
1978,2031
1992,2044
1976,2011
1979,2036
1987,2023
1984,2035
1982,2060
1995,2042
1995,2037
1999,2040
2008,2040
2008,2039
2016,2011
2028,2053
2031,2028
2034,2030
2027,2043
2037,2060
2044,2043
2055,2005
2059,2036
2055,2025
2045,2063
2063,2024
2055,2033
2065,2058
2065,2043
2071,2057
2073,2028
2075,2063
2074,2015
2090,2070
2091,2059
2097,2051
2105,2009
2103,2053
2105,2041
2107,2063
2112,2063
2118,2035
2112,2082
2115,2051
2108,2024
2105,2054
2105,2036
2097,2055
2097,2042
2083,2059
2075,2028
2071,2071
2071,2056
2053,2071
2043,2053
2041,2079
2026,2077
2020,2080
2010,2079
1992,2083
1995,2081
1993,2066
1984,2080
1976,2043
1962,2086
1961,2048
1949,2094
1943,2048
1930,2069
1928,2040
1917,2088
1897,2063
1884,2065
1888,2063
1882,2057
1875,2033
1871,2066
1868,2096
1864,2086
1862,2075
1845,2065
1847,2080
1861,2086
1867,2069
1872,2076
1871,2083
1877,2067
1875,2068
1887,2063
1887,2067
1895,2057
1892,2064
1896,2056
1905,2097
1909,2080
1927,2074
1927,2077
1940,2092
1940,2068
1957,2081
1963,2035
1973,2067
1995,2067
2007,2079
2017,2067
2031,2033
2040,2063
2065,2065
2063,2065
2098,2069
2109,2080
2121,2069
2131,2071
2143,2035
2148,2077
2158,2072
2166,2067
2181,2074
2185,2058
2199,2072
2199,2069
2203,2040
2211,2040
2214,2029
2221,2053
2227,2043
2232,2068
2237,2071
2220,2037
2236,2079
2227,2071
2232,2047
2221,2056
2215,2035
2204,2057
2204,2042
2203,2039
2186,2088
2184,2054
2171,2062
2165,2076
2151,2063
2135,2086
2130,2057
2120,2033
2116,2067
2113,2035
2092,2053
2083,2035
2080,2031
2075,2036
2071,2044
2063,2044
2043,2021
2043,2074
2027,2071
2028,2053
2009,2072
