2085,2059
2089,2073
2083,2058
2088,2015
2076,2048
2078,2053
2072,2035
2067,2046
2071,2059
2043,2063
2044,2031
2039,2041
2039,2055
2036,2018
2027,2063
2026,2023
2020,2004
2001,2023
2010,2072
2002,2037
1994,2040
1981,2040
1981,2005
1979,2073
1976,2039
1963,2015
1960,2060
1957,2069
1960,2025
1951,2025
1945,2056
1944,2011
1953,1992
1944,1992
1939,2063
1929,2068
1940,2053
1934,2072
1933,2044
1934,2075
1928,2053
1928,2031
1944,2048
1936,2017
1942,2041
1947,2078
1949,2040
1955,2007
1947,2041
1960,2054
1960,2009
1961,2043
1951,2040
1958,2048
1975,2056
1987,2023
1979,2027
1992,2034
1993,2056
2003,2001
2005,2040
2007,2080
2018,2048
2015,2036
2028,2031
2027,2035
2027,2068
2040,2017
2042,2043
2047,2040
2059,2008
2061,2028
2069,2004
2067,2027
2071,2069
2067,2055
2071,2028
2069,2043
2075,2060
2085,2021
2071,2035
2077,2078
2079,2040
2075,2060
2074,2036
2071,2048
2069,2063
2066,2054
2063,2071
2063,2063
2063,2073
2041,2068
2039,2042
2043,2063
2037,2052
2036,2046
2035,2066
2017,2023
2024,2011
2023,2041
2007,2068
2005,2039
2003,2072
1990,2021
1998,2015
1991,2034
1975,2056
1978,1987
1968,2011
1957,2033
1961,2009
1945,2024
1950,2046
1952,2053
1940,2057
1935,2060
1943,2055
1927,2057
1940,2068
1929,2063
1930,2030
1934,2023
1933,2035
1936,2076
1933,2041
1931,2065
1937,2079
1946,2040
1943,2037
1946,2047
1947,2073
1966,2063
1960,2080
1959,2023
1959,2063
1976,2025
1971,2067
1983,2077
1984,2063
1996,2019
2001,2027
2001,2024
2001,2058
2017,2070
2011,2039
2017,2034
2027,2063
2043,2068
2039,2059
2058,2019
2068,2028
2063,2069
2072,2028
2069,2017
2080,2009
2075,2041
2087,2021
2090,2025
2092,2024
2099,2025
2088,2063
2093,2039
2097,2003
2097,2067
2100,2063
2099,2036
2099,2057
2099,2075
2101,2025
2089,2039
2097,2008
2097,2037
2087,2033
2081,2064
2077,2043
2065,2042
2063,2013
2057,2036
2058,2033
2063,2062
2057,2056
2043,2069
2035,2031
2026,2035
2024,2044
2020,2071
2015,2080
2003,2064
1997,2038
1997,2039
1992,2011
1971,2056
1979,2039
1972,2063
1965,2035
1955,2062
1960,2007
1960,2058
1951,2052
1944,2039
1952,2042
1941,2088
1941,2023
1942,2067
1944,2058
1937,2063
1944,2021
1947,2044
1947,2037
1943,2078
1951,2003
1946,2044
1960,2044
1962,2024
1961,2071
1961,2068
1961,2027
1968,1995
1971,2023
1979,2041
1988,2037
1992,2037
1991,2075
2005,2071
2011,2027
2011,2017
2018,2057
2026,2025
2023,2013
2034,2073
2043,2080
2037,2063
2035,2031
2057,2031
2055,2058
2068,2025
2063,2045
2072,2071
2081,2046
2083,2042
2088,2028
2077,2063
2091,2052
2083,2023
2090,2063
2085,2041
2086,2052
2087,2065
2093,2069
2096,2042
2091,2023
2091,2068
2094,2080
2083,2042
2088,2055
2088,2063
2079,2055
2065,2015
2063,2045
2071,2037
2066,2015
2045,2017
2045,2007
2039,2067
2043,2067
2039,2039
2027,2048
2024,2023
2009,2060
2009,2071
2007,2092
1997,2051
1985,2077
1987,2072
1977,2055
1976,2009
1971,2080
1971,2067
1968,2073
1947,2063
1955,2078
1948,2036
1944,2078
1949,2035
1939,2072
1946,2029
1939,2044
1944,2041
1931,2026
1945,2027
1941,2042
1931,2079
1944,2033
1944,1997
1943,2067
1949,2003
1941,2040
1951,2009
1947,2063
1960,2023
1959,2063
1968,2021
1961,2053
1978,2022
1980,2028
1987,2031
1995,2029
1993,2077
2000,2068
2007,2059
2011,2065
2019,2056
2011,2042
2030,2064
2028,2063
2042,2066
2043,2011
2055,2040
2068,2064
2063,2008
2072,2055
2075,2044
2080,2042
2088,2065
2088,2076
2096,2021
2089,2064
2091,2065
2101,2063
2105,2053
2103,2063
2101,2043
2105,2041
2105,2069
2102,2071
2097,2021
2108,2063
2111,2019
2101,2057
2106,2030
2093,2018
2100,2043
2099,2029
2090,2068
2088,2023
2080,2060
2079,2079
2074,2042
2069,2059
2073,2073
2065,2017
2057,2041
2039,2005
2043,2069
2040,2035
2040,2023
2030,2021
2011,2056
2024,2039
2021,2076
2001,2001
2005,2043
2000,2074
1997,2057
1995,2079
1976,2063
1973,2079
1979,2054
1989,2060
1979,2024
1978,2048
1983,2051
1982,2064
1975,2042
1976,2003
1978,2011
1969,2021
1977,2053
1980,2063
1985,2028
1989,2017
1992,2069
1992,2024
1989,2024
1988,2045
2004,2044
2007,2027
2013,2055
2007,2007
2019,2039
2019,2040
2028,2037
2030,2015
2033,2067
2045,2071
2043,2019
2043,2071
2073,2045
2076,2015
2077,2053
2077,2037
2088,2065
2093,2012
2096,2033
2104,2033
2105,2044
2103,2017
2105,2073
2125,2037
2117,2063
2133,2056
2124,2044
2136,2043
2136,2034
2133,2044
2143,2046
2140,2044
2134,2059
2133,2040
2135,2055
2137,2061
2129,2048
2132,2035
2128,2058
2125,2011
2125,2017
2115,2053
2105,2035
2104,2073
2105,2009
2097,2080
2096,2027
2088,2017
2083,2037
2080,2036
2069,2053
2067,2071
2063,2013
2045,2040
2035,2024
2033,2047
2033,2051
2018,2042
2025,2017
2011,2059
2012,2059
1996,2073
1988,2047
1996,2025
1990,2048
1987,2029
1974,2067
1971,2071
1976,2052
1972,2024
1974,2072
1960,2038
1968,2027
1966,2045
1963,2048
1969,2059
1964,2059
1959,2007
1967,2013
1949,2065
1973,2069
1970,2011
1976,2063
1978,2021
1990,2055
1981,2034
1990,2033
1993,2012
1991,2041
2001,2071
2004,2059
2012,2055
2022,2007
2017,2013
2021,2059
2029,2071
2037,2076
2039,2059
2048,2013
2055,2015
2057,2058
2065,2007
2071,2080
2075,2029
2088,2023
2088,2018
2089,2039
2091,2057
2092,1987
2101,2026
2108,2027
2104,2044
2112,2023
2112,2021
2115,2060
2107,1986
2111,2043
2109,2063
2117,2067
2103,2059
2105,2064
2103,2071
2105,2029
2104,2017
2091,2057
2095,2032
2096,2088
2085,2063
2086,2039
2085,2024
2081,2054
2069,2030
2059,2024
2064,2018
2063,2040
2056,2055
2043,2012
2040,2072
2032,2036
2021,2079
2023,2005
2017,2029
2014,2029
2007,2015
2001,2039
1993,2076
1992,2029
1987,2043
1983,2027
1973,2027
1973,2072
1975,2044
1963,2080
1965,2063
1963,2070
1968,2067
1951,2072
1955,2055
1959,2064
1952,2030
1967,2029
1955,2076
1967,2042
1965,2042
1973,2017
1971,2038
1969,1995
1972,2035
1980,2028
1981,2063
1988,2017
1991,2024
1993,2058
1997,2044
2007,2015
2006,2039
2009,2065
2016,2067
2025,2054
2024,2048
2028,2047
2036,2063
2044,2056
2040,2069
2068,2033
2063,2071
2063,2063
2075,2080
2080,2071
2089,2063
2086,2075
2086,2063
2091,2019
2105,2017
2105,2027
2105,2033
2115,2009
2104,2063
2110,2039
2117,2072
2120,2040
2120,2003
2117,2015
2115,2058
2117,2056
2117,2044
2119,2074
2107,2073
2107,2039
2103,2035
2100,2051
2094,2053
2096,2008
2095,2027
2081,2035
2089,2073
2088,2069
2077,2015
2075,2040
2071,2063
2076,2009
2063,2025
2063,2037
2044,2058
2042,2061
2043,2057
2025,2039
2024,2027
2023,2013
2017,2023
2008,2080
2011,2068
2011,2056
1999,2033
1995,2053
2004,2029
1993,2041
1993,2080
1992,2025
1991,2031
1992,2027
1995,2058
1991,2023
1989,2072
1989,2066
1981,2044
1995,2073
1996,2051
1990,2041
1993,2075
1993,2065
2003,2007
2008,2053
2011,2040
2009,2027
2017,2072
2019,2042
2029,2037
2024,2042
2028,2060
2027,2055
2039,2035
2033,2062
2040,2015
2045,2037
2063,2045
2067,2079
2071,2019
2071,2079
2081,2028
2080,1997
2080,2021
2081,2045
2096,2063
2095,2051
2104,2056
2104,2068
2104,1999
2112,2060
2121,2003
2111,2019
2124,2015
2122,2021
2119,2035
2124,2024
2116,2037
2120,2070
2112,2053
2112,2027
2115,2028
2097,2035
2103,2067
2108,2025
2100,2025
2091,2048
2092,2103
2088,2035
2093,2020
2079,2012
2075,2043
2073,2076
2065,2027
2053,2030
2059,2053
2053,2052
2039,2041
2039,2041
2021,2040
2019,2029
2023,2036
2018,2035
2008,2073
2006,2027
1996,2068
1987,2071
1979,2055
1978,2035
1975,2071
1965,2023
1972,2027
1967,2027
1961,2060
1966,2043
1961,2035
1965,2053
1966,2068
1964,2043
1953,2027
1964,2036
1963,2088
1964,2027
1965,2033
1963,2066
1968,1995
1971,2033
1976,2022
1986,2043
1987,2063
1977,2063
1996,2069
1997,2041
1987,2055
2008,2071
2007,2041
2013,2011
2016,2055
2031,2064
2033,2041
2040,2015
2037,2019
2053,2035
2041,2072
2071,2071
2075,2027
2067,2066
2080,2059
2080,2064
2092,2073
2087,2017
2104,2043
2103,2017
2105,2063
2115,2060
2107,2028
2126,2041
2117,2056
2123,2072
2131,2069
2124,2038
2125,2025
2131,2003
2125,2035
2128,2052
2124,2041
2127,2053
2124,2004
2109,2046
2116,2019
2115,2043
2105,2064
2111,2040
2103,2038
2095,2069
2093,2018
2092,2075
2081,2043
2089,2021
2074,2048
2063,2007
2063,2038
2068,2020
2055,2029
2056,2027
2033,2027
2039,2075
2019,2063
2015,2011
2021,2063
2008,2045
2014,2073
2001,2044
2006,2029
2005,2063
1999,2063
1991,2063
1995,2023
1977,2044
1987,2064
1987,2001
1989,2041
1981,2040
1981,2044
1979,2072
1984,2040
1992,2069
1994,2044
1992,2068
1993,2035
1997,2055
2002,2056
2008,2096
2008,2030
2010,2074
2015,2001
2021,2065
2023,2004
2025,2024
2029,2037
2033,2075
2034,2085
2048,2044
2055,2063
2063,2063
2071,2033
2078,2011
2079,2026
2093,2048
2091,2023
2088,2048
2093,2003
2104,2005
2107,2071
2112,1997
2109,2052
2119,1993
2136,2035
2135,2058
2136,2017
2133,2067
2135,2037
2143,2028
2137,2041
2135,2043
2140,2042
2143,2027
2137,2025
2136,2072
2141,2073
2139,2036
2135,2021
2129,2051
2135,1993
2127,2025
2126,2028
2116,2043
2105,2063
2109,2024
2099,2047
2091,2032
2093,2071
2091,2042
2089,2063
2080,2073
2083,2052
2071,2036
2060,2003
2063,2025
2044,2043
2040,2026
2038,2025
2034,2064
2028,2065
2021,2051
2015,2055
2014,2009
2005,2024
2003,2079
1999,2015
1995,2076
1995,2075
1988,2057
1990,2033
1979,2075
1989,2005
1980,2019
1975,2030
1984,2030
1984,2067
1989,2068
1981,2039
1984,1997
1997,2063
2001,2028
1996,2005
2006,2056
2001,2039
2013,2038
2009,2033
2009,2039
1997,2072
2021,2041
2025,2071
2029,2027
2037,2041
2037,2067
2039,2060
2053,2052
2072,2059
2070,2073
2075,2044
2076,2088
2083,2060
2092,2035
2097,2034
2095,2071
2106,2021
2101,2009
2103,2043
2115,2063
2119,2066
2120,2028
2125,2048
2125,2056
2133,2056
2137,2044
2133,2015
2131,2055
2133,2023
2135,2078
2138,2021
2137,2029
2124,2063
2127,2056
2129,2064
2116,2047
2123,2060
2119,2074
2112,2009
2109,2044
2107,2030
2104,2077
2099,2043
2092,2037
2093,2044
2077,2066
2072,2007
2075,2022
2074,2027
2063,2039
2056,2063
2056,2067
2035,2012
2029,2037
2025,2055
2027,2041
2014,2040
2011,2095
2008,2110
2000,2029
1996,2064
1993,2080
1992,2072
1989,2060
1987,2028
1976,2067
1975,2072
1978,1997
1965,2033
1976,2064
1969,2029
1970,2053
1963,2074
1975,2041
1968,2052
1966,2046
1971,2023
1979,2060
1975,2067
1983,2038
1975,2054
1984,2037
1993,2037
1987,2009
2003,2024
2003,2054
2005,2079
2007,2038
2019,2021
2025,2045
2024,2061
2025,2071
2039,2063
2040,2003
2039,2029
2053,2067
2055,2061
2051,2072
2069,2025
2078,2080
2075,2037
2080,2039
2083,2039
2095,2057
2096,2061
2092,2071
2101,2036
2105,2031
2118,2035
2105,2071
2108,2063
2107,2044
2117,2029
2113,2042
2116,2060
2116,2063
2120,2063
2122,2063
2119,2056
2108,2043
2108,2063
2116,2040
2106,2072
2109,2063
2089,2068
2091,2068
2087,2040
2083,2037
2080,2009
2075,2064
2076,2017
2069,2005
2072,2054
2063,2072
2063,2039
2057,2065
2039,2072
2037,2003
2033,2072
2020,2075
2027,2035
2025,2072
2013,2038
2001,2024
2004,2015
2001,2064
1987,2029
1998,2033
1984,2037
1990,2067
1984,2039
1988,2063
1991,2021
1987,2007
1981,2080
1986,2011
1985,2088
1990,2063
1977,2005
1979,2044
1984,2079
1990,2040
1992,2073
1993,2066
1996,2057
2008,2023
2010,2009
2009,2063
2019,2029
2016,2039
2019,2063
2027,2035
2031,2039
2033,2065
2048,2043
2057,2027
2064,2066
2068,1990
2069,2009
2075,2068
2080,2046
2088,2019
2081,2041
2090,2009
2096,2071
2096,2079
2103,2037
2104,2019
2117,2047
2109,2042
2124,2064
2127,1989
2132,2023
2121,2025
2136,2039
2137,2011
2132,2065
2139,2065
2142,2035
2137,2061
2117,1991
2131,2029
2135,2067
2126,2017
2117,2041
2119,2041
2125,1999
2124,2017
2104,2041
2109,2029
2104,2057
2103,2041
2088,2026
2092,2025
2080,2066
2080,2039
2073,2017
2075,2043
2067,2074
2063,2064
2048,2031
2037,2052
2033,2038
2021,2029
2023,2053
2023,2044
2020,2017
2009,2039
2012,2092
2004,2017
2004,2011
2000,2021
1995,2057
1988,2040
1991,2063
1981,2022
1989,2048
1989,2021
1988,2035
1989,2077
1981,2009
1981,2025
1991,2056
1992,2058
1977,2062
1987,2009
1996,2076
2002,2026
1993,2055
2005,2053
2011,2005
2011,2073
2018,2028
2009,2054
2023,2071
2031,2080
2032,2047
2038,2035
2045,2027
2055,2079
2057,2048
2066,2063
2072,2019
2077,2016
2083,2055
2082,2033
2090,2040
2092,2005
2091,2007
2102,2025
2092,2056
2096,2040
2107,2005
2119,2027
2116,2045
2115,2030
2133,2029
2136,2023
2132,2063
2135,2047
2138,2030
2131,2066
2135,2063
2131,2041
2132,2071
2123,2009
2135,2053
2124,2043
2120,2042
2119,2033
2113,1991
2115,2028
2109,2056
2103,2035
2096,2067
2100,2031
2096,2010
2087,2037
2079,1996
2074,2027
2071,2031
2063,2069
2053,2044
2053,2022
2040,2067
2037,2053
2027,2080
2028,2017
2023,2036
2012,2064
2001,2035
2008,2015
2009,2043
1995,2003
1990,2025
1989,2037
1977,2038
1982,2027
1980,2021
1975,2079
1981,2045
1975,2044
1976,2057
1971,2053
1976,2024
1974,2067
1973,2061
1974,2028
1981,2007
1976,2019
1991,2015
1989,2064
1991,2025
1995,2018
1999,2029
2007,2065
2010,1991
2003,2043
2015,2020
2017,2056
2024,2038
2026,2041
2037,2027
2041,2024
2027,2020
2041,2074
2058,2008
2069,2038
2068,2022
2067,2058
2077,1991
2071,2020
2093,2069
2088,2040
2100,1993
2103,2036
2109,2079
2108,2044
2120,2069
2118,2045
2127,2033
2129,2023
2123,2043
2122,2033
2135,2039
2127,2017
2131,2057
2129,2023
2137,1996
2123,2042
2127,2060
2119,2054
2124,2072
2120,2011
2114,2027
2116,2024
2105,2065
2105,2064
2105,2033
2081,2058
2085,2040
2088,2055
2080,2073
2079,2057
2071,2048
2066,1996
2063,2080
2056,2039
2043,2067
2042,2060
2030,2019
2035,2068
2025,2045
2011,2071
2015,2064
2012,2025
2010,2039
2002,2021
1991,2043
1989,2019
1980,2074
1980,2080
1984,2075
1975,2072
1979,2023
1977,2017
1979,2055
1979,2071
1973,2063
1981,2039
1980,2035
1977,2031
1984,2063
1979,2039
1992,2060
1993,2001
1994,2080
1995,2067
2007,2068
2012,2072
2011,2066
2023,2071
2020,2068
2031,2035
2024,2056
2035,2060
2037,2029
2056,2004
2052,2063
2057,2071
2065,1988
2067,2015
2067,2059
2082,2046
2081,2053
2096,1989
2093,2021
2091,2023
2104,2026
2108,2027
2109,2026
2107,2027
2128,2025
2122,2057
2128,2065
2126,2003
2131,2059
2135,2020
2140,2066
2137,2052
2138,2035
2139,2080
2135,2017
2135,2056
2121,2045
2131,2071
2124,2056
2121,2040
2127,2071
2115,2066
2105,2061
2112,2044
2106,2035
2101,2079
2100,2071
2092,2063
2089,2080
2072,2011
2077,2042
2072,2027
2069,2035
2059,2079
2055,2024
2031,2047
2028,2071
2037,2017
2032,2041
2024,2063
2009,2047
2013,2035
2009,2067
1995,2054
1999,2062
1988,2063
1991,2011
1976,2056
1979,2056
1980,2019
1976,2080
1969,2039
1977,2048
1968,2025
1961,2039
1961,2058
1972,2044
1982,2023
1972,2069
1973,2039
1979,2043
1977,2024
1978,2007
1979,2025
1987,2033
1995,2022
2001,2066
1991,2035
2001,2019
1989,2052
2007,2055
2016,2011
2023,2033
2032,2017
2023,2027
2033,1997
2042,2012
2040,2069
2054,2004
2063,2048
2067,2023
2072,2010
2068,2019
2073,2021
2077,2034
2083,2057
2091,2017
2090,2063
2099,2068
2107,2032
2112,2041
2107,2064
2115,2056
2106,2044
2123,2005
2118,2039
2123,2017
2122,2037
2101,2043
2123,2043
2120,2009
2125,2020
2109,2033
2103,2033
2108,2061
2101,2056
2102,2031
2104,2023
2095,2025
2090,2021
2085,2063
2083,2026
2079,2027
2065,2055
2066,2064
2065,2050
2056,2043
2057,2067
2047,2034
2028,2057
2020,2060
2027,2025
2025,2009
2018,2027
2012,2027
2007,2037
2003,2023
2000,2023
1989,2043
1988,2103
1992,2069
1980,2068
1981,2053
1991,2045
1976,2076
1975,2033
1973,2067
1977,2020
1975,1996
1980,2035
1977,2017
1971,2067
1987,2072
1984,2037
1981,2064
1979,2055
1994,2044
1996,2024
1995,2008
1995,2044
2003,2048
2005,2054
2015,2041
2015,2007
2012,2021
2023,2056
2029,1995
2041,2033
2041,2025
2042,2035
2058,2033
2060,2007
2072,2047
2073,2068
2073,2012
2073,2052
2088,2080
2087,2071
2096,2047
2100,2045
2107,2056
2109,2041
2112,2048
2117,2060
2119,2022
2124,2073
2132,2027
2132,2044
2129,2054
2143,2033
2140,2015
2135,2064
2139,2048
2136,2055
2127,2063
2132,2072
2136,2059
2128,2043
2121,2023
2120,2031
2109,2057
2119,2029
2116,2080
2109,2074
2107,2053
2103,2076
2096,2055
2094,2044
2093,2011
2088,2041
2069,2035
2080,2056
2075,2048
2059,2073
2063,2024
2048,2033
2056,2042
2035,2059
2040,2066
2027,2080
2027,2024
2017,2063
2015,2071
2006,2056
2007,2010
2005,2063
2004,2063
2003,2019
1991,2025
1995,2088
1993,2025
1993,2080
1999,2025
1982,2056
1995,2009
1996,2056
1991,2040
1991,2069
2001,2066
2000,1989
2004,2026
2007,2055
2005,2019
2016,2035
2022,2067
2029,2048
2027,2068
2028,2073
2035,2066
2037,2079
2043,2072
2056,2008
2057,2033
2063,2046
2072,2063
2079,2029
2081,2044
2087,2013
2090,2067
2096,2063
2099,2028
2091,2036
2107,2043
2105,2044
2121,2060
2117,2063
2119,2044
2137,2060
2139,2020
2136,2064
2141,2057
2146,2027
2137,2045
2140,2043
2141,2041
2136,2040
2141,2063
2144,2063
2143,2023
2137,2053
2137,2015
2133,2064
2125,2043
2127,2063
2131,2056
2124,2043
2108,2054
2110,2040
2115,2011
2104,2029
2105,2019
2096,2063
2091,2042
2083,2025
2078,2015
2067,2033
2071,2070
2063,2067
2055,2027
2029,2066
2035,2053
2032,1996
2032,2056
2021,2017
2021,2063
2012,2039
2005,2075
2003,2066
2001,2071
1996,2072
1979,2048
1992,2015
1981,2035
1987,2055
1975,2044
1977,2071
1982,2041
1984,2064
1977,2021
1976,2043
1988,2007
1979,2053
1979,2075
1995,2037
1999,2035
2003,2035
2001,2043
2008,2058
2011,2063
2020,2071
2017,2019
2024,2077
2026,2028
2029,2003
2033,2066
2041,2060
2037,2021
2047,2055
2055,2027
2067,2026
2071,2060
2073,2066
2073,2029
2085,2073
2088,2009
2085,2043
2096,2063
2106,2043
2106,2037
2105,2019
2104,2044
2116,2007
2120,2051
2124,2043
2123,2001
2130,2055
2131,2043
2117,2055
2135,2052
2128,2023
2134,2033
2128,2072
2138,2040
2129,2069
2124,2033
2123,2063
2123,2044
2109,2025
2118,2063
2112,2012
2103,2028
2101,2063
2100,2046
2097,2058
2096,2065
2084,2042
2081,2019
2080,2035
2072,2063
2071,2029
2055,2035
2053,2035
2044,2089
2035,2024
2035,2033
2031,2043
2019,2027
2024,2066
2021,2009
2009,2041
2021,2020
1996,2009
2008,2057
1995,2039
1993,2044
1997,2029
1989,2063
1981,2029
1981,2080
1981,2057
1984,2039
1987,2029
1987,2003
1977,2041
1987,2040
1989,2075
1997,2023
1994,2026
2001,2041
2000,1994
1995,2008
2007,2019
2003,2024
2017,2025
2025,2071
2027,2058
2030,2055
2032,2035
2025,2079
2039,2043
2053,2057
2061,2058
2067,2033
2072,2001
2075,2030
2078,2063
2088,2035
2090,2029
2100,2019
2100,2021
2098,2037
2103,2060
2113,2072
2110,2059
2127,2064
2125,2011
2125,2033
2121,2045
2139,2075
2131,2019
2137,2001
2135,2023
2139,2036
2144,2075
2142,2046
2145,2019
2143,2043
2144,2066
2148,2023
2145,2067
2131,2040
2131,2039
2123,2054
2128,1999
2120,2075
2119,2009
2107,2071
2109,2067
2108,2054
2097,2023
2096,2044
2097,2066
2088,2017
2078,2060
2071,2010
2072,2041
2055,2059
2059,2063
2056,2071
2043,2023
2025,2075
2027,2091
2025,2067
2017,2023
2016,2037
2009,2030
2007,2067
2008,2078
2005,2072
1998,2025
1988,2048
1994,2023
1996,2059
1990,2055
1989,2060
1990,2028
1980,2009
1984,2037
1994,2012
1983,2035
1987,2023
1992,2023
1999,2039
1999,2027
2006,2075
2003,2033
2008,2046
2005,2044
2009,2060
2016,2020
2015,2040
2028,2026
2025,2037
2029,2058
2042,2012
2035,2027
2047,2023
2063,2095
2065,2076
2071,2001
2075,2028
2086,2004
2087,2033
2090,2038
2083,2039
2099,2075
2104,2032
2107,2072
2119,2017
2118,2017
2125,2011
2125,2084
2136,2052
2140,2019
2142,2029
2140,2027
2141,2029
2139,2048
2137,2066
2151,2008
2143,2059
2131,2001
2137,2063
2136,2005
2139,2029
2131,2023
2121,2035
2127,2023
2129,2080
2121,2009
2114,2059
2112,2015
2108,2009
2093,2057
2087,2063
2088,2073
2089,2019
2079,2040
2073,2080
2071,2041
2071,2084
2043,2057
2047,2019
2044,2075
2043,2030
2031,2045
2026,2024
2024,2027
2009,2036
2011,2068
2008,2019
2004,2023
2007,2056
2003,2071
1995,2078
2001,2067
1992,2063
1993,2027
1987,2015
1977,2037
1988,2044
1984,2068
1993,2040
1980,2055
1987,2080
1997,2041
1995,2063
1997,2055
1998,2035
2000,2011
2007,2053
2010,2025
2015,2041
2009,2002
2018,2057
2024,2007
2024,2065
2027,2045
2041,2028
2048,2041
2056,2015
2056,2063
2064,2044
2063,2048
2076,2055
2077,2011
2073,2009
2087,2033
2097,2040
2097,2055
2105,2072
2110,2024
2117,2008
2109,2047
2124,2051
2128,2029
2132,2025
2129,2071
2135,2071
2136,2079
2140,2027
2143,2071
2143,1997
2143,2056
2133,2061
2146,2033
2141,2035
2134,2039
2136,2019
2128,2035
2121,2053
2127,2040
2123,2053
2117,2067
2112,2021
2107,2071
2108,2033
2094,2059
2097,2079
2091,2073
2086,2062
2081,2037
2084,2063
2077,2056
2069,2040
2062,2027
2060,2015
2056,2079
2039,2058
2046,2029
2032,2071
2031,2032
2023,2040
2024,2023
2011,2035
2009,2043
2009,2053
1993,2075
2004,2039
2001,2053
2004,2080
1993,2088
1999,2063
1996,2017
1998,2042
1996,2063
1986,2057
1992,2061
1993,2059
1999,2066
2000,2037
2002,2017
2015,2056
2015,2036
2008,2063
2015,2055
2022,2057
2029,2027
2030,2019
2031,2011
2037,2040
2042,2027
2046,2021
2064,2024
2064,2069
2069,2009
2079,2040
2075,2039
2072,2063
2084,2058
2091,2066
2091,2011
2092,2030
2105,2059
2110,2029
2112,2019
2122,2041
2117,2040
2134,2058
2133,2026
2142,2007
2140,2027
2137,2044
2140,2024
2145,2038
2152,2024
2137,1989
2143,2073
2147,2027
2135,2037
2145,2053
2143,2039
2143,2080
2133,2079
2135,2078
2135,2072
2132,2042
2123,2040
2121,2046
2115,2042
2109,2062
2108,2023
2111,2035
2091,2007
2094,2053
2091,2062
2088,2041
2083,2031
2075,2017
2053,2039
2068,2068
2063,2041
2055,2068
2037,2064
2039,2035
2033,2030
2032,2067
2024,2043
2024,2029
2011,2037
2012,2095
2010,2039
2008,2027
2003,2041
1993,2063
2008,2048
1992,2023
2004,2029
2007,2025
1991,2011
2000,2013
1998,2039
2003,2052
1997,2046
2009,2020
2012,2019
2007,2047
2009,2006
2016,2004
2015,2042
2023,2007
2027,2003
2029,2028
2035,2029
2037,2033
2055,2033
2053,2021
2056,2042
2062,2027
2071,2062
2076,2007
2076,2023
2080,2025
2085,2039
2091,2061
2096,2035
2100,2029
2106,2038
2093,2057
2112,2057
2123,2065
2121,2056
2128,2066
2123,2043
2136,2041
2131,2010
2141,2029
2143,2029
2133,2036
2146,2001
2152,2024
2147,2040
2148,2027
2137,2040
2141,2024
2133,2075
2125,2056
2123,2056
2132,2011
2125,2030
2129,2053
2123,2001
2120,2024
2115,2058
2105,2080
2110,2019
2106,2024
2089,2044
2088,2055
2084,2083
2080,2059
2072,1997
2069,2039
2068,2077
2044,2023
2059,2053
2044,2068
2028,2023
2032,2037
2028,2027
2019,2063
2011,2005
2012,2011
2015,2019
1995,2021
1995,2061
1981,2064
1998,2015
1996,2011
1987,2007
2000,2013
1995,2011
1992,2040
1994,2035
1994,2075
1989,2058
1993,2024
1997,2072
2003,2035
2001,2072
2004,2017
2001,2030
2007,2041
2009,2072
2017,2043
2024,2007
2021,2020
2032,2027
2030,2007
2036,2017
2043,2065
2047,2045
2059,2052
2063,2051
2072,2005
2072,2071
2076,2010
2084,2043
2085,2065
2090,2034
2102,2003
2099,2017
2110,2011
2118,2005
2119,2045
2129,2022
2131,2018
2135,2005
2141,2057
2131,2071
2132,2056
2139,2045
2139,2078
2137,2047
2148,2071
2152,2041
2148,2053
2154,2040
2144,2037
2143,2023
2136,2084
2140,2037
2133,2063
2135,2020
2128,2067
2122,2068
2130,2018
2115,2051
2116,2063
2107,2068
2109,2025
2101,2056
2096,2029
2082,2057
2083,2027
2069,2065
2077,2007
2065,2069
2071,2041
2053,2073
2045,2035
2044,2028
2040,2052
2035,2022
2028,2043
2019,2041
2015,2063
2012,2063
2007,2025
2007,2012
2008,2023
1992,2063
1993,2024
1991,2039
1987,2057
1992,2030
1997,2053
1990,2035
1978,2028
1993,2072
1990,2003
1981,2043
1984,2038
1987,2056
1999,2025
1996,2058
1995,2063
2008,2039
2012,1993
2011,2027
2013,2067
2016,2045
2016,2040
2021,2063
2012,2060
2039,2011
2040,2039
2043,2029
2052,2005
2061,2076
2068,2043
2074,2021
2080,2056
2084,2063
2086,2023
2088,2072
2096,2076
2111,2028
2099,2063
2117,2040
2122,2055
2125,2019
2120,2043
2128,2039
2124,2055
2143,1999
2135,2053
2140,2071
2148,2020
2143,2047
2137,2027
2131,2041
2135,2071
2141,2065
2131,2071
2139,2027
2133,2025
2133,2064
2131,2006
2129,2027
2123,2037
2115,2071
2111,2076
2109,2029
2106,2043
2093,2027
2094,2044
2088,2025
2075,2038
2075,2021
2075,2048
2056,2032
2055,2063
2045,2072
2035,2027
2033,2027
2036,2068
2021,2063
2027,2076
2006,2071
2001,2057
2005,2061
2000,2029
2000,2008
1994,2033
1997,2055
1989,2058
1990,2020
1981,2071
1979,2035
1982,2021
1973,2077
1983,2035
1978,2043
1980,2029
1981,1993
1984,2037
1977,2072
1990,2058
1995,2004
1994,2041
2001,2076
1995,2071
2008,2066
2012,2040
2011,2044
2006,2035
2021,1999
2022,2010
2025,2068
2036,2015
2023,2065
2044,2025
2060,2011
2063,2035
2072,2043
2063,2041
2072,2058
2086,2063
2088,2029
2087,2023
2097,2053
2093,2055
2100,2012
2107,2033
2121,2024
2109,2030
2121,2065
2127,2045
2123,2036
2132,2021
2123,2023
2128,2044
2128,2039
2132,2003
2132,2061
2123,2040
2131,2048
2129,2076
2124,2013
2124,2024
2122,2063
2116,2056
2117,2036
2102,2040
2104,2052
2100,2060
2091,1997
2091,2025
2089,2039
2080,2074
2087,2025
2069,2029
2071,2077
2065,2005
2065,2045
2056,2023
2041,2080
2030,2072
2031,2055
2026,2033
2033,2063
2021,2075
2009,2044
2015,2027
2008,2042
1991,2069
2005,2072
1999,2064
1995,2025
1992,2037
1979,2069
1995,2010
1984,2077
1981,2025
1977,2065
1984,2028
1989,2017
1993,2003
1993,2053
1993,2057
1988,2053
2000,2027
2002,2028
1996,2046
2007,2045
2008,2037
2010,2018
2009,2048
2019,2042
2025,2008
2023,2044
2032,2037
2040,2062
2043,2012
2033,2046
2045,2041
2057,2055
2055,2041
2072,2064
2065,2046
2073,2065
2088,2036
2090,2056
2100,2020
2096,2035
2096,2021
2101,2011
2104,2059
2120,2008
2120,2072
2126,2019
2120,2059
2135,2080
2139,2026
2135,2013
2136,2012
2129,2015
2124,2019
2137,2042
2139,2072
2138,2013
2136,2034
2137,2039
2130,2038
2131,2019
2121,2040
2128,2040
2128,2032
2118,2019
2115,2015
2103,2055
2107,2044
2107,2015
2106,2043
2091,2079
2092,2017
2081,2079
2080,2023
2065,2072
2063,2017
2064,1997
2058,2011
2038,2027
2043,2062
2039,2062
2031,2024
2023,2066
2019,2040
2017,2075
2013,2035
2011,2023
2009,2041
2009,2031
2005,2039
2003,2056
2002,2025
1999,2003
1992,2063
1999,2043
1995,2075
1991,2076
1973,2027
1998,2041
1998,2019
1990,2048
2003,2028
2002,2034
2001,2064
2009,2065
2016,2027
2021,2039
2021,2037
2026,2077
2029,2068
2037,2019
2025,2053
2037,2062
2040,2040
2054,2070
2063,2042
2070,2029
2065,2041
2063,2057
2075,2001
2076,2005
2099,2021
2091,2027
2091,2017
2108,2019
2104,2017
2103,2043
2120,2035
2117,2070
2119,2062
2121,2073
2135,2025
2139,2063
2147,2024
2146,2004
2145,2065
2145,2032
2144,1989
2135,2044
2140,2033
2146,2019
2144,2072
2141,2072
2142,2043
2129,2024
2129,2077
2125,2040
2126,2044
2117,2011
2127,2075
2112,2033
2104,2011
2113,2079
2103,2032
2099,2003
2089,2029
2084,2045
2073,2039
2073,2056
2063,2048
2067,2034
2056,2035
2037,2047
2041,2038
2039,2017
2028,2035
2026,2017
2019,2072
2015,2023
2003,2052
2008,2037
1991,2045
1997,2043
1992,2063
1995,2068
1992,2015
1983,2059
1981,2066
1993,2073
1988,2005
1989,2018
1971,2064
1985,2015
1990,2045
1992,2040
1991,2026
1995,2063
1996,2034
2001,2029
2007,2064
2012,2035
2007,2063
2003,2040
2015,2060
2017,2055
2023,2073
2032,2039
2037,2004
2039,2041
2043,2037
2053,2056
2064,2051
2072,2015
2073,2024
2068,2059
2084,2074
2090,2079
2092,2091
2099,2079
2104,2017
2105,2015
2107,2077
2108,2066
2123,2003
2113,2084
2129,2021
2133,2033
2136,2020
2139,2045
2137,2008
2133,2009
2129,2020
2133,2007
2127,2030
2131,2035
2131,2067
2131,2071
2129,2065
2123,2021
2127,2060
2123,2023
2121,2055
2116,2063
2105,2060
2108,2069
2096,2021
2092,2043
2096,2063
2083,2059
2077,2011
2068,2017
2067,2035
2063,2040
2055,2059
2039,2052
2035,2027
2032,2038
2021,2027
2027,2043
2024,2001
2012,2057
2005,2027
2007,2029
2001,2054
1991,2071
1995,2059
1988,2071
1984,2017
1977,2072
1977,2056
1977,2027
1971,2071
1975,2071
1980,2073
1983,2044
1988,2022
1982,2024
1978,2027
1979,2088
1976,2063
1993,2055
1992,2001
2003,2027
2003,2056
1989,2009
2006,2051
2019,2029
2010,2037
2018,2043
2024,2040
2023,2056
2024,2036
2039,2017
2037,2041
2055,2039
2053,2021
2066,2027
2072,2020
2074,2037
2072,2040
2084,2039
2085,2057
2093,2029
2096,2063
2096,2042
2105,2029
2107,2043
2117,2066
2127,2024
2128,2033
2125,2023
2118,2012
2135,2024
2133,2046
2131,2057
2142,2024
2131,2035
2137,2036
2138,2029
2136,2063
2133,2056
2125,2038
2135,2007
2131,2039
2132,2063
2122,2037
2119,2068
2105,2005
2103,2019
2098,2053
2105,2048
2097,2053
2086,2011
2085,2026
2081,2041
2085,2044
2065,2053
2067,2033
2067,2015
2056,2039
2058,2035
2041,2056
2035,2072
2032,2070
2026,2027
2024,2011
2017,2037
2011,2035
2010,2075
2011,2029
2003,2054
1993,2076
1997,2037
1994,2040
1989,2074
1992,2041
1979,2029
1984,2036
1989,2027
1982,2021
1979,2065
1984,2069
1990,2023
1989,2045
1992,2080
1998,2033
2004,2075
2001,2070
2007,2027
2008,2021
2003,2040
2012,2048
2015,2076
2024,2079
2021,2054
2028,2043
2032,2007
2041,2043
2044,2054
2043,2027
2059,2003
2064,2032
2069,2037
2071,2035
2071,2035
2080,2035
2091,2071
2091,2056
2095,2013
2100,2012
2108,2009
2117,2063
2115,2048
2120,2058
2120,2087
2126,2040
2119,2035
2128,2065
2136,2028
2133,2040
2124,2023
2133,2027
2136,2071
2129,2056
2132,2060
2133,2011
2121,2068
2119,2013
2120,2015
2118,2023
2105,2041
2120,2068
2108,2019
2108,2035
2099,2027
2096,2011
2092,2070
2091,2060
2071,2071
2069,2036
2083,2055
2068,2040
2053,2020
2057,2009
2044,2031
2036,2076
2039,2052
2030,2030
2029,2063
2021,2011
2014,2074
2009,2028
2008,2036
2004,2005
1991,2037
1999,2079
1994,2053
1989,2017
1991,2055
1977,2042
1980,2018
1987,2040
1990,2017
1983,2009
1973,2029
1977,2030
1981,2072
1991,2039
1986,2009
1994,2063
1988,2035
2003,2053
1992,2037
2000,2036
2009,2027
2003,2071
2013,2035
2022,2053
2025,2027
2031,2005
2036,2039
2039,2072
2035,2065
2045,2043
2057,2060
2055,2037
2068,2018
2078,2036
2077,2019
2084,2034
2090,2027
2091,2026
2096,2005
2100,2030
2106,2007
2105,2035
2120,2041
2123,2029
2120,2039
2127,2068
2129,2076
2131,2045
2133,2039
2131,2059
2137,2061
2131,2058
2137,2063
2140,2017
2129,2029
2139,2047
2132,2059
2129,2035
2132,2002
2131,2044
2124,2080
2117,2051
2109,2076
2107,2056
2108,2063
2100,2023
2093,2063
2088,2011
2089,2025
2072,2027
2075,2056
2069,2063
2058,2035
2063,2024
2057,2027
2039,2040
2039,2040
2040,2008
2035,2041
2019,2029
2013,2031
2016,2072
2015,2072
2008,2072
2010,2067
2004,2022
1997,2067
1999,2071
1991,2025
1998,2031
1979,2046
1999,2054
1989,2021
1999,2060
1996,2013
1993,2068
1987,2060
1996,2011
2001,2025
1994,2055
2004,2029
2004,2063
2009,2015
2009,2033
2016,2048
2024,2044
2032,2074
2029,2009
2035,2017
2040,2007
2040,2039
2055,2019
2066,2060
2071,2062
2063,2021
2079,2001
2077,2062
2092,2080
2095,2017
2096,2017
2098,2035
2108,2066
2112,2033
2112,2025
2120,2028
2131,2023
2131,2072
2140,2055
2136,2080
2153,2015
2154,2037
2153,2037
2160,2017
2171,2032
2153,2028
2167,2019
2167,2071
2165,2009
2166,2023
2161,2009
2152,2057
2157,2051
2155,2057
2153,2034
2147,2031
2152,2021
2140,2019
2138,2026
2135,2060
2127,2025
2121,2019
2114,2080
2117,2066
2117,2063
2103,2041
2099,2005
2093,2012
2089,2045
2081,2007
2077,2033
2068,2072
2051,2063
2044,2058
2060,2022
2041,2029
2041,2035
2032,2071
2024,2017
2011,2073
2003,2079
2012,2071
2004,2056
2011,2028
2003,2072
2004,2040
1996,2023
1991,2055
1994,2072
1992,2023
1989,2079
2001,2047
1995,2030
2003,2042
1992,2009
2003,2045
2007,2003
2001,2076
2008,2066
2004,2072
2011,2063
2014,2057
2015,2043
2026,2003
2019,2013
2032,2009
2039,2080
2027,2022
2041,2063
2056,2009
2043,2036
2057,2020
2075,2040
2073,2020
2080,2029
2075,2078
2088,2072
2093,2021
2100,2008
2103,2066
2105,2064
2105,2015
2115,2027
2119,2043
2116,2069
2128,2091
2128,2072
2128,2035
2133,2048
2136,2043
2135,2058
2132,2073
2137,2011
2140,2035
2125,2040
2129,2042
2131,2024
2129,2039
2117,2065
2120,2055
2117,2068
2107,2060
2104,2064
2107,2030
2101,2025
2096,2007
2088,2026
2089,2065
2079,2024
2084,2056
2073,2025
2073,2027
2055,2017
2059,2080
2048,2039
2044,2044
2039,2069
2040,2037
2032,2033
2027,2030
2021,2011
2016,2066
2012,2005
2005,2080
1995,2027
1999,2068
1997,2021
1996,2043
1996,2065
1992,2066
1992,2067
1981,2075
1984,2031
1979,2045
1977,2076
1992,2072
1979,2056
1989,2036
1995,2013
1997,2059
2004,2076
2005,2079
2001,2069
2010,2009
2005,2068
2019,2068
2020,2059
2028,2025
2030,2025
2029,2039
2044,2045
2043,2080
2039,2018
2065,2033
2063,2023
2063,2065
2080,2079
2077,2048
2086,2075
2093,2012
2104,2023
2097,2057
2108,2067
2118,2056
2124,2063
2128,2056
2136,2063
2143,2069
2147,2077
2155,2030
2160,2043
2158,1991
2152,2037
2152,2090
2157,2061
2157,2056
2171,2079
2164,2067
2157,2005
2165,2040
2155,2077
2160,2024
2155,2064
2158,2055
2151,2035
2155,2068
2145,2008
2144,2043
2142,2073
2133,2031
2127,2045
2129,2063
2127,2008
2120,2071
2115,2025
2103,2084
2100,2053
2097,2064
2094,2025
2087,2068
2073,2019
2080,2009
2071,2017
2067,2041
2064,2019
2045,2033
2040,2069
2039,2060
2040,2079
2035,2023
2029,2067
2019,2027
2026,2033
2022,2089
2026,2035
2023,2029
2024,2055
2031,2040
2024,2022
2016,1995
2019,2037
2024,2056
2023,2069
2021,2075
2024,2039
2037,2021
2035,2040
2043,2025
2047,2080
2038,2063
2063,2072
2063,2004
2064,2051
2071,2060
2075,2071
2082,2031
2087,2024
2094,1999
2089,2029
2104,2063
2108,2008
2117,2055
2120,2040
2120,2070
2125,2093
2136,2071
2139,2066
2140,2076
2135,2055
2154,2023
2149,2043
2153,2019
2167,2043
2171,2007
2166,2042
2170,2043
2165,2067
2181,2075
2168,1989
2174,2035
2172,2015
2175,2066
2179,2072
2175,2019
2175,2063
2173,2005
2157,2009
2160,2039
2165,2060
2155,2080
2150,2037
2145,2035
2139,2057
2140,2054
2136,2073
2131,2079
2121,2043
2109,2007
2107,2025
2103,2080
2100,2076
2091,2044
2088,2065
2088,2037
2075,2053
2075,2044
2069,2068
2055,2003
2048,2025
2058,2024
2038,2077
2036,2072
2032,2039
2027,2057
2024,2063
2023,2058
2020,2022
2024,2015
2009,2036
2011,2027
2012,2013
2007,2066
2010,1993
2007,2069
2007,2043
2002,2041
2018,2077
2016,2041
2015,2011
2024,2001
2024,2050
2031,2023
2024,2026
2026,2039
2028,2005
2043,2045
2034,2059
2041,2035
2059,2063
2055,2057
2063,2038
2065,1979
2072,2023
2076,2019
2071,1999
2075,2063
2090,2034
2094,2037
2094,2040
2099,2063
2100,2045
2103,2045
2105,2028
2120,2060
2120,2019
2120,2040
2133,2015
2125,2057
2129,2043
2133,2071
2142,2063
2141,2056
2137,1981
2140,2051
2139,2054
2144,2009
2133,2063
2134,2053
2137,2017
2133,2037
2133,2025
2127,2064
2129,2045
2129,2047
2121,2041
2109,2069
2113,2061
2107,2066
2105,2056
2092,2047
2093,2072
2080,2054
2088,2040
2088,2059
2072,2056
2066,2073
2065,1997
2053,2063
2056,2011
2043,2058
2036,2052
2034,2058
2035,2054
2031,2025
2021,2063
2023,2021
2020,2063
2008,2038
2005,2064
2012,2072
2008,2044
2008,2021
2010,2078
2008,2077
2007,2060
2003,2066
1998,2063
2000,2029
2001,2080
2007,2033
2009,2104
2005,2073
2012,2072
2018,2029
2017,2042
2020,2056
2032,2011
2040,2025
2037,2010
2040,2008
2042,2045
2055,2007
2064,1992
2057,2069
2075,2045
2076,2089
2077,2072
2088,2063
2096,2036
2097,2035
2104,2043
2110,2071
2120,2007
2124,2041
2126,2063
2136,2040
2128,2035
2135,2063
2137,2055
2143,2056
2147,2036
2156,2023
2158,2039
2164,2048
2164,2071
2168,2070
2172,2035
2174,2031
2176,2015
2174,2021
2180,2063
2173,2025
2172,2057
2165,2023
2167,2035
2164,2040
2157,2071
2155,2021
2159,2015
2148,2021
2145,2011
2151,2072
2144,2009
2137,2065
2134,2037
2128,2077
2126,2003
2109,2071
2112,2058
2105,2068
2107,2056
2101,2042
2091,2076
2088,2055
2080,2054
2075,2035
2063,2068
2068,2022
2066,2029
2043,2065
2047,2009
2045,2089
2043,2067
2042,2080
2031,2031
2034,2027
2026,2064
2034,2055
2031,2057
2027,2027
2025,2042
2029,2021
2031,2060
2032,2037
2034,2041
2035,2060
2037,2034
2035,2053
2033,2045
2041,2056
2051,2063
2056,2054
2045,2053
2062,2031
2067,2039
2072,2059
2076,2031
2079,2075
2086,2073
2087,2051
2087,2072
2099,2035
2106,2031
2099,2039
2105,2061
2117,2026
2126,2041
2131,2040
2135,2021
2140,2022
2152,2024
2152,2071
2147,2041
2157,2047
2155,2029
2167,2070
2165,2027
2169,2017
2162,2045
2180,2071
2168,2063
2176,2057
2181,2074
2184,2039
2182,2041
2171,2079
2169,2019
2169,2066
2171,2040
2165,2037
2167,2026
2164,2057
2151,1997
2147,2057
2145,2048
2144,2068
2141,2058
2133,2059
2131,2045
2118,2064
2112,2039
2111,2024
2112,2068
2108,2053
2096,1997
2092,2056
2088,2048
2071,2007
2079,2076
2065,2011
2073,2015
2056,2063
2055,2077
2048,2063
2044,2027
2040,2059
2034,2091
2033,2041
2032,2039
2030,2023
2019,2077
2025,2015
2017,2029
2011,2062
2021,2025
2011,2040
2017,2069
2021,2072
2019,2028
2024,2025
2019,2055
2021,2056
2035,2024
2029,2039
2038,2071
2040,2071
2040,2045
2044,2062
2041,2040
2056,2055
2053,2039
2057,2063
2073,2046
2075,2045
2080,2028
2092,2055
2083,2079
2100,2056
2093,2017
2100,2063
2110,2015
2115,2082
2121,2027
2127,2054
2124,2024
2139,2031
2145,2057
2137,2073
2145,2059
2155,2005
2152,2023
2159,2028
2151,2023
2148,2039
2160,2003
2164,2029
2164,2007
2163,2047
2165,2005
2153,2020
2161,2003
2157,2025
2149,2017
2152,2074
2152,2017
2143,2029
2140,2009
2127,2009
2136,2025
2135,2060
2128,2051
2115,2027
2112,2055
2105,2057
2105,2040
2089,2015
2089,2018
2088,2063
2082,2032
2075,2043
2067,2051
2063,2072
2064,2040
2054,2054
2043,2065
2047,1996
2033,2029
2036,2035
2023,2033
2013,2071
2015,2056
2009,2035
2007,2067
2003,2063
2015,2005
2016,2040
2011,2041
2003,2062
2009,2003
2004,2027
2012,2025
2012,2043
2012,2027
2007,2043
2011,2034
2021,2071
2027,2035
2021,2062
2028,2001
2027,2043
2036,2015
2045,2003
2044,2034
2043,2043
2060,2063
2064,2075
2065,2042
2071,2036
2080,2017
2083,2061
2097,2008
2096,2011
2104,2029
2111,2037
2108,2048
2120,2047
2115,2068
2123,2051
2131,2040
2135,2068
2138,2055
2143,2040
2145,2054
2153,2040
2160,2067
2166,2021
2159,2019
2161,2060
2167,2040
2169,2065
2171,2056
2173,2003
2169,2035
2165,2053
2161,2009
2169,2043
2164,2080
2157,2030
2163,2067
2164,2024
2143,2019
2155,2063
2139,2011
2140,2031
2147,2061
2140,2065
2127,2054
2131,1975
2116,2042
2121,2008
2105,2023
2113,2047
2099,2060
2093,2042
2077,2059
2076,2065
2069,2063
2075,2027
2071,2075
2063,2069
2045,2019
2053,2080
2051,2008
2048,2056
2041,2074
2040,2023
2036,2058
2039,2020
2024,2068
2023,2044
2032,2017
2024,2059
2029,2017
2027,2037
2023,2023
2023,2048
2029,2038
2040,2056
2027,2042
2033,2013
2040,2003
2047,2041
2048,2015
2046,2020
2058,2021
2064,2027
2062,2077
2072,2057
2071,2061
2073,2080
2075,2063
2080,2086
2092,2015
2085,2019
2088,2025
2093,2011
2100,2056
2111,1989
2109,2050
2119,2063
2124,2067
2128,2024
2131,2057
2133,2064
2135,2072
2148,2087
2145,2013
2159,2055
2154,2044
2156,2039
2160,2064
2170,2040
2156,2068
2163,2063
2157,2037
2163,2072
2163,2063
2157,2059
2166,2069
2165,2033
2157,2076
2157,2022
2151,2068
2153,2052
2139,2012
2143,2065
2151,2042
2138,2059
2131,2073
2128,2066
2123,2067
2124,2015
2117,2074
2104,2007
2100,2045
2100,2009
2095,2052
2092,2027
2075,2037
2073,2025
2072,2075
2072,2060
2071,2037
2063,2060
2040,2063
2040,2072
2041,2057
2039,2063
2036,2028
2032,2045
2032,2023
2027,2063
2026,2037
2019,2067
2012,2043
2015,2035
2013,2065
2011,2068
2012,2068
2015,2025
2015,2011
2025,2068
2029,2064
2017,2035
2027,2057
2030,2021
2025,2068
2039,2025
2041,2057
2042,2080
2053,2038
2063,2038
2057,2015
2071,2063
2071,2034
2078,2027
2080,2037
2090,2071
2096,2089
2096,2011
2104,2053
2115,2037
2120,2076
2115,2019
2126,2015
2121,2051
2143,2036
2138,2037
2139,2027
2148,2043
2147,2055
2156,2057
2158,2019
2161,2055
2157,2026
2168,2040
2172,2037
2175,2077
2165,2068
2163,2043
2171,2028
2168,2053
2175,2031
2167,2029
2179,2044
2165,2015
2163,2071
2163,2077
2157,2076
2153,2027
2158,2011
2152,2042
2143,2010
2143,2063
2136,2027
2131,2073
2128,2034
2120,2072
2120,2047
2118,1991
2101,2021
2099,2035
2096,2045
2093,2043
2083,2079
2084,2058
2069,2027
2077,2023
2068,2056
2065,2030
2053,2037
2052,2064
2040,2037
2043,2028
2051,2079
2033,2053
2037,2029
2035,2035
2036,2071
2029,2027
2036,2074
2025,2033
2033,2033
2032,2055
2030,2063
2032,2057
2039,2091
2043,2074
2035,2037
2055,2058
2055,2080
2054,2080
2057,2056
2059,2022
2068,2025
2072,2076
2073,2017
2077,2059
2088,2104
2091,2088
2104,2072
2099,2045
2105,2017
2123,2063
2121,2036
2116,2043
2127,2019
2138,2001
2137,2011
2149,2036
2153,2036
2153,2053
2155,2023
2159,2035
2168,2036
2168,2033
2172,2063
2176,2058
2186,2024
2176,2039
2187,2025
2184,2048
2188,2058
2187,2027
2180,2063
2185,2029
2185,2025
2181,2040
2169,2072
2165,2029
2168,2020
2179,2027
2156,2057
2156,2075
2159,2010
2147,2021
2148,2036
2147,2037
2139,2027
2135,2063
2123,2024
2119,2004
2118,1989
2115,2025
2110,2074
2100,2015
2088,2035
2088,1997
2085,2023
2080,2033
2071,2080
2069,2037
2065,2067
2063,2068
2053,2078
2040,2066
2037,2080
2040,2040
2028,2041
2024,2017
2023,2047
2022,2019
2018,2048
2023,1991
2009,2085
2024,2044
2023,2041
2025,2029
2017,2017
2015,2029
2022,2062
2031,2024
2023,2063
2028,2040
2030,2071
2031,2063
2042,2067
2043,2055
2039,2027
2040,2024
2044,2007
2063,2040
2063,2056
2072,2029
2076,2039
2080,2072
2079,2068
2088,2104
2101,2035
2092,2067
2092,2055
2109,2072
2118,2037
2120,2009
2125,2040
2124,1989
2137,2025
2138,2024
2143,2088
2143,2064
2153,2003
2156,1995
2149,2021
2158,2066
2168,2047
2163,2025
2153,2025
2167,2038
2167,1994
2164,1979
2165,2048
2163,2023
2156,2060
2159,2040
2156,2063
2152,2067
2149,2080
2144,2092
2146,2080
2136,2066
2127,2042
2119,2056
2117,2007
2117,2009
2118,1996
2100,2032
2103,2017
2089,2037
2088,2046
2089,2038
2083,2074
2075,2054
2059,2077
2060,2087
2063,2042
2039,2075
2042,2041
2040,2057
2039,2024
2028,1987
2024,2017
2007,2080
2013,2041
2019,2036
2015,1999
2003,2036
2001,2070
1997,2041
1997,2081
2005,2080
2000,2045
2003,2063
1995,2043
2008,2063
2007,2101
2009,2023
2007,2030
2009,2029
2019,2023
2016,2003
2021,2033
2025,2045
2032,1994
2039,2072
2043,2024
2057,2017
2041,2040
2043,2057
2071,2032
2065,2075
2072,1971
2073,2056
2092,2013
2088,2006
2092,2009
2103,1997
2103,1988
2103,2036
2115,2028
2119,2055
2135,2017
2135,2069
2143,2037
2150,2057
2152,2039
2153,2043
2159,2064
2166,2037
2166,2070
2163,2011
2164,2027
2173,2035
2175,1987
2176,2005
2177,2112
2169,2035
2171,2067
2172,2053
2168,2032
2163,2040
2163,2075
2160,2072
2153,2035
2152,2056
2151,2037
2148,2024
2139,2023
2136,2019
2137,2008
2131,1963
2126,2021
2109,2079
2107,2011
2103,2007
2104,2075
2100,2088
2088,2063
2090,2063
2079,2083
2073,2130
2072,2088
2063,2019
2053,2039
2043,2036
2047,2011
2036,2016
2029,2025
2036,1987
2032,2080
2032,2089
2021,2120
2025,2017
2025,2072
2029,2048
2034,2040
2019,2055
2021,2052
2030,2005
2027,1995
2021,2009
2035,2015
2025,2024
2037,2041
2035,2004
2035,2041
2045,2065
2046,2027
2055,2012
2062,2018
2057,2055
2067,2047
2059,2062
2076,2045
2080,2024
2082,2030
2088,2008
2087,2028
2107,2056
2106,2080
2107,2034
2105,2046
2119,2060
2125,2064
2126,2039
2136,2070
2136,2005
2135,1982
2148,2003
2148,2022
2155,1987
2163,2014
2158,1992
2167,1981
2165,2042
2162,2037
2157,2055
2153,2078
2163,2051
2157,2059
2164,2069
2160,2081
2157,2072
2163,2079
2154,2017
2156,1993
2139,2075
2136,2077
2135,2092
2137,2043
2129,2068
2133,2077
2120,2059
2121,1976
2112,2027
2105,2046
2103,2061
2095,1989
2087,2044
2089,2028
2082,2009
2065,2019
2075,2011
2067,2093
2069,2073
2060,2054
2055,2039
2039,2068
2037,2017
2033,2011
2032,2028
2028,1997
2029,2022
2021,2052
2016,2075
2020,2027
2015,2075
2016,2115
2016,2088
2009,2042
2012,2047
2014,2079
2020,2074
2017,2063
2013,1991
2024,2047
2024,2042
2019,2076
2035,2087
2021,2071
2029,2023
2040,2078
2048,2055
2053,2065
2063,2076
2063,2043
2065,2046
2067,1998
2081,2065
2080,2076
2089,1995
2090,2029
2100,2027
2093,2034
2104,2008
2115,2040
2116,2041
2117,2067
2127,2043
2130,2040
2139,2068
2133,2061
2140,2080
2144,2080
2137,2079
2149,2093
2157,2085
2155,2082
2150,2137
2149,2063
2155,2087
2151,2094
2149,2043
2161,2000
2160,2012
2157,2008
2149,1966
2154,1953
2149,2040
2143,2030
2140,2041
2141,2089
2134,2086
2124,2075
2125,2091
2121,2092
2118,2065
2104,2069
2109,2076
2104,2096
2092,2083
2079,2082
2089,2091
2068,2067
2069,2006
2072,1992
2067,2038
2056,1999
2056,2000
2053,1978
2040,1969
2027,2057
2027,2071
2017,2043
2016,2087
2019,2056
2015,2040
2004,2063
1994,2056
2001,1995
2008,1973
2004,2015
1997,1961
2003,1977
1995,2029
1996,2071
1997,2107
1999,2025
2008,2055
2008,2021
2008,2078
2007,2074
2011,2099
2018,2041
2016,2107
2025,2091
2028,2074
2032,2073
2037,2128
2040,2120
2053,2082
2043,2071
2057,2063
2071,2077
2072,2061
2069,1992
2081,2035
2084,1990
2096,2012
2094,1991
2093,1992
2110,1988
2111,1991
2125,2041
2127,2048
2132,2025
2131,2015
2138,2081
2149,2029
2145,2055
2147,2047
2147,2029
2148,2043
2159,1974
2153,2029
2157,2067
2164,2079
2167,2096
2155,2093
2160,2074
2161,2043
2159,1995
2154,2037
2145,2063
2149,2020
2151,2009
2140,2015
2133,2041
2132,2032
2131,1995
2129,2031
2120,2033
2124,2022
2112,2010
2111,2017
2108,1995
2104,1957
2094,1943
2088,1939
2081,2025
2071,2035
2063,2075
2058,2096
2057,2073
2055,2098
2055,2080
2029,2023
2032,2079
2028,2031
2025,2020
2028,2081
2007,2115
2016,2040
2011,2034
2014,2005
2020,2048
2012,2029
2008,2044
2009,2040
2009,2056
2009,2029
2010,2104
2020,2011
2008,2040
2016,1981
2021,1958
2017,2067
2021,2027
2021,1984
2033,2003
2034,1949
2040,1967
2046,2053
2052,2039
2039,2037
2054,2053
2071,2112
2067,2141
2075,2138
2080,2152
2088,2136
2092,2043
2098,2056
2097,2037
2105,2004
2118,1945
2117,1980
2117,1910
2131,1997
2130,2015
2140,2011
2139,2009
2145,2044
2145,2099
2148,2054
2143,2017
2155,2056
2162,2063
2155,1991
2164,2025
2151,2031
2161,1992
2160,2063
2157,1989
2156,2020
2147,1980
2144,1962
2147,1925
2143,2008
2135,2043
2139,2028
2127,1991
2129,1981
2119,2029
2124,2023
2110,2041
2103,2104
2103,2088
2101,2041
2087,2105
2088,2063
2083,2071
2074,2019
2075,2012
2068,2033
2057,2045
2056,2015
2035,2005
2025,2024
2032,2029
2031,2071
2023,2085
2007,2042
2011,2057
2007,2029
1995,2111
2001,2075
1994,2103
2003,2023
2001,2068
1988,2041
1989,2006
1996,1993
1993,2073
1992,2091
1996,2098
1993,2088
2000,2065
1993,2105
2001,2077
2007,2056
2009,2021
2016,1969
2007,1981
2009,2020
2029,1977
2021,2079
2025,2056
2029,1993
2031,2019
2040,2025
2054,1983
2063,1987
2072,2035
2072,2024
2075,1969
2079,2081
2083,2079
2094,2086
2094,2120
2107,2085
2111,2090
2116,2078
2117,1932
2121,2004
2119,2022
2136,2088
2136,2068
2131,2133
2144,2017
2136,2052
2139,2075
2148,2107
2157,2061
2155,2028
2148,2065
2155,2068
2155,2087
2151,2006
2155,1970
2151,2022
2145,2001
2141,1957
2144,1996
2141,2040
2135,2005
2131,2036
2133,2081
2124,2105
2122,2136
2121,2120
2120,2034
2105,2068
2103,2024
2088,2008
2091,2083
2090,2042
2091,2007
2081,2060
2069,2023
2065,2019
2055,2113
2042,2115
2053,2063
2046,2048
2039,2120
2033,2089
2027,2144
2026,2120
2023,2051
2023,2066
2011,1984
2016,1987
2014,1979
2019,1979
2011,1988
2009,2032
2004,1995
2008,2043
2010,2137
2015,2094
2009,2143
2023,2013
2010,2045
2023,2072
2027,2093
2025,2086
2035,2047
2032,1961
2042,1946
2042,2012
2045,2029
2053,2035
2063,2036
2067,2068
2067,2099
2073,2068
2073,2054
2077,2063
2085,2126
2088,2107
2093,2083
2098,2043
2103,2127
2107,2029
2112,2029
2121,2045
2127,2009
2129,1959
2134,1981
2135,1973
2141,1998
2139,2024
2151,2104
2148,2123
2143,2093
2145,2063
2149,2044
2151,1999
2151,1945
2153,2022
2154,2048
2155,1998
2145,2037
2148,2063
2147,2128
2152,2100
2145,2103
2139,2123
2133,2055
2141,1965
2135,2033
2130,2025
2120,2003
2123,2032
2116,2017
2108,1977
2101,2059
2097,2080
2093,2134
2093,2134
2076,2080
2071,2043
2073,2020
2063,2013
2067,2012
2065,2065
2043,2015
2040,2012
2039,2032
2025,2068
2033,2019
2025,2037
2022,2053
2017,2127
2011,2024
2015,2011
2004,2041
2007,2085
2013,2089
2007,2103
2007,2097
2008,2107
2003,2023
2009,2057
2011,2021
2007,2012
2010,2001
2007,1983
2013,1971
2024,1993
2017,2005
2019,2024
2026,2067
2028,2056
2024,2028
2027,2001
2040,1989
2051,1978
2046,2102
2042,2108
2058,2096
2067,2054
2069,2072
2077,2039
2082,2060
2088,2015
2085,1987
2096,1976
2107,2071
2105,2063
2104,2063
2118,2033
2121,2063
2123,1995
2124,1989
2129,1972
2135,1960
2137,1979
2133,2017
2132,2040
2139,2043
2144,2015
2137,2052
2151,2053
2151,2077
2143,2063
2147,2086
2148,2029
2140,2004
2135,2012
2137,1974
2123,2014
2132,2011
2129,2043
2109,2077
2125,2054
2118,2023
2104,2129
2105,2057
2108,2027
2091,2069
2095,2107
2089,2028
2083,2024
2069,1992
2063,2035
2063,2057
2060,2074
2055,2052
2053,2077
2040,2122
2030,2144
2019,2079
2020,2056
2008,2094
2013,2077
2008,2048
1988,2024
2002,2029
1999,1961
1991,1997
1989,1960
1997,1944
1995,2015
1984,2023
1977,2040
1980,2059
1980,2011
1984,2035
1992,2045
1988,2071
1989,2080
1999,2022
1996,2082
2008,2004
2008,2037
2005,2017
2009,2007
2018,2027
2022,2089
2027,2018
2031,2096
2032,2124
2046,2117
2044,2112
2065,2051
2069,2019
2075,2004
2076,2005
2087,1961
2084,2001
2103,2059
2099,2107
2109,2124
2107,2100
2117,2031
2128,2060
2131,2015
2143,1947
2144,1971
2143,2024
2156,2075
2160,2081
2153,2035
2169,2096
2159,2091
2167,2088
2168,2073
2170,2032
2168,2011
2160,2028
2166,2029
2171,2044
2163,2094
2161,2018
2157,2075
2155,2053
2152,1976
2137,2001
2135,1959
2127,2063
2133,2080
2135,2080
2132,2144
2124,2071
2118,2089
2105,2093
2107,2077
2104,2039
2092,1964
2086,1971
2075,2017
2075,2073
2065,2073
2071,2092
2071,2091
2058,2081
2053,2006
2029,1992
2033,1978
2032,2011
2024,2033
2023,2011
2018,1988
2009,2104
2011,2100
2009,2083
2011,2048
2005,2005
2009,2034
2013,2082
2001,2042
2003,2008
2001,2024
2007,2007
2007,2055
2022,2071
2015,2038
2017,2075
2017,2077
2027,2022
2025,1971
2040,1972
2044,1928
2054,2005
2054,2075
2058,2112
2068,2087
2067,2107
2080,2108
2089,2077
2087,2060
2096,2024
2096,2013
2098,1955
2115,2011
2117,2029
2117,2054
2115,2083
2130,2073
2133,2039
2146,2019
2139,1997
2145,2017
2147,2088
2159,2069
2158,2025
2163,2037
2155,2064
2163,2065
2153,2040
2168,2031
2173,2007
2155,2081
2167,2080
2160,1987
2157,1997
2156,2019
2163,2011
2149,1992
2151,2041
2135,2073
2144,2084
2139,2005
2133,1997
2127,2000
2119,2061
2104,2009
2105,1973
2105,2039
2099,2007
2097,2035
2091,2069
2078,2057
2063,2067
2067,2095
2056,2130
2061,2115
2052,2099
2040,2067
2036,2056
2030,2026
2027,2036
2027,2045
2020,2076
2018,2043
2015,2104
2008,2058
2012,1984
2007,1979
2001,2003
2011,1997
2007,2028
2008,2070
2007,2045
2008,2088
1999,2066
2007,2072
2007,2029
2009,2078
2016,2031
2023,1997
2031,1980
2031,1976
2026,1998
2040,2039
2040,2031
2034,2014
2041,1996
2054,2003
2065,1984
2063,2013
2065,2044
2067,2120
2074,2124
2088,2044
2092,1995
2096,2037
2101,2040
2108,2021
2107,2043
2112,2025
2120,2054
2129,2067
2123,2038
2134,1977
2135,2040
2140,2005
2137,2005
2146,2077
2155,2089
2156,2115
2159,2123
2155,2005
2153,2009
2159,2029
2152,2007
2151,2025
2159,2008
2157,2037
2152,2077
2152,2079
2155,2022
2144,2022
2143,1995
2131,2027
2133,2043
2131,2047
2131,2056
2129,1991
2120,2021
2107,2071
2101,2025
2108,1997
2097,2027
2088,2040
2089,2023
2079,2003
2080,2053
2070,2034
2067,2082
2062,2068
2057,2001
2045,1995
2040,2003
2033,2015
2025,2063
2024,2004
2019,2069
2015,2090
2011,2054
2003,2080
2005,2036
2007,2034
1994,2085
2007,2099
2002,2068
1989,2040
2000,2047
1992,2011
2003,1991
1993,2021
2000,2082
2001,2041
1995,2015
2000,2076
2008,2023
2015,1990
2009,1992
2019,2006
2021,2084
2021,2117
2028,2004
2031,2051
2036,2071
2039,2067
2039,2107
2045,2096
2059,2039
2063,1981
2065,1999
2071,2023
2069,2064
2075,2096
2087,2075
2087,2094
2099,2074
2103,2012
2104,1963
2115,2016
2111,2040
2117,2063
2127,2027
2121,2097
2131,2069
2132,2025
2127,2079
2148,1985
2136,1987
2140,2032
2150,2068
2147,2005
2144,2040
2151,2111
2146,2132
2135,2084
2135,2042
2142,2001
2135,1973
2127,1994
2127,2052
2129,2076
2125,2060
2109,2001
2112,2054
2116,2093
2116,2063
2104,2065
2091,1981
2093,1972
2086,1959
2080,2029
2074,2075
2071,2039
2067,2033
2063,2048
2061,2016
2053,2007
2040,2041
2030,2027
2027,1996
2025,2020
2023,2024
2019,2064
2018,2055
2011,2091
2012,2087
2003,2101
2007,2017
1999,2039
2001,2075
2010,2056
1997,2020
2006,2041
2001,2030
2003,2074
2008,2024
2008,2038
2003,2120
2010,2068
2013,2027
2017,2061
2017,2061
2019,2075
2030,2091
2028,2