2129,2033
2125,2042
2120,2025
2115,2028
2102,2066
2101,2058
2097,2059
2089,2070
2088,2072
2081,2027
2072,2023
2057,2013
2055,2037
2057,2088
2043,2065
2041,2060
2032,2027
2029,2044
2029,2026
2023,2061
2022,2019
2020,2081
2015,2071
2011,2064
2012,2080
2001,2059
2007,2079
2011,2052
2005,2040
2001,2059
1999,2073
2000,2041
2000,2011
2005,2019
2011,2072
2016,2025
2011,2071
2010,2048
2015,2028
2021,2079
2028,2046
2022,2027
2032,2032
2035,1999
2040,2011
2032,1992
2060,2006
2057,2045
2068,2026
2076,2063
2077,2066
2076,2077
2085,2024
2085,2066
2091,2078
2097,2082
2109,2042
2099,2054
2112,2021
2122,2068
2127,2063
2132,2047
2133,2056
2133,2068
2140,2028
2141,2009
2147,2043
2149,2039
2155,2075
2159,2084
2158,2013
2158,2037
2151,2041
2154,2069
2159,2021
2139,2041
2155,2034
2149,2077
2147,2069
2144,2065
2138,2063
2139,2080
2136,2012
2129,2027
2131,2063
2123,2048
2120,2073
2116,2067
2110,2029
2101,2036
2089,2021
2095,2071
2085,2025
2086,2039
2080,2029
2075,2030
2057,2005
2063,2018
2056,2021
2055,2072
2041,2015
2033,2016
2024,2015
2025,2074
2016,2043
2015,2033
2020,2041
2016,2033
2001,2077
2015,2005
2008,2020
2004,2037
2001,2056
2008,2025
2007,2072
2008,2066
2008,2079
2007,2035
2009,2067
2004,2020
2012,2066
2011,2005
2013,2076
2009,2079
2019,2087
2023,2043
2025,2009
2029,2048
2028,1999
2046,2029
2043,2019
2056,2041
2057,2022
2056,2025
2072,2018
2075,2029
2072,2027
2084,2072
2090,2005
2092,2040
2101,2061
2099,2056
2103,2088
2103,2067
2111,2063
2119,2011
2121,2001
2128,1975
2120,2027
2136,2061
2132,2043
2136,2056
2133,2023
2142,2069
2144,2043
2143,2069
2144,2044
2141,2060
2147,2005
2137,2037
2141,2037
2138,2080
2136,2041
2126,2030
2126,1996
2120,2009
2109,2009
2103,2051
2112,2072
2106,2087
2104,2080
2098,2028
2087,2020
2088,2009
2075,2043
2077,2023
2076,2042
2068,2009
2064,2071
2056,2056
2040,2037
2041,2068
2041,2055
2027,2024
2028,2040
2017,2025
2011,2077
2012,2071
2001,2065
1995,2073
1993,2069
1996,2033
1995,2027
1995,2039
1993,2068
1999,2021
1977,2070
1990,2007
1981,2035
1993,2051
1992,2041
2000,2027
1994,2043
2001,2051
2002,2066
2003,2088
2003,2089
2013,2021
2013,2077
2022,2041
2023,2017
2023,2048
2032,2036
2032,2056
2035,2056
2053,2076
2040,2035
2056,2072
2063,2064
2063,2019
2065,2046
2071,2033
2081,2040
2082,2063
2083,2031
2092,2041
2099,2042
2099,2041
2107,2054
2101,2020
2120,2024
2129,2032
2136,2033
2137,2023
2144,2066
2142,2035
2144,2019
2139,2019
2144,2080
2144,2067
2138,2064
2152,2058
2148,2088
2143,2023
2146,2055
2137,2060
2142,2056
2133,2023
2131,2057
2132,2071
2124,2079
2122,2071
2119,2009
2105,2073
2111,2036
2099,2066
2091,2054
2099,2073
2095,2029
2089,1999
2079,2060
2075,2053
2073,2063
2063,2048
2055,2078
2055,2046
2039,2096
2030,2059
2030,2001
2027,2019
2024,2040
2015,2033
2009,2062
2015,2003
2012,2003
2007,2015
2008,2005
2005,2086
2008,2025
2000,2043
2004,2056
2000,2039
2000,2040
1993,2063
2008,2033
1999,2047
2005,2043
1997,2033
2012,2044
2011,2044
2009,2015
2005,2041
2017,2068
2024,2041
2019,2071
2028,2040
2027,1981
2041,2011
2044,2017
2057,2060
2057,2069
2067,2063
2069,2048
2073,2011
2085,2033
2086,2065
2085,2080
2095,2071
2096,2073
2099,2003
2100,2025
2103,2056
2112,2058
2121,2067
2123,2043
2130,2031
2129,2083
2135,2024
2137,2033
2136,2073
2139,2056
2148,2045
2146,2056
2145,2046
2149,2077
2147,2079
2150,2068
2144,2068
2143,2035
2135,2045
2140,2056
2143,2021
2125,2021
2135,2059
2131,2067
2121,2057
2122,2067
2120,2037
2105,2067
2105,2017
2104,2027
2088,2079
2089,2071
2081,2037
2080,2037
2074,2080
2073,1997
2065,2035
2066,2007
2033,2001
2044,2019
2039,2019
2033,2071
2025,2021
2024,2072
2012,2048
2005,2047
2006,2015
2000,2073
1999,2040
1997,2046
1993,2029
1995,2046
1990,2019
1976,2058
1987,2056
1984,2017
1984,2068
1991,2060
1992,2007
1993,2033
1992,2068
1999,2072
1999,2033
2006,2029
2003,2064
2012,2023
2001,2053
2016,2029
2024,2071
2019,2029
2021,2041
2027,2037
2029,2023
2043,2037
2044,2063
2048,2040
2057,2068
2064,2020
2069,2047
2076,2042
2084,2037
2080,2070
2096,2043
2096,2016
2097,2024
2102,2043
2110,2006
2107,2027
2123,2019
2120,2047
2135,2029
2126,2043
2135,2063
2126,2015
2145,2011
2146,2054
2140,2029
2135,2070
2144,2058
2144,2003
2143,2025
2140,2068
2143,2026
2125,2056
2132,2028
2136,2055
2136,2080
2128,2072
2123,2011
2121,2077
2114,2063
2114,2077
2097,2063
2103,2060
2100,2069
2096,2012
2088,2046
2071,2076
2067,2065
2074,1996
2063,2026
2057,2063
2040,2077
2041,2072
2041,2040
2037,2008
2025,2048
2023,2008
2017,2020
2011,2080
2010,2071
2012,2055
2003,2072
2000,2017
1998,2073
1994,2032
1991,2095
1992,2025
1989,2027
1992,2060
1979,2072
1990,2043
1993,2037
1991,2063
1991,2072
1995,2052
1996,2019
1995,2029
2004,2035
2011,2075
2012,2070
2018,2048
2027,2004
2019,2063
2021,2039
2031,2043
2037,2019
2037,2057
2041,2048
2053,2019
2061,2027
2067,2070
2072,2085
2079,2004
2071,2073
2087,2071
2088,2035
2094,2007
2093,2053
2103,2042
2109,2023
2109,2040
2116,2061
2120,2039
2127,2059
2139,2044
2142,2025
2145,2027
2148,2017
2150,2037
2144,2048
2147,2053
2149,2040
2153,2035
2145,2043
2139,2067
2138,2038
2152,2026
2138,2033
2140,1997
2133,2031
2125,2071
2127,2044
2127,2036
2123,2051
2110,2033
2115,2081
2103,2064
2106,2040
2100,2033
2103,2096
2088,2071
2087,2044
2082,2022
2082,2068
2071,2026
2069,2019
2055,2035
2063,2043
2053,2007
2039,2073
2027,2038
2032,2033
2027,2033
2024,2036
2020,2092
2011,2035
2012,2024
2008,2067
2011,2044
2002,2036
2008,2023
2003,2036
2001,2023
2010,2040
2004,2040
2011,2073
2003,2036
2001,2055
1997,2077
2005,2007
2007,2066
2015,2011
2016,2056
2017,2072
2018,2061
2026,2040
2032,2063
2037,2010
2035,2076
2031,2048
2043,2025
2051,1997
2063,2015
2065,2071
2074,2029
2075,2024
2087,2029
2080,2039
2090,2063
2094,2034
2101,2023
2103,2017
2107,2037
2107,2054
2115,2022
2121,2023
2127,2035
2137,2011
2136,2041
2137,2063
2139,2030
2140,2024
2144,2056
2144,2040
2151,2070
2148,2068
2151,2009
2143,2065
2139,2072
2148,2044
2140,2063
2138,2015
2136,2005
2127,2043
2129,2039
2131,2041
2121,2079
2123,2056
2109,2073
2115,2027
2099,2059
2109,2040
2087,2033
2085,2077
2086,2027
2072,2043
2076,2024
2068,2071
2071,2058
2060,2053
2056,2021
2048,2018
2041,2066
2028,2037
2028,2035
2019,2009
2023,2063
2010,2057
2007,2008
2008,2042
1991,2017
2003,2033
1996,2072
1997,2021
1993,2037
2001,2082
1987,2025
1990,2023
1991,2043
1984,2044
1988,2043
1983,2071
2005,2053
2000,2038
1999,2075
2005,2041
2003,2065
2008,2019
2015,2036
2013,2003
2007,2024
2015,2039
2023,2063
2031,2007
2035,2003
2035,2077
2040,2038
2053,2044
2054,2018
2061,2029
2071,2025
2068,2040
2073,2021
2081,2043
2085,2043
2093,2028
2092,2075
2094,2054
2102,2066
2105,2053
2112,2011
2113,2015
2121,2040
2123,2029
2117,2039
2103,2032
2128,2019
2129,2056
2127,2027
2137,2028
2132,2035
2124,2073
2128,2006
2132,2019
2125,2057
2124,2060
2131,2043
2127,2039
2123,2073
2115,2023
2106,2045
2107,2063
2105,2037
2104,2042
2096,2043
2087,2065
2081,2001
2085,2060
2084,2058
2068,2027
2072,2031
2059,2075
2055,2068
2063,2057
2029,2039
2035,2056
2032,2035
2038,2065
2015,2076
2024,2029
2011,2037
2015,1997
2006,2034
1996,2068
2001,2043
1993,2025
2001,2080
2000,2066
1993,2027
1987,2057
1991,2017
1992,2061
1995,2010
1992,2052
1986,2071
1989,2038
1989,2029
1995,2005
2001,2028
2003,1993
2007,2041
2008,2033
2012,2075
2017,2021
2017,2023
2028,2037
2027,2059
2032,2058
2035,2044
2041,2067
2047,2085
2053,2039
2063,2067
2069,2063
2074,2031
2068,2047
2086,2065
2088,2077
2090,2037
2094,2042
2099,2041
2099,2053
2107,2077
2108,2023
2119,2043
2125,2046
2123,2028
2132,2051
2127,2010
2131,2040
2143,2039
2123,2035
2129,2033
2131,2042
2141,2071
2129,2039
2135,2063
2123,2048
2131,2055
2131,2071
2137,2072
2125,2040
2120,2019
2107,2059
2123,1977
2110,2025
2108,2067
2101,2050
2094,2025
2095,2012
2091,2021
2081,2056
2072,2063
2072,2042
2068,2071
2072,2040
2060,2055
2043,2079
2045,2027
2032,2059
2033,2023
2027,1977
2023,2007
2017,2072
2017,2047
2008,2027
2004,2018
2005,2067
1997,2025
1996,2015
1981,2045
1989,2080
1979,2015
1984,2009
1988,2072
1984,2028
1980,2063
1980,2005
1979,2039
1979,2036
1979,2028
1988,2053
2000,2036
1997,2073
2000,2067
2002,2018
2007,2023
2009,2057
2012,2069
2019,2067
2011,2021
2027,2037
2024,2054
2030,2046
2029,2027
2040,2015
2055,2070
2059,2056
2055,2044
2063,2023
2071,2058
2076,2035
2073,2060
2086,2021
2089,2021
2099,2029
2087,2071
2093,2042
2107,2051
2112,2012
2123,2058
2123,2039
2124,2027
2123,2065
2123,2067
2121,2027
2127,2071
2124,2029
2122,2053
2120,2063
2120,2037
2126,2035
2121,2039
2119,2024
2107,2039
2104,2059
2107,2067
2101,2015
2100,2040
2099,2034
2095,2054
2086,2009
2091,2059
2087,2027
2081,2028
2072,2091
2066,2079
2065,2015
2044,2034
2041,2015
2039,2032
2031,2039
2021,2079
2019,2096
2016,2068
1995,2045
2006,2067
1998,1995
1993,2015
1979,2075
1989,2028
1987,2020
1977,2054
1963,2074
1969,2018
1963,2059
1968,2071
1963,2068
1957,2034
1960,2080
1962,2011
1945,2064
1947,2040
1956,2068
1962,2073
1969,2041
1964,2005
1968,2046
1975,2068
1974,2023
1979,2089
1977,2048
1981,2068
1987,2056
1996,2027
1996,2046
2002,2024
2008,2017
2012,2041
2016,2039
2029,2027
2020,2054
2023,2015
2027,2056
2042,2044
2054,2041
2056,2036
2071,2022
2069,2008
2071,2023
2075,2071
2083,2039
2075,2053
2089,2023
2093,2025
2094,2047
2107,2071
2103,2057
2101,2003
2115,2020
2112,2072
2108,2040
2113,2053
2120,2045
2115,2055
2115,2071
2105,2043
2105,2053
2109,2076
2106,2039
2101,2069
2107,2091
2107,2033
2088,2020
2100,2046
2089,2036
2088,2037
2080,1992
2079,2053
2065,2071
2071,2072
2055,2065
2044,2040
2043,2060
2043,2008
2040,2069
2038,2069
2026,2021
2025,2067
2008,2103
2004,2027
2003,2061
1995,2025
1996,2017
1976,2035
1987,2071
1979,2087
1975,2056
1975,2067
1972,2045
1965,2035
1965,2052
1972,2021
1965,2033
1966,2069
1959,2037
1968,2073
1963,2063
1959,2067
1972,2037
1975,2027
1971,2029
1973,2067
1977,2066
1977,1991
1984,2017
1992,2036
1999,2038
2002,2054
2005,2023
2008,2037
2008,2056
2016,2023
2017,2075
2032,2068
2039,2047
2040,2054
2044,2028
2057,2079
2053,2041
2065,2043
2072,2070
2077,2075
2081,2040
2083,2041
2095,2011
2091,2037
2105,2039
2101,2063
2112,2058
2117,2055
2115,2068
2122,2080
2127,2060
2129,2025
2132,2071
2124,2068
2131,2044
2135,2009
2127,1994
2121,2080
2128,2060
2123,2044
2115,2024
2123,2021
2115,2066
2112,2039
2111,2013
2106,2017
2103,2029
2091,2084
2090,2064
2089,2040
2087,2043
2080,2056
2067,2054
2053,2076
2055,2014
2040,2029
2039,2073
2027,2027
2022,2071
2017,2050
2009,2081
2005,2083
2001,2077
2000,2063
1989,2033
1989,2071
1988,2021
1987,2024
1967,2063
1963,2021
1968,2019
1959,2052
1961,2095
1966,2063
1960,2056
1963,2019
1947,2045
1952,2055
1950,2048
1949,2055
1953,2043
1955,2018
1947,2053
1961,2036
1965,2040
1963,2039
1968,2025
1959,2040
1975,2044
1982,2063
1980,2007
1988,2009
1984,2007
1998,2025
2004,2021
1996,2039
2004,2015
2003,2035
2014,2019
2022,2021
2026,2029
2032,2003
2027,2072
2040,2066
2053,2001
2041,2015
2045,2059
2055,1989
2057,1999
2067,2053
2066,2073
2072,2025
2072,2030
2075,1995
2084,2028
2085,2039
2088,2039
2092,2048
2088,2079
2088,2072
2084,2056
2091,2075
2089,2043
2088,2031
2077,2027
2083,2020
2080,2076
2079,2015
2072,2053
2063,2068
2059,2046
2056,2080
2054,1995
2044,2063
2041,2027
2029,2094
2027,2035
2023,2024
2025,2047
2026,2035
2008,2063
2003,2041
2007,2056
2004,2073
2009,2027
1989,2044
1984,2015
1985,2017
1980,2025
1969,2038
1965,2045
1970,2054
1966,2024
1962,2034
1962,2007
1965,2071
1966,2028
1959,2028
1959,2080
1955,2063
1960,2036
1959,2056
1961,2065
1965,2017
1969,2028
1970,2040
1977,2019
1976,2056
1976,2013
1979,2067
1989,2063
1987,2045
1989,2043
2004,2060
2002,2045
1992,2068
2015,2009
2022,2028
2023,2023
2029,2037
2027,2059
2037,2068
2043,2030
2051,2044
2066,2030
2063,1988
2073,2026
2075,2007
2071,2027
2073,2027
2084,2056
2093,2035
2096,2028
2103,2012
2103,2076
2105,2072
2108,2048
2123,2053
2117,2066
2119,2021
2115,2030
2120,2008
2116,2044
2125,2021
2124,2023
2124,2027
2116,2021
2115,2026
2120,2021
2111,2063
2111,2046
2093,2026
2101,2075
2093,2020
2100,2005
2094,2026
2093,2033
2083,2036
2076,2087
2077,2087
2069,2095
2066,2052
2057,2072
2057,2015
2063,2059
2040,2055
2032,2069
2036,2028
2026,2075
2016,2041
2014,2029
2007,2004
2008,2059
2003,2036
1993,2048
1995,2057
1989,2063
1995,2017
1987,2076
1992,2039
1984,2033
1973,2043
1981,2039
1975,2043
1976,2017
1975,2043
1977,2004
1976,2065
1976,2023
1973,2071
1981,2080
1981,2072
1984,2040
1990,2040
1995,2042
2000,2022
1996,2025
2005,2007
2007,2017
2014,2057
2015,2056
2027,2056
2024,1997
2032,2028
2035,2037
2043,2011
2045,2036
2056,2056
2057,2053
2059,2041
2047,2072
2079,2065
2071,2033
2082,2076
2079,2027
2089,2078
2097,2023
2104,2075
2095,2063
2112,2030
2109,2034
2118,2024
2118,2035
2117,2055
2117,2072
2120,2015
2119,2019
2120,2039
2126,2077
2123,2043
2117,2035
2112,2080
2109,2080
2113,2071
2107,2027
2112,2036
2111,2027
2103,2036
2091,2069
2087,2011
2094,2051
2092,2041
2079,2063
2076,2056
2065,2063
2071,2043
2066,2028
2053,2023
2041,2057
2035,2041
2037,2057
2028,2019
2009,2039
2015,2069
2016,2063
2005,2075
2001,2072
1999,2072
1995,2019
1981,2021
1975,2080
1981,2069
1979,2035
1979,2080
1968,2015
1975,2063
1971,2065
1970,2058
1975,2066
1968,2039
1971,2068
1972,2072
1973,2065
1977,2070
1972,2073
1983,2063
1989,2039
1975,2072
1991,2060
1992,2030
2000,2067
2000,1999
2003,2015
2005,2043
2019,2029
2024,2067
2025,2037
2037,2063
2034,2037
2035,2011
2041,2059
2057,2025
2043,2053
2068,2043
2067,2063
2072,2028
2089,2034
2083,2031
2091,2023
2091,2041
2104,2029
2105,2063
2104,2029
2119,2037
2121,2060
2122,2078
2124,2044
2123,2032
2135,2011
2127,2017
2131,2037
2130,2043
2138,2008
2132,2056
2131,2023
2139,2033
2129,2023
2131,2040
2124,2055
2121,2065
2120,2017
2105,2010
2101,2071
2092,2057
2091,2071
2100,2029
2090,2069
2080,2047
2083,2020
2071,2035
2057,2040
2069,2056
2059,2035
2052,2034
2045,2033
2040,2072
2029,2043
2023,2056
2009,2029
2007,2004
2007,2025
2007,2023
2001,2007
1981,2035
1984,2042
1981,2005
1975,2055
1975,2052
1980,2060
1977,2060
1979,2030
1965,2072
1977,2030
1971,2063
1975,2015
1973,2001
1963,2056
1974,2024
1974,2021
1977,2020
1978,2080
1979,2048
1984,2063
1989,1999
2001,2060
1999,2060
1995,2042
1997,2059
2007,2048
2015,2061
2020,2034
2024,2034
2028,2019
2027,2015
2035,2001
2039,2048
2044,2071
2051,2009
2071,2046
2065,2059
2079,2028
2089,2033
2080,2063
2085,2041
2097,2020
2093,2017
2101,2058
2115,2066
2112,2068
2115,2052
2116,2017
2123,2022
2125,2041
2121,2012
2133,2056
2132,2080
2135,2058
2137,2048
2136,2071
2132,2067
2131,1999
2133,2063
2123,2057
2121,2070
2119,2072
2112,2092
2106,2059
2112,2057
2103,2068
2101,2056
2103,2045
2092,2070
2089,2039
2077,2047
2079,2056
2077,2019
2073,2077
2063,2040
2065,2080
2053,2089
2047,2046
2035,2007
2031,2063
2027,2055
2022,2063
2020,2021
2019,2053
2007,2068
2007,2055
2005,2041
2003,1991
1995,2043
1995,2072
1994,2053
1990,2027
1980,2062
1979,2079
1980,2052
1980,2039
1978,2030
1992,2021
1976,2046
1976,2062
1984,2048
1990,2004
1994,2033
1992,2065
1998,2043
1991,2009
1994,2095
2007,2079
2010,1997
2016,2015
2016,2071
2022,2009
2017,2012
2030,2025
2023,2044
2040,2052
2044,2017
2047,1993
2059,2052
2065,2060
2066,2066
2068,2019
2071,2033
2079,2056
2083,2044
2090,2072
2094,2011
2088,2023
2097,2026
2107,2019
2103,2003
2115,2055
2099,2053
2112,2047
2116,2037
2117,2029
2124,2021
2118,2035
2104,2060
2113,2068
2113,2057
2117,2025
2107,2028
2108,2046
2105,2019
2102,2059
2093,2037
2097,2063
2091,2055
2088,2035
2084,2017
2080,2031
2075,2057
2072,2063
2066,2075
2062,2063
2056,2065
2045,2072
2044,2027
2024,2063
2032,2028
2021,2076
2019,2076
2007,2087
2008,2037
2008,2039
1996,2063
1991,2063
1989,2072
1984,2005
1984,2019
1973,2053
1979,2019
1973,2027
1965,2023
1975,2001
1963,2080
1971,2044
1965,2007
1971,2022
1968,2080
1970,2071
1968,2071
1962,2072
1976,2048
1976,2039
1976,2039
1984,2060
1982,2064
1987,2056
1986,2022
1997,2005
1997,2045
1995,2019
2007,2079
2012,2052
2020,2035
2024,2080
2020,2057
2036,2063
2041,2080
2051,2056
2061,2057
2057,2035
2057,2077
2075,2021
2071,2035
2075,2018
2075,2056
2093,2042
2088,2075
2096,2032
2101,2009
2097,2063
2111,2021
2101,2055
2109,2055
2121,2062
2115,2039
2124,2039
2126,2068
2122,2063
2123,2028
2122,2027
2119,2057
2120,2040
2116,2043
2116,2079
2102,2073
2100,2040
2107,2053
2107,2065
2101,2054
2096,2021
2087,2053
2087,2041
2085,2013
2079,2037
2080,2072
2071,2023
2066,2069
2053,2063
2052,2080
2041,2024
2045,2037
2030,2043
2031,2024
2027,2063
2023,2069
2005,2061
2015,2072
1995,2075
2001,2087
1998,2054
1991,2055
1993,2043
1992,2043
1977,2003
1989,2063
1984,2007
1983,2069
1981,2043
1971,2037
1981,2052
1975,2056
1993,2031
1965,2033
1984,2013
1980,2041
1992,2029
1992,2027
1991,2027
2007,2041
2003,2003
2007,2025
2009,2021
2011,2065
2020,2077
2028,1991
2027,2045
2035,1997
2037,2012
2039,2058
2056,2037
2057,2063
2072,2062
2071,2069
2079,2037
2081,2043
2088,2063
2095,2066
2103,2052
2101,2054
2103,2059
2103,2086
2120,1995
2125,2054
2133,1997
2127,2041
2135,2003
2134,2056
2132,2020
2143,2071
2144,2088
2144,2019
2152,2013
2152,2027
2144,1981
2148,2023
2139,2039
2137,2063
2135,2063
2137,2065
2131,2011
2138,2044
2129,2038
2133,2027
2121,2044
2121,2001
2119,2068
2114,2044
2099,2066
2106,2019
2097,2038
2096,2063
2083,2036
2083,2015
2076,2017
2073,2036
2071,2042
2063,2033
2063,2055
2039,2023
2056,2012
2047,2019
2019,2065
2028,2035
2028,2067
2019,2064
2023,2064
2019,2034
2013,1999
2015,2040
2010,2045
2005,2021
2014,2043
2007,2017
2005,2062
2005,2063
2001,2041
2012,2044
2010,2046
2015,2046
2013,2077
2009,2030
2018,2054
2016,2028
2024,2037
2030,2060
2023,2035
2035,2003
2041,2074
2044,2062
2053,2024
2055,2066
2067,2035
2055,2073
2072,2024
2077,2023
2077,2024
2081,2036
2092,2030
2085,2064
2103,2051
2101,2055
2108,2027
2112,2017
2121,2033
2120,2029
2132,2061
2132,2023
2137,2009
2135,2071
2144,2024
2143,2079
2148,2011
2137,2043
2147,2063
2155,2065
2152,2019
2146,2061
2152,2017
2152,2073
2148,2072
2140,2011
2137,2021
2143,2069
2136,2087
2134,2060
2137,2037
2121,2056
2121,2038
2117,2025
2109,2069
2104,2027
2092,2030
2092,2027
2094,2046
2081,2010
2073,2075
2067,2069
2063,2056
2071,2025
2059,2043
2041,2060
2043,2002
2038,2015
2024,2046
2015,2019
2024,2053
2013,2040
2007,2056
2001,2044
1991,2005
2001,2008
1997,2040
1997,1993
1979,2063
1979,2063
1990,2027
1984,2037
1989,2071
1987,2025
1983,2021
1984,2066
1975,2003
1981,2036
1992,2063
1988,2068
1993,2011
2002,2005
1995,2045
1995,2071
2010,2037
2012,2056
2007,2043
2021,2059
2027,2028
2032,2021
2040,2056
2040,2009
2039,2031
2042,2021
2043,2056
2066,2035
2063,2023
2067,2001
2081,2056
2082,2023
2094,2020
2103,2019
2095,2040
2111,2044
2105,2005
2113,2027
2121,2044
2127,2066
2127,2079
2134,2078
2128,2058
2140,2064
2139,2011
2136,2071
2148,2071
2144,2063
2137,2029
2147,2029
2144,2070
2143,2072
2138,2072
2127,2026
2136,2024
2135,2032
2107,2080
2127,2079
2121,2040
2122,2005
2111,2043
2112,2029
2103,2058
2098,2033
2087,2040
2089,2056
2082,2057
2083,2080
2067,2075
2073,2063
2055,2028
2055,2003
2043,2017
2035,2045
2032,2068
2039,2033
2023,2060
2019,1989
2009,2040
2006,2011
2007,2033
2006,2066
1991,2057
1996,2011
1998,2036
1996,2040
1981,2035
1992,2009
1992,2036
1989,2071
1991,2020
1992,2043
1987,2038
1987,2060
1991,2068
1992,2041
1987,2044
2005,2034
2003,2067
1997,2011
2012,2055
2015,2043
2018,2035
2011,2080
2016,2070
2025,2027
2021,2041
2040,2011
2031,2057
2044,2018
2053,2035
2045,2064
2066,2067
2072,2027
2072,2035
2075,2065
2084,2014
2089,2003
2092,2077
2099,2039
2107,2048
2098,2055
2103,2013
2105,2037
2107,2075
2125,2072
2131,2007
2122,2019
2128,2054
2121,2033
2140,2023
2135,2019
2129,2044
2136,2037
2139,2040
2123,2005
2133,2063
2131,2072
2123,2079
2125,2021
2109,2023
2112,2027
2112,2065
2108,2063
2104,2057
2097,2009
2095,2053
2093,2033
2087,2055
2085,2055
2071,2057
2074,2056
2068,2047
2063,2060
2059,2031
2054,2028
2031,2061
2035,2080
2029,2045
2028,2041
2015,2047
2011,2043
2014,2056
2008,2039
2001,2056
1995,2027
1992,2080
1991,2019
1987,2080
1995,2073
1984,2063
1977,2063
1977,2057
1984,2015
1981,2041
1979,2071
1979,2009
1985,2081
1991,2040
1992,2017
1980,2086
1995,2019
1999,2077
1989,2073
2007,2065
2012,2042
2013,2063
2015,2031
2028,2056
2023,2037
2021,2063
2032,2011
2033,2056
2048,2009
2045,2043
2054,2056
2063,2063
2063,2065
2063,2019
2076,2051
2080,2034
2086,2006
2085,2047
2103,2063
2092,2022
2104,2012
2099,1993
2115,2036
2105,2010
2107,2037
2115,2065
2121,2041
2131,2045
2135,2060
2136,2069
2135,2065
2127,2056
2133,2064
2128,1996
2125,1988
2123,2044
2127,2048
2130,2027
2122,2044
2117,2053
2124,2052
2105,2006
2112,2025
2109,2059
2101,1993
2099,2033
2088,2059
2088,2044
2073,2058
2077,2060
2078,2055
2073,2042
2063,2009
2053,2063
2053,2044
2057,2051
2035,2040
2032,2051
2032,2067
2025,2060
2019,2071
2007,2070
2008,2025
2008,2018
2003,2052
2007,2078
2000,2071
1992,2061
1987,2027
1997,2021
1995,2063
1985,2064
1992,2022
1993,2044
1987,2043
1995,2081
1992,2063
2000,2021
2003,2025
2000,2065
1993,2030
2008,2055
2005,2075
2005,2063
2011,2063
2024,2013
2029,2021
2023,2041
2040,2023
2041,2024
2038,2023
2053,2077
2057,2035
2063,2079
2077,2037
2065,2029
2073,2065
2081,2072
2091,2058
2097,2043
2089,2065
2101,2040
2101,2070
2115,2024
2118,2036
2124,2025
2127,2043
2134,2059
2137,2043
2142,2077
2143,2024
2144,2042
2139,2071
2139,2065
2151,2077
2148,2005
2143,2063
2148,2075
2143,2003
2152,2063
2144,2069
2142,2027
2137,2043
2135,2046
2129,1993
2123,2035
2121,2067
2115,2063
2120,2033
2107,2071
2108,2059
2103,2058
2091,2027
2099,2027
2092,2037
2080,2048
2081,2054
2067,2019
2066,2068
2045,2064
2041,2082
2037,2056
2053,2038
2035,2080
2037,2013
2033,2063
2023,2015
2014,2045
2024,2041
2001,2036
2013,2039
2008,2013
2007,2029
2007,2080
1998,2027
2008,2017
2011,2037
2000,2072
2006,2021
1995,2067
2004,2042
2007,2069
2008,2074
2011,2056
2012,2063
2015,2025
2014,2040
2025,2068
2022,2021
2032,2053
2032,1997
2032,2048
2038,2058
2038,2048
2048,2021
2053,2015
2065,2033
2063,2076
2074,2073
2078,2012
2076,2059
2077,2067
2093,2037
2098,2007
2099,2027
2105,2036
2103,1999
2108,2047
2108,2035
2120,2053
2117,2038
2132,2015
2135,2066
2137,2030
2145,2017
2136,2050
2142,2057
2143,2044
2140,2075
2137,2063
2133,2028
2145,2024
2141,2025
2140,2035
2145,2055
2131,2029
2136,2054
2133,2056
2122,2068
2125,2028
2113,2056
2111,2025
2105,2073
2099,2058
2103,2042
2089,2021
2096,2024
2083,2070
2072,2066
2079,2044
2071,2055
2071,2052
2059,2048
2041,2023
2032,2048
2043,2063
2032,2037
2027,2068
2021,2029
2011,2080
2011,2057
2005,2056
2000,2036
2005,2069
1989,2040
1999,2039
1996,2055
1993,2019
1995,2039
1971,2024
1988,2061
1977,2023
1988,2037
1982,2054
1984,2035
1987,2080
1981,2077
1998,2033
1991,2068
2002,2056
2000,2053
2007,2027
2007,2037
2021,2069
2012,2039
2019,2071
2027,2069
2023,2017
2039,2053
2030,2024
2043,2053
2035,2065
2043,2066
2057,2054
2068,2063
2074,2032
2085,2021
2083,2045
2088,2056
2091,2023
2091,2012
2102,2040
2106,2074
2112,2043
2120,2028
2121,2038
2125,2037
2129,2021
2132,2056
2135,2023
2129,2048
2132,2011
2132,2053
2141,2033
2143,2029
2137,2064
2123,2051
2131,2039
2133,2021
2132,2026
2132,2043
2124,2042
2125,2027
2104,2025
2106,2015
2109,2074
2107,2066
2093,2020
2091,2043
2085,2040
2089,2065
2086,2043
2072,2030
2069,2027
2066,2045
2059,2064
2059,2023
2035,2011
2029,2071
2025,2060
2031,2041
2020,2074
2015,2033
2015,2019
2009,2019
2007,2039
2003,2075
1984,2045
1993,2025
1977,2055
1973,2034
1976,2029
1976,2037
1967,2044
1976,2054
1967,2048
1962,2033
1968,2036
1972,2015
1976,2024
1978,2027
1984,2058
1975,2051
1981,2055
1992,2063
1987,2047
1986,2063
1991,2043
2007,2043
2009,2025
2011,2036
2020,2003
2024,2030
2024,2025
2019,2033
2037,2008
2041,2009
2042,2028
2051,2011
2055,2076
2056,2067
2063,2075
2080,2015
2082,2055
2083,2046
2092,2011
2093,2040
2092,2063
2107,2045
2108,2068
2104,2010
2103,2042
2117,2045
2121,2072
2121,2007
2129,2021
2129,2023
2131,2069
2117,2033
2134,2025
2137,2023
2127,2021
2130,2032
2122,2064
2120,2019
2119,2029
2107,2015
2120,2054
2110,2041
2109,2065
2105,2029
2096,2076
2097,2053
2093,2025
2083,2037
2079,2003
2074,2019
2068,2033
2068,2028
2063,2033
2059,2011
2042,2056
2040,2071
2032,2056
2028,2072
2027,2041
2015,2072
2012,2066
2005,2065
2001,2056
2003,2023
1991,2044
1979,2066
1993,2029
1984,2029
1975,2015
1979,2008
1979,2063
1982,2066
1975,2063
1987,2007
1975,2063
1990,2079
1987,2036
1991,2041
1984,2017
1997,2035
1983,2033
2001,2035
1997,2009
1996,2003
2003,2017
2009,2071
2014,2063
2009,2063
2016,2044
2021,2026
2037,2008
2032,2066
2040,2060
2048,2058
2048,2029
2059,2071
2063,2025
2071,2063
2076,2067
2078,2048
2084,2026
2081,2021
2089,2039
2097,2074
2103,2085
2111,2048
2110,2021
2117,1999
2119,2025
2124,2010
2123,2033
2123,2039
2125,2039
2135,2068
2129,2025
2140,2095
2129,2020
2129,2047
2134,2007
2131,1989
2130,2072
2124,2015
2126,2040
2124,2044
2119,2012
2120,2011
2110,2031
2105,2034
2103,2067
2105,2060
2092,2071
2081,2076
2089,2007
2073,2041
2075,2027
2068,2042
2072,2084
2063,2013
2042,2076
2047,2042
2033,2059
2035,2037
2035,2064
2033,2011
2021,2055
2016,2068
2012,2076
2008,2068
1999,2055
1993,2040
1995,2076
1991,2076
1988,2039
1984,2043
1995,2075
1981,2063
1992,1991
1983,2063
1987,2068
1990,2069
1984,2067
1993,2044
1987,2079
1991,2072
1993,2060
1999,2072
1992,2048
2005,2005
2009,2007
2012,2051
2015,2051
2021,2055
2027,1999
2039,1999
2029,2047
2029,2021
2047,2065
2054,2032
2063,2028
2066,2027
2071,1995
2073,2063
2073,2039
2088,2017
2092,2035
2100,2040
2094,2069
2096,2072
2101,2041
2112,1992
2124,2036
2107,2065
2128,2033
2131,2053
2121,2080
2135,2058
2135,2065
2135,2055
2131,2044
2133,2061
2137,2007
2131,2038
2131,2071
2129,2026
2129,2028
2142,2068
2123,2084
2124,2013
2129,2028
2125,2076
2117,2048
2109,2078
2107,2023
2104,2048
2091,2024
2096,2078
2096,2034
2091,2029
2084,2017
2073,2025
2069,2021
2063,2063
2055,2027
2063,2072
2052,2020
2040,2063
2040,2011
2033,2025
2023,2034
2024,2080
2005,2056
2020,2041
1999,2035
2001,2017
2003,2043
2001,2035
1999,2068
1996,2011
1991,2021
1997,2026
1997,2044
1979,2048
1981,2043
1987,2064
1995,2045
1993,2056
2000,2084
2003,2074
1996,2037
2003,2061
2009,2068
2011,2064
2008,2038
2019,2040
2029,2025
2026,2023
2028,2011
2032,2063
2034,2054
2051,2038
2042,2042
2063,2024
2068,2048
2072,2044
2079,2028
2080,2012
2085,2064
2085,2043
2088,2053
2092,2071
2094,2027
2109,2007
2114,2043
2121,2034
2115,2051
2121,2039
2131,2011
2136,2063
2138,2029
2141,2025
2147,2079
2131,2063
2139,2037
2144,2060
2144,2035
2141,2035
2139,1991
2139,2064
2140,2037
2131,2005
2137,2067
2129,2025
2128,2021
2118,2037
2120,2026
2112,2046
2112,2026
2104,2063
2103,2015
2105,2054
2093,2020
2083,2065
2086,2027
2073,2072
2067,2065
2073,2044
2067,2059
2062,2015
2054,2045
2040,2012
2036,2023
2032,2042
2029,2063
2015,2043
2016,2036
2009,2052
2006,2023
2003,2024
1993,2066
1991,2007
2003,1997
1990,2055
1992,2039
1979,2056
1989,2061
1991,2074
1988,2066
1992,2025
1984,2026
1992,2039
1991,2088
1997,2069
1992,2038
1999,1996
1997,2026
2009,2062
2003,2001
2009,2068
2013,2017
2017,2048
2024,2071
2028,2039
2032,2040
2035,2056
2044,2027
2053,2038
2057,1987
2061,2035
2069,2008
2072,2015
2074,1992
2076,2001
2077,2057
2089,2057
2087,2037
2101,2033
2106,2010
2112,2053
2103,2063
2121,2040
2120,2028
2124,2031
2118,2057
2126,2051
2127,2068
2130,2058
2131,2035
2143,2030
2136,2027
2133,2062
2138,2048
2135,2072
2129,2063
2125,2065
2123,2003
2130,2044
2114,2005
2119,2051
2107,2027
2111,2023
2090,2048
2093,2056
2099,2063
2089,2095
2087,2035
2080,2059
2079,2072
2073,2072
2065,2022
2057,2072
2053,2067
2040,2078
2040,2039
2030,2008
2029,1998
2025,2041
2019,2037
2013,2063
2007,2053
2001,2072
1993,2057
1997,2035
1979,2055
1984,2055
1980,2019
1983,2065
1982,2039
1975,2056
1977,2019
1973,2071
1975,2065
1972,2051
1976,2025
1971,2051
1976,2040
1981,2015
1975,2071
1981,2032
1981,2033
1987,2074
1992,2005
1992,2043
2005,2040
2010,2072
2005,2031
2010,2057
2013,2077
2023,2040
2021,2036
2038,2064
2029,2010
2041,2089
2063,2011
2063,2036
2063,2013
2063,2019
2076,2027
2075,2025
2085,2005
2097,2019
2091,2046
2098,2048
2093,2032
2117,2011
2115,2033
2120,2028
2115,2035
2135,2039
2121,2059
2121,2027
2130,2021
2135,2040
2135,2041
2137,2025
2131,2038
2128,2074
2133,2080
2128,2062
2125,2023
2121,2071
2121,2041
2120,2069
2117,2056
2114,2040
2100,2026
2101,2033
2100,2044
2092,2039
2088,2021
2084,2057
2083,2079
2072,2029
2075,2065
2072,2062
2063,2029
2056,2021
2039,2031
2040,2035
2030,2063
2029,2008
2019,2066
2016,1995
2009,2023
2007,2055
2008,2063
2007,2071
1998,2039
1994,2064
1989,2043
1995,2088
1993,2027
1981,2063
1978,2040
1971,2017
1984,2059
1976,2017
1979,2053
1987,2024
1984,2065
1988,2027
1980,2062
1992,2032
1996,2032
1992,2065
2000,2015
2004,2027
2008,2031
2008,2003
2009,2007
2018,2039
2020,2028
2031,2009
2035,2038
2037,2063
2039,2035
2045,2035
2058,2064
2071,2019
2075,2015
2076,2011
2079,2067
2080,2037
2083,2057
2095,2037
2096,2064
2102,2075
2103,2036
2113,2030
2107,2037
2121,2071
2120,2005
2129,2071
2123,2024
2133,2039
2129,2032
2129,2056
2136,2069
2139,2048
2137,2013
2139,2015
2135,2071
2131,2071
2134,2079
2135,2043
2129,2005
2127,2017
2127,2023
2117,2043
2107,2071
2109,2071
2105,2068
2107,2025
2089,2055
2093,2061
2087,2063
2073,2075
2080,2035
2071,2056
2075,2024
2072,2023
2065,2057
2053,2025
2052,2071
2040,2041
2032,2019
2027,2021
2027,2059
2021,2075
2008,2011
2011,2043
2000,2063
1989,2040
1995,2066
1998,2048
1996,2011
1995,2033
1995,2017
1991,2055
1995,2063
1992,2039
1992,2027
1998,2011
1981,2036
1992,2009
1993,2067
2000,2016
2002,2017
2002,2015
2006,2017
2009,2019
2013,2042
2016,2029
2018,2088
2023,2072
2022,2073
2029,2071
2036,2011
2040,2029
2057,2065
2067,2063
2067,2059
2077,2028
2077,2048
2087,2056
2096,1993
2087,2045
2103,2036
2115,2071
2112,2044
2115,2056
2125,2037
2128,2025
2135,2065
2140,2037
2143,2027
2148,2019
2152,2011
2155,2019
2150,2069
2153,2052
2155,2056
2163,2097
2168,2095
2167,2060
2168,2056
2168,2007
2169,2040
2160,2092
2160,2069
2158,2058
2151,2056
2155,2035
2150,2033
2135,2029
2136,2084
2131,2075
2132,2008
2127,2067
2123,2063
2102,2037
2104,2077
2094,2063
2094,2037
2091,2044
2080,2023
2076,2041
2065,2071
2068,2043
2063,2041
2040,2082
2044,1990
2039,2066
2040,2059
2020,2034
2024,2071
2011,2048
2009,2058
2009,2068
2005,2030
1997,2063
2000,2077
1992,2063
1994,2023
2001,2020
1995,2019
1994,2056
1998,1995
1981,2065
1997,2033
1997,2059
2001,2029
1999,2037
2005,2009
2001,2055
2008,2055
2014,2063
2009,2080
2025,2044
2025,2071
2040,2037
2039,2072
2051,2042
2043,2018
2056,2036
2063,2017
2068,2013
2065,2073
2078,2007
2088,2071
2092,2067
2100,2056
2100,2025
2102,2055
2115,2063
2117,2079
2125,2072
2128,2038
2127,2045
2137,2009
2136,2036
2135,2053
2148,2017
2152,2023
2149,2060
2154,2029
2153,2072
2153,2066
2148,2004
2152,2040
2155,2025
2149,2044
2153,2028
2142,2035
2136,2042
2144,2015
2138,2056
2129,2042
2133,2053
2124,2071
2124,2026
2109,2012
2105,2073
2109,2036
2104,2013
2099,2043
2094,2052
2082,2073
2080,2068
2077,2012
2067,2023
2065,2080
2057,2072
2039,2019
2045,2060
2029,2060
2030,2073
2030,2023
2015,2059
2009,2043
2005,2067
2009,2025
2006,2072
2008,2066
1997,2044
2000,2080
2007,2072
2007,2021
1991,2023
1999,2075
2000,2077
1992,2063
2007,2007
2000,2007
2001,2036
2008,2023
2011,2026
2014,2052
2009,2005
2012,2012
2023,2035
2033,2063
2031,2061
2031,2072
2041,2067
2052,2019
2053,2033
2063,2032
2069,2024
2080,2017
2084,2066
2084,2019
2089,2031
2096,2063
2108,2005
2099,2079
2119,2039
2115,2057
2119,2057
2136,2057
2127,2062
2133,2040
2143,2056
2148,2017
2156,2039
2158,2063
2157,2019
2153,2044
2157,2044
2163,2037
2160,2041
2167,2063
2163,2025
2157,2048
2163,2017
2153,2005
2157,2030
2153,2080
2149,2058
2144,2080
2148,2051
2139,2023
2135,2066
2140,2052
2133,2033
2115,2063
2127,2040
2110,2023
2095,2024
2105,2066
2096,2025
2091,2088
2095,2071
2080,2058
2074,2011
2077,2044
2063,2048
2046,2033
2043,2043
2040,2007
2037,2056
2033,2048
2025,2023
2022,2023
2011,2072
2016,2070
2009,2031
2009,2045
2008,2042
1997,2037
2008,2065
1993,2073
2001,2051
1993,2043
2004,2068
2008,2035
2004,2029
2007,2038
2009,2013
2011,2041
2009,2039
2016,2077
2019,2056
2016,2007
2017,2069
2025,2012
2025,2059
2032,2064
2036,2039
2054,2051
2060,2040
2063,2071
2063,2054
2067,2039
2075,2023
2075,2033
2079,1988
2082,2063
2088,2074
2092,2059
2101,2027
2100,2007
2116,2015
2123,2045
2119,2039
2131,2037
2129,2067
2136,2029
2143,2064
2148,2077
2144,2066
2144,2072
2148,2062
2152,2069
2154,2003
2145,2072
2152,2028
2147,2037
2147,2042
2147,2013
2139,2063
2143,2032
2141,2040
2138,2073
2136,2040
2135,2029
2123,2034
2125,2055
2126,2056
2117,2017
2115,2063
2110,2008
2104,2017
2088,2035
2088,2031
2080,2043
2071,2067
2071,2005
2066,2019
2039,2020
2041,2037
2037,2080
2035,2038
2030,2025
2026,2056
2020,2017
2015,2009
2005,2095
2008,2036
1993,2045
1999,2040
1997,2043
1991,2048
1992,2019
1983,2019
1981,2023
1984,2059
1976,2040
1989,2041
1976,2088
1979,2025
1980,2078
1979,1995
1987,2058
1976,2045
1988,2056
1989,2050
1988,2030
1991,2068
2000,1995
1991,2031
1999,2019
2012,2075
2012,2044
2021,2059
2023,2063
2029,2068
2028,2023
2041,2027
2039,2063
2048,2018
2055,2019
2063,2025
2065,2029
2069,2060
2076,2017
2082,2043
2081,2037
2087,2040
2093,2033
2096,2015
2099,2029
2105,2044
2120,2023
2103,2027
2115,2003
2123,2048
2123,2024
2121,2069
2119,2073
2122,2046
2129,2037
2131,2020
2132,2039
2125,2060
2120,2026
2123,1997
2122,2065
2121,2040
2112,2037
2112,2043
2108,2027
2115,2043
2099,2041
2091,2063
2096,2021
2083,2068
2088,2071
2081,2077
2079,2003
2075,2009
2067,2054
2063,2072
2063,2029
2044,2041
2048,2015
2034,2057
2032,2021
2037,2043
2032,2063
2015,2057
2019,2025
2009,2058
2009,2079
2012,2027
2003,2036
2005,2039
2003,2084
2005,2017
1999,2069
2003,2055
2011,2039
2004,2055
2006,2037
2008,2054
2003,2056
2006,1999
2011,2076
2003,2069
2016,2065
2023,2026
2024,2064
2024,2070
2032,2019
2032,2039
2039,2063
2046,1999
2051,2088
2064,2024
2063,2071
2071,2056
2071,2080
2075,2071
2082,2064
2085,2068
2091,2027
2100,2035
2107,2029
2105,2080
2120,2056
2123,2024
2127,2025
2122,2067
2139,2027
2139,2073
2148,2039
2145,2067
2152,2012
2152,2055
2157,2067
2157,2070
2149,2027
2167,2035
2161,2007
2169,2018
2172,2017
2168,2027
2165,2056
2154,2027
2157,2025
2155,2074
2149,2071
2147,2027
2152,2037
2143,2048
2139,2059
2140,2071
2131,1992
2127,2065
2125,2037
2123,2035
2120,2068
2105,2025
2105,2025
2102,2034
2088,2076
2088,2020
2083,2028
2078,2027
2075,2059
2071,2026
2063,2073
2061,2051
2039,2077
2044,2021
2036,2035
2036,2023
2027,2043
2019,2084
2017,2072
2017,2021
2020,2063
2017,2054
2007,2065
2005,2059
2016,2024
2001,2063
2009,2027
2012,2068
2015,2060
2019,2019
2005,2042
2008,2072
2025,2039
2013,2027
2017,2044
2031,2038
2027,2056
2036,2046
2033,2039
2037,2053
2039,2035
2059,2068
2060,2009
2063,2055
2069,2032
2078,2008
2080,2022
2081,2029
2088,2052
2083,2041
2089,2038
2103,2072
2112,2022
2103,2020
2105,2041
2122,2043
2125,2035
2120,2067
2135,2027
2136,2010
2139,2033
2139,2074
2139,2063
2148,2044
2148,2056
2144,2067
2148,2039
2147,2037
2147,2044
2146,2063
2153,2071
2147,2060
2145,2012
2133,2078
2137,2035
2137,2008
2133,2060
2129,2060
2124,2075
2120,2064
2108,2069
2113,2042
2115,2024
2104,2032
2103,2033
2092,2007
2083,2071
2079,2027
2077,2040
2075,2056
2063,2067
2067,2056
2048,2039
2055,2011
2052,2027
2025,2055
2035,2017
2028,2047
2015,2041
2017,2042
2019,2024
2015,2019
2009,2063
2003,2071
1995,2072
2007,2069
2007,2063
2001,2067
2001,2060
2004,2048
2003,2043
1996,2025
1995,2044
2006,2066
2007,2075
2011,2066
2011,2087
2015,2053
2018,2023
2013,2027
2027,2011
2033,2021
2028,2039
2035,2055
2039,2013
2043,2011
2039,2045
2052,2028
2043,2064
2056,2051
2067,2056
2067,2069
2080,2024
2083,2057
2083,2015
2088,2048
2092,2079
2099,2054
2104,2080
2110,1993
2109,2037
2117,2039
2127,2053
2134,2033
2123,2018
2131,2024
2139,2035
2135,2030
2135,2066
2144,2004
2137,2060
2136,2033
2135,2041
2135,2069
2142,2039
2135,2021
2137,2056
2134,1991
2129,2024
2131,2072
2121,2023
2114,2063
2120,2071
2118,2040
2112,2033
2103,2065
2107,2080
2099,2075
2100,2064
2089,2067
2086,2034
2080,2029
2076,2015
2063,1979
2057,2056
2055,2057
2040,2071
2037,2057
2045,2001
2040,2066
2015,2023
2019,2047
2023,2060
2015,2040
2012,2035
2010,2012
2009,2033
1995,2063
2004,2024
1996,2071
2005,2032
1995,2017
2000,2017
1991,2072
2000,2021
1993,2060
2004,2068
2001,2056
2000,2070
1996,2076
2008,2017
2009,2057
2013,2008
2011,2011
2015,2063
2009,2021
2030,2063
2035,2056
2037,2060
2033,2073
2039,2026
2051,2054
2057,2017
2063,2032
2069,2033
2063,2065
2079,2024
2081,2031
2087,2064
2088,2068
2100,2015
2109,2043
2106,2034
2115,2042
2107,2065
2123,2054
2128,2037
2124,2008
2136,2027
2140,2011
2137,2043
2147,2039
2139,2009
2147,2009
2137,2079
2143,2067
2138,2064
2147,2019
2144,2025
2135,2033
2140,2031
2135,2029
2129,2028
2131,2015
2119,2072
2124,2057
2127,2064
2120,2043
2109,2054
2105,2040
2103,2027
2099,2071
2094,2060
2093,2041
2081,2066
2086,2024
2076,2063
2067,2040
2067,2071
2056,2064
2053,2080
2045,2026
2041,2060
2025,2064
2031,2069
2021,2043
2015,2017
2012,2075
2005,2042
2003,2056
2008,2054
1991,2044
1992,2069
1991,2043
1991,2071
1987,2077
1991,2023
1985,2029
1991,2063
1987,2079
1986,2060
1994,2029
1981,2025
1987,2067
1995,2029
1998,2007
2001,2029
1996,2042
1992,2007
2007,2055
2012,2042
2015,2069
2024,2035
2027,2041
2029,2063
2033,2058
2041,2070
2037,2023
2045,2048
2063,2077
2063,2045
2065,2064
2068,2028
2082,2003
2088,2011
2095,2072
2089,2015
2097,2027
2105,2056
2109,2017
2108,2045
2115,2025
2109,2017
2117,2025
2124,2003
2135,2075
2136,2063
2136,2051
2139,2029
2139,2005
2132,2035
2133,2053
2135,2060
2138,2035
2133,2052
2125,2043
2129,2063
2122,2043
2117,2056
2131,2011
2122,2069
2119,2008
2108,2023
2113,2055
2106,2054
2103,2013
2101,2017
2092,2025
2080,2039
2083,2045
2080,2035
2073,2060
2069,2066
2068,2054
2056,2055
2048,2063
2037,2063
2034,2035
2041,2041
2032,2001
2024,2047
2017,2025
2008,2063
2010,2052
2006,2017
2009,2063
2005,2072
2007,2029
2007,2018
2007,2051
2006,2036
1996,2035
2007,2056
2001,2087
2009,2054
2001,2066
1997,2085
2007,2021
2010,2009
2007,2039
2014,2025
2015,2029
2023,2008
2015,2005
2024,2042
2035,2029
2035,2015
2037,2064
2043,2060
2052,2032
2056,2060
2067,2080
2065,2052
2073,2015
2079,2020
2080,2056
2091,2072
2099,2046
2101,2056
2106,2032
2107,2060
2120,2056
2124,2075
2128,2038
2141,2057
2138,2017
2147,2027
2137,2036
2143,2068
2149,2075
2158,2060
2155,2060
2147,2024
2149,2065
2157,2067
2161,2003
2161,2037
2160,2038
2165,2048
2147,2027
2161,2043
2158,2037
2151,2060
2143,2071
2151,2057
2135,2037
2140,2029
2133,2091
2136,2040
2123,2059
2129,2073
2117,2051
2112,2075
2111,2069
2099,2040
2099,2043
2083,2068
2090,2040
2081,2037
2074,2056
2073,2066
2071,2063
2063,2052
2057,2060
2037,2046
2040,2071
2027,2045
2027,2058
2028,2037
2024,2055
2021,2020
2015,2063
2011,2056
2011,2056
2007,2048
2001,2063
2001,2063
2009,2037
2017,2017
2008,2027
2011,2028
2001,2082
2011,2040
2017,2024
2011,2059
2013,2066
2013,2036
2025,2024
2025,2012
2027,2080
2030,2039
2033,2055
2040,2070
2041,2060
2046,2031
2061,2058
2059,2001
2063,2040
2066,2033
2078,2028
2072,2040
2081,2063
2085,2008
2089,2068
2092,2040
2093,2055
2107,2027
2103,2056
2120,2021
2121,2030
2125,2032
2121,2059
2135,2072
2141,2012
2136,2039
2142,2019
2135,2039
2145,2053
2138,2023
2139,2025
2147,2013
2147,2048
2139,2027
2149,2008
2137,2021
2147,2019
2139,2079
2123,2075
2138,2055
2130,2063
2131,2009
2119,2046
2112,2008
2117,2052
2116,2055
2100,2021
2103,2036
2094,2027
2092,2026
2084,2055
2081,2029
2074,2012
2065,2022
2065,2052
2064,2021
2039,2048
2048,2039
2052,2043
2036,2037
2027,2068
2019,2033
2025,2040
2009,2028
2020,2059
2009,2054
2009,2023
2013,2040
2009,2023
2005,2041
2001,2039
1997,2063
2002,2021
2010,2059
2004,2054
2007,2054
2009,2068
2008,2009
2016,2071
2008,2065
2015,2035
2024,2034
2027,2060
2028,2032
2029,2077
2039,2066
2039,2048
2043,2096
2043,2061
2063,2080
2067,2031
2068,2060
2077,2038
2075,2070
2079,2059
2089,2039
2092,1993
2091,2028
2101,2039
2099,2051
2103,2025
2108,2067
2120,2060
2120,2028
2125,2042
2125,2024
2133,2027
2136,2008
2146,2018
2146,2045
2135,2041
2143,2040
2144,2007
2135,2040
2139,2053
2137,2021
2131,2039
2131,2067
2136,2037
2127,2063
2132,2019
2136,2063
2124,2021
2123,2039
2109,2037
2107,2039
2101,2028
2098,2060
2091,2079
2096,2041
2088,2063
2076,2022
2076,2028
2061,2052
2057,2041
2043,2003
2043,2069
2043,2030
2027,2056
2029,2024
2024,2033
2009,2079
2016,2041
2008,2037
2004,2063
1995,2056
1992,2021
1981,2084
1981,2019
1980,2055
1979,2044
1977,2040
1980,2033
1975,2017
1976,2024
1979,2037
1977,2021
1975,2067
1980,2037
1979,2017
1979,2040
1992,2039
1990,2004
1994,2035
1995,2095
1991,2078
2000,2021
1997,2039
2016,2081
2015,2036
2011,2075
2019,2038
2025,2024
2032,2017
2044,2017
2043,2011
2059,2021
2058,2033
2067,2077
2076,2035
2077,2045
2088,2025
2095,2078
2093,2096
2107,2053
2109,2068
2119,2037
2109,2075
2126,2079
2122,2026
2129,2007
2135,2060
2138,2056
2144,2043
2144,2058
2147,2073
2148,2030
2148,2021
2153,2025
2157,2043
2155,2077
2155,2080
2152,2052
2144,2071
2144,2043
2143,2024
2137,2037
2140,2079
2141,2055
2136,2081
2129,2037
2125,2071
2120,2059
2120,2043
2112,2025
2108,2068
2107,2065
2099,2043
2096,2027
2087,2065
2083,2024
2080,2028
2072,2021
2069,1991
2063,2075
2057,2043
2039,2053
2044,2009
2037,2093
2038,2070
2022,2063
2025,2034
2024,2071
2020,2019
2009,2072
2017,2027
2016,2025
2007,2045
2011,2032
2015,2011
2011,2042
2003,2021
2011,2058
2004,2057
2008,2048
1999,2087
2023,2076
2023,2033
2021,2041
2021,2026
2028,2036
2027,2006
2028,2007
2027,2055
2037,2072
2039,2044
2038,2029
2041,2076
2043,2039
2070,2033
2067,2052
2063,2023
2071,2080
2077,2048
2077,2048
2085,2042
2093,2067
2091,2072
2088,2055
2102,2053
2109,2039
2117,2030
2117,2010
2129,2043
2123,2030
2131,2001
2136,2068
2129,2063
2133,2001
2135,2019
2137,2071
2139,1996
2139,2031
2132,2041
2140,2048
2141,2039
2137,2003
2136,2017
2129,2073
2123,2080
2117,2057
2121,2080
2117,2035
2115,2035
2111,2067
2105,2019
2101,2043
2096,2042
2095,2023
2087,2032
2072,2030
2075,2063
2068,2068
2063,2001
2051,2009
2048,2037
2041,2080
2041,2037
2024,2036
2024,2043
2017,2056
2003,2020
2012,2038
2006,2007
2000,2081
2001,2004
1989,2063
1984,2041
1992,2015
1979,2053
1977,2023
1971,2066
1968,2028
1978,2068
1965,2065
1976,2012
1965,2054
1975,2052
1983,2009
1975,2045
1981,2008
1975,2035
1981,2058
1984,1993
1998,2051
1996,2024
1995,2067
2002,2063
2002,2029
1996,2045
2013,2058
2020,2064
2027,2045
2030,2040
2037,2017
2040,2043
2047,2003
2063,1981
2068,2067
2071,2072
2074,2033
2075,2057
2082,2039
2090,2042
2095,2060
2103,2047
2107,2046
2103,2046
2111,2007
2117,1995
2117,2011
2127,2057
2135,2038
2133,2005
2133,2069
2135,2079
2144,2067
2145,2028
2143,2052
2151,2060
2142,2033
2139,2047
2133,2056
2138,2096
2133,2035
2129,2028
2129,2035
2121,2053
2131,2096
2123,2073
2112,2019
2103,2034
2105,2088
2104,2109
2101,2064
2104,2007
2085,2020
2090,1981
2083,2063
2076,2021
2075,2104
2057,2036
2066,2071
2057,2064
2048,2021
2044,2003
2040,1999
2028,2039
2029,2035
2011,2067
2016,2068
2011,2094
2011,2057
2009,2063
2012,2079
2015,2056
2008,2015
2004,2025
2004,2043
2003,2068
2003,2015
1993,2071
1997,2009
2007,2041
2008,2039
2014,2063
2014,2064
2011,2037
2016,2056
2022,2019
2019,2093
2024,2063
2032,2032
2036,2012
2029,2079
2044,2011
2058,1993
2063,2068
2065,2025
2065,2063
2072,2007
2079,2060
2087,2063
2085,2046
2082,2055
2091,2043
2083,2060
2095,2013
2111,2088
2108,2065
2121,2076
2116,2073
2132,2021
2131,2011
2136,2033
2134,2072
2139,2017
2144,2040
2153,2039
2148,2087
2154,2055
2154,2026
2148,2076
2147,2035
2145,2059
2147,2041
2145,2028
2143,2015
2139,2058
2141,2072
2137,2073
2135,2079
2135,2019
2121,2004
2123,2057
2097,2096
2109,2057
2115,2023
2102,2041
2094,2019
2086,2063
2079,2063
2080,2067
2071,2093
2069,2064
2067,2011
2043,2047
2041,2063
2055,2011
2041,2071
2032,2009
2039,2021
2026,2029
2019,2093
2008,2044
2006,2080
2007,2071
2011,2036
2008,2009
2005,2040
2004,2037
1995,2077
2003,2037
1997,2076
1995,2061
1991,2040
2003,2065
1996,2055
2005,2033
2005,2035
2008,2029
2009,2043
2007,2048
2012,2063
2022,2017
2016,2082
2021,2043
2032,2037
2031,2056
2031,2075
2041,1995
2043,2057
2056,2087
2051,1992
2045,2062
2067,2043
2066,2088
2076,2039
2080,2017
2084,2071
2088,2062
2093,2011
2087,2037
2104,2020
2093,2078
2106,2019
2112,2005
2105,2019
2109,2043
2121,2023
2129,2019
2125,2036
2131,2033
2136,2017
2131,2067
2123,2061
2136,2063
2131,2068
2131,2004
2124,2039
2119,2086
2115,2030
2119,2055
2106,2072
2113,2046
2107,2068
2112,2066
2104,2033
2093,2043
2097,2063
2081,2045
2088,2009
2080,2039
2069,2008
2063,2044
2071,2044
2057,2035
2055,2001
2041,2007
2030,2072
2032,2088
2032,2080
2024,2048
2017,2063
2003,2045
2000,2004
1999,2009
1995,2056
1979,2059
1995,2029
1977,1993
1989,2023
1982,2024
1992,2035
1993,2078
1979,2061
1981,2019
1979,2072
1978,2088
1981,2060
1987,2008
1975,2041
1989,2021
1993,2037
1996,2074
1997,2046
1995,2040
1991,2059
2006,2054
2004,2074
2015,2096
2011,2048
2020,2031
2029,2063
2032,2021
2040,1988
2056,2037
2059,2044
2039,2083
2063,2063
2063,2037
2076,2030
2091,2023
2096,2054
2085,2043
2091,2077
2104,2078
2112,2027
2107,2056
2117,2017
2124,2030
2117,2008
2124,2046
2131,2012
2137,2067
2143,2035
2143,2100
2148,2025
2144,2056
2145,2071
2144,2036
2147,2088
2147,2090
2145,2080
2137,2059
2133,2036
2137,2063
2142,2019
2132,2017
2135,2020
2124,2061
2128,2064
2131,2027
2107,2027
2107,2028
2101,2075
2104,2060
2104,2009
2085,1993
2090,2013
2087,2033
2068,2079
2073,2015
2063,2063
2059,2024
2053,2034
2041,2027
2029,2021
2036,2053
2035,2023
2027,2071
2012,2053
2020,2069
2010,2068
2006,2041
2009,2029
2007,2039
2003,2019
2003,2009
2000,1977
1996,2046
1996,2027
1999,2005
1997,2005
1999,2026
1990,2041
1999,2080
1992,2069
1998,2007
1997,2024
2011,2063
2015,2021
2007,2066
2010,2044
2020,2037
2024,2081
2025,2079
2035,2060
2038,1999
2039,2080
2035,2034
2051,2022
2048,2004
2063,2003
2063,2063
2065,2046
2071,2028
2083,2026
2085,2035
2096,2065
2096,2051
2097,2042
2099,2028
2104,2061
2112,2103
2117,2030
2119,2025
2125,2079
2125,2059
2131,2048
2136,2065
2137,2079
2129,2073
2135,2041
2135,2055
2131,2040
2129,2024
2131,2036
2131,2076
2135,2034
2121,2060
2123,2055
2124,2019
2126,2040
2126,2041
2111,2056
2101,2023
2097,2034
2101,2014
2096,2009
2085,2024
2081,2015
2079,2064
2073,2044
2065,2012
2063,2054
2043,2041
2040,2065
2041,1997
2028,1987
2027,2033
2023,2047
2012,2051
2011,2080
2009,2066
2007,2030
1997,2040
1991,2024
1999,2010
1997,2043
1996,2035
1984,2029
1987,2033
1978,2048
1973,2011
1981,2015
1976,2011
1979,2037
1987,2043
1979,2055
1970,2053
1979,2072
1983,1995
1990,2022
1981,2009
1987,2063
1999,2012
2001,2040
2012,2025
2015,2066
2014,2046
2016,2047
2024,2046
2031,2023
2037,2025
2037,2026
2053,1978
2051,2011
2059,2043
2063,2072
2076,1993
2071,2017
2080,2070
2091,2046
2091,2055
2099,2068
2107,2024
2111,2041
2117,2045
2119,2075
2123,2045
2124,2015
2135,2044
2136,1989
2141,2042
2151,1987
2143,2024
2143,2037
2145,2056
2151,2065
2149,2071
2144,2020
2146,2063
2140,2059
2145,2076
2151,2072
2144,2055
2137,2080
2136,2063
2136,2021
2127,2080
2115,2055
2117,2036
2109,2043
2107,2037
2106,2004
2102,2052
2092,2067
2091,2026
2089,2017
2084,2081
2072,2053
2069,2068
2075,2065
2059,2063
2050,2027
2052,2032
2040,2028
2039,2076
2029,2025
2027,2035
2019,2028
2018,2057
2008,2044
2008,2056
2009,2040
2013,2040
2008,2071
2008,2062
2005,2054
2005,2055
2008,2063
2009,2041
2009,2071
2014,2007
2010,2009
2020,2029
2011,2040
2019,2040
2013,2040
2015,2039
2024,2063
2024,2001
2025,2011
2031,2032
2036,2047
2018,2035
2044,2048
2062,2072
2065,2061
2065,2040
2073,2055
2069,2057
2088,2005
2091,2056
2099,2023
2106,2021
2110,2011
2115,2034
2118,2063
2117,2052
2119,2067
2137,2052
2136,2029
2140,2034
2137,2036
2148,2005
2145,2024
2153,2028
2149,2019
2153,2024
2150,2033
2163,2044
2147,2055
2158,2025
2155,2076
2159,2060
2156,2035
2154,2039
2156,2011
2148,2025
2149,1979
2143,2029
2140,2036
2139,2024
2127,2061
2123,2060
2123,2088
2112,2038
2114,2036
2097,2029
2107,2024
2091,2066
2096,2033
2083,2064
2079,2015
2071,2015
2071,2067
2063,2043
2053,2073
2056,2066
2052,2095
2033,2074
2032,2059
2031,2079
2021,2028
2024,2071
2011,2033
2011,2028
2005,2053
2012,2037
2008,2043
2007,2039
2003,2071
2008,2025
1999,2051
2011,2037
2008,2043
2008,2066
2004,2019
2003,2043
2011,2071
2013,2079
2018,2040
2016,2035
2023,2067
2024,2037
2023,2063
2031,2032
2040,2035
2040,2001
2035,2001
2037,2027
2056,2089
2063,2041
2068,2029
2068,2029
2067,2047
2069,2012
2080,2080
2085,2074
2093,2011
2091,2024
2093,2019
2107,2007
2104,2005
2120,2043
2124,2039
2129,2023
2123,2045
2135,2004
2132,2058
2136,2026
2143,2007
2138,2006
2144,2029
2136,2087
2139,2068
2135,2003
2137,2040
2131,2038
2123,2029
2119,2063
2124,2044
2117,2072
2124,2043
2115,2030
2120,2057
2112,2027
2105,2064
2104,2025
2093,2034
2095,2041
2091,2025
2077,2019
2077,2030
2078,2023
2067,2065
2069,2028
2058,2034
2041,2053
2037,2039
2040,2023
2032,2047
2019,2056
2015,2009
2016,2048
2015,2043
1997,2047
1995,2025
1996,2033
1981,2038
1991,2088
1989,2033
1980,2035
1992,2071
1994,2018
1984,2015
1984,2039
1987,2073
1981,2009
1987,2035
1984,2075
1988,2062
1987,2042
1984,2063
1995,2056
1992,2019
1992,2063
2008,2038
2008,2038
2008,2063
2018,2001
2015,2023
2011,2080
2022,2075
2029,2064
2029,2059
2041,2029
2048,2077
2056,2048
2063,2033
2063,2034
2069,2075
2077,2028
2079,2019
2085,2023
2095,2056
2103,2036
2096,2027
2106,2015
2103,2059
2115,2063
2117,2024
2124,2013
2131,2017
2128,2007
2120,2025
2128,2064
2131,2028
2142,2025
2138,2012
2140,2028
2143,2060
2141,2025
2125,2066
2135,2059
2131,2057
2135,2068
2128,2048
2121,2030
2122,2072
2119,2064
2107,2056
2106,2035
2106,2044
2103,2060
2092,2019
2081,2065
2084,2048
2083,2021
2071,2041
2076,2029
2068,2012
2068,2017
2043,2015
2047,2020
2055,2072
2036,2005
2039,2046
2030,2075
2023,2092
2024,2024
2019,2023
2011,2036
2001,2044
2005,1989
1993,2063
1989,2063
1996,2071
1980,2012
1992,2069
1987,2042
1992,2028
1997,2056
1981,2057
1996,2052
1998,2024
2004,2064
2009,2069
2012,2021
2005,2028
2007,2027
2011,2046
2017,2032
2021,2021
2027,2029
2030,2007
2039,2066
2032,2021
2041,2007
2055,2025
2057,2058
2068,2030
2071,2042
2067,2061
2082,2003
2080,2074
2083,2073
2085,2031
2093,2044
2103,2059
2099,2055
2122,2027
2121,2027
2121,2045
2132,2024
2127,2035
2135,2048
2148,2023
2150,2021
2135,2045
2140,2029
2147,2071
2150,2053
2158,2065
2152,2020
2149,2057
2143,2021
2149,2033
2153,2040
2144,2051
2136,2029
2141,2030
2145,2047
2138,2032
2127,2059
2121,2017
2119,2005
2123,2080
2113,2024
2117,2028
2109,2011
2104,2031
2098,2034
2092,2037
2083,2059
2072,2056
2067,2075
2066,2072
2056,2025
2043,2030
2047,2043
2040,1989
2035,2035
2032,2037
2024,2017
2016,2063
2011,2065
2011,2066
2009,2056
2003,1999
2003,2023
2004,2027
2000,2011
1997,2077
1992,2042
1994,2027
1995,2009
2002,2011
1993,2068
1997,2001
1991,2007
1994,2069
2001,2025
2003,2072
2010,2037
2015,2027
2008,2032
2023,2040
2024,2028
2026,2030
2027,2080
2039,1995
2035,2063
2039,2075
2055,2072
2066,2048
2063,2075