2093,2060
2093,2033
2088,2035
2088,2065
2080,2025
2073,2037
2067,2044
2058,2075
2062,2021
2055,2003
2043,2039
2040,2074
2040,2045
2028,2057
2024,2054
2011,2057
2006,2077
2008,2064
1993,2060
1995,2030
1980,2044
1981,2019
1975,2024
1975,2074
1973,2066
1974,2066
1969,2034
1968,2025
1968,2011
1958,2048
1964,2017
1962,2058
1963,2080
1962,2053
1962,2063
1968,2075
1967,2001
1968,2044
1975,2075
1975,2009
1963,2029
1976,2019
1977,2029
1979,2017
1992,2066
1996,2037
1996,2041
2000,2063
2009,2044
2015,2041
2016,2063
2025,2063
2021,2009
2032,2013
2029,1989
2042,2071
2046,2036
2054,2062
2063,2040
2069,2017
2063,2032
2072,2056
2076,2005
2080,2033
2087,2038
2088,2069
2091,2066
2092,2019
2093,2022
2099,2063
2101,2063
2105,2028
2091,2028
2100,2072
2101,2007
2100,2033
2091,2006
2088,2011
2089,2043
2095,2018
2091,2040
2085,2047
2086,2011
2088,2078
2078,2058
2076,2033
2071,2023
2072,2059
2067,2032
2059,2036
2042,2017
2046,2058
2040,2035
2028,2035
2033,2037
2024,2021
2015,2044
2016,2043
2010,2019
1995,2037
1995,2043
1996,2002
1991,2017
1975,2035
1981,2063
1975,2080
1967,2021
1967,2044
1965,2024
1960,2094
1960,2064
1958,2019
1956,2044
1960,2029
1963,2035
1960,2073
1961,2056
1953,2069
1955,2075
1956,2075
1961,2017
1964,2024
1959,2004
1964,2065
1970,2042
1971,2039
1971,2019
1977,2034
1987,2031
1988,2027
1987,2065
2005,2047
2007,2026
2005,2055
2012,2025
2016,2024
2024,2015
2020,2012
2027,2035
2027,2041
2045,2025
2048,2058
2057,2039
2063,2017
2059,2018
2071,1992
2079,2021
2077,2020
2085,2036
2090,2073
2095,2064
2093,2088
2096,2037
2107,2037
2093,2043
2099,2029
2109,2067
2098,2013
2100,2040
2100,2003
2108,2031
2107,2009
2104,1995
2104,2023
2099,2017
2091,2075
2091,2041
2091,2079
2091,2028
2080,2051
2079,2037
2077,2071
2071,2068
2065,2063
2075,2063
2060,2029
2057,1999
2055,2087
2031,2036
2036,2063
2036,2068
2025,2078
2016,2011
2018,2029
2014,2071
2001,2064
2005,1991
1991,2063
1992,2015
1979,2025
1977,2019
1973,2063
1977,2027
1972,2012
1969,2055
1972,2055
1963,2036
1973,2047
1970,2063
1968,2071
1969,2029
1975,2059
1965,2079
1968,2041
1976,2053
1977,2021
1971,2041
1981,2063
1981,2021
1977,2023
1982,2029
1991,2045
1993,2017
1997,2027
2002,2041
2012,2025
2020,2041
2029,2042
2028,2059
2028,2038
2039,2059
2040,2053
2043,2038
2064,2072
2065,2063
2068,2023
2077,2070
2081,2068
2089,2035
2092,2063
2089,2030
2099,2027
2100,2059
2112,2021
2114,2070
2121,2071
2121,2032
2121,2040
2127,2021
2133,2009
2129,2029
2129,2048
2127,2079
2131,2025
2130,2057
2136,2024
2135,2032
2123,2079
2117,2041
2124,2021
2125,2027
2117,2019
2112,2020
2105,2043
2104,2063
2103,2072
2099,2011
2094,2046
2087,2064
2086,2033
2081,2071
2069,2067
2065,2072
2065,2038
2057,2067
2053,2076
2043,2023
2025,2080
2024,2019
2021,2063
2022,2019
2012,2042
2014,2020
2012,2040
2004,2021
2001,2023
2003,2058
1989,2069
1991,2033
1994,2023
1979,2020
1983,2057
1984,2019
1979,2073
1977,2053
1983,2041
1979,2072
1984,2065
1991,2068
1979,2071
1990,2051
1996,2022
1991,2041
2000,2035
2003,2040
2005,2063
2013,2093
2012,2005
2015,2065
2023,2011
2026,2023
2036,2017
2039,2035
2033,2047
2044,2063
2055,2035
2056,2018
2071,2054
2077,2020
2074,2044
2080,2035
2089,2063
2088,2073
2088,2027
2089,2091
2106,2067
2104,2055
2107,2063
2113,2035
2118,2040
2117,2053
2125,2054
2127,2017
2136,2055
2126,2067
2128,2044
2119,2041
2125,2045
2126,2014
2117,2024
2115,2035
2119,2037
2119,2034
2119,2006
2107,2067
2105,2028
2100,2012
2104,2053
2100,2057
2090,2019
2081,2035
2081,2003
2069,2017
2071,2033
2068,2052
2060,2002
2055,2063
2048,2043
2040,2005
2028,2029
2023,2043
2015,2009
2011,2079
2010,2023
2006,2007
1999,2030
1995,2029
1992,2005
1987,2027
1988,2027
1977,2067
1971,2054
1972,2023
1975,2092
1968,2063
1963,2068
1970,2044
1966,2031
1967,2056
1969,1992
1968,2027
1969,2015
1968,2008
1966,2019
1962,2066
1975,2071
1975,2057
1984,2056
1977,2029
1973,2045
1994,2065
1981,2054
1996,2042
2007,2063
2012,2067
2016,2072
2023,2027
2027,2040
2027,2068
2033,2008
2039,2040
2057,2007
2053,2069
2068,2042
2074,1992
2081,2027
2080,2068
2085,2079
2083,2017
2095,2039
2093,2005
2101,2063
2111,2032
2104,2037
2121,2043
2120,2075
2124,2019
2132,2009
2127,2025
2137,2019
2135,2055
2136,2063
2133,2005
2131,2027
2131,2040
2130,2080
2135,2064
2125,2075
2128,2070
2122,2015
2115,2044
2112,2056
2112,2053
2107,2060
2103,2071
2099,2044
2096,2060
2087,2075
2085,2080
2080,2041
2066,2087
2068,2054
2071,2030
2063,2042
2063,2024
2048,2051
2040,2019
2034,2035
2033,2023
2023,2033
2019,2043
2015,2058
2013,2023
2003,2001
2003,2035
1996,2025
1991,2063
1984,2087
1992,2059
1992,2038
1977,2068
1977,2068
1976,2038
1979,2056
1984,2042
1985,2019
1984,2065
1982,2060
1977,2025
1992,2017
1987,2063
1993,2023
2001,2027
2000,2056
2004,2076
2011,2023
2011,2079
2018,2007
2011,2065
2015,2068
2031,2027
2025,2033
2032,2031
2038,2061
2044,2056
2058,2007
2060,2071
2067,2040
2070,2068
2069,2024
2071,2068
2080,2003
2088,2052
2085,2057
2093,2056
2104,2048
2109,2055
2112,2068
2119,2053
2113,2072
2119,2013
2123,2067
2120,2048
2119,2072
2123,2013
2129,2039
2119,2041
2119,2067
2126,2017
2125,2066
2127,2044
2127,2037
2124,2020
2112,2041
2103,2068
2106,2009
2106,2057
2101,2067
2096,2046
2087,2028
2087,2076
2086,2055
2079,2063
2081,2037
2071,2037
2068,2043
2053,2023
2053,2048
2041,2038
2036,2052
2028,2025
2030,2005
2015,2048
2021,2011
2023,2025
2001,2027
2001,2065
2002,2025
1987,2071
1993,2009
1989,2067
1991,2013
1989,2061
1981,2051
1984,2033
1984,2043
1979,2088
1977,2017
1982,2065
1983,2076
1981,2030
1975,2033
1985,2082
1988,1995
1997,2015
1987,2058
1993,2075
2005,2030
2009,2027
2003,2021
2005,2023
2015,2039
2024,2067
2023,2040
2028,2027
2024,2058
2030,2003
2039,1995
2038,2026
2063,1999
2063,2063
2072,2058
2069,2027
2080,2037
2083,2029
2086,2069
2090,2063
2097,2041
2098,2028
2103,2063
2101,2013
2110,2033
2105,2013
2120,2029
2119,2027
2120,2011
2127,2008
2125,2042
2132,2037
2136,2054
2131,2059
2129,2058
2124,2063
2135,1992
2127,2001
2120,2038
2117,2055
2119,2044
2106,2035
2107,2072
2101,2055
2103,2023
2104,2027
2093,2063
2090,2046
2083,2039
2081,2064
2073,2044
2073,2025
2067,2054
2063,2019
2053,2067
2041,1999
2039,2077
2035,2063
2027,2044
2029,2072
2027,2064
2016,2037
2019,2028
2005,2044
2008,2025
1995,2060
2000,2011
1987,2037
1999,2048
1987,2058
1995,2058
1987,2056
1981,2063
1978,2062
1992,2072
1979,2063
1983,2060
1997,2021
1990,2037
1989,2048
1989,2063
1993,2035
1996,2037
2005,2069
1995,2011
2007,2063
2016,2080
2023,2072
2027,2089
2027,2024
2035,2003
2040,2003
2035,2068
2047,2041
2061,2029
2063,2009
2071,2054
2072,2071
2075,2057
2081,2041
2087,2072
2095,2040
2102,2021
2091,2029
2110,2033
2110,2059
2120,2040
2123,2023
2126,2007
2129,2011
2131,2070
2136,2007
2145,2020
2145,2032
2137,2040
2152,2059
2148,2057
2139,2029
2144,2041
2146,2029
2140,2009
2135,1993
2137,2067
2136,2042
2127,2012
2129,2041
2126,2078
2130,1995
2119,2069
2120,2063
2108,2027
2103,2023
2101,2056
2088,2019
2100,2027
2084,2067
2079,2021
2071,2047
2065,2041
2066,2065
2058,2027
2053,2021
2044,2027
2035,2022
2036,2043
2027,2035
2023,2068
2024,2023
2012,2040
2007,2065
2009,2023
2013,2009
2007,2027
2008,2026
2000,2017
1992,2023
2001,2042
2000,2072
1995,2068
1996,2021
1992,2024
2007,2057
1993,2037
2002,2048
2003,2067
2003,2069
2005,2052
2014,2058
2011,2071
2024,2050
2009,2039
2025,2030
2032,1992
2041,2040
2044,2027
2043,2044
2048,2039
2058,2060
2073,2047
2069,2048
2071,2033
2077,2078
2084,2024
2088,2067
2097,2080
2101,2036
2107,2021
2113,2012
2103,2063
2120,2025
2121,1994
2115,2041
2127,2039
2133,2062
2137,2039
2139,2067
2142,2069
2139,2015
2137,2019
2136,2023
2147,2054
2147,2061
2148,2040
2145,2044
2151,1989
2139,2065
2148,2006
2138,2042
2139,2059
2133,2029
2125,2055
2129,2072
2124,2065
2112,2004
2110,2022
2100,2021
2091,2035
2099,2042
2092,2009
2088,2029
2087,2025
2079,2011
2068,2024
2063,2063
2063,2043
2054,2063
2047,2003
2037,2069
2035,2079
2028,2041
2025,2037
2028,2025
2013,2068
2012,2068
2008,2015
1991,2059
2001,2017
1993,2056
1999,2072
1999,2079
1993,2045
1993,2012
1995,1997
1987,2003
1989,2030
1995,2069
1995,2073
1999,2018
2000,2007
2005,2032
1997,2011
2000,2042
2007,2048
2010,2009
2019,2028
2017,2015
2027,2011
2028,2074
2035,2063
2033,2056
2039,2063
2054,2019
2056,2065
2064,2017
2068,2061
2067,2065
2075,2021
2080,2017
2088,2063
2093,2027
2099,2040
2097,2040
2099,1997
2117,2079
2119,2056
2125,2089
2124,2038
2133,2033
2125,2025
2131,2007
2134,2033
2141,2027
2149,2021
2140,2027
2152,2019
2144,2068
2147,2064
2148,2056
2148,2077
2143,2069
2143,2083
2139,2063
2147,2051
2131,2028
2125,2066
2123,2023
2127,2033
2117,2068
2105,2054
2107,2074
2106,2019
2108,2063
2099,2045
2095,2055
2089,2042
2079,2088
2073,2017
2071,2068
2068,2056
2067,2057
2054,2065
2043,2058
2035,2071
2035,2040
2029,2011
2021,2038
2013,2056
2008,2027
2012,2070
2015,2045
1996,2069
2002,2025
1992,2073
1995,2023
1993,2080
1981,2032
1994,2012
1992,2037
1989,2063
1991,2056
1993,2072
2002,2027
1992,2042
1999,2068
2003,2039
2007,2035
2007,2068
2005,2028
2014,2011
2019,2011
2017,2043
2028,2039
2026,2037
2030,2065
2040,2066
2041,2070
2051,2048
2062,2073
2063,2071
2071,2015
2076,2079
2077,2066
2083,2042
2085,2052
2096,2028
2099,2048
2107,2088
2109,2035
2103,2068
2119,2072
2121,2017
2121,2039
2127,2033
2139,2028
2133,2037
2139,2027
2141,2031
2143,2007
2137,2021
2139,2041
2151,2072
2147,2031
2147,2040
2147,2011
2139,2024
2137,2059
2144,2080
2130,2044
2131,2023
2131,2057
2130,2063
2128,2060
2125,2017
2112,2065
2117,2037
2115,2039
2109,2056
2087,2053
2089,2035
2089,2056
2090,2015
2071,2076
2068,2037
2057,2052
2064,2070
2056,2025
2046,2052
2041,2011
2027,2066
2035,2019
2021,2064
2013,2084
2016,2017
2011,2075
2006,2073
1996,2036
2005,2030
1994,2067
1993,2056
1997,2007
1997,2017
1995,2054
1992,2041
1993,2033
1994,1996
1993,2063
2003,2024
1993,2031
2003,2068
2003,2057
1997,2056
2015,2019
2012,2044
2011,2040
2016,2013
2020,2071
2023,1995
2024,2063
2026,2044
2043,2041
2040,2065
2043,2007
2043,2041
2067,2019
2068,2029
2067,2002
2076,2035
2075,2057
2082,2027
2098,2001
2088,2003
2099,2031
2103,2015
2104,2029
2109,2048
2123,2066
2121,2077
2119,2055
2115,2067
2135,2048
2139,2017
2140,2009
2139,2041
2131,2019
2140,2021
2129,2021
2131,1979
2137,2066
2131,2051
2135,2033
2131,2023
2130,2037
2133,2027
2121,2033
2105,2075
2110,2086
2112,2058
2103,2045
2099,2080
2096,2063
2081,2068
2086,2034
2075,2055
2076,2028
2067,2033
2063,2030
2055,2063
2048,2036
2033,2072
2029,2019
2021,2046
2027,2060
2025,2017
2016,2080
2010,2075
2001,2033
2007,2011
1996,2027
1991,2071
1995,2058
1989,2066
1977,2051
1990,2047
1991,2080
1984,2023
1976,2063
1984,2020
1979,2039
1992,2041
1984,2019
1992,2009
1979,2018
1991,2067
1984,2044
2005,2088
2004,2043
2008,2035
2003,2072
2010,2056
2019,2076
2024,2027
2025,2021
2027,2037
2033,2080
2043,2064
2051,2038
2053,2022
2057,2072
2055,2055
2063,2025
2073,2065
2075,2011
2082,2067
2092,2005
2085,2011
2096,2064
2104,2020
2101,2009
2114,2029
2123,2015
2122,2048
2127,2065
2128,2056
2134,1989
2129,2024
2137,2019
2135,2013
2139,2012
2140,2058
2135,2001
2127,2008
2129,1995
2140,2009
2137,2018
2123,2069
2123,2059
2127,2076
2121,2005
2120,2060
2111,2066
2107,2052
2111,2037
2103,2077
2086,2028
2091,2037
2091,2029
2087,2073
2072,2070
2079,2056
2070,2051
2071,2011
2065,2040
2058,2025
2045,2058
2040,2037
2030,2072
2031,2041
2029,2072
2015,2033
2018,2023
2003,2068
2007,2080
2004,2063
2008,2069
2005,2029
1991,2043
1999,2056
1991,2065
1995,2095
1998,2063
1996,2027
1987,2023
1995,2072
1993,2034
1996,2025
1994,2043
2006,2033
2007,2064
2004,2027
2009,2013
2013,2057
2023,2048
2015,2072
2025,2047
2025,2024
2030,2074
2040,2075
2039,2057
2039,2012
2043,2067
2055,2039
2069,2039
2072,2053
2081,2025
2080,2040
2083,2072
2092,2056
2097,2027
2103,2055
2107,2058
2111,2019
2112,2011
2115,2017
2127,2060
2126,2057
2132,2034
2135,2017
2135,2065
2144,2024
2135,2009
2142,2037
2137,2023
2143,2018
2148,2071
2144,2073
2137,2023
2133,2030
2138,2043
2121,2023
2135,2087
2135,2071
2134,2044
2121,1993
2119,2065
2121,2063
2112,2071
2107,2037
2103,2072
2095,2037
2094,2055
2092,2035
2085,2056
2079,2071
2068,2021
2072,2043
2071,2060
2060,2045
2045,2056
2043,2001
2036,2059
2036,2063
2019,2058
2021,2058
2016,2055
2009,2066
2008,2027
2005,2072
1989,2075
2000,2039
1996,2024
1991,2053
1981,2037
1991,2001
1990,2041
1979,2086
1981,2036
1980,2071
1988,2030
1989,2031
1987,2074
1996,2024
1989,2067
1995,2063
2002,2035
1995,2063
2010,2057
2011,2086
2015,2039
2017,2053
2018,2042
2024,2023
2021,2020
2039,2020
2033,2008
2045,2067
2041,2065
2059,2056
2066,2017
2059,2068
2074,2054
2067,2035
2079,2020
2070,2037
2087,2061
2094,2058
2098,2072
2099,2039
2103,2023
2107,2066
2113,2058
2119,2026
2124,2069
2125,2023
2129,2023
2133,2035
2123,2023
2129,2079
2128,2017
2131,2077
2125,2059
2123,2017
2125,2028
2127,2048
2115,2036
2112,2057
2120,2041
2107,2053
2101,2022
2108,2039
2093,2040
2088,2025
2087,2021
2088,2005
2079,1999
2072,2066
2074,1998
2063,2056
2055,2029
2039,2023
2051,2055
2032,2056
2035,2072
2030,2072
2026,2073
2012,2064
2011,2088
2005,2080
2001,2072
1992,2059
1991,2060
1984,2040
1986,2045
1990,2035
1975,2063
1973,2044
1979,2054
1973,2035
1972,2019
1972,2033
1969,2053
1976,2063
1969,2007
1976,2056
1980,1997
1981,2063
1981,2027
1993,2040
1982,2042
1989,2063
1992,2019
2000,2017
1995,2037
2005,2043
2010,2018
2019,2024
2017,2029
2024,2065
2024,2036
2035,2041
2040,2027
2041,2019
2053,2037
2053,2009
2071,2058
2069,2045
2084,2032
2083,2028
2083,2032
2092,2035
2099,2072
2109,2072
2107,2059
2105,2035
2117,2027
2117,2065
2123,2045
2119,2077
2133,2030
2135,2033
2139,2037
2137,2063
2136,2071
2137,2012
2136,2091
2138,2036
2136,2033
2131,2057
2121,2024
2133,2063
2131,2024
2125,2080
2125,1997
2120,2029
2107,2045
2111,2045
2101,2053
2100,2064
2101,2058
2091,2057
2089,2079
2088,2058
2081,2051
2067,2063
2067,2009
2060,2035
2054,2039
2039,2023
2029,2043
2036,2042
2024,2017
2024,2043
2021,2056
2009,2063
2008,2015
2003,1997
1996,2066
1989,2057
2000,2038
1980,2080
1984,2054
1997,2015
1990,2035
1992,2005
1981,2045
1992,2029
1983,2042
1981,2033
1984,2019
1996,2055
1988,2072
1995,2063
1995,2019
1993,2040
2004,2056
2006,2056
2011,2072
2014,2063
2009,2067
2011,2011
2012,2063
2028,2048
2035,2076
2034,2040
2048,2021
2047,2088
2063,2045
2066,2043
2075,2024
2078,2072
2075,2040
2087,2031
2089,1996
2083,2039
2091,2017
2097,2021
2093,1979
2100,2011
2116,2008
2115,2031
2121,2011
2123,2037
2122,2039
2131,2068
2127,2001
2135,2028
2136,2057
2131,2035
2131,2063
2128,2051
2133,2015
2125,2036
2123,2003
2119,2004
2120,2043
2118,2071
2111,2009
2101,2033
2101,2029
2102,2012
2100,2025
2086,2042
2088,2020
2075,2056
2084,2063
2077,2021
2065,2003
2063,2054
2060,2015
2044,2021
2042,2029
2035,2068
2035,2048
2019,2044
2024,2023
2018,2063
2012,2045
2010,2052
2011,2045
1995,2028
1992,2023
1993,2023
1981,2070
1992,2027
1984,2041
1983,2027
1973,2033
1975,2060
1982,2010
1980,2035
1981,2020
1980,2039
1984,2057
1984,2039
1987,2007
1991,2061
1984,2048
1993,2036
1999,2060
2007,2035
2000,2037
2008,2041
2008,2054
2011,2029
2024,2057
2025,2015
2031,2038
2032,2072
2040,2003
2044,2065
2048,2029
2061,2023
2053,2043
2072,2025
2065,2015
2075,2028
2084,2021
2080,2033
2090,2062
2095,2004
2091,2011
2104,2023
2108,2009
2107,2022
2119,2051
2120,2041
2121,2034
2124,2048
2126,2060
2132,2011
2129,2020
2124,2019
2136,2028
2121,2023
2125,2079
2124,2040
2117,2039
2115,2072
2116,2056
2111,2004
2109,2056
2109,2058
2097,2073
2098,2043
2099,2057
2085,2024
2095,2075
2085,2048
2078,2066
2075,2007
2058,2032
2063,2044
2060,2065
2061,2053
2035,2087
2029,2043
2034,2019
2032,2078
2028,2035
2014,2071
2020,2093
2007,2058
2004,2069
2003,2053
1997,2070
1998,2035
1996,2067
1999,2082
1992,2021
1997,2031
1984,2082
1987,2021
1987,2053
1988,2059
1979,2071
1984,2019
1990,2068
1979,2072
1992,2044
1994,2079
1991,2071
1996,2025
2007,2040
2012,2040
2009,2011
2009,2039
2016,2059
2017,2042
2019,2030
2030,2063
2040,2001
2040,2025
2037,2088
2044,2025
2063,2023
2059,2059
2063,2036
2071,2033
2080,2080
2088,2017
2092,2043
2095,2029
2093,2041
2112,2039
2107,2023
2110,2007
2128,2072
2125,2055
2128,1991
2129,2048
2136,2048
2138,2019
2143,2029
2141,2055
2137,2048
2131,2042
2131,2040
2137,2038
2131,2023
2137,2048
2131,2069
2128,2029
2120,2063
2130,2060
2129,2027
2123,2048
2122,2026
2109,2040
2104,2017
2100,2028
2102,2007
2093,2029
2088,2039
2089,2025
2081,2025
2071,2030
2069,2023
2063,2072
2057,2008
2045,2068
2040,2065
2040,2036
2036,2033
2029,2040
2027,2027
2015,2073
2017,2034
2004,2027
2011,2013
2001,2063
2005,2043
2000,2020
2000,2059
1997,2011
1987,2056
1991,2066
1990,2094
1989,2019
1981,2066
1991,2072
1993,2052
1988,2072
1997,2034
2005,2045
2002,2037
2004,2013
2006,2008
2012,2063
2007,2048
2007,2044
2022,2079
2027,2017
2031,2033
2032,2067
2039,2055
2046,2063
2047,2044
2063,2044
2075,2038
2058,2063
2073,2030
2076,2041
2077,2025
2085,2023
2099,2078
2095,2063
2101,2002
2104,2046
2101,2066
2118,2044
2116,2071
2124,2046
2126,2043
2117,2056
2132,2069
2132,2048
2140,2042
2145,2058
2137,2001
2139,2037
2137,2068
2136,2057
2142,2024
2133,2015
2137,2044
2131,2023
2124,2046
2129,2009
2124,2025
2120,2063
2119,2066
2112,2063
2105,2068
2105,2035
2091,2008
2083,2032
2092,1994
2088,2004
2079,2044
2067,1997
2065,2056
2056,2004
2053,2074
2035,2068
2038,2052
2030,2024
2019,2043
2024,2063
2022,2025
2001,2009
2008,2009
1995,2026
1993,2055
1995,2036
1990,2024
1990,2013
1979,2043
1984,2071
1981,2007
1979,2076
1969,2063
1976,2040
1965,2021
1984,2068
1976,2035
1980,2070
1980,2023
1981,2019
1977,2045
1989,2033
1991,2055
1991,2053
2000,2057
2000,2040
2003,2060
2009,2042
2011,2065
2015,2063
2024,2055
2030,2068
2028,2057
2040,2047
2042,2055
2040,2022
2060,2007
2063,2005
2065,2042
2072,2041
2075,2071
2083,2048
2085,2058
2095,2001
2099,2056
2103,2073
2105,2047
2112,2029
2116,2035
2119,2047
2123,2055
2124,2015
2130,2035
2128,2013
2136,2039
2128,1999
2136,2011
2136,2101
2139,2053
2136,2039
2125,2046
2123,2072
2129,2019
2121,2073
2121,2068
2117,2030
2104,2040
2117,2047
2103,2019
2088,2070
2102,2043
2093,2043
2084,2041
2088,2068
2080,2064
2073,2009
2073,2041
2063,2048
2067,2071
2043,2047
2056,2028
2039,2037
2035,2055
2034,2039
2022,2075
2023,2031
2016,2031
2007,2063
2007,2051
2001,2070
1995,2069
1987,2025
1997,2080
1989,2029
1993,2032
1975,2067
1989,2033
1983,2023
1987,2018
1984,2059
1981,2048
1977,2063
1992,2029
1992,2055
1993,2071
1995,2039
1995,2056
1998,2013
2002,2030
2003,2036
2011,2011
2009,2026
2017,2011
2021,2043
2035,2084
2029,2015
2040,2029
2036,2007
2041,2043
2055,2044
2064,2071
2068,2037
2073,2038
2083,2005
2074,1977
2088,2028
2095,2033
2099,2021
2101,2052
2108,2048
2107,2064
2120,2079
2132,2054
2124,2041
2128,2035
2134,2015
2133,2017
2130,2077
2136,2041
2133,2055
2143,2040
2135,2029
2136,2019
2137,2040
2140,2053
2134,2004
2135,2042
2122,2063
2132,2073
2128,2051
2119,2080
2120,2019
2121,2063
2109,2033
2105,2060
2105,2079
2097,2071
2089,2072
2090,2075
2085,2072
2084,2058
2078,2030
2074,2021
2067,2080
2063,2040
2054,2043
2057,2045
2039,2074
2040,2005
2031,2008
2021,2055
2020,2042
2009,2054
2012,2029
2007,2048
2012,2076
2005,2040
2005,2021
1999,2001
2003,2059
1995,2043
1992,2019
1996,2072
1989,2036
1989,2063
1993,2021
2003,2078
1996,2053
2006,2038
2004,2006
2001,2055
2003,2078
2013,2069
2017,2076
2019,2011
2017,2080
2027,2062
2028,2068
2036,2056
2031,2022
2038,2043
2043,2042
2058,2044
2057,2043
2065,2065
2057,2037
2071,2063
2084,2017
2077,2056
2088,2080
2096,2065
2093,2071
2107,2037
2109,2065
2103,1995
2115,2055
2124,2067
2128,2070
2124,2041
2131,2019
2132,2011
2136,2035
2139,2005
2131,2025
2147,2069
2141,2060
2137,1989
2133,2027
2135,2065
2133,2059
2124,2063
2129,2063
2123,2059
2125,2013
2124,2056
2120,2034
2105,2029
2097,2074
2108,2064
2105,2067
2100,2020
2094,2027
2096,2072
2080,2037
2083,2066
2073,2043
2063,2057
2064,2074
2055,2008
2041,2063
2039,2074
2040,2027
2032,2020
2024,2112
2023,1978
2019,1950
2013,1992
2007,1971
2004,1976
1995,2045
1991,1981
1990,1995
1995,2056
1992,2033
1987,2063
1993,2077
1984,2065
1992,2040
1992,2031
1998,2083
2001,2035
2005,2063
2012,2075
2015,2028
2020,2009
2029,2015
2027,2039
2032,2059
2053,2092
2064,2075
2067,2033
2071,2037
2080,2022
2080,2059
2089,2027
2090,2048
2096,2059
2093,2063
2099,2043
2109,2048
2105,2036
2107,2027
2117,2041
2109,2057
2131,2042
2131,2036
2125,2045
2136,2067
2141,2028
2148,2035
2148,2027
2152,2011
2152,2027
2159,2012
2165,2019
2157,2023
2164,2005
2167,2019
2159,2007
2157,2015
2151,2065
2159,2042
2143,2077
2140,2033
2139,2007
2127,2088
2125,2007
2119,2014
2107,2007
2107,2057
2107,2080
2098,2033
2088,2025
2081,2071
2082,2023
2069,2034
2063,2027
2065,2031
2063,2030
2056,2035
2042,2015
2024,2037
2025,2055
2031,2028
2011,2023
2008,2009
2009,2017
1995,2076
1993,2008
1981,2023
1989,2017
1989,2033
1975,2030
1980,2021
1973,2028
1973,2042
1971,2030
1969,2068
1965,2060
1980,2068
1963,2076
1975,2033
1982,2063
1984,2071
1987,2070
1984,2033
2000,2007
1981,2052
2010,2027
2011,2043
2005,2035
2019,2023
2019,2040
2027,2022
2038,2021
2043,2079
2041,2043
2061,2037
2063,2088
2067,1999
2071,2064
2072,2065
2088,2045
2086,2027
2093,2043
2103,2056
2107,2063
2110,2028
2121,2063
2124,2044
2133,1999
2133,2078
2133,2028
2140,2004
2133,2039
2139,2039
2143,2019
2151,2008
2149,2033
2152,2048
2160,2015
2155,2025
2155,2032
2155,2072
2160,2044
2164,2044
2161,2015
2153,2043
2147,2032
2147,2063
2145,2047
2147,2027
2136,2044
2136,2027
2131,2056
2122,2071
2108,2063
2099,2040
2094,2073
2091,2048
2087,2079
2077,2074
2072,2057
2075,2046
2071,2026
2068,2059
2064,2076
2066,2036
2043,2044
2040,2072
2039,2021
2041,2059
2036,2035
2025,2058
2022,2024
2032,2063
2020,2072
2023,2067
2020,2039
2019,2045
2015,2070
2016,2012
2003,2075
2003,2041
2002,2064
2009,2033
2012,2056
2012,2063
2012,2013
2004,2080
2016,2040
2013,2063
2015,2079
2021,2071
2033,2056
2030,2029
2037,2056
2044,2015
2040,2019
2057,2036
2067,2084
2071,2041
2069,2053
2073,2027
2068,2063
2079,2077
2083,2065
2089,2064
2091,2066
2085,2055
2091,2073
2081,2068
2105,2030
2108,2041
2112,2068
2115,2069
2117,2019
2121,2036
2122,2029
2135,2019
2137,2041
2139,2043
2143,2065
2150,2072
2152,2080
2148,2056
2147,2001
2152,2005
2151,2026
2149,1999
2153,1993
2152,2057
2141,2025
2140,2019
2148,2019
2145,2044
2137,2034
2137,2040
2128,2052
2135,2058
2125,2013
2121,2046
2120,2060
2112,2053
2104,2013
2104,2021
2100,2065
2083,2017
2080,2055
2087,2054
2071,2063
2073,2020
2063,2005
2064,2072
2063,2045
2055,2023
2052,2063
2040,2059
2040,2024
2035,2042
2032,2052
2029,2033
2027,2056
2021,2041
2021,2080
2025,2054
2024,2051
2017,2071
2020,2033
2012,2027
2005,2039
2007,2071
2017,2019
2018,2035
2014,2038
2005,2048
2019,2056
2024,2021
2024,2007
2017,2054
2024,2038
2029,2028
2037,2067
2041,2027
2054,2055
2063,2043
2071,2055
2057,2056
2076,2003
2080,2055
2088,2006
2085,2029
2093,2035
2100,2021
2100,2010
2099,2032
2113,2017
2116,2009
2120,2092
2109,2067
2132,2060
2139,2077
2131,2070
2143,2058
2144,2064
2152,2011
2159,2015
2158,2043
2159,2097
2163,2075
2160,2080
2165,2080
2153,2002
2151,2056
2163,2056
2157,2056
2153,2067
2153,2043
2151,2069
2155,2068
2148,2062
2151,2027
2139,2013
2135,2045
2131,2054
2123,2005
2116,1995
2103,2043
2104,2077
2104,2043
2094,2033
2085,2075
2084,2076
2080,2075
2071,2032
2063,2056
2043,2072
2053,2007
2042,2058
2040,2041
2032,2026
2019,2063
2020,2027
2015,2104
2003,2067
1995,2054
1991,2032
1996,2023
1994,2015
1988,2043
1992,2037
1988,2039
1981,1999
1982,2027
1979,2079
1980,2040
1974,2041
1975,2056
1975,2076
1981,2057
1979,2019
1991,2052
1993,2027
1995,2021
1994,2022
2001,2028
2007,2036
2014,1999
2009,2068
2018,2078
2025,2091
2023,2072
2025,2089
2043,2035
2053,2011
2059,2040
2072,2023
2076,2013
2081,2029
2089,2080
2096,2042
2091,2040
2104,2067
2107,2055
2107,2019
2122,2039
2122,2059
2135,2021
2132,2047
2140,2063
2139,2063
2137,2040
2149,2004
2156,2072
2157,2039
2154,2033
2165,2017
2161,2017
2163,2023
2157,2009
2166,2027
2168,2063
2161,2077
2155,2007
2161,2048
2147,2019
2147,2043
2152,2059
2148,2042
2139,2023
2139,2011
2133,2056
2131,2039
2125,2048
2109,2042
2103,2026
2107,2088
2104,2027
2102,2057
2091,2060
2076,2063
2079,2037
2085,2009
2065,2056
2065,2036
2066,2029
2053,2037
2048,2042
2043,2027
2042,2041
2035,2075
2035,2075
2029,2055
2037,2088
2028,2070
2023,2013
2028,2038
2028,2009
2029,2039
2023,2037
2027,2068
2021,2028
2029,2063
2033,2043
2027,2025
2029,2026
2028,2024
2035,2075
2044,2074
2055,2073
2053,2024
2048,2066
2067,2036
2065,2035
2066,2009
2075,2030
2073,2002
2086,2026
2083,2003
2092,2024
2089,2029
2092,2001
2099,2035
2110,2024
2116,2043
2117,2053
2123,2055
2132,2037
2130,2021
2136,2011
2133,2048
2138,2019
2139,1995
2146,2032
2148,2024
2153,2005
2151,2043
2149,2080
2143,2042
2155,2011
2147,1993
2156,2032
2157,2008
2152,2033
2161,2070
2151,2041
2137,2017
2144,2039
2135,2037
2131,2032
2125,1995
2120,2019
2123,2003
2119,2015
2105,2055
2106,2063
2104,2007
2101,2072
2097,2074
2091,2005
2080,2068
2072,2056
2067,2072
2069,2027
2055,2021
2044,2065
2045,2078
2032,2052
2028,2063
2027,2026
2026,2037
2026,2027
2012,2023
2001,2005
1997,2067
2003,2055
2008,2063
1996,2063
1998,2080
2001,2078
2000,2066
1999,2035
1994,2036
1997,2044
1991,2024
1994,2009
1995,2019
2005,2057
2005,2033
2005,1995
2011,2076
2008,2011
2011,2027
2001,2073
2019,2011
2017,2013
2030,2013
2029,2011
2037,2039
2039,2087
2048,2071
2047,2053
2063,2023
2063,2048
2071,2026
2071,2017
2075,2047
2083,2035
2099,2027
2097,2059
2104,2015
2112,2056
2108,2035
2109,2075
2124,2042
2129,2036
2133,2064
2135,2001
2141,2037
2141,1992
2140,2015
2134,2041
2151,2055
2137,2055
2141,2043
2149,2057
2148,2021
2155,2009
2149,2043
2150,2018
2142,2071
2135,2022
2141,2024
2139,2012
2133,2058
2135,2021
2124,2065
2114,2025
2113,2036
2111,2021
2102,1987
2104,2015
2098,2009
2083,2072
2084,2023
2075,2056
2075,2057
2071,2051
2065,2066
2057,2055
2039,2011
2033,2072
2033,2080
2031,2007
2024,2021
2020,2062
2015,2063
2012,2056
2005,2056
2007,2040
1997,2057
1981,2063
1987,2009
1992,2057
1992,2077
1987,2035
1976,2076
1987,2076
1984,2023
1989,2063
1975,2029
1984,2001
1979,2019
1985,2042
1984,2035
1994,2008
1989,2075
2003,2030
1997,2021
2009,2029
2008,2048
2018,2035
2020,2011
2024,2072
2031,2068
2037,2075
2038,2037
2055,2035
2056,2044
2055,2007
2056,2035
2065,2017
2076,2056
2085,2041
2080,2013
2096,2002
2089,2043
2099,1981
2101,2024
2113,2017
2119,2081
2135,2078
2119,2067
2127,2057
2138,2053
2133,2039
2135,2063
2143,2065
2145,2057
2139,2028
2150,2011
2137,2031
2147,2035
2150,2039
2144,2018
2152,2029
2149,2039
2138,2015
2135,2101
2136,2072
2145,2028
2133,2079
2128,2055
2132,2027
2128,2077
2120,2033
2123,2084
2111,2045
2104,2021
2106,2003
2097,2029
2093,1979
2088,2079
2084,2068
2076,2021
2071,2039
2063,2068
2063,2033
2055,2048
2054,2009
2035,2064
2033,2037
2020,2048
2024,2056
2021,2043
2022,2056
2012,2019
2021,2007
2011,2053
2010,2037
2009,2039
2009,2013
2017,2039
2015,2044
2012,2063
2012,2037
2007,2037
2009,2096
2015,1995
2013,2025
2015,2029
2026,2039
2023,2054
2027,2045
2036,2029
2037,2005
2039,2029
2055,2036
2055,2033
2063,2071
2068,1981
2059,2027
2067,2042
2082,2009
2088,2067
2095,2018
2096,2072
2093,2023
2105,2029
2109,2027
2107,2063
2120,2063
2122,2059
2123,2051
2131,2105
2139,2071
2140,2063
2147,2025
2148,2033
2146,2039
2149,2021
2154,2015
2152,1993
2152,2036
2148,2038
2154,1987
2151,2024
2143,1989
2150,2009
2151,2038
2149,2075
2151,2072
2142,2064
2131,2051
2137,2065
2123,2071
2121,2074
2123,2068
2113,2025
2107,2055
2108,2019
2103,2011
2101,2063
2090,2029
2081,2067
2075,2048
2066,2073
2072,2043
2045,2013
2040,2035
2040,2063
2037,2035
2033,2029
2027,2039
2015,2055
2015,2035
2008,2033
2005,2072
1995,2075
2006,2053
1997,2060
2001,2040
1999,2023
1981,2069
1981,2036
1984,2030
1988,2039
1987,2003
1995,2056
1984,2022
1982,2040
1979,2063
1989,2024
1996,2011
1997,2021
2004,2008
1995,2043
2007,2075
2012,2028
2016,2029
2021,2057
2021,2088
2029,2040
2033,2043
2037,2024
2047,2076
2044,2068
2063,2007
2071,2051
2069,2085
2076,2046
2082,2039
2101,2016
2091,2060
2101,2018
2107,1999
2103,2079
2111,2037
2128,2012
2129,2027
2141,2034
2136,2027
2147,2037
2153,2079
2155,2053
2151,2005
2153,2015
2163,2063
2153,2024
2157,2005
2164,2007
2168,2053
2166,2071
2163,2060
2151,2083
2149,2072
2151,2078
2155,2006
2147,2057
2144,2029
2146,2039
2147,2066
2140,2068
2131,2059
2125,2085
2125,2011
2108,2009
2107,2061
2103,1987
2103,2072
2099,2021
2085,2058
2087,2017
2080,2040
2075,2076
2072,2023
2069,2070
2065,2065
2056,2032
2033,2093
2033,2080
2034,2033
2023,2029
2032,2035
2024,2059
2026,2051
2025,2011
2018,2025
2016,2069
2012,2041
2012,2056
2013,2057
2015,2103
2020,2020
2013,2027
2019,2025
2024,2078
2019,2026
2018,2056
2025,2043
2030,2077
2033,2041
2029,2008
2035,2039
2043,2072
2044,2064
2048,2023
2071,2040
2063,2032
2071,1993
2075,2062
2075,2052
2088,2058
2094,2067
2089,2080
2097,1992
2095,2007
2105,2019
2104,2004
2118,2029
2112,2010
2112,2044
2122,2037
2136,2072
2137,2019
2146,1999
2135,2063
2152,2025
2151,2036
2144,2060
2158,2079
2151,2057
2164,2019
2160,2057
2156,2016
2161,2023
2143,2068
2150,2071
2149,2035
2137,2088
2145,2059
2137,2042
2133,2056
2123,2019
2120,2063
2129,2047
2123,2054
2114,2080
2114,2057
2106,2011
2100,2036
2096,2027
2093,2043
2084,2009
2080,2002
2074,2056
2072,2001
2059,2090
2056,2008
2043,2077
2032,2080
2040,2068
2035,2066
2021,2012
2019,2022
2015,2046
2018,2067
2011,2067
2007,2063
2008,2056
2007,2099
1997,2068
2001,2068
2000,2046
2002,1996
1993,2044
1995,2015
1994,2007
2002,2004
1992,2036
2001,2077
2008,2063
2013,2033
2009,2045
2013,2027
2016,2021
2027,2041
2026,2036
2033,2076
2029,2009
2041,2077
2037,2035
2040,2043
2041,1999
2040,2041
2060,2017
2065,2029
2063,1979
2071,2063
2079,2063
2087,2073
2088,1976
2085,1993
2098,2023
2088,2055
2101,2072
2111,2036
2116,2086
2118,2018
2115,2064
2122,2007
2119,2039
2127,2032
2125,2057
2131,2029
2130,2067
2135,2041
2129,2044
2135,2073
2131,2034
2129,2087
2124,2017
2115,2055
2121,2071
2116,2041
2109,2041
2103,2064
2110,2080
2093,2023
2093,2054
2092,2041
2087,2032
2084,2035
2071,2040
2075,2019
2061,2034
2063,2021
2056,2055
2043,2072
2038,2013
2027,2019
2020,2015
2019,2029
2015,2074
2008,2043
1997,2096
2005,2063
2000,2039
1989,2079
1992,2021
1977,2063
1982,2021
1969,2023
1971,2029
1971,2063
1970,2072
1969,2053
1971,2032
1975,2001
1959,2051
1968,2065
1974,2023
1971,2079
1970,2071
1976,2030
1981,2064
1981,2066
1989,2047
1999,2040
1995,2027
2007,2024
2001,2017
2010,2039
2009,2056
2016,2080
2016,2079
2015,2078
2027,2041
2035,2030
2040,2054
2042,2072
2048,2004
2064,2057
2071,2045
2069,2055
2074,2053
2082,2035
2089,2091
2099,2067
2100,2007
2100,1997
2112,2040
2117,2043
2121,2039
2124,2029
2128,2019
2132,2058
2131,2011
2136,2074
2140,2043
2136,2043
2133,2046
2139,2017
2131,2017
2131,2027
2131,2056
2123,2068
2136,1997
2127,2053
2133,2079
2123,2017
2118,2056
2120,2071
2117,2069
2111,2026
2107,2011
2109,1997
2103,2070
2101,2055
2096,2033
2087,2057
2074,2036
2076,2063
2076,2041
2071,2021
2056,2037
2048,2028
2063,2076
2044,2027
2041,2058
2036,2030
2025,2063
2021,2015
2019,2044
2015,2033
2017,2044
2009,2067
1999,2069
1999,2077
2008,2095
2003,2029
2007,2089
2007,2074
2007,2044
2001,2056
2007,2025
2005,2008
1995,2063
2003,2039
2007,2085
2009,2025
2005,2039
2014,2080
2024,2011
2021,2039
2022,2063
2027,2053
2036,2025
2040,2038
2048,2072
2048,2066
2057,2012
2063,2045
2063,2063
2076,2035
2077,2032
2078,2061
2086,2039
2090,2040
2093,2027
2101,2007
2093,2034
2105,2029
2113,2029
2125,2043
2136,2066
2131,2063
2131,2061
2141,2057
2143,2023
2144,2056
2145,2066
2143,2076
2151,2028
2143,2028
2150,2035
2139,2044
2151,2074
2149,2029
2152,2038
2143,2005
2143,1993
2133,2067
2136,2065
2135,2060
2135,2055
2120,2078
2122,2033
2121,2043
2119,2027
2105,2019
2103,1988
2097,2051
2097,2068
2082,2088
2080,2024
2071,2055
2072,2057
2067,2017
2057,2066
2053,2036
2036,2071
2036,2026
2036,2063
2033,2021
2030,2058
2015,2054
2007,2007
1995,2033
2001,2040
2000,2015
1992,2042
2004,2040
1976,2044
1993,2075
1987,2027
1989,2019
1981,2028
1993,2035
1981,2071
1975,2059
1991,2039
1996,2056
1995,2062
1997,2025
2000,2051
1999,2042
2003,2041
2012,2080
2012,2007
2009,2036
2015,2023
2021,2063
2026,2027
2026,2079
2040,2086
2041,2021
2039,2040
2057,2052
2053,2003
2071,1999
2073,2063
2083,2007
2085,2011
2091,2053
2094,2044
2096,2062
2096,2036
2107,2005
2110,2025
2107,2023
2123,2064
2121,2063
2127,2008
2130,2072
2144,2017
2140,2041
2143,2039
2145,2031
2137,2009
2149,2024
2142,2036
2146,2017
2141,2029
2132,2023
2139,2033
2134,2021
2134,2056
2127,2009
2123,2071
2117,2080
2107,2075
2113,2048
2104,2042
2105,2029
2095,2039
2100,2032
2093,2047
2090,2030
2077,2007
2067,2045
2074,2010
2067,2066
2070,2063
2067,2067
2039,2039
2038,2065
2039,2021
2041,2073
2024,2027
2019,2035
2011,2034
2012,2031
1997,2041
1997,2037
1996,2029
2002,2009
1991,2063
1991,2068
1999,2056
1997,2084
2003,2029
1998,2039
1994,2039
1997,2011
1989,2074
2005,2005
1992,2023
2003,2023
2002,2039
2001,2037
2016,2064
2012,2056
2017,2025
2027,1987
2027,1995
2027,2063
2027,2064
2037,2060
2044,2031
2056,2040
2053,2044
2066,2028
2057,2002
2069,2058
2072,2041
2080,2063
2080,2078
2093,2009
2097,2035
2091,1995
2107,2007
2108,2053
2120,2025
2115,2038
2123,2013
2124,2067
2139,2013
2141,2033
2147,2035
2143,2044
2147,2017
2152,2009
2152,2063
2148,2056
2155,2069
2147,2072
2152,2017
2143,2020
2140,2056
2142,2039
2145,2076
2139,2053
2134,2027
2136,2065
2135,2025
2125,2075
2127,2068
2120,2003
2117,2088
2117,2063
2108,2071
2099,2047
2093,2064
2084,2076
2079,2068
2071,2075
2075,2072
2063,2065
2063,2033
2043,2071
2052,2067
2044,2066
2041,2038
2034,2060
2029,2027
2027,2048
2023,2025
2007,2037
2015,2033
2005,2058
2012,2023
2009,2068
2006,2019
1996,2041
2008,2021
2007,2064
1993,2016
1995,2073
2003,2052
2006,2048
2005,2058
2008,2076
2001,2072
2003,2067
2003,2033
2016,2064
2020,2043
2024,2035
2025,1994
2026,2066
2032,2011
2033,2019
2037,2027
2048,2076
2059,2009
2063,2036
2066,2020
2065,2075
2068,2012
2067,2056
2072,2022
2084,2011
2085,2011
2088,1999
2093,2024
2091,2035
2106,2035
2112,2012
2120,2046
2120,2040
2121,2009
2117,2029
2128,2067
2125,2023
2136,2043
2136,2025
2137,2059
2135,2057
2140,2021
2135,2011
2133,2048
2128,2063
2120,2063
2127,2044
2121,2054
2121,2036
2115,2019
2105,2071
2104,2030
2097,2029
2091,2013
2087,2063
2092,2030
2083,2063
2078,2068
2073,2023
2073,2041
2070,2057
2056,2060
2040,2047
2035,2059
2041,2001
2027,2039
2017,2026
2022,2067
2014,2025
2001,2068
2003,2066
1993,2076
1995,2044
1984,2007
1975,2043
1982,2053
1975,2063
1975,2039
1979,2055
1967,2039
1974,2029
1971,2023
1973,2052
1969,2003
1976,2043
1965,2033
1965,2021
1975,2025
1965,2015
1976,2009
1971,2017
1975,2064
1977,2046
1992,2068
1979,2075
1993,2020
1995,2043
2003,2068
2001,1993
2016,2041
2016,2029
2015,2003
2033,2080
2040,1996
2042,2063
2046,2071
2060,2058
2065,2023
2071,2045
2067,2001
2069,2055
2075,2039
2080,2068
2091,2017
2091,2066
2098,2048
2109,2045
2104,2026
2100,2017
2115,2063
2120,2036
2120,2036
2126,2034
2123,2055
2117,1992
2121,2035
2131,2017
2133,2071
2132,2055
2125,2077
2124,2030
2123,2046
2125,2072
2113,2043
2117,2040
2101,2071
2104,2019
2105,2035
2100,2040
2090,2043
2087,2067
2084,1997
2085,2024
2080,2017
2075,2064
2069,2068
2066,2015
2057,2063
2041,2046
2045,2044
2045,2041
2040,2039
2018,2045
2035,2036
2024,2003
2023,2025
2011,2037
2005,2074
2006,2035
1999,2055
1996,2077
1989,2015
1981,2079
1992,2033
1989,2066
1984,2054
1981,2064
1996,2035
1992,2065
1997,2067
1993,1998
1995,2025
2004,2027
2009,2043
1999,2054
2009,2068
2010,2030
2013,2041
2009,2021
2017,2057
2023,2066
2033,2071
2032,2044
2029,2079
2036,2056
2035,2038
2054,2072
2069,2076
2063,2063
2055,2063
2077,2056
2088,2079
2095,2067
2100,2009
2105,2002
2098,1997
2115,2007
2120,1993
2122,2030
2132,2027
2136,2027
2129,2041
2143,2048
2149,2039
2147,2055
2143,2072
2143,2061
2149,2038
2153,2080
2161,2077
2147,2077
2155,2026
2156,2073
2152,2041
2149,2017
2137,2052
2144,2037
2148,2017
2139,2045
2133,2063
2133,2028
2134,2037
2125,2065
2126,2056
2115,2056
2112,2061
2109,2028
2103,2087
2096,2021
2087,2063
2088,2029
2081,2064
2071,2080
2067,2040
2045,2043
2058,2035
2041,2055
2043,2086
2039,2048
2035,2040
2029,2072
2019,2056
2016,1991
2003,2037
2007,2035
1993,2015
2009,2037
1999,2028
2005,2039
2003,2041
1992,2029
1993,2033
1993,2071
1991,2058
1997,2026
1995,2007
1999,2030
1993,2029
1996,2070
2001,2044
2008,1997
2012,2076
2007,2009
2016,2068
2007,2035
2020,2063
2021,2007
2026,2063
2027,2025
2031,2075
2036,2088
2034,2044
2045,2021
2055,2017
2039,2039
2068,2017
2076,2010
2084,2011
2086,2011
2090,2033
2096,2024
2095,2057
2103,2079
2107,2036
2116,2020
2115,2041
2125,2043
2125,2072
2132,2073
2138,2054
2141,2058
2139,2070
2139,2008
2135,1996
2131,2072
2137,2060
2135,2067
2139,2043
2139,2057
2134,2073
2131,2026
2131,2072
2135,2072
2117,2055
2112,2065
2116,2024
2110,2064
2111,2056
2093,2073
2097,2063
2093,2023
2090,2040
2094,2042
2080,2060
2072,2060
2063,2079
2063,2067
2057,2058
2052,2043
2041,2011
2037,2080
2031,2059
2024,2008
2027,2003
2006,2055
2011,2040
2008,2075
2005,2057
2003,2068
1999,2071
1997,2017
1992,2070
1991,2040
1989,2020
1993,2042
1992,2040
1976,2071
1976,2053
1980,2037
1992,2073
1981,2068
1992,2041
1997,2020
2003,2080
2000,2007
1995,2015
1995,2035
2010,2017
2005,2041
2020,1989
2021,2055
2028,2071
2032,2040
2036,2048
2038,2059
2052,2012
2058,2081
2067,2064
2068,2043
2072,2056
2073,2053
2083,2072
2088,2025
2093,2042
2101,2056
2100,2071
2106,2070
2111,2027
2121,2021
2117,2017
2121,2023
2121,2006
2136,2020
2140,2027
2136,2072
2139,2035
2147,2055
2145,2030
2137,2021
2137,2035
2148,2071
2143,2072
2144,2039
2137,2063
2143,2054
2141,2040
2135,2076
2132,2017
2137,2056
2129,2033
2117,2023
2119,2043
2120,2019
2112,2023
2108,1995
2109,2005
2093,2035
2089,2083
2088,2078
2086,2015
2078,2068
2072,2024
2065,2044
2063,2036
2063,2034
2043,2028
2046,2058
2040,2039
2031,2035
2032,2080
2019,2055
2012,2017
2011,2043
2012,2067
2011,2078
2011,2093
2009,2019
1995,2019
2001,2075
1995,2078
1996,2093
2003,2063
2003,2080
2001,2064
2005,2039
1995,2075
2004,2060
2010,2063
2002,2053
2014,2025
2012,2039
2012,2034
2022,2022
2025,2053
2025,2066
2024,2067
2025,2045
2040,2041
2040,2053
2056,2015
2043,2024
2063,2041
2063,2011
2065,2041
2071,2035
2075,2019
2088,2063
2088,2054
2093,2001
2091,2015
2101,2052
2099,2063
2107,2009
2108,2027
2120,2030
2123,2046
2121,2059
2121,2059
2125,2055
2115,2043
2128,1993
2128,2039
2128,2027
2128,2035
2120,2009
2123,2007
2127,2044
2107,2061
2107,2011
2103,2009
2104,2048
2108,2075
2102,2056
2093,2058
2089,2029
2091,2024
2089,2080
2083,2076
2077,2064
2075,2033
2065,2003
2055,2019
2028,2011
2055,2063
2039,2070
2035,2075
2028,2021
2020,2039
2019,2011
2010,2029
2007,2017
2007,2066
1996,2022
1993,2041
1981,2029
1979,2040
1981,2068
1975,2027
1961,2059
1959,2052
1968,2056
1970,2029
1969,2067
1964,2045
1959,2024
1960,2027
1961,2073
1967,2035
1960,2053
1955,2057
1965,2071
1965,2055
1963,2063
1981,2010
1983,2009
1983,2027
1976,2025
1981,2019
1995,2068
2001,2072
2004,2027
2011,2032
2012,2027
2026,2029
2023,2055
2028,2041
2039,2040
2043,2068
2040,2029
2039,2031
2057,1993
2069,2019
2065,2020
2073,2040
2079,2071
2088,2033
2092,2029
2101,2040
2099,1990
2094,2011
2098,2011
2115,2025
2101,2048
2114,2077
2113,2023
2120,2012
2124,2052
2115,2075
2110,2063
2120,2007
2107,2037
2112,2067
2103,2031
2108,2041
2107,2066
2105,2064
2104,2033
2089,2037
2087,2045
2085,2060
2075,2055
2075,2040
2076,2064
2076,2021
2073,2056
2066,2021
2066,2023
2056,2068
2045,2072
2042,2007
2036,2003
2024,2044
2037,2041
2025,2035
2015,2067
2015,2058
2009,2059
2005,2046
2008,2071
1993,2080
1994,2022
1989,2024
1995,2057
1989,2032
1982,2069
1987,2052
1976,2021
1977,2026
1992,2037
1987,2028
1985,2065
1984,2065
1993,2055
1987,2025
1995,2018
1998,2030
2000,2059
2004,2024
2009,2032
2008,2056
2007,2041
2009,2011
2022,2025
2029,2075
2031,2073
2036,2028
2039,2065
2044,2063
2057,2063
2063,2035
2072,2040
2071,2059
2085,2023
2084,2045
2092,2017
2095,2023
2097,2019
2100,2039
2104,2020
2110,2027
2118,2066
2117,2043
2123,2035
2133,2025
2127,2028
2135,2053
2143,2065
2143,2044
2142,2060
2155,2096
2153,2056
2144,2066
2152,2026
2155,2021
2149,2055
2150,2081
2143,2072
2139,2071
2131,2041
2131,2065
2131,2067
2123,2051
2122,2057
2123,2021
2113,2025
2105,2021
2099,2025
2103,2019
2083,2056
2086,2066
2079,2023
2073,2075
2071,2043
2067,2036
2070,2053
2060,2054
2047,2041
2034,2032
2029,2071
2029,2064
2023,2071
2015,2041
2018,2048
2009,2067
2001,2071
1999,2055
1999,2017
2001,2015
1975,2043
1981,2072
1991,2068
1987,2041
1995,2080
1990,2060
1981,2065
1979,2027
1990,2066
1977,2005
1988,2043
1984,2064
1994,2041
1992,2024
2000,2011
2006,2005
1997,2025
2002,2053
2013,2005
2009,2009
2011,2019
2020,2040
2011,2008
2032,2035
2039,2088
2039,2066
2035,2033
2042,2033
2057,2023
2063,2065
2071,2045
2072,2055
2073,2030
2073,2057
2088,2051
2083,2019
2089,2010
2093,2019
2095,2007
2107,2005
2112,2056
2117,2062
2107,2017
2118,2058
2117,2026
2128,2058
2122,1995
2127,2048
2123,2080
2121,2072
2121,2048
2109,2024
2123,2029
2115,2027
2113,2068
2115,2044
2103,2053
2106,2045
2093,2043
2101,2077
2091,2035
2089,2069
2080,2078
2077,2066
2071,2035
2074,2021
2063,2043
2060,2024
2056,2055
2047,2033
2037,2036
2032,2073
2028,2056
2024,2063
2015,1993
2003,2021
2003,2037
1993,2021
2003,2063
1993,2028
1981,2056
1984,2039
1983,2053
1971,2067
1976,2041
1979,2003
1960,2030
1963,2043
1972,2048
1961,2021
1969,2079
1964,2005
1960,2041
1966,2040
1958,2043
1968,2083
1976,2041
1977,2074
1981,2056
1977,2069
1979,1993
1977,2043
2003,2029
1998,2040
2002,2027
2015,2075
2014,2007
2019,2043
2015,2040
2023,2056
2037,2019
2039,2041
2051,2025
2048,2018
2056,2057
2071,2055
2068,2035
2079,2072
2080,2001
2087,2088
2083,2059
2087,2027
2097,2063
2100,2048
2107,2028
2117,2056
2123,2072
2120,1992
2120,2067
2132,2056
2127,2080
2133,2038
2137,2060
2129,2058
2133,2064
2132,1995
2125,2015
2127,2021
2123,2041
2120,2063
2125,2054
2119,2064
2123,2067
2107,2010
2099,2009
2100,2055
2096,2009
2090,2033
2084,2029
2080,2010
2087,2015
2077,2072
2076,2053
2063,2043
2063,2043
2064,2018
2045,2062
2036,2054
2041,2028
2029,2039
2030,2057
2024,2027
2012,2057
2013,2027
2003,2088
2009,2035
1998,2044
1991,2075
1999,2063
2000,2026
1995,2037
1993,2063
1994,2017
1995,2038
1988,2025
1990,2047
1992,2058
1996,2024
2001,2041
1999,2033
1991,2009
1996,2033
2008,2031
2008,2007
1995,2040
2009,2065
2015,2060
2025,2020
2024,2054
2023,1998
2033,2048
2036,2009
2031,2026
2043,2067
2043,2042
2065,2011
2063,2009
2081,2023
2069,2048
2085,2056
2089,2027
2091,2053
2093,2060
2100,2026
2104,2005
2107,2044
2110,2027
2109,2048
2120,2043
2125,2054
2131,2028
2121,2040
2135,2043
2140,2041
2137,2023
2137,2044
2141,2033
2130,2017
2137,2028
2134,2001
2139,2021
2131,2023
2127,2071
2132,2051
2131,2017
2123,2064
2122,2004
2103,2044
2103,2056
2104,2072
2102,2006
2095,2036
2091,2035
2083,2042
2083,2017
2079,2019
2072,2056
2054,2019
2063,2065
2048,2039
2040,2089
2037,2040
2032,2074
2027,2039
2011,2093
2015,2064
2014,2009
2004,2064
2002,2076
2007,2010
2001,2019
1992,2040
1997,2053
1992,2037
1993,2044
1992,2056
1975,2067
1989,2017
1979,2057
1983,2025
1977,2055
1982,2036
1988,2044
1980,2071
1988,2039
1983,2034
1989,2062
1993,2058
2007,2064
1997,2062
1995,2071
2011,2024
2004,2017
2009,2064
2023,2062
2024,2040
2025,2028
2027,2013
2033,2045
2047,2039
2048,2028
2058,2056
2063,2043
2069,2027
2077,2019
2080,2023
2079,2019
2089,2019
2087,2063
2093,2005
2097,2011
2103,2009
2102,2047
2112,2070
2116,2018
2119,2025
2117,2058
2129,2007
2126,2038
2123,2007
2117,2056
2119,2055
2127,2068
2123,2032
2124,2084
2118,2080
2123,2048
2123,2088
2120,2045
2117,2056
2100,2063
2105,2056
2104,2032
2093,2043
2092,2048
2090,2022
2088,2037
2084,2061
2074,2080
2073,2035
2057,2064
2066,2063
2062,2066
2042,2005
2044,2039
2032,2030
2035,2056
2019,2075
2013,2005
2017,2021
1993,2048
2003,1987
2003,2039
2000,2017
1987,2031
1992,2053
1977,2064
1979,2075
1987,2044
1977,2028
1984,2021
1979,2009
1975,2065
1980,2070
1981,2029
1977,2063
1979,1997
1984,2025
1983,2035
1989,2072
1993,2019
1992,2048
1999,2077
1991,2008
2007,2060
2003,2039
2008,2045
2020,2029
2023,2042
2027,2056
2033,2028
2035,2044
2040,2029
2041,2055
2058,2035
2067,2052
2057,2056
2081,2065
2077,2059
2080,2025
2085,2033
2096,2036
2091,2040
2099,2024
2105,2039
2104,2007
2107,2063
2105,2028
2123,2021
2119,1997
2123,2058
2136,2079
2133,2071
2133,2011
2135,2035
2140,2039
2131,2045
2131,2043
2129,2043
2135,2061
2132,2044
2129,2059
2124,2063
2119,2059
2117,2040
2107,2045
2106,2001
2108,2024
2099,2068
2096,2071
2094,2071
2089,2027
2076,2072
2080,2064
2078,2037
2068,2021
2059,2060
2053,2017
2048,2011
2054,2015
2033,2079
2026,2035
2023,2074
2024,2043
2013,2069
2009,2029
2003,2058
2000,2021
1992,2044
1991,2015
1991,2072
1992,2017
1983,2036
1981,2023
1977,2045
1983,2068
1975,2054
1974,2043
1981,2036
1978,2021
1978,2042
1987,2045
1991,2084
1983,2063
1992,2008
1984,2011
1981,2027
2003,2055
2003,2060
2011,2060
2008,2003
2023,2068
2024,2036
2017,2005
2027,2024
2025,2044
2033,2040
2029,2071
2039,2071
2056,2066
2057,2008
2055,2055
2069,2048
2076,2073
2079,2029
2083,2009
2091,2063
2094,2045
2094,2033
2093,2071
2101,2047
2091,2029
2115,2043
2115,2044
2117,2057
2121,2088
2124,2027
2128,2054
2123,2035
2117,2047
2121,2043
2127,2063
2125,2007
2125,2067
2123,2023
2117,2039
2116,2028
2105,2044
2103,2083
2103,2056
2104,2034
2100,2043
2097,2019
2091,2080
2083,2019
2081,2057
2080,2041
2070,2017
2071,2044
2061,2041
2043,2056
2033,2019
2033,2040
2032,2052
2019,2041
2020,2025
2023,2074
2009,2064
2007,2063
2002,2024
1996,2056
1983,2035
1978,2021
1976,2060
1977,2052
1972,2079
1969,2042
1965,2043
1968,2074
1963,2013
1964,2078
1961,2068
1952,2008
1955,2048
1960,2032
1955,2022
1960,2029
1968,2003
1959,2063
1975,2076
1972,2001
1971,2059
1983,2055
1977,2076
1982,2039
1990,2067
1998,2064
2004,2053
2007,2056
2008,2063
2013,2065
2022,2011
2023,2059
2030,2045
2034,2057
2041,2037
2040,2069
2059,2056
2055,2021
2068,2047
2067,2034
2072,2040
2075,2045
2090,2030
2089,2044
2096,2018
2096,2025
2097,2040
2103,2019
2117,2047
2116,2011
2112,2041
2120,2017
2121,2021
2109,2035
2109,2063
2115,2074
2106,2070
2105,2068
2109,2059
2119,2040
2112,2084
2107,2059
2095,2053
2105,2031
2097,2076
2095,2059
2095,2022
2092,2030
2083,2069
2080,2058
2065,2007
2069,2015
2071,2071
2059,2056
2058,2030
2053,2079
2041,2041
2043,2060
2035,2056
2024,2075
2012,2065
2016,2063
2015,2060
2008,2076
1997,2063
2001,2007
1995,2063
1994,2032
1991,2033
1990,2033
1991,2048
1984,2045
1984,2011
1980,2011
1984,2063
1982,2079
1988,2017
1988,2046
1975,2071
1981,2068
1993,2015
1997,2068
2006,2021
2004,2060
2011,2040
2011,2039
2007,2077
2011,2072
2007,2070
2023,2025
2019,2037
2023,2065
2032,2068
2029,2029
2039,2053
2063,2063
2067,2069
2063,2063
2073,2062
2080,2019
2073,2043
2090,2021
2083,2032
2104,2056
2097,2058
2112,2092
2118,2042
2115,2017
2134,2011
2134,2064
2132,2035
2135,2044
2146,2056
2149,2069
2148,2042
2143,2029
2152,1996
2155,2027
2147,2035
2151,2012
2149,2011
2145,2065
2139,2069
2142,2072
2147,2053
2138,2073
2136,2077
2133,2085
2133,2044
2119,2055
2124,2044
2119,2088
2115,2080
2115,2075
2104,2053
2099,2069
2096,2077
2089,2029
2075,2055
2078,2063
2069,2031
2071,2013
2056,2038
2055,2067
2043,2007
2040,2064
2037,2044
2039,2059
2031,2075
2019,2030
2010,2027
2009,2040
2010,2048
2010,2065
2003,2053
1999,2023
1996,1993
1992,2053
1999,2072
2002,2036
1997,2071
1996,2066
2006,2027
2005,2025
2001,2029
2007,2039
2005,2023
2007,2039
2013,2060
2016,2018
2017,2007
2024,2013
2018,2023
2023,2072
2025,2008
2025,2027
2043,2063
2048,2029
2037,2071
2053,2007
2059,2044
2067,2040
2071,2069
2079,2028
2084,2043
2088,2007
2087,2053
2087,2057
2100,2043
2103,2071
2105,2085
2112,2067
2117,2032
2108,1997
2115,2027
2128,2044
2130,2063
2131,2035
2127,2053
2135,2041
2136,2071
2139,2019
2127,2043
2131,2044
2125,2044
2123,2015
2122,2055
2128,2038
2127,2076
2119,2027
2112,2012
2109,2030
2107,2071
2103,2053
2100,2028
2091,2060
2083,2056
2079,2042
2077,2055
2069,2038
2065,2068
2065,2031
2066,2013
2041,2019
2043,2063
2039,2021
2025,2080
2025,2038
2017,2029
2016,2011
2015,2020
2005,2025
2011,2075
2003,2033
1991,2077
1976,2066
1979,2073
1982,2075
1975,2079
1979,2058
1969,2056
1971,2068
1973,2066
1973,2066
1975,2059
1963,2033
1977,2003
1980,2058
1987,2063
1979,2012
1980,2025
1971,2027
1989,2066
1995,2088
2001,2026
1992,2011
2007,2009
2007,2027
2001,2063
2016,2032
2019,2010
2017,2021
2035,2079
2033,2027
2033,2053
2053,2052
2057,2055
2061,2088
2057,2063
2072,2039
2078,2026
2076,2040
2077,2048
2088,2069
2100,2024
2104,2015
2097,2004
2112,1999
2105,2058
2107,2092
2120,2032
2129,2066
2124,2066
2133,2023
2123,2011
2121,2065
2133,2025
2122,2069
2132,1991
2124,2002
2126,2025
2117,2043
2123,1995
2122,2038
2118,2039
2112,2020
2107,2072
2110,2080
2096,2055
2099,2023
2088,2065
2087,2071
2077,2073
2079,2088
2076,2011
2068,2037
2055,2070
2060,2020
2057,2051
2035,2055
2039,2025
2029,2053
2027,2022
2024,2063
2017,2074
2011,2040
2010,2041
2008,2020
2000,2064
2005,2030
1981,2033
1980,2041
1994,2035
1993,2056
1984,2042
1981,2027
1979,2066
1984,2019
1984,2088
1979,2067
1984,2025
1995,1999
1992,2037
1989,2030
1987,2075
1995,2089
1999,2035
2001,2039
2001,2035
2018,2044
2018,2072
2011,2065
2022,2027
2029,2058
2029,2075
2033,2063
2045,2044
2040,2029
2057,2025
2068,2045
2065,2039
2073,2053
2087,2005
2083,2021
2091,2040
2087,2033
2101,2037
2103,2069
2103,2080
2113,2026
2117,2015
2127,2023
2123,2035
2129,2063
2125,2053
2125,2063
2136,2029
2136,2040
2133,2040
2150,2023
2145,2007
2143,2069
2144,2063
2148,2037
2138,1995
2137,2043
2138,2007
2135,2064
2130,2037
2117,2034
2121,2026
2112,2043
2116,2064
2114,2011
2109,2036
2097,2057
2092,2064
2090,2031
2086,2035
2078,1997
2065,2060
2067,2058
2060,2017
2055,2019
2040,2035
2039,2054
2027,2066
2025,2066
2024,2056
2023,2028
2007,2023
2009,2017
2000,2057
2003,2058
1993,2051
1990,2060
1993,2080
1981,2046
1987,2017
1982,2036
1978,2042
1965,2044
1978,2053
1977,2063
1973,2064
1980,2021
1983,2065
1980,2040
1981,2066
1988,2029
1995,2055
1997,2007
1995,2047
2001,2053
2003,2051
1993,2033
2011,2056
2013,2036
2023,2061
2020,2063
2025,2055
2026,2037
2025,2041
2045,2029
2047,2025
2055,2033
2071,2058
2072,2011
2071,2058
2079,2056
2086,2005
2089,2022
2086,2008
2093,2039
2103,2042
2106,2026
2103,2048
2107,2012
2112,2039
2124,2035
2124,2029
2129,2040
2129,2061
2131,2037
2134,2044
2123,2055
2137,2055
2133,2040
2127,2003
2124,2036
2126,2035
2126,2028
2125,2041
2109,2063
2105,2019
2110,2001
2112,2028
2090,2043
2100,2082
2099,2037
2086,2056
2096,2021
2080,2019
2075,2018
2063,2041
2071,2036
2063,2034
2060,2021
2053,2017
2039,2053
2043,2080
2029,2023
2027,2073
2028,2015
2011,2055
2012,2071
2010,2036
2001,2008
1993,2072
1999,2055
2001,2060
1996,2023
1987,2070
1993,2056
1995,2063
1982,2025
1981,2072
1984,2029
1991,2082
1984,2019
1996,2048
1989,2053
1982,2063
2000,2021
1996,2011
2003,2021
1995,2039
2011,2021
2022,2032
2021,2035
2023,2071
2028,2063
2035,2058
2035,2058