2141,2039
2152,2031
2148,2089
2140,2011
2151,2026
2148,1995
2144,2025
2140,2015
2135,2037
2137,2041
2135,2001
2125,2029
2127,2021
2123,2035
2107,2063
2104,2066
2112,2057
2111,2072
2099,2041
2087,2063
2088,2011
2088,2030
2071,2039
2073,2047
2079,2015
2072,2007
2058,2047
2056,2006
2044,2037
2035,2060
2032,2052
2028,2041
2023,2025
2023,2037
2009,2056
2011,2042
2008,2011
2004,2059
2003,2035
1996,2008
1992,2065
1996,2071
2001,2060
1995,2003
1997,2063
1995,2033
1994,2075
1998,2068
1999,2038
1993,2059
2000,2075
2000,2053
1997,2063
2013,2041
2013,2023
2016,2004
2017,2065
2024,2073
2023,2023
2029,1995
2028,2036
2037,2045
2056,2024
2053,2029
2058,2065
2073,2064
2063,2075
2073,2019
2077,2021
2085,2017
2094,2017
2088,2043
2091,2063
2093,2028
2113,2027
2121,2063
2103,2075
2117,2064
2131,2035
2129,2072
2131,2063
2136,2063
2135,2019
2125,2056
2135,2040
2147,2033
2146,2069
2138,2009
2141,2023
2135,2022
2138,2048
2139,2011
2126,2034
2127,2068
2120,2056
2124,2077
2117,2033
2117,2028
2103,2024
2101,2041
2103,2039
2102,2040
2091,2063
2087,2068
2085,2080
2076,2066
2075,2056
2064,2039
2063,2071
2043,2040
2035,2076
2025,2071
2029,2062
2039,2063
2030,2023
2023,2068
2016,2027
2007,2024
2009,2025
2002,2051
2000,2017
1995,2021
1991,2043
1984,2067
1992,2002
1984,2066
1976,2055
1977,2035
1974,2072
1973,2057
1984,2027
1990,2023
1981,2065
1988,2030
1989,2025
1991,2088
1993,2077
2001,2019
1996,2043
2007,2040
2010,2025
2007,2061
2017,2064
2023,2003
2027,2052
2036,2058
2033,2009
2042,2036
2043,2071
2063,2091
2060,2073
2057,2065
2068,2012
2073,2011
2073,2017
2081,2005
2090,2039
2099,2035
2102,2043
2102,2072
2110,2059
2112,2039
2119,2028
2119,2017
2125,2054
2128,2063
2120,2013
2120,2031
2130,2028
2136,2015
2129,2011
2140,2066
2136,2064
2125,2029
2136,2076
2136,2024
2133,2077
2124,2011
2128,2037
2124,2023
2120,2043
2119,2075
2106,2048
2098,2038
2099,2024
2091,2044
2089,2053
2091,2001
2087,2039
2073,2025
2069,2068
2073,2035
2055,2039
2060,2036
2044,2038
2037,2072
2037,2063
2029,2057
2027,2039
2025,2005
2019,2027
2008,2040
2013,2063
2011,2031
2008,2067
2007,2073
1999,2075
2003,2029
1993,2017
1993,2021
1996,2072
1997,2080
1993,2037
1996,2058
1993,2058
1993,2063
2000,2075
2002,2068
2004,2056
1999,2023
2005,2056
2003,2070
2003,2029
2015,2059
2015,2062
2024,2065
2023,2019
2024,2024
2040,2071
2040,2019
2055,2029
2056,2071
2066,2071
2071,2057
2065,2074
2079,2019
2083,2011
2085,2056
2085,2045
2089,2027
2088,2041
2100,2017
2104,2019
2107,2067
2113,2029
2112,2036
2128,2030
2129,2011
2132,2023
2127,2035
2132,2025
2135,2057
2140,2036
2141,2056
2141,2063
2129,2079
2139,2003
2137,2056
2127,2067
2127,2029
2125,2011
2130,2075
2126,2005
2127,2071
2120,2035
2115,2034
2115,2057
2106,2063
2104,2053
2096,2043
2095,2037
2085,2059
2083,2073
2078,2036
2069,2095
2071,2017
2063,2069
2047,2001
2041,2058
2029,2024
2035,2017
2028,2057
2027,2019
2011,2075
2015,2072
2008,2067
2011,2059
1999,2064
2001,2067
1999,2039
1995,2073
1997,2044
1992,2047
1990,2024
1983,2033
1971,2075
1973,2021
1979,2055
1976,2057
1977,2077
1988,2030
1975,2024
1996,2058
1998,2015
1993,2065
1997,2059
2005,2027
2006,2038
2009,2011
2013,2063
2017,2057
2024,2011
2023,2063
2031,2075
2031,2040
2027,2041
2037,2037
2041,2063
2063,2048
2065,2056
2063,2035
2076,2047
2077,2021
2085,2039
2085,2044
2091,2039
2097,2037
2103,2036
2106,2007
2099,2048
2112,2061
2119,1995
2119,2007
2128,2017
2122,2058
2127,2025
2125,2044
2135,2044
2135,2062
2136,2068
2135,2063
2123,2066
2135,2027
2128,2040
2123,2027
2125,2068
2120,2023
2123,2035
2115,2035
2104,2057
2116,2036
2104,2031
2100,2015
2092,2011
2095,2067
2086,2057
2080,2054
2075,2055
2076,2069
2067,2072
2063,2062
2057,2059
2041,2080
2054,2001
2036,2009
2029,2041
2028,2007
2018,2027
2007,2071
2005,2058
2004,2068
2002,2046
2004,2070
1996,2040
1993,2075
1985,2034
1993,2019
1987,2041
1987,2071
1977,2023
1987,2066
1983,2004
1990,2017
1981,2029
1982,2024
1985,2056
1987,2042
1987,2035
1997,2062
1995,2042
2004,2007
2009,2056
1999,2020
2017,2039
2016,2039
2020,2015
2019,2036
2032,2075
2039,2037
2040,2068
2051,2041
2052,1995
2053,2031
2066,2009
2074,2019
2083,2027
2080,2035
2089,2061
2083,2029
2092,2012
2104,2025
2107,2036
2110,2044
2107,2009
2120,2069
2120,2055
2125,2033
2130,2072
2127,2048
2125,2022
2125,2067
2135,2030
2135,2015
2139,2045
2140,2044
2139,2059
2133,2025
2136,2077
2133,2017
2132,2023
2133,1987
2125,2023
2127,2009
2120,2046
2104,2029
2108,2035
2111,2040
2107,2056
2093,2071
2096,2042
2087,2065
2081,2056
2076,2041
2067,2042
2069,2057
2068,2060
2063,2029
2057,2028
2039,2044
2028,2059
2032,1989
2023,2024
2027,2001
2018,2067
2008,2063
2007,2055
2007,2054
1995,2029
1994,2025
1999,2074
1992,2060
1971,2056
1993,2076
1993,2029
1987,2067
1987,2038
1993,2027
1987,2045
1987,2029
1991,2063
1991,2041
1993,2057
1999,2053
2008,2031
2006,2023
2011,2039
2011,2011
2010,2034
2023,2058
2024,2017
2028,2034
2033,2046
2024,2053
2039,2035
2052,2026
2063,2072
2063,2025
2058,2027
2076,2063
2080,2064
2079,2035
2083,2035
2090,2009
2100,2071
2093,2018
2100,2072
2118,2080
2120,2056
2124,2034
2127,2072
2131,2027
2137,2035
2135,2053
2138,2023
2137,2041
2136,2056
2141,2021
2139,2029
2139,2003
2144,2080
2139,2043
2133,2073
2136,2025
2135,2025
2140,2059
2132,2039
2124,2041
2124,2025
2117,2029
2119,2008
2108,2039
2107,2043
2092,2071
2097,2033
2097,2075
2095,2071
2087,2066
2077,2063
2078,2007
2068,2023
2067,2066
2045,2080
2055,2024
2052,2068
2034,2027
2029,2023
2028,2021
2020,2055
2009,2068
2010,2027
2009,2030
2003,2005
1995,1997
1993,2065
1991,2030
1997,2040
2001,2054
1995,2025
1994,2035
1993,2040
1992,2072
1996,2043
1993,2040
1996,2068
1998,2017
2003,2007
1993,2065
1993,2031
1999,2047
2010,2040
2017,2033
2016,2044
2024,2071
2023,2033
2025,2057
2029,2035
2040,2052
2043,2065
2041,2041
2040,2053
2055,2029
2072,2068
2071,2056
2075,2030
2072,2040
2080,2044
2089,2045
2085,2027
2101,2072
2104,2029
2103,2041
2111,2017
2120,2040
2119,2055
2119,2056
2128,2064
2128,2039
2129,2045
2123,2011
2137,2011
2141,2056
2132,2004
2134,2041
2132,2035
2136,2041
2131,2024
2129,2027
2125,2071
2135,2025
2125,2044
2119,2038
2107,2028
2117,2071
2112,2012
2105,2053
2107,2064
2099,2043
2093,2069
2088,2057
2075,2007
2082,2003
2074,2063
2057,2053
2066,2056
2057,2035
2039,2047
2029,2067
2028,2069
2018,2064
2021,2023
2017,2023
2015,2064
2014,2027
2006,2018
1997,2069
2000,2034
1993,2068
1994,2067
1992,2063
1991,2005
1995,2060
1981,2051
1976,2043
1985,2027
1992,2059
1988,2063
1989,2029
1993,2056
1975,1981
1987,2044
1992,2023
2002,1992
2008,2071
2004,2033
2011,2011
2015,2030
2021,2007
2016,2055
2020,2057
2025,2035
2032,2044
2040,2021
2056,2037
2043,2048
2057,2013
2063,2023
2072,2070
2072,2061
2068,2055
2081,2029
2085,2023
2094,2012
2099,2060
2102,2010
2107,2033
2101,2023
2112,2072
2120,2028
2127,2044
2124,2053
2125,2039
2128,2064
2135,2052
2141,2037
2135,2068
2133,2057
2131,2051
2125,2055
2139,2021
2132,2077
2135,2042
2134,2077
2123,2074
2124,2011
2129,2052
2115,2007
2107,2023
2097,2045
2115,2026
2107,2058
2091,2079
2100,2078
2095,2065
2089,2019
2079,2080
2073,2066
2068,2063
2069,2035
2061,2038
2043,2023
2043,2010
2035,2010
2032,2064
2036,2009
2024,2007
2011,2017
2005,2075
2002,2029
2004,2056
2007,2037
2008,2044
1999,2005
2001,2021
1995,2041
1993,2037
1993,2072
1995,2077
1994,2080
1995,2078
1997,2063
1999,2058
1994,2023
1998,2011
1998,2039
2011,2075
1997,2019
2014,2035
2009,2009
2015,2019
2009,2063
2019,2067
2019,2067
2029,2008
2032,2060
2029,2023
2044,2029
2056,2020
2063,2038
2057,2035
2071,2027
2069,2019
2080,2064
2087,2043
2093,2033
2096,2072
2095,2056
2091,2019
2109,2021
2115,2005
2108,2015
2122,2015
2124,2056
2131,2044
2121,2045
2139,2053
2136,2080
2136,2039
2144,2012
2143,2005
2146,2031
2149,2005
2147,2006
2140,2077
2137,2022
2125,2039
2123,2043
2135,2001
2128,2033
2127,2042
2117,2055
2123,2065
2112,2048
2112,2075
2115,2023
2097,2025
2103,2048
2100,2040
2097,2028
2088,2043
2081,2043
2066,2063
2072,2068
2066,2068
2055,2052
2055,2075
2044,2024
2046,2063
2040,2070
2031,2076
2023,2048
2019,2059
2021,2024
2011,2040
2007,2063
2001,2018
2008,2041
2008,2068
2008,2021
1997,2027
1997,2043
2004,2041
2007,2072
2001,2040
1998,2044
2009,2036
2007,2028
1996,2011
2009,2056
2017,2033
2010,2027
2016,2071
2020,2040
2011,2060
2019,2011
2023,2009
2032,2044
2033,2043
2041,2071
2033,2039
2053,2023
2056,2080
2053,2039
2069,2022
2068,2071
2072,2048
2076,2065
2081,2024
2077,2031
2085,2035
2091,2007
2093,2036
2100,2042
2106,2037
2107,2065
2113,2055
2109,2064
2121,2055
2117,2007
2119,2023
2126,2011
2127,2025
2125,2024
2139,2064
2134,2053
2135,2062
2128,2064
2128,2038
2132,2025
2125,2040
2136,2011
2117,2021
2119,2029
2123,2054
2117,2073
2112,2021
2107,2017
2091,2033
2094,2069
2090,2071
2091,2077
2090,2053
2084,2035
2078,2003
2073,2020
2072,2088
2067,2059
2055,2025
2045,2067
2041,2026
2038,2037
2035,2021
2035,2039
2027,2085
2010,2047
2018,2053
2003,2042
2008,2035
2001,2059
1991,2073
2000,2063
1996,2029
1991,2031
1988,2071
1995,2023
1987,2063
1981,2043
2001,2065
1994,2030
1989,2087
1995,2056
1992,2033
2005,2057
2008,2056
2001,2057
2008,2026
2013,1993
2020,2017
2015,2012
2020,2048
2031,2070
2025,2039
2032,2055
2035,2027
2035,2052
2057,2025
2063,2037
2058,2022
2057,2028
2065,2027
2072,2042
2083,2064
2087,2058
2089,2039
2088,2021
2105,2080
2105,2039
2105,2057
2120,2057
2123,2066
2135,2026
2123,2056
2139,2053
2135,2035
2140,2036
2144,2037
2145,2060
2151,2071
2143,2017
2153,2060
2150,2063
2146,2059
2144,2068
2145,2081
2149,2025
2147,2063
2136,2019
2125,2088
2140,2057
2127,2074
2132,2025
2126,2070
2121,2090
2116,2038
2112,2075
2112,2065
2093,2064
2096,2031
2095,2023
2094,2020
2083,2027
2080,2036
2076,2060
2071,2035
2059,2057
2059,2063
2056,2063
2044,1992
2053,2023
2033,2041
2025,2024
2017,2091
2021,2065
2015,2064
2015,2055
2011,2063
2015,2063
2009,2032
2005,2076
2013,2039
2011,2023
2008,2013
2007,2038
2007,2044
2008,2043
2003,2043
2003,2060
2007,2084
2011,2088
2015,2067
2015,2035
2019,2009
2030,2021
2027,2059
2027,2052
2031,2025
2029,2068
2055,2063
2057,2044
2061,2027
2063,2011
2065,2022
2063,2039
2083,2033
2085,2065
2085,2056
2087,2045
2089,2041
2097,2004
2104,2026
2099,2029
2107,2028
2108,2019
2117,2061
2131,2063
2136,2064
2125,2035
2139,2071
2143,2080
2140,2048
2137,2041
2150,2028
2153,2054
2137,2037
2152,2080
2143,2021
2144,2032
2141,2071
2140,2041
2143,2035
2125,2003
2130,2071
2131,2055
2125,2068
2119,2062
2106,2015
2108,2055
2120,2080
2101,2063
2089,2041
2101,2059
2096,2042
2091,2060
2080,2056
2083,2075
2077,2047
2063,2064
2056,2059
2043,2063
2040,2043
2035,2021
2034,2028
2033,2055
2016,2011
2024,2035
2016,2035
2014,2088
1999,2043
2001,2019
1999,2058
1998,2072
1997,2043
1992,2024
1997,2044
1994,2072
1984,2041
1996,2021
1993,2040
1988,2056
1995,2019
1996,2021
1993,2072
2003,2058
2005,2018
2009,2038
2004,2042
2003,2055
2007,2019
2015,2031
2023,2021
2019,2047
2021,2063
2031,2079
2035,2021
2051,2048
2056,2017
2061,2017
2063,2040
2067,2087
2067,2060
2077,2040
2084,2063
2095,2009
2093,2056
2089,2028
2093,2044
2100,2058
2105,2039
2112,2039
2125,2048
2121,2057
2118,2069
2116,2029
2124,1996
2132,2027
2133,1997
2131,2053
2127,2045
2125,2063
2132,2019
2131,2023
2121,2027
2121,2011
2121,2039
2115,2067
2114,2066
2113,2027
2112,2068
2103,2063
2097,2023
2088,2067
2088,2035
2090,2057
2090,2047
2078,2041
2075,2057
2076,2063
2067,2044
2060,2027
2056,2023
2044,2075
2039,2064
2039,2068
2032,2056
2030,2040
2019,2033
2012,2056
2015,2048
2010,2065
2008,2004
2008,2088
1993,2079
2003,2069
1995,2065
1991,2052
1997,2079
1996,2034
1991,2030
1992,2023
2003,2021
1993,2062
2011,2012
1997,2065
2002,2041
2003,2060
2003,1993
2008,2068
2008,2062
2010,2048
2014,2028
2013,2067
2024,2077
2032,2041
2034,2013
2036,2058
2043,2046
2039,2009
2057,2040
2066,2072
2063,2044
2067,2011
2080,2048
2072,2029
2086,2033
2092,1989
2087,2029
2092,2037
2104,2068
2104,2019
2101,2039
2119,2019
2121,2025
2125,2024
2126,2035
2125,2040
2135,2003
2139,2060
2141,2072
2133,2044
2139,2043
2144,2046
2139,2032
2141,2040
2144,2032
2144,2013
2136,2025
2135,2066
2140,2017
2133,2043
2133,2064
2139,2063
2130,2065
2128,2069
2112,2073
2105,2058
2112,2017
2112,2051
2097,2020
2097,2021
2087,2059
2082,2023
2089,2055
2087,2030
2073,2056
2073,2044
2075,2034
2067,2070
2058,2015
2055,2044
2037,2063
2039,2073
2040,2063
2027,2044
2029,2067
2023,2059
2011,2065
2009,2061
2012,2056
2009,2047
2011,2048
2007,2048
2015,2040
2008,2022
1999,2080
1997,2041
2012,2055
2008,2068
2005,2063
2011,2067
2007,2011
2019,2071
2012,2033
2016,2048
2024,2080
2027,2029
2029,2011
2035,2011
2037,2040
2040,2047
2047,2017
2051,2024
2041,2088
2063,2031
2066,2039
2075,2071
2077,2009
2080,2039
2089,2065
2096,1997
2096,2035
2103,2029
2100,2025
2115,2021
2118,2059
2125,2021
2136,2040
2123,2035
2134,2033
2131,2057
2131,2041
2139,2072
2140,2019
2139,2047
2136,2045
2148,2053
2152,2080
2151,2067
2144,2079
2150,2065
2152,2036
2143,2072
2147,2034
2141,2063
2143,2044
2131,2052
2135,2025
2138,2063
2131,2017
2129,2068
2116,2017
2117,1979
2105,2048
2108,2007
2102,2040
2092,2042
2084,2063
2073,2030
2080,2028
2076,2027
2059,2063
2063,2035
2040,2053
2059,2080
2039,2075
2043,2061
2033,2055
2032,2019
2022,2029
2023,2046
2011,2028
2016,2025
2016,2007
2016,2039
2014,2028
2007,2072
2012,2052
2007,2063
2002,2056
2008,2023
1991,2038
2005,2080
2006,2017
2003,2021
2017,2045
2003,2033
2015,2017
2016,2073
2019,2071
2023,2073
2027,2067
2030,2053
2040,2028
2027,2025
2043,2023
2044,2023
2061,2001
2043,2047
2063,2048
2063,2029
2071,2025
2071,2033
2079,2025
2083,2072
2103,2038
2101,2006
2104,2031
2108,1995
2118,2077
2115,2027
2125,2021
2127,2067
2137,2064
2131,2063
2149,2063
2152,2066
2147,2011
2140,2056
2152,2024
2145,2052
2160,1993
2152,2007
2149,2056
2149,2088
2157,2074
2155,2019
2151,2005
2144,2056
2135,2043
2137,2036
2124,2035
2135,2046
2125,2030
2118,2089
2119,2072
2116,2039
2119,2045
2101,2072
2100,2007
2102,2063
2096,2058
2087,2058
2080,2066
2069,2036
2067,2041
2057,2059
2043,2046
2047,2048
2031,2032
2032,2007
2019,2063
2017,2035
2019,2063
2007,2087
2003,2079
2008,2091
1996,2088
2007,2048
1998,2007
2004,2073
1997,2008
1997,2012
1997,2069
2000,2059
2003,2045
2000,2023
2003,2027
2008,2004
1999,2064
2003,2083
2001,2045
2008,2071
2004,2032
2007,2033
2009,2007
2024,2066
2019,2077
2023,2055
2025,2035
2039,2028
2046,2046
2044,2035
2066,2056
2067,2032
2071,2072
2084,2007
2082,2035
2086,2005
2088,2068
2091,2045
2101,2040
2099,2065
2108,2053
2105,2072
2115,2072
2127,2039
2132,2028
2136,1989
2133,2021
2145,2039
2151,2044
2138,2063
2147,2063
2155,2040
2151,2039
2147,2025
2148,2067
2157,2048
2144,2072
2148,2020
2152,2088
2140,2073
2141,2057
2135,2064
2129,2052
2132,2028
2131,2079
2118,2080
2121,2095
2119,2039
2103,2039
2101,2073
2097,2025
2088,2056
2087,2053
2078,2012
2069,2059
2071,2036
2065,2076
2045,2025
2040,2029
2040,2056
2033,2027
2024,2055
2022,2012
2015,2053
2015,2021
2006,2021
2003,2015
2000,2080
2004,2059
2000,2054
1996,2053
1993,2043
1992,2037
1997,2027
1989,2075
1977,2056
1984,2023
1989,2011
1984,2033
1981,2040
1979,2036
1986,2043
2006,2026
2000,2079
2005,2010
2007,2027
2007,2032
2008,2053
2012,2029
2027,2036
2025,1999
2027,2029
2027,2060
2038,2071
2040,2039
2054,2044
2065,2072
2065,1995
2068,2030
2082,2009
2083,2029
2087,2013
2087,2060
2095,2077
2101,2008
2107,2003
2103,2020
2116,2072
2124,2060
2129,2071
2129,2055
2128,2009
2123,2038
2133,2025
2135,2081
2138,2019
2133,2034
2121,1998
2139,2063
2136,2018
2131,2039
2133,2025
2140,2027
2132,2063
2121,2007
2119,2053
2132,2039
2117,2038
2117,2006
2117,2056
2109,2036
2111,2011
2100,1999
2100,2039
2089,2053
2083,2008
2078,2025
2073,2027
2063,2007
2059,2064
2063,2075
2043,2029
2040,2076
2040,2082
2032,2056
2032,2069
2025,2017
2019,2063
2012,2034
2014,2033
1999,2041
1995,2040
1997,2054
1992,2007
1990,2036
1995,1991
1995,2088
1993,2056
1996,2033
1987,2089
1993,2071
1997,2053
1994,2027
2000,2043
2000,2037
2007,2076
2003,2020
2003,2060
2015,2061
2006,2065
2020,2068
2016,2044
2023,2056
2027,2027
2035,2029
2029,2056
2039,2043
2043,2015
2043,2029
2071,2062
2066,2068
2069,2033
2078,2072
2078,2067
2089,2017
2097,2022
2089,2059
2099,2009
2107,2012
2108,2032
2106,2028
2108,2032
2124,2060
2128,2041
2132,2045
2129,2015
2147,2007
2140,2075
2148,2067
2149,2035
2148,2046
2152,2040
2139,2072
2154,2054
2135,2063
2153,2028
2145,1995
2135,2025
2141,2023
2138,2040
2135,2072
2132,2053
2119,2036
2115,2063
2109,2066
2102,2043
2107,2038
2106,2010
2094,2037
2090,2071
2089,2071
2092,2037
2081,2031
2077,2037
2074,2063
2069,2025
2059,2055
2060,2061
2043,2059
2041,2063
2040,2032
2025,2001
2039,2005
2020,2025
2011,2029
2017,2019
2009,2059
2015,2048
2012,1991
2011,2033
2009,2035
2005,2072
2008,2015
2008,2088
1999,2087
1995,2037
2007,2080
1997,2096
2007,2080
2003,2051
2014,2030
2005,2040
2009,2019
2024,2042
2025,2033
2033,2012
2035,2032
2038,2040
2044,2028
2041,2039
2055,2053
2054,2018
2058,2076
2073,2055
2080,2088
2077,2039
2075,2025
2088,2042
2088,2013
2091,2074
2101,2047
2112,2026
2111,2063
2125,2043
2125,2077
2131,2053
2137,2057
2136,2063
2147,2068
2148,2074
2149,2045
2147,2059
2151,2007
2151,1999
2167,2077
2168,2015
2163,2024
2157,2069
2156,2045
2163,2027
2161,2059
2151,2009
2155,2023
2152,2071
2152,2088
2152,2044
2141,2056
2131,2057
2131,2027
2121,2021
2126,2077
2123,2044
2111,2051
2107,2052
2099,2087
2088,2045
2093,2019
2081,2009
2084,2035
2076,2033
2072,2057
2069,2094
2063,2056
2060,2063
2047,2091
2040,2011
2040,2036
2028,1971
2025,2057
2023,2023
2020,2029
2015,2056
2013,2035
2008,2063
2011,2067
2003,2076
2007,2068
2003,2065
2001,2066
2009,2053
2008,2072
2001,2072
2011,2042
2008,2007
2016,2059
2018,1991
2001,1993
2011,2072
2019,2048
2024,2026
2025,2036
2029,2022
2032,2056
2041,2072
2052,2057
2059,2039
2059,2019
2065,2043
2066,1979
2079,2043
2067,2015
2077,2055
2089,2019
2085,2065
2097,2074
2104,2074
2106,2038
2108,2008
2124,1997
2120,1976
2123,2030
2132,2032
2143,2048
2141,2079
2140,2052
2137,2089
2139,2067
2147,2043
2145,2053
2157,2061
2150,2059
2153,2023
2144,2077
2152,2035
2148,2007
2139,2029
2139,1965
2131,2017
2130,2024
2137,2068
2127,2048
2123,2003
2119,2011
2126,2000
2120,2023
2110,2057
2096,2088
2089,2085
2095,2090
2088,2080
2077,2025
2069,2007
2043,1979
2060,2031
2044,2044
2046,2081
2044,2047
2031,2045
2030,2033
2023,2048
2019,1973
2008,1995
2011,2063
2009,2071
2009,2048
1997,2039
1992,2028
2001,2039
1997,2063
1997,2054
2005,2080
1984,2043
1991,2063
1999,2045
1970,1996
1995,2009
1989,2041
1989,2035
1995,2018
1998,2061
1995,2080
2012,2056
2008,2088
2009,2083
2017,2079
2021,2047
2023,2056
2024,2036
2039,2039
2035,2027
2052,1993
2038,2031
2051,2021
2061,2044
2070,1971
2076,2074
2069,2045
2083,2043
2071,2033
2088,1996
2103,2080
2091,2063
2107,2037
2108,2067
2109,1995
2124,1981
2123,2062
2133,2088
2129,2071
2131,2025
2145,2071
2135,2044
2141,1996
2139,2041
2145,2015
2143,2035
2143,2067
2142,2027
2148,2039
2139,2046
2135,2067
2144,2037
2129,2039
2136,2032
2123,2072
2115,1981
2120,2030
2106,2068
2106,1993
2108,2031
2104,2011
2099,2109
2092,2063
2079,2084
2080,2039
2079,2057
2066,2029
2063,2068
2063,2017
2051,2056
2063,1998
2035,2008
2028,2057
2027,2068
2015,2065
2023,2041
2010,2063
1995,2020
2009,1977
2008,2078
1987,1977
1995,2008
1991,2044
1988,2096
1991,2087
1992,2076
1992,2069
1995,2019
2000,2042
1996,2026
2003,2019
1992,2069
1998,1995
2003,2085
2009,2042
2008,2017
2007,2037
2015,2011
2018,2070
2012,2041
2018,1977
2027,2029
2023,2088
2043,2005
2034,2083
2043,2039
2060,2044
2069,2024
2065,2025
2071,2023
2076,2023
2091,2019
2099,2015
2096,2041
2105,2084
2107,2035
2111,2054
2115,2018
2120,2024
2129,2025
2131,2043
2131,2044
2146,2043
2136,2025
2140,2029
2145,2078
2143,2055
2155,2072
2154,2039
2149,2057
2145,1996
2147,2016
2152,2063
2143,2065
2139,2038
2140,2055
2137,2015
2140,2107
2136,2027
2133,2009
2135,2037
2127,2078
2119,2092
2119,2108
2112,2104
2107,2066
2107,2017
2093,2001
2096,2004
2081,2043
2088,2009
2076,2009
2069,2071
2053,2048
2057,2020
2041,2037
2043,2041
2046,2064
2040,2023
2035,2075
2034,2020
2023,2078
2028,2033
2022,2080
2020,2076
2024,2033
2014,2088
2013,2011
2016,2036
2015,2040
2009,2072
2013,2088
2015,2043
2001,2040
2005,2043
2003,2059
2008,2063
2014,2038
2015,2058
2023,2029
2021,2024
2023,2048
2028,2066
2040,2088
2035,2041
2048,2007
2055,1977
2053,2032
2069,2043
2070,2021
2076,2009
2076,2038
2080,2096
2088,2044
2088,2040
2087,2041
2092,1992
2093,2023
2103,2012
2115,2005
2102,2037
2125,2063
2125,2011
2131,2036
2136,1997
2133,2045
2152,1993
2139,2063
2137,2056
2144,2063
2147,2042
2157,2023
2148,2054
2145,2025
2149,2025
2152,2037
2151,2039
2147,2021
2151,1961
2147,2008
2149,2029
2134,2033
2139,2067
2129,2057
2129,2099
2130,2052
2124,2029
2122,2051
2120,2057
2108,2080
2101,2056
2097,2064
2094,2067
2096,2071
2084,1996
2083,2069
2068,2003
2063,2029
2071,2039
2063,2096
2046,2079
2055,2019
2043,2088
2051,2076
2029,2029
2019,2063
2020,2081
2011,2019
2011,2037
2013,2032
2018,2001
2009,2065
2014,2063
2015,2023
2011,2056
2011,2053
2010,2063
2003,2085
2012,2039
2015,2042
2024,2079
2018,2071
2016,2075
2023,2056
2029,2069
2027,2036
2025,2026
2041,2037
2045,2067
2043,2063
2045,2043
2055,2017
2060,2021
2071,2081
2072,2093
2069,2039
2082,2011
2083,2009
2093,2075
2099,2075
2096,2038
2109,2060
2116,2021
2109,2054
2122,2028
2128,2025
2133,2039
2135,1993
2137,2039
2140,2056
2136,2017
2152,2017
2147,2028
2155,2004
2152,2037
2152,2098
2152,2040
2147,2056
2153,2035
2153,2046
2146,2027
2156,2007
2152,2029
2139,2030
2138,2027
2149,2054
2146,2063
2144,2003
2136,2007
2123,2018
2128,1991
2117,2015
2101,2009
2104,2043
2093,2041
2093,2060
2093,2044
2085,2055
2078,2029
2070,1979
2065,2015
2055,2033
2065,2035
2055,2037
2045,2079
2040,2080
2032,2066
2024,2076
2031,2101
2025,2053
2027,2051
2020,2027
2025,2023
2011,2055
2011,2088
1997,1995
2009,2001
2005,2008
2001,2044
1995,2009
2005,2015
1999,2041
2000,2007
2003,2021
2001,2060
2001,2056
2013,2080
2013,2065
2012,2004
2019,2047
2025,2068
2026,2075
2029,2080
2037,2035
2035,2056
2037,2019
2053,2003
2065,2028
2063,2017
2045,2021
2074,2067
2071,2024
2086,1995
2089,2053
2089,2058
2096,2042
2097,2021
2099,2073
2108,2035
2111,2063
2116,2067
2123,2041
2121,2055
2134,2019
2136,2066
2130,1996
2152,2072
2141,2078
2150,2011
2157,2017
2152,2067
2151,2043
2154,2021
2148,2019
2139,2071
2136,2040
2131,2021
2136,2005
2131,2070
2130,2019
2132,2063
2127,2035
2109,2072
2120,2028
2113,2032
2111,2015
2097,2003
2095,2036
2090,1991
2094,2001
2077,2015
2080,2063
2072,2068
2071,2035
2065,2039
2043,2080
2044,2070
2037,2063
2032,2013
2033,2060
2019,2067
2022,2073
2011,2056
1999,2024
2001,2063
1996,2037
1997,2024
1989,2059
1992,2065
1992,2008
1981,2034
1988,2008
1979,2003
1979,2072
1986,2021
1980,2088
1994,2093
1995,2052
1981,2043
1993,2021
1994,2024
1998,2042
1990,2013
2001,2023
2005,2071
2011,2071
2014,2089
2016,2053
2023,2065
2031,2005
2027,2011
2040,2033
2035,2068
2052,2027
2059,2012
2066,2076
2071,2005
2067,2027
2083,2031
2078,2040
2081,2027
2093,2064
2100,2021
2100,2044
2109,2019
2119,2065
2109,2031
2116,2041
2122,2017
2128,2075
2131,2029
2132,2045
2133,2064
2132,2041
2131,2039
2142,2015
2139,2003
2135,2045
2133,2024
2136,2029
2137,1993
2125,2025
2124,2023
2132,2021
2123,2027
2123,2040
2123,2028
2116,2063
2112,2013
2107,2071
2081,2065
2087,2061
2089,2017
2086,2035
2084,2041
2075,2112
2067,2004
2063,2027
2063,2057
2048,2063
2056,2096
2033,2048
2035,2041
2037,2063
2022,2044
2023,2037
2009,2058
2007,2048
2011,2069
1996,2032
1997,2019
2002,2021
1999,2069
2001,2077
1996,2035
1994,2019
1989,2063
1987,2024
1979,2053
1999,2037
1990,2039
1993,2075
1997,2043
2006,2039
2008,2070
2004,2003
1996,2053
2012,2075
2019,2037
2009,2015
2008,2072
2024,2045
2027,2037
2032,2070
2037,2079
2041,2077
2047,2055
2054,2025
2065,2041
2059,2040
2067,2035
2056,2035
2080,2021
2096,2033
2089,2042
2091,2055
2106,2036
2115,2044
2124,2088
2118,2066
2129,2036
2129,1975
2136,2022
2134,2051
2139,2066
2140,2060
2137,2047
2137,2058
2135,2058
2144,2017
2136,2011
2143,2077
2142,2054
2133,2067
2137,2054
2133,2057
2137,2065
2143,2064
2132,2029
2135,2073
2128,2043
2127,2048
2127,2034
2115,2043
2107,2027
2104,2035
2105,2027
2096,2040
2093,2019
2073,2027
2080,2054
2073,2057
2069,2063
2063,2070
2063,2011
2037,2065
2029,2035
2039,2051
2030,2063
2031,2071
2024,2025
2023,2033
2016,2051
2011,2063
2008,2019
2003,2043
2017,2045
1992,2046
2004,2077
2002,2063
1997,2088
1998,2026
1995,2065
1994,2072
1993,2040
1999,2048
1995,2053
1995,2056
2000,2024
1997,2023
2007,2040
2012,2066
2017,2056
2009,2055
2022,2036
2019,2023
2029,2007
2035,2039
2038,2027
2039,2043
2051,2059
2059,2029
2066,2035
2068,2035
2071,2056
2076,2060
2084,2040
2083,2020
2091,2069
2096,2068
2093,1995
2098,2009
2109,2072
2115,2063
2117,2037
2126,2011
2129,2027
2120,2080
2131,2046
2131,2040
2140,2017
2143,2069
2139,2029
2152,2054
2143,2065
2146,2028
2139,2021
2140,2019
2138,2037
2131,2040
2133,2009
2134,2017
2129,2053
2124,2056
2119,2044
2103,2056
2109,2061
2103,2067
2103,2077
2099,2068
2092,2029
2087,2007
2087,2055
2085,2011
2078,2060
2069,2036
2071,2054
2065,2056
2048,2045
2041,2071
2035,2059
2035,2072
2024,2060
2024,2015
2018,2025
2019,2027
2015,2033
2006,2050
2008,2072
2000,2063
1995,2077
1997,2074
1996,2044
1995,2041
1995,2036
1997,2075
2001,2048
1991,2051
1991,2027
1997,2027
2000,2041
1999,2055
2005,2047
2001,2053
2007,2080
2007,2051
2018,2020
2021,2071
2023,2019
2026,2011
2030,2011
2029,2021
2044,2063
2051,2015
2043,2040
2056,2038
2067,2019
2068,2025
2077,2027
2079,2062
2080,2037
2088,2068
2095,2022
2091,2017
2103,2064
2099,2079
2107,2043
2105,2054
2124,2041
2126,2043
2128,2063
2143,2009
2136,2039
2136,2074
2141,2051
2141,2067
2143,2056
2144,2005
2143,2058
2144,2051
2142,2075
2140,2038
2138,2027
2138,2022
2135,2063
2133,2021
2130,2071
2124,2053
2118,2065
2109,2029
2115,2057
2115,2025
2100,2072
2100,2015
2097,2017
2086,2037
2085,2072
2080,2075
2077,2029
2075,2005
2065,2025
2059,2029
2048,2017
2045,2035
2040,2068
2024,2037
2026,2024
2034,2028
2026,2043
2007,2042
2011,2043
2008,2045
2001,2057
1997,2067
1996,2039
1993,2025
1995,2056
1994,2064
1987,2054
1991,2075
1989,2059
1992,2026
1987,2060
1989,2079
1993,2056
1991,2040
1981,2074
2002,2043
2000,2044
2001,2056
2008,2039
2012,2057
2014,2033
2016,2072
2025,2026
2020,2043
2025,2039
2034,2019
2042,1997
2053,2048
2063,2048
2043,2056
2065,2062
2063,2027
2083,2056
2085,2063
2087,2043
2091,1999
2100,2056
2103,2063
2098,2041
2107,2011
2115,2038
2115,2037
2115,1995
2131,2026
2121,2063
2131,2056
2132,2066
2125,2023
2131,2031
2145,2037
2129,2023
2136,2067
2133,2078
2131,2045
2131,2067
2132,2048
2132,2048
2123,2042
2114,2037
2115,2037
2103,2024
2117,2009
2096,2003
2104,2056
2091,2048
2091,2017
2091,2058
2084,2072
2080,2090
2076,2084
2067,2071
2066,2001
2041,2044
2037,2025
2037,2031
2039,2039
2028,2063
2023,2063
2022,2021
2018,2053
2007,2029
2009,2096
2006,2054
1995,2067
1992,2066
1993,2035
1979,2041
1980,2039
1979,2076
1976,2044
1979,2038
1980,2039
1978,2019
1979,2008
1975,2073
1969,2048
1979,2063
1971,2061
1981,2045
1990,2011
1987,2038
1996,2055
1997,2015
2005,2063
2011,2068
2012,2043
2012,2041
2009,2027
2025,2021
2030,2057
2035,2080
2029,2012
2044,2021
2043,2063
2058,2079
2071,2044
2071,2044
2063,2027
2077,2026
2075,2043
2085,2063
2092,2043
2104,2029
2091,2025
2108,1999
2109,2056
2112,2069
2125,2042
2119,2063
2119,2001
2120,2012
2129,2063
2132,2039
2134,2067
2136,2036
2131,2072
2128,2072
2121,2037
2128,2029
2127,2073
2104,2056
2117,2046
2119,2053
2103,2018
2114,2025
2099,2008
2104,2071
2097,2035
2081,2043
2090,2026
2085,2012
2077,2027
2071,2012
2056,2075
2063,2056
2063,2081
2039,2063
2037,2043
2025,2039
2024,2058
2027,2007
2011,2037
2008,2063
2007,2011
2007,2055
1995,2027
1996,2027
1984,2018
1979,2034
1977,2013
1987,2038
1972,2076
1973,2048
1972,2056
1969,2067
1964,2080
1972,2060
1968,2015
1965,2084
1972,2033
1963,2072
1964,2043
1975,2038
1983,2042
1980,2007
1979,2019
1987,2060
1987,2064
1988,2077
1999,2015
2007,2039
2008,2007
2020,2063
2017,2019
2019,2070
2028,2071
2036,2060
2040,2019
2035,2045
2043,2034
2056,2087
2058,2007
2071,2069
2072,2054
2076,2020
2083,2029
2080,2032
2091,2080
2087,2074
2101,2065
2104,2021
2104,2055
2116,2056
2120,2058
2121,2042
2121,1992
2115,2069
2131,2005
2126,2027
2121,2039
2121,2078
2127,2046
2123,2027
2109,2019
2117,2037
2117,2080
2115,2075
2112,2017
2106,2025
2103,2033
2091,2051
2089,2020
2099,2039
2084,2043
2087,2058
2083,2033
2077,2044
2070,2067
2066,2067
2057,2021
2056,2009
2044,2019
2035,2058
2033,2078
2033,2064
2024,2064
2019,2024
2012,2071
2010,2025
2000,2048
2001,2027
1994,2059
2000,2058
1989,2015
1980,2036
1980,2011
1983,2066
1977,2060
1973,2041
1965,2054
1979,2079
1965,2079
1965,2023
1965,2045
1975,2011
1978,2040
1978,2011
1988,2051
1984,2039
1989,2044
1992,2071
1993,2037
1991,2035
2005,2065
2011,2029
1999,2026
2015,2045
2022,2020
2028,2038
2035,2080
2035,2042
2040,2035
2043,2027
2056,2022
2065,2017
2072,2027
2071,2071
2069,2056
2077,2015
2089,2003
2081,2008
2103,2058
2103,2064
2104,2052
2109,2062
2116,2043
2107,2072
2124,2063
2125,2024
2131,2063
2127,2059
2125,2041
2132,2056
2129,2009
2135,2039
2133,2053
2133,2035
2135,2044
2128,2040
2117,2025
2129,2026
2120,2072
2119,2082
2118,2017
2107,2038
2105,2040
2093,2054
2088,2042
2087,2011
2079,2077
2080,2060
2071,2066
2067,2055
2063,2059
2063,2022
2063,2053
2043,2057
2044,2064
2038,2075
2023,2059
2025,2068
2023,2057
2019,2023
2016,2048
2008,2063
1992,2015
1995,2048
1989,2037
1989,2027
1981,2015
1979,2056
1984,2075
1984,2067
1976,2040
1979,2061
1988,2020
1987,2024
1979,2025
1975,2051
1977,2045
1976,2068
1987,2072
1996,2063
1994,2026
1995,2025
2001,2079
2000,2023
2008,2033
2013,2079
2018,2009
2026,2066
2024,2056
2025,2038
2032,2055
2041,2043
2056,2033
2053,2034
2063,2068
2067,2057
2075,2054
2075,2024
2073,2056
2087,2029
2089,2011
2089,2053
2095,2069
2104,2007
2104,2030
2104,2043
2113,2017
2119,2023
2118,2065
2120,2070
2121,2040
2120,2019
2125,2079
2131,2033
2123,2040
2117,2045
2115,2025
2121,2063
2124,2061
2113,2027
2108,2029
2112,2040
2105,2047
2101,2067
2108,2033
2091,2035
2100,2037
2087,2027
2084,2071
2080,2052
2075,2064
2076,2041
2069,2044
2063,2063
2037,2055
2052,2025
2044,2015
2036,2033
2031,2027
2028,2038
2020,2019
2009,2028
2003,2077
2005,2080
2001,2040
1993,2072
1987,2075
1989,2023
1976,2039
1975,2072
1975,2075
1970,2015
1975,2064
1968,2063
1963,2074
1972,2046
1957,2011
1961,2023
1966,2023
1969,2034
1972,2087
1972,2059
1971,2024
1968,2028
1971,2041
1975,2059
1982,1997
1992,2026
1996,2003
1987,2026
2002,2023
1997,2032
2004,2043
2021,2043
2019,2071
2031,2044
2029,2041
2028,2056
2040,2056
2047,2037
2048,2072
2057,2040
2058,2064
2070,2008
2063,2028
2080,2028
2072,2039
2088,2072
2087,2047
2099,2032
2100,2041
2095,2006
2104,2093
2109,2012
2108,2059
2115,2044
2114,2075
2117,2041
2122,2030
2115,2072
2125,2088
2121,2058
2112,2032
2107,2041
2112,2044
2110,2054
2111,2009
2104,2029
2093,2062
2088,2077
2089,2053
2091,2021
2088,2041
2079,2064
2071,2066
2063,2036
2073,2042
2055,2046
2063,2033
2057,2033
2044,2056
2041,2043
2032,2029
2032,2017
2021,2041
2013,2017
2007,2039
1995,2069
1993,2058
1996,2035
1979,2073
1977,2071
1984,2035
1987,2005
1981,2042
1965,2059
1976,2070
1975,2019
1978,2003
1974,2031
1981,2001
1965,2088
1963,2042
1976,2043
1977,2089
1976,2057
1981,2075
1980,2068
1990,2048
1989,2056
1991,2020
1998,2071
1993,2024
2005,2087
2014,2009
2016,2079
2024,2074
2026,2039
2033,2063
2027,2066
2041,2036
2045,2010
2057,2053
2055,2021
2067,2036
2067,2047
2081,2022
2081,2030
2083,2017
2091,2043
2094,2057
2091,2043
2104,2030
2101,2017
2108,2068
2107,2029
2127,2080
2123,2025
2126,2024
2124,2005
2128,2044
2137,2001
2125,2073
2127,2071
2123,2030
2125,2055
2125,2023
2130,1995
2131,2044
2118,2033
2109,2023
2114,2062
2110,2075
2104,1989
2099,2017
2083,2029
2088,2063
2087,2067
2076,2041
2086,2029
2076,2051
2072,2066
2061,2009
2063,2012
2054,2034
2040,2058
2028,2063
2035,2071
2017,2048
2021,2035
2013,2064
2009,2076
1993,2046
2007,2068
1996,1997
1992,2053
1983,2072
1980,2057
1975,2008
1980,2066
1975,2071
1979,2015
1977,2015
1977,2046
1971,2031
1976,2035
1975,2072
1976,2038
1979,2066
1976,1997
1975,2046
1991,2071
1977,2076
1980,2040
1997,2063
1996,2055
2006,1995
2007,2043
2010,2018
2012,2063
2012,2063
2017,2037
2035,2025
2037,2025
2041,2072
2043,2025
2043,2041
2068,2066
2068,2036
2072,2025
2076,2080
2073,2009
2083,1997
2087,2056
2099,2005
2100,2056
2104,2018
2111,2060
2105,2009
2118,2008
2117,2034
2127,2067
2119,2027
2128,2068
2131,2039
2129,2045
2132,2075
2127,2035
2127,2027
2131,2072
2134,2031
2127,2019
2117,2066
2124,2068
2115,2066
2119,2036
2107,2055
2105,2055
2108,2040
2109,2039
2097,2040
2093,2040
2088,2056
2083,2007
2071,2053
2080,2037
2063,2009
2065,2042
2055,2027
2053,2061
2040,2042
2032,2027
2032,2088
2025,2063
2019,2037
2011,2063
2012,2053
2005,2008
2003,2064
1979,2021
1991,2067
1994,2071
1979,2033
1977,2048
1992,2068
1989,2088
1984,2063
1973,2029
1984,2080
1982,2007
1989,2029
1979,2035
1979,2055
1988,2040
1984,2039
1979,2071
2000,2027
1996,2011
2001,2058
2005,2068
2001,2031
2018,2058
2019,2037
2027,2044
2024,2029
2031,2040
2032,2001
2052,2044
2054,2044
2059,2057
2063,2028
2071,2023
2065,2039
2076,2045
2081,2071
2088,2032
2092,2024
2099,2039
2104,2042
2109,2056
2115,2044
2109,2011
2129,2023
2126,2020
2131,2067
2133,2075
2135,2057
2134,2030
2137,2037
2137,2017
2143,2006
2143,2046
2137,2065
2143,2041
2143,2057
2137,2057
2137,2028
2135,2043
2123,2029
2137,2034
2135,2068
2119,2063
2121,2089
2121,2039
2112,2043
2103,2071
2101,2007
2096,2028
2093,2044
2087,2072
2071,2057
2071,2067
2076,2025
2072,2023
2063,2009
2043,2040
2047,2088
2040,2073
2030,2005
2028,2057
2021,2011
2021,2017
2016,2030
2013,2028
2007,2033
1997,2029
1999,2021
2001,2063
1993,2029
1992,2053
1989,2057
1989,2023
1995,1989
1993,2017
1987,2022
1992,2035
1996,2041
1995,2056
1993,2027
2004,2075
1996,2068
2005,2065
2001,2045
1987,2035
2009,2055
2020,2063
2011,2077
2020,2027
2035,2015
2035,2011
2035,2057
2042,2031
2041,2039
2063,2020
2066,2067
2063,2031
2065,2027
2073,2040
2074,2056
2088,2025
2092,2031
2089,2072
2093,2072
2104,2037
2104,2063
2106,2072
2120,2068
2120,2057
2121,2015
2130,1997
2121,2028
2135,2036
2134,2035
2129,2053
2136,2029
2131,1993
2136,2009
2123,2009
2123,2024
2128,2020
2126,2067
2120,1996
2121,1999
2120,2013
2112,2037
2106,2035
2107,2033
2099,1995
2094,2059
2094,2055
2091,2031
2080,2053
2080,2015
2074,2015
2063,2024
2066,2066
2057,2039
2055,2068
2040,2037
2034,2043
2032,2023
2029,2038
2009,2060
2012,2026
2005,2054
1992,2079
1993,2067
1992,2077
1981,2080
1987,2067
1984,2030
1977,2010
1986,2059
1976,2059
1981,2017
1979,2028
1979,2058
1980,2057
1979,2037
1983,2056
1983,2088
1973,2073
1983,2043
1983,2019
1989,2080
1978,2051
1994,2064
1991,2023
1992,2031
1999,2057
2003,2056
2010,2031
2022,2060
2023,2027
2026,2039
2027,2053
2035,2043
2055,2023
2043,2009
2060,2063
2065,2021
2064,2058
2073,2074
2083,2001
2083,2040
2095,2071
2071,2035
2093,2047
2096,2024
2093,2038
2109,2024
2120,2060
2115,2027
2109,2013
2115,2007
2121,2015
2121,2033
2129,2057
2132,2044
2124,2009
2128,2017
2129,2037
2127,2041
2126,2033
2129,2076
2123,2057
2115,2041
2101,2056
2103,2043
2111,2037
2101,2079
2096,2029
2091,2015
2092,2075
2088,2068
2088,2021
2073,2072
2068,2037
2072,2040
2068,2051
2056,2054
2044,2047
2041,2025
2027,2024
2033,2053
2024,2041
2024,2020
2007,2036
2009,2045
2000,2073
2007,2063
2002,2010
1998,2023
1994,2067
1991,2003
1979,2056
1986,2067
1991,2056
1987,2011
1976,2063
1981,2021
1988,2060
1987,2003
1984,1998
1993,2043
1997,2043
1994,2005
1994,2024
1989,2063
2000,2072
1999,2043
2007,2045
2014,2033
2015,2040
2016,2025
2022,2032
2030,2027
2041,2040
2026,2048
2034,2039
2058,2001
2055,2003
2063,2091
2071,2071
2071,2060
2071,2019
2091,2061
2087,2009
2089,2022
2087,2009
2103,2063
2112,2068
2107,2056
2123,2024
2117,2021
2131,2058
2125,2068
2123,2023
2134,2006
2142,2052
2138,2067
2143,2035
2138,2043
2139,2063
2144,2072
2139,2080
2136,2065
2134,1999
2136,2044
2137,2080
2124,2063
2128,2067
2109,2039
2115,2073
2117,2057
2110,2073
2105,2067
2101,2027
2096,2080
2085,2044
2087,2073
2084,2063
2076,2045
2069,2036
2072,2025
2063,2019
2057,2055
2045,2029
2039,2055
2036,2021
2023,2048
2023,2076
2016,2017
2015,2079
2001,2052
2001,2041
2008,2064
1999,2077
1993,2024
1996,2011
1996,2028
1991,2003
1980,2063
1992,2022
1978,2020
1980,2061
1981,2064
1979,2057
1981,2037
1988,2042
1988,2067
1983,2067
1997,2031
1999,2068
2003,2009
2001,2026
2009,2069
2011,2048
2019,2072
2024,2056
2025,2056
2035,2069
2044,2007
2045,2072
2039,2070
2056,2026
2066,2065
2068,2011
2072,2072
2068,2067
2075,2017
2081,2069
2095,2032
2096,2046
2096,2017
2097,2079
2111,2064
2116,2035
2120,2002
2116,2047
2128,2040
2130,2040
2133,2055
2131,2058
2139,2051
2135,2021
2142,1993
2140,2029
2143,2060
2135,2066
2137,2073
2139,2035
2140,2070
2128,2072
2125,2043
2137,2043
2127,2011
2126,2027
2120,2039
2114,2075
2108,2068
2103,2079
2100,2068
2093,2025
2093,2017
2089,2057
2083,2027
2075,2071
2076,2008
2063,2007
2052,2036
2055,2045
2042,2073
2039,2056
2025,2037
2023,2037
2024,2025
2020,2029
2015,2066
2004,2035
2004,2071
2003,2002
2004,2064
2001,2042
1990,2029
1995,2019
1979,2003
1989,2013
1984,2035
1988,2080
1977,2015
1981,2037
1976,1994
1981,2048
1987,2075
1995,2033
2004,2052
1992,2024
2001,2040
1997,2057
2005,2063
2011,2005
2021,2022
2015,2043
2025,2043
2028,2073
2038,2019
2040,2012
2052,2071
2058,2050
2063,2057
2072,2047
2069,2069
2071,2025
2084,2044
2091,2042
2088,2063
2096,2045
2097,2025
2097,2070
2103,2041
2109,2028
2125,1997
2122,2020
2131,2046
2127,2033
2134,2043
2136,2072
2142,2031
2137,2062
2143,2035
2139,2055
2133,2038
2148,2019
2142,2053
2136,2055
2129,2055
2129,2063
2125,2015
2123,2032
2133,2072
2120,2063
2120,2030
2107,2041
2109,2066
2106,2058
2103,2015
2100,2063
2096,2035
2095,2053
2080,2035
2079,2077
2075,2056
2071,1993
2055,2033
2055,2005
2044,2019
2044,2076
2039,2072
2032,2067
2031,2007
2023,2022
2015,2060
2015,2071
2007,2071
2003,2010
2008,2009
2007,2023
2001,1995
1991,2052
1991,2012
1990,2028
1984,2029
1993,2048
1995,2029
1994,2041
1991,2069
1996,2043
1999,2043
1995,2054
2004,2025
2006,2003
2009,2025
2004,2064
2018,2023
2024,2023
2022,2035
2025,2056
2029,2014
2035,2029
2033,2045
2041,2072
2052,2020
2063,2058
2057,2063
2071,2053
2074,2082
2075,2027
2087,2025
2092,2038
2091,2051
2096,2060
2096,2065
2104,2048
2116,2063
2120,2044
2123,2018
2120,2043
2128,2015
2135,2080
2137,2043
2141,1995
2145,2007
2147,2011
2145,2025
2147,2018
2135,2024
2146,2045
2146,2076
2143,2042
2135,2019
2138,2045
2133,2068
2137,2012
2134,2080
2129,2076
2115,2046
2115,1993
2115,2003
2103,2077
2103,2039
2098,2026
2096,2039
2089,2022
2087,2025
2076,2063
2078,2009
2065,2024
2068,2029
2055,2051
2036,2059
2041,2047
2028,2041
2036,2040
2029,2027
2023,2066
2011,2039
2007,2034
2008,2017
2004,2023
2001,2021
1991,2019
2000,2029
1993,2048
1993,2044
1977,2071
1993,2019
1996,2040
1988,2034
1979,2089
1992,2089
1981,2031
1995,2044
1995,2015
1996,1999
1995,2053
2000,2066
2003,2035
2008,2039
2003,2038
2012,2057
2011,2065
2019,2008
2026,2015
2023,2005
2029,2055
2039,2029
2047,2029
2057,2068
2041,2027
2067,2003
2069,2028
2044,2025
2080,2060
2075,2032
2090,2029
2087,2053
2088,2030
2101,2024
2104,2028
2104,2059
2119,2031
2109,2060
2116,2025
2127,2039
2121,2033
2128,2024
2127,2075
2121,2035
2133,2027
2131,2040
2129,2055
2125,2055
2131,2027
2120,2027
2121,2077
2120,2080
2119,2054
2107,2027
2101,2011
2101,2058
2093,2024
2098,2015
2095,2035
2085,2045
2081,2012
2082,2079
2075,2071
2072,2011
2063,2033
2064,2043
2052,2067
2053,2027
2035,2045
2035,2034
2031,2041
2020,2079
2017,2027
2023,2063
2009,2063
2006,2056
2008,2039
1999,2080
1984,2066
1992,2035
1987,2007
1977,2069
1984,2012
1979,2060
1977,2073
1973,2063
1973,2041
1979,2080
1980,2024
1980,2015
1981,2038
1975,2044
1977,2072
1992,2041
1981,2020
1991,2021
1992,2036
1999,2056
1999,2030
2005,2022
2010,2015
2016,2040
2024,2055
2019,2027
2033,2064
2037,2079
2043,2063
2053,2042
2041,2040
2064,2072
2068,2017
2065,2012
2073,2040
2088,2072
2088,2024
2087,2056
2093,1992
2099,2023
2106,2021
2111,2036
2123,2062
2109,2063
2130,1993
2128,2037
2131,2025
2124,2044
2139,2007
2129,2056
2124,2021
2136,2025
2133,2008
2139,2065
2127,2071
2132,2011
2131,2039
2136,2019
2128,2029
2127,2033
2119,2055
2120,2037
2112,2055
2104,2038
2107,2017
2103,2059
2095,2038
2091,2017
2085,2039
2083,2013
2075,2037
2077,2051
2056,2030
2067,2043
2059,2022
2043,2057
2040,2035
2039,2058
2026,2021
2021,2065
2027,2035
2011,2007
2010,2064
2007,2037
1996,2071
1999,2013
1997,2011
1993,2063
2000,2076
1989,2039
1995,2025
1976,2056
1993,2065
1987,2045
1987,2040
1989,2071
1996,2046
1992,2068
1995,2073
1996,2040
2007,2015
1993,2039
2011,2032
2011,2063
2024,2076
2015,2018
2027,2075
2028,2036
2032,2059
2037,2030
2051,2080
2048,2054
2058,2039
2068,2073
2059,2043
2075,2019
2071,2058
2077,2034
2087,2061
2087,2042
2102,2076
2105,2044
2107,2026
2115,2059
2115,2055
2119,2059
2134,2003
2136,2047
2141,2038
2135,2063
2136,2031
2147,2012
2152,2019
2151,2080
2152,2057
2148,2055
2154,2031
2144,2023
2145,2005
2147,2034
2148,2028
2116,2011
2141,2043
2131,2013
2123,2056
2127,2033
2116,2028
2121,2064
2112,2058
2112,2076
2103,2033
2104,2017
2103,2007
2087,2005
2081,2059
2071,2009
2074,2033
2071,2019
2055,2006
2058,2007
2047,2034
2042,2025
2039,2039
2023,2023
2026,2056
2021,2039
2007,2037
2008,2042
2007,2007
1996,2080
1996,2027
1996,2035
1989,2072
1979,2043
1993,2058
1991,2061
1984,2080
1978,2053
1987,2044
1979,2063
1991,2041
1998,2021
1987,2009
1989,2060
1993,2039
2003,2034
1995,2025
2008,2023
2015,2091
2011,2042
2008,2035
2017,2041
2024,2026
2019,2023
2027,2017
2041,2017
2048,2036
2056,2038
2057,2053
2058,2037
2067,2031
2071,2016
2081,2023
2088,2027
2086,2056
2095,2033
2101,2027
2098,2068
2106,1995
2103,2048
2125,2035
2120,2057
2120,2009
2123,2069
2121,2056
2127,2048
2135,2005
2139,2029
2136,2068
2136,2039
2131,2015
2137,2029
2121,2035
2136,2035
2134,2017
2133,2022
2132,2030
2129,2034
2129,2071
2117,2040
2116,2029
2108,2042
2101,2019
2096,2032
2099,2079
2094,2055
2088,2072
2075,2048
2082,2032
2077,2071
2071,2023
2068,2035
2060,2056
2054,2040
2053,2057
2033,2024
2019,2064
2023,2063
2022,2045
2011,2030
2009,2015
2012,2053
2007,2095
2007,2058
2001,2056
2003,2042
1999,2040
1989,2056
1993,2028
1991,2023
1991,2017
1989,2063
1979,2053
1993,2071
1964,2063
1992,2048
1991,2060
1998,2055
1993,2041
2001,2057
2006,2056
2011,2034
2015,2060
2017,2010
2019,2064
2023,2087
2021,2029
2022,2021
2035,2079
2040,2019
2044,2066
2045,2032
2063,2054
2068,2028
2068,2041
2077,2037
2075,2007
2081,2009
2089,2009
2097,2056
2096,2024
2097,2057
2107,2060
2119,2040
2120,2063
2128,2040
2125,2057
2137,2068
2138,2025
2137,2072
2141,2063
2140,2008
2139,2059
2145,2048
2148,2038
2148,2067
2140,2057
2134,2040
2140,2033
2139,2068
2138,2025
2134,2064
2133,2011
2119,2018
2129,2023
2109,2043
2117,2027
2108,2027
2111,2034
2100,2032
2088,2048
2089,2040
2088,2068
2077,2056
2076,2027
2065,2037
2063,2027
2058,2039
2053,2046
2041,2037
2036,2029
2040,2039
2031,2059
2015,2041
2016,2023
2015,2051
2012,2025
2004,2055
2004,2019
2002,2067
1998,2071
1995,2027
1979,2044
1995,2045
1990,2064
1989,2007
1981,2031
1992,2039
1994,2059
1990,2029
1995,2032
1989,2029
1987,2075
2000,2019
1999,2068
2002,2047
2009,2073
2012,2040
2022,2011
2026,2064
2020,2053
2031,2002
2030,2015
2039,2005
2041,2079
2056,2020
2054,2047
2067,2060
2068,2052
2066,2064
2077,2043
2085,2023
2075,2036
2085,2039
2083,2053
2102,2025
2106,2025
2107,2045
2109,2001
2121,2021
2123,2076
2124,2044
2129,2011
2123,2037
2135,2021
2135,2033
2139,2039
2130,2045
2133,2042
2139,2075
2136,2061
2139,2039
2125,2034
2120,2064
2127,2029
2119,2063
2128,2080
2112,2057
2112,2062
2108,2063
2107,2039
2092,2039
2095,2075
2089,2066
2084,2017
2077,2056
2073,2060
2072,2024
2063,2058
2065,2085
2060,2074
2053,2010
2033,1997
2037,2039
2036,2009
2015,2037
2027,2076
2016,2053
2011,2071
2005,2040
1979,2029
1994,2064
1997,2021
1992,2043
1988,2056
1997,2057
1984,2073
1983,2034
1984,2059
1977,2041
1975,2048
1979,2059
1963,2039
1984,2063
1977,2025
1979,2027
1987,2031
1995,2054
1993,2021
2000,2077
2001,2043
2007,2059
2007,2072
2012,2005
2016,2053
2019,2032
2024,2040
2026,2044
2037,2029
2053,2064
2054,2063
2048,2063
2061,2056
2063,2063
2065,2028
2073,2017
2072,2021
2082,2063
2087,2055
2091,2051
2096,2027
2093,2079
2112,2043
2112,2068
2116,2063
2119,2056
2116,2040
2127,1999
2131,2068
2135,2075
2131,2063
2139,2045
2131,2018
2123,2055
2133,2079
2125,2044
2134,2007
2107,2003
2131,2036
2123,2065
2122,2037
2115,2027
2120,2078
2112,2068
2105,2080
2104,2025
2100,2020
2095,2095
2091,2047
2077,2017
2075,2056
2071,2075
2056,2017
2054,2060
2057,2068
2056,2003
2040,2040
2035,2080
2023,2033
2028,2077
2023,2048
2024,2077
2004,2067
2017,2043
2002,2062
2007,2005
2003,2025
2003,2037
1998,2025
1997,2063
1989,2053
1995,2025
1996,2037
1989,2028
1996,2075
1995,2080
1994,2068
1997,2073
1993,2037
1993,2072
2009,2033
2008,2012
2010,2075
2014,2088
2017,2015
2015,2080
2024,2004
2025,2030
2031,2071
2032,2063
2029,2041
2039,2017
2059,2025
2063,2055
2063,2019
2067,2044
2069,2015
2084,2019
2080,2068
2082,2021
2091,2038
2096,2060
2106,2038
2113,2041
2115,2023
2112,2080
2121,2075
2133,2007
2136,2048
2132,2070
2129,2021
2137,2065
2138,2035
2145,2023
2145,2039
2153,2048
2139,2067
2149,2024
2137,2058
2149,2033
2143,2057
2143,2052
2143,2029
2133,2039
2132,2068
2133,2055
2119,2009
2119,2023
2121,2059
2112,2018
2105,1995
2101,2055
2105,2003
2096,2044
2088,2041
2085,2047
2080,2029
2082,2043
2071,2011
2063,2043
2056,2035
2063,2055
2041,1995
2042,2063
2041,2001
2027,2040
2026,2055
2027,2053
2019,2075
2019,2071
2011,2031
2011,2025
2004,2023
2001,2061
2008,2060
2004,2055
2003,2034
2000,2033
2004,2024
2004,2013
2004,2017
2007,2043
2008,2039
2001,2063
2005,2057
2014,2027
2016,2065
2018,2039
2011,2072
2022,2029
2027,2057
2030,2035
2039,2007
2056,2021
2053,2071
2055,2071
2063,2013
2063,2037
2069,2057
2072,2025
2070,2067
2073,2019
2088,2020
2094,2042
2093,2046
2097,2025
2103,2043
2108,2032
2121,2067
2107,2029
2128,2044
2128,2024
2136,2012
2133,2056
2132,2046
2143,2072
2146,2046
2149,2051
2146,2020
2137,1990
2136,2057
2148,2067
2143,2035
2140,2005
2129,2043
2133,2075
2135,2035
2131,2036
2125,2064
2124,2080
2128,2017
2120,2039
2109,2055
2104,2063
2106,2045
2096,2017
2096,2039
2092,2058
2087,2010
2069,2087
2072,2063
2057,2056
2069,2001
2053,2033
2029,2063
2036,2063
2032,2005
2020,2057
2017,2025
2029,2027
2013,2060
2010,2023
2008,2033
1993,2073
2004,2054
1998,2040
1991,2027
1999,2039
1984,2045
1987,2075
1992,2007
1982,2043
1986,2040
1977,2066
1988,2048
1993,2020
1979,2030
1987,2015
1980,2033
1995,2048
1996,2075
2001,2063
2004,2047
2007,2071
2001,2025
2016,2061
2016,2044
2021,2011
2032,2068
2025,2055
2041,2019
2043,2055
2060,2068
2053,2040
2055,2043
2059,2024
2067,2039
2079,2024
2084,2042
2076,2023
2094,2072
2091,2020
2100,2015
2087,2079
2103,2025
2117,1993
2107,2054
2108,2035
2135,2029
2134,2070
2132,2029
2139,2071
2141,2028
2137,2053
2147,2027
2143,2040
2141,2067
2139,2033
2145,2009
2131,2039
2127,2035
2136,2072
2129,2035
2135,2066
2123,2056
2121,2019
2120,2072
2105,2044
2119,2052
2104,2060
2103,2079
2103,2021
2093,2053
2086,2069
2085,2075
2071,2065
2077,2056
2073,2042
2063,2053
2061,2058
2059,2053
2044,2005
2038,2088
2040,2003
2028,2055
2027,2039
2026,2039
2014,2096
2021,2027
2017,2040
2017,2055
2002,2064
2003,2056
2007,2023
2005,2063
2007,2040
2002,2035
1996,2073
2008,2077
2004,2078
1998,2079
2009,2087
2013,2029
2017,2035
2008,2021
2008,2080
2019,2028
2018,2041
2032,2072
2027,2037
2040,2068
2027,2066
2042,2048
2041,1997
2061,2037
2065,2021
2063,2038
2071,2042
2076,2035
2084,2019
2080,2024
2092,2041
2099,2025
2093,2020
2109,2067
2099,2063
2103,2063
2122,2065
2120,2064
2115,2033
2127,2059
2130,2033
2137,2076
2141,2035
2142,2056
2144,2068
2151,2027
2151,2031
2146,2003
2145,2009
2148,2027
2152,2064
2149,2036
2147,2027
2143,2042
2133,2017
2135,2043
2129,2055
2131,2053
2117,2037
2125,2010
2125,2028
2119,2068
2111,2070
2087,2067
2091,2032
2096,2046
2090,2072
2088,2072
2080,2072
2078,2024
2071,2053
2067,2047
2061,2066
2053,2056
2044,2035
2041,2031
2035,2064
2027,2056
2024,2040
2007,2036
2019,2063
2011,2041
2005,2057
2011,2041
1999,2008
2007,2057
2001,2070
1999,2017
2003,2055
1993,2057
1992,2033
1992,2025
1992,2059
1995,2062
2001,2043
1991,2067
1993,2011
2003,2076
2001,2035
2005,2015
2014,2017
2018,2022
2025,2056
2020,2063
2025,2029
2026,2017
2040,2017
2032,2036
2045,2067
2043,2046
2059,2029
2064,2037
2065,2028
2075,2063
2069,2009
2084,2040
2083,2071
2092,2019
2093,2066
2096,2075
2104,2042
2104,2040
2116,2021
2113,2021
2122,2026
2125,2022
2119,2043
2130,2011
2131,2066
2132,2054
2132,2068
2136,2035
2120,2023
2130,2003
2136,2063
2123,2037
2123,2046
2124,2030
2125,2025
2109,2063
2121,2040
2106,2053
2107,2056
2102,2020
2088,2009
2091,2048
2085,2045
2083,2075
2079,2071
2063,2046
2067,2071
2065,2033
2055,2007
2044,2029
2037,2040
2035,2037
2032,2007
2028,2040
2017,2067
2019,2042
2011,2064
1997,2048
2001,2063
1999,2003
1993,2065
1988,2063
1979,2037
1974,2067
1987,2070
1973,2071
1977,2042
1980,2057
1981,2001
1975,2040
1976,2044
1969,2013
1971,2009
1971,1995
1980,2059
1979,2071
1979,2043
1985,2052
1984,2027
1998,2068
1994,2055
2007,2063
2005,2017
2005,2066
2008,2039
2020,2035
2024,2041
2030,2066
2039,2011
2033,2047
2047,1997
2055,2040
2059,2038
2071,2042
2065,2025
2084,2035
2085,2015
2087,2027
2097,2067
2100,2068
2092,2069
2101,2061
2111,1996
2112,2080
2121,2017
2132,2080
2129,2001
2127,2079
2134,2056
2134,2037
2137,2077
2140,2027
2139,2033
2143,2056
2136,2003
2142,2079
2145,2039
2143,2039
2137,2008
2135,2002
2128,2072
2124,2048
2122,2077
2115,2067
2117,2064
2109,2032
2103,2068
2094,2059
2096,2063
2096,2033
2087,2035
2084,2035
2087,2007
2087,2021
2076,2055
2067,2025
2062,2037
2053,2025
2063,2001
2053,2067
2039,2040
2040,2051
2039,2056
2028,2045
2034,2077
2009,2056
2011,2042
2016,2052
2012,2041
2009,2040
2008,2036
2010,2038
2016,2029
2013,2040
2003,2029
2005,2029
2009,2045
2011,2080
2019,2063
2018,2035
2019,2027
2024,2029
2025,2055
2023,2037
2031,2042
2027,2025
2036,2022
2037,2003
2052,2038
2055,2053
2061,2011
2063,2041
2070,2077
2074,2072
2073,2054
2081,2043
2091,2024
2094,2063
2107,2056
2104,2071
2107,2021
2119,2040
2121,2059
2125,2037
2120,2043
2128,2015
2124,2025
2144,2032
2142,2063
2145,2012
2139,2088
2148,2028
2152,2035
2155,2067
2151,2075
2157,2035
2157,2021
2147,2071
2154,2026
2161,2019
2152,2076
2151,2041
2148,2069
2144,2069
2139,2021
2122,2045
2140,2064
2125,2072
2126,2029
2127,2021
2124,2076
2106,2032
2105,2057
2095,2061
2094,2060
2083,2080
2081,2062
2081,2023
2077,2051
2071,2066
2063,2053
2060,2073
2048,2030
2040,2011
2036,2020
2027,2035
2023,2072
2021,2072
2016,2056
2024,2018
1999,2056
2008,2075
2010,2039
1994,2025
1993,2035
1995,2080
1998,2017
1992,2041
1991,2053
1991,2043
1995,2005
1994,2041
1999,2063
2005,2019
1997,2071
2001,2044
2008,2080
2003,2035
2008,2063
2015,2019
2022,2003
2028,2040
2031,2032
2035,2069
2040,2025
2037,2035
2052,2041
2054,2071
2065,1999
2063,2069
2074,2066
2084,2065
2088,2040
2091,2075
2093,2019
2096,2057
2104,2037
2104,2021
2112,2029
2108,2047
2119,2043
2129,2035
2135,2038
2137,2053
2137,2067
2135,2015
2141,2066