2087,2027
2088,2061
2095,2063
2097,2036
2103,2035
2112,2067
2105,2057
2115,2041
2129,2027
2137,2008
2139,2058
2131,2067
2144,2011
2143,2031
2140,2056
2151,2063
2152,2027
2152,2047
2155,2072
2154,2023
2143,2017
2146,2024
2147,2073
2144,2064
2148,2083
2140,2083
2144,2069
2136,2034
2128,2072
2121,2021
2127,2017
2119,2072
2104,2075
2107,2072
2102,2028
2094,2048
2096,2012
2092,2010
2075,2068
2077,2060
2071,2004
2056,1997
2063,2056
2040,2015
2035,2031
2039,2035
2029,2041
2025,2063
2021,2019
2008,2055
1997,2055
2004,2023
2000,2024
1996,2063
1995,2056
1999,2063
1987,2029
1981,2029
1993,2035
1984,2043
1992,2028
1988,2008
1987,2036
1977,2015
1981,2025
1994,2026
1992,1997
1990,2008
1994,2023
2004,2055
2001,2023
2010,2059
2004,2023
2011,2038
2022,2026
2026,2045
2027,2088
2035,2040
2025,2059
2043,2033
2056,2020
2068,2008
2068,2013
2065,2042
2075,2029
2079,1993
2077,2055
2087,2067
2096,2015
2099,2040
2103,2026
2120,2035
2116,2009
2120,2003
2130,2071
2132,2042
2136,2038
2136,2019
2135,2043
2146,2023
2141,2043
2143,2009
2145,2027
2139,2053
2137,2008
2140,2065
2138,2059
2137,2004
2131,2079
2135,2048
2132,2021
2128,2063
2123,2019
2107,2035
2118,2020
2106,1997
2101,2065
2091,2063
2091,2063
2075,2056
2083,2036
2071,2067
2075,2053
2065,2071
2057,2045
2048,2047
2044,2034
2040,2061
2035,2048
2025,2019
2023,2044
2010,2017
2010,2067
2006,2063
1997,2023
1989,2010
1993,2044
1989,2004
1984,2041
1981,2080
1987,2042
1976,2048
1981,2009
1979,2019
1976,2021
1974,2021
1976,2055
1977,2009
1980,2025
1985,2066
1980,2061
1979,2076
1976,2036
1989,2039
1991,2063
2007,2039
2008,2072
2008,2026
2012,2064
2017,2024
2022,2009
2023,2033
2027,2039
2033,2017
2030,2025
2052,2035
2059,2064
2069,2035
2073,2068
2080,2031
2079,2029
2075,2034
2081,2064
2089,2009
2099,2038
2110,2069
2107,2011
2116,2041
2124,2021
2124,2072
2121,2044
2139,2040
2144,2059
2135,2025
2144,2024
2145,2063
2150,2015
2148,2023
2137,2024
2142,2071
2142,2040
2136,2003
2137,2066
2145,2064
2139,2035
2135,2041
2131,2072
2127,2043
2123,2041
2122,2029
2112,1995
2100,2009
2103,2076
2096,2027
2093,2035
2081,2022
2084,2011
2078,2007
2069,2060
2067,2028
2053,2033
2039,2065
2041,2046
2040,2047
2032,2068
2023,2048
2025,2054
2019,2027
2011,2063
2009,2033
2001,2063
2004,1999
2007,2033
1990,2037
1996,2010
1994,2019
1990,2086
1985,2021
1988,2019
1991,2063
1978,2038
1972,2023
1980,2057
1987,2051
1981,2059
1992,2063
1995,2074
1995,2035
2007,2036
2007,2056
2001,2059
2009,2015
2027,2017
2024,2026
2027,2053
2039,2084
2034,2032
2036,2040
2048,2072
2063,2026
2067,2052
2067,2036
2077,2044
2073,2063
2088,2068
2089,2045
2099,2015
2092,2033
2103,2063
2111,2057
2123,2039
2124,2011
2125,2001
2131,2056
2136,2063
2147,2027
2132,2040
2143,2036
2152,2029
2151,2025
2152,2025
2155,2055
2148,2003
2156,2053
2152,2063
2147,2056
2149,2055
2138,2027
2149,2078
2140,2036
2133,2023
2129,2024
2115,2027
2125,2088
2119,2064
2117,2021
2107,2033
2103,2035
2085,2041
2099,2019
2081,2044
2080,2046
2077,2043
2072,2037
2063,2072
2066,2073
2056,2081
2048,2068
2041,2021
2035,2054
2034,2023
2024,2066
2018,2033
2008,2084
2008,2056
1995,2071
1991,2036
1995,2027
1997,2071
1999,2072
1987,2039
1993,1993
1987,2045
1984,2048
1981,2056
1981,2015
1984,2065
1991,2029
1981,2065
1996,2052
1999,2034
1996,2033
2004,2038
2004,2052
2008,2025
2008,2040
2017,1999
2022,2056
2024,2034
2027,2023
2031,2036
2035,2048
2040,2004
2056,2054
2053,2009
2059,2061
2063,2025
2074,2028
2074,2031
2080,2019
2089,2011
2095,2074
2091,2037
2089,2060
2103,2063
2115,2011
2099,2009
2115,2036
2123,2039
2130,2009
2127,2023
2127,2039
2142,2066
2136,2056
2143,2043
2141,2058
2137,2027
2133,1999
2132,2064
2137,2039
2135,2069
2133,2022
2123,2035
2132,2037
2123,2003
2121,2064
2112,2031
2110,2015
2108,2019
2109,2080
2094,2069
2097,2057
2091,2036
2085,2064
2079,2013
2083,2028
2063,2075
2071,2029
2053,2047
2028,2042
2051,2041
2037,2069
2032,2027
2028,2025
2024,2039
2014,2015
2018,2043
1994,2008
2005,2057
2000,2068
2002,2056
1996,2074
1988,2075
1987,2043
1992,2044
1992,2029
1977,2057
1984,2068
1988,2038
1987,2068
1989,2044
1987,2060
1992,2041
1995,2023
2000,2011
2000,2048
2000,2038
2001,2022
2006,2040
2014,2063
2012,2063
2025,2029
2022,2021
2029,2033
2030,2033
2041,2025
2041,2067
2055,2046
2051,2041
2065,2063
2065,2024
2077,2056
2072,2035
2088,2005
2085,2009
2096,2035
2101,2068
2107,2041
2117,2045
2115,2038
2114,2039
2131,2009
2132,2063
2136,2007
2136,2029
2142,2038
2143,2019
2137,2001
2139,2040
2151,2005
2143,2035
2143,2035
2137,2037
2135,2043
2137,2027
2141,2019
2131,2035
2135,2055
2139,2045
2121,2048
2126,2009
2124,2063
2120,2063
2105,2066
2103,2043
2099,2060
2091,2037
2088,1989
2092,2015
2084,2035
2068,2056
2071,2039
2057,2027
2055,2029
2053,2025
2052,2063
2035,2062
2030,2009
2020,2019
2025,2064
2022,2036
2015,2073
2015,2025
2015,2059
1994,2071
2001,2068
1997,2043
1991,2068
1995,2032
1999,2025
1995,2062
1994,2025
1982,2042
1994,2088
1995,2033
1999,2068
1994,2008
1995,2030
2000,2024
2005,2068
1997,2040
2012,2022
2019,2026
2009,2021
2020,2035
2022,2039
2021,2058
2027,2077
2029,2019
2043,2011
2045,2080
2055,2058
2059,2024
2068,2048
2076,2063
2080,2037
2089,2040
2090,2046
2093,2007
2092,2052
2097,2039
2109,2029
2112,2079
2117,2044
2129,2067
2131,2027
2127,2071
2135,2048
2137,2047
2147,2072
2148,2076
2135,2034
2147,2028
2152,2074
2143,2023
2147,2072
2139,2052
2147,2032
2139,2079
2144,2074
2139,2048
2137,2033
2136,2056
2130,2023
2132,2027
2121,2027
2117,2031
2120,2007
2099,2060
2102,2019
2100,2007
2094,2025
2084,2021
2079,2063
2076,2067
2070,2063
2055,2017
2043,2052
2055,2007
2039,2071
2037,2035
2032,2056
2024,2073
2019,2021
2019,2035
2013,2080
2007,2071
1998,2080
1997,2035
1991,2035
1993,2043
1976,2042
1976,2015
1976,2055
1979,2073
1976,2072
1980,2071
1977,2025
1981,2034
1979,2065
1983,2023
1987,2067
1988,2063
1980,2063
1991,2064
1996,2069
1997,2011
2003,2017
2011,2065
2011,2030
2018,2011
2012,2033
2025,2039
2034,2067
2034,2027
2037,2017
2055,2045
2052,2071
2059,2023
2071,2061
2071,2063
2088,2027
2084,2056
2089,2076
2087,2018
2103,2052
2108,2051
2105,2020
2112,2019
2121,2067
2127,2054
2119,2059
2131,2027
2128,2041
2135,2057
2139,2008
2136,2059
2144,2066
2139,2071
2143,2042
2152,2039
2137,2047
2140,2080
2137,2058
2136,2035
2135,2060
2135,2034
2125,2056
2129,2045
2121,2092
2119,2044
2111,2072
2106,2069
2107,2055
2089,2058
2094,2070
2087,2029
2075,2088
2077,2063
2069,2058
2068,2035
2057,2053
2045,2023
2037,2065
2039,2032
2030,2067
2024,2043
2026,2068
2015,2040
2007,2027
1995,2054
2000,2063
1995,2028
1995,2057
1995,2040
1992,2017
1982,2039
1984,2005
1981,2036
1979,2059
1974,2011
1977,2032
1975,2068
1983,2076
1977,2042
1990,2039
1984,2037
1993,2023
1993,2071
2003,2068
2004,2011
2001,2064
2015,2046
2009,2009
2011,2041
2013,2037
2031,1990
2031,2094
2034,2061
2044,2018
2043,2055
2065,2060
2063,2063
2073,2035
2083,2036
2071,2073
2087,2007
2087,2044
2100,2007
2107,2073
2105,2069
2109,2007
2120,2023
2129,2038
2135,2054
2133,2026
2140,2035
2139,2025
2144,2060
2139,2071
2142,2018
2144,2056
2152,2046
2152,2065
2143,2044
2147,2023
2147,2033
2151,2045
2139,2040
2148,2003
2131,2009
2135,2054
2123,2007
2132,2053
2129,2065
2119,2071
2115,2033
2112,2034
2109,2074
2107,2029
2093,2068
2095,2075
2088,2073
2078,2048
2083,2029
2077,2068
2063,2074
2048,2068
2056,2080
2037,2040
2036,2048
2030,2028
2026,2017
2022,2019
2009,2027
2012,2011
2009,2027
1997,2040
2001,2079
2001,2020
1999,2063
1993,2056
1988,2041
1991,2077
1996,2073
1991,2071
1989,2054
1987,2005
1989,2017
1992,2001
1987,2043
1995,2056
1997,2034
1997,2068
2004,2063
2006,2017
2003,2065
2015,2063
2014,1989
2023,2066
2026,2001
2032,2060
2031,2040
2043,2004
2047,2023
2043,2029
2066,2043
2071,2055
2077,2020
2076,2008
2081,2042
2075,2030
2085,2024
2100,2004
2105,2037
2112,2048
2107,2037
2117,2038
2124,2045
2128,2017
2131,2078
2131,2071
2140,2021
2138,2027
2140,2048
2144,2019
2148,2017
2139,2056
2145,2070
2143,2066
2146,2019
2147,1995
2136,2027
2131,2011
2137,2067
2123,2029
2127,2039
2120,2059
2122,2071
2107,2071
2118,2005
2107,2040
2092,2056
2092,2063
2091,2037
2082,2041
2076,2053
2073,2073
2068,2063
2063,2025
2064,2029
2063,2057
2043,2028
2038,2021
2031,2027
2027,2002
2015,2036
2011,2063
2003,2039
2009,2007
2002,2019
2005,2072
2002,2009
1990,2033
1995,2011
1988,2093
1984,2075
1990,1999
1984,2021
1984,2037
1988,2047
1984,2073
1987,2028
1993,2040
1992,2035
1991,2059
1991,2041
1997,2051
2004,1987
2002,2039
2003,2083
2011,2043
2017,2019
2017,2010
2031,2005
2023,2080
2023,2058
2041,2022
2041,2058
2044,2069
2055,2058
2065,2065
2072,2007
2069,2027
2082,2035
2086,2071
2091,2021
2097,2067
2107,2028
2101,2040
2107,2031
2103,2059
2125,2003
2121,2057
2123,2022
2129,2056
2136,2028
2139,2065
2130,2030
2144,2011
2144,2067
2145,2067
2144,2065
2144,2035
2142,2036
2139,2059
2133,2055
2131,2027
2133,2039
2129,1990
2132,2029
2117,2053
2121,2055
2120,2024
2115,2047
2108,2044
2107,2028
2103,2025
2090,2071
2081,2071
2087,2063
2083,2041
2063,2030
2063,2011
2056,2027
2063,2077
2039,2019
2043,2039
2033,2064
2028,2075
2028,2063
2019,2045
2016,2043
2007,2041
2009,2056
2008,2019
2000,2030
1989,2077
2000,2009
1996,2029
1992,1995
1987,2058
1996,2015
1987,2067
1992,2025
1993,2029
1998,2073
1988,2040
1996,2030
1993,2033
1993,2039
2003,2030
2008,2019
2013,2029
2002,2009
2013,2041
2024,2023
2017,2031
2027,2005
2032,2074
2027,2048
2053,2048
2043,2029
2062,2058
2060,2067
2068,2036
2072,2073
2081,1994
2083,2040
2089,2023
2089,2007
2104,2043
2099,2048
2101,2034
2104,2042
2117,2056
2126,2017
2125,2037
2129,2065
2140,2060
2140,2025
2151,2075
2139,2055
2150,2033
2142,2040
2152,2056
2149,2080
2141,2067
2145,2055
2148,2009
2152,2023
2146,2021
2139,2056
2137,2063
2135,2008
2119,2031
2120,2056
2125,2008
2109,2021
2105,2008
2111,2048
2104,2015
2093,2025
2091,2048
2080,2061
2088,2011
2071,2055
2074,2015
2066,2078
2063,2056
2041,2019
2041,2025
2034,2036
2027,2028
2027,2005
2015,2053
2015,2076
2007,2042
2005,2035
2001,2040
1996,2007
1989,2021
1980,2039
1983,2043
1992,2042
1986,2027
1987,2005
1983,2040
1981,2047
1979,2079
1972,2039
1991,2041
1984,2039
1978,2069
1977,2044
1990,2030
1994,2076
1996,2067
1997,2063
1995,2028
2009,2017
2019,2033
2018,2027
2028,2075
2028,2034
2032,2035
2037,2066
2046,2035
2053,2040
2058,2061
2068,2039
2072,2008
2068,2042
2073,2041
2077,2059
2092,2009
2096,2011
2103,2011
2093,2007
2112,2039
2124,2066
2117,2053
2124,2021
2132,2029
2137,2040
2139,2042
2141,2058
2140,2039
2140,2037
2145,2008
2151,2077
2135,2043
2143,2061
2142,2033
2133,2025
2125,2055
2131,2009
2123,2037
2131,2043
2128,2023
2112,2037
2112,2077
2111,2077
2107,2042
2085,2080
2093,2055
2089,2047
2087,2048
2076,2011
2076,2012
2069,2043
2063,2007
2060,2080
2056,2039
2043,2057
2031,2068
2033,2019
2031,2021
2027,2068
2022,2042
2019,2056
2011,2080
2008,2040
2005,2075
1992,2055
1994,2039
1997,2039
1987,2003
1988,2015
1987,2038
1993,2039
1976,2027
1991,2092
1989,2054
1991,2022
1981,2079
1982,2066
1991,2040
2002,2054
2002,2076
2007,2046
2007,2012
2011,2028
2018,1989
2019,2033
2026,2057
2029,2045
2032,2047
2040,2045
2056,2005
2045,2006
2057,2042
2063,2045
2071,2048
2079,2011
2088,2018
2080,2076
2090,2053
2103,2060
2107,2059
2108,2063
2116,2039
2122,2048
2127,2001
2123,2029
2127,2042
2135,2068
2141,2019
2144,2053
2153,2029
2155,2042
2152,2003
2155,2027
2160,2041
2158,2072
2150,2039
2160,2041
2156,2025
2153,2037
2155,2038
2139,2048
2148,2043
2141,2041
2140,2064
2131,2027
2131,2052
2124,2019
2121,2023
2107,2015
2104,2038
2107,2021
2102,2033
2097,2040
2092,2025
2092,2076
2073,2044
2077,2043
2067,2035
2069,2058
2043,2055
2039,2054
2043,2056
2040,2011
2035,2068
2024,2070
2016,2043
2016,2027
2011,2052
1995,2080
2004,2005
1989,2008
1999,2037
1997,2036
1991,2028
1996,2052
1998,2057
1988,2056
1987,2065
1989,2027
1992,2041
1996,2077
1993,2040
1998,2035
1991,1999
2004,2009
1996,2068
2006,2017
2015,2071
2015,2039
2016,2029
2019,2043
2026,2056
2030,2029
2039,2019
2043,2040
2056,2067
2046,2043
2065,2043
2065,2057
2073,2079
2080,2040
2082,2056
2092,2059
2100,2041
2104,2071
2112,2040
2103,2037
2123,2039
2107,2029
2127,2034
2130,2037
2131,2022
2134,2079
2143,2018
2144,2019
2150,2010
2152,2022
2145,2067
2147,2033
2152,2015
2155,2042
2151,2063
2152,2093
2153,2075
2148,2057
2151,2058
2143,2044
2139,2040
2139,2063
2143,2030
2131,2085
2133,2066
2125,2035
2120,2058
2120,2057
2105,2080
2093,2037
2101,2063
2097,2065
2086,2043
2083,2072
2087,2033
2081,2068
2067,2007
2069,2044
2063,2066
2059,2064
2056,2043
2037,2076
2032,2075
2028,2067
2017,2038
2019,2031
2021,2041
2011,2075
2007,2063
2019,2068
2005,2043
2015,2033
2007,2037
2009,2064
2013,2077
2007,2077
2007,2042
2009,2056
2013,2021
2008,2017
2015,2037
2023,2048
2019,2067
2021,2066
2027,2055
2027,2004
2028,2053
2027,2067
2041,2019
2051,2037
2043,2063
2064,2037
2068,2041
2067,2040
2071,2027
2074,2074
2085,2059
2087,2054
2099,2063
2104,2040
2117,2091
2112,2077
2122,2005
2115,2066
2128,2046
2132,2072
2142,2071
2139,2028
2148,2071
2152,2063
2152,2061
2160,2029
2159,2063
2163,2063
2163,2065
2165,2053
2160,2075
2160,2046
2164,2015
2155,2057
2152,2073
2155,2065
2147,2043
2147,2017
2148,2066
2133,2039
2137,2021
2131,2067
2133,2069
2115,2047
2117,2032
2110,2063
2108,2065
2091,2072
2097,2056
2085,2035
2080,2065
2080,2033
2067,2080
2066,2017
2054,2028
2048,2003
2039,2063
2026,2069
2024,2064
2019,2063
2011,2034
2008,2046
2008,2023
2011,2053
2004,2040
2002,2069
1987,2035
1992,2070
1993,2058
1987,2025
1992,2031
1991,2063
1981,2027
1992,2043
1994,2039
1992,2066
1999,2085
1989,2048
1995,2036
1992,2021
2007,2062
2007,2025
2016,2010
2016,2025
2020,2056
2021,2071
2025,2025
2021,2028
2035,2063
2043,2037
2044,2042
2058,2034
2057,2044
2063,2040
2074,2021
2071,2035
2085,2063
2089,2027
2091,2008
2095,1992
2106,2031
2107,1995
2105,2052
2122,2027
2117,2011
2136,2080
2129,2011
2136,2018
2137,2033
2152,1992
2144,2079
2131,2017
2148,2056
2152,2019
2151,2024
2152,2028
2148,2073
2152,2038
2150,2021
2144,2023
2139,2024
2140,2027
2136,2040
2128,2043
2124,2021
2121,2048
2112,2059
2110,2054
2108,2019
2099,2073
2098,2005
2085,2010
2075,2015
2073,2028
2071,2058
2071,2073
2063,2075
2055,2027
2053,2036
2033,2026
2033,2013
2020,2038
2017,2056
2016,2078
2008,2047
2007,2067
2001,2034
1992,2066
1987,2043
1980,2059
1977,2072
1983,2064
1983,2011
1973,2043
1977,2052
1976,2011
1979,2088
1973,2056
1980,2076
1984,2080
1982,2040
1965,2029
1981,2019
1983,2037
1981,2035
1989,2015
1975,2023
2006,2069
2011,2033
2009,2028
2016,2033
2019,2027
2011,2088
2032,2024
2035,2069
2028,2046
2044,2056
2045,2045
2055,2069
2065,2021
2071,2067
2074,2056
2075,2020
2091,2032
2092,2043
2095,2021
2102,2063
2103,2035
2109,2028
2115,2043
2107,2025
2121,2044
2135,2064
2136,2044
2133,2055
2138,2027
2132,2055
2142,2019
2140,2066
2138,2039
2139,2056
2133,2063
2135,2005
2136,2017
2134,2057
2132,2027
2132,2053
2131,2063
2123,2078
2125,2027
2098,2024
2108,1997
2102,2078
2101,2042
2098,2063
2090,2027
2081,2017
2085,2066
2089,2071
2075,2021
2063,2063
2053,2079
2060,2063
2056,2066
2034,2058
2041,2024
2027,2058
2027,2052
2023,2056
2011,2063
2011,2057
2008,2027
2004,2056
2009,2054
2003,2060
1998,2092
1999,2058
1999,2019
1996,2030
1994,2072
1998,2027
2000,1998
1996,2035
1995,2063
2003,2060
1999,2063
1999,2041
2008,2044
2008,2071
2015,2031
2023,2068
2024,2063
2029,2021
2021,2035
2035,2056
2041,2033
2043,2064
2056,2055
2064,2077
2071,2021
2072,2071
2075,2058
2092,2025
2087,2080
2099,2061
2089,2039
2103,2034
2104,2043
2120,2029
2127,2044
2130,2078
2132,2075
2136,2047
2140,2056
2147,2027
2149,2043
2156,2026
2160,2080
2158,2017
2153,2023
2155,2042
2161,2069
2159,2040
2163,2023
2164,2008
2166,2053
2167,2075
2162,2029
2163,2063
2157,2031
2153,2066
2152,2037
2144,2004
2143,2028
2143,2022
2139,2044
2133,2070
2119,2039
2115,2037
2116,2072
2104,2036
2104,2068
2092,2072
2088,2072
2082,2030
2074,2078
2071,2041
2073,2046
2063,2056
2043,2088
2039,2072
2037,2063
2028,2070
2020,2056
2011,2056
2009,2044
2011,2023
1997,2045
1996,2046
1995,2055
1995,2087
1995,2028
1994,2027
1994,2079
1981,2077
1980,2057
1979,2072
1975,2020
1980,2048
1994,2039
1984,2038
1993,2003
1989,2029
1994,2056
1997,2056
1998,2011
2011,2021
2008,2043
2021,2023
2023,2071
2030,2004
2027,2035
2043,2041
2043,2017
2037,2028
2038,2037
2065,2072
2067,2057
2072,2065
2071,2021
2075,2025
2087,2032
2092,2047
2085,2023
2093,2053
2107,2034
2112,2033
2119,2056
2116,2041
2119,2071
2136,2057
2135,2045
2144,1997
2148,2030
2148,2021
2151,2040
2149,2009
2139,2015
2143,2055
2152,2046
2150,2043
2145,2031
2153,2027
2147,2017
2137,2019
2144,2045
2135,2056
2131,2054
2119,2055
2125,2021
2123,2015
2112,2009
2103,2017
2100,2029
2093,2040
2085,2048
2092,2065
2077,2071
2077,2011
2073,2025
2071,2068
2053,2072
2058,1989
2040,2076
2029,2037
2027,2055
2031,2048
2020,2067
2023,2080
2013,2058
2016,2053
2008,2066
1995,2025
1998,2007
1993,1995
2004,2071
1995,2080
1999,2036
1996,2080
1995,1993
1992,2035
2000,2017
1996,2029
1987,2041
1996,2063
1997,2071
1996,2039
1997,2015
2007,2023
2014,2063
2011,2018
2017,2017
2020,2036
2025,2072
2029,2038
2023,2021
2037,2057
2040,2054
2041,2043
2039,2041
2066,2053
2068,2053
2076,2005
2076,2035
2081,2035
2090,2023
2100,2057
2104,2083
2106,2072
2103,2023
2104,2025
2115,2040
2127,2019
2129,1989
2131,2034
2135,2017
2143,2011
2133,2067
2146,2017
2139,2063
2149,2043
2143,2039
2144,2001
2143,2055
2139,2029
2139,2093
2140,2042
2140,2018
2139,2047
2129,2045
2140,2063
2137,2063
2128,2037
2120,2035
2105,1995
2110,2067
2108,2007
2095,2010
2095,2064
2092,2060
2088,2056
2083,2059
2073,2044
2071,2091
2053,2041
2063,2077
2056,2071
2041,2028
2041,2048
2031,2047
2023,1995
2021,2057
2020,2032
2009,2025
2004,2011
1997,2033
1991,2042
1996,2046
1999,2015
1995,2007
1987,2055
1992,2039
1986,2040
1990,2047
1981,2067
1978,2057
1984,2063
1987,2055
1998,2042
1997,2022
1999,2027
1999,2053
2001,2071
2006,2071
2010,2056
2016,2072
2009,2032
2015,2019
2024,2072
2025,2053
2035,2065
2029,2033
2035,2027
2039,2068
2048,2046
2064,2027
2064,2036
2074,2027
2076,1995
2074,2047
2088,2060
2088,2047
2089,2069
2103,2039
2099,2039
2106,2040
2116,2067
2118,2065
2128,2042
2123,1989
2131,2024
2136,2078
2135,2062
2141,2056
2137,2021
2143,1979
2136,2055
2131,2009
2143,2021
2131,2019
2136,1995
2124,2004
2125,1999
2131,2041
2127,2063
2127,2080
2121,2033
2117,2064
2107,2055
2107,2005
2110,2023
2097,2075
2099,2029
2089,2032
2079,2065
2069,2023
2076,2025
2071,2029
2067,2043
2056,2063
2043,2068
2036,1980
2040,2063
2030,2073
2017,2033
2022,2063
2015,2042
2003,2042
2003,2017
1995,2027
1989,2025
1989,2047
1987,2073
1990,2009
1984,2064
1984,2041
1981,2039
1975,2052
1981,2080
1977,2058
1979,2068
1987,2038
1977,2072
1979,2044
1984,2061
1998,2029
1999,2015
1994,2052
2004,2063
1997,2033
2009,2053
2017,2010
2007,2042
2015,2022
2027,2066
2031,2043
2036,2053
2042,2018
2041,2070
2059,2051
2063,2035
2068,2025
2072,2044
2083,2040
2081,2045
2088,2044
2088,1994
2088,2011
2098,2019
2108,2063
2118,2060
2117,2036
2124,2042
2124,2027
2135,2056
2130,2029
2129,2015
2137,2034
2143,2056
2140,2070
2139,2064
2145,2074
2138,2046
2144,2063
2136,2030
2137,2063
2133,2024
2131,2027
2136,2033
2119,2054
2119,2021
2124,2010
2117,2023
2107,2010
2099,2053
2091,2063
2095,2033
2085,2044
2088,2052
2081,2079
2081,2087
2065,2077
2066,2056
2063,2043
2058,2035
2040,2019
2037,1995
2029,2068
2029,2023
2024,2028
2018,2071
2009,2056
2010,2068
1999,2018
1992,2021
1993,2034
1996,2083
1987,2057
1993,2035
1995,2042
1991,2035
1992,2027
1989,2040
1991,2090
1989,2069
1994,2044
1999,2029
2004,2004
2007,2027
2005,2033
1995,2018
2002,2036
2007,2056
2011,2055
2019,2071
2025,2065
2033,2035
2027,2027
2031,2009
2044,2063
2056,2021
2063,2015
2066,2072
2063,2042
2076,2025
2075,2041
2083,2040
2085,2060
2088,2026
2106,2044
2108,2042
2115,2072
2117,2057
2115,2027
2123,2067
2131,2071
2131,2056
2139,2046
2139,2039
2151,2019
2151,2044
2149,2052
2153,2039
2151,2076
2149,2039
2151,2043
2155,2015
2151,2017
2152,2032
2150,2044
2144,2023
2139,2023
2129,1998
2131,2041
2118,2028
2124,2021
2127,2076
2116,2073
2117,2037
2101,2040
2109,2029
2089,2027
2092,2024
2081,2072
2076,2027
2079,2060
2076,2060
2065,2067
2065,2059
2043,2047
2045,2056
2039,2032
2027,2009
2025,2029
2015,2048
2021,2065
2009,2039
2008,2040
2002,2025
1991,2055
1994,2063
1992,2038
1992,2004
1984,2054
1979,2053
1983,2048
1976,2054
1984,2036
1980,2015
1975,2048
1984,2043
1995,2036
1992,2068
1992,2027
1999,2008
1998,2036
2004,2015
1996,2039
2009,2057
2009,2083
2024,2071
2024,2023
2019,2071
2030,2012
2037,2003
2029,2005
2044,2027
2041,2032
2060,2056
2063,2067
2071,2088
2071,2043
2077,2017
2088,2008
2090,2072
2090,2080
2100,2072
2107,2044
2116,2058
2126,2052
2124,2008
2127,2044
2134,2068
2135,2048
2135,2065
2139,2066
2145,2066
2145,2037
2148,2051
2143,2056
2137,2025
2152,2085
2145,2048
2140,2053
2137,2045
2145,2017
2136,2038
2129,2041
2131,2033
2127,2036
2124,2021
2124,2011
2107,2008
2115,2076
2099,2007
2100,2072
2102,2075
2091,2060
2087,2048
2085,2031
2076,2021
2063,2039
2067,2059
2060,2080
2056,2027
2052,2037
2036,2040
2035,2061
2033,2055
2025,2035
2011,2036
2005,2042
2005,2040
2009,2033
2003,2015
1993,2059
1996,2043
1996,2063
1997,2023
1989,2056
1977,2063
1988,2068
1983,2061
1992,2012
1979,2002
1987,2029
1989,2063
1997,2074
2000,2056
2003,2068
2006,2044
2012,2009
2013,2065
2016,2043
2017,2045
2024,2010
2026,2070
2031,2072
2040,2040
2043,2021
2056,2071
2043,2001
2064,2056
2066,2065
2074,2069
2080,2063
2085,2039
2091,2041
2095,2032
2111,2075
2105,2044
2107,2088
2109,2029
2125,2033
2129,2063
2135,2045
2137,2063
2133,1993
2147,2036
2146,2065
2145,2032
2152,2037
2151,2008
2145,2027
2158,2066
2160,2015
2155,2063
2155,2080
2153,2028
2147,2048
2139,2074
2149,2029
2141,2025
2136,2076
2125,2075
2125,2072
2120,2039
2120,2020
2116,2070
2111,2073
2104,2065
2096,2058
2091,2039
2085,2035
2081,2012
2069,2029
2063,2023
2070,2030
2043,2024
2059,2016
2037,2040
2029,2077
2035,2021
2024,2080
2029,2027
2024,2039
2015,2051
2011,2037
2007,2080
2012,2017
2010,2040
2008,2068
2008,2075
2007,2072
2001,2047
1996,2044
2001,2073
2000,2009
1999,2041
2000,2056
2003,2023
2006,2015
2009,2059
2005,2067
2016,2002
2020,2063
2020,2008
2029,2048
2033,2058
2024,2055
2039,2067
2044,2003
2046,2072
2067,2046
2064,2039
2072,2060
2071,2048
2069,2033
2085,2069
2088,2044
2097,2068
2099,2011
2096,2060
2104,2025
2109,2008
2112,2034
2131,2037
2127,1993
2124,2011
2133,2063
2135,2003
2143,2072
2151,2023
2150,2060
2151,2072
2146,2005
2152,2059
2147,2028
2150,2053
2147,2051
2144,2015
2152,2042
2146,2037
2153,2035
2148,2093
2143,2053
2137,2021
2132,2083
2124,2021
2122,2071
2109,2063
2103,2065
2101,2038
2103,2056
2091,2063
2086,2063
2088,2040
2083,2056
2080,2091
2078,2009
2067,2036
2063,2046
2046,2066
2044,2039
2040,2064
2028,2061
2017,2079
2024,2036
2015,2027
2016,2039
2007,2039
2003,2063
1990,2056
1987,2021
2000,2036
1992,2008
1979,2030
1989,2001
1977,2015
1987,2065
1992,2045
1981,2056
1994,2038
1992,2046
1984,2028
1995,2003
2000,2025
1998,2073
1993,2064
2007,2029
2008,2037
2008,2063
2015,2043
2023,2063
2020,2025
2028,2037
2027,2011
2035,2047
2036,2029
2043,2056
2043,2072
2057,2038
2071,2025
2068,2041
2071,2039
2075,2040
2089,2047
2090,2053
2092,2096
2105,2056
2105,2035
2105,2023
2120,2067
2119,2027
2128,2025
2119,2058
2132,2027
2139,2033
2128,2027
2136,2030
2135,2013
2135,2028
2137,2027
2131,2044
2135,2031
2135,2023
2131,2048
2127,2072
2128,1963
2128,2041
2119,2078
2112,2071
2115,2075
2107,2065
2107,2084
2113,2077
2097,2064
2095,1989
2091,2047
2085,2039
2079,2071
2073,2024
2065,2084
2069,2027
2043,2037
2044,2023
2037,2043
2036,2069
2025,2055
2025,2043
2013,2080
2020,2070
2015,2042
2012,2033
2003,2019
1999,2019
1994,2029
1995,2072
2001,2070
1993,2030
1989,2056
1976,2063
1984,2028
1987,2009
1977,2037
1982,2029
1992,2063
1991,2072
1990,2070
1991,2039
1995,2053
2001,2047
2001,2071
1997,2063
2005,2064
2017,2023
2018,2078
2024,2074
2028,2007
2035,2080
2040,2046
2040,2056
2056,1995
2057,2088
2059,2036
2057,2075
2069,2040
2079,2079
2077,2020
2090,2078
2095,2080
2093,2045
2107,2037
2105,2075
2113,2035
2122,2001
2126,2016
2128,2048
2123,2079
2132,2107
2144,2071
2145,2071
2135,2065
2143,2033
2147,2039
2148,2063
2157,2074
2139,2037
2150,2085
2149,2045
2151,2094
2143,2040
2143,1995
2137,2011
2140,2004
2131,2005
2121,2088
2125,2028
2105,2075
2115,2039
2116,2039
2104,2041
2102,2094
2096,2038
2088,2090
2088,2072
2082,2038
2082,2012
2057,2021
2063,1997
2058,2004
2054,2030
2052,2008
2042,2059
2032,2063
2020,2063
2027,2033
2011,2025
2017,2041
2008,2044
2008,1997
2003,2057
2000,2052
2003,1989
1987,2077
1998,2019
1991,2036
1992,1949
1991,2042
1991,2056
1997,2017
1995,2032
1995,2063
1995,2071
2001,2041
2003,2072
2000,2112
2001,2068
2007,2079
2017,2039
2015,1988
2019,2040
2023,2055
2029,2015
2041,2041
2041,2052
2056,2070
2067,2029
2070,1977
2076,2004
2075,2072
2077,1980
2097,2028
2089,2011
2095,2027
2104,2027
2105,2108
2105,2019
2108,2037
2113,2007
2125,2021
2126,2008
2133,2033
2144,2011
2136,2037
2139,2001
2145,2023
2139,2015
2149,2061
2143,2023
2156,2063
2147,2018
2155,2012
2151,2072
2150,2065
2154,2063
2150,2063
2140,2047
2141,2078
2135,2031
2124,2067
2119,2026
2125,2043
2127,2022
2112,2003
2112,2007
2107,2008
2089,2042
2093,2011
2088,2039
2085,2027
2075,2041
2071,2032
2065,2041
2063,2104
2044,2080
2041,2040
2032,2025
2032,2040
2025,2068
2016,2022
2015,2041
2005,2068
2004,2033
1997,2048
1995,2010
1975,2041
1990,2035
1989,2023
1979,2045
1980,2031
1977,2037
1971,2056
1979,2096
1983,2026
1983,2060
1978,2042
1980,1992
1979,2031
1987,1993
1980,2037
1993,2015
1991,2023
2000,2083
2000,2076
2001,2007
2001,2031
2011,2015
2020,1989
2029,2040
2028,1995
2027,2025
2037,2015
2039,2031
2057,2094
2058,2011
2055,2037
2073,2043
2079,2057
2081,2035
2089,2064
2091,2015
2093,2018
2105,2005
2104,2055
2116,2076
2115,2042
2122,2100
2122,2082
2123,2039
2131,2042
2135,2055
2135,2044
2135,2053
2140,2019
2136,2025
2143,2005
2135,1987
2130,1990
2131,2040
2131,1988
2123,2042
2129,2085
2117,2144
2119,2063
2109,2027
2107,2074
2110,2007
2103,2045
2089,2009
2087,2003
2092,2063
2077,2001
2075,2034
2073,2039
2073,2007
2062,2008
2048,2015
2041,2011
2037,2032
2023,2059
2021,2063
2021,2039
2018,2069
2011,2072
2008,2057
2005,2096
1996,2081
1999,2059
1996,2060
1977,1963
1992,2041
1992,2030
1982,2063
1981,2071
1981,2072
1977,2069
1983,2041
1980,2039
1987,2069
1992,2086
1973,1987
1984,2071
1990,2041
1975,2018
1996,2063
1997,2075
1993,2053
2005,2031
2003,2075
2009,2004
2020,2003
2016,1981
2027,2023
2032,2027
2037,2030
2051,2035
2041,1995
2057,2005
2066,2004
2065,1991
2070,2017
2081,2032
2088,2043
2088,2019
2092,2045
2096,2021
2104,2079
2107,2028
2106,2010
2124,1993
2121,2044
2117,1995
2124,2105
2131,2035
2117,2017
2136,2104
2135,2061
2127,2029
2139,2026
2137,2052
2133,1983
2135,2025
2125,2079
2131,2043
2109,2029
2124,2021
2122,2061
2125,2036
2107,2077
2111,2041
2109,2075
2099,2102
2098,2066
2091,2056
2084,2045
2073,2047
2072,2071
2065,2040
2068,2019
2063,2076
2037,1997
2037,2063
2039,2037
2033,2065
2015,2048
2019,2023
2015,2038
2012,2030
2007,2029
2004,2026
1996,2039
1987,2076
1975,2025
1985,2040
1981,2063
1973,2035
1976,2068
1978,2063
1971,2068
1979,2058
1975,2068
1973,2040
1973,2037
1972,2033
1980,2041
1980,2035
1977,2040
1976,2072
1984,2015
1981,2017
1981,2033
1989,2027
1993,2061
2001,2061
2004,2008
2010,2071
2005,2040
2026,2029
2023,2063
2025,2036
2038,2039
2029,2007
2054,2044
2045,2020
2056,2010
2063,2057
2063,2080
2067,2075
2079,2065
2077,2037
2084,2015
2089,2044
2098,2026
2097,2056
2094,2023
2111,2056
2112,2063
2112,2038
2120,2009
2115,2015
2118,2064
2127,2003
2130,2023
2123,2042
2117,2007
2121,2025
2127,2019
2122,2017
2108,2024
2104,2025
2118,2039
2104,2056
2107,2080
2101,2017
2101,2041
2082,2030
2099,2075
2083,2040
2085,2076
2081,2075
2076,2055
2067,2066
2056,1997
2061,2069
2056,2043
2045,2040
2038,2054
2024,2072
2021,2052
2019,2037
2017,2024
2003,2027
2011,2059
2004,2067
1999,2056
1992,2060
1981,2080
1984,2029
2000,2074
1987,2031
1977,2019
1979,2056
1967,2041
1977,2042
1979,2071
1981,2056
1977,2035
1981,2022
1984,2056
1984,2067
1994,2063
2001,2024
1998,2019
2003,2057
2007,2068
2001,2025
2018,2017
2025,2077
2025,2045
2030,2029
2033,2072
2041,2056
2031,2055
2059,2035
2063,2036
2065,2055
2072,2063
2071,2055
2075,2051
2092,2056
2095,2055
2096,2080
2099,2063
2112,2041
2117,2025
2124,2080
2129,2029
2133,2040
2140,2065
2142,2045
2143,2017
2143,2035
2154,2012
2155,2048
2159,2042
2157,2019
2157,2040
2160,2056
2159,2031
2155,2061
2157,2060
2153,2043
2153,2045
2152,2074
2147,2029
2147,2005
2136,2021
2132,2019
2129,2037
2135,2057
2122,2065
2120,2064
2118,2088
2112,2029
2107,2019
2103,2040
2099,2068
2088,2032
2085,2068
2067,2043
2075,2064
2055,2081
2063,2055
2043,2035
2048,2055
2040,2019
2038,2042
2029,2035
2032,2024
2027,2033
2019,2080
2014,2069
2016,2039
2006,2034
2010,2056
2012,2017
2001,2024
1993,2027
1993,2041
1999,2022
2004,2057
1997,2063
1999,2064
2004,2013
2008,2060
2011,2049
2013,2041
2011,2069
2020,2048
2024,2036
2024,2061
2032,2020
2032,2012
2039,2025
2033,2040
2043,2019
2055,2052
2063,2048
2065,2063
2073,2044
2071,2021
2081,2039
2088,2023
2083,2041
2092,2009
2101,2029
2107,2047
2106,2052
2120,2033
2120,2007
2118,2021
2128,2040
2135,2034
2127,2066
2141,2055
2144,2035
2144,2011
2146,2029
2149,2009
2151,2038
2143,2043
2146,2012
2151,2065
2151,2041
2143,2052
2144,2029
2143,2023
2141,2044
2137,2018
2135,2053
2121,2027
2123,2071
2117,2060
2104,2044
2101,2010
2102,2044
2102,2005
2096,2058
2084,2037
2079,2056
2075,2073
2067,2075
2053,2057
2055,2060
2044,2019
2041,2007
2039,2048
2024,2042
2012,2035
2009,2064
2007,1999
1999,2039
2000,2060
1992,2044
1987,2027
1978,2056
1974,2067
1970,2076
1970,2063
1966,2061
1964,2020
1959,2026
1961,2038
1959,2027
1959,2060
1957,2066
1961,2026
1963,2055
1962,2073
1965,2048
1965,2022
1963,2056
1977,2041
1977,2003
1980,2033
1979,2045
1989,2072
1989,2048
2007,2027
1996,2011
1997,2035
2020,2066
2010,2029
2019,2011
2031,2009
2025,1991
2033,2038
2040,2022
2059,2063
2041,2072
2068,2051
2078,2019
2074,2048
2070,2065
2084,2024
2083,2064
2100,2011
2095,2003
2104,2060
2105,2046
2117,2056
2117,2054
2118,2048
2118,2053
2119,2019
2125,2019
2119,2079
2125,2055
2124,2063
2122,2079
2123,2057
2119,2044
2103,2056
2104,2027
2107,2053
2102,2053
2104,2029
2102,2082
2093,2056
2098,2039
2088,2075
2073,2007
2071,2040
2073,2055
2066,2039
2064,2009
2056,2024
2046,2055
2040,2041
2024,2068
2031,2068
2019,2045
2022,2017
2012,2003
2012,2045
2009,2024
1999,2039
1994,2030
1992,2027
1991,2051
1977,2042
1987,2063
1976,2009
1977,2072
1973,2064
1974,2047
1964,2065
1974,2027
1973,2025
1972,2027
1969,2027
1979,2079
1979,2063
1984,2035
1976,2019
1990,2079
1994,2031
1995,2068
1997,2055
2002,2003
2007,2027
2015,2056
2013,2039
2019,2072
2030,2043
2030,2067
2035,2027
2039,2040
2045,2043
2056,2029
2056,2035
2067,2039
2065,2027
2088,2034
2088,2026
2095,2059
2091,2057
2093,2041
2102,2029
2107,2035
2107,2019
2123,2037
2127,2053
2131,2019
2133,2061
2136,2093
2135,2053
2145,2015
2148,2067
2143,2079
2133,2068
2143,1999
2139,2065
2144,2021
2144,2037
2140,2053
2141,2091
2135,2060
2136,2071
2133,2080
2124,2055
2120,2074
2115,2017
2104,2015
2101,2055
2097,2057
2098,2075
2096,2068
2091,2056
2088,2069
2080,2089
2072,2019
2072,2071
2064,2056
2055,2008
2040,2077
2039,2041
2038,2019
2026,2061
2030,2023
2022,2019
2024,2043
2020,2033
2011,2017
2005,2067
2005,2033
2004,2043
1996,2043
1991,2058
1999,2073
1992,2063
1990,2073
1997,2060
1995,2045
1988,2024
1996,2066
1995,2056
1992,2043
2008,2033
2003,2039
1993,1997
2003,2058
2011,2035
2012,2048
2024,2063
2025,2035
2020,2033
2031,2017
2038,2075
2037,2025
2039,1992
2043,2069
2056,2024
2065,2066
2071,2028
2077,2046
2073,1995
2086,2025
2095,2040
2089,2043
2100,2007
2104,2019
2109,2068
2119,2059
2123,2063
2126,2017
2131,2025
2121,2063
2132,2063
2137,2032
2130,2035
2139,2056
2138,2035
2141,2065
2140,2048
2143,2043
2140,2025
2139,2003
2141,2025
2140,2019
2133,2060
2139,2075
2133,2039
2132,2035
2127,2043
2120,2025
2111,2047
2107,2063
2107,2046
2109,2071
2093,2045
2101,2043
2087,2079
2086,2028
2067,2037
2069,2077
2068,2070
2060,2063
2040,1990
2055,2045
2039,2072
2030,2015
2025,2078
2017,2023
2023,2071
2019,1996
2001,2039
2008,2065
2007,2057
2001,2055
1987,2040
1999,2040
1991,2037
1991,2034
1991,2023
1979,2045
2000,2090
1988,2061
1997,2079
1980,2035
1995,2053
1998,2056
2000,2059
2003,2058
2000,2025
2010,2020
2013,2060
2021,2007
2015,2060
2017,2043
2027,2054
2031,2018
2029,2039
2039,2042
2047,2072
2059,2053
2053,2041
2071,2003
2067,2048
2076,2036
2091,2017
2088,2060
2099,2026
2087,2063
2103,2044
2105,2028
2109,2058
2119,2001
2127,2063
2125,2018
2130,2040
2138,2063
2143,2022
2142,2041
2135,2031
2144,2007
2147,2063
2145,2027
2151,2065
2152,2068
2147,2029
2143,2009
2145,2030
2143,2043
2137,2008
2135,2001
2131,2034
2136,2043
2129,2040
2125,2048
2110,2024
2124,2066
2107,2063
2110,2082
2097,2055
2093,2053
2091,2048
2083,2072
2075,2065
2083,2029
2065,2047
2067,2037
2043,2063
2044,2077
2035,2011
2035,2035
2026,2057
2026,2066
2021,2064
2007,2040
2005,2039
2007,2077
1999,2075
1996,2027
1996,2054
1987,2072
1992,2019
1989,2071
1983,2053
1994,2018
1979,2036
1994,2039
1995,2013
1979,2043
1988,2041
1994,2003
1999,2029
1995,2034
1996,2023
2003,2053
2012,2036
2011,2077
2018,2023
2015,2026
2023,2025
2028,2068
2025,2035
2031,2029
2037,2012
2043,2003
2053,2046
2057,2066
2059,2035
2071,2029
2078,2011
2089,2072
2079,2028
2087,2015
2097,2059
2099,2060
2104,2066
2112,1991
2107,2017
2124,2075
2129,2059
2123,2057
2132,2009
2137,2064
2139,2028
2141,2029
2143,2044
2139,2043
2135,2029
2135,2011
2142,2064
2143,2042
2140,2044
2138,2065
2137,2088
2136,2043
2135,2063
2128,2055
2127,2060
2115,2032
2115,2063
2106,2039
2098,2029
2097,2063
2088,2056
2084,2048
2075,2055
2078,2042
2073,2088
2071,2024
2068,2064
2055,2061
2043,2021
2039,2040
2023,2057
2019,2019
2017,2044
2014,2037
2014,2071
2007,2056
1992,2089
1988,2023
1987,2037
1977,2039
1979,2033
1981,1995
1971,2033
1965,2045
1966,2043
1972,2043
1971,2069
1975,2059
1971,2035
1976,2011
1975,2059
1972,1995
1971,2056
1978,2040
1980,2074
1980,2068
1981,2066
1991,2052
1995,2044
1995,2044
1980,2037
2006,2011
2014,2039
2019,2054
2015,2046
2018,2009
2028,2025
2033,2056
2044,2021
2053,2022
2063,2044
2063,2075
2071,2063
2076,2066
2071,2037
2084,2067
2089,2076
2094,2039
2096,2066
2108,2052
2103,2041
2122,2035
2121,2069
2123,2043
2123,2027
2132,2084
2136,2056
2135,2073
2147,2067
2139,2063
2137,2040
2139,2066
2137,2080
2140,2025
2132,2005
2135,2021
2132,2035
2130,2063
2121,2036
2109,2012
2107,2060
2115,2036
2109,2021
2106,2047
2104,2027
2098,2035
2092,2063
2091,2056
2071,2039
2073,2039
2073,2028
2059,2054
2055,2057
2063,2026
2042,2087
2037,2077
2024,2044
2027,2033
2016,2040
2008,2059
2001,2068
2004,2022
2007,2063
1999,2069
1999,2017
1981,2063
1998,2064
1989,2088
1988,2072
1984,2064
1973,2008
1980,2071
1981,2070
1971,2024
1975,2071
1980,2063
1977,2046
1987,2068
1984,2025
1991,2069
1999,2030
1999,2068
2003,2039
2001,2060
2012,2030
2018,2048
2024,2023
2024,2063
2029,2028
2041,2048
2032,2068
2043,2031
2063,2073
2065,2065
2069,2021
2069,2071
2073,2036
2083,2007
2088,2037
2089,2039
2097,2035
2103,2048
2104,2059
2105,2020
2129,2046
2128,2066
2133,2037
2131,1995
2139,2003
2133,2059
2135,2040
2145,2022
2149,2019
2152,2043
2151,2027
2144,2023
2139,2068
2147,2036
2146,2072
2148,2063
2151,2029
2140,2043
2145,2080
2138,2056
2133,2019
2136,2037
2132,2023
2119,2023
2104,2043
2112,2006
2116,2070
2105,2036
2092,2017
2095,2027
2084,2023
2080,2028
2069,2056
2072,2063
2065,2066
2063,2024
2039,2041
2045,2015
2040,2037
2030,2004
2019,2019
2024,2027
2023,2037
2014,2027
2017,2017
2009,2039
2006,2078
2007,2043
2007,1999
2000,2020
1989,2068
2006,2039
2004,2037
1995,2040
2000,2024
1989,2063
2006,2074
1997,2057
1995,2040
1999,2039
2003,2071
2013,2025
2015,2044
2015,2053
2015,2027
2029,2030
2025,2018
2028,1997
2035,2023
2042,2017
2048,2045
2043,2027
2059,1999
2068,2008
2076,2056
2071,2044
2084,2065
2085,2003
2096,2068
2095,2060
2097,2025
2098,2035
2107,2036
2113,2042
2119,2072
2127,2063
2122,2031
2123,2029
2139,2065
2137,2025
2144,2072
2144,2044
2143,2075
2144,2067
2149,2060
2143,2072
2135,2021
2145,2019
2143,2036
2140,2069
2137,2011
2135,2041
2128,2025
2135,2044
2126,2037
2121,2021
2112,2071
2112,2039
2105,2027
2103,2056
2099,2023
2095,2072
2089,2073
2083,2063
2072,2043
2070,2034
2069,2035
2043,2043
2040,2059
2043,2063
2028,2036
2028,2088
2023,2040
2016,2011
2007,2055
2012,2044
2004,2060
1997,2039
1995,2026
1998,2039
1996,2041
1980,2085
1979,2063
1984,2044
1976,2071
1979,2069
1980,2072
1973,2053
1979,2046
1979,2008
1989,2036
1983,2041
1991,2023
1993,2066
1999,2019
1989,2027
1992,2004
1995,2069
2003,2039
2007,2051
2020,2068
2023,2063
2024,2033
2032,2009
2027,2002
2035,2055
2044,2035
2053,2044
2053,2047
2063,2039
2072,2037
2073,2056
2080,2025
2088,2064
2090,2060
2091,2039
2089,2080
2102,2072
2108,2003
2109,2045
2112,2058
2120,2032
2127,2048
2126,2035
2123,2004
2134,2072
2135,2038
2138,2060
2133,2053
2127,2013
2141,2033
2136,2005
2131,2003
2130,2035
2128,2066
2135,2034
2127,2048
2120,2026
2121,2021
2115,2029
2115,2039
2105,2019
2104,2072
2094,2091
2091,2063
2077,2061
2080,2080
2078,2047
2069,2077
2068,2056
2059,2015
2045,2076
2039,2063
2038,2058
2033,2048
2024,2072
2021,2056
2011,2063
2016,2035
2007,2068
2010,2063
2003,2071
1992,2059
1998,2069
1994,2041
1991,2046
1980,2003
1989,2056
1992,2009
1987,2033
1984,2072
1989,2029
1980,2060
1990,2064
1993,2071
1996,2003
1993,2024
1995,2060
2002,2021
1996,2037
2003,2035
2015,2053
2016,2029
2016,2031
2027,2037
2035,2019
2036,2015
2042,2063
2043,2038
2043,2039
2056,2039
2071,2057
2070,2027
2075,2087
2079,2035
2088,2038
2093,2047
2100,2059
2097,2069
2101,2063
2117,2031
2115,2023
2130,2020
2129,2053
2136,2008
2140,2039
2137,2028
2139,2056
2150,2060
2149,2056
2149,2065
2148,2064
2146,2027
2149,2029
2159,2072
2152,2032
2153,2048
2151,2037
2144,2059
2148,2063
2144,2034
2139,2041
2140,2072
2131,2068
2128,2077
2121,2081
2119,2072
2119,2027
2113,2048
2103,2058
2097,2076
2089,2034
2090,2037
2077,2073
2068,2055
2065,2063
2057,2063
2055,2070
2053,2064
2039,2037
2037,2044
2027,2033
2023,2011
2024,2060
2008,2030
2009,2057
2008,2011
2004,2080
2000,2095
1997,2064
1993,2067
2000,2019
1992,2067
1985,2009
1992,2051
1995,2060
1988,2080
1993,2068
1991,2015
1991,2048
1999,2032
2001,2073
1995,2059
2007,2035
2008,2072
2014,2060
2009,2024
2007,2041
2008,2027
2023,2017
2024,2035
2025,2037
2047,2070
2044,2063
2040,2063
2060,2015
2059,2060
2072,2040
2076,2053
2076,2068
2079,2040
2093,2040
2091,2041
2091,2046
2104,2070
2105,2034
2113,2067
2123,2065
2128,2021
2112,2071
2131,2063
2137,2022
2137,2037
2141,2024
2142,2059
2135,2065
2143,2039
2141,2081
2128,2025
2144,2011
2131,2001
2144,2029
2133,2017
2135,2077
2138,2075
2131,2063
2127,2028
2120,2078
2119,2066
2108,2066
2104,2056
2101,2005
2089,2019
2089,2060
2080,2067
2078,2079
2077,2018
2063,2009
2063,2023
2056,2028
2036,2029
2029,2054
2025,2035
2024,2027
2026,2033
2007,2048
2007,2077
2007,2025
2003,2063
1992,2040
1984,2059
1981,2071
1981,2033
1977,2059
1979,2046
1964,2039
1970,2039
1971,2035
1957,2065
1968,2044
1971,2004
1963,2009
1957,2025
1969,2035
1965,2035
1975,2056
1976,2011
1987,2029
1984,2071
1984,2023
1988,2011
1993,2063
1994,2053
1995,2043
2004,2035
2002,2065
2018,2066
2021,2047
2024,2036
2033,2068
2036,2063
2051,2017
2061,2054
2057,2058
2065,2011
2067,2033
2071,2037
2071,2033
2084,2055
2092,2043
2094,2008
2103,2058
2109,2031
2112,2056
2112,2065
2115,2069
2120,2067
2131,2048
2136,2076
2136,2008
2135,2056
2135,2052
2135,2067
2136,2035
2141,2068
2136,2069
2135,2074
2135,2063
2133,2056
2117,2039
2127,2034
2115,2021
2119,2021
2106,2009
2101,2075
2107,2064
2102,2063
2095,2017
2087,2040
2092,2033
2085,2078
2081,2009
2068,2068
2069,2063
2053,2021
2043,2035
2040,2021
2051,2047
2027,2039
2037,2033
2019,2070
2022,2038
2016,2063
2012,2024
2001,2029
2003,2030
1998,2023
1993,2031
1992,2024
1995,2072
1996,2063
1979,2039
1981,2059
1977,2048
1979,2069
1984,2055
1988,2058
1989,2035
1995,2077
1999,2055
2000,2044
1999,2044
2004,2001
1996,2009
2005,2028
2003,2036
2019,2056
2012,2023
2019,2051
2028,2036
2031,2063
2039,2045
2036,2048
2054,2024
2063,2034
2067,2064
2070,2053
2080,2076
2078,2035
2088,2026
2085,2029
2093,2045
2105,2040
2110,2037
2111,2035
2120,2045
2121,2008
2130,2021
2134,2028
2135,2069
2140,2057
2139,2008
2146,2048
2145,2038
2152,2026
2155,2052
2144,2040
2143,2007
2139,2021
2148,2057
2154,2015
2148,2007
2139,2025
2149,2043
2144,2051
2135,2072
2125,2051
2131,1989
2127,2023
2119,2017
2114,2033
2119,2007
2103,2035
2093,2064
2093,2076
2092,2087
2084,2043
2084,2025
2073,2045
2065,2023
2055,2067
2059,2040
2042,2029
2037,2072
2033,2033
2033,2041
2020,2064
2025,2024
2019,2023
2012,2043
2013,2044
2003,2063
1995,2040
1993,2045
1989,2059
1990,2046
1997,2039
1997,2055
1981,2067
1987,2037
1987,2063
1995,2063
1998,2072
1996,2060
1996,2019
2005,2027
2001,2025
1994,2051
2004,2037
2018,2071
2004,2066
2017,2052
2024,2042
2027,2060
2036,2079
2036,2045
2041,2043
2045,2030
2043,2043
2062,2080
2067,2067
2074,2058
2079,2068
2075,2025
2088,2060
2083,2037
2091,2025
2091,1995
2107,2080
2108,2027
2120,2027
2118,2076
2123,2013
2127,2071
2129,2071
2135,2029
2135,2011
2133,2036
2136,2035
2140,2021
2141,2065
2138,2024
2141,2028
2136,2035
2136,2005
2138,2069
2131,2063
2135,2039
2131,2023
2120,2010
2124,2066
2109,2072
2103,2078
2108,2031
2099,2028
2099,2045
2091,2064
2087,2029
2084,2047
2080,2091
2073,2007
2072,2037
2063,2031
2061,2095
2053,2035
2042,2029
2040,2063
2031,2055
2033,2028
2028,1997
2024,2040
2008,2027
2008,2069
2007,2080
2007,2088
1995,2068
1999,2007
1995,2055
1992,2043
1995,2012
1993,2033
1992,2041
1989,2029
1991,2070
1995,2044
1987,2071
1981,2036
1985,2032
1995,2025
2000,2015
2003,2025
1996,2063
2011,2040
2015,2071
2020,2036
2024,2091
2027,2056
2029,2041
2027,2068
2035,2056
2055,2055
2048,2072
2054,2044
2066,2024
2065,2057
2076,2057
2072,2043
2085,2039
2087,2039
2100,2024
2101,2073
2108,2008
2110,2029
2117,2044
2129,2027
2119,2063
2119,2039
2133,2021
2132,2072
2142,2022
2144,2045
2139,2003
2150,2067
2154,2029
2152,2040
2148,2015
2150,2033
2150,2007
2142,2056
2144,2052
2139,2044
2140,2027
2141,2043
2134,2079
2127,2065
2127,2070
2121,2063
2121,2035
2120,2024
2111,2031
2100,2077
2098,2070
2092,2073
2091,2058
2084,1992
2073,2067
2063,2021
2065,1992
2055,2055
2043,2036
2041,2029
2035,2040
2039,2065
2030,2056
2021,2073
2023,2033
2015,2027
2010,2029
1995,2037
1984,2079
1999,2042
2001,2062
1981,2017
1989,2063
1993,2055
1993,2067
1991,2028
1988,2039
1989,2065
2000,2056
1994,2071
1987,2031
1994,2042
1989,2075
2000,2080
2008,2072
2007,2009
2003,2019
2010,2037
2020,2003
2024,2027
2020,2067
2025,2005
2038,2056
2029,2053
2054,2064
2063,2058
2065,2063
2065,2053
2067,2067
2076,2063
2080,2067
2094,2034
2095,2027
2088,2035
2095,2021
2103,2025
2104,2047
2120,2023
2124,2076
2127,2019
2129,1995
2135,2015
2127,2031
2133,2063
2135,2055
2138,2052
2144,2063
2137,2027
2140,2099
2141,2063
2139,2037
2135,2063
2129,2041
2129,2027
2131,2027
2135,2068
2123,2046
2119,2041
2115,2013
2112,2063
2109,2040
2109,2028
2099,2063
2101,2021
2087,2034
2081,2068
2071,2028
2072,2066
2073,2045
2058,2033
2055,2051
2040,2039
2039,2074
2029,2073
2024,2003
2013,2063
2013,2063
2009,2027
2008,2019
2001,2053
1991,2056
1987,2057
1984,2068
1981,2055
1987,2054
1979,2043
1968,2031
1975,2063
1975,2075
1973,2037
1975,2077
1974,2063
1977,2030
1968,2033
1971,2072
1975,2009
1980,2077
1975,2072
1981,2043
1994,2035
1996,2007
1993,2039
1997,2047
2008,2057
2007,2063
2012,2042
2013,2048
2021,2067
2031,2003
2028,2034
2027,2065
2041,2055
2056,2007
2062,2041
2071,2008
2074,2044
2076,2052
2087,2079
2088,2005
2092,2003
2100,2008
2101,2059
2108,2003
2119,2073
2121,2039
2124,2015
2117,2041
2129,2019
2132,2079
2132,2053
2140,2005
2141,2071
2137,2070
2139,2053
2139,2029
2149,2035
2144,2025
2137,2033
2137,2060
2137,2069
2138,2005
2131,2062
2130,2007
2124,2007
2109,2029
2115,2072
2109,2054
2111,2023
2101,2067
2098,2060
2092,1997
2075,2041
2069,2023
2075,2071
2072,2015
2063,2020
2063,2075
2053,2044
2044,2043
2044,2023
2035,2032
2031,2056
2019,2045
2009,2056
2013,2042
2009,2069
1996,2067
1992,2075
1991,2057
1997,2048
1997,2025
1993,2042
1996,2056
2003,2012
1984,2054
1995,2071
1994,2071
1979,2073
1992,2048
1992,2069
1992,2037
1998,2072
2003,2041
2004,2009
2003,2035
2010,2029
2017,2072
2011,2040
2021,2013
2030,2025
2033,2063
2033,2027
2045,2017
2048,2059
2063,2039
2068,2025
2073,2032
2066,2022
2089,2015
2088,2055
2091,2023
2094,2040
2101,2068
2101,2039
2103,2072
2124,2070
2126,1996
2130,2025
2125,2012
2131,2039
2139,2035
2145,2021
2143,2037
2152,2027
2153,2067
2160,2066
2154,2072
2155,2027
2158,2017
2148,2067
2147,2081
2153,2042
2140,2054
2147,2057
2139,2063
2139,2033
2135,2009
2139,2015
2127,2040
2132,2013
2127,2068
2118,2056
2119,2025
2097,2060
2093,2041
2096,2007
2091,2037
2089,2071
2079,2021
2073,2028
2075,2008
2068,2041
2056,2003
2040,2089
2041,2058
2037,2079
2032,2035
2019,2045
2015,2056
2016,2036
2015,2058
2003,2025
1995,2067
2005,2027
1997,2035
1993,2059
2000,2056
1996,2035
1993,2023
1994,2071
1991,2017
1991,2007
1991,2073
1987,2071
1995,2024
1991,2079
1997,2041
1993,2027
2013,2029
2012,2043
2017,2044
2023,2058
2020,2087
2028,2017
2032,2051
2028,2072
2039,2058
2040,2036
2056,2051
2062,2036
2057,2008
2069,2023
2072,2017
2073,2030
2085,2048
2087,2048
2095,2037
2096,2058
2099,2056
2109,2059
2116,2042
2120,2070
2127,2028
2124,2008
2126,2055
2134,2037
2135,2045
2133,2035
2137,2040
2136,2063
2148,2011
2137,2066
2139,2032
2136,2035
2139,2001
2134,2009
2132,2064
2133,2039
2131,2037
2113,2063
2131,2084
2129,2071
2118,2045
2120,2035
2112,2019
2101,2038
2104,2054
2100,2045
2093,2073
2087,2067
2075,2015
2073,2067
2070,2053
2064,2028
2063,2058
2057,2036
2047,2021
2039,2085
2032,2056
2020,2071
2027,2067
2017,2053
2016,2043
2007,2053
2004,2041
2005,2009
2000,2037
1991,2015
1992,2055
1989,2043
1990,2072
1987,2011
1977,2031
1981,2056
1981,2080
1990,2063
1987,2053
1989,2024
1995,2073
1991,2012
2000,2063
2005,2059
2000,2076
2008,2073
2010,2027
2005,2053
2011,2011
2016,2025
2026,2042
2030,2001
2038,2029
2037,2073
2043,2062
2043,2063
2063,2045
2069,2066
2075,2046
2085,2027
2081,2007
2087,2035
2089,2037
2095,2063
2093,2043
2108,2073
2103,2033
2111,2067
2121,2015
2119,2080
2121,2040
2131,2080
2133,2064
2129,2041
2143,2025
2138,2060
2127,2063
2148,2063
2141,2023
2144,2036
2144,2023
2133,2015
2137,2041
2133,2058
2131,2059
2135,2001
2121,2033
2115,2063
2112,2059
2113,2065
2109,2037
2101,2037
2095,2017
2099,2037
2093,2065
2080,2042
2084,2027
2065,2055
2071,2063
2068,2057
2053,2065
2051,2023
2041,2046
2040,2068
2028,2002
2019,2079
2028,2023
2016,2031
2000,2040
2008,2035
2002,2079
2000,2040
1997,2021
1999,2041
1980,2053
1991,2058
1984,2025
1992,2066
1983,2017
1979,2023
1981,2051
1977,2043
1989,2026
1992,2045
1991,2067
1995,2063
1992,2052
2003,2034
2001,2017
1995,2009
2001,2058
2007,2088
2018,2070
2019,2076
2022,2071
2025,2039
2027,2072
2034,2029
2039,2064
2043,2042
2059,2073
2067,2019
2072,2033
2071,2035
2080,2035
2085,2046
2094,2054
2098,2064
2095,2028
2104,2063
2103,2058
2121,2053
2121,2066
2125,2008
2125,2057
2136,2075
2136,2017
2131,2033
2132,2039
2144,2061
2151,2072
2143,2023
2139,2035
2139,2059
2141,2077
2147,2047
2145,2067
2143,1995
2143,2025
2125,2039
2128,2071
2129,2080
2125,2021
2120,2042
2111,2055
2115,2071
2103,2070
2086,2035
2095,2039
2083,2088
2086,2068
2083,2027
2071,2063
2065,2041
2065,2011
2054,2039
2047,2055
2033,2039
2039,2038
2023,2034
2024,2068
2011,2034
2012,2039
2008,2023
1995,2055
2003,2074
2005,2077
1995,2076
1995,2013
1991,2027
1984,2071
1988,2060
1985,1991
1983,2030
1975,2020
1984,2027
1973,2041
1979,2056
1988,2036
1981,2046
1988,2021
1995,2039
2002,2021
2004,2023
1994,2037
2008,2043
2016,2042
2012,2032
2019,2069
2027,2039
2027,1976
2027,2005
2039,2019
2057,2026
2055,1988
2056,2032
2070,2017
2069,2059
2069,1997
2077,2035
2090,2036
2094,2052
2100,2001
2105,2043
2107,2045
2109,2036
2119,2038
2131,2033
2131,2057
2120,2062
2136,2041
2135,1995
2132,2020
2136,2017
2145,2066
2150,1997
2156,2007
2149,2054
2144,2007
2153,2062
2143,2041
2143,2071
2138,2065
2143,2037
2136,2026
2137,2025
2120,2021
2121,2052
2116,2071
2116,2030
2102,2053
2097,2005
2099,2003
2100,2037
2087,2055
2074,2059
2072,2029
2071,2007
2063,2032
2056,2055
2039,2075
2053,2013
2045,2057
2036,2072
2026,2073
2019,2043
2014,2020
2003,2037
2007,2036
2003,2048
1994,2079
1998,2078
1996,2019
1989,2012
1987,2059
1984,2072
1976,2019
1991,2059
1990,2025
1992,2041
1976,2029
1980,2063
1988,2063
1973,2031
1979,2029
1995,2042
1999,2011
1991,2017
2008,2021
2009,2056
2009,2073
2013,2067
2023,2080
2024,2067
2028,2040
2032,2029
2038,2033
2042,2012
2040,2027
2055,2060
2063,2068
2063,2052
2065,2051
2073,2045
2088,2011
2086,2011
2089,2019
2099,2077
2100,2009
2107,2011
2115,2020
2113,2037
2122,2018
2133,2053
2129,2055
2141,2055
2144,2035
2145,2077
2148,2029
2143,2024
2151,2034
2144,2017
2139,2023
2139,2001
2144,2068
2137,2080
2133,2035
2139,2051
2135,2073
2135,2033
2133,2088
2119,2036
2122,2038
2123,2023
2103,2096
2112,2075
2108,2066
2093,2040
2096,2021
2088,2019
2088,2021
2076,2071
2063,2039
2063,2075
2063,2040
2041,2063
2055,2056
2040,2030
2028,2007
2025,2063
2017,2028
2011,2077
2015,2047
2009,2023
1995,2077
2000,2018
1991,2063
1997,2019
1999,2019
1999,2011
1996,2031
1979,2057
1985,2055
1984,1999
1984,2028
1993,2031
1983,2080
1984,2007
1992,2043
2002,2015
1996,2023
1998,2021
2003,2025
2006,2043
2015,2060
2015,2060
2014,2063
2024,2065
2017,2025
2021,2025
2033,2031
2031,2072
2043,2037
2044,2011
2055,2063
2068,2058
2072,1995
2086,2076
2082,2058
2091,2044
2090,2045
2098,2025
2101,2071
2101,2045
2112,2038
2120,2063
2124,2037
2128,2063
2131,2035
2136,2037
2135,2070
2146,2017
2135,2033
2145,2046
2147,1977
2136,2047
2144,2041
2146,2022
2145,2058
2145,2040
2138,2043
2137,2022
2138,2021
2134,2071
2131,2021
2131,2033
2123,2080
2119,2047
2119,2017
2107,2039
2107,2040
2103,2036
2094,2029
2089,2041
2087,2015
2075,2043
2079,2043
2067,2009
2067,2096
2063,2027
2044,2043
2040,2063
2037,2039
2027,2026
2025,2069
2016,2072
2016,2063
2012,2039
2007,2057
1993,2007
1995,2059
2001,2064
1998,2054
2001,2088
1987,2041
1999,2055
1992,2043
1993,2044
1981,2043
1988,2017
1989,2039
1988,2047
1987,2053
2001,2078
1999,2017
2005,2003
2008,2026
2017,2001
2010,2063
2015,2038
2023,2061
2019,2040
2019,2057
2030,2035
2027,2015
2043,2059
2046,2072
2045,2058
2068,2017
2066,2029
2068,2027
2069,2051
2075,2041
2087,2060
2088,2017
2089,2035
2104,2070
2099,2065
2115,2025
2116,2017
2120,2061
2128,2021
2129,2021
2127,2024
2136,2056
2139,2042
2139,2065
2129,2005
2140,2055
2142,2011
2143,2038
2133,2060
2148,2003
2138,2023
2137,2041
2125,2018
2135,2072
2125,2023
2121,2044
2117,2080
2106,2037
2109,2039
2105,2055
2099,2075
2099,2029
2097,2069
2089,2044
2089,2065
2072,2037
2074,2036
2071,2069
2053,2043
2067,2072
2037,2080
2037,2044
2037,2054
2025,2071
2023,2040
2016,2019
2013,2011
2015,2080
2011,2019
2004,2015
1995,2071
1997,2065
1994,1996
1993,2017
1987,2027
1981,2077
1991,2023
1977,2068
1977,2033
1979,2069
1981,2041
1989,2056
1992,2022
1989,2063
1987,2019
1995,2036
2009,2059
2011,2055
2016,2060
2024,2067
2032,2052
2029,2033
2041,2039
2031,2027
2056,2029
2067,2080
2073,2053
2077,2062
2076,2063
2093,2062