2144,2012
2140,2070
2149,2025
2139,2041
2136,2059
2140,2009
2133,2017
2139,2036
2127,2039
2137,2065
2126,2073
2115,2018
2115,2017
2107,2023
2109,2043
2103,2043
2103,2045
2095,2069
2089,2058
2088,2057
2079,2066
2067,2035
2063,2011
2055,2044
2043,2028
2045,2063
2030,2088
2032,2021
2029,2023
2015,2071
2011,2027
2007,2045
2009,2040
1997,2029
2002,2072
1992,2057
1988,2055
1984,2061
1982,2053
1975,2025
1984,2062
1975,2068
1971,2009
1978,2025
1975,2060
1979,2040
1984,2005
1989,2019
1983,2063
1992,2028
1992,2033
2002,2029
1999,2071
2000,2031
1998,2018
2007,2035
2015,2067
2019,2039
2025,2045
2028,2035
2039,2025
2040,2023
2043,2053
2048,2093
2060,2054
2066,2066
2065,2054
2071,2041
2079,2038
2083,2021
2093,2029
2092,2023
2101,2024
2097,2037
2103,2029
2119,2003
2119,2064
2128,2056
2127,2046
2136,2035
2136,2072
2137,2045
2136,2076
2144,2022
2151,2011
2136,2045
2144,2053
2148,1993
2152,2072
2141,2060
2135,2041
2136,2002
2132,2023
2131,2055
2123,2072
2117,2018
2121,2056
2119,2045
2118,2056
2108,2066
2104,2015
2089,2047
2085,2041
2086,2037
2075,2066
2082,2011
2063,2040
2070,2066
2059,2020
2048,2066
2048,2015
2027,2071
2035,2065
2026,2021
2027,2041
2010,1996
2010,2071
2004,2060
1997,2067
1995,2019
1995,2020
1997,2020
1994,2017
1981,2011
1976,2010
1986,2020
1996,2008
1986,1997
1974,2027
1975,2079
1982,2037
1979,2053
1990,2067
1979,2026
1993,2056
2001,2079
2001,2072
2015,2043
2016,2019
2024,2021
2021,2071
2029,2072
2039,2044
2043,2044
2043,2039
2053,2046
2057,2003
2072,2029
2076,2080
2079,2036
2080,2075
2091,2058
2096,2041
2110,2017
2101,2063
2113,2053
2115,2015
2129,2063
2140,2051
2133,2048
2143,2040
2151,2072
2153,2072
2164,2041
2167,2089
2175,2039
2176,2038
2184,2060
2185,2067
2186,2011
2169,2061
2181,2065
2186,2075
2181,2040
2176,2063
2175,2034
2169,2011
2156,2063
2156,2028
2160,2028
2151,2066
2155,2059
2152,2037
2140,2068
2137,2064
2135,2028
2117,2042
2119,2037
2116,2071
2113,2068
2109,2063
2096,2069
2102,2071
2088,2017
2089,2030
2072,2053
2071,2063
2069,2045
2057,2048
2063,2056
2052,2015
2037,2076
2029,2072
2026,2077
2013,2009
2016,2041
2019,2013
2009,2053
2007,2067
2015,2042
2006,2040
2004,2047
2008,2055
1998,2067
2009,2024
2003,2073
2013,2007
2007,2057
2016,2063
2011,2059
2016,2027
2019,2054
2019,2019
2023,2055
2027,2063
2031,2037
2023,2023
2036,2068
2043,2030
2040,2076
2048,2008
2043,2023
2066,2009
2068,2013
2065,2040
2081,2020
2087,1996
2089,2015
2093,2019
2096,2061
2100,2015
2097,2035
2113,2054
2116,2040
2121,2053
2118,2021
2128,2053
2131,2075
2135,2046
2131,2043
2133,2057
2139,2033
2131,2005
2137,2055
2139,2020
2129,2034
2131,2033
2135,2042
2130,2043
2119,2047
2121,2035
2124,2040
2115,2069
2115,2043
2106,2057
2107,2068
2111,2024
2104,2035
2089,2039
2088,2042
2080,2039
2071,2053
2065,2075
2071,2015
2057,2072
2057,2078
2048,2005
2044,2027
2046,2043
2039,2039
2030,2009
2027,2037
2011,2038
2020,2021
2007,2080
2006,2021
2010,2025
1997,2071
1995,2077
1995,2080
1997,2029
2005,2065
1991,2064
2005,2076
1995,2052
1997,2059
2003,2030
1992,2027
1992,2021
2013,2031
2003,2071
2007,2036
2023,2029
2020,2023
2011,2071
2028,2024
2028,2059
2039,2057
2041,2072
2056,2025
2043,2040
2063,2034
2067,2029
2078,2011
2081,2071
2089,2057
2094,2040
2097,2038
2099,2031
2108,2025
2117,2072
2125,2021
2130,2063
2138,2005
2139,2023
2146,2056
2154,2063
2153,2068
2163,2080
2161,2065
2165,2070
2167,2071
2169,2039
2185,2033
2187,2025
2179,2045
2187,2058
2192,2054
2187,2023
2189,2033
2179,2059
2189,2011
2187,2068
2173,2075
2169,2035
2179,2035
2171,2037
2167,2023
2151,2027
2149,2057
2146,2072
2149,2056
2139,2009
2132,2005
2131,2036
2123,2021
2120,2019
2117,2036
2115,2051
2099,2045
2098,2063
2089,2030
2088,2057
2069,2040
2069,2060
2073,2056
2070,2043
2056,2063
2056,2060
2039,2068
2027,2088
2033,2003
2024,2056
2020,2039
2021,2015
2021,2057
2022,2039
2027,2017
2026,2051
2012,2044
2016,2021
2015,2029
2016,2033
2009,2044
2017,2040
2019,2007
2021,2015
2023,2071
2027,2073
2028,1975
2027,2044
2038,2017
2033,2035
2037,2076
2043,2073
2053,2073
2059,2060
2065,2048
2071,2068
2078,2021
2088,2009
2089,2048
2088,2055
2101,2039
2102,2041
2105,2005
2113,2031
2120,2033
2121,2033
2131,2026
2131,2027
2133,2008
2148,2055
2144,2063
2152,2027
2154,2025
2162,2063
2165,2019
2166,2019
2155,2062
2166,2029
2174,2011
2168,2076
2161,2061
2163,2042
2155,2040
2164,2072
2163,2035
2147,2007
2154,2043
2154,2058
2145,2074
2143,2084
2143,2052
2136,2034
2128,2037
2128,2053
2117,2069
2119,2066
2112,2031
2097,2056
2097,2057
2087,2039
2080,2040
2072,2060
2071,2007
2060,2029
2053,2055
2046,2037
2036,2048
2028,2034
2027,2053
2013,2040
2007,2072
2001,2072
2000,2034
1997,2044
1991,2027
1979,2063
1977,2056
1984,2005
1990,2054
1982,2025
1975,2057
1980,2040
1969,2056
1979,2027
1971,2040
1978,2076
1978,2003
1980,2089
1981,2019
1983,2007
1974,2057
1985,2033
1989,2047
1993,2023
1990,2054
2003,2017
2003,2004
2001,2033
2008,2063
2010,2054
2017,2027
2022,2072
2025,2054
2033,2067
2034,2044
2037,2021
2055,2042
2060,2011
2053,2041
2063,2011
2071,2027
2078,2015
2078,2007
2087,2072
2087,2026
2095,2064
2095,2026
2099,2054
2101,2040
2103,2031
2103,2024
2104,2025
2101,2027
2101,2074
2101,2051
2109,2080
2105,2066
2103,2072
2101,2043
2095,2033
2104,2071
2092,2053
2083,2044
2087,2078
2080,2065
2077,2072
2076,2023
2072,2073
2070,2023
2055,2077
2043,2067
2056,2020
2048,2072
2040,2040
2023,2071
2032,2056
2025,2045
2011,2072
2022,2023
2009,2072
2003,2040
2008,2065
2005,2063
1999,2023
1997,2058
1978,2023
1989,2071
1987,2059
1981,2042
1971,2076
1969,2046
1971,2048
1968,2009
1977,2045
1972,2037
1973,2019
1975,2036
1983,2072
1987,2055
1973,2068
1984,2015
1988,2060
1989,2044
1990,2026
1997,2021
1996,2041
2008,2027
2004,2067
2012,1991
2019,2055
2028,2039
2037,2075
2040,2091
2051,2057
2043,2035
2063,2048
2068,2057
2073,2017
2087,2024
2085,2018
2088,2033
2093,2053
2110,2080
2108,2072
2122,2072
2124,2057
2132,2040
2129,2067
2139,2058
2146,2071
2151,2074
2151,2063
2165,2040
2165,2017
2169,2004
2177,2021
2179,2056
2174,2088
2184,2051
2168,2065
2181,2041
2180,2042
2182,2025
2169,2058
2172,2066
2172,2029
2168,2025
2155,2043
2158,2029
2149,2027
2153,2080
2149,2067
2152,2008
2145,2047
2145,2063
2125,2057
2125,2075
2120,2060
2120,2066
2105,2072
2108,2027
2093,2055
2096,2031
2086,2041
2080,1990
2077,2005
2072,2036
2063,2063
2063,2036
2048,2039
2042,2080
2043,2019
2040,2035
2043,2039
2034,2040
2031,2019
2028,2029
2017,2074
2025,2011
2023,2029
2020,2043
2015,2036
2024,2061
2019,2065
2024,2060
2025,2023
2018,2061
2011,2013
2019,2060
2025,2037
2033,2023
2029,2044
2032,2034
2027,2005
2043,2044
2040,2003
2039,2036
2063,2028
2055,2057
2062,2023
2063,2059
2072,2072
2071,2011
2079,2003
2083,2052
2096,2037
2088,2079
2096,1997
2098,2011
2103,1983
2103,2056
2107,2029
2112,2038
2108,2009
2116,2020
2115,2047
2123,2043
2132,1989
2136,2055
2125,2064
2133,2011
2135,2063
2134,2040
2128,2032
2131,2039
2127,2025
2128,2009
2129,2033
2123,2072
2120,2029
2115,2060
2108,2067
2109,2027
2098,2041
2091,2060
2093,2033
2087,2069
2088,2032
2073,2040
2071,2026
2077,2042
2068,2025
2052,2029
2058,2027
2032,2021
2040,2019
2024,2019
2027,2029
2019,2074
2020,2020
2020,2019
2011,2057
2005,2068
2000,2024
1996,2085
1992,2039
1979,2035
1977,2056
1970,2028
1973,2046
1979,2068
1976,2054
1973,2009
1971,2067
1963,2045
1974,2015
1973,2039
1976,2004
1973,2057
1978,2037
1988,2055
1989,2058
1987,2073
1993,2067
1994,2052
1995,2009
2003,2022
2003,2019
2015,2033
2022,2033
2024,2046
2030,2057
2043,2059
2040,2057
2048,2035
2063,2037
2063,2079
2071,2060
2071,1995
2077,2053
2084,2053
2092,2034
2097,2023
2097,2005
2102,2003
2103,2007
2103,2043
2121,2063
2117,2039
2131,2025
2139,2024
2133,2030
2129,2075
2121,2025
2139,2039
2140,2019
2137,2024
2134,2042
2143,2080
2137,2072
2135,2060
2133,2063
2131,2027
2139,2013
2132,1997
2131,2052
2135,2043
2124,2044
2120,2039
2101,2071
2103,2011
2103,2040
2097,2011
2089,2044
2092,2048
2083,2025
2082,2080
2069,2068
2071,2043
2063,2075
2045,2071
2052,2032
2040,2079
2029,2057
2023,2059
2029,2044
2024,2008
2025,2035
2005,2035
2011,2068
2010,2027
1995,1995
2003,2011
2001,2009
2001,2045
2000,2035
1998,2055
1995,2042
1997,2022
1997,2053
1992,2068
2003,2020
2007,2065
2006,2065
2011,2063
2010,2009
2018,2029
2014,2033
2021,2080
2027,2058
2023,2054
2038,2029
2036,2012
2040,2033
2039,2045
2063,2027
2068,2015
2069,2053
2067,2067
2077,2071
2083,2040
2093,2020
2095,2053
2104,2059
2101,2029
2119,2043
2126,2025
2128,2052
2133,2052
2141,2039
2144,2023
2143,1989
2151,2011
2156,2043
2161,2046
2166,2007
2165,2033
2167,2031
2169,2011
2169,2029
2172,2060
2167,2045
2163,2057
2172,2047
2165,2028
2167,2019
2165,2056
2157,2011
2153,2040
2147,2067
2153,2045
2148,2079
2147,2064
2139,2007
2127,2068
2136,2019
2126,2030
2117,2045
2117,2079
2108,2043
2091,2058
2091,2054
2091,2012
2091,2052
2069,2043
2071,2021
2057,2056
2057,2065
2047,2047
2035,2045
2039,2037
2035,2072
2027,2043
2016,2057
2015,2091
2007,2064
2018,2045
2007,2001
2012,2053
1995,2076
2012,2030
1996,2043
1993,2043
2000,2011
2002,2035
1997,2044
1998,2017
1998,2001
1993,2029
1996,2056
2005,2025
2003,2021
2003,2063
2018,2061
2013,2013
2023,2036
2012,2021
2020,2063
2027,2027
2027,2044
2039,2021
2048,2012
2040,2021
2041,2025
2063,2077
2069,2051
2065,2034
2076,2044
2077,2079
2080,2078
2087,2017
2088,2011
2092,2021
2093,2063
2091,2048
2105,2063
2107,2067
2117,2058
2115,2073
2120,2080
2126,2019
2120,2035
2129,1997
2125,2048
2131,1992
2128,2015
2133,2060
2126,2040
2127,2042
2130,2029
2121,2034
2123,2068
2115,2063
2115,2077
2111,2060
2103,2036
2099,2063
2098,2075
2086,2039
2083,2072
2080,2075
2075,2009
2069,2057
2069,2061
2065,2039
2048,2080
2044,2063
2029,2044
2032,2009
2020,2030
2012,2003
2015,2076
2013,2011
2004,2056
1993,2023
1998,2063
1993,2036
1977,2019
1978,2029
1975,2027
1969,2011
1963,2048
1975,2052
1965,2027
1957,2043
1962,2058
1963,2015
1961,2039
1964,2018
1955,2066
1963,2088
1965,2041
1955,2079
1976,2079
1976,2063
1972,2043
1978,2063
1980,2053
1992,2023
1988,2022
1992,2019
2008,2053
2006,2076
2014,2077
2016,2063
2018,2048
2027,2032
2023,2025
2040,2040
2055,2089
2046,1991
2063,2009
2068,2027
2073,2084
2082,2037
2089,2063
2089,2048
2096,2032
2100,2055
2104,2009
2107,2011
2109,2020
2128,2024
2128,2011
2129,2066
2131,2024
2135,1991
2129,1995
2135,1989
2137,2056
2142,2042
2148,2055
2143,2055
2145,2056
2137,2064
2130,2043
2131,2057
2136,2035
2124,2042
2125,2043
2116,2079
2116,2028
2115,2031
2115,2064
2111,2025
2099,2067
2096,2067
2088,2045
2083,2043
2079,2028
2065,2025
2068,2096
2057,2031
2048,2063
2040,2041
2041,2027
2034,2036
2027,2043
2027,2039
2015,2005
2013,1993
2005,2019
2008,2029
2007,2045
1995,2060
1992,2011
1997,2019
1991,2017
1992,2019
1988,2023
1993,2066
1995,2059
1988,2030
1979,2023
1988,2077
1984,2041
1981,2076
1995,2024
1989,2069
1996,2029
1996,2037
2008,2005
2012,2066
2013,2035
2011,2065
2014,2048
2028,2068
2025,2078
2033,2041
2029,2087
2035,2069
2063,2032
2063,2057
2066,2076
2073,1999
2071,1997
2077,2063
2073,2043
2094,2005
2093,2033
2105,2027
2104,2019
2100,2023
2108,2032
2121,2044
2131,2009
2123,2047
2136,2057
2141,2033
2139,2040
2140,1999
2140,2052
2140,2034
2143,2073
2127,2091
2139,2071
2144,2022
2137,2021
2143,2076
2143,2063
2139,2027
2137,2065
2125,2055
2132,2053
2125,2056
2120,2079
2108,2063
2105,2028
2099,1996
2102,2017
2096,2025
2093,2003
2085,2044
2079,2060
2089,2071
2075,2045
2065,2061
2063,2043
2048,2007
2043,1994
2035,2036
2027,2043
2023,2075
2027,2076
2013,2108
2013,2025
2011,1979
2011,2006
2009,1993
2001,1971
1988,2040
1994,2039
1987,2071
1999,2037
1981,2045
1996,2031
1992,2083
1995,2088
1996,2075
1995,2059
1995,2092
2000,2033
1995,1989
2007,2053
2008,2048
2005,1990
2015,2012
2011,2045
2016,2035
2030,2077
2027,2004
2025,2072
2040,2019
2046,2029
2052,2057
2068,2077
2070,2038
2063,2023
2080,2068
2072,2021
2089,2056
2092,2040
2097,2039
2103,2056
2099,2076
2120,2077
2119,2023
2121,2025
2131,2021
2136,2042
2140,2028
2141,2044
2141,2025
2152,2035
2152,2027
2153,2024
2147,2031
2158,2009
2156,2002
2160,2040
2152,2080
2150,2074
2152,2080
2149,2053
2131,2065
2147,2039
2142,1989
2136,1979
2135,2024
2131,2051
2123,2029
2124,2063
2118,2052
2107,2096
2107,2080
2099,2019
2096,2013
2091,2091
2083,2063
2080,2061
2079,2040
2069,2029
2055,2065
2063,2085
2042,2061
2040,2019
2041,2040
2037,1991
2027,2025
2025,2051
2019,1999
2012,2013
2009,2052
2013,2080
2004,2088
2003,2076
2004,2023
1995,2026
1995,2055
1999,2008
2006,2001
2005,2032
2007,2047
2001,2042
2010,2046
2008,2033
2013,2043
2015,2086
2020,2043
2021,2088
2028,2077
2027,2026
2037,2067
2037,2088
2054,2058
2052,2040
2045,2023
2067,2056
2072,2040
2071,2023
2073,2015
2085,2068
2083,2063
2097,2043
2091,2071
2104,2086
2119,2029
2119,2057
2131,2094
2136,2017
2123,2024
2136,2011
2137,2071
2141,2072
2154,2035
2151,2124
2160,2090
2171,2083
2164,2093
2175,2031
2179,2033
2172,1973
2167,1997
2172,2030
2172,2057
2167,2069
2163,2091
2161,2111
2173,2045
2167,2033
2168,2023
2163,2029
2154,1987
2155,1980
2136,2023
2144,2060
2146,2063
2135,2071
2121,2111
2128,2117
2112,2027
2103,2011
2105,2030
2093,2035
2096,2077
2083,2063
2083,2075
2072,2065
2057,2072
2067,2031
2055,2089
2039,2029
2041,2088
2028,2022
2028,2006
2019,2081
2018,2080
2020,2011
2011,2064
2013,2044
2015,1991
2003,1995
2003,2020
2001,2003
2007,2027
1993,2064
2000,2025
2005,2045
1995,2085
2006,2069
2006,2021
2001,2000
2015,2054
2015,2035
2005,2080
2019,2053
2009,2056
2024,2063
2029,2078
2036,2005
2035,2057
2046,2037
2042,2017
2055,2057
2065,2061
2067,2104
2067,2092
2081,2011
2072,2040
2088,2068
2088,2076
2093,1990
2100,2032
2097,2044
2115,2004
2110,2056
2117,2017
2124,2007
2126,2039
2128,2003
2129,1989
2131,2002
2139,2015
2135,2040
2137,2031
2137,2017
2135,2033
2136,2029
2129,2126
2137,2080
2135,2043
2120,2057
2127,2052
2115,2076
2117,2017
2115,2091
2108,2077
2103,2029
2103,2032
2092,2038
2079,2080
2083,2026
2081,2055
2063,2120
2063,2084
2060,2025
2048,2080
2043,1992
2035,2024
2027,2012
2024,2007
2020,2017
2020,2039
1996,2077
2008,2053
1991,2026
1988,2040
1993,2033
1975,2061
1975,2039
1967,2040
1947,2073
1963,2074
1953,2091
1946,2033
1956,2082
1945,2088
1947,2019
1943,2023
1950,2028
1947,2039
1942,2028
1948,1991
1947,2072
1943,2045
1950,2079
1955,2039
1949,2055
1965,2076
1960,2088
1963,2012
1975,2023
1970,2016
1984,2022
1993,2065
1998,1995
1995,2080
2008,2068
2003,2088
2019,2063
2021,2008
2021,2023
2032,2023
2041,1995
2058,2063
2054,2031
2062,2063
2072,2092
2053,1995
2082,2037
2085,2075
2077,2066
2091,2063
2097,1975
2099,2044
2109,1972
2107,1965
2103,2030
2125,2004
2111,2065
2117,2015
2115,2059
2123,2094
2127,2115
2122,2032
2123,2035
2111,2055
2118,2066
2119,2030
2101,2052
2101,2076
2104,2007
2104,2004
2099,2073
2093,2051
2091,2055
2091,2053
2083,2083
2078,2029
2075,2121
2063,2067
2068,2033
2067,2079
2057,2068
2043,2034
2038,2033
2032,2037
2038,2011
2015,1961
2023,2047
2028,2025
2008,2029
2010,2033
1999,2019
2003,2076
1989,2111
1991,2052
1992,2056
1987,2071
1984,2068
1993,2067
1978,2007
1981,2080
1977,2071
1982,1994
1990,2088
1992,2015
1981,2013
1992,2064
2000,2040
1987,2016
1998,2003
2012,1959
2004,1992
2013,2035
2018,2110
2026,2112
2029,2092
2025,2136
2039,2067
2033,2136
2056,2063
2056,2003
2063,1995
2077,2037
2075,2015
2081,2068
2090,2034
2087,2075
2103,2093
2104,2001
2109,2044
2119,2000
2110,2037
2135,2012
2121,2068
2140,2007
2144,2085
2145,2060
2156,2019
2164,2039
2144,2042
2167,2005
2167,2030
2160,2047
2174,2056
2165,2047
2171,2044
2179,2063
2161,2055
2175,2056
2168,1965
2164,2023
2167,2092
2155,2019
2151,2040
2146,2091
2152,2037
2144,2057
2141,1989
2136,2039
2132,1981
2129,2039
2115,2075
2122,2077
2115,2035
2104,2028
2097,1996
2081,2039
2080,1991
2075,2037
2071,2109
2063,2063
2067,2024
2059,2028
2042,2003
2040,2031
2041,2029
2027,2009
2031,1995
2025,1961
2012,2079
2024,2055
2016,1955
2029,2059
2015,2037
2015,2088
2011,2057
2015,2043
2015,2003
2008,2067
1994,1989
2015,2043
2015,2011
2016,2080
2028,2051
2016,2025
2028,2040
2035,2063
2017,2040
2039,2063
2040,1999
2030,1975
2048,2056
2046,2039
2062,2079
2075,2027
2071,2026
2071,2033
2067,2047
2085,2012
2091,2063
2091,2086
2103,2083
2109,2104
2111,2020
2119,1995
2120,2007
2116,2006
2127,1996
2131,2027
2129,2089
2143,2090
2151,2097
2136,2063
2144,2042
2151,2028
2136,2028
2155,1992
2155,2029
2148,2036
2144,2008
2141,2017
2151,2005
2133,2091
2131,2063
2135,2088
2131,2007
2120,2040
2107,2028
2109,2069
2105,2111
2107,2043
2100,2037
2104,2093
2101,1999
2084,2096
2087,2045
2083,2078
2069,1990
2079,2128
2059,2019
2059,2063
2061,2009
2038,2085
2036,2048
2029,2073
2021,1965
2024,2029
2024,2012
2000,2013
2015,2025
1996,2021
1992,2107
2000,2097
1991,2070
1991,2041
1979,2076
1980,2045
1983,2041
1980,1998
1979,1993
1987,2009
1975,2024
1979,2012
1979,2019
1977,2075
1990,2034
1977,2059
1996,2084
1991,2080
1997,2010
2006,2105
1997,2082
2010,2028
2011,2007
2012,2115
2017,2005
2019,2022
2029,2045
2034,2104
2045,2068
2048,1973
2063,2027
2063,2039
2065,2028
2080,2031
2080,2099
2086,2037
2081,2085
2092,2043
2107,2036
2104,2003
2109,2043
2112,2012
2120,2022
2127,1990
2123,2039
2133,2053
2139,2053
2146,2021
2144,2093
2143,2036
2147,2015
2151,2039
2137,2069
2149,2007
2143,2074
2151,2007
2143,2019
2135,1997
2133,2029
2139,2041
2125,1996
2125,2023
2131,2027
2105,2060
2108,2011
2112,2060
2103,2073
2113,2039
2096,2057
2085,2015
2096,1988
2078,2013
2075,2039
2071,2023
2053,2105
2071,2035
2039,2043
2029,2032
2047,2008
2031,2017
2027,2041
2028,2029
2013,2060
2012,2024
2012,2073
2001,2041
2004,2037
2007,2063
1995,1995
1994,2024
1990,2044
1979,2001
1991,2080
1988,2094
1996,2039
1994,2071
1990,2023
1993,2024
1991,1995
1991,2077
2003,2007
1993,2038
2007,2053
2010,2035
2003,2024
2011,2047
2024,2068
2027,2032
2025,2016
2029,2061
2034,2075
2039,2039
2044,2087
2064,2058
2060,2011
2067,2027
2073,2112
2071,2036
2088,2006
2087,2063
2088,1969
2102,2061
2091,2103
2101,2072
2119,2062
2109,2076
2120,2024
2119,2073
2120,2002
2129,2075
2128,2068
2133,1997
2139,2080
2141,2035
2135,2022
2140,2025
2135,2111
2134,2089
2138,2015
2132,2082
2135,2055
2129,2061
2117,2066
2131,2028
2124,2053
2111,2036
2107,2021
2097,2056
2093,2056
2096,2042
2088,2051
2085,2012
2084,2100
2068,2041
2059,2007
2057,2023
2043,2013
2043,2035
2040,2099
2027,2023
2019,2080
2016,2110
2011,2063
2004,2079
1997,2017
1996,2059
1991,1987
1980,2017
1981,2012
1975,2027
1965,2024
1968,2062
1959,2025
1957,2096
1960,2089
1955,2104
1952,2080
1953,2053
1953,2024
1957,2068
1948,2019
1964,2013
1955,2070
1953,2059
1963,2065
1968,2005
1961,2072
1976,2017
1973,2027
1979,2037
1971,2016
1985,2047
1991,2072
1993,1999
2003,2037
2004,2068
2014,2005
2022,2091
2027,2120
2027,2019
2027,2053
2040,2069
2056,2009
2055,2013
2072,2008
2071,2031
2071,1997
2079,2071
2088,2068
2085,2073
2091,2069
2097,2088
2103,2068
2104,2009
2108,2063
2111,2011
2109,2032
2117,2027
2123,2004
2120,2011
2115,2071
2116,2032
2124,2035
2113,2029
2105,2091
2110,2021
2111,2023
2101,2031
2105,2026
2107,2053
2096,2073
2085,2044
2092,2029
2090,1997
2086,2027
2071,2012
2071,2075
2063,2008
2059,2039
2057,2064
2053,2068
2042,2027
2030,2059
2034,2018
2024,2085
2024,2061
2018,2028
2007,2053
2003,2037
2002,2043
1993,2077
1989,2041
1984,2047
1975,2023
1971,2043
1968,2017
1965,2075
1976,2009
1966,2079
1977,2063
1972,2081
1972,2068
1971,2048
1969,2021
1973,2072
1973,2069
1978,2024
1979,2026
1978,2066
1984,2011
1992,2021
1991,2012
2001,2024
2007,2007
2011,2055
1996,2043
2011,2015
2017,2035
2022,2037
2031,2072
2037,2001
2037,2025
2043,2039
2060,2071
2059,2075
2069,2026
2077,2035
2071,2059
2083,2001
2092,2051
2094,2041
2105,2068
2109,2037
2107,2061
2104,2028
2120,2071
2120,2036
2132,2058
2121,2051
2141,2051
2151,2020
2131,2048
2143,2072
2146,2036
2152,2051
2150,2030
2136,2054
2148,2032
2147,2071
2144,1999
2139,2040
2135,2063
2139,2093
2140,2071
2137,2005
2132,2063
2129,2044
2111,2055
2108,2043
2120,2070
2116,2067
2107,2027
2089,2036
2095,2063
2088,2067
2073,2079
2075,2051
2076,2053
2067,2023
2063,2025
2059,2027
2039,2046
2035,2027
2040,2071
2029,2047
2023,2040
2015,2019
2016,1999
2014,2060
2004,2056
2008,2055
2007,2043
1987,2075
2007,2060
2004,2055
1993,2038
2000,2041
1992,2064
2001,2041
2000,2043
1999,2028
1995,2040
1995,2068
2005,2032
2011,2025
2012,2036
2012,2063
2019,2075
2016,2055
2024,2063
2025,2036
2030,2009
2033,2019
2040,1992
2044,2001
2039,1986
2052,2021
2065,2025
2063,2058
2073,2025
2079,2026
2080,2046
2084,2024
2096,2045
2090,2074
2095,2028
2107,2028
2115,2065
2112,2077
2119,2021
2122,2009
2129,2042
2127,2029
2137,2057
2144,2060
2140,1999
2148,2015
2144,2044
2144,2038
2137,2057
2149,2076
2143,2068
2146,1999
2143,2072
2137,2024
2127,2072
2133,2063
2135,2064
2135,2021
2129,2027
2120,2045
2120,2043
2105,2063
2110,2090
2105,1987
2091,2060
2096,2036
2085,2071
2087,2066
2076,2057
2063,2067
2063,2043
2063,2040
2058,2063
2043,2055
2040,2026
2030,2053
2023,2038
2021,2092
2008,2005
2015,2057
2008,2089
2001,2043
2001,2060
2007,2057
1995,2073
1999,1993
1989,2011
1982,2059
1991,2056
1992,2057
1992,2075
1994,2054
1997,2009
1993,2066
1999,2088
1999,2088
1995,2066
2005,2023
2005,2012
2010,2029
2015,2047
2019,2068
2023,2068
2029,2072
2029,2047
2034,2027
2030,2025
2035,2037
2047,2037
2061,2005
2063,2055
2071,2029
2074,2017
2071,2040
2088,2058
2087,2073
2096,2068
2089,2043
2099,2075
2108,2028
2107,2033
2118,2037
2125,2068
2121,2031
2133,2041
2139,2023
2136,2035
2139,2039
2135,2009
2145,2039
2149,2005
2145,2048
2139,2065
2151,2044
2146,2015
2137,2045
2136,2053
2132,2063
2131,2040
2136,2028
2119,2041
2126,2071
2125,2072
2118,2039
2107,2017
2100,2065
2104,2069
2099,2005
2097,1989
2091,2080
2079,2044
2067,2027
2077,2059
2063,2028
2057,2021
2032,2028
2033,2077
2023,2059
2026,2068
2024,1999
2024,2021
2012,2020
1999,2058
1993,2065
1993,2033
1998,1994
1994,2029
1980,2063
1983,2010
1979,2054
1976,2064
1976,2061
1978,2063
1984,2022
1975,2021
1973,2068
1980,2044
1977,2017
1979,2017
1975,2075
1983,2029
1984,2069
1993,2084
1996,2056
1991,2075
1996,2059
2008,2077
2008,2035
2004,2040
2017,2071
2015,2021
2021,2028
2031,2033
2028,2029
2039,2035
2042,2073
2048,2068
2055,2032
2067,2030
2067,2029
2080,2027
2083,2015
2087,2066
2088,2060
2091,2063
2104,2059
2101,2057
2101,2056
2115,1979
2112,2021
2117,2019
2128,2043
2129,2044
2127,2063
2131,2073
2128,2029
2136,2001
2128,2031
2128,2061
2129,2044
2131,2011
2126,2057
2120,2058
2120,2042
2112,2005
2105,2009
2107,2027
2104,2059
2089,2027
2087,2025
2093,2052
2083,2029
2076,2024
2072,2019
2065,2072
2063,2054
2053,2040
2043,2072
2033,2056
2040,2007
2023,2075
2015,2048
2018,2027
2005,2080
2002,2068
1993,2053
1989,2056
1992,2042
1984,2060
1987,2051
1975,2068
1972,2041
1960,2033
1972,2023
1971,2060
1961,2056
1960,2041
1958,2032
1961,2057
1965,2079
1963,2024
1964,2072
1972,2035
1969,2024
1973,2037
1963,2044
1981,2005
1983,2048
1981,2045
1989,2013
1987,2033
1997,2019
1992,2043
2007,2031
2015,2060
2016,2020
2023,2021
2024,2011
2029,2027
2034,2075
2048,2037
2042,2020
2063,2068
2069,2075
2067,2057
2079,2012
2091,2045
2088,1997
2086,2017
2096,2011
2092,2033
2107,2048
2108,2042
2108,2057
2109,2027
2117,2067
2128,2002
2122,2033
2136,2025
2135,2048
2139,2074
2140,2042
2130,2045
2133,1993
2137,2005
2129,1999
2124,2060
2129,2069
2128,2003
2119,2058
2118,2005
2116,2067
2103,2047
2097,2056
2103,2042
2101,2045
2100,2043
2093,2042
2081,2056
2071,2035
2066,2054
2071,2025
2063,2037
2059,2003
2052,1993
2035,2044
2029,2013
2020,2093
2030,1995
2020,2027
2016,2071
2007,2031
2007,2076
2000,2056
1991,2056
1978,2040
1989,2073
1992,2027
1981,2046
1977,2075
1975,2066
1978,2028
1989,2043
1979,2063
1968,2075
1980,2044
1979,2070
1990,2077
1991,2030
1984,1997
1992,2035
1999,2053
1997,2009
2003,2033
2009,2015
2001,2021
2016,2021
2021,1995
2017,2012
2027,2048
2039,2043
2047,2031
2043,2041
2041,2041
2067,2044
2071,2037
2071,2043
2080,2008
2087,2007
2091,2027
2101,2035
2104,2027
2094,2069
2116,2056
2116,2063
2127,2058
2135,2042
2135,2043
2138,2027
2143,2043
2147,2068
2148,2037
2143,2054
2145,2027
2137,2029
2148,2027
2141,2022
2151,2043
2153,2023
2151,2037
2150,2017
2139,2056
2145,2039
2135,2068
2139,2068
2132,2056
2131,2020
2135,2059
2116,2042
2127,2057
2108,2027
2101,2021
2099,2039
2091,2063
2089,2007
2087,2039
2080,2035
2071,2018
2072,2058
2064,2043
2053,2064
2055,2027
2040,2034
2041,2011
2032,2027
2025,2038
2025,2077
2007,2043
2013,2064
2007,2078
2007,2063
2005,1997
2001,2068
1995,2072
1991,2065
1998,2015
1990,2025
2000,2037
1993,2084
2001,2063
2001,2074
2008,2017
2001,2028
1995,2013
2008,2079
2005,2044
2013,2015
2009,2042
2016,2067
2016,2051
2024,2034
2036,1997
2037,2041
2043,2064
2053,2008
2057,2053
2055,2025
2055,2054
2074,2056
2076,2038
2085,2066
2089,2009
2089,2056
2099,2063
2104,2056
2103,2065
2114,2064
2118,2040
2126,2031
2121,2063
2143,2040
2139,2032
2148,2023
2139,1989
2140,2028
2157,2036
2149,2033
2156,2035
2151,2019
2160,2065
2160,2063
2160,2015
2154,2070
2155,2052
2152,2008
2149,2037
2145,2063
2140,2068
2139,2058
2137,2005
2135,2072
2136,2039
2129,2033
2124,2045
2112,2055
2124,2031
2110,2063
2108,2051
2104,2075
2103,2029
2096,2019
2083,2035
2073,2062
2071,2075
2071,2064
2059,2057
2044,2067
2055,2037
2037,2015
2039,2017
2029,2065
2027,2044
2015,2036
2023,2063
2011,2021
2007,2068
2009,2053
2003,2025
2011,2021
2005,2056
1999,2056
2010,2063
2006,2003
2011,2021
2007,2064
2008,2039
2016,2048
2012,2015
2015,2013
2016,2054
2017,2057
2016,2074
2023,2068
2023,2062
2033,2068
2038,2051
2024,2055
2035,2036
2051,2045
2056,2055
2063,2028
2066,2025
2069,2034
2080,2071
2075,2044
2080,2066
2081,2042
2092,2040
2099,2061
2097,2057
2101,2053
2099,2042
2103,2075
2127,2011
2119,2060
2133,2027
2125,2004
2140,2029
2136,2045
2137,2055
2140,2040
2134,2043
2139,2039
2133,2055
2144,2039
2135,2021
2138,2019
2135,2040
2141,2048
2135,2079
2132,2054
2117,2035
2122,2029
2117,2041
2118,2037
2110,2007
2107,2028
2099,2067
2087,2063
2092,2063
2088,2044
2072,2071
2080,2088
2072,2027
2063,2068
2057,2043
2044,2063
2038,2060
2027,2037
2023,2036
2026,2020
2016,2040
2014,2015
2011,2046
2007,2048
1999,2041
1989,2041
1987,2059
1984,2012
1973,2079
1979,2024
1975,2058
1969,2023
1964,2058
1968,2033
1963,2040
1968,2007
1974,2039
1969,2033
1964,2070
1971,2023
1975,2041
1978,2035
1980,2025
1981,2080
1987,2027
1992,2054
2001,2013
2000,2056
2001,2053
2004,2043
2008,2056
2016,2080
2024,2070
2015,2060
2027,2066
2038,2015
2041,2020
2051,2021
2063,2003
2068,2009
2063,2023
2075,2029
2074,2031
2080,2043
2088,2009
2093,2034
2091,2013
2097,2043
2108,2021
2107,2065
2109,2063
2121,2009
2118,2029
2128,2028
2118,1993
2133,2009
2129,2033
2135,2072
2133,2043
2131,2046
2123,2036
2128,2036
2123,2056
2125,2007
2119,2032
2103,2057
2105,2037
2104,2007
2105,2036
2091,2030
2094,2031
2089,2056
2088,2059
2082,2080
2073,1995
2065,2037
2063,2057
2063,2030
2061,2009
2045,2072
2032,2019
2027,2065
2032,2068
2019,2040
2013,2061
2017,2063
1994,2045
2004,2021
1992,2055
1991,2028
1987,2066
1979,2035
1973,2027
1975,2023
1971,2039
1976,2072
1978,2023
1976,2011
1968,2035
1975,2027
1967,2060
1964,2046
1975,1994
1977,2015
1975,2080
1975,2078
1980,2035
1984,2069
1995,2060
2003,2037
2000,2053
2001,2017
2001,2011
2001,2032
2020,2029
2024,2056
2035,2003
2023,2058
2037,2056
2044,2071
2056,2007
2069,2053
2059,1990
2067,2029
2080,2025
2085,2073
2086,2005
2099,2015
2095,2025
2099,2040
2107,2072
2112,2015
2119,2048
2121,2044
2127,2035
2123,2007
2136,2078
2131,2056
2139,2047
2136,2056
2147,2021
2143,2063
2144,2067
2145,2056
2143,2019
2147,2030
2141,2025
2134,2008
2131,2063
2132,2017
2125,2044
2128,2048
2112,2062
2109,2061
2108,2044
2107,2035
2099,2021
2100,2009
2089,2017
2084,2063
2079,2056
2076,2044
2067,2044
2063,2056
2044,2035
2058,2039
2040,2019
2025,2077
2032,2039
2030,2021
2016,2035
2017,2080
2012,2043
2007,2025
2007,2025
2002,2028
1997,2034
1991,2045
1993,2057
1991,2075
1989,2065
1993,2015
1984,2043
1984,2023
1978,2032
1984,2062
1995,2017
1990,2073
1987,2074
1993,2048
1996,2060
2011,2037
2005,2026
2010,2046
2019,2043
2015,2060
2024,2029
2024,2042
2030,2060
2029,2029
2039,2042
2040,2053
2043,2047
2059,1989
2066,2040
2067,2063
2075,2065
2084,2067
2088,2080
2085,2067
2093,2067
2103,2041
2105,2043
2109,2026
2116,2063
2131,2038
2131,2043
2135,2040
2141,2072
2139,2079
2145,2081
2152,2066
2157,2009
2164,2005
2160,2040
2164,2041
2160,2038
2164,2063
2158,1997
2151,2035
2153,2009
2147,2019
2152,2037
2143,2043
2140,2077
2137,2072
2140,2033
2125,2043
2133,2028
2133,2038
2125,2051
2109,2029
2110,2071
2099,2021
2103,2024
2093,2039
2091,2025
2075,2043
2081,2047
2074,2021
2072,2037
2063,2080
2060,2036
2047,2073
2039,2073
2044,2035
2032,2063
2027,2056
2031,2033
2025,2023
2024,2039
2018,2056
2016,2068
2012,2071
2008,2087
2008,2040
2008,2069
2008,2021
2008,2063
2005,2046
2007,2035
2007,2044
2008,2041
2012,2040
2019,2028
2007,2017
2016,2059
2021,2059
2023,1995
2019,2040
2028,2066
2036,2001
2033,2037
2043,2005
2053,1991
2064,2066
2057,2059
2065,2058
2073,2068
2077,2019
2075,2027
2085,2065
2094,2060
2101,1991
2104,2055
2113,2027
2115,2028
2105,2008
2124,2074
2133,2044
2140,2021
2134,2023
2137,2027
2148,2067
2148,2053
2147,2041
2156,2039
2154,1981
2152,2075
2167,2036
2161,2037
2155,2038
2167,2041
2149,2015
2154,2060
2152,1993
2155,2029
2140,2057
2144,2047
2143,2010
2131,2012
2125,2047
2129,2080
2121,1995
2121,2017
2109,2029
2110,2004
2099,2041
2101,2036
2088,2022
2093,2019
2077,2045
2076,2080
2073,2039
2063,1993
2059,2062
2043,2037
2037,2051
2037,2023
2030,2015
2024,2044
2010,2065
2011,2021
2008,2058
2007,2040
2001,2047
1999,2023
1995,2031
1995,2075
1991,2037
1996,2056
1984,2058
1992,2017
1991,2056
1991,2029
1989,2071
1988,2058
1995,2007
1986,2035
1995,2053
1993,2027
2001,2047
2008,2015
2010,2017
2013,2027
2017,2015
2011,2029
2024,2043
2019,2044
2025,2063
2032,2071
2027,2041
2043,2072
2041,2026
2060,2063
2066,2063
2065,2036
2076,2056
2080,2063
2087,2024
2091,2023
2090,2005
2100,2003
2104,2031
2107,2034
2112,2047
2117,2011
2113,2063
2124,2037
2126,2011
2124,2021
2118,2039
2133,2073
2120,2071
2135,2039
2123,2026
2135,2073
2131,2072
2126,2020
2119,2065
2107,2070
2116,2032
2120,2045
2109,2009
2103,2071
2108,1991
2091,2012
2103,2011
2093,2030
2088,2058
2080,2027
2075,2023
2075,2023
2070,2064
2057,2027
2058,2059
2048,2041
2044,2073
2041,2028
2034,2017
2025,2055
2026,2045
2007,2071
2005,2025
1999,2056
1995,2039
1998,2065
1991,2060
1987,2045
1983,2071
1973,2072
1975,2067
1977,2021
1983,2064
1981,2036
1971,2027
1969,2057
1979,2058
1979,2056
1979,2008
1984,2027
1975,2021
1992,2073
1992,2027
1997,2038
2000,2072
2003,2015
1995,2063
2012,2073
2014,2042
2015,2003
2004,2010
2021,2080
2032,2072
2032,2023
2029,2019
2044,2080
2064,2056
2059,2025
2063,2041
2067,2029
2083,2031
2077,2025
2099,2025
2092,2029
2092,2077
2107,2080
2099,2017
2116,2026
2121,2058
2124,2058
2132,2096
2135,2012
2129,2021
2136,2033
2143,2035
2139,2063
2139,2069
2137,2056
2144,2054
2140,2023
2133,2040
2137,2047
2136,2008
2136,2003
2123,2025
2127,2040
2124,2023
2123,2031
2105,2035
2105,2017
2107,2069
2096,2079
2099,2080
2092,2061
2080,1999
2073,2063
2078,2017
2075,2055
2063,2067
2060,2068
2039,2025
2037,2044
2029,2011
2027,2054
2027,2071
2024,2029
2016,2019
2010,2069
2007,2004
1995,2064
1994,2021
1989,2048
1981,2034
1986,2009
1983,2039
1992,2057
1980,2039
1980,2039
1971,2043
1965,2065
1980,2079
1977,2057
1973,2027
1979,2025
1977,2056
1975,2053
1987,2064
1996,2037
1994,2015
1996,2033
2003,2080
2007,2001
2007,2023
2013,2060
2022,2077
2024,2063
2025,2019
2033,2067
2036,2034
2044,2029
2059,2055
2056,2080
2063,2035
2067,2059
2065,2071
2073,2027
2091,2007
2092,2044
2097,2056
2089,2017
2104,2079
2112,2025
2117,2029
2123,2063
2128,2043
2134,2056
2120,2064
2135,2080
2131,2017
2140,2045
2138,2008
2137,2063
2139,2046
2136,2021
2136,2017
2138,2058
2132,2025
2127,2025
2132,2052
2119,2021
2128,2032
2107,2023
2109,2018
2105,2029
2104,2064
2094,2023
2093,2053
2089,2068
2087,2056
2073,2031
2071,2063
2065,2071
2063,2071
2060,2037
2041,2073
2038,2080
2032,2063
2028,2027
2021,2063
2014,2071
2003,2041
2013,2055
2008,2062
1993,2043
1997,2033
1999,2067
1989,2058
1994,2038
1991,2064
1984,2075
1979,2027
1977,2003
1973,2040
1973,2043
1979,2023
1980,1999
1979,2070
1976,2060
1967,2076
1980,2015
1979,2063
1987,2055
1993,2023
1995,2009
2003,2040
2005,2088
2011,2044
2010,2044
2009,2034
2017,2023
2032,2025
2033,2003
2035,2035
2040,2063
2055,2033
2063,2068
2063,2025
2075,2035
2083,2007
2076,2019
2085,2033
2089,2030
2097,2032
2101,2055
2107,2023
2109,2063
2116,2059
2128,2045
2129,2072
2129,2047
2133,2067
2131,2063
2143,2040
2143,2034
2145,2068
2151,2001
2148,2019
2151,2015
2151,2045
2143,2030
2137,2045
2143,2030
2140,2063
2144,2039
2131,2071
2126,2017
2132,2017
2128,2076
2125,2027
2115,2071
2112,2072
2110,2037
2100,2067
2097,2040
2093,2058
2091,2066
2082,2043
2081,2035
2063,2060
2070,2063
2044,2041
2048,2033
2044,2073
2040,2043
2029,2066
2020,2039
2025,2071
2020,2084
1996,2036
1995,2009
1993,2035
2010,2025
2002,2027
1993,2039
1996,2015
1989,2078
1981,2071
1988,2043
1987,2071
1995,2027
1984,2009
1996,2026
1996,2052
2000,2028
1991,2073
1998,2019
2005,2063
2009,2045
2007,2004
2007,2023
2016,2011
2023,2058
2022,2063
2025,2032
2034,2047
2027,2003
2048,2005
2055,2045
2059,2040
2065,2059
2063,2037
2069,1990
2079,2040
2084,2060
2087,2033
2091,2070
2093,2007
2101,2075
2105,2072
2119,2054
2121,1976
2136,2037
2128,2003
2136,2037
2138,2066
2140,2057
2133,2055
2143,2080
2143,2071
2151,2094
2138,2068
2148,2015
2145,2022
2147,2040
2142,2025
2151,2017
2136,2036
2129,2046
2125,2011
2125,2039
2131,2068
2123,2043
2121,2010
2105,2079
2111,2048
2097,2040
2093,2041
2091,2021
2094,2030
2073,2043
2072,2074
2076,2041
2059,2025
2056,2064
2035,2063
2040,2041
2039,2078
2027,2042
2028,2065
2023,2045
2011,2038
2015,2043
2001,2038
1999,2041
1999,2017
1989,2069
1991,2045
1988,2060
1992,2063
1992,2009
1979,2034
1973,2071
1978,2017
1977,2077
1975,2072
1976,2011
1975,2043
1980,2072
1987,2064
1988,2036
1989,2033
1993,2018
2001,2045
2005,2071
2002,2048
2002,2063
2012,2055
2016,2043
2016,2041
2029,2035
2024,2071
2039,2060
2042,1998
2039,2025
2063,2023
2069,2029
2070,2061
2071,2048
2076,2073
2080,2067
2088,2040
2083,2019
2095,2064
2100,2024
2098,2043
2101,2066
2115,2013
2121,2023
2128,1999
2125,2029
2135,2042
2129,2021
2136,2027
2137,2063
2136,2053
2139,2063
2138,2023
2123,2015
2133,2037
2135,2019
2136,2060
2135,2027
2131,2023
2127,2064
2125,2058
2120,2066
2115,2069
2117,2066
2098,2048
2103,2017
2094,2025
2088,2015
2088,2018
2071,2073
2080,2009
2071,2031
2067,2054
2060,2024
2048,2035
2040,2012
2041,2024
2033,2009
2031,2029
2019,2072
2020,2024
2011,2058
2008,2044
1999,2051
1998,2055
1991,2067
1990,2036
1994,2063
1994,2065
1994,2048
1989,2077
1985,2007
1987,2063
1992,2029
1980,2061
1987,2071
1986,2034
1992,2044
1981,2055
2001,2074
2004,2053
2007,2021
2009,2068
2008,2039
2016,2037
2014,2033
2020,2011
2019,2040
2033,2039
2025,2064
2040,2063
2052,2036
2041,2030
2063,2027
2063,2017
2073,2025
2073,2017
2082,2057
2075,2044
2088,2056
2093,2069
2100,2032
2099,2065
2115,2055
2116,2080
2120,2073
2127,2023
2131,2030
2123,2041
2136,2019
2133,2001
2137,2007
2137,2033
2145,2035
2133,2035
2135,2029
2142,2035
2133,2023
2141,2040
2132,2010
2136,2048
2134,2063
2126,2064
2135,2042
2128,2012
2120,2063
2110,2039
2105,2080
2110,2037
2108,2027
2093,2037
2087,2029
2090,2036
2081,2066
2077,2025
2072,2076
2063,2033
2056,2048
2029,2024
2047,2021
2035,2040
2040,2029
2028,2009
2025,2040
2018,2054
2007,2022
1995,2017
2003,2069
1998,2065
1996,2063
1994,2020
1990,2069
1983,1998
1978,2039
1983,2033
1975,2077
1979,2033
1992,2024
1980,2067
1990,2035
1987,2038
1979,2036
1992,2042
1980,2029
1992,2063
2000,2037
1989,2045
2007,2007
2011,2055
2004,1995
2014,2070
2024,2035
2024,2064
2031,2041
2033,2026
2035,2070
2044,2042
2063,2065
2067,2035
2068,2025
2071,2053
2078,2067
2083,1996
2081,2035
2099,2028
2095,2012
2097,2038
2110,2059
2112,2072
2123,2023
2121,2027
2127,2056
2135,2023
2140,2039
2137,2064
2137,2067
2143,2003
2137,2039
2148,2001
2149,2069
2139,2063
2137,2075
2137,2075
2152,2009
2145,2005
2137,2071
2136,2056
2136,2027
2131,2041
2120,2040
2123,2063
2112,2018
2120,2071
2108,2025
2103,2029
2097,2071
2092,2046
2076,2063
2090,2043
2079,2017
2070,2017
2065,2076
2043,2043
2063,2067
2040,2029
2043,2071
2032,2007
2032,2011
2015,2056
2020,2073
2009,2040
2004,2066
2004,2055
1998,2029
2000,2023
1996,2035
1999,2036
1991,2053
1993,2023
1981,2027
1982,2039
1984,2037
1995,2036
1988,2074
1999,2029
1994,2060
1992,2009
1993,2065
2008,2065
2008,2009
2003,2063
2012,2072
2021,2029
2013,2076
2017,2084
2028,2024
2035,2013
2045,2011
2041,2067
2053,2017
2060,2048
2069,2011
2075,2030
2076,2066
2083,2044
2088,2019
2089,2038
2091,2041
2093,2017
2114,2036
2105,2046
2112,2035
2131,2040
2125,2063
2136,2044
2142,2051
2144,2025
2151,1997
2139,2011
2156,2034
2153,2067
2151,2071
2161,2041
2149,2040
2152,2042
2157,2026
2152,2055
2153,2023
2155,2017
2151,2041
2145,2070
2147,2018
2142,1980
2133,2056
2136,2057
2130,2007
2128,2005
2127,2022
2119,2036
2117,2043
2107,2005
2103,2084
2096,2022
2087,2015
2088,2013
2071,2055
2069,2079
2065,2039
2069,2051
2044,2010
2039,2043
2035,2073
2029,2079
2025,2096
2019,2069
2015,2055
2015,2056
2008,2078
1995,2025
2005,2055
1993,2035
2000,2056
1992,2040
2001,2035
1993,2072
2001,2037
1987,2019
1997,2019
1993,2043
1993,2063
1995,2012
1997,2077
1987,2056
2008,2056
2016,2029
2019,2011
2023,2012
2021,1991
2017,2037
2029,2087
2034,2043
2041,2043
2040,2048
2043,2043
2063,2091
2062,2053
2068,2003
2070,2055
2075,2025
2080,2025
2089,2080
2097,2067
2103,2040
2107,2044
2111,2072
2112,2040
2114,2053
2124,2052
2133,2017
2135,2056
2131,2071
2143,2037
2143,2001
2147,2038
2152,2041
2156,2040
2152,2054
2157,2007
2154,2077
2152,2039
2153,2036
2151,2041
2156,2068
2143,2036
2143,2021
2150,2051
2137,2041
2133,2042
2131,2059
2131,2032
2128,2051
2125,2043
2117,2028
2105,2067
2107,2021
2100,2047
2094,2043
2089,2068
2083,2035
2071,2025
2071,2040
2069,2053
2057,2048
2055,2039
2036,2079
2043,2041
2027,2028
2029,2037
2031,2063
2023,2056
2008,2044
2012,2061
2012,2017
2003,2041
2000,2024
1989,2078
1992,2015
1993,2063
1993,2011
1990,2027
1989,2011
1992,2060
1979,2025
1983,2011
1996,2021
2003,2055
2002,2047
1992,2037
2001,1983
1997,2027
2014,2034
2015,2041
2016,2030
2025,2048
2024,2060
2030,2037
2027,2007
2039,2066
2044,2017
2048,2005
2055,2029
2067,2027
2070,2067
2071,2009
2087,2028
2089,2053
2097,2071
2091,2027
2091,2071
2103,2015
2117,2035
2113,2068
2122,2056
2127,2007
2132,2011
2136,2057
2139,2066
2137,2063
2144,2041
2144,2079
2146,2021
2145,2063
2151,2037
2143,2060
2151,2015
2148,2076
2152,2055
2135,2054
2143,2070
2133,2079
2135,2057
2133,2035
2127,2029
2120,2060
2115,2061
2107,2063
2112,2017
2105,2033
2102,2033
2098,2075
2088,2072
2085,2066
2076,2038
2071,2067
2069,2075
2071,2063
2056,2043
2041,2067
2045,2040
2037,2026
2035,2072
2028,2035
2025,2015
2017,2040
2016,2023
2013,2056
2001,2097
1999,2052
1998,2035
2002,2045
1995,2054
2000,2017
1998,2066
1989,2017
1991,2088
1994,2029
1992,2038
1981,2072
1999,2067
1996,2027
1996,2038
2001,2046
2000,2055
2007,2007
2008,1996
2015,2025
2021,2057
2021,2065
2015,2073
2028,2030
2027,2015
2039,2042
2045,2063
2043,2047
2054,2065
2064,2040
2071,2022
2071,2029
2074,2044
2084,2066
2087,2075
2085,2007
2091,2024
2093,2019
2108,2068
2108,2040
2116,2026
2115,2024
2123,2015
2119,2060
2132,2043
2129,2042
2140,1979
2141,2045
2135,2046
2132,2037
2139,2027
2134,2044
2136,2046
2143,2045
2143,2012
2133,2026
2140,2058
2133,2019
2132,2004
2132,2019
2127,2080
2123,2023
2117,2052
2100,2001
2101,2045
2093,2071
2103,2018
2090,2031
2075,2071
2077,2038
2073,2060
2065,2058
2064,2058
2043,2075
2041,2036
2040,2035
2040,2020
2035,2043
2029,2072
2019,2046
2011,2036
2014,2025
2003,2033
1999,2080
1997,2068
1992,2070
1981,2064
1987,2027
1983,2023
1989,2048
1988,2003
1979,2066
1979,2072
1988,2028
1975,2056
1993,2080
1984,2035
1976,2075
1995,2023
1987,2044
1999,1981
2002,2027
2005,2057
2008,2056
2005,2041
2009,2069
2009,2055
2017,2066
2028,2077
2030,2047
2036,2003
2039,2027
2043,2066
2057,2063
2066,2011
2068,2019
2076,2001
2085,2055
2075,2037
2088,2005
2091,2041
2089,2056
2097,2056
2115,2041
2112,2021
2119,2058
2127,2043
2131,1989
2129,2057
2138,2037
2141,2041
2142,2088
2139,2043
2140,2023
2137,2041
2146,1996
2142,2010
2135,2045
2139,2044
2143,2009
2133,2064
2133,2035
2121,2045
2129,2042
2123,2031
2121,2011
2115,2034
2104,2071
2104,2064
2094,2067
2093,2028
2091,2058
2080,2054
2085,2011
2065,2047
2075,2035
2065,2010
2056,2025
2041,2025
2044,2055
2039,2047
2023,2055
2019,2053
2024,2056
2012,2027
2003,2061
2003,2080
2004,2021
1995,2063
1993,2060
1996,2029
1992,2067
1979,2060
1979,2035
1984,2036
1979,2005
1975,2077
1980,2031
1984,2046
1978,2063
1992,2045
1977,2071
1988,2011
1991,2044
1989,2063
2003,2066
2001,2033
2003,2057
2015,2058
2015,2013
2011,1993
2023,2021
2028,2012
2037,2065
2039,2070
2036,2048
2054,2028
2065,2033
2069,2007
2076,2027
2073,2027
2083,2042
2088,2040
2094,2037
2101,2071
2107,2031
2115,2065
2106,2045
2109,2029
2126,2044
2124,2039
2136,2063
2138,2030
2143,2065
2146,2071
2151,2015
2144,2088
2153,2010
2147,2019
2145,2071
2152,2068
2153,2005
2150,2047
2146,2011
2144,2035
2138,2003
2148,2046
2137,2039
2127,2055
2131,2015
2123,2044
2123,2033
2120,2035
2107,2055
2104,2040
2101,2009
2088,2063
2088,2052
2075,2027
2075,2037
2069,2076
2067,2043
2065,2043
2058,2028
2047,2063
2036,2048
2039,2023
2031,2013
2029,2028
2016,2080
2008,2037
2007,2072
2003,2076
2000,2027
1996,2026
1999,2054
1997,2017
1994,2019
1995,2018
1981,2056
1984,2025
1996,2039
1992,2045
1990,2029
1989,2060
1991,2079
1997,2021
2002,2057
1993,2025
2003,2071
2008,2056
2011,2056
2009,2043
2018,2029
2020,2037
2026,2048
2039,2019
2042,2064
2040,2051
2044,2064
2060,2038
2071,2078
2068,2040
2068,2067
2081,2047
2088,2054
2084,2055
2091,2045
2107,2062
2113,2052
2113,2057
2117,2048
2124,2027
2130,2052
2134,2046
2139,2073
2135,2030
2146,2076
2152,2028
2153,2039
2159,2025
2149,2041
2152,2056
2153,2040
2153,2067
2148,2063
2151,2060
2149,2071
2145,2058
2145,2052
2146,2055
2141,2046
2136,2027
2133,2075
2128,1991
2116,2045
2125,2024
2122,2021
2110,2029
2101,2057
2107,2056
2096,2017
2081,2077
2079,2063
2072,2076
2072,2035
2071,2059
2057,2063
2053,2070
2039,2076
2029,2019
2029,2056
2023,2070
2023,2022
2007,2065
2016,2087
2007,2043
2003,2068
1999,2066
1992,2039
1993,2052
1988,2040
1979,2037
1988,2067
1989,2027
1984,1999
1979,2032
1977,2053
1979,2031
1992,2029
1981,2037
1989,2043
1991,2078
1991,2058
2000,2037
1993,2021
1995,2077
2011,2059
2013,2075
2019,2072
2022,2019
2023,2057
2029,2037
2035,2021
2031,2063
2037,2030
2040,2029
2067,2063
2065,2068
2071,2041
2079,2055
2073,2043
2081,2033
2090,2023
2088,2056
2101,2015
2102,2040
2099,2064
2117,2019
2119,2032
2123,2043
2123,2080
2123,2040
2131,2015
2134,2063
2137,2039
2129,2019
2136,2059
2137,2057
2125,2001
2131,2042
2134,2029
2123,2071
2127,2059
2119,2015
2123,2076
2123,2007
2117,2025
2115,2041
2103,2035
2104,2068
2100,2023
2091,2043
2089,2034
2089,2037
2076,2063
2074,2040
2063,2025
2065,2055
2058,2035
2046,2047
2041,2066
2029,2060
2030,2051
2020,2068
2013,2040
2009,2055
1997,2042
2009,2027
1992,2057
1981,2017
1992,2068
1980,2035
1987,2069
1976,2056
1971,2065
1973,2025
1977,2091
1963,2058
1975,2045
1968,2033
1965,2044
1967,2060
1972,2027
1966,2063
1980,2021
1976,2040
1980,2028
1982,2024
1978,2019
1998,2055
1993,2025
1990,2048
2005,2012
1997,2021
2007,2040
2018,2011
2016,2044
2027,2030
2031,2053
2029,2040
2044,1997
2048,2076
2063,2073
2063,2044
2063,2057
2076,2009
2071,2005
2081,2043
2083,2020
2083,2024
2096,1999
2099,2005
2105,2064
2103,2029
2110,2037
2121,2006
2119,2039
2124,2055
2129,2025
2127,2057
2132,2060
2139,2024
2124,2024
2125,2071
2127,2061
2126,2023
2128,2017
2121,2072
2127,2021
2113,2039
2120,2052
2111,1995
2103,2008
2099,2003
2109,2043
2096,2041
2088,2024
2071,2070
2081,2024
2080,2040
2071,2070
2072,2039
2061,2066
2037,2038
2052,2058
2039,2069
2029,2063
2026,2051
2019,2044
2015,2058
2014,2036
2008,2009
2008,2071
1998,2021
1995,2053
1993,2064
1989,2052
1981,2056
1987,2042
1983,2035
1984,1999
1984,2037
1983,2066
1969,2005
1980,2079
1975,2065
1980,2060
1976,2045
1988,2058
1991,2011
1993,2019
1997,2017
2003,2060
2007,2036
2003,2041
2015,2046
2016,2040
2027,2055
2024,2025
2025,2003
2037,2021
2035,2076
2054,1992
2052,2055
2063,2093
2072,2069
2071,2029
2079,2059
2091,2039
2090,1995
2102,2035
2105,2001
2106,2076
2107,2011
2119,2056
2129,2017
2127,2019
2129,2024
2136,2038
2143,2006
2135,2018
2135,2044
2146,2064
2149,2080
2143,2021
2145,2033
2150,2047
2144,2063
2149,2027
2145,2001
2136,2066
2135,2071
2136,2071
2130,2058
2129,2040
2131,2030
2125,2029
2122,2043
2120,2042
2115,2035
2105,2063
2104,2078
2097,2044
2084,2058
2080,2069
2088,2033
2078,2067
2072,2027
2059,2072
2047,2003
2053,2065
2038,2060
2023,2023
2025,2084
2024,2037
2015,2019
2015,2041
2008,2042
2007,2063
2000,2017
1999,2003
1997,2063
1994,2039
1987,2088
1977,2070
1983,2068
1992,2027
1984,2070
1979,2024
1989,2075
1986,1995
1996,2025
1991,2011
1989,2071
2001,2040
1992,2063
2007,2082
2008,2079
2011,2040
2011,2054
2004,2063
2015,2044
2027,2035
2027,2009
2043,2058
2056,2073
2059,2058
2043,2039
2072,2054
2074,2008
2078,2019
2088,2025
2089,2035
2093,2067
2100,2066
2091,2069
2104,2021
2110,1995
2124,2057
2127,2025
2124,2063
2127,2056
2129,2021
2135,2040
2143,2004
2140,2003
2150,2041
2150,2017
2139,2055
2153,2059
2152,2035
2143,2022
2152,2024
2150,2044
2145,2073
2143,2005
2140,2071
2135,2040
2132,2023
2123,2025
2126,2056
2107,2069
2120,2068
2120,2034
2115,2036
2089,2067
2095,2030
2083,2075
2092,2045
2071,2065
2071,2067
2070,2011
2064,2072
2060,2067
2053,2030
2033,2031
2028,2040
2034,2023
2021,2047
2016,2064
2012,2046
2005,2007
1997,2035
2003,2067
1995,2071
1996,2027
1992,2080
1993,2066
1979,2033
1995,2080
1982,2075
1984,2019
1988,2080
1991,2015
1987,2063
1989,2063
1981,1998
1993,2046
1991,2020
1997,2053
2000,2019
2009,2046
2011,2025
2014,2058
2012,2057
2025,2063
2031,2065
2034,2068
2037,2080
2053,2027
2058,2029
2064,2029
2068,2008
2075,2011
2071,2080
2087,2072
2087,2029
2089,2019
2091,2059
2103,2070
2103,2063
2112,2057
2116,2079
2121,2080
2132,2007
2131,2018
2137,2005
2136,2065
2143,2056
2143,2072
2150,2056
2155,2076
2156,2071
2159,2071
2153,2029
2153,2021
2159,2033
2147,2035
2151,2021
2150,2075
2155,2018
2145,2035
2140,2053
2137,2091
2139,2056
2133,2064
2120,2080
2127,1997
2109,2009
2116,2021
2115,2064
2104,2056
2104,2056
2094,2068
2090,2021
2073,2078
2081,2033
2072,2080
2055,2061
2066,2036
2055,2023
2044,2019
2032,2015
2035,2041
2036,2037
2023,2071
2016,2082
2009,2023
2006,2072
2008,2029
1995,2060
2004,2021
2000,2038
1999,2021
1997,2074
1993,2026
2002,2067
1996,2035
1999,2036
1996,2024
1999,2029
1998,2017
1997,2067
2004,2038
2002,2059
2016,2072
2013,2066
2026,2019
2023,2027
2029,2048
2032,2012
2039,2054
2038,2065
2037,2019
2045,2056
2060,2071
2065,2038
2063,2080
2076,2011
2085,2039
2083,2033
2081,2039
2091,2025
2095,2045
2104,2056
2109,2060
2107,2048
2120,2044
2129,2046
2135,2056
2140,2044
2141,2011
2137,2011
2143,2072
2150,2022
2145,2067
2152,2007
2152,2042
2154,2039
2156,2024
2156,2039
2155,2052
2145,2011
2150,2054
2152,2071
2145,2091
2135,2041
2129,2035
2123,2056
2129,2079
2124,2091
2129,2024
2113,2063
2110,2055
2103,2054
2092,2045
2096,2066
2077,2011
2082,2059
2080,2069
2063,2052
2055,2063
2057,2011
2054,2021
2042,2054
2039,2065
2019,2076
2028,2029
2022,2035
2016,2032
2011,2025
2008,2048
1997,2067
2002,2088
1993,2011
1995,2071
1996,2023
1992,2048
1991,2030
1988,2018
1984,2047
1982,2009
1984,2037
1987,2055
1990,2024
1991,2007
1984,2019
1992,2021
1987,2036
1991,2058
2000,2033
2007,2024
1997,2043
2008,2061
2009,2026
2021,2029
2026,2071
2033,2057
2036,2055
2036,2029
2048,2035
2047,2035
2070,2005
2063,2043
2071,2028
2073,2054
2081,2066
2084,1991
2088,2028
2097,2045
2104,2025
2104,2017
2107,2018
2106,2041
2117,2037
2121,2028
2126,1989
2122,2033
2131,2064
2128,1981
2131,2033
2139,2029
2136,2055
2142,2040
2140,2028
2131,1997
2136,2017
2137,2053
2128,2024
2131,2035
2123,2071
2120,2064
2121,2042
2117,2021
2107,2045
2111,2039
2099,2007
2103,2044
2092,2012
2089,2043
2075,2060
2073,2035
2075,2042
2075,2043
2065,2073
2056,2030
2054,2027
2029,2072
2045,2021
2030,2033
2026,2041
2026,2066
2016,2039
2015,2025
2007,2019
2007,2043
1999,2026
2000,2033
1995,2029
1987,2071
1989,2041
1987,2071
1979,2088
1989,2012
1979,2043
1984,1999
1983,2015
1980,2041
1989,2017
1980,2030
1992,2063
1995,2068
1997,2047
2001,2041
1996,2053
2007,2035
2005,2063
2017,2039
2024,2038
2024,2024
2025,2017
2028,2075
2025,2024
2050,2015
2055,2032
2055,2035
2063,2011
2073,2025
2078,2007
2080,2020
2088,2043
2089,2040
2103,2033
2104,2056
2097,2065
2117,2017
2118,2019
2130,2043
2124,2061
2132,2003
2127,2035
2137,2062
2140,2035
2139,2023
2139,2055
2145,2048
2146,2042
2152,2052
2143,2004
2144,2063
2144,2063
2144,1993
2145,2017
2131,2075
2136,2072
2131,2073
2121,2069
2124,2056
2123,2069
2109,2056
2109,2034
2107,2053
2108,2025
2093,2015
2099,2080
2088,2089
2087,2057
2081,2066
2072,2080
2070,2019
2057,2055
2054,2053
2037,2043
2040,2040
2035,2032
2031,2058
2019,2029
2019,2072
2008,2080
2015,2040
2011,2009
1996,2015
1993,2051
2007,2027
2001,2039
1993,2058
1993,2001
1993,2045
1998,2035
1992,2042
1977,2060
1994,2070
1979,2027
1996,2053
1999,2004
1996,2063
2003,2078
2008,2062
2006,2080
2007,2065
2016,2076
2023,2066
2028,2072
2024,2009
2030,2009
2039,2005
2040,2009
2057,2068
2060,2029
2068,2054
2068,2027
2063,2043
2077,2008
2083,2025
2087,2040
2088,2011
2105,2071
2097,2037
2101,2053
2111,2036
2125,2008
2115,2010
2124,2047
2125,2053
2130,2069
2145,2067
2139,2009
2143,2053
2137,2063
2147,2053
2144,2035
2143,2075
2143,2035
2144,1995
2135,2052
2135,2035
2135,2017
2135,1993
2125,2017
2127,2053
2129,2047
2126,2079
2117,2072
2116,2021
2109,2072
2107,2045
2107,2023
2099,2033
2091,2039
2093,2059
2073,2063
2077,2021
2070,2067
2058,2023
2045,2071
2044,2037
2037,2055
2035,2052
2027,2006
2019,2033
2024,2076
2011,2069
2011,2023
2003,2040
2005,2063
1998,2037
1992,2036
1993,2060
1981,2077
1991,2028
1978,2067
1991,2011
1982,2063
1984,2029
1977,2068
1983,2044
1984,2013
1979,2059
1989,2044
1991,2046
1994,2007
1995,2043
2008,2008
1995,2008
2009,2043
2015,2080
2015,2025
2024,2040
2025,2033
2035,2019
2039,2056
2043,2001
2052,2034
2063,2071
2071,2033
2076,2027
2076,2074
2081,2038
2088,2069
2091,1993
2100,2039
2104,2075
2105,2064
2114,2053
2121,2064
2117,2069
2121,2055
2131,2076
2135,2029
2141,2017
2135,2057
2151,2103
2152,2058
2149,2057
2155,2021
2160,2021
2152,2036
2160,2056
2152,2019
2154,2054
2145,2071
2145,2067
2141,2071
2144,2072
2143,2045
2136,2025
2125,2001
2129,2063
2119,2039
2120,2064
2107,2080
2103,2080
2104,2052
2097,2030
2099,2005
2083,2013
2080,2024
2079,2039
2075,2017
2068,2060
2045,2066
2040,2035
2052,2027
2035,2072
2036,2037
2029,2065
2024,2001
2017,2065
2013,2058
1999,2031
2008,2035
2005,2030
1997,2048
2000,2023
2001,2018
2003,2037
1994,2011
1994,2043
1992,2044
2001,2060
1989,2068
1999,2076
2002,2029
2006,2055
1997,2044