2125
2088
2039
2037
1995
2073
2080
2008
2077
2025
1979
1959
2028
2073
2023
2099
2016
1950
2013
2066
2051
2059
2109
2124
2011
2072
2093
2058
2040
2037
2001
2076
2032
1993
2022
2107
2099
2071
2068
2043
2075
1979
2029
2013
1981
2023
2090
2016
1970
2040
1983
2032
1992
2001
2027
2017
2022
2085
2023
2024
1981
2003
2087
2043
2089
2088
2078
1955
2030
2105
1977
1989
2020
2012
2027
2063
2083
2012
2009
2057
2045
2009
1955
2029
2015
2039
2073
2025
2025
1976
2028
2080
1972
2079
2023
1953
1973
2056
1956
2023
2097
2081
2027
2091
2011
2073
2017
2105
1971
2063
2071
2024
1981
2065
2056
1973
2008
1976
2010
1994
2065
2056
2025
2085
2073
2071
2073
1974
2075
1977
2059
1993
1968
2003
2075
2025
2065
2029
2039
2024
2063
2096
2060
1999
2059
2037
2011
2080
2104
2029
2019
1957
2077
2071
2045
1989
2048
2040
2032
2102
2057
2021
1999
1993
2023
1989
2088
2078
1973
2078
2091
1992
2079
2039
1995
2021
2055
2105
2096
2016
2101
2119
2132
2029
2087
1960
1975
2065
2033
2071
2065
2011
1954
2032
2027
2041
2096
1993
2092
1980
2031
2009
2063
2084
2020
2067
2053
2019
2059
2102
2035
2023
2039
2023
2025
2013
1973
2019
2076
1987
2021
2043
2128
2008
2065
1988
1973
2108
2069
2067
2030
1973
2063
1997
2035
1983
1944
2076
1977
2029
1975
2057
2045
1969
2027
1978
2075
2068
2091
1975
2104
2009
2045
2038
2073
1990
1989
2015
2056
2027
2045
2085
1995
2029
2003
1933
2075
1971
2013
2034
2048
1971
2027
2039
2033
1953
2003
2001
1989
2029
2015
2035
2080
1982
1975
2021
1964
2039
2003
2022
1965
2063
2035
2106
2056
2027
2038
2085
2003
2010
2065
2067
2041
2044
2043
1949
1973
2011
1975
1993
1979
2020
2041
2028
2074
2087
2021
2041
1960
2066
2035
2055
1915
2011
2027
2027
2027
2105
1951
2131
2088
2083
2003
2039
2029
1997
2109
2079
2003
1980
1991
2084
2057
2043
2044
1964
1975
1996
2028
2071
1957
2047
2060
2015
2004
2115
1983
2077
2047
2013
2041
2073
2079
2011
2040
2080
1976
2089
2024
2043
2007
1994
2065
2030
2088
2043
2057
2026
2090
2015
2008
1997
1979
1983
2014
2022
2043
2063
2020
2081
1995
2001
2083
2024
2083
2016
2044
2025
2041
1997
2065
2043
2043
2069
2072
2020
2007
2001
2055
2043
1979
2058
2017
2056
2072
1995
2006
2058
1964
2042
2003
2017
2013
2035
2039
2031
1991
2053
2073
2035
1915
2005
2039
1965
1945
2041
2023
1971
2017
2027
2039
2079
2071
2014
2039
2017
1993
2017
2063
2055
2021
2035
1970
2028
2025
2045
2008
2061
2021
2059
1995
2076
2025
2043
2060
2055
2063
2077
1963
2080
1997
2001
1991
1979
1991
2023
2085
1995
2069
1996
1980
1941
2101
2027
2073
2000
2021
1997
1991
1965
2103
2011
2016
2043
2043
2032
2055
2066
2093
2044
2033
2053
2096
1992
2039
2043
2011
1994
2071
2015
2003
2075
2029
1965
2023
2063
2063
1995
2037
2034
2032
1981
2065
2055
2068
2065
1997
1975
1977
2150
2021
2029
2024
2031
1945
2058
1951
2043
2041
2071
2071
2020
2015
2003
1977
2027
2072
2027
2039
2008
2007
1951
2001
2039
2007
2077
2027
2009
2032
2056
2085
2007
2028
2013
1999
1977
2040
1984
1991
2087
2068
2067
2089
2071
2063
2001
2088
1995
2035
1947
2048
2035
2117
1955
2115
2025
2007
2053
2055
1993
2055
2080
2025
2031
2087
1945
2065
1964
2087
2025
2057
1963
2020
2077
2063
2063
2071
2023
2035
1943
2063
2055
1979
1979
1952
2012
1977
2057
2053
2016
1960
2075
2001
1996
2037
1996
2008
2004
1963
2055
1973
2091
2035
2063
2029
2032
2034
1987
1999
1977
2014
1989
1981
2005
1975
2116
2079
1964
1959
2012
2008
2041
2015
1981
2002
2005
2073
2043
2009
2076
2075
1967
2008
2068
1987
1972
2063
2019
2071
2085
2040
2035
2059
2075
2073
2079
1993
2003
2037
2032
2029
2009
2043
2000
2035
2031
2032
1965
2025
2083
2003
2030
2041
2015
1963
2011
2011
2019
2099
2027
2067
2063
2040
2057
2105
2029
2017
2036
2071
1961
2063
2030
1992
1976
2016
2046
1989
2029
2029
2031
2072
2043
2003
2038
2003
2083
2045
2075
2011
2025
1967
2045
2083
1963
2037
2027
2055
2048
1967
2048
2080
2040
2043
2088
2041
2006
2053
2026
2015
1971
1993
2072
2003
2013
2009
2075
2039
2067
1992
2037
2029
2011
2035
2064
2067
2029
2067
2060
2013
1998
2035
1977
2006
1965
1963
2075
1983
1963
2105
1974
1984
2067
2033
2079
1979
2017
2048
2029
2096
2029
2084
2011
2073
2005
2029
2036
2065
2003
1941
2074
2083
1967
2032
2011
1929
2067
2063
2045
2079
2071
2069
2071
2107
2056
1993
2075
2058
1999
2044
2015
2059
2031
2079
2009
2041
1994
2057
1994
2109
1977
2068
2032
2114
2039
1980
2099
2090
2052
1997
2099
2015
1971
2001
2001
1970
2082
2035
2024
2067
2033
2022
2005
1955
2045
2000
2008
1996
2059
2072
2037
1955
2021
2067
1949
2058
2005
2027
2076
2089
2035
1987
2048
2033
1983
2031
2001
2023
1973
2026
1979
2067
2073
2004
2036
1977
1979
2015
2048
1993
2089
2071
2121
2045
1991
2093
2065
2031
2013
2005
2099
1959
2091
2028
2077
2032
1977
2040
2091
2011
2074
2097
2031
2005
2051
1961
2061
2039
2023
1937
2013
2046
1941
1998
2078
2025
2040
1975
2017
1989
2027
2056
2067
2031
2051
2041
2087
2073
2024
2085
2027
2037
2039
2033
2041
2030
2023
2055
2021
2099
1992
1949
1903
2053
1981
1983
2046
2096
1977
2065
2003
2048
2083
2021
1997
2023
2043
2043
1932
2080
2013
1967
2063
2035
2007
2079
2005
2039
2092
1969
2092
2067
2019
2101
2030
1954
1990
2022
2085
2003
1982
2057
2088
2023
2011
2024
1993
1991
2109
2071
2039
2077
1997
2063
1996
2097
2056
2029
2019
2065
2009
2023
2101
1998
1925
1949
2055
2024
2043
2041
2063
2034
2071
2024
2011
2037
2017
2015
2009
2031
1983
1947
2005
2041
2089
1955
2033
2064
2015
2057
2039
2020
1968
2007
2007
2085
1989
2071
2041
2016
2040
2032
2092
2073
2027
2009
2016
2023
2020
1980
2003
2077
2019
2048
1975
2063
2078
1995
2063
2091
2071
2007
2023
1942
2068
2040
2056
1981
2017
1963
2103
2069
2077
2039
2009
2006
1913
2005
2098
2019
1988
1943
2083
1957
1978
2025
2020
2031
1963
2004
2063
2021
2040
1983
2031
1983
1964
2085
2081
1949
2017
2001
1971
2015
2084
2035
2029
2076
1924
2071
2075
1994
2004
2057
1982
2027
2063
2017
2008
2027
2017
1931
2055
2021
2102
1991
2037
2099
2005
2039
1976
1993
1993
2053
2036
1919
2011
1989
2029
2108
2036
2080
2007
2045
2022
1976
2097
2041
2007
2092
2103
2063
2093
2059
2037
2044
2027
2021
2031
2077
1944
1981
2011
2019
1967
2119
2075
2021
1981
2087
1949
1997
2080
2011
2063
2063
2086
1973
2027
2008
1961
1987
2029
2011
2007
1993
2063
2076
2003
2034
1992
2032
2003
2079
2021
2035
2035
1996
2001
2088
2020
1984
2091
1944
2067
2097
1965
2063
2060
2036
2024
2121
2013
1971
1961
2074
2008
2031
2043
2035
2065
2075
2055
2037
2069
1993
1976
2023
1993
2063
2063
2061
1981
2063
2071
1995
2025
2101
1993
2084
2013
2088
2031
2097
1961
2055
1991
2037
2021
1944
1999
2043
2032
1953
2112
2029
1989
2044
2023
2040
2075
1915
2056
2072
1973
2117
1989
2032
2019
2104
2019
2053
2041
2005
2010
1981
2055
1995
2066
2021
2066
2047
2057
2110
1961
2017
2016
2067
2008
1994
1949
2072
2027
2088
2012
1961
2063
1998
2039
2075
2055
2077
2051
1991
1975
2063
2016
1999
2053
2016
2072
2027
1959
1992
2072
2029
2075
2057
2039
1973
2032
2029
1975
2103
2008
2093
2089
2031
2029
2071
2015
2087
2098
2081
2040
2011
2071
2013
2078
2098
2012
2046
2035
1950
2021
2085
2031
2009
2063
1980
2024
2067
2027
2109
2015
2027
2072
2067
2087
2005
2011
1983
2027
2034
2030
2007
2011
2019
2025
2039
1993
2011
2027
1997
2021
2043
1973
2056
2069
2041
2034
1991
2026
2077
1999
1976
2057
1975
2024
2007
2068
2079
2083
2008
2053
2021
2077
2036
1993
2063
1987
2036
2059
2039
2025
2046
2095
2051
2008
1982
2029
2022
2016
2040
1977
2023
2058
2057
1977
2064
2031
2096
2063
2009
2063
2036
2031
1973
1981
2091
2072
1964
2033
2017
2068
2079
2027
2061
2031
2031
2008
2077
1990
1967
2069
2024
2099
1957
2101
2011
2005
2035
2092
2009
2108
1997
1965
2031
1984
2002
2037
2031
2025
2030
2053
2029
2042
2069
2017
2069
2028
2057
2001
2025
1991
1937
2040
2091
2041
2111
2115
2052
2014
2063
2029
2003
2073
2057
2089
2100
2035
2003
2065
2074
1967
2109
1983
1989
2060
2032
2069
2004
1988
2015
1973
2068
2096
2027
2040
2085
2025
1948
2079
1979
2059
1949
2045
2070
2028
2040
2077
2063
2011
2039
2076
2076
1993
2009
2075
2084
2063
2027
2073
2033
1998
2077
2099
2009
2077
2010
2017
1955
2140
1973
2071
1957
2041
2024
2038
2019
2029
2023
2011
1975
2025
2032
2069
2094
2087
2071
2003
2001
1965
2017
1969
2019
2005
1969
1966
2067
2033
1981
2071
2041
2013
2009
2048
1959
1988
2055
1963
2072
2030
2045
2027
2039
1979
2063
2037
2068
2013
2065
2008
2096
2023
1980
2035
2071
2015
1987
1965
2073
1971
2029
2059
1999
2092
2019
1958
2041
2005
2043
2087
1973
2131
2037
2025
2053
1982
1983
1993
2037
1979
2027
2063
1997
2129
1975
2091
1981
2026
2012
2003
2059
2069
2019
2023
2058
1976
1967
2137
2096
2000
2023
2028
2019
2083
2019
1995
2057
2127
2089
2067
2009
2031
2019
2039
2001
2045
2072
2056
1955
2044
2063
2055
2068
2041
2071
2005
1992
1977
1971
2093
2077
2072
2013
2085
2093
2008
2044
2092
2007
2015
2029
2075
2122
2007
1959
2039
2072
2007
2007
2004
2011
2015
2065
2079
2088
2027
1991
1971
2012
1977
2089
1997
2055
2021
1951
1984
2091
2071
1976
2039
2054
2055
2041
2011
2097
1989
2041
2005
1987
2021
2035
1991
2083
2021
2011
2076
1995
2011
2039
2040
1987
2066
2073
2012
2029
2024
1944
2073
2023
1995
2088
2048
2040
1915
2087
2024
2018
1955
2045
2047
1981
2037
2013
2035
1939
2003
2075
2088
2062
1997
2011
1961
2032
1961
2027
2025
2071
2008
1975
2059
2086
2064
2091
2083
1971
2053
2100
1983
2025
2019
2004
2057
2077
1981
2026
1980
2040
2102
1993
2080
2112
2029
2043
2063
2087
2017
2022
2008
1975
2076
2019
2024
2083
2053
1977
2068
1968
2031
2140
1965
2059
2089
1957
2058
2111
2073
2043
2005
1977
2107
2077
2037
2056
2021
2070
2071
2063
2047
2001
2103
2043
2015
2029
2037
2055
2043
2023
2047
2027
2120
2018
2011
2020
2038
2009
2003
2067
2057
2045
1995
2091
2005
1997
2023
2057
2103
2023
2063
2055
2066
2080
2044
2021
2065
2085
2035
2025
2037
2058
2005
2027
2093
2101
2067
2029
2037
1995
2063
2001
2047
1990
2067
2003
2068
2037
2013
2052
2081
2016
2084
2003
2016
2041
1994
2041
2090
2041
2012
2035
2065
2019
2055
2019
2055
2004
2067
2023
2031
2055
2024
2068
2024
2061
2053
2007
2092
2008
2023
1971
2059
2063
2030
2025
1996
2017
2056
2027
2016
2038
2062
2003
2067
2045
1988
2010
2093
2045
2007
2007
1996
2029
2002
1961
1982
1966
2035
1989
2183
2280
3379
2201
1939
571
3921
0
1129
691
1833
1937
467
2197
0
4095
0
0
3866
0
1781
1085
4095
0
4095
0
4095
0
4095
0
4095
0
4095
0
4095
1875
4095
4095
4095
4095
4095
4095
4095
4095
0
4095
0
4095
4095
4095
4095
4095
4095
4095
4095
4095
4095
4095
4095
4095
4095
4095
4095
4095
4095
4095
4095
4095
4095
4095
4095
4095
4095
4095
4095
4095
4095
4095
4095
4095
4095
4095
4095
4095
4095
4095
4095
4095
4095
4095
4095
3037
4095
2536
2913
2403
1723
2727
940
2915
935
3656
2475
2807
2411
2811
2600
3147
3028
2138
3647
2261
2844
1453
729
2463
659
860
0
751
0
1069
253
2444
735
1720
1224
1803
2541
1367
1805
2164
3214
2808
3594
2195
4095
2897
3557
1782
829
140
0
0
4095
0
4095
0
4095
0
4095
0
4095
2797
1061
2711
2029
4095
4095
2828
4095
3224
2347
1565
1103
1058
1049
2107
2259
3431
2380
3292
1485
2099
1610
2523
2085
2550
2556
2097
2247
469
2798
691
2407
226
2341
1160
2119
1433
1673
1915
1723
2041
1464
2379
1576
1787
1038
1041
1811
2284
1675
1941
1975
2324
1984
2013
1773
2719
2212
2857
1885
2621
2425
2400
2311
2296
2323
2115
1917
1751
1908
1913
2029
1777
1836
2187
2075
1821
1843
2189
2415
2472
1881
2311
2279
2429
2152
2125
2040
2320
1837
2125
1869
2267
2107
2115
2057
2153
2151
2165
2057
1976
2473
2073
2298
1974
2321
2393
2184
1912
2023
2120
2125
1997
1759
2168
1876
2164
1931
2295
1968
2298
2075
2159
2174
2409
2263
2025
2063
1993
2024
1836
1797
1899
1999
1933
1772
1944
1977
2217
1800
2088
1932
2045
1843
1953
1805
1907
2042
2084
2027
2035
2233
2168
2056
2155
2247
2260
2105
2105
2211
2267
2040
2167
2054
2240
2079
2083
1920
2121
1702
2271
1801
2102
1851
2141
1943
1993
2119
2133
2221
1957
2187
1997
2179
1966
1955
1919
2061
1909
1937
1779
1909
1879
2064
1955
2032
1997
2158
2187
2189
2174
2243
2279
2264
2276
2272
2200
2069
2149
1887
2223
1875
2143
1851
2131
1901
2095
2120
2087
2087
2081
2022
1863
2075
1967
1995
2109
1853
2167
1963
1989
1901
2013
1911
1909
1949
1940
2104
2023
2056
2057
1992
1977
2005
1975
2013
1973
1960
1971
1893
2009
2090
1969
1949
2055
2084
2004
2063
2079
2227
2123
2135
2139
2095
2060
1928
1968
1952
1950
2045
2079
1943
2029
2032
1936
1925
1941
1973
2060
2003
1968
1941
1933
1882
1767
1919
1882
1889
1960
1831
1798
1893
2002
1949
1942
1909
2071
1907
2121
2082
1963
2137
2005
1995
2067
2095
1981
2047
2067
2059
2036
2029
2094
2035
2068
2035
2037
2023
1979
1992
1935
1927
1939
1902
1938
1964
1989
1952
1913
1889
1998
2008
1983
1863
2014
1983
1967
1917
1991
1949
2011
1963
2044
1992
1838
2003
2009
2007
2005
2045
2064
2083
2039
2119
2095
2107
2034
2083
2087
2188
1989
1947
2005
1993
1993
1998
1959
2011
2069
1981
2131
2021
2055
2019
2100
2039
2027
2023
2029
2031
2035
2045
2024
2046
2066
1975
1931
2043
1867
2084
2010
2153
1885
2130
2082
2039
2004
2172
2002
2061
1962
2012
2216
2057
2086
2017
2092
2085
1983
2091
2071
2037
2024
2131
2093
2059
2121
2112
2056
2075
2043
2071
2037
2103
2105
1972
2115
2149
1997
2043
1949
1981
2071
2105
2040
2119
2123
1975
2083
2026
2080
1971
2099
2039
2035
2099
2003
2059
2030
2068
2063
2075
2105
2021
2003
2184
2071
2084
2108
2022
1994
1979
1987
1993
2083
2032
2080
2027
2084
2065
2045
2028
2094
2105
2065
2059
1984
1983
2117
2010
2039
2045
2011
1981
2027
2032
1987
2013
2007
2000
2003
1933
1993
1961
2003
1992
2031
2017
1910
1999
2011
1919
1961
1997
1997
2059
2028
1989
1984
1995
1971
2009
1965
2074
2031
2040
2040
1993
1965
2031
1955
2040
2109
1989
2021
2059
2063
2023
2008
2057
2101
1953
2015
2002
2041
1996
2071
1929
2023
2053
2031
1948
1989
2024
2057
2035
2039
1997
2025
1963
2028
2007
1993
2059
2036
1991
2041
2015
2015
2075
2035
2003
2063
2016
2091
2029
2087
2013
2024
2024
1975
2105
1949
2040
1977
2023
1965
2091
2070
2091
2056
2083
2041
2007
2043
2063
2060
2019
2107
2004
2086
1991
2015
2037
1996
1989
2087
2007
2088
2013
2074
2047
1967
2077
1945
1941
1939
1995
2081
2093
2099
2019
2085
2123
1979
2143
2120
2075
2097
2052
2101
2037
2126
2082
2109
2023
2104
2059
1989
2086
2101
2075
2059
2075
2074
2054
2025
2074
1996
2077
2011
2110
2065
2143
2013
2021
2004
2108
2011
2084
2005
2007
2009
2045
2056
2056
2031
1959
2120
2063
2095
2080
2023
2027
2069
2027
2101
2060
2086
1975
2078
2064
2076
2042
2089
2027
1982
1983
2079
1968
1957
2032
1956
2069
1947
2060
2069
2101
2021
2077
2060
2027
2055
1967
1961
2085
1912
2003
2013
2005
2016
2009
1981
2027
1947
2040
1923
2029
1995
2045
2031
1983
2007
2096
2035
2032
2008
2069
1967
2057
2032
2080
1976
1975
2055
2067
1967
1997
1979
1971
1960
2071
1943
1973
2088
2027
2063
2087
2038
2060
2057
2076
1993
1933
2052
2039
1979
2019
1972
2001
1929
2028
2071
2024
1993
2028
2043
2012
2015
2029
1967
2052
2085
1995
2018
2067
2104
2071
2073
2003
2067
2065
2036
2007
1977
1980
2033
2028
2084
2025
1965
1981
1983
1944
1947
2011
2040
2027
2002
1996
1961
2027
2027
2007
1997
1994
2019
1976
1992
1952
2003
1979
2063
1952
1944
1984
2028
1949
1963
2055
1981
2008
2016
2030
2003
1963
2013
2007
2010
2036
1949
1996
2004
1916
2041
2023
1967
2013
1972
2091
1983
2103
2041
1989
1989
2083
1996
2063
2018
1975
1959
1993
1997
2024
1979
2045
2006
1983
2011
2027
1937
2064
1909
2041
1950
2003
2043
1991
2041
2007
2032
2043
1975
2065
2017
2029
1962
2053
2008
2007
2055
2011
1997
1995
2028
2080
2023
1971
2062
2057
1977
1973
2041
2072
2060
2015
1967
2027
1967
1988
1963
2043
2078
1977
2023
2059
2032
2071
1995
2037
2076
2000
2065
2005
2031
2029
2063
2029
2021
2132
2023
2078
1988
2001
2141
1993
2053
1963
2048
2028
2028
2016
2081
2069
2107
2102
2063
2091
2096
2173
2023
2095
2119
2105
2073
2087
2103
2027
2044
2040
2079
2009
1995
1971
2057
2023
2071
2071
2117
2119
2088
2029
2029
2083
2071
2035
2057
1997
2089
2007
2035
2078
2008
2120
2040
2060
2045
2003
2122
2007
2014
2063
2085
2025
2119
2096
2072
1957
1864
2063
2091
2069
2099
2063
2111
2063
2104
2040
1997
1997
2103
2003
1965
2004
1956
2019
1993
2107
2031
2015
1996
1979
2031
1996
2090
2030
2016
2015
2063
2067
2084
2077
2048
2023
2085
1973
2102
2024
2025
2001
2011
1979
2044
1989
2087
2017
1977
2014
1995
2039
2107
2087
2062
2059
2005
2009
2032
2027
2009
2004
1993
1975
2036
2096
2004
1995
2093
1989
2065
1927
2007
2091
2069
2074
2043
1967
2063
1941
2087
1996
2015
1981
2016
2056
1981
2025
1961
1958
2030
2075
1993
1959
2034
1941
2024
1943
1997
2025
2001
2059
2083
1992
1913
1983
2039
2026
1963
2031
2099
2037
1927
1975
1971
2007
2041
2000
2021
2057
2047
2013
2080
2024
2028
1951
1925
2011
2019
2029
2029
1977
1992
2024
2063
2023
1977
2056
1953
2037
2004
1973
1980
1991
2057
1997
1987
2056
2041
2043
2016
2105
2063
2024
2015
2028
1933
1962
2028
1973
2010
1955
2067
2027
2048
2013
2072
2045
2076
1980
2052
2105
2025
1945
2011
2021
1977
2075
2012
2029
2025
1977
1945
2089
1981
1972
2039
2092
2053
2040
2035
1949
2017
1965
1984
2005
1964
1981
2066
2079
1966
1977
2067
2008
2009
2096
2055
1980
2023
2095
2071
2065
2011
1983
1919
2030
1980
1989
2003
2027
2023
2027
2012
1931
1998
2055
1959
1991
1931
1963
2062
2019
2065
1981
2039
1980
2065
2063
2007
1937
1965
2019
2060
2005
2032
1960
2027
2003
2025
2073
2024
2037
2063
2041
2012
1981
2073
1947
2025
1991
2093
2013
2042
2054
2040
2107
2040
2041
2055
2040
2055
2096
2004
2016
2097
2029
2042
2077
2102
2100
2136
2076
2041
2073
2023
1969
2037
2103
2104
2083
1975
2070
2028
2033
2071
2071
2011
2063
2021
2099
2084
1959
2055
2075
2021
1976
2007
2009
2012
2056
2023
2063
2063
2024
2011
2059
2035
2021
2059
1993
2032
2068
1993
2077
2056
1977
2036
2069
2091
1947
2053
1973
2032
2032
2003
2009
1981
2063
2031
2023
2021
1965
2075
2055
2020
2056
2079
2135
2072
2016
2001
2025
2021
2005
2035
2063
2014
2029
2011
2011
1963
2035
1973
2059
2069
2009
1993
2057
2027
2061
2084
2045
2105
1959
2053
2090
2021
2039
1995
2011
2085
2035
2041
1989
2064
2063
2065
1928
2028
1988
1959
1977
1941
2067
1999
2004
2048
1955
2071
2221
1963
2066
2033
2004
2063
1933
1997
2007
2063
2001
1961
2021
2063
2060
1975
2021
2023
2075
1955
2033
2083
2007
2052
2005
2071
2000
2117
1998
1949
1994
2039
2065
1981
2025
2034
2077
2039
2096
1979
2053
2076
2011
2046
2017
2029
1990
2053
1972
2011
2063
2001
1981
1956
2105
2007
2060
1977
2073
2083
2024
2071
2007
2019
2065
2100
1978
2055
1999
1938
2104
2059
2011
2011
2041
2058
1984
2048
2116
2023
2052
2072
2035
2088
2127
1971
2021
2117
2041
2071
1978
1931
1997
2075
1957
2072
2047
1995
2066
2068
1937
2043
2048
2038
1995
1967
2040
2044
2008
2036
2012
2015
2095
2029
2063
2028
1971
2027
1971
1979
2051
2088
2010
2031
2104
2007
2033
2021
1997
2003
1987
2074
2045
1927
2024
1953
2063
2016
1948
2090
1997
2063
2043
2055
2003
2020
2027
1983
1973
2010
2023
1960
2013
2001
2026
2036
1995
2035
2087
2003
1947
1976
2071
2056
1989
2071
2090
1979
2017
2003
2011
1973
2055
2015
1981
2091
2009
1979
2018
1992
2041
1997
2088
1987
2061
1993
2105
2009
1963
2032
2008
1975
2028
2107
1979
1931
2027
2015
2072
2013
2071
1979
2076
1949
1965
2033
1996
2029
2021
2035
2031
2080
2011
1996
1990
1977
2048
1973
2065
2005
2080
2076
2043
2087
2028
2008
2012
2077
2057
2060
2029
2013
2014
2002
2042
2085
2039
2120
2063
2103
2003
2012
2060
1978
2028
2058
1987
2084
2079
2078
2072
2039
2054
2043
1993
2079
2046
2063
2013
1967
2066
1973
2060
2015
1965
2072
2030
2005
1977
2014
2021
2057
2029
2020
1997
2088
2028
1989
2063
2032
1949
2017
2011
2044
2007
2024
2127
2031
2075
1950
2033
2021
2055
2069
2007
2017
2021
1975
1973
2034
1995
2066
2020
1972
2031
2053
2057
2119
1973
2008
2018
1997
1984
2110
2033
2027
2096
1974
2017
1992
2035
2005
2086
1989
2003
2012
2080
1981
2007
2115
2092
2033
1955
2084
2015
2091
1935
2030
2041
1976
2099
2009
1979
2008
2071
2007
1961
2085
2075
2008
2008
1991
2084
2068
2027
2071
1979
2029
2068
2122
2048
2040
2017
2002
2067
2025
2019
1975
2005
2013
2041
2027
2040
2055
2029
2125
2023
2005
2090
2037
2029
2089
2025
2036
2034
2086
1999
1961
2089
2066
2021
2080
2091
2133
2019
1972
1981
1997
2058
1977
1976
2015
2027
1989
2024
2110
2069
2065
2031
2069
2051
2045
2003
2036
2007
2037
1977
2066
2060
1991
2107
2081
2073
2043
2027
2044
2136
2063
2005
1973
2089
2040
2044
2035
2016
2063
2080
2127
2089
1994
1949
2084
2099
2086
2104
1951
2096
2063
2001
2028
2063
1967
1965
2039
2039
2086
1995
2007
2008
1905
1963
2087
2039
2024
2011
2083
2031
2059
2059
2003
1956
2036
2056
2075
1993
1993
1975
2073
1987
2033
2011
2040
1998
2040
2012
1999
2039
1972
2076
2022
1951
1965
2081
1973
2063
1960
1989
2065
1952
2009
2052
2086
2011
2028
2067
1995
2028
2068
2023
2026
2087
1993
2021
2101
1965
1995
2044
2007
2066
2055
2087
2009
2057
2005
1996
1933
2043
1976
2019
1997
2087
2013
1992
2067
2063
2047
1977
2060
2027
2084
2052
2023
1989
1999
2039
1999
2006
2015
2019
2059
2058
2036
2032
2037
2025
2072
2071
1980
2039
1995
2037
2005
2011
2080
1979
2068
2023
2028
2099
2088
2071
2110
2078
2007
1995
2059
1998
1975
1990
1973
2021
2043
1995
1976
2058
2024
1988
2015
2020
2067
2043
2099
2091
2008
1975
1967
2011
2003
1997
2028
2075
2065
2005
2058
2106
2029
1995
2077
1992
2041
2035
2036
2035
2001
2039
2023
1973
2032
1997
2011
2053
2053
2020
2053
2096
2039
2041
2030
2039
2027
1927
2074
1951
2033
1984
2035
2003
2097
2018
2085
1988
2099
2055
2015
2000
1990
2022
2013
2079
2079
2027
2038
1991
2089
2021
2013
2024
2005
2099
2085
2126
2059
2067
2024
1962
2027
1959
2069
2038
2016
2008
2019
2019
2085
2123
2011
2032
2041
2016
2043
2063
2035
2136
2070
2060
1979
1981
2069
2007
2104
2017
2073
2013
2039
1992
1969
2083
2060
2060
2074
2063
2053
2089
2063
1963
2039
1961
1947
2035
2038
2107
2043
2035
2005
2044
2086
2056
2035
2074
1957
2025
2003
1991
1979
2088
2013
2009
2095
2038
2045
2067
2029
2025
2068
2056
1935
1965
1993
2057
2029
2007
2053
2070
2029
1983
2082
2029
2074
2012
1979
2015
1949
2020
2017
2043
2041
2066
2075
1971
2011
2073
2057
2037
2005
1939
1965
2033
2069
2009
1967
2016
1989
2091
1994
1955
2068
2084
2015
2031
1969
1970
1992
2000
2029
1993
2044
2045
1943
2011
1933
2100
2063
1977
2104
2037
1966
2024
1984
2059
2031
1965
2025
2014
2005
2019
2063
2001
2081
1961
2072
1996
2077
2043
2030
2035
2065
1961
2006
2059
2063
1956
2003
2120
2091
1979
2063
2011
1979
2042
2023
1965
1988
1911
1995
2007
2045
2054
2009
1989
2007
2075
2085
2016
2020
1931
2008
2038
2004
2030
2045
2080
2001
2067
2080
2063
2030
2015
2063
2034
2066
1991
2053
2017
1957
1961
1973
1981
2063
2011
2041
2024
1973
2088
1975
2063
1961
2066
2093
1999
2083
2015
2003
2039
1937
2023
2079
2100
2042
1997
2017
2013
1963
1991
2075
2007
2013
2023
2001
2025
1997
2011
2098
2029
1971
2095
2075
2065
2023
1953
2021
2013
1988
1963
2069
1975
2038
1967
2074
2009
2117
2029
1979
1973
1903
2017
1949
2025
2041
1975
2081
1929
1965
1996
2033
2001
2063
2079
2038
1983
1995
2031
2063
2095
1979
2040
2091
2013
2004
1961
2037
2046
1971
2089
2040
2071
2071
1977
1993
2071
2013
1991
2065
2013
1943
2063
1965
2035
2077
2063
2056
2029
2021
2035
2029
2055
2046
2025
2089
1983
2015
2083
1972
2021
2012
2031
2065
2017
1981
2077
1973
2063
2055
2041
2069
1989
2039
2022
2028
2047
2109
2007
2003
2035
1941
2024
2063
2021
2037
2059
2056
1991
2055
1962
2068
2028
2032
2016
2097
2056
2088
1955
1997
2008
2015
1981
2040
2033
2011
2025
2091
2015
2092
2023
2031
2023
2092
1983
2023
2104
2077
2063
2006
2040
2001
1939
1998
2063
1967
2098
2071
2047
2007
2006
2069
1997
1977
2065
2065
2030
1960
2063
2084
2009
2100
2048
2099
1965
2003
2011
2096
2026
2040
1907
2224
1980
1997
2005
2065
2030
2027
2005
2163
2059
2071
2094
2025
2063
1911
2035
1941
2092
2045
2104
2027
2031
2008
2071
2121
2100
2138
1983
1993
1977
2023
2022
2102
2071
2013
1959
2007
2023
2057
2024
2074
2103
2023
1971
2017
2080
1966
1965
2074
2088
2057
1995
2080
2065
1883
1944
1993
1995
2041
2083
2020
2027
1989
2071
2058
2033
2091
2019
2025
2016
2067
2045
2069
2055
2071
1951
2097
2012
2025
2007
1975
2006
2011
2088
2029
2007
2077
2100
2089
2040
2004
1995
1979
2008
1961
2000
2057
2104
2011
2023
2066
2083
2040
2048
1909
1968
1993
2085
2093
2083
2048
2007
2017
2045
1976
1971
2080
2039
2011
2055
1956
1975
2055
2083
2068
1977
2078
1981
2066
2077
2012
2109
2001
2036
2009
2097
2018
2039
2078
2044
1957
2032
2067
2059
2029
2037
2062
2086
2040
2018
1979
2031
1973
1973
1993
2099
2021
2023
1991
2039
2037
2096
2023
1989
2072
2043
2068
2055
2099
2045
2071
1971
2022
1963
2079
2063
2021
2044
2005
2079
2065
2070
2043
2031
1991
1994
1943
2110
1961
2043
2025
2071
2009
2025
2060
2038
2029
2021
1965
2015
2035
1928
1963
2033
2104
1975
2115
2017
1999
1969
2027
2039
2045
2022
2071
2036
2012
2098
2027
2088
2065
2008
2029
2057
2035
2043
2029
2039
1955
2008
2000
1955
2057
1965
2011
1975
2015
2086
2005
2069
2041
2034
2065
2065
1981
2043
1941
2093
2035
2035
2042
2031
2003
2039
1997
1998
1992
2067
2005
1997
2005
2019
1976
2036
2033
2006
1996
2017
2017
1959
2007
2072
2023
2009
2017
1991
2107
2019
1963
2105
1995
2073
2069
2025
2087
2011
2005
1902
2003
1949
1995
2033
2022
2095
2071
2020
2136
2091
2044
2043
2040
2057
1967
2072
2005
2011
2073
2071
1991
1993
2009
2053
1995
1989
2063
2031
2023
1981
2092
2011
1979
2065
2024
1956
2078
2092
2007
2043
2080
2026
1981
2025
2023
2035
2020
1961
2075
2028
1949
2108
2041
2011
2029
2063
2019
2085
2056
2071
2086
2037
2001
2037
2008
1947
1932
2026
1947
2099
2001
1972
2075
2030
2033
1980
2072
1955
2047
2115
2053
2015
2090
2012
2070
2068
1992
1953
2002
2079
1993
2042
2005
2058
2074
2039
2024
2027
2089
1983
2108
2031
2041
2052
1983
2029
1969
2023
2043
2028
2035
2003
2057
1993
2036
1979
2061
2011
2025
2057
2104
2072
2077
2017
2011
1977
2001
1957
2047
2115
2043
2007
2037
2057
2066
2080
1957
2105
1908
2012
1995
2039
2035
2055
1939
2045
1956
2133
1971
2026
2041
2002
2109
2056
2120
1995
2016
1984
1958
1989
1987
2009
2000
2091
2007
2017
1979
2085
1995
2056
2029
2017
2032
1969
1989
2008
2012
2076
2002
1971
1965
2086
2030
1939
2019
2048
2073
1996
1977
2068
2093
2023
2047
2101
2035
2087
2014
2026
2009
2007
1983
1993
2047
1957
2073
2023
2041
1993
1957
2031
2017
2063
2071
2063
2027
2059
1993
2089
2104
2024
2048
2013
1931
2115
2029
2053
1983
2112
2023
2091
1989
2076
1993
1996
1975
1957
1993
2033
2083
2027
1993
2053
2040
2000
2001
2043
2091
2104
2041
2009
2042
2063
1993
1944
2063
2043
2072
2001
1931
2067
2009
2017
1923
2047
1946
1987
2009
1979
2007
2095
2053
2075
1950
2018
2131
1957
2016
2083
1981
1977
2066
2071
2077
1971
2001
2027
2016
2027
2071
1973
2037
1969
1997
1995
1978
1965
2055
1929
2034
2037
2035
2063
2023
2053
2099
1977
2092
2072
2079
1953
2063
2056
2032
2067
1937
2016
2037
2087
2023
1980
2011
1977
1976
2037
1981
2042
2090
2003
2063
1988
2019
2085
2108
2031
2097
1991
1961
1973
2017
2023
2008
2111
1979
2027
1989
2045
2040
2071
2083
2007
2094
2063
2063
2098
2091
2065
2019
2028
1959
2088
1975
1991
2053
1979
2065
1963
2025
2046
2072
2043
2031
2072
2043
2047
2009
2021
2039
2104
1990
1995
2054
1974
2007
2045
1819
2057
1993
2009
2029
2009
2104
2040
2027
2023
1999
1997
2007
2040
2082
2019
2120
2040
2073
2040
2028
2096
2022
2083
2095
2055
2005
2045
1987
2040
2087
2081
2056
2103
2071
2074
2035
2038
2084
2071
2091
2091
2023
2005
1965
1991
1967
1997
2147
1981
2007
2097
2003
1978
2119
2022
2024
1935
2042
1984
2086
2063
2031
2085
2077
1959
2035
2013
2011
1976
1957
2036
2103
1993
2075
2080
2047
1972
2071
1979
2038
1995
1960
2058
2028
2079
1915
2085
2099
1972
2024
1971
1955
2072
1991
2025
1995
2076
1963
2019
2073
2012
1984
2029
1969
2074
1980
2091
2015
1989
2019
2035
1935
1995
2043
2009
2009
2034
2025
2084
2029
2013
2067
1991
2106
2056
2060
2009
1970
2039
2088
1984
2035
2037
2096
2141
1991
2036
2055
2132
2085
2033
2014
2037
2019
2011
2043
2014
2080
2028
2077
2056
1981
2072
2041
1963
1962
1996
1995
1963
2047
2077
2008
1972
2029
1995
1962
2059
2031
2099
2018
1957
2061
1979
2088
1995
2052
1993
2003
2007
2076
2017
2089
2096
2077
2036
2080
2037
2059
2025
1989
2063
2040
2057
2029
1977
1975
2035
2120
2089
2021
2067
1995
2139
2026
1944
1975
1991
2039
2071
2077
1919
2099
2089
2066
1960
1994
2088
2109
2055
1995
2087
2129
2011
2025
2063
2007
2040
2011
2007
1966
2031
1937
2010
2017
2015
2072
1941
2008
2061
2017
1973
2083
2005
2056
2057
1997
2032
2029
2127
1975
2053
2131
2054
2089
2072
1984
2085
2003
2017
2025
2029
1951
1976
1981
1975
2044
2077
1957
2039
2013
2056
1981
2076
1995
1981
2089
2075
2012
1979
2057
2083
2051
2038
2056
2003
2088
2028
2097
2055
2041
2014
2031
2007
2037
1945
2025
2025
2060
2059
2028
2008
2038
2065
2087
2103
2058
1973
2043
2115
2079
2030
1998
2091
2057
1979
2025
2068
2003
2063
2003
1973
1987
2051
1992
2026
2027
2040
1963
2037
2079
2033
2035
1975
2080
2039
2035
2066
2079
2093
1997
1993
1969
2079
1979
2068
1991
1995
2044
2067
2035
2040
2001
2007
2109
2001
2005
1981
1991
2071
2089
2039
1961
2053
2031
2069
2041
2060
2016
2039
2067
2083
2077
2011
2025
2033
1997
2075
2063
2069
2108
1952
2095
2035
1988
1983
2019
1931
2027
2037
2023
2031
2084
1915
2068
1999
2019
2048
1979
2065
2041
1987
2073
1989
2037
2059
2075
2116
1977
2075
2039
2035
2013
1995
2080
2059
2065
2011
2009
1930
2033
1965
2024
1977
2068
2021
2066
2127
1995
2011
2007
2090
1993
2089
2033
2009
2028
1976
2017
2068
2030
2085
2027
2098
1993
2032
1991
2003
2025
2074
2012
2007
2026
2003
2043
1947
2103
2066
2090
2010
2099
1933
2056
1937
1971
2071
2034
2037
2023
2043
2080
2059
2104
1949
2066
2071
2007
2099
2027
2043
2072
2035
2067
2056
2095
2055
2036
2059
1995
1967
2022
2040
2080
1999
2078
1995
2031
2071
2051
2059
1991
2103
2043
2043
2039
2011
2041
2009
1997
1955
2035
1995
2083
2055
2003
2004
1975
1975
1992
2007
1991
2103
2046
1960
2025
2040
2034
2081
1941
2063
1861
2065
2012
2043
2071
2043
2017
2038
2010
2035
2063
2032
1973
2091
2072
2073
2033
2025
1983
2067
2008
1960
1979
2026
2095
2045
1981
2015
2053
2024
1913
2005
2072
2034
2069
2024
2017
2063
2083
2096
2016
1973
2069
2033
2060
2037
1939
2069
2071
1979
2028
1934
2059
1989
2079
2073
1979
2038
2091
2024
2027
1973
2043
1969
1903
2061
2129
2068
2031
2017
2043
2084
1994
1999
2048
2062
2037
1983
2135
1981
2008
1896
1992
1992
2007
1939
2024
2023
2018
2030
2063
1954
2041
2075
2125
2021
2109
2085
1989
2035
1995
2013
2053
2102
2029
2081
2040
2037
2063
2096
2047
2043
2054
2010
2031
2088
2009
1963
2094
2009
2075
2075
1989
2069
2048
2036
2035
2092
2032
1965
2016
2073
2027
2042
2023
2031
1963
2035
2027
1979
2029
2065
2069
2068
2089
2052
2094
2027
2056
2053
2071
2018
2013
2042
2035
2029
1999
2064
2080
2041
2079
2027
2025
1957
2025
2024
2033
2043
2048
2011
2001
2063
2029
2073
2027
2058
2017
2029
2024
2017
1989
2024
2009
2007
1951
2067
2067
2092
2013
2135
1977
2076
1971
1991
1974
2025
2089
2029
2023
1977
2073
2024
2089
2075
2017
2129
2035
2022
1995
2105
2016
1977
1987
2088
2032
2022
1971
2011
2094
2001
2072
2016
1973
2039
2043
2017
2002
1937
2092
2011
1991
2032
2024
2012
2065
2044
1947
2018
2024
2039
2063
2022
2032
2033
2012
2044
2007
2028
2034
1934
2091
2007
2063
1981
2015
2013
1939
2030
2003
2075
2013
2075
1959
2003
2028
2063
2037
1956
2066
1949
2107
1997
2031
2041
2089
2013
2009
2016
2072
1957
2076
1913
2004
2069
2043
2026
2015
2011
1981
2020
1972
2041
2007
2095
2037
2003
2063
1959
2033
2094
1975
2051
2025
1997
2068
2076
2007
2090
1941
2117
1981
2013
2043
2013
1948
2137
2047
2109
1974
2062
1952
1990
1982
2035
1980
2071
2024
2027
1997
1987
2112
2003
2038
2003
2005
2016
2084
2025
2019
1944
2082
2003
2035
1979
2080
2021
1959
2055
1995
2071
2024
1983
2020
2070
2008
2056
1973
2067
2015
1995
2071
2041
2011
2073
1991
2072
2002
2043
1976
2042
1977
1949
2028
2059
2040
1973
2078
2063
1989
2040
1979
2083
2020
2035
1963
2107
2040
1980
1937
2104
1948
2041
1935
2030
1990
2091
1889
2077
1955
2112
1944
2163
1877
2089
2042
2073
1970
2139
2055
1965
2132
1991
2028
1879
2044
1992
2055
1907
2062
2043
2067
1929
2071
2027
1900
2028
1979
2056
2035
2067
2027
2007
2020
1975
2015
1947
2003
2003
1969
2080
2052
2093
2036
2041
1987
1947
1997
2043
2061
2024
2042
2109
1887
2106
2007
1984
1949
2020
2008
1963
2110
1995
1983
2077
1944
2037
1955
2001
1971
2037
1957
2031
1971
2057
2003
2141
2085
2043
1963
1991
2137
1987
2145
1963
2009
1957
2044
1980
2060
1935
1973
2039
2055
2087
2033
2074
1981
2094
2052
2087
1896
1999
2021
1951
2095
2071
2041
1964
1997
1944
2043
1915
1990
2036
2009
1973
2005
1998
2029
2078
2019
2009
1939
2001
2063
2039
2007
2076
2032
2025
2005
1971
1999
1982
1996
2032
2030
2009
2103
2008
2008
1977
2051
1995
1995
1955
2011
2091
2045
1983
2065
2027
2039
2024
2020
2092
2057
2087
2012
2024
2007
2005
2048
1991
2056
2009
1973
1964
2069
2041
2004
2027
1992
2131
2081
1983
2023
2075
2039
2151
1988
2035
1958
2059
2014
2015
1957
2016
2076
1959
2095
2085
2071
2107
2021
1929
2096
1989
1931
2059
2065
2118
2037
2023
2083
2103
2012
2021
2025
1995
1975
2005
1978
1991
2029
2053
2001
2077
2033
1967
2085
1991
2003
1935
2147
1925
2027
2118
2019
2024
2043
2023
2053
1995
1971
2041
2041
2087
2011
2095
2007
2063
2037
2048
1995
2016
1995
2213
1943
2195
1900
2145
1827
2123
1801
2113
2015
2153
1891
2099
1957
2080
2017
2141
2076
1982
2036
2060
2005
1992
2088
2072
1973
2127
1928
2065
1931
2105
2080
2147
2013
2171
1970
2124
1992
2104
1949
2026
2021
1953
2024
1990
2016
2027
2015
2040
1953
1896
2007
2081
1989
2157
2151
1989
2084
1895
1876
2025
2011
1965
2029
1993
2027
2124
1924
1992
2007
2093
1971
2023
2073
1951
2104
1955
2108
1982
2003
1947
2071
1853
2042
2068
2039
2039
2024
2040
1945
2011
2093
2072
1997
2065
2055
1981
1957
2003
1913
2106
1977
2065
2018
2035
1981
1972
1991
1960
1971
2002
2055
2077
1993
1975
2083
1977
2136
1971
2075
1965
2043
2017
2083
1947
2041
2067
2063
1989
2036
2005
2055
2003
2024
1976
2001
2019
1969
2100
2091
2022
2088
2009
2003
1941
2007
2116
2057
2017
2045
2071
2098
2021
2043
2068
1933
2007
2089
2011
2059
2054
1926
2011
2029
2077
2033
2041
1957
2115
2039
2005
2059
2039
2090
1973
2045
1976
1979
1947
2067
2009
2071
2056
2076
2096
2007
2039
1977
2017
1951
2019
1995
2020
1931
2039
2011
2005
2065
2059
2065
2003
2023
2046
2019
2015
2109
2018
2038
1975
2030
2125
2017
1995
1952
1975
1978
2013
2024
2117
2068
2104
2040
2043
1929
2147
1931
2082
1943
2102
1931
1997
2043
1971
1993
2191
1948
2121
2021
1965
2031
1937
2010
2023
2110
2000
2023
1941
2035
2014
2164
1975
2093
2030
2022
1959
1981
2004
2023
2035
2075
2016
2054
1961
1997
2025
1913
2031
2085
2071
2063
2055
2121
2089
1994
2044
2013
2037
1944
2040
2057
2051
2008
2045
1962
1988
2040
2069
1967
2056
2027
2038
1973
1971
1975
2105
1968
2067
1977
2101
2001
2017
2043
1961
2038
2036
2032
2045
2056
1969
2053
2067
2081
2043
2101
1950
2109
2068
1995
2014
2024
1962
2037
2024
2040
2029
2006
2039
2076
2047
2025
2017
1988
2119
1990
2037
2017
2025
2004
2084
2020
2096
2016
2027
2008
2017
2108
2063
1965
2155
2003
1984
2017
1963
2003
1947
2055
1995
2149
1995
2040
2007
2080
1968
2137
1980
2122
1989
2069
2013
2032
2091
2065
2063
1965
1960
2032
2027
1946
2085
2011
1991
1992
2061
2135
2043
1977
2053
1994
2027
2031
1961
2075
2035
2020
1987
1973
1949
2060
2013
2055
2008
1984
2102
2076
2007
2027
2065
1998
2063
2024
2008
1961
2027
1989
1979
1984
1937
2037
2087
2059
2009
2065
2107
1991
2136
1983
2063
2001
2065
2063
1918
2029
1995
2019
2048
2063
1941
2033
2029
2041
2067
2055
2072
2021
2041
2040
2021
2092
2004
1975
2043
1965
2044
1987
2085
2035
2057
1973
2003
2009
2037
2016
1983
2015
2019
2103
2031
2068
1941
2018
1991
2019
2043
1979
2044
2040
2003
2007
2063
2037
2041
2117
2032
2021
2055
2029
2112
2005
2032
2003
2005
2056
2000
2029
1979
1979
1966
2071
2032
2030
2092
1983
2025
2011
2099
1992
2029
2044
2095
2053
2092
2037
2067
2001
2007
2026
2029
1971
2039
1948
1914
1988
2007
2080
1991
2029
2020
2088
2005
2109
1997
2112
2024
1981
2021
2029
1976
1979
1957
2053
1961
1973
1943
1991
2031
2037
2089
2029
2089
2057
1997
2071
2043
2027
2005
2024
2067
2073
2024
2015
1961
1917
1960
2053
1929
2021
2045
2037
2099
2089
2069
2016
1997
2063
2024
1983
1958
2053
2063
2009
2037
2057
1989
2045
2018
2077
2092
2055
2067
2065
1963
2055
2011
1992
2008
1960
2031
2042
2041
1945
2039
2015
1917
2053
1927
2023
2091
2076
2073
2041
2118
2093
2083
2017
2043
2002
1975
2024
1963
2015
2001
1989
2095
2007
2028
2021
2035
1979
2023
2003
1928
1971
1915
1932
1912
1971
1999
2151
2104
2145
2248
2151
2120
2017
2211
2095
2186
2081
2119
2025
1972
1955
1831
1901
1735
1791
1724
1915
1868
1992
2093
2087
2200
2215
2207
2183
2171
2232
2199
2188
2204
2089
1977
1839
1927
1761
1809
1799
2002
1904
2055
1998
2063
2029
2067
2150
2169
2281
2140
2219
2072
2059
2093
1962
2040
1957
2030
1955
1935
2041
1851
2065
1915
1979
1943
2020
2083
1989
2140
2151
2188
2119
2200
2087
2078
1935
2071
1935
2043
1893
1941
1948
1913
1971
1956
1983
1975
2078
2107
2075
2152
2071
2155
2121
2141
2152
2075
2001
2054
2011
1929
1971
1971
1936
1975
1911
1881
1997
2015
1971
2018
1889
2104
2007
2009
2118
2037
2017
2036
2156
2057
2079
2009
2079
2007
2013
2009
1971
2030
1955
2042
2041
1957
2002
2112
2124
2071
2021
2027
2055
1973
2104
2067
2075
2011
2033
2037
1939
2011
2044
1957
2023
2012
2087
1931
2029
2047
1945
2129
1980
2127
2051
2135
2057
1943
1968
2087
1971
1995
2025
2037
2024
1979
2043
2061
2088
2025
2055
2053
2019
2016
2071
1971
2021
2021
1965
2009
1877
2139
1888
2028
1925
2141
1980
2123
2053
2090
2086
2013
1975
2085
2035
2168
2039
2067
2111
2024
2027
2031
1991
2038
2085
2014
2121
2026
2077
1992
1960
1959
1947
2031
1911
2039
2053
2103
2027
2015
2063
2192
1936
1991
1963
2027
2068
2197
2121
2135
2067
1843
1871
1808
1895
1883
2029
1938
2056
1997
2031
2011
2005
2009
2027
2100
2123
2153
2157
2067
2187
2171
2023
1956
1927
2026
1999
2043
2077
2087
1993
2025
1909
1912
1899
2029
2014
2083
2105
2029
2063
2035
2137
2064
2058
1963
1992
1963
1993
2109
1943
1965
1845
1972
1948
1981
1993
2055
2099
2091
2188
1997
2205
2051
2141
2047
2129
1967
2066
2007
2074
2025
1885
2037
1832
1880
1981
2006
2005
1989
2071
2099
2133
2088
2213
2036
2080
2089
2039
2112
1993
2014
1781
1825
1790
1965
1867
2060
2089
2063
2285
2157
2182
2377
1929
2304
1656
2227
1425
2021
1520
1948
1897
1797
2071
1815
2101
1924
2325
2125
2488
2347
2547
2377
2361
2225
2222
1869
1885
1751
1763
1789
1835
1704
1833
1781
1899
1869
1897
1923
2025
2269
2381
2387
2364
2328
2213
2141
1915
1971
1945
1894
1683
2117
1657
2005
1867
1911
1907
2003
1928
2063
2067
2163
2212
2171
2249
2179
2321
2003
2238
1827
2043
1839
2037
1875
2051
2063
1904
1975
1897
1973
1960
2023
1960
2055
2015
2184
2120
2158
2201
2132
2087
1889
2035
1967
2025
1863
1953
1853
1942
1847
1959
2006
1995
2001
2040
2021
2079
2168
2151
2120
2103
2220
2165
2157
2197
2159
2056
2087
1965
2003
1968
1871
2009
1837
1976
1847
1926
1903
1944
1947
2029
1967
2032
2123
2064
2231
2089
2261
2131
2149
2107
2101
1993
2017
1943
1905
1962
1889
2035
1989
2067
1975
1933
2183
2015
2027
1998
2195
2004
2089
1929
2189
1975
2091
1994
2289
1909
2171
2040
1967
2093
2008
1955
1895
2063
2065
2043
2067
1950
1961
2205
1823
2119
1916
2123
2042
1931
2060
2063
2017
2048
2075
2157
1995
2091
2007
1995
2019
2040
1973
2005
1856
2065
1972
2153
1980
2173
2040
2115
1959
2105
2003
2173
2069
2043
2059
2052
2026
1987
1891
2092
2003
2091
1927
2044
2096
1891
2040
2099
2021
2124
2095
2024
2074
2063
1959
2026
1976
2099
2032
2103
1956
1955
2063
2035
2065
1942
1939
1885
1955
1992
2008
2103
2075
2063
2063
2093
1935
1917
1965
1930
2084
1952
2085
2025
2023
1984
2181
2101
2080
2051
2069
2016
1923
2029
2104
2013
2004
1892
2119
1814
2147
1947
2052
2024
2071
2006
2155
1875
2122
2124
1971
2039
2013
2016
1972
2035
2085
2173
2021
2015
1979
1957
2002
1944
2046
1977
2017
2041
2124
2030
1933
2154
1967
2104
2063
2025
2005
1932
1981
1949
1975
1929
2013
1931
2019
2019
2075
2041
2123
2040
1963
2153
2147
1995
1821
2213
1780
2125
1736
2176
2087
2171
1865
2233
1954
2199
1975
2179
1926
1997
1927
2054
1989
1963
2104
2043
1913
2132
2003
2011
1853
2129
1880
2267
1695
2361
1946
1903
2075
2073
2075
2095
2173
1959
2063
1971
2059
1941
1987
1929
2148
2038
2089
1964
1997
2034
2156
2003
2019
2092
1999
2081
1910
2068
1979
2045
2083
2134
1849
2283
1991
2091
2039
2157
1945
2023
1913
2068
2042
2027
2153
1983
2069
2037
2100
1961
1993
2053
2005
2007
2089
2044
2123
1948
2025
2153
2089
2071
1961
2081
2011
2003
2043
2222
1904
2012
1901
2093
1877
2129
1929
1964
2015
2148
2055
1912
2043
2111
2101
2003
2132
1979
1961
1913
2027
2004
2031
2109
1963
2073
2105
1919
1984
2036
2029
2125
2019
2107
2001
1994
1937
2025
2028
2088
2053
1971
2048
2089
2044
2085
2003
2329
1975
2104
1721
2315
1621
2535
1483
2440
1787
2223
1878
2199
1763
2237
1881
2201
1869
2029
2077
2003
2007
2020
2101
1931
2181
2009
2115
1881
1901
2105
2099
2071
2081
2099
2096
2011
1991
2096
1955
2096
2011
2022
1950
2019
2015
2039
2053
2214
2087
2096
2059
1919
2065
1891
2053
2013
2143
2021
1957
2005
2029
2011
1984
2088
2020
1983
2005
2003
1937
2013
2104
1997
2008
2032
2013
2100
1945
2063
2040
2053
2067
2035
2027
1984
1965
1917
2022
2027
2088
1999
2043
1959
1998
2007
2084
2021
2163
2024
2021
1965
2011
2037
2035
2017
2107
2139
2085
2047
2039
2069
2000
2025
2074
2003
1965
2006
2084
2125
2007
2005
2035
2133
2054
2017
2040
1989
1983
2009
1977
1957
2015
2027
2041
2039
2066
1981
1927
2032
2019
2035
2058
2004
2077
2104
1962
1957
2048
2040
1977
2013
2025
2024
2036
2026
2067
2083
1997
2064
2080
2011
2011
1929
2069
2018
2057
2009
2053
2003
1971
1997
2003
1965
2025
2011
2085
1979
2053
1963
2020
1968
1987
1976
2012
2071
2005
1946
2036
2025
1958
2057
2005
2044
2039
2029
1955
2029
2115
2062
2087
2023
2019
2012
2096
2025
2023
1985
1993
1996
2071
1991
2107
2029
2072
2072
2094
1975
2105
2077
1985
2045
2034
2111
2006
2119
2047
1959
1947
2058
2088
1990
2125
2021
2025
2053
2055
1957
2087
2002
2085
2005
2063
2053
2089
2031
1943
1951
1955
2016
2039
2025
2055
1988
2016
2063
2107
2071
2123
2065
2016
2029
2039
2064
2040
2038
2009
2073
2027
1991
2025
2074
1949
1991
2043
2085
2041
2103
1979
2087
2043
2053
2020
2057
2027
2023
2035
2123
1960
1957
2016
2031
2035
1915
1995
2029
2029
2067
1930
2032
1993
2015
1945
1973
1995
1988
2073
2001
2003
1988
2078
2056
2075
2071
2041
1929
2016
2028
2039
2013
1989
2091
2035
2065
2073
1993
1999
2038
2064
2023
1950
2057
1997
2044
2040
2047
2042
2029
1951
2110
1969
1959
1973
2066
2035
2063
1991
2027
2000
2037
2056
2037
1992
2080
2056
2056
2065
2023
2117
2063
2031
2065
2018
1976
2024
2116
1981
1974
2068
2053
1995
2045
1991
2070
2013
2088
1979
2107
1997
2040
2025
1987
2027
2060
2077
2019
1997
2069
2026
2057
2063
2056
1999
1997
2001
2071
1983
2032
2025
2105
2006
2029
2075
2059
2087
2090
2059
1991
2063
2043
1993
2029
2078
2040
2020
1983
2035
2057
2037
2041
1997
2005
1975
2075
2127
2091
2076
1991
1962
2017
1958
1989
2024
2021
2055
2056
2029
1993
2057
2075
2041
2056
2021
2097
2021
2065
2072
2150
2015
2077
2083
2009
2041
1991
2019
1991
2031
1945
2003
2040
2001
2067
2071
1971
2001
2037
2052
2072
2011
2039
2019
2036
1989
2053
1929
2075
2017
1979
1893
2010
2046
2034
2032
2035
2056
1981
2003
2055
1979
1947
2021
1991
2058
2021
1995
2019
2014
2103
2011
1944
2004
1965
2096
1955
1965
2059
2005
2035
2087
2010
1965
2074
1881
2044
2057
1999
2095
1945
2095
1997
2011
2025
2039
2014
2027
2025
2078
2037
2005
2048
2019
2022
2026
2031
2081
1971
2051
2057
1999
2104
1959
2045
2005
2047
2035
2071
2047
1935
2105
2037
2025
2024
1957
2065
1967
2034
2016
2000
2024
2067
2023
2019
2071
2103
2035
1996
2056
2021
2071
2064
2063
2035
2096
2101
2013
2073
2020
2056
2034
1989
2026
2067
1957
2093
2026
2066
2003
2009
1955
2079
2039
2024
2072
2024
2016
2087
2085
2095
2039
2035
2085
2027
1961
2023
2103
1991
2073
2019
2027
1991
1996
2055
2090
2003
2065
1973
2035
2079
1989
2024
1990
1999
2041
2032
2011
2016
2056
2079
1993
2063
2059
2057
2088
1995
2035
2096
2011
2035
2056
2017
2065
2070
1992
2005
2069
2048
1969
2019
2063
1947
2108
1976
2055
2030
2060
1980
1991
2071
2088
1965
2027
2072
2073
2101
1972
2012
1963
2025
2022
2097
1983
2024
2023
1995
1945
1942
2025
2001
2025
2005
2017
2004
1983
2065
1945
2066
1951
1995
2101
1973
2123
1811
2071
1943
2271
2118
2205
2013
2071
2016
2009
1951
1918
2011
1853
2021
1948
2063
1948
2023
1915
2069
2009
2046
2120
2075
2093
2073
2167
2197
2187
2071
2124
2018
2043
1971
1925
2073
1961
2095
1951
2014
1973
2010
2053
1964
1979
1925
1976
2024
1958
1990
1971
2036
1984
1975
2091
2017
1988
1973
2079
1997
2020
2066
2055
2160
2006
2057
2109
2145
2071
2016
2010
2073
1973
2076
2005
2028
1959
1997
1959
2026
2213
2279
2220
2165
2056
1976
1627
1736
1713
1872
1883
2043
2026
2004
2069
1997
2121
2168
2319
2290
2227
2129
2121
1987
2012
1971
2013
2032
1920
1973
2007
1903
1837
2007
2006
2160
2043
2129
2025
2128
2103
2100
2112
2044
2003
1953
1940
1939
1891
1935
1915
1943
1915
1952
1981
1977
1984
2040
2071
2027
2147
2143
2087
2123
2147
2063
2005
2035
2073
1949
2000
1933
1955
1996
2000
2023
1920
1963
2045
2017
2080
2180
2133
2037
2059
2035
2036
2070
2007
2067
2048
1987
1937
1912
1881
1894
1917
1976
1948
1980
1947
1945
2039
2115
2009
2129
2063
2043
2138
2083
2075
2073
2107
2163
2021
2127
2041
2170
2091
2081
2008
2041
2006
1953
1955
2025
2093
1988
1960
1999
1957
1939
1929
2012
1981
1991
1975
2030
2071
2043
2065
2129
2135
2083
2137
2131
2074
2029
2163
1980
2065
1996
2037
2068
1955
1931
1905
1917
1919
1932
1897
1973
1979
2012
2063
2069
2067
2085
2132
2168
2191
2220
2194
2017
2072
2038
2063
1996
2015
1923
1993
1992
2024
2063
2051
1981
2017
2072
1915
2024
1970
2059
2096
1988
2029
2012
2066
2015
2075
1987
2025
2068
2056
1945
2091
1955
2096
1969
1960
1952
1979
2008
2010
2054
2104
1982
2110
2063
2089
1998
2032
2118
2021
2076
2035
1991
2072
2079
2002
2011
2000
1951
2081
2097
1814
2677
1837
2001
2017
2007
1809
2095
1659
2407
1813
1941
1963
2053
1961
2059
2425
1903
2117
1741
2182
1720
2126
1863
2283
2007
2247
2007
2183
1856
2023
1995
2096
2084
2118
2123
1893
1971
2024
2061
1945
2060
2123
1986
2027
1827
2068
2039
2037
2200
2189
2019
1955
1960
2043
1959
2067
2151
2139
2063
1909
1947
1959
1899
1897
1999
2063
1889
2102
1903
2145
1915
2104
1992
2189
2096
2149
1977
2137
1949
2017
2069
2051
2065
1849
1997
1992
1967
1973
2027
2043
1941
2290
2010
2039
2088
2007
1913
1884
1877
2045
2013
2021
2043
2059
2039
2071
2109
2063
2029
1968
2104
1974
2053
2075
2092
2044
1977
2080
2115
2075
2005
2024
1997
1929
1960
2039
2011
2014
2005
2063
2117
2085
2042
2023
2108
1977
2128
1970
2023
1992
2001
1905
2013
1995
2027
2013
2103
1960
2136
2011
2089
2083
1962
2005
1907
2031
2010
2059
1955
2111
1971
2103
1979
1977
2033
2024
1995
2132
2010
2192
1961
2071
1945
2045
1915
1984
2074
2003
1989
2055
2067
2065
2065
2046
2008
2019
2006
1963
1983
1967
2092
2060
2057
1999
2112
1971
2093
1949
2151
1903
2107
1953
1997
1947
2037
1989
2127
2037
2101
1948
2063
2004
2071
2005
1993
1995
2019
2119
2029
1976
2080
1993
2029
2042
2106
1991
2172
1992
2053
2039
2121
1957
1992
1960
2105
1989
2091
2037
2039
2041
1983
2032
2006
2020
1978
2080
1980
2063
2005
2099
2072
2029
2083
2136
1972
2101
2039
1951
1972
2003
2091
1945
2021
2019
2093
2096
2059
2059
2003
1997
2045
2099
1997
2099
2029
2057
1991
2009
1909
2112
2035
2071
2093
1983
2025
1947
2040
1997
2019
1983
1973
2043
2076
2089
2117
2063
2071
2003
1956
2004
1967
2099
1975
2105
2065
2095
2013
2040
2019
2083
1977
1967
2030
2023
2043
1996
2073
2063
2072
1991
1977
1955
2012
2085
2059
1995
2068
2092
2101
1976
2077
2024
2027
2024
1949
2095
1983
2003
2028
2100
1980
2073
2027
1963
2057
2007
2027
1992
1995
1989
1981
2072
2035
2063
2015
2075
2120
2012
2003
1971
2036
2006
1963
2005
2060
1993
1969
2037
2037
2077
2027
2091
1955
2115
2034
2089
2039
1991
1980
2023
2096
2058
1981
2075
1997
2067
2067
2076
2068
2030
2039
2017
2002
2089
2057
2013
1982
2043
1968
1937
1987
2040
2037
1957
2088
2007
2072
1993
2032
2110
2007
2019
2009
1967
2013
2072
2045
2013
1979
2036
1966
2019
2004
2010
2017
2005
2060
2024
2119
2052
2055
2092
2091
2076
2066
2007
2013
1931
2003
2079
2075
2063
2034
1935
2055
2026
2027
2068
2031
2119
2117
2075
2079
2048
1960
2095
2003
2027
2065
2010
1991
2059
2024
2013
2121
2041
1931
2023
1984
2011
2024
2111
2005
2019
2075
2035
2055
2063
1939
2039
2011
2021
2024
2041
1990
2019
2073
2041
1989
2108
2054
2040
2067
1980
2019
2005
1927
2044
2009
2083
1993
2032
2067
2017
2048
1989
1995
2124
2019
1976
2123
1995
2022
2025
1961
2059
1961
1941
2063
2127
2063
1940
2122
1925
1979
1996
2005
1920
2010
1929
2037
1971
2072
2009
1975
2152
2094
2011
2073
2063
2045
2007
2063
2107
1977
2037
2044
1939
2034
1960
2055
1945
2115
2089
2069
2082
2009
2077
2095
2071
2158
2078
2117
1977
1931
1949
2003
1981
2041
1986
2008
2032
2088
2079
2155
2057
2089
2039
2078
2065
2100
2016
2027
1997
1996
2036
1981
1883
2053
1955
2013
2011
2111
1989
2011
2010
2134
2067
2102
2141
2044
2100
2008
1957
2010
2063
1973
2059
2016
1963
2075
2039
2105
2011
2088
2037
1969
2013
2030
2019
2075
1997
1991
2027
1989
2043
1943
2063
1951
2026
2100
2075
2051
1991
1917
1995
2012
2003
2079
1995
2013
2071
1955
2066
1947
2071
2021
2003
2084
2009
2023
2073
2079
2077
1995
1944
1907
2011
1997
1980
1991
1927
2001
1995
2096
2017
2043
2135
2053
2103
2051
2100
2057
1999
2083
2078
2044
2077
1957
2019
2002
2012
1973
1977
2032
2015
2027
2042
2012
2107
1978
2076
2052
2005
2024
2068
2042
2058
1991
2035
1938
2027
2048
2073
1993
2077
2073
2027
2070
1965
2017
2022
2013
1953
2019
2009
2057
1947
2039
2029
2089
2084
2031
2040
2079
2059
2103
2073
2056
2073
2060
1989
1917
2025
1992
1977
2087
2039
2083
2107
2053
2088
2008
2011
1948
2088
2023
1975
2037
2077
2013
2028
2037
1975
1971
2008
2056
2037
2015
2103
2013
2023
2079
2121
2084
1992
2052
2060
2063
1987
2023
2065
2044
2035
2087
2066
2069
2022
2044
2011
2088
2104
2091
2013
2005
1965
2035
1987
2068
1977
2000
2007
1971
1961
2043
2063
1991
2011
2015
1993
2032
2017
2056
2072
1983
2031
2099
2027
1972
1979
1999
2029
2041
2040
2016
1989
2109
2015
2090
2023
2036
2055
1993
1997
1958
2077
2099
1931
2022
2069
2035
2037
2021
2067
2030
2041
2004
2073
2057
1976
2077
2003
1979
2056
2025
2025
1993
2009
2063
2025
2099
2027
2007
2019
2029
1959
2009
2096
1983
2008
1960
1973
1981
2048
2009
2020
2003
2023
2007
1965
2087
1943
2013
2055
2067
1983
2047
2071
2032
2005
2029
2139
1996
1977
2091
2063
2037
1972
2013
2041
2004
2035
2076
1995
2081
2032
2038
2053
1988
2109
2021
1989
2067
2063
2038
2104
1991
2057
2051
1998
2073
2032
1976
2035
2025
2060
2105
1981
1967
1997
2041
2092
2065
2016
2085
2112
2011
2088
1949
2079
2031
2045
2072
2017
1971
2007
2039
2034
2013
1981
2016
1963
2011
2053
2005
2095
2072
2067
2035
2121
2063
2007
2017
2037
2031
2101
2067
2105
1989
2036
2089
1981
2060
2103
1991
1981
2009
2087
1989
2032
1944
2032
2024
2044
2011
2022
2043
2079
2016
2036
1976
2013
2025
2046
2012
1975
2099
1982
2020
2023
2056
2085
1993
2014
2089
1992
2039
2029
2010
2085
2047
2042
2080
1991
1953
2043
1945
2067
2005
2068
2011
2092
2003
2069
2039
2057
2073
2110
2040
2057
2080
2071
2008
2076
2007
2028
2120
2089
1967
2013
2085
1955
2084
2023
2101
2055
1982
2037
1993
2007
2071
1993
2057
2039
2015
2009
2077
1993
2035
2094
2077
1996
2045
2037
2003
2080
2058
2039
2028
2029
1991
2005
2032
2017
2015
2068
2003
2007
1963
2013
2027
2088
2030
2069
2037
2035
2013
2017
2056
1979
2046
2103
2001
2058
1955
2063
2037
2031
2067
2023
2089
2164
2040
2055
1995
1984
2093
1993
1972
2025
2080
2035
2009
2072
2035
1955
2031
1959
2031
1981
2018
1937
1997
2101
2099
1951
2021
2037
2063
2028
2067
2136
2039
2044
2069
1981
2053
2022
1949
1954
2007
1992
2087
1949
1953
2103
2091
2048
2069
2009
2007
2032
1965
1947
2039
2006
2030
2056
1989
2157
2025
1979
1975
2019
2007
2073
1991
1961
2085
1975
2096
1981
2125
2048
2092
1973
2003
2005
2022
2039
1977
2068
2021
2015
2019
2072
2056
2044
2103
1947
1996
1957
1975
2031
2053
2023
1949
2089
2023
2039
1937
1992
2011
2005
2067
1989
2063
2015
2063
2041
2009
2097
1977
2052
2017
1963
2017
2035
2027
2031
1997
2025
1999
1940
2033
2081
2021
2029
2011
2087
2017
2025
1956
2055
2032
2069
2029
2005
1937
2083
2063
2053
1935
2105
2055
2019
2104
2000
1963
2003
1983
2013
2003
1981
2042
2093
2022
1991
2060
1988
2088
2011
2027
2046
2035
2069
2018
2025
1959
2109
2029
2035
2032
1991
2120
1999
2063
1982
2053
2053