2087
1977
1955
1995
2035
2041
1994
2087
2017
1981
2019
1975
1972
2021
1997
1975
2063
2030
1981
1974
1970
2044
1952
1902
1976
2027
1976
2075
2005
2055
2002
2007
2055
2000
1933
1957
2031
2031
1974
2067
2011
2007
2001
2027
2063
1961
1948
2038
2005
1989
2000
1901
2044
1977
1988
2037
2023
2057
1963
2031
2030
2075
2009
1998
1951
2071
2025
2075
2012
2044
2028
2058
2023
2029
2003
2032
2037
2080
1941
2005
2056
2085
2009
1958
2044
2003
2003
2002
2032
1977
1963
1941
2044
1937
2008
1977
2021
1975
2083
1915
2044
2055
1979
1963
2040
2019
1981
2003
2077
2023
1961
1964
1955
1991
1981
2046
1941
2000
2089
1993
1980
1958
1995
2067
2032
1939
1989
2004
1917
2076
2068
2074
2051
1993
2057
1964
1957
2071
1987
2027
2071
1964
1987
2091
2035
2073
2069
2028
2065
2024
2044
2063
1981
2066
1998
2013
2039
2012
2021
2036
2083
2072
2005
2007
2035
2031
1959
2055
1967
1997
2056
1941
2035
2059
2071
1953
2074
1992
2109
2096
1920
1981
1969
2060
1972
2040
1945
1899
2033
1971
1993
2038
2067
2072
2029
2026
1981
1995
1947
2004
2065
1955
2063
2085
2068
2067
2031
2043
2027
2013
2055
2019
2061
1957
1963
1995
1987
2023
2015
1911
1964
1975
1941
2089
1974
1969
2065
2040
2065
1972
2008
1975
2016
1950
2019
1929
2029
1993
1944
1977
2021
1969
2008
2055
2000
2013
1927
2058
2008
1971
1999
2072
2037
1981
2069
2060
1996
1931
2027
2051
2005
1991
2036
1920
2081
1989
2007
2009
2091
2012
2013
2042
1951
2078
1984
1983
2043
1961
2001
2017
1997
1927
2029
2007
1967
2031
1961
2008
2024
2053
2084
2043
1984
2080
1995
2021
2087
2079
2039
2030
2059
1947
1927
2008
2031
2003
1945
1967
2075
2016
1993
2017
2030
1980
2009
2000
2025
1966
1939
1979
2003
2077
2022
1990
1964
2066
2041
2019
2015
2059
1997
2019
2033
2067
2041
2034
1975
2038
2025
1987
1975
2040
2021
1965
2008
1943
1975
2053
1993
1981
2044
1984
1994
1959
1994
1963
2021
1984
2039
2063
2039
2055
2076
2073
2065
2020
1965
2069
2035
2021
2067
2015
1983
2021
1971
1977
2055
2001
2006
1979
2000
1971
2071
2003
2021
2001
2005
1995
2063
2030
2016
1981
2007
1993
2052
2015
2036
1982
2083
1937
2016
2019
1976
1972
2059
2085
1947
1993
1979
1995
1997
2013
1982
1906
2043
2073
1977
1973
2029
1976
1967
1982
2007
2090
2033
2066
2005
1959
2028
1947
2185
2181
2073
2076
2087
2024
2111
1959
2053
2079
2003
2001
2065
1947
2093
2013
2002
2005
2032
2010
1995
2032
1983
2103
2002
2029
1989
1959
2063
1965
1989
2101
2010
2031
2011
2040
2009
1967
2039
2040
2021
2032
2040
1973
2020
2047
2003
2027
2011
2007
2040
1989
1973
2077
2044
1991
2039
2055
2019
1959
2014
2011
2036
1981
2069
2039
2059
2008
1987
2041
1980
2021
2089
1999
1981
2063
1965
1995
2022
2072
1917
1991
1955
2036
1983
2041
1989
1969
2027
1959
1971
2085
1995
2026
2043
2007
2056
2083
2096
2007
2056
1963
1950
2068
2078
2065
1962
2117
2063
2059
1975
2036
2072
2007
1941
2059
2088
2005
1993
2063
1981
2031
2009
1981
2023
1997
2071
2024
1909
1989
1979
2005
2017
2041
2010
2063
2056
2029
2107
2118
1992
2031
2075
2063
1944
2032
2037
1931
2025
2036
1933
2001
1991
2029
2000
1997
2025
1946
1991
2063
1968
2024
1997
1963
2008
2067
2066
2043
1981
2029
2075
2044
2047
2009
1996
2035
2016
2019
1993
2037
1981
1996
2016
2044
2076
2063
1961
1991
2103
2023
2027
1991
2075
2053
2007
1947
2087
1967
1967
2034
2053
1929
2063
2017
2003
2000
2019
2021
2031
2059
1973
2004
2019
1965
2075
1999
2011
1932
2043
2089
1991
2037
2065
1995
1961
2012
2019
2097
1995
1982
2011
1997
2065
2085
2008
2053
2011
2028
2013
1993
1952
1963
1995
2007
1973
2071
1996
2071
2120
1987
2027
2011
2101
1997
2091
2007
2101
2083
1941
2080
2075
2105
2023
2029
2027
2073
2018
1946
2025
2017
1999
2011
2023
2039
1981
1975
2016
1989
2057
2087
1930
1966
2054
1973
2025
2037
1995
2080
1997
2035
1980
2005
1996
2057
2003
1928
2065
2031
2035
2015
2079
1983
2025
2011
1961
2008
2023
2052
1955
1963
1975
2025
2003
2039
1987
2089
2043
2057
1999
2000
2035
2016
2027
2060
2021
1965
2003
1925
1963
2059
1927
1945
1973
2008
1993
1931
2013
1992
2037
2020
2013
2016
1987
2065
1987
2083
1983
2065
1957
2012
2075
2077
1964
1948
1929
1989
1975
1961
1976
1961
2026
1909
1999
2043
2003
2028
2026
1987
1997
1961
1963
2014
1976
2099
2041
1975
2043
1993
1975
2065
2023
1909
1997
1944
1931
2063
2105
1999
1989
2037
1911
2032
2033
1977
2093
2063
1995
2001
2087
2009
1964
2005
1997
1977
2004
2038
2065
2004
1976
1979
2063
1941
2073
2030
1981
2023
2019
1983
1995
2023
1957
2016
2024
1976
2025
2065
1979
1955
1976
2021
1976
1979
2036
1961
1931
2069
2040
2041
2028
1941
2071
1930
2027
2072
2070
1989
2074
2040
2085
2071
2077
1943
2079
2029
2038
2055
2067
2015
1964
1991
2009
2013
2009
2000
2005
1933
2087
1976
2095
2011
2075
2007
1983
2001
1899
2040
2063
2044
1978
2087
2038
1963
1987
1956
1949
2031
1979
2029
2077
2057
2057
1982
2071
1997
2013
2019
1995
2032
1960
2040
1999
1981
2075
2032
2023
2039
2097
2031
1993
2041
2053
2076
2000
2003
2024
1992
1970
2048
1935
2044
2035
2037
1993
2046
2086
2031
2087
1993
1976
2021
2063
2053
2048
1976
2085
1965
2035
2069
1959
2030
1975
2031
2006
2057
2019
1979
2011
2065
2017
2000
2030
1991
2024
2054
2013
2029
1979
2031
2056
2056
2029
2015
2112
2016
1991
2039
2016
2045
1988
1985
1941
2016
2013
2009
2081
1992
2033
1981
1971
2069
1981
1965
2071
2077
2074
2015
2019
2017
2001
2028
2041
2003
1989
1993
2005
2007
2017
1997
2034
2078
2031
2015
2035
2037
2063
2103
2069
1912
1938
1983
1952
1987
1991
2043
1977
2067
2054
2018
2005
2095
2073
2075
2057
2018
2038
1993
1989
2085
2008
2080
2043
2039
1965
1992
2084
2059
2055
2040
2004
2013
2032
2067
2027
2029
2096
1992
2036
2003
1963
1918
2017
2017
2030
2003
1989
2074
2060
1999
2099
2068
1973
2046
2025
2003
1978
1995
2059
2011
2031
2104
2018
1999
2028
2093
1973
2025
1957
2011
2057
2019
2048
2057
1995
1952
2041
2048
2007
2043
1932
2033
2066
2035
1996
2031
2055
2037
1931
2071
2072
2030
2087
1981
2026
1997
2040
1995
1997
2017
2042
2043
2010
2040
2039
1989
2076
1993
1991
2067
1979
2027
1960
1990
2005
1909
2032
2055
2076
2009
1993
1981
2033
2065
2020
2013
2060
1961
2047
2016
2086
2036
2017
1984
1998
2032
2002
1963
2021
2025
2004
2057
2029
2104
1979
2000
2063
1932
1981
1979
1989
2040
2001
2025
2065
1989
2024
2103
1971
2083
2068
2093
2082
1987
1979
2035
1999
2072
2005
2029
2027
2023
2090
2064
2007
2003
2017
2039
2063
2074
2072
2063
2024
2058
2075
2016
2023
2119
2063
2039
2037
1987
1987
2003
2023
2059
2021
2042
1979
2055
2024
2023
2056
1995
1973
2063
1948
2091
2080
2010
2063
1993
1960
2024
2006
2025
1991
1972
2029
1927
2039
2059
1901
2021
2058
2039
1947
1947
2025
2079
2022
2066
2025
2040
2017
2071
2035
2037
2104
2045
2088
1981
2047
2075
1975
2015
1975
2056
2035
2001
2085
1987
2059
1991
2027
1978
2019
1956
2043
1981
1957
2007
1969
2048
2051
2025
2084
2039
2056
1966
2011
2001
2063
1983
2035
1959
2024
2019
2017
1974
2005
1993
2008
2101
2065
2030
1992
2096
2063
1989
2069
2044
2044
1997
2019
2012
2055
2038
1956
2040
2083
2040
2027
2073
1963
1961
2025
2078
2029
1913
2024
2068
2044
1980
1971
2023
2068
1939
2063
1972
1975
2011
2020
2040
2022
2080
2027
2037
2075
2075
2067
2063
1983
1963
2007
2009
1975
1911
2023
2056
1943
1979
2107
2039
2071
1993
2041
1973
2032
2071
2008
1991
2035
2117
1929
2060
2043
2031
2001
1965
2009
1973
2015
2063
2041
2032
2022
2057
2084
2040
1966
1987
2056
1993
2043
1991
2005
1980
1884
1997
1971
2093
1927
2024
2011
2035
2011
2010
2012
2043
2041
2055
1943
2033
2003
2019
2060
2035
2023
2009
2016
2005
1997
1995
2063
1983
2011
1987
1979
2039
1989
1989
1995
2023
1939
1943
1976
2054
2007
2027
2024
2071
1955
2042
1961
1981
2013
1953
1991
2088
1975
1966
1982
2013
2055
2085
1947
2089
2094
2027
2046
2048
2020
1977
2009
2103
2003
2025
2058
1977
2035
1992
1999
1949
1997
2079
1977
1973
2005
1979
2121
2005
2032
2003
2007
2065
2022
2041
2048
1960
2019
2038
2008
1995
2023
1959
2063
1909
1995
2020
1943
2011
2110
2001
2080
2005
1971
2055
2088
2008
1993
2063
1975
2029
1961
2043
2005
1979
1991
2029
1931
1941
2088
2008
2007
2041
2028
1965
2024
1997
2077
1987
1963
2007
1963
2055
1976
1947
1931
1995
2023
2016
2061
2031
2047
2076
1965
1895
2023
2043
2068
2076
2116
1963
1945
1984
2011
2011
1949
1944
2007
2063
1976
2080
1989
2069
1998
2065
1995
2033
1981
2029
1924
2007
1996
1989
2007
1975
1971
2064
2053
2053
2064
2044
1981
2040
1967
2101
2029
2036
1964
1998
2030
2043
2096
2039
1977
1987
1933
2043
2023
2019
2036
2003
2039
1967
1964
1959
2015
2031
2023
1989
1965
2066
1893
2012
2023
2035
2032
2044
1961
2076
2032
2016
2063
1991
1995
1993
2037
1993
1957
2031
2027
2108
2071
2062
1992
1961
2036
2081
1995
2002
2000
1965
2024
1977
2019
2029
2027
2025
2025
2040
1989
2067
2040
2011
2033
1953
2002
2005
2067
2021
1996
1995
1929
1947
2066
2044
1983
2045
1995
2067
1996
1995
2088
2080
2080
1957
1976
1997
2051
1999
2019
2037
2007
2009
2012
2011
2063
1913
2032
1959
2025
2055
2032
1992
1980
1982
2025
2055
2063
2072
2044
1955
2060
1995
1962
2125
1963
1983
1963
1919
2013
2020
1963
2011
2076
2029
2000
1975
2003
2025
2065
2063
1983
2039
2047
2009
2004
1981
1991
2031
2045
2015
1977
2020
2011
2024
1899
2029
2007
2003
1964
2019
2039
1995
2025
2012
1931
1984
2065
1992
2061
2013
1983
1995
1994
2063
2015
2015
2023
2057
2045
1984
2067
1938
1971
2069
2005
1997
2075
1999
2053
1969
1951
2046
1977
2039
2039
2007
1991
2092
2023
2037
2091
1961
1971
1963
2013
2024
1949
2065
2007
2003
1997
1983
2048
2021
2091
2023
2008
2023
1971
2076
2051
1998
1999
2012
2003
1993
2069
1981
2011
1901
2060
2035
2030
1931
1964
2022
1993
2011
1909
2000
1989
2099
2030
2032
2029
1947
2065
2001
1993
2083
1991
2040
2058
2086
2005
1955
2097
2015
2083
1973
2067
1973
1980
1989
2087
2025
2013
2028
2028
1989
2054
2068
2006
2038
2061
2033
1993
1917
2003
2025
2003
1959
2019
1959
1961
2067
2005
1966
2032
2005
2063
2043
1992
2052
2009
2017
2043
2039
2071
2025
2078
2029
1981
2066
1971
1949
1927
2003
1959
1961
2063
1997
1980
2011
2069
2011
2023
1997
2005
2015
2007
2024
2017
1980
2072
1992
2039
1990
2065
2085
1999
2025
2085
2031
2103
2003
2077
2024
2067
2059
1959
2027
2059
2044
2112
1949
2045
2019
2016
1981
2016
1981
1997
1950
1969
1977
2126
2024
2008
2013
2027
2013
1981
2028
1978
1973
2005
2019
2075
2055
1981
1997
1932
2054
1945
2093
2001
2003
1981
1980
1992
1982
1959
1963
2098
2003
1979
1975
1972
2055
2009
2020
2032
2030
2005
2021
2121
2010
2021
1997
1987
2022
1987
2007
1996
2005
2057
2002
1963
1997
2031
2011
2069
2015
2005
2043
1993
2001
1992
2009
2076
2037
1989
2076
1958
1971
1993
2055
2034
1971
1996
2085
1973
1984
1928
2099
1961
1977
2003
2043
2013
2012
1989
2011
2003
1991
2017
2037
1979
2074
2088
2027
1955
1967
2028
2025
1973
2013
1989
2059
1959
2001
2054
2080
2011
2091
2075
2044
1965
1949
2023
2015
2039
1955
1979
2018
2029
1967
2040
2002
2044
2024
1997
1989
1989
1967
1969
1957
1989
2053
1993
1992
2067
2033
1944
2025
2044
2041
2088
1919
1917
2024
1956
2101
1960
2093
2015
1950
1995
2036
2028
2035
1965
2111
2051
1973
2009
1981
1959
2031
1939
2006
1951
1995
1997
2019
2011
1977
2043
1979
2077
1997
1979
1996
2033
2067
2035
1960
1957
2109
2067
2065
2043
1951
2059
1961
2024
2016
2091
2041
2058
1993
1958
2041
2072
1987
2078
2002
2013
1957
2071
1911
2044
1976
1957
1963
2072
2017
2065
2047
1995
2080
1993
1996
2074
2040
2051
2040
2033
2003
2037
2079
1966
2012
2130
2017
1965
2053
2017
2001
2009
2021
2005
1918
2058
2092
2087
2005
2025
2029
2023
2063
1996
1977
2001
1967
2024
2058
1977
2074
2065
2037
2035
2048
2092
2012
2063
2036
1959
2063
1984
1955
2064
2036
2028
1976
1979
2071
2065
2041
2035
2059
1977
1961
2070
2045
2016
1991
2011
1993
1953
2029
2024
1968
2005
2098
2054
2037
2080
2003
2029
1979
2071
2041
1967
2026
1975
2099
2045
2011
1941
2000
2075
1931
1993
1947
2044
2115
2032
2072
2039
2055
2081
2056
1965
2014
1935
1953
1979
2007
2023
1919
1976
2021
1960
1978
1891
2077
2011
1945
2080
2005
2048
1961
2031
2027
2013
2077
2041
1987
2044
1960
1947
1941
1951
2041
2016
2025
1989
1981
2071
1995
2037
2071
2009
2029
1899
2003
2067
2097
1971
2085
2077
1931
2057
1955
1977
1987
2025
1975
2028
2048
2039
1973
1944
1995
1999
1997
2027
2040
1987
2071
2045
1951
2093
2080
1983
2108
2005
2039
2056
1963
1987
2041
2048
2013
1997
1963
1965
2025
2060
2012
2005
2069
1984
2059
1965
2017
1996
1989
1977
2040
2007
2001
2023
2011
1960
2011
2085
2067
1981
1963
2047
1971
2035
1991
2022
2041
1992
1983
2039
2066
1981
2032
1961
2035
2073
1972
1985
1954
2055
2016
1990
2008
2077
2011
2067
2008
2041
2035
2080
1963
2005
2024
2019
2080
2045
2055
1999
2063
2025
1965
2005
2084
1917
1939
2007
2067
2061
2063
2005
1973
2072
1969
2007
2027
2015
1975
2063
2023
2055
1957
2079
2057
2019
2061
1991
1945
2057
2068
2007
1951
2001
1933
2091
2077
2063
1965
2009
2019
2037
2052
2012
2078
2016
2043
2096
2067
2051
2071
2013
1999
1983
1982
2043
2042
1974
2040
2031
1993
1997
1997
1981
2095
2016
1992
2008
1957
2057
2034
2028
2029
2027
2105
2055
2086
2039
2068
2029
1979
1999
2015
1999
2013
2105
1988
1989
1971
2012
2093
2020
2036
1933
2073
2048
2057
1976
2078
1973
1997
2013
2056
1980
2035
2029
2104
2023
2003
2104
2087
2035
2041
2042
1995
2085
2057
1929
2036
2063
2012
2027
1991
2053
2035
2006
2043
2025
1990
2031
1956
2022
2030
2132
2003
2013
2009
2019
1996
2072
2077
2040
1961
1946
2090
1943
2017
2035
1979
1998
2042
2025
2075
1979
1995
2029
2032
2017
2011
2003
2065
2044
2024
1949
2031
1927
1959
2056
2037
2023
2090
1912
1991
2117
2027
1979
1989
2037
2063
2007
2039
2065
2039
2008
2053
2039
2026
1973
2068
2065
2044
1955
2074
1973
1957
2053
2004
2039
2053
1960
2029
2063
2000
2086
2083
2041
1993
2023
2072
1997
1977
1979
2063
1997
1973
2007
1993
2043
2014
1981
2036
1989
1908
2068
2023
2060
2005
2062
2059
2092
1973
1959
2005
2079
1989
1918
1996
1993
1999
1995
2013
2007
2041
2055
1945
2003
1961
2014
2029
1965
2007
2077
1992
2032
1960
2015
1975
2023
2031
2057
2024
2013
2053
2041
2041
1941
2055
2022
2016
2027
2104
1996
2055
2016
2025
1973
1987
2044
2027
1923
1969
2001
2087
1979
1992
1965
2008
2075
2044
2000
2005
2057
2010
2031
2088
2064
2033
2039
2008
2059
2017
2080
2041
2071
2051
1996
2063
1946
1981
1945
1965
1993
1991
2030
2068
1995
1949
2016
1988
1949
2012
1982
2038
1987
1961
2020
2014
2041
1967
2038
2031
1994
1931
2007
2033
1995
2004
1963
2060
1957
1967
1975
2035
2032
2011
1995
1995
2036
2056
2019
1978
1997
2039
1997
1968
2039
1969
2051
2072
1979
2021
2019
2012
2000
2072
2036
1987
1971
2009
2046
1971
2005
2007
2056
2007
1931
1987
2022
1937
2016
2033
1999
1957
1963
2036
1993
1959
2104
2059
2020
2073
2069
1988
1975
2069
1961
2016
2108
2055
2022
2041
1967
1998
1965
2001
2015
2001
2009
1912
2025
2055
2011
2091
1995
2020
2043
2011
2025
1943
2057
2063
2065
1950
2054
2030
2038
2044
2024
2037
2074
1925
2058
1963
1995
2000
2035
2029
1962
1933
2019
1971
1969
2007
2013
2091
2024
1996
1972
2072
2067
1937
2044
2028
2037
1933
2043
1989
2036
1939
2020
1991
2001
2089
1963
2078
1977
1987
2023
2033
1975
2025
2048
2020
1979
2076
2027
2088
1991
2063
2013
2041
2000
2007
2000
2041
2059
2061
1975
2058
2008
2083
2072
2059
2007
1980
2083
2007
2084
1991
2027
1957
2035
2060
2008
2027
2060
2034
2055
2027
1995
1979
2039
2065
1993
1899
2011
1979
1951
2006
1989
2031
2028
2001
2023
2003
1975
2029
1932
2059
2025
2032
1997
1995
2032
2055
2045
2020
2095
2011
2062
2001
2046
2071
2023
2021
2075
1971
1977
2031
1960
1943
2011
2039
2036
1989
1991
2080
2019
2032
2011
2001
1999
1953
1975
2079
2029
1992
2021
2016
1982
1971
1969
2011
2041
1999
2056
2069
2069
1995
1971
1992
1993
2048
2008
2007
2021
2007
2036
2022
1975
2037
1967
2043
2033
1973
2101
2104
2031
2069
2067
1917
2037
2033
2035
1995
2027
2058
1963
2064
1972
2007
2019
2003
1943
1989
1907
1981
1975
2009
1937
2081
1955
2022
2101
1925
2005
2007
2055
1956
2027
2033
1945
2019
2007
1955
1975
2019
1964
2021
2013
2003
2013
2078
2016
2004
2096
2033
2005
2033
2055
2071
2004
2031
2021
2023
1976
1977
1991
2017
2060
2029
2056
2027
1973
2103
1979
2031
1949
1999
1955
2003
2063
1959
2103
2073
2009
1960
2053
2035
2063
2013
2023
1996
2011
1965
2029
2040
2038
2007
2027
2048
2046
1997
2021
1989
1991
2040
2012
2072
1959
2052
2040
2021
2044
1933
1981
2056
2004
1978
1989
2009
2008
1963
2063
1973
2013
2009
1983
2021
1977
2039
2037
2071
2003
2027
1994
2054
1980
1963
1927
2046
2016
1999
2074
2025
1977
2035
2065
2019
2011
1957
1993
1991
1983
1955
2001
1971
2071
2063
2008
1976
2055
2067
2011
2056
2093
2004
1992
1981
1979
2027
1997
2035
2005
2029
2007
2015
1992
2072
2015
1992
2017
2020
2007
2085
2008
2048
2041
2005
1995
2068
2004
2024
2044
2039
1991
2014
2018
2032
2084
2011
2027
1959
2041
2092
1941
2037
1977
2023
1975
2024
2099
2065
2013
2063
1949
2011
2001
2031
2075
2025
1929
2005
1949
2017
1997
2057
1981
2055
2073
2011
2011
2108
2012
2040
2029
2034
2060
2032
2088
2029
2003
2012
2093
2027
2029
2023
2028
2040
2021
2028
2037
1997
1968
1991
2079
2023
2009
2036
1963
2063
2015
2025
1991
2027
1979
2027
1972
1977
2091
2017
1999
1983
2023
1961
2028
2041
1957
2065
2087
2035
2029
1943
2071
2071
1983
2003
2023
1955
1972
2069
2089
2024
2042
2019
1989
1999
1902
2039
2084
1987
2069
1995
2060
1983
1968
2033
1955
1984
1965
2071
1961
2099
2075
1973
1981
1993
2115
2009
1979
1965
2031
1969
2008
1972
2028
2057
2083
1997
1969
1979
1997
1989
2001
2015
2083
2002
1961
2032
2033
2035
2073
2044
1901
2056
1973
2092
2089
1982
2012
2018
2025
1991
2023
2029
2025
2023
1961
2063
1972
1992
1977
2033
2016
1997
2019
2056
2042
1981
2005
2019
1995
2011
2083
1967
1994
2040
1959
2013
2035
2063
2063
2073
2028
2109
1991
2087
2024
2013
1964
2045
2069
1971
2008
2041
2067
2058
2046
2088
2048
2048
1995
2019
2077
2001
2029
2017
2093
2076
2071
1992
1979
1991
2065
2024
2024
2053
2021
1980
2004
2045
1945
1981
2044
1988
1955
1991
2071
2056
1971
2043
2042
2036
2065
1965
2057
2005
1979
2038
2003
2020
2079
2013
2045
2046
2024
1957
2043
2008
1984
2091
1994
2048
2019
1989
1981
2013
2024
1995
2069
1993
2012
2021
2060
2044
1983
1995
2039
2100
2099
2093
2060
2039
2011
1976
2023
1937
1975
1967
2037
2013
2016
2075
1995
2004
1993
2009
2011
1983
2019
2043
2093
1961
2012
2032
1973
2003
2096
1995
2025
2072
2015
2019
2038
2056
2009
2016
2025
2025
1947
2056
1997
2021
2056
2012
2009
2023
2042
2000
2057
2009
2075
2019
2044
2058
2039
1996
2027
1995
2014
1975
1981
2008
2024
2023
1976
2029
2024
2087
2013
2044
1945
2013
1979
2037
1991
2034
2071
1995
2036
2063
2017
2019
2015
1981
2063
2007
2058
2027
2009
1981
2026
1959
2010
2023
2071
2005
2040
2065
2013
1993
1997
1945
2087
2024
1973
2067
2130
1991
2019
1987
2047
2025
2023
2016
2016
1948
2008
2029
2003
2043
2008
2002
2068
1949
2032
2004
2048
2112
2027
2042
1956
1964
2011
1967
2032
2101
2041
1996
2055
2002
1991
1928
1979
2013
2017
1984
1997
2063
2043
1996
2016
1992
2007
2053
2028
2020
2063
2072
2027
2054
2067
1996
2011
1975
2064
1959
1931
2010
1973
1981
2027
1941
2011
2011
2028
2023
1960
1959
2055
1965
1939
2117
1951
2013
2029
2058
2027
2016
1955
2053
2063
1984
2057
2013
1979
2030
1996
2000
2015
2056
2057
2042
2027
2039
2013
1975
2076
1973
1976
2084
1996
1977
2087
1996
2033
1967
2083
2019
1997
1953
2019
2037
2017
2007
1956
2011
2009
1997
1963
2039
2035
2032
1953
2037
1957
2041
2065
2069
2047
1989
2023
1980
2039
2000
2069
2027
1959
2009
2075
2030
2043
1956
2033
2013
2101
2002
1991
2063
1971
1939
2056
2060
2004
2065
1994
2051
2075
1982
1991
1990
2063
2013
1979
2011
1973
2007
2055
1947
1961
1973
1981
2092
2063
2097
2108
2003
1969
1967
2031
1970
2042
1948
2003
2053
1960
2035
1996
2011
2071
2013
2074
1957
1992
1945
1989
2028
2015
2012
2032
2080
2039
2026
2035
2008
2048
1973
1999
1943
2019
1979
1981
2024
1971
2043
1989
1976
2056
2095
2055
1911
2009
1992
2085
1929
2047
2066
2009
2087
1971
1966
2007
2023
2090
2017
2044
2040
1987
2012
1949
1992
2021
2067
2051
2035
2055
2030
1947
2063
2007
2004
2063
2007
2090
2015
1995
2082
2027
2063
2077
2063
1989
2027
2027
1997
2043
1972
1859
2024
2005
2053
2023
2005
1977
2069
2065
2005
2095
2040
2009
2091
2080
2073
2068
2035
2001
2005
2037
2067
2092
2023
1965
2083
2065
2029
1974
2055
2092
2053
2033
2012
2056
2017
2005
2067
2024
1973
2025
2061
1993
2023
2046
2015
2027
2027
1957
1945
2073
2106
2103
2069
2085
1947
2043
2058
1991
2101
2035
1981
2053
1987
1965
2039
2024
1987
2024
2029
1997
2008
2009
2114
2001
2037
2013
2009
2074
2043
2063
1967
1977
2005
2066
1961
2008
1957
2093
2039
1993
1981
1937
2057
2030
1975
1991
2007
1975
2088
2065
2031
2005
1963
2093
2054
2037
1973
1991
2027
1984
1981
2040
2088
1959
2007
1995
2054
2013
2023
2014
2020
1981
2040
2044
2029
1989
1989
1941
2028
1976
2027
2136
1981
2005
2033
1968
1931
2006
2092
1975
1975
2073
2077
1991
1957
2040
2065
2003
2039
2007
2016
1995
2073
1893
2068
2072
2040
2096
2053
2085
1964
2074
2034
2011
2078
2085
1949
1979
1995
2063
1984
1975
2077
2087
1995
2077
1973
1951
2056
1965
2003
2023
2007
2096
2035
2060
2042
2037
2046
2009
2056
1997
1976
2023
1965
2025
2048
2003
2006
2054
2008
1997
2044
2082
1980
2011
2021
2027
1931
2059
1984
1961
2058
1992
2077
2009
2042
2037
2051
2022
1980
1973
2075
1991
2073
1965
2006
2025
2053
2074
2057
1965
2013
2018
2032
2038
2040
1954
2023
1993
2075
2088
2009
1998
2032
2026
1984
2032
2004
1976
1960
2016
2059
2037
1957
2030
1973
1977
2023
2024
2004
1963
1990
1980
1943
2081
1960
2027
2013
1945
1968
1973
2071
2057
1975
2024
2079
2043
1995
2007
2008
2009
1946
2029
1959
1983
2013
2023
1983
2057
1971
2009
2013
1999
1977
1967
1951
2085
1975
2061
1978
2006
2048
1977
2043
2055
2057
2054
2069
1995
2038
2059
2008
1973
1894
1970
2115
1931
1973
2088
1975
1997
2008
2074
1930
2061
2007
2004
2023
2043
1981
1948
1975
2066
2071
2021
2065
1957
2022
2007
1947
2063
1965
2035
2039
2134
1991
2031
2032
2035
2035
2054
2020
1981
2086
2071
1975
1945
2024
1961
2001
1968
2063
2012
2064
2025
2001
2043
2053
2009
1946
2063
2013
2070
2032
1947
2040
2016
2041
1939
2080
1999
1999
2040
1960
2039
1890
2053
2032
2003
2009
2019
1988
2063
2031
1939
1977
1933
2002
1973
1956
2093
1976
1715
1941
1981
2024
2016
1983
1951
1933
2083
2041
1977
1979
1975
2077
1971
2021
2005
2042
1995
2021
2005
1967
2023
2068
2009
2086
2036
2020
2009
2063
2043
2004
2016
1973
1978
2028
1962
2001
2048
2056
1961
2003
2055
1971
2009
1961
1918
1989
2063
1955
2109
1952
1995
1972
2026
2077
1992
1973
1964
1960
2060
1988
1975
2031
1997
1972
1972
2012
2024
2003
2024
2009
1979
1909
2015
2127
1919
2075
2038
2073
2062
2028
2026
2019
1987
1969
1970
1995
2027
2024
2023
1989
2053
2037
2086
2076
2056
2076
1989
1971
2065
2009
2013
2039
1931
2057
2047
2026
2030
2017
2031
2084
1941
2063
2016
1989
2038
1967
2040
2044
2044
1957
2055
2039
2003
1955
2069
1979
1971
2069
2011
2021
2039
2071
1991
2001
1947
1951
2066
1955
1977
2068
2044
2029
2016
2037
2059
2043
1979
1973
1951
2024
1982
2019
1969
2016
2023
1974
2057
2036
1996
1972
2016
2058
1977
1959
1951
2057
2007
1939
1959
1943
2109
1983
2037
2073
2037
2030
2063
2084
2019
2008
1982
2039
2006
2071
2008
1977
2035
2017
1997
2012
2055
2063
2012
2096
2053
2053
2032
1998
2024
2025
2007
2035
2020
1951
2044
2053
1979
2035
2120
1981
2031
2034
1977
2007
2009
2090
2010
2101
1983
2008
2037
2089
2044
1976
2019
2025
1956
2029
2019
2075
1961
2032
2003
2065
2084
2032
2076
2091
2016
1995
1975
1937
2013
2005
2003
1944
2005
1961
2058
1993
2044
2088
1976
2095
2024
1973
2078
2063
2067
1939
2067
1947
2075
2019
2026
2022
2007
1971
1933
2000
2104
2047
1963
2016
1969
1945
2080
2004
2003
2059
2016
1973
1997
2041
2059
2068
2015
2036
1991
2044
2080
2009
2047
1965
2029
1961
2032
2058
1991
2105
1937
2023
2016
2032
2017
2095
1929
1991
2072
2008
1977
2040
2037
2009
1957
2059
1987
1981
2042
2013
1983
1995
2040
1963
2067
2107
2002
2003
2032
1973
2108
1973
2067
2012
1947
1981
2014
1990
2071
2046
2024
1995
1965
2031
1973
2055
2007
2001
1917
2060
2023
2009
2123
2057
1963
1943
1995
2088
2057
1955
2015
1992
1971
1981
2056
2069
1947
2044
1961
2099
2029
1967
1963
2039
1955
2005
2007
2083
2067
1924
2063
1977
2060
2063
2023
2029
2065
2075
2016
2007
2009
2043
1965
1981
1980
2066
2033
2027
2015
1980
2016
2016
1973
2013
1997
1995
1949
2014
2029
1997
2007
1997
1955
1979
2039
2035
2063
2039
1957
1943
1949
1989
1929
2043
2013
2024
1999
2063
1984
2008
2007
1963
2027
2099
2063
1979
1997
2024
2092
1969
2051
2071
1979
2004
1995
2066
2031
2006
2083
2095
2003
2119
2003
1963
1997
2085
2023
2020
2005
2053
2069
2024
2055
1955
2091
1909
2017
2040
2044
2032
2073
2040
2085
2028
1991
2031
2039
2011
2048
2077
2005
1981
2013
2028
1989
2031
2068
2072
1963
1967
2009
1974
2024
1975
1973
2063
2039
1977
1953
1993
2005
2040
1916
2085
2023
1995
1989
2101
2016
1948
1963
2041
1961
2025
2012
2032
2027
2083
1949
1966
1987
2055
1975
2016
1949
2095
2056
2013
2027
2015
2068
2117
2045
1957
2011
1976
2028
2024
2016
1973
2000
1981
2034
2036
1960
2004
2036
1967
1971
2009
2091
2001
2057
1993
2009
2016
2039
2023
2087
2035
2088
2030
1963
2067
2030
2063
2008
2042
1997
2040
2040
2043
1928
1912
2039
2009
1955
2023
2006
2003
2112
2087
2036
2010
1965
1981
2029
2003
1977
2000
2012
2009
1999
2000
1975
2057
2004
1943
2073
2023
1995
2043
2007
2064
1997
2069
2016
2063
1991
2019
1993
1924
1981
2003
2118
2063
2025
2071
1975
2020
2024
1963
2085
2007
1991
2013
1929
2070
2040
1945
1979
2029
2091
1978
2069
1997
2089
2057
2003
2040
2023
2013
2024
1948
1973
1967
2153
2038
2033
1979
2016
1932
2020
1983
1973
2021
2014
2013
1989
2029
1979
2073
1979
1965
2093
2071
2000
2055
2011
1958
1952
2080
2025
2020
2037
2059
2073
2060
2019
2032
1988
2053
2041
1967
1980
1984
1979
2043
2048
2071
2041
1975
2051
2013
2057
2040
2093
2040
2027
1929
2069
1977
1973
2067
1937
2083
1979
2065
2023
2001
1984
1971
2001
2027
1976
2032
2002
1949
2020
2040
1965
1955
2063
2056
2043
2032
1943
2009
2006
2027
2077
1939
2070
2083
2011
2007
2057
2018
1971
2019
1989
1993
2032
2035
2001
1991
1984
2063
1945
2067
2090
2068
2023
2032
2021
1993
2071
1960
2011
1981
2103
1977
2037
2083
1979
1961
1973
1987
2032
1984
2041
1977
1959
1931
2032
2087
2056
2012
2089
2042
2016
1992
2019
1949
2044
1964
2043
2017
2009
1959
2012
2027
2006
2032
1981
2011
1987
1947
2055
2013
1947
2073
1984
1987
2018
2008
2023
2013
2039
2039
2005
1973
1995
2040
2020
2143
2005
2053
2056
2040
2029
1995
2025
2035
2004
1975
2067
2023
2008
1996
1993
2019
2067
2024
2032
2071
2015
2046
2024
2036
1940
1981
2030
1992
2003
2030
2066
2040
1962
1998
2005
1943
2019
1983
2053
1941
2007
1913
2046
1996
1944
2053
2027
2000
1998
1974
2040
2035
2008
1965
2042
2030
1945
2040
2005
1935
1961
2073
2011
2039
2005
2040
2024
1971
1993
2025
2036
2015
1957
2024
2056
1995
2053
2020
2004
2029
2010
1964
2011
2011
2077
1994
2063
2023
2063
2077
2075
1907
2088
2065
1965
2032
2078
1997
2003
1949
1977
1960
2009
2059
2037
2067
2017
1997
1997
2013
1982
1961
2029
2012
2012
2010
1999
2007
2071
2002
2025
2065
2037
2075
1989
1993
2013
2063
2046
2033
2031
1989
2075
2024
2013
1983
2029
1979
2032
2041
1983
2011
2086
2032
1901
1995
2096
1993
2059
2020
1995
1977
2066
2013
2037
2025
2103
1965
2025
2052
2035
1967
2013
1897
1970
2007
2025
2008
2011
2023
2059
1971
1989
1989
1950
1984
2009
1972
1939
1973
2048
2023
2008
2011
2068
1937
1961
2021
2032
2024
2016
2099
2017
1961
2023
2025
2044
2001
1995
1981
2082
2094
2075
2089
2055
2001
1959
1973
2024
2024
2001
2001
1941
2055
1997
2065
1989
2000
2000
2021
2036
2056
1979
2059
2000
1943
2030
1991
1993
1992
1994
1948
2001
1979
1993
2095
2024
1995
2028
1977
1978
1948
2036
2076
1979
2038
2041
2059
2043
1973
2003
1971
1984
2005
2072
1972
1982
2003
2040
2067
2059
2072
1979
1996
2040
1957
2043
2024
2093
1975
1979
2026
2011
2003
2021
1969
1983
1973
2024
1939
2022
2068
1981
2040
1990
1994
2013
2081
2024
2013
2022
1956
1964
2024
1945
2045
1984
2044
1979
2010
1983
2044
1967
2051
2025
2048
1981
2017
2004
2051
2067
1954
2057
2059
1951
1977
1983
1973
2081
1979
2003
2067
1991
1988
2015
2011
1957
2058
1983
2021
1981
2073
1930
2040
2075
1983
2031
2083
2067
2027
2043
2039
2017
2066
2031
2023
1977
2021
2071
2013
2071
1981
2031
1959
1979
1980
2063
1967
1957
2011
2003
2028
2017
2030
1981
1983
2088
2048
2063
2040
2003
1970
1979
2063
2001
2015
2045
1977
2075
2015
2015
2035
2041
2048
2035
2029
2075
2039
2057
2001
2077
2030
1975
1969
1979
2010
1984
2055
2020
2066
1963
2018
2003
2013
2072
1977
2075
2067
1955
2080
1931
2040
1929
2010
2069
2080
1981
2005
2063
2031
2030
1975
2075
1993
2027
1977
1983
2076
1957
2011
1925
2037
2070
1899
1982
1971
2023
2029
2017
1995
2037
2035
1948
2085
2016
2034
2057
2005
2069
1929
2040
2075
2044
2009
2063
1977
2034
2040
2021
1971
1979
2080
2040
1999
1981
1933
1992
1963
2034
2089
2073
2015
2079
2001
1928
2035
2065
2021
2105
2023
2017
2039
1965
2044
2088
1965
1988
1964
1990
2041
2083
2059
2041
2083
2029
2043
1973
1961
1969
2057
2024
2016
1983
2046
2036
2024
2009
1987
2015
2017
1933
2037
1971
1977
2017
2040
1972
2033
1963
2037
1992
1949
1965
2004
1959
2103
1995
1945
1947
2008
1995
1955
1965
1979
2064
2059
2058
1954
1963
2011
2029
2097
2025
4095
0
2349
0
0
0
0
0
0
4095
0
4095
0
4095
0
4095
0
4095
0
0
4095
0
4095
0
4095
0
4095
2999
4095
4095
1626
4095
127
4095
3
2496
0
1
2247
0
1024
1127
4095
0
4095
0
4095
0
4095
0
3895
4095
0
880
0
4095
0
4095
0
4095
0
4095
0
0
0
0
2121
0
0
0
0
0
0
0
0
0
3537
84
597
0
0
1415
1756
1771
0
0
0
0
0
0
0
0
0
0
0
0
0
0
0
0
0
0
0
0
0
0
0
0
0
0
0
0
0
0
0
0
0
0
4095
4095
0
0
0
0
0
22
1303
0
0
4095
4095
4095
4095
4095
4095
4095
4095
4095
4095
4095
4095
4095
4095
4095
4095
4095
4095
4095
4095
4095
4095
4095
4095
4095
4095
1117
623
3481
1809
1769
2396
4095
4095
4095
4095
2680
2066
0
0
1787
0
2620
0
3763
1309
887
2759
3182
2892
3291
1033
2749
1723
523
0
4095
2765
4025
2379
2919
2389
1547
4095
2996
4095
2263
2861
2613
2296
2144
2466
2199
1761
2176
1581
2413
1715
2018
2036
2141
1993
2520
2669
3853
3930
3245
3535
2862
3228
1327
1541
0
920
0
0
2092
3715
3491
2596
2712
1822
2304
1751
1925
1851
1947
1997
1934
1796
1618
1935
1592
2341
2063
2026
2103
1888
2057
1992
1757
1895
2032
1900
2233
1881
2171
2136
2129
1856
992
284
0
0
0
0
0
0
288
807
1364
1235
1790
1867
2232
2419
2887
2960
2701
2487
2315
2313
2058
2039
2003
2058
1199
343
1949
4095
4095
4095
4095
4095
4095
4095
4095
4095
4095
3243
2977
2531
2636
2352
2277
2157
2124
2135
1256
0
0
0
0
0
0
0
0
0
772
987
1374
1658
1627
1773
1865
1801
1964
1617
1807
1693
1809
1669
1768
1607
1928
1759
1816
1963
1885
2132
1984
2151
2224
2057
2015
2013
2099
2165
2237
2168
2067
2124
2123
2357
2279
2251
2258
2157
1959
2127
2110
2055
2018
1993
1981
1855
1965
1817
1960
1942
1932
1967
1891
1903
1947
2099
2073
2162
1993
2073
2103
1965
2083
1973
2141
1981
1972
1939
1951
1895
1992
1940
1971
1965
1967
1944
1920
1939
1901
2122
2019
2059
2015
2111
1937
2081
1720
2125
1779
1983
1943
1827
2110
1733
2099
2021
1912
2032
2013
1872
2145
1977
2024
1971
2181
2085
2096
1883
2011
2017
1981
2091
2089
2089
2228
2200
2284
2232
2149
2361
2195
2181
2237
2152
2107
2255
2235
2233
2199
2216
2006
2217
2008
2039
1899
2038
1983
1879
1960
1903
2103
2011
2034
1951
2016
1949
2027
1973
2105
2065
1979
1937
1981
1915
1896
1917
1968
2089
1975
2019
2029
2085
2072
1989
1993
1951
1939
1895
1919
1928
1981
1927
1947
1960
2002
1917
1890
1925
2011
1997
2020
2011
2007
2020
2022
2018
1992
2042
1988
1997
1935
1941
1979
2072
1942
1955
2096
2007
2068
1978
2057
2025
2029
2017
1957
2014
2017
2068
1962
2011
2016
2007
2027
2041
1931
2038
2030
1941
2007
2011
2073
2018
2029
1967
2101
1931
2094
2078
2021
2058
2004
1969
1963
2042
2056
2025
1943
1955
2033
2003
1977
2067
1993
2088
1955
2081
2000
1993
1999
2024
2068
2094
1960
1927
1952
2091
2043
2018
1929
1931
2043
2013
1991
1970
2029
2081
2011
2078
2031
1945
2072
2033
1988
2059
2140
2071
2015
2040
1933
2036
1929
1989
2006
2115
2003
2059
2053
1995
1941
1963
2012
2027
2029
1983
2042
2056
2063
1977
1937
2034
1958
1897
1904
1909
1897
1909
1875
1894
1905
1949
1901
2001
2005
1909
1963
1929
1972
2001
1981
2012
1963
1949
1834
1953
1981
1917
1989
1895
1997
1961
1999
1948
1967
2007
2011
2072
2019
1983
1919
1885
1943
2025
1915
2004
2075
1936
1945
1948
1934
1935
1891
1955
1885
1945
2022
1976
1945
1877
2042
2017
2018
1955
1997
1991
1943
1913
1894
2009
2031
1971
2045
1965
2003
2020
2066
2039
1943
2002
1920
1948
1880
1937
1906
1945
1964
1959
1988
2065
2028
1979
1929
2013
2010
1957
2000
1877
1971
1996
1965
2007
1949
1961
2013
2001
2056
2003
2149
1957
1982
2023
2025
2086
2085
2041
1949
1973
1935
2025
1919
1957
1999
1957
2012
2039
1968
2019
2009
2005
2037
2068
2013
1995
2027
2009
2005
2037
2077
2025
1989
2055
1975
2043
2059
2006
1979
2080
2009
2023
2083
2093
1958
1995
1949
2027
2035
1966
2019
2024
2074
2009
2032
1959
2043
2121
2035
2079
2032
2021
2017
2045
2043
1994
1965
2087
2076
2017
1994
1944
2037
1995
2083
1979
2043
1963
1934
1991
2031
1959
1965
2043
1974
2035
1957
1983
2019
1949
2019
1974
1960
1951
1984
1934
1943
1980
1915
1964
2073
1981
1926
1993
2001
1926
2071
2032
2120
1984
2024
2010
1978
1963
1992
2003
2060
2011
1939
1992
1960
1984
2025
1947
1981
2012
1963
2005
1961
1897
2065
1967
1946
1933
2017
1932
2007
2007
2036
1963
1910
1993
1929
2023
2011
1979
1909
1975
1963
1895
1979
1976
1887
2003
1928
1971
1967
2025
1967
1995
1996
2007
1947
2002
1961
1999
1949
1964
1891
2067
1943
2022
1941
2015
1945
1945
1976
1988
1923
1948
1951
1976
1955
1948
2023
1949
1981
1963
1993
1941
2043
2061
1895
1988
1891
1996
1943
1977
1971
2013
2022
1977
1897
1951
1950
2039
2032
1957
1997
2033
1993
1947
2015
2022
1965
1959
2063
2044
2027
2005
2029
1948
2021
2013
1957
1989
1991
1979
1918
1981
1941
1975
1984
1939
2007
2043
1971
1963
1915
1983
1929
1979
1947
2024
1982
1968
2036
1978
1971
2040
2044
2029
2012
1897
2073
1991
2042
1947
1971
1927
1989
1996
1933
1952
2111
2074
1957
1989
1941
1984
1977
2015
2023
2039
2025
1949
1955
1931
2053
1989
2030
1944
2017
1979
2005
1978
1909
2021
1965
2019
1952
1973
1963
1983
1996
1987
2055
2018
1959
2039
1976
1963
1929
2007
1943
1942
2027
1949
1978
1907
1981
1896
1959
2043
2002
1944
1955
2035
1917
1987
1951
2029
1973
2014
2039
2033
1906
1979
2015
1961
2057
2022
1951
2022
2091
2028
1957
2018
1939
2014
1971
2014
1973
1969
1977
2039
2018
1971
1918
2024
2004
2027
2036
2023
1987
1999
2023
1927
1990
1979
2003
1895
2007
2075
2083
2039
1991
2035
2067
1984
1979
2040
2000
2039
2021
2067
2056
1996
2038
2018
1984
1979
1961
1966
2031
2009
2073
1933
2009
2059
2058
2029
2029
1994
2063
1967
1993
1965
1991
1979
2042
1965
2075
1975
1984
1953
2020
2039
2032
1947
1977
1983
1993
1995
1937
2053
2040
1984
1963
1912
1929
2025
1998
1952
1878
2005
2055
2026
2012
1962
2020
2019
1899
1941
2077
1992
2057
2043
1913
2015
1955
2013
1995
2053
2011
1911
1949
2006
1976
2025
2007
1997
1968
1977
2002
1972
1960
2001
1963
2001
1929
2015
1971
1962
1943
1935
1987
2010
2009
1962
1971
1961
1953
1925
1957
1936
1968
1895
1955
1887
2068
1975
1967
1983
1960
1988
1883
1994
1957
1955
1979
1948
1853
1991
1903
1965
1981
1959
1977
1931
1885
1962
1975
1944
1990
2013
1984
2029
2007
2035
2008
1899
1995
1947
1929
1909
1987
2057
1938
1951
2037
2002
1949
1959
1927
1939
1947
2035
1951
1981
1952
1994
2021
2001
2044
1984
1943
2001
1999
2011
2015
1923
1954
2037
2020
1901
1947
2023
2044
2003
1980
2008
1974
2013
2012
1907
1940
1989
1949
1957
2011
2024
2043
1952
2069
2025
2031
1995
2087
1899
1982
1915
2015
2025
2044
2072
1998
1991
2032
1992
1927
2089
1979
2021
1955
2012
1952
2031
1971
1962
2004
2024
2075
2039
2005
2023
1919
1945
2056
2022
1950
1952
1980
1941
1928
1971
2027
1961
1979
2028
1975
1976
2040
1977
1920
2015
1992
1911
2004
1920
1998
1970
2010
1907
1939
2057
1977
1947
1956
1975
1993
2063
1949
1975
2076
2067
1959
2029
1899
2040
1973
1992
2044
1953
2041
1973
1983
1975
1990
1964
1967
1957
1951
1995
2023
2011
2025
2013
1942
2071
1983
1987
1957
2008
2005
2027
2099
1995
1976
2019
2018
2035
2041
1931
2040
1963
2032
2007
1927
1929
2057
1944
2004
1927
1933
1959
1976
1975
2036
1981
1947
1977
1967
1937
1917
1993
1939
1981
2008
1993
2057
2003
2003
1947
1953
1993
1937
1957
1984
1971
1879
2009
2023
1939
2008
1973
1987
1915
1990
1933
1976
1977
1956
2014
1989
1937
1959
2003
2039
1960
1984
2000
1998
1995
2011
1966
2019
2053
2001
2069
1975
2063
1988
2072
1963
2003
2007
1987
1976
2055
2063
2007
1998
1997
2030
1896
1999
2007
2006
2009
2030
2019
1965
2001
1964
2016
1980
1911
2063
1957
1967
2013
1933
1939
1952
1984
2053
1952
1964
1966
1992
1938
2040
1983
2021
1977
1961
2035
1991
1999
1997
2027
2025
1991
1990
1998
2067
1935
1946
2016
2011
1930
2044
1971
1932
1991
1991
1973
1999
2056
1913
2071
1999
2012
1917
1943
2003
2003
1941
2037
1981
1991
1999
1963
1984
2016
1953
2003
1984
2014
1989
1968
1989
2023
1925
2016
1963
1945
1953
1991
2012
1893
2009
2022
1983
1948
2031
2011
1944
1963
2064
1990
2021
1957
2057
1937
2068
1971
1944
1989
1979
1977
2058
2035
1971
1949
1965
2017
1929
1901
1963
2066
1967
2009
1982
2005
2037
1924
1975
1965
2003
2000
1965
1973
1933
2017
1992
1965
1949
1984
2016
1963
2077
1949
1935
2003
1997
1993
1991
2041
1971
2007
2008
1961
2031
2094
2013
1980
1949
2037
2045
1989
2040
1962
1936
2063
1995
2063
1993
1959
2000
2002
2064
2024
2035
1949
1989
1976
1977
1955
2026
2032
2031
2006
2077
1973
2043
2075
1937
1990
2022
1947
1987
1931
2008
1941
1960
1963
1989
1980
2001
2005
1991
1989
1975
2013
1993
2063
1979
1965
1995
1991
2041
2009
2021
1928
1990
1895
2009
1941
1912
1918
2026
2025
1995
1949
1971
2083
1992
2000
1955
1963
1933
1997
1944
1964
1981
1976
2001
1911
2008
1941
2077
2056
2030
1907
1943
2024
1952
1883
2012
1965
1996
1999
1939
2029
1927
1944
1967
2021
1979
1960
2033
1979
2052
1964
1996
2023
1952
1984
2007
1947
1994
1919
2017
2027
1910
1965
2009
2012
1979
2053
2013
1971
1996
1969
1993
1931
1979
2008
2028
1931
1945
1987
2014
1917
2032
1995
2032
2025
2044
1955
2002
2007
2023
2007
2031
2001
2032
1973
1981
2055
2059
2008
1997
2081
2024
2063
2003
1891
1931
2011
2020
2044
2004
1941
1965
1977
2028
1971
1974
2011
1971
1975
2019
1963
2047
1917
1933
2062
1997
1991
1997
1999
1989
1995
1934
2017
2025
1996
2045
1991
2041
2007
1937
1999
2021
2063
1963
2011
1978
2058
1903
2075
2025
2022
2023
2027
2029
2008
1949
1913
1995
1943
1929
2031
2037
2057
1957
2016
1961
1907
2063
2023
1971
1911
1957
1994
1989
1933
1971
2008
2019
1971
1967
2003
1999
1949
1957
1917
1952
2040
1939
1925
1957
1947
2027
2000
1981
1991
1917
2025
1953
1995
2069
1973
1997
1976
1917
2013
2035
1991
2025
1957
1957
2012
1994
1963
1999
1967
2002
1971
2007
1925
1975
1913
1998
1945
1965
1939
1948
2074
2079
1943
1979
1961
2000
1971
2006
2006
1929
1977
2025
2013
2006
1973
1917
1992
1971
2071
1947
2018
2043
2005
2030
1919
2011
1991
1979
2012
2027
2023
2000
2027
1995
1976
2017
1968
1984
2044
1965
2003
2015
1995
2041
1993
1972
1992
1959
1963
1917
1955
1989
2013
1995
2035
1933
2021
2053
2012
1971
1926
1949
2043
1964
1959
1989
2116
1931
2099
2040
2011
2030
1995
1938
1931
1972
1950
1953
1993
2013
2001
1977
1897
2004
1989
1915
1949
2063
1943
1961
2021
1979
2014
1944
2053
2000
1949
1913
2032
1989
1987
2006
2043
2003
1978
1982
2011
1897
1911
2066
2055
2024
2010
1949
1951
2019
1997
1981
1915
2032
2001
1943
1971
2024
2040
1984
1944
1947
1992
1976
2025
1971
1993
1979
1964
1896
1967
1971
1980
1895
1957
2011
2063
1911
1919
1941
1907
2012
1933
1963
1954
2063
1973
1979
1981
2007
2029
2011
2043
1947
2022
1965
1883
2082
2027
2008
1901
1933
2009
1895
1965
1913
1958
2029
1943
2041
1905
2037
1961
1959
2023
2052
1981
1984
1969
1883
1963
2029
1939
2043
1963
2003
1997
2003
2057
1957
1951
1977
2032
1915
2058
2039
2035
1982
2037
1975
1987
1949
2023
1993
1967
1914
2026
2011
2011
1993
1967
1966
2007
2006
1952
1955
2018
2020
1951
2017
1974
1996
2036
2011
2000
1981
1925
1980
1939
2067
2052
2023
2037
2055
1987
1992
1992
2005
1961
1993
1951
2042
2010
1980
1960
2026
1915
1963
1995
2063
1977
2003
2003
1967
1901
1949
2065
1967
2039
2023
2035
1990
1964
2005
2017
2024
2057
2023
1965
2001
1939
2026
1977
2029
1962
2002
1971
1950
2029
1955
1997
2021
1988
1997
2041
1997
2003
1911
2086
2003
1974
1999
1993
1952
2063
2017
1939
1937
1968
2005
1937
1967
1971
1995
1899
2003
2063
2000
1961
2067
1952
1993
2052
1993
1912
2005
2000
2011
1966
2057
1992
2018
2033
1916
1976
2039
1977
1989
2023
1928
2025
2003
2029
1943
2066
1984
2029
1939
2008
2017
1995
1979
2038
1992
2069
2017
1950
2028
1918
2027
1950
1975
1897
1929
2027
1984
1976
1975
1993
2065
1927
1976
2009
1954
2039
1955
1941
1960
2039
1957
1954
1977
1926
2040
1989
2059
1895
2036
1901
2000
2016
2002
2007
1927
2044
2073
2029
2030
2008
1996
2002
2057
1962
1969
2055
1947
1981
2042
1951
1971
2027
2020
1929
2003
1959
2081
1928
1961
2002
1968
2058
2013
1931
1937
1975
2039
1956
1959
2071
2015
2080
2032
1965
1975
2016
1973
1967
2019
1991
2026
1901
1982
2017
1956
2024
2003
2044
2025
1991
1943
1974
1973
1952
1955
2005
1949
2002
1979
2021
1951
2017
2023
1995
2024
2021
2040
1928
2019
1965
2001
1918
1994
2003
1933
2009
1947
1981
1960
1996
1932
1896
2003
1998
2003
1955
2021
1941
2008
2011
1976
2028
2011
2031
1956
2004
1980
1909
1977
2043
1967
1911
2068
1993
1949
2071
2025
1997
2036
1943
2039
2023
2024
1947
1916
1939
1971
2014
2011
1975
1891
1955
2051
2016
1960
1976
1953
2035
1919
1995
1952
1965
1968
1917
1941
2006
1979
1961
1949
2037
1975
2057
2017
1993
1897
2015
2033
1995
2032
1943
1947
1984
1996
1961
1987
2024
1976
2117
2009
2007
2041
1953
2043
1955
2001
1971
1927
2033
1891
2017
1957
1937
2069
2017
1895
1993
1984
1933
2037
1941
2007
2023
1947
1947
2074
2019
1939
1935
2011
1891
2007
1963
1945
1912
2068
2009
1973
1896
1947
1967
2029
2019
1981
1973
2043
1947
1945
2017
1992
2029
2076
1991
1969
1993
1967
1973
2009
1981
1947
1994
2015
2032
1983
1917
1977
2035
2069
1933
1983
1968
1963
1925
1959
2033
1947
1945
1993
1972
1953
1941
1992
2055
2058
1982
1881
1932
1971
1994
2031
1966
2007
2058
2029
2040
1961
2055
2017
1989
1999
1961
2003
1979
2038
1903
2030
1912
1997
2009
1958
2005
1965
2022
1957
1955
2017
2038
2001
1948
1981
1947
2037
1979
2020
1959
2025
1941
1992
2055
2027
1916
2031
1973
1941
1956
1997
2044
1967
2009
2017
1937
2003
1955
1965
1948
1945
2053
2015
1935
1987
1932
2051
1939
1981
2040
1945
1992
1943
1971
1963
1953
2030
2031
1971
2003
1981
2039
1947
1945
1939
1977
2031
1976
2029
1974
1941
2011
2031
2075
1931
2047
1975
1935
2011
1941
2035
2003
2059
1989
2001
1993
1929
2058
1913
2035
1983
1973
1959
1950
1940
1931
1971
2012
1991
2024
1971
1990
2059
2070
1959
1996
1995
2022
1981
1949
1992
1967
2056
2029
2040
1980
1967
1933
1941
1931
1912
1991
1958
1951
1891
1912
2091
2080
1937
2019
1980
2007
1955
1957
2040
2017
2016
1995
1973
2005
1997
1935
1975
1987
1983
2038
1975
1940
2008
2065
2023
2013
1972
2011
1948
2011
1941
2011
2000
1992
1965
1991
1997
2040
1974
1979
1991
2028
1961
2016
1939
1995
1993
2063
1949
2081
1913
2053
2009
1981
2036
1981
2048
2073
1948
1949
1975
1987
2003
2016
1994
1997
1943
1975
2037
1997
1968
1957
2024
1983
2007
1909
1991
2025
1981
2019
1971
1952
1987
1905
2021
1975
2023
2025
1981
1897
2007
2029
1975
1973
2035
1913
2017
1987
2027
2012
1976
1969
2053
1965
2023
1949
1957
1909
1997
2002
1944
1996
2034
1997
1963
1992
1927
2007
1947
1939
2012
2001
2060
2007
1949
2038
2040
2021
1991
2029
1951
1991
2025
1987
2000
1989
2039
1968
1991
2029
1982
1937
1979
1979
1948
1996
1940
1984
1989
1975
1990
2024
2026
1903
2039
1993
1961
1965
1901
1973
2015
2036
2003
2031
2015
2023
1984
2031
1993
1953
1916
1982
2015
1941
2003
2020
2003
1968
2009
2006
2063
1979
1952
1957
2057
1893
2019
2043
1975
1980
2043
1993
1993
1996
2040
2044
1989
1941
2055
1976
1933
2021
1992
1997
1941
1981
2084
1981
2031
1929
2044
2011
1945
2011
1964
2063
2011
1963
2001
2010
1991
2007
2038
1923
2003
2045
1947
2037
1960
2016
2025
2022
1983
1934
1929
2021
2000
1991
2017
2009
1979
2052
2012
1978
2028
1931
1963
2025
1968
1971
2022
2035
1971
1982
1971
2009
2015
2039
2020
1945
2025
2036
1989
1947
2013
1983
1913
1995
2014
2074
1979
1941
1967
2026
2024
2031
1967
2043
1976
2028
1943
2048
1982
2061
1995
1939
2034
2003
2002
2007
1941
2029
2029
2016
1960
2021
2035
2019
1953
1947
2012
1976
1965
1947
2017
1996
2028
1977
2037
1952
2032
2012
1973
1965
1950
2003
2037
2031
2011
1965
2029
1963
2027
1948
1992
2013
1939
2087
1981
1991
2064
2059
2015
1971
1999
1937
1971
2019
2005
1938
1971
1987
1963
2015
2063
1963
1963
1994
2029
1964
1962
1961
1950
2013
2012
1975
1968
2032
1941
1975
2024
1924
1997
1967
1951
2011
2000
1971
1963
1984
1903
1973
1983
2005
2009
2041
2000
2035
1917
1977
1991
1903
2041
2004
1975
2008
1930
2044
1958
1987
1972
1984
1959
1971
2004
1944
2000
1937
1947
1972
1993
2025
1968
1947
1960
1963
2024
2018
1989
2012
1991
1965
1965
2017
1977
2007
1965
2061
2007
1973
2023
1939
2011
2011
2030
1952
1971
1981
1993
1939
2087
1993
2009
1979
1997
2012
1983
1893
2032
2040
1983
2011
2072
1939
2044
2023
2007
1992
1961
2053
1947
1982
2004
1977
2039
1928
2007
1973
1931
2016
2032
2017
1899
2037
2073
1991
1973
2022
1968
1984
1983
2009
2056
1944
2028
2003
2019
1939
1965
1947
2008
1969
1981
1899
1937
1979
1970
2015
1933
2003
2002
2027
1963
1967
2027
1958
1975
1949
2068
1955
1974
2028
2023
2004
2013
1935
1965
2042
2055
1983
1993
2009
2065
1941
1987
2056
2016
1958
1944
2007
1977
1899
1990
1941
2025
2016
1984
1929
1945
2043
1947
2015
2031
2005
2025
2011
1952
1967
2021
1975
1975
1964
1939
1967
1949
2005
1942
1961
1964
2003
1987
1987
1981
1959
1975
1927
1984
2016
1961
1999
2007
2016
1927
2013
2011
2011
2016
2091
2009
1947
2040
1911
1968
1937
1967
2071
1905
1963
2007
1967
2027
2019
1902
2024
1992
1899
1976
1925
1986
1927
2023
1909
1972
1980
2040
2023
1979
1899
2027
1984
1995
2011
2019
2020
1957
2037
2031
1931
2009
1983
1945
2003
2023
2038
1995
1976
1961
1995
1955
2009
2001
1913
1969
2025
1995
1993
2051
1980
1979
1955
1911
2043
1999
1980
1961
1925
1971
1948
1977
1973
1978
1941
2075
1967
2055
1945
1991
2020
1897
2005
1949
1958
2038
2024
2037
2010
2024
2037
1913
1963
1946
2052
2003
2044
1937
2029
1999
1916
2040
1966
1991
2093
2053
1967
1977
2012
1911
1919
1955
1891
1989
2025
1917
1975
1917
1970
2004
1977
1989
1938
2034
2015
1939
1982
2036
1963
1943
1917
2021
2046
1975
1932
1984
1928
2065
1975
1933
2016
2025
1967
1965
1992
2035
1993
1965
2013
2009
1913
1937
2081
1957
1980
2004
1984
2017
2021
1957
1996
2001
1975
2013
1949
2029
1949
1995
2011
1939
1973
1925
2015
2044
2011
1943
1976
1927
1969
1893
2008
1915
2014
1996
1983
1994
1974
1906
2013
2016
2063
2008
1995
2009
1947
1975
1963
1993
1932
1963
1977
1959
2040
2011
2022
1900
2041
2024
1971
1965
1879
1972
1979
2045
2077
2036
1959
1946
2071
1957
1942
1981
2011
1873
1979
2071
2021
1965
1969
1937
2024
1977
2017
1939
2005
2055
1983
1903
2029
1923
2028
2023
1976
1984
2063
1997
2013
2057
1931
1957
1891
1981
1969
1995
1923
1919
1989
1927
2010
2033
2048
1939
2017
1971
1949
2008
1950
1983
2016
2011
2043
1993
2009
2031
2008
2027
1993
2021
2019
1959
1885
1939
2023
2037
2085
2017
1987
1915
1977
1933
1946
1991
1976
1959
2044
1996
2005
2013
1993
1999
1995
1931
2022
2005
1961
1933
2019
1941
1909
1909
1995
1909
1945
1993
2019
1971
2063
1944
2016
1949
1996
2017
1998
1961
1968
2040
2003
1903
2013
2010
1971
1947
1950
1925
1979
2024
2031
1976
2045
2027
2018
2048
2031
2003
1963
2013
2040
1915
1976
1973
2103
1995
2009
1940
2036
1951
1948
1940
1980
2025
2003
1960
2080
1947
1971
2029
2003
1907
1963
1924
2011
2000
2023
1993
2018
2026
1991
2073
2023
1984
1939
1879
2005
2032
1983
1997
2008
2020
1907
2039
2018
1975
1944
2038
1951
2041
2011
2007
1947
1995
2052
2012
2054
1949
2053
2059
2043
2088
2023
1995
2055
2003
2019
1943
1954
2027
1955
2063
2053
1997
1933
1964
1967
2013
2017
1996
1998
1991
2029
2025
1965
2009
1947
1992
2012
2010
1935
1952
1976
1900
1933
1933
2080
2007
1965
2017
1981
1971
1965
2066
1949
2009
2022
1912
1995
2001
2000
1979
1939
1933
2023
1957
1954
1973
1961
1913
2018
2069
2015
1915
1989
1955
1995
2017
2003
2037
1927
2000
2029
1939
1911
1993
2013
1944
2011
2008
1962
2051
1977
1951
1995
2031
2027
1940
2005
1999
2026
1999
1991
2012
1957
2005
2023
1990
1999
1959
1946
1987
2057
2027
2013
1995
1943
2066
2019
1945
1971
2028
2031
1944
2005
2009
1987
2055
1949
2003
1957
2035
1898
2048
1901
1998
1967
1931
1971
2059
2053
1959
1900
2022
2002
1915
1976
1925
1963
2009
1976
1978
1995
1987
2026
1945
1991
2009
1971
2032
2027
1941
1963
1961
2017
2027
1991
1934
1981
1963
2039
2005
2002
1958
1956
1916
1909
2008
2003
1973
2051
2027
1954
1961
2040
2009
2031
2032
2011
2026
1999
1949
2061
2001
1965
1905
1984
1965
2031
1952
2072
2023
1999
1968
2029
1952
2040
2019
1963
1977
2005
1984
2025
1971
2029
1979
2027
1958
1987
2015
1973
1984
1913
1944
2030
1945
2020
1981
1915
1931
1962
2003
1981
2009
1965
2011
2007
1939
1927
1995
1993
1963
1996
1984
1943
2007
1975
2001
2005
1917
2008
1992
2065
2025
2003
1971
2010
1991
2009
1989
2001
1990
2019
1977
2027
1945
2085
1977
1995
1916
1981
2019
1979
2031
1985
1960
1951
2030
2015
2091
1979
2010
2033
2028
2040
1947
2076
2012
1957
1951
2005
1931
1951
1980
2024
2040
1957
1992
1965
2004
1865
2008
2032
2045
1989
1893
2029
1949
1992
1960
2008
1945
1939
1993
2008
1945
2087
1957
2044
2024
1947
2008
2091
2026
1981
1909
1971
1968
1943
2039
1987
1996
1931
1866
2025
1946
1909
1988
2001
2044
1995
1961
2031
2038
1891
2017
2027
2063
2023
1955
1931
2024
2003
1976
1971
2043
1958
2013
1966
2014
1955
2016
2011
2056
1891
1933
1947
2039
2003
1915
1913
1957
2071
2003
1976
1977
1988
1931
1960
1967
1949
1999
1990
2071
1951
1899
2001
1960
1987
2040
2077
1989
1990
1983
1948
1979
2012
2004
2004
1964
2001
2035
2028
2021
2043
1969
1989
2013
1960
1959
2021
1963
1935
1948
2009
2031
1971
1979
1974
1997
2015
2029
1941
1907
2027
1939
1945
1989
1959
1976
1976
2075
1917
2001
1949
2035
2024
2025
2003
1973
2002
2056
1943
1960
1984
1943
1993
2041
2088
1929
2014
1991
2076
1907
2001
1991
1993
1910
2063
2037
1929
2005
1975
1957
2024
2035
2001
1947
1992
2029
1931
1975
1979
1933
2003
1977
2021
1970
1981
2039
1863
1957
1885
1996
1927
1973
2024
1934
1967
2007
1975
1955
2040
1907
1945
1995
1965
2010
2029
1977
2004
2000
2038
1991
2055
1961
2044
1931
1961
1995
2063
1937
1931
1971
2018
1992
2011
1939
2037
2021
1957
2024
2012
2071
2037
1939
2013
2019
1944
2008
1982
1977
1998
1953
1981
2020
1932
1905
1919
1927
2024
1953
1938
2005
2048
1913
1877
2004
1895
1943
1983
1995
2063
1952
2101
1980
1932
1993
1917
2025
2015
1981
1923
1994
1952
2032
2035
1955
1910
2029
2007
1955
1979
1977
2001
1997
2057
2067
2031
1979
1957
1958
1973
2003
1943
1955
1961
1995
2006
1937
1889
2020
1951
1981
2018
2001
1994
1893
1949
1911
1981
2044
2024
1947
1987
2008
1953
1963
1979
1991
1984
1955
1977
2080
2091
1931
1988
2021
1953
2011
2014
1943
1963
1996
1973
1927
2080
2000
1989
1964
1975
1905
1939
1991
2015
2053
1937
2043
2068
1933
1900
2040
2019
1947
2008
1954
2015
2025
2074
2000
1965
2013
2009
2023
1937
2024
1941
2011
1983
1951
1875
1947
1952
1944
1947
2040
1958
2028
2039
2005
1947
2031
2072
2035
2032
2029
1987
1944
1987
1965
2037
2007
1999
1913
2038
2015
2059
2008
1985
2009
1969
1955
2022
1960
2038
2027
2035
1957
2025
1991
2028
2018
1991
1971
2093
1965
1976
1971
1949
1901
1957
2072
2022
2076
1944
2043
2000
1989
2040
1971
2026
1969
2015
1947
2028
2017
2011
1973
1967
2035
1959
1880
1975
2021
1952
1911
1975
1952
1976
1941
1911
1993
2017
1961
2013
2037
1955
1938
1937
1995
1977
1941
1976
1978
1941
1967
2017
1960
1984
1970
2007
1995
2043
1977
1983
2020
1993
2011
1897
2019
2012
1976
1943
1968
2039
2038
1903
2003
2008
2024
2017
1917
2007
1939
1967
2011
1927
2032
1911
1948
1991
1943
2017
1925
1987
1951
2037
2013
1975
1927
1995
1963
2012
1925
1974
1961
2013
1983
2035
1975
1983
1968
2007
1977
2019
2035
1961
1945
1993
2058
2029
2021
2023
1975
2014
1960
2020
1965
2009
1919
1947
2020
1999
2023
1984
1975
1991
2063
1963
1931
2069
2024
1989
1959
2043
1977
1977
2043
2017
2007
2025
1965