1967
1949
1925
1927
1988
1971
1925
1939
2013
1963
1979
2019
2051
2029
1939
2007
1998
1967
2015
1976
1917
2042
1962
2024
1971
1976
2043
1923
1961
2079
1980
1907
1957
1983
2023
1981
1900
2005
1947
2013
2037
1992
2009
1960
1994
1929
1975
1928
1951
1891
1995
1989
1959
1947
1968
1949
1937
1919
1977
1989
2058
2007
1980
1976
1917
1945
1931
1962
1983
2003
2007
1917
1981
1947
1961
1928
1944
1913
1955
1945
1901
1961
1981
2016
1948
1925
1957
1944
1897
1991
1909
1927
1983
2025
1889
1885
1991
1974
1956
2021
1963
2004
1959
1965
1917
1975
1945
1927
2024
1939
2024
2041
1968
1967
1946
1909
2030
1965
2024
2023
2005
1925
1997
1933
1964
1906
1991
2057
1952
2008
1927
1889
1885
1975
2008
1955
2007
2028
2009
1971
1945
2019
2007
1980
2032
1978
2011
1995
1965
1997
2005
1978
1976
2015
2031
2015
1944
2037
2007
1916
1953
1945
1929
1931
1895
2040
2029
1940
2024
1905
1925
1991
1979
1935
1949
1927
2000
2016
1967
2057
2007
1902
1885
1960
1958
1955
1907
2022
1957
1962
1915
1961
1913
2011
2000
2009
1927
1923
2012
2008
2035
2023
1915
1881
2071
2040
2034
1979
1927
1931
1958
2027
1917
1995
2001
1899
2016
2013
2055
1982
2011
1989
2024
2037
2023
2012
1968
1953
1955
1937
1971
1903
2011
1945
1984
1907
1931
1939
1929
1937
1949
1883
2003
2008
1911
1951
1897
1981
1935
2000
1995
1945
2003
1996
1943
2001
1920
1979
1945
1949
2021
1944
2009
1997
1896
2048
2009
2000
2012
1928
1875
1947
1947
1981
1973
2014
2033
1905
1897
1959
1919
1957
1942
2023
1984
1989
1951
2003
1908
1945
1928
1904
1925
1953
2037
2005
1903
1867
1904
1957
2000
1989
2036
2021
1943
1948
2041
1987
1853
1949
1960
1983
2004
1931
1920
1994
1947
1979
1951
1971
1961
1983
1915
1911
1970
2029
1927
2003
2065
2028
1941
2019
1912
2017
1920
2023
2008
1945
1997
1945
2011
1971
2001
1911
1949
1975
1991
1911
2012
2040
1958
1945
2023
1928
2011
2044
1889
1917
2011
1952
2007
1955
2068
2043
1968
1969
1934
1949
1942
1855
1995
1977
1941
2023
1963
1979
1917
1955
1931
1947
1937
1925
1951
2001
1979
1984
1963
1960
1956
1939
2013
1952
2071
1994
2002
2001
2007
1959
1963
1943
1882
1998
2063
1983
1976
1956
1926
1929
1969
1838
1897
2052
1947
1976
1951
1978
1988
2003
1907
2088
1955
1980
1974
2013
1996
2024
2069
1973
1955
2006
1925
1950
1929
1881
1913
2023
1947
1943
2021
1984
1917
1995
2008
1946
1995
1991
1951
1905
1875
1915
1964
2019
1960
1915
1992
2002
1944
1899
1901
1973
1984
2077
1995
1992
1955
1946
2002
1899
1995
1981
2003
2000
1941
1927
1915
1883
1913
1869
1964
2004
1903
1977
2087
1938
1948
2001
2019
1983
2029
1975
1929
1956
1991
1977
2068
1893
1931
1993
1968
1972
1944
1996
1992
1984
2007
1965
1937
2005
1961
1917
1927
2015
1981
1955
2021
1979
1968
2055
1946
2032
1979
1979
1891
1989
1955
1996
2037
1895
2024
1995
1954
2028
2017
1953
2036
1956
1943
2039
1961
2009
1989
1977
1995
2026
1952
1901
1895
1973
2025
2013
1992
2063
2007
1951
1965
2072
1963
1890
1879
1961
1936
1959
1923
1999
1951
1963
1975
1937
1980
1996
1991
1951
1947
1973
1920
1927
1907
1967
2016
2009
2023
2006
1951
1940
1983
2011
1997
1928
1967
1983
1929
2003
1948
1976
1913
1935
1963
1981
1996
1926
1917
1991
2024
1913
1939
1943
1960
1897
1895
1853
1932
1992
1974
1951
2016
1964
1933
2013
1935
1925
2032
2000
1963
1912
1904
1959
1935
1939
2003
1913
1907
1981
1920
1901
1917
1894
2001
1972
1961
1969
2020
1964
2011
1891
2021
1925
2002
1917
1979
1952
1883
1989
2041
1957
2001
1973
1943
1946
1963
2021
1933
1980
2030
1913
1947
1913
1971
1956
2021
1997
1935
1912
1967
2005
1988
1963
1972
1979
1975
1995
1969
1960
2010
1895
2032
1997
1933
2023
2005
1993
1989
1975
1947
1971
1984
1955
1953
2008
1960
1887
2003
1925
1929
2029
2023
1978
1998
1950
1881
1971
1980
1919
1973
2035
2026
2009
2012
1940
1967
1983
2019
1943
2008
1960
1952
1918
1959
1952
1992
2016
1910
1893
2011
1953
2009
1980
1891
2008
2043
1951
1989
1975
1995
1958
1935
1983
1956
1960
1915
1902
1982
1996
1923
2007
1927
1954
2055
1931
1941
1913
1960
1905
1963
2009
1963
1945
1992
1937
1971
1937
1932
1927
1957
1994
1927
2010
2012
1929
1914
2035
1927
1945
1968
1978
1995
1988
1963
1919
2063
1952
1959
2043
1943
1946
1976
1861
1995
1907
1968
1947
1927
2007
1947
2005
1881
1967
1955
1945
1973
1963
1979
1991
1989
1997
2001
1988
1907
1965
1997
1916
1960
1980
2020
1937
1991
1949
1845
1893
2040
1903
1957
2035
1991
2013
1951
1960
1947
1913
1997
1941
1982
1978
2000
1965
1945
1863
2031
1944
1947
1881
1915
1919
1960
1996
1992
1980
2017
1981
2003
1975
1913
1989
2003
2013
1977
2075
2037
2037
1980
1944
1948
1961
2071
2016
1992
2009
1944
1964
1947
2024
1965
1861
1995
1978
1887
1973
1964
1919
1895
1975
1959
1996
1946
1927
2023
1966
1999
1936
1913
1959
1956
1973
1951
2017
2009
1951
1971
1941
2006
1931
1981
2038
1992
1981
1939
1909
1915
2007
2039
1925
1911
1947
2027
1954
1951
1995
2009
1984
1977
1947
2009
1980
1971
1941
1893
1932
2044
1905
1935
1905
1971
1968
1968
1929
1927
1971
1994
1947
1975
1981
1961
1963
1920
1891
1951
1988
1960
2027
1945
2005
1976
1880
1979
1895
1901
1936
1979
1950
1963
1957
1969
2032
1944
1948
1964
1992
2045
1955
1960
1977
2000
1891
1919
1943
1853
1951
1953
2004
2003
2025
2000
1979
1881
1913
1963
1993
1959
2027
2043
1977
1976
1935
1929
1991
2010
1960
1913
1996
1959
1949
1993
1893
1913
1947
1955
1899
1883
1943
1941
2020
1975
2014
1972
2005
1947
2043
1947
2005
1942
1971
1931
2009
1963
1945
1917
1972
1893
1911
2010
1866
1848
1981
1908
1941
1980
1993
2075
2011
1992
2007
1995
1952
2053
1967
1925
1943
1994
1939
1945
1892
2001
1974
2032
1915
2004
1971
1861
1929
1911
1908
1851
1939
1977
1949
1983
1937
1978
1893
1887
1960
1989
1929
1961
1905
2011
1912
1931
1983
1913
1937
1998
1929
1996
1960
1951
1899
2015
1917
1949
2025
1949
1895
2008
2119
1941
2029
1957
2036
1913
2012
1959
1943
1927
2007
1975
1958
1904
2000
1955
1945
2017
1975
1975
1885
1991
1967
2028
1983
1909
1900
1978
1937
1891
1990
1912
1980
2031
1977
1959
1917
1897
1943
1974
1925
2017
1926
1967
1961
1929
1976
1971
1995
1955
1961
1963
1925
2013
1997
1953
1992
2053
1914
1975
1915
1961
2031
1950
1917
1975
2022
1929
1973
2005
1979
2056
1992
1998
1967
1941
1952
1932
2015
1899
1975
1952
1957
1939
1959
1947
1951
1977
1976
1896
1983
1888
1952
1931
1907
1919
1951
1943
1969
1963
1915
1885
1891
1896
1961
1969
1975
1977
1972
2029
2009
2022
1971
1917
1943
1939
1969
1991
1895
2092
1899
1977
1961
2009
2001
1970
1965
2053
2001
1977
2013
1898
1900
2040
1977
2022
1987
1984
1927
2002
1913
1933
2037
1991
1983
1945
1933
1943
1959
1968
2001
1943
1918
1952
1893
1939
1933
2031
1934
2001
2009
1933
2009
2005
2063
1961
2033
1947
1995
1955
1952
1952
2029
1940
1929
2042
1929
1929
1963
1977
1928
1939
1933
1874
1893
1944
1957
2009
1893
1973
1933
1960
1995
2004
2039
1927
1901
1917
1962
2027
1947
1998
2028
1944
2019
2015
1990
2057
1939
2055
1917
2007
1987
1960
1963
1945
1965
1896
1877
1959
2005
1966
1978
1990
1916
1979
1996
2021
2023
1975
1949
1963
1992
1969
1973
2022
1961
1989
2023
2004
1959
1953
2009
1967
1982
1909
1963
1998
1939
1947
1975
1987
1965
1966
1976
2008
1941
2036
1942
2001
1992
2085
2058
1960
1909
2037
1945
1885
1837
1957
1929
2009
1963
2059
1977
2017
2011
1925
1972
2073
1998
2047
1996
2039
1939
1944
1867
2008
1927
1960
2004
1973
2015
2087
2017
2028
2001
1993
1955
1997
2005
1881
2011
1933
1984
1915
2018
1977
2005
2003
2009
1983
1943
1881
1959
1952
2026
1877
2013
1972
1931
1950
1944
1975
1948
1975
1952
2023
2005
2031
1963
1939
2063
2025
1996
1931
2092
1871
1967
2013
1945
1979
2048
1975
1995
1935
1975
1909
1983
2073
2044
1997
1947
1915
2011
2007
1975
1964
1981
1867
1889
1989
1963
1983
2008
1975
1960
1902
1940
1920
1997
1997
1956
2011
2027
1896
1968
1915
1971
1961
2015
1983
1967
1931
1991
1971
2018
2001
1965
2018
1960
2019
1965
2053
1942
1975
1997
1943
1965
1975
1995
2002
2051
2039
1949
1968
2045
2004
1963
1978
2054
1977
1919
2012
2012
2063
1899
1932
1933
1998
2051
1949
1966
1977
1933
1960
1920
1989
2024
1996
1947
1971
1963
1989
1897
1937
1995
1998
1995
1912
2017
1971
1897
1990
1961
1989
2013
1966
1901
1958
1955
1931
2005
2011
1963
1957
1972
2011
2016
2032
1948
2032
1979
1959
1961
1950
1927
2011
2013
2023
2001
2010
1934
1979
1996
1989
2089
1988
2003
1995
1897
1992
1961
2021
2059
1995
1981
1998
1948
1997
1988
2036
1979
1965
1960
1918
1959
2005
2068
1987
2029
1968
1991
1979
1934
1936
1931
2007
1937
2004
1965
1994
2089
1924
1998
1963
1909
2027
1924
1943
2086
2019
1869
1919
2000
2008
2018
1893
1961
1948
2007
1992
1963
1984
1984
2001
2000
1881
1907
1954
1907
1977
2000
1955
2029
1973
2000
1991
1919
2031
1960
1923
1868
1941
2026
1915
1941
1988
1915
1984
1995
2031
1946
2056
1895
2048
2019
1991
2032
1909
1941
1891
2007
1947
2057
1989
2012
2024
1945
1947
1968
1968
1977
1962
1961
1999
2009
2046
2004
1913
1979
1956
1937
1941
2067
1928
1937
1895
2001
1943
1895
2009
1901
1961
1913
2059
2035
2031
2009
1853
1917
1931
1956
1982
1983
2009
1949
1955
1995
1972
1981
2029
1961
1990
1967
1955
1967
1959
2017
1935
1987
2011
2009
1918
2003
1879
1988
1880
2019
1999
1909
1908
1901
1903
2029
1905
1937
2003
1917
2012
2000
1949
1945
2012
1943
1897
2006
1953
1979
1976
2019
1909
2053
1959
2053
1897
1966
1971
1967
2004
1963
1947
1931
1972
1853
1952
1979
1971
1952
1961
1951
1925
2005
1944
1956
1991
1955
1997
1949
2019
1936
2019
1933
2005
1968
1877
1939
1949
1896
1979
1979
1949
1896
1893
1998
2002
1931
1977
1939
1947
2003
1954
1971
1944
1958
2013
1987
1953
1977
1973
1909
1974
1923
2012
2031
2023
1955
1973
1915
1976
1977
2003
1987
1931
1939
1963
1951
1993
2001
2024
2017
1877
2017
1970
1947
2024
1951
1975
1944
1891
1950
1951
1981
1901
1930
2080
1925
1973
1940
1949
1959
1871
1971
1909
1947
1973
1966
2011
1964
1927
1960
1931
1929
2009
1919
2015
1883
1948
2013
1959
1995
2056
1959
1913
1919
1952
1941
1933
2029
1930
2000
1993
1973
2000
1989
1970
2032
2002
1999
2023
1987
1965
1949
1949
1889
1944
1997
1976
1990
1967
2025
2004
1917
1935
2023
1980
1931
1937
1897
1947
1869
1997
2040
1983
2008
1961
1977
2021
1949
1978
1981
1984
1968
1947
1877
2027
1934
1925
1905
1943
1931
1909
1983
2011
2013
1995
2005
2052
1949
1955
1952
1967
1968
2013
1966
2019
1974
1996
1911
1941
1943
1929
2009
1979
1968
1971
1977
1951
1897
1924
1983
1944
1941
1967
1883
1967
2071
1933
1903
2007
1947
1905
2011
1963
1994
1885
2029
1957
1885
2029
1992
2029
1941
1931
1833
1933
1963
1958
1932
1951
1931
2029
2016
2012
2007
2007
1887
2001
1989
1910
2003
1932
1982
1893
1977
1953
1993
1973
1920
1973
1950
1957
1941
2010
2056
2040
1948
1863
1973
1953
2002
1919
1932
1938
2000
1955
1936
1905
1881
1943
1945
1952
1945
1943
2024
1905
1965
2028
1963
1917
1908
1931
1892
1895
2011
1967
1973
1973
2002
1976
1918
1981
1908
1989
1929
1941
1977
1989
1947
1963
2019
2053
1964
2009
1915
1911
1917
2041
1889
1934
1983
1909
2019
1973
2048
1937
2045
1942
1879
1987
1952
1955
1971
1938
1937
1963
1953
1915
1889
1941
1967
1843
1929
1979
1971
2024
2027
1969
1964
1952
1963
1925
1957
2002
1893
1997
1991
2009
2029
1963
1925
2011
1957
1963
2047
2027
1935
2005
1971
2028
1968
1895
2019
1973
1885
1979
1955
1992
2037
1941
2037
1968
1951
1928
1952
1989
1863
1947
1953
2033
1928
1933
2027
1873
2023
1938
2004
1881
1937
1931
1938
1911
1993
1976
1925
1981
1976
1960
2001
2017
1935
1931
1891
1973
1938
2056
1931
1918
1974
1933
2115
1964
2031
1940
1971
2028
1939
1963
1997
2039
1993
2028
1885
1959
1947
1955
1913
1954
1960
1983
2043
2017
2013
1972
1968
1963
1929
2030
2012
1938
1847
1952
1915
1979
1989
1959
1979
1968
1991
1993
1925
1984
2012
1960
1909
1925
1968
2000
1960
1933
1941
2005
1979
2017
1968
1955
1958
1889
1945
1875
2025
1976
1981
1952
1920
1898
1968
1979
1923
1949
1941
1915
1960
1960
2025
1945
1959
1991
2041
1961
1975
1909
1933
1990
1933
2023
1948
1927
1966
1960
2039
1957
1976
1820
1965
1964
2010
1971
1959
1939
2012
1933
1927
2008
1971
2025
2007
2004
1965
1919
1918
1977
1982
1848
1961
1962
2024
1963
1954
1982
1947
1907
1949
1905
1977
1949
2027
1841
2021
1945
1967
1989
1915
1952
1933
1963
1962
1961
1981
1929
1909
1900
1907
1882
1959
2012
1962
2117
1988
1925
1980
1997
1916
2041
1981
1931
1941
1941
1915
1995
1945
1988
2035
2032
1915
1838
1965
1952
1966
1965
2068
2033
1945
1989
1992
1968
1943
1899
2005
1953
2006
1937
1984
1987
1938
1899
1977
2005
2004
1927
2024
1993
1955
1983
2015
2043
1993
1917
1997
2026
1956
1929
2018
1971
1917
2064
2000
2009
1958
2034
1943
1919
1937
1948
1935
1995
1948
1965
1988
1948
1957
2008
1983
2067
1967
1964
1979
1943
1980
1969
1991
1996
1973
1948
1915
1934
2026
2041
1939
2007
1941
1953
1968
1983
2008
1945
1928
1988
2007
1939
1977
1976
1911
1987
1944
2016
1979
1989
2004
1979
2025
1937
2035
2089
2008
2011
1991
1919
1979
2028
1931
1992
2011
1960
1995
2020
1991
1947
1979
2002
2001
1993
1984
1995
2011
1963
2060
2032
2053
1961
2080
2005
1963
1943
1883
1981
1903
1955
2000
1941
2037
2001
2045
1939
2074
1960
1989
1941
1970
1992
1975
1972
1920
1979
1961
1947
1913
1955
1948
1975
2063
2051
2007
1931
1897
1963
1931
2027
2001
2040
1912
1953
1988
1965
2008
2041
1982
1979
2005
2007
1975
1937
2029
1971
1941
1949
1959
2028
2004
2044
1907
1947
2003
2003
1945
1973
1939
1944
1979
2031
1969
1966
1979
1901
1945
2040
1907
1915
1947
1963
1935
1984
1947
2024
1990
1955
1960
1983
2087
2063
2021
2027
1975
1955
1989
2000
1901
1976
1977
1969
1989
2037
1944
1941
2029
1967
1920
1993
2057
1919
1958
1932
2039
2035
2003
2011
2008
1895
1980
2031
1933
1971
1983
1936
2033
1984
2025
2044
2034
1969
1927
1936
1905
1897
2001
1974
1991
2016
1947
1933
1974
1956
2024
1952
1950
2040
1924
1983
1957
1947
2008
1968
1959
1946
1939
1990
1953
2034
2016
1960
1988
1933
1949
1975
2027
1987
2022
1995
1941
2007
1919
1955
1923
1969
1904
1981
2032
1917
1909
1965
1947
1899
1968
2039
1963
1917
1948
1995
1916
1944
1945
1995
1991
1984
1987
2042
1899
2004
2071
1995
2019
2012
1989
1965
2020
1889
1993
2016
2052
1949
2007
2011
2004
1941
1941
1987
1960
2032
1929
1981
1969
1937
1993
2006
1997
1952
1947
1964
1895
1980
2031
1928
1925
1891
2005
1979
2018
2007
1994
1905
2001
2003
1968
1952
1973
1913
1860
2065
1971
1893
1931
1935
1991
1951
1998
1949
1943
1929
2024
1879
1945
1977
1925
1996
1979
2077
1991
1971
1961
2013
1932
1979
1927
1971
1980
1945
1971
1995
2021
1969
2002
1894
1911
1925
1971
1939
1976
1983
1920
1990
2067
1961
1977
2087
1915
1980
1959
1979
1953
1888
1976
2021
1899
1959
2016
1950
2031
1960
2038
1893
1895
2023
1994
1981
1947
1895
1997
2003
1959
2012
1935
2007
1933
2006
1992
1973
1945
2008
1980
2027
1916
1996
2013
1975
1996
1875
2015
1987
1981
1941
1943
1989
1973
1893
1982
1951
1933
1949
1964
1957
1861
1881
1909
1911
1913
1928
1971
1945
1939
2082
1981
1957
1979
1964
1947
1937
1939
1994
1930
1943
1907
1973
1970
1956
1895
1894
1971
1991
2039
2041
1883
2070
1945
2030
1963
1997
1918
1911
1977
1869
2025
2007
1931
1933
2069
1965
1915
1949
1901
1992
1966
2002
1945
1913
1943
2059
2063
2029
2023
1909
1947
2039
1994
1912
2009
1952
1898
1851
2045
1899
1913
1952
2013
1975
1979
1933
1960
1944
1933
1867
1917
1881
1959
2001
1980
1948
1980
1947
1939
1943
1955
1978
1897
1971
2072
1944
2032
1935
1971
1971
2040
1914
1995
1945
1897
1951
2000
1995
1976
1975
1960
1895
1957
2023
2005
1997
2019
1978
1979
2010
2008
2027
1998
2076
1901
1831
1949
2005
1997
1981
2003
1975
1945
2007
1979
1993
2084
1891
1964
1961
2009
2029
2003
1939
1903
1943
1909
1955
1955
1931
1941
2011
1937
2044
1943
2013
2005
1943
1949
2012
2008
1929
1963
1877
1959
1935
1992
1999
1910
1997
1947
1901
2020
1967
1930
1931
1995
2025
1934
2021
1913
2005
1891
1889
1949
1929
2025
1991
2001
2027
1903
1975
2000
1948
1972
1937
1978
1933
1944
2013
1950
1976
2037
2023
1983
1964
2033
1939
1980
2069
1973
1975
1917
1941
1946
2019
1939
1952
2008
1987
2029
1944
1961
1933
1989
2045
1948
1912
1976
1996
1917
1869
2011
1925
1909
1968
1913
2011
1980
1975
2031
2001
1961
1957
1899
1960
1931
2024
1975
1943
1992
1896
1912
1977
2027
1925
2005
1955
2066
2016
1944
1943
1983
1950
2024
1953
1951
1931
1895
1945
1876
1999
1919
1951
2009
1939
1943
1949
1979
1900
1995
1913
1967
1956
1968
1895
2012
2032
1940
1924
1952
1955
1950
1915
1977
2009
1944
1909
1979
2031
1928
2109
1947
1951
1843
1958
2016
2055
1968
2055
2009
1945
2078
1951
2005
1957
1917
2028
1937
1943
1947
1947
1889
1918
1972
1961
1968
1988
1997
1965
2015
1913
1992
1939
1951
1913
1937
1918
1947
1960
2034
1913
1997
2011
1939
1955
1991
2004
1992
2019
2039
2023
1936
1954
1966
1956
1952
1964
2005
2008
2011
1976
1993
1991
1965
2019
1947
1971
1971
1968
2000
1913
1987
1993
1982
1941
2028
1965
1935
1965
1930
1983
1968
1955
1995
2001
1987
1971
1977
1877
2089
1944
1981
2063
1984
1979
2017
1990
1987
1943
1945
1975
2040
1879
1981
1977
1911
1999
1976
1895
1896
2020
1989
2012
2038
2066
2011
1915
1928
1927
1987
1971
1973
2000
2011
1945
2007
1960
1925
2011
1979
1917
2005
1963
2022
2001
1873
1975
1963
1963
1980
1925
2047
2044
1949
1944
1964
1949
1984
1977
1975
1925
1948
1915
2051
1889
1912
1909
1992
1896
2003
1977
1965
1931
2055
1967
1911
1959
1959
1971
1917
1853
1933
2024
1973
1925
1939
1895
1987
1984
2013
1930
1989
1915
1895
1976
1835
2023
1995
2031
1881
2012
2001
1945
1981
1946
1971
1925
1911
1965
1932
2026
1938
1947
1948
1951
1833
1947
1987
1879
1922
2037
1895
1997
1943
2038
1887
1954
1971
1993
1931
1961
1951
1962
2007
1983
1914
2031
2004
1943
1915
2048
1955
1897
1895
1989
1947
1891
1861
1945
1915
2105
1959
2008
2028
1927
2065
1976
2003
2007
1990
1969
1915
1991
1992
1957
2029
1979
1911
1989
2006
1916
1989
1945
1903
1973
1943
1981
1965
1969
1968
1897
1977
1971
1952
1913
1927
1995
1925
1977
1983
1911
1944
1897
1963
1958
1916
1955
1979
1991
1914
1974
1935
1975
1941
1938
2017
1984
1941
1981
1920
2041
1979
1976
2016
2009
1973
1977
2016
1944
1897
1956
1979
1955
1975
1947
1979
1984
1915
1997
1988
2008
1931
1879
1967
2015
2015
1945
1997
1941
1971
2009
1959
2077
1847
1953
1917
2044
1976
1981
1988
1943
1975
1991
1947
1964
2020
1939
1977
1935
1943
1995
1948
1933
1941
1943
2026
1898
1957
1971
1896
1896
1975
1925
1957
1967
1927
1978
1933
1951
1935
1927
2004
1971
1961
1977
1968
1957
2055
1960
1905
1957
1971
1915
1935
1968
1933
2005
1917
1945
2007
2019
2031
1990
1869
1962
1925
2023
1999
1955
1997
1915
1967
1979
1961
2040
2013
2005
2011
1993
1987
1974
1931
2001
1981
1937
1961
1977
2009
1877
1976
1981
1899
1976
1963
1957
1843
2007
2012
2039
1955
1903
2031
2029
1997
1963
2063
1975
1995
1984
1976
1976
1954
1976
2031
1984
1995
2032
2003
1933
1956
1907
1889
2000
2001
2007
2003
1952
2015
2035
2008
1997
1959
1916
1954
1963
1976
2042
2011
2007
1931
1924
1899
1887
1943
1929
2042
1958
1913
1959
1991
1919
1915
1959
1964
1961
2037
2012
1957
2023
1982
1937
1978
2004
1977
1976
1945
1998
1925
1988
1959
1975
1959
2037
1963
1996
2029
1928
1943
2032
1911
1955
1928
1893
1925
1979
1955
1963
1943
1977
1997
1992
1965
1975
2013
1895
2030
1983
1983
2008
1979
1983
1952
1937
2004
2024
2019
1957
2068
2001
1983
1927
1903
1965
2007
2035
1957
2001
2016
1968
1953
1896
1991
2022
2012
1945
2053
1996
1912
1963
1952
1943
1992
1953
1968
1992
1947
1967
1939
1964
1951
1932
1959
1897
1911
1999
2003
1927
1965
1936
1971
2016
1912
1885
1993
2053
1999
1952
1995
2019
2018
2035
1993
1941
1960
1968
2048
1941
1959
1963
1976
1981
1971
1955
1952
2038
1974
1961
2008
2024
2008
2065
1965
2019
1963
1975
2006
2039
1979
2035
2021
1995
1931
2039
2035
1871
1964
1975
1946
1999
1993
1966
2023
1927
1957
1850
2009
2008
2026
2011
1981
1978
1983
1974
1973
2012
1893
2017
1973
1927
1896
1935
1941
1897
2005
2055
2072
1957
1978
1912
1999
1943
1971
1941
1962
1999
1909
1933
1953
1913
1947
1953
1983
1958
2019
1975
1971
2005
1881
1979
1995
2063
1927
2014
1955
1915
1960
2009
1972
2063
1930
1962
1963
1928
1955
2009
1941
1933
2015
1960
1979
1977
1980
2018
1984
1952
1960
1951
1908
1991
1949
1945
1971
1952
2009
1961
1975
1995
1891
1980
1877
1929
2012
1946
1961
1968
1984
1900
1920
1941
1963
2017
2007
1951
1965
1912
1977
1970
2004
1981
2005
1976
1961
1963
1981
2029
2009
1989
1988
1936
1968
1989
1907
1905
1992
2024
1937
1997
2027
1965
1963
1962
2002
1947
1923
1891
2008
1931
2005
1975
1999
2019
2024
1951
1955
1915
1917
1928
1930
1925
1947
1929
1906
2080
1943
2021
1995
2020
1955
1943
1948
1982
1977
1933
1984
2063
2016
2035
1925
1947
1925
1953
1997
2027
1965
2035
1980
1933
1980
2015
1940
1929
1967
1960
1952
2016
1953
2032
2017
1977
1992
1992
1943
1981
1977
2023
1965
1957
1993
1992
1909
1991
1913
1960
1875
1905
1897
1963
2001
1967
1992
1995
1885
1982
2035
1997
1990
1992
1992
1944
1949
1995
1999
2003
1964
1959
2029
1977
1923
2002
1939
2025
1971
2016
2028
1993
2008
1993
1937
2011
2079
1933
1999
2016
1951
2063
2012
2007
2004
1943
1927
1975
1959
2023
2015
1889
1936
2031
1947
1961
2028
1957
2031
1905
2009
1869
1923
1991
2072
2004
1961
1964
1915
2139
2017
2020
1901
1933
1950
2021
1977
1983
1895
1897
2065
1980
2002
1968
1952
1947
2056
2016
1945
1933
1964
1992
1975
1951
1987
1992
1933
1919
1929
2009
1902
1930
1997
1992
1929
1944
1951
1959
1977
2043
1971
1947
2021
1884
1975
1992
2032
1965
1877
1999
1996
2024
1974
1983
1955
1996
1909
1899
1911
1995
2008
1995
1975
1979
1963
2076
1957
1996
1884
2011
2037
1993
1961
1945
1975
2012
1964
1949
1909
1927
2017
2001
1952
2019
2003
1994
1983
1903
1929
1911
1971
1896
1869
1983
1937
1992
2065
1943
2023
1975
2017
1980
1959
1925
1941
1995
1933
1885
1977
2023
1958
2023
1968
2043
1893
1967
1959
2035
2013
1961
2007
1942
1971
2003
1911
2045
1875
1915
1984
1975
1973
2036
1915
1949
1915
1951
1915
1972
1833
1941
1989
2024
1944
2000
1933
1979
2035
1977
1944
2011
1911
1979
1985
2013
1926
1943
1955
1966
2067
1996
1995
1969
1971
2015
2008
2001
1957
1933
1992
2008
1941
2035
2012
1991
1961
2037
1954
1998
1995
1997
2017
1997
2063
2017
1877
1975
2016
1949
1961
1966
1957
1911
2061
2031
2004
1960
1941
1944
1947
1998
1886
1987
2057
1996
1968
1996
1999
2046
2012
1937
2056
2035
1879
2018
1984
2003
1962
1961
1963
1989
1948
1913
1903
1960
1953
2039
2021
1927
2017
1979
2053
2039
1957
1971
1951
1965
1964
2001
2021
2018
2024
2026
1971
2023
1979
1929
2019
1881
1964
1932
1943
1967
1977
1946
1903
1905
2029
1978
1979
2011
2039
1927
1987
1977
2026
1925
1911
2009
1984
1923
1981
1938
1963
1962
1933
1939
1843
1963
1965
1993
1977
1984
1947
1968
2027
2011
1885
2002
1937
1897
1977
1943
1853
1944
2008
1996
1918
1949
2013
2028
1943
1909
2029
2023
1987
1907
1887
2007
2053
1948
1979
2012
1967
1897
1915
1865
1951
2007
1943
2069
1991
2048
1967
1973
2019
1930
2007
1901
1973
1929
1997
1927
1963
1964
1979
2025
2025
1983
1991
1983
1877
1883
1958
1918
1951
1951
1992
1987
2000
1939
1961
1963
2001
2012
1879
1889
2016
2009
1903
2030
1907
1993
1920
1956
1999
2030
1925
2013
1958
2037
2005
1998
1930
1961
1975
1918
1933
1969
1999
1949
1991
1957
1929
1967
1875
2015
1949
1998
1942
1977
1920
1965
2013
2023
2006
2015
1939
2009
2013
1973
1911
2023
1944
2021
2017
1992
2068
1935
1961
1955
1928
2011
1996
2013
1992
1971
2012
2012
1964
1919
1927
1952
1993
1883
1989
1973
1971
2042
1963
2008
1963
1968
1957
1968
1976
1980
2019
1960
2023
1947
2009
1913
1944
1955
1955
2043
1971
2087
1971
1927
1974
1981
2010
2011
1991
1973
1983
1943
1928
1885
1970
1901
1947
1845
1955
1880
2023
1956
1968
1971
2024
1975
1905
1996
2019
2040
1915
1950
1956
1949
2008
2023
1924
1907
2003
1989
1875
2029
2032
1933
1993
2025
2047
1992
1983
1927
2007
2067
2060
2000
1894
2024
1930
1930
1982
1843
1905
1947
1944
1943
1965
1947
2012
1933
1950
2003
2024
1959
1885
1981
1967
1983
2053
1967
1997
1939
1925
1901
1955
2055
1997
1903
1951
1971
1989
2011
1944
2015
1925
2011
1971
1957
1929
2003
2021
2012
1912
2003
1895
2035
1971
1923
1960
1961
1997
1972
1913
1949
1915
1983
2021
1915
1931
1900
2002
1987
1939
1993
1853
1867
1940
2024
2015
2058
1928
2004
1974
1967
2019
1910
1971
1963
1941
1935
1899
2039
1975
1943
1888
1938
1946
1915
1930
1844
1976
1915
2008
1912
1939
1913
1896
1974
1937
2005
1901
2003
1917
1911
1993
2063
2104
1944
1959
1973
2011
2014
1982
1945
1975
2011
1969
2065
2071
1979
2040
2016
1900
1972
2039
1987
1951
1881
2039
1989
1901
1949
1999
1874
2039
2004
2013
2001
1829
2003
1913
1968
2008
2015
1963
1960
1983
2018
1963
1993
2029
1883
1979
1951
2037
2041
1991
2015
1975
1917
1944
1957
1984
2036
1915
1955
2035
1947
1945
1979
2005
2012
2053
1924
1949
1920
1947
1989
1925
2004
1952
2067
1975
2015
1933
1959
2007
1945
1965
1980
1861
1928
2057
1906
1968
2020
1968
1950
1983
2003
1926
1949
1976
1915
2003
2056
1961
1956
1906
1984
1975
2029
1992
1945
1967
1927
1897
1837
1891
2009
1929
2019
2025
2019
1976
1977
1941
1976
1961
1887
1877
1919
1948
2024
1963
1954
2032
2047
1963
2021
1916
1955
1995
2015
1968
2019
1977
1909
1957
1908
1967
1948
1993
2038
1927
1937
2023
1915
1925
1940
2034
2057
2009
1943
1967
1925
2055
1911
1965
1936
2026
1900
1872
1987
2005
1967
1998
1817
2016
1883
1992
1879
1907
2008
2015
1901
2039
2019
2043
1920
2017
1993
1977
1953
2040
2017
1971
1837
2014
1949
1997
2061
1968
1933
1973
1997
1897
1984
1917
1927
1911
1916
1957
1952
1931
2068
1971
1994
1949
1915
1965
1944
2056
1931
2005
1968
2002
1975
2001
1917
1964
1987
2019
1995
2040
1965
1943
2024
2012
1959
1997
1948
1971
2028
1937
1915
1983
1983
1941
1975
1979
1881
1981
1892
1949
1879
1975
2076
1973
2044
1977
1961
1996
1957
1949
2009
1997
2003
1929
1967
2005
1909
1945
2005
1897
1931
1991
1915
2007
1975
2072
1920
1943
2003
1987
1915
1944
2013
1892
1955
2055
1943
1934
1944
1945
1951
2027
1947
1997
2013
2024
1899
1944
1968
1975
2037
1929
1917
1908
1984
1997
1896
1970
2011
2057
1991
1947
1991
1961
2017
1943
1997
2039
1939
2198
1969
1973
2023
1997
1931
1868
1947
1944
2014
1903
1929
2005
2013
2062
2046
2041
1931
2006
1996
1992
1912
1966
2020
1987
1897
1950
1999
1930
1939
2024
1941
1995
1984
2017
2012
1977
1911
1973
1984
1883
2011
1959
1947
1929
1980
1901
2011
2005
1974
2024
1997
1915
1959
2001
1871
1969
1947
1943
1901
1967
1931
1995
1935
1933
1967
2001
1931
1955
1927
2039
1928
1881
1933
1995
1890
2040
2008
1960
1997
1943
2000
1939
1980
1983
1992
2009
2011
1992
1923
2053
1980
1968
1959
1964
2023
1933
1925
2024
2001
1999
2008
2019
2016
1917
2019
1996
2067
2038
1977
1975
1983
1984
1949
1895
1977
2019
1953
1957
1955
2022
1953
2026
1988
2023
1928
1955
1956
1965
2003
1949
2015
2008
2021
1974
1967
1967
2028
1949
1919
1884
1911
1919
2055
2003
2029
1994
2000
1936
1893
1943
1941
1927
2005
1889
1931
1925
1966
1928
1943
1897
2015
1951
1973
2002
1931
1959
1959
1933
1915
1997
2026
1965
2014
1979
1977
1955
1962
2001
1925
1997
1948
1899
2019
1910
1945
1995
1964
1960
1867
2077
1913
1949
1996
1984
1898
1956
1939
1965
1980
1974
2039
1968
1927
1977
1976
2035
1965
1961
2004
1959
1981
1979
2019
2017
2027
1987
1967
1907
2021
1911
2010
1933
1941
1950
2005
1961
1971
1907
1993
2031
1975
2027
1990
1967
1973
2028
2023
2000
1989
1975
2013
1997
1975
1975
2011
1988
2075
1994
1912
1861
1914
1883
1928
2024
1873
1995
1975
1991
2002
2021
1997
2001
1976
2011
2020
1901
2005
1961
2055
1977
1959
2006
1962
1928
2043
1946
2027
2003
2019
2027
1944
2013
1927
1963
1939
1961
1979
2010
1972
2001
1977
1967
1992
1911
1971
2003
1957
2007
1952
1937
1995
2047
1976
2041
2017
1937
1943
2077
2072
2046
2037
2021
2024
1957
1959
1997
2053
2027
2043
1983
1927
1980
1980
1990
2003
2066
1958
1911
1992
1936
1953
2078
2003
2021
1991
1984
1943
1992
2053
2035
2025
1981
1940
1939
1931
2023
2020
1982
1979
2024
2024
1992
1951
1915
2004
2007
1997
2015
1944
1959
1961
1947
1982
2029
1950
2011
1932
1917
1970
1991
2004
1967
1929
1887
1907
2016
2012
1976
1995
1945
1977
1976
1948
1989
1941
1933
2034
2014
1992
1961
1913
1877
1973
1993
1933
2024
1898
1955
1971
1944
1894
1893
2008
1997
2056
1957
1930
1961
1967
1943
2027
1920
1971
1893
1960
2027
1873
1973
1979
1987
2060
1949
1995
1997
1981
1883
2019
1909
1982
1979
2000
2011
2067
1956
1952
2008
1943
2013
2060
1932
1981
2007
2023
1931
1891
1956
1947
1992
2018
1931
2017
1967
1929
2007
1973
1880
1959
2013
1996
1979
1929
1981
1997
1925
2027
1937
1988
2008
1950
2040
1931
2025
2008
2019
1995
2015
1951
1871
1945
2021
1915
1984
1960
2020
2026
2003
2017
1983
1960
1915
1931
1987
2078
1947
1938
2029
1982
2020
2009
1891
1961
1969
1929
1979
2007
1964
1963
1909
1963
1979
1937
1937
2001
1959
1933
1995
1993
1952
1951
1982
2003
1927
1994
2010
2005
1950
1920
2029
1869
2028
1979
1984
1981
1963
1946
1929
1959
1887
1917
2011
2005
2025
1936
1989
1942
1987
1938
1925
1944
1971
2063
1946
1984
1832
2004
1947
1910
1968
1975
1965
2002
1896
1947
1901
1925
1992
1973
1968
1863
2023
1899
1893
1995
1996
1916
1979
1933
1964
1949
1911
1997
1996
1963
1957
2035
1909
1969
1997
1977
1987
2009
1997
1973
1980
1931
2024
1947
1976
2053
2044
1979
2031
1992
1893
1939
1966
1932
1944
1933
1895
1925
1894
1947
1907
1968
2009
1931
1908
1851
1923
1897
2007
2008
1929
1899
1989
1974
2040
1997
1907
1981
2003
1989
1909
2003
1907
2003
2005
1973
1934
1913
2025
1956
1992
1914
1915
2013
1930
1943
2023
2025
1905
1909
1905
1972
1955
1919
2011
1951
1991
1952
1935
1902
1927
1881
2036
1903
2011
1992
1931
2001
1951
1881
1910
2011
2008
1983
1987
1949
1981
2032
2005
1960
1951
2017
1982
2002
2003
2009
1984
1963
1931
2029
1955
1952
1944
1987
2003
1975
1877
1950
1983
2012
2005
1965
2011
1949
1949
1987
1969
1947
1944
1901
1979
1955
2024
1944
2044
1961
1927
2024
2027
1971
1913
1976
2019
1943
1943
1989
2040
1959
1949
1976
1933
1965
1949
2010
2024
2059
2001
1895
1939
1877
1984
1902
1945
2026
1989
2057
2035
1953
1998
2052
1969
1968
2008
1981
1971
2025
1995
2040
1973
2000
1953
1931
1995
1957
1933
1979
1997
1982
1960
1867
2020
1992
2052
2011
1951
1939
1943
1959
1944
1902
1915
1995
1927
1915
1917
2005
1967
2021
1991
1992
1945
1943
2027
1952
1945
2024
2003
1991
2035
2034
1984
2003
2003
1929
1983
1973
2029
1919
1958
2021
2004
1997
2025
1993
1971
2035
1971
1912
1959
2009
1971
1998
1903
1901
1940
2035
2003
1984
1927
1983
1979
1963
2007
2024
1944
1933
1988
1996
1937
2022
2040
1960
1995
1876
2008
1988
2012
1932
1976
1949
1929
1968
1975
1926
1949
1941
1941
2023
2016
1993
2000
1993
1941
1937
1962
1976
1987
1939
1962
1891
1987
1992
2000
1945
2004
1984
1949
1931
1937
2024
1962
1963
2041
1989
1955
1931
1947
1975
1992
1868
1907
1975
1939
1875
1948
1998
1957
1993
2004
2024
1981
1959
1977
1931
2008
1989
1963
1963
1965
1941
1941
2040
1913
1959
2056
1960
1943
1964
2016
2024
1957
1966
1968
1976
1952
1948
1915
1947
1971
1965
1956
1963
1943
2021
1925
2027
1979
1991
1995
2021
1963
1951
1943
2010
2021
1962
2043
1937
1943
1939
1981
1959
2041
1996
2000
1991
1930
1945
1899
2021
1917
1973
1935
2027
1952
1992
1981
2068
1984
1998
1907
2009
1999
1951
2027
1989
1968
1931
1917
1988
1909
1941
2043
2010
1955
2023
1919
1941
2011
1931
2066
1940
2052
1925
1964
1972
1957
1915
2024
1891
2053
1949
2037
1935
1959
1955
2054
1968
1947
1997
1901
2003
1983
2019
1969
1931
1945
2021
2018
2017
1977
1981
2017
1997
1955
1994
2003
1913
2011
1937
1917
1979
1965
1931
1929
2000
2003
2007
1885
1993
1976
1957
1975
1937
1982
2020
1947
2007
1868
2023
1965
2055
1981
1959
1992
1968
1869
2024
1970
1943
1957
2015
1943
1957
2016
1929
2011
1923
1899
1963
1960
2000
2032
2006
1973
1986
1971
1993
1967
2009
1929
1971
1995
1939
2055
2006
1939
2013
1945
1947
1975
1939
1980
1981
1991
1949
2012
1959
2039
1982
1997
2014
1937
1980
1943
2028
1960
1960
1963
1915
1910
2011
1984
1951
1971
2041
1885
2011
2040
1971
1971
1997
2008
1981
2025
2028
2039
2092
1958
1955
1969
1953
1944
1977
1967
2052
1912
1961
1947
2007
1907
1939
2040
1997
2037
1871
1937
2004
1917
1995
2006
1914
2012
1989
2029
1979
1959
2004
2029
1901
1934
1993
1975
1979
1963
1931
2011
1996
2007
1955
2013
2030
1956
1961
1947
1897
1979
1911
1997
2007
1982
1947
1983
1971
1984
1903
1987
1956
1943
2014
1931
2019
2001
2019
1998
1989
1891
1984
1957
1974
1960
1944
1976
1960
1964
1900
2010
1960
1959
1960
2020
1976
1941
2015
1925
1959
1941
1939
2031
1943
1949
1999
2029
1896
1967
2040
1992
1990
1993
1931
1969
1965
2012
1976
1990
2023
1969
2020
1941
1969
1972
1989
2004
1997
1927
1987
2037
1964
1997
1936
1867
1971
1883
1955
1993
1961
2000
2063
1989
2011
1995
1955
1885
1961
2011
1963
1946
2016
2021
1983
1880
1992
2035
2013
1995
2021
1942
1999
1933
1928
1837
1951
1992
2011
2023
1944
2023
1943
2003
1960
1947
1976
1997
1991
1948
2009
2022
1984
1961
1943
2003
1919
1935
1931
2092
1935
1944
1995
1952
2011
1893
1977
1963
1951
2009
1987
1960
2072
1951
1885
1952
2016
1865
2089
1989
1970
2012
2025
2031
1993
1885
1999
1959
2007
1993
1912
2024
2012
1981
1963
2024
1971
1933
2017
2036
1932
1973
1881
1885
1944
1964
2017
1933
2026
1942
1973
1931
2067
2019
1849
1989
1941
1947
2037
1939
2075
2023
1941
1917
1964
1907
2026
1948
1895
2007
1979
1973
1984
1959
1933
1967
1932
2025
1979
1962
2007
2011
1879
1955
2008
1939
1972
1962
1955
1909
1970
1995
1955
1957
1943
1979
2013
1977
1979
1971
1995
1967
2065
2063
2012
2024
2027
1891
1925
1993
1987
2003
2037
2043
1998
1970
1978
1913
2001
1899
2000
1961
1945
2016
1989
1913
1989
1984
1976
1933
1984
1947
1913
1959
2023
2005
2007
1979
1928
1933
1952
1959
1977
1987
1955
1933
1947
1879
1959
1977
1939
2008
1964
2029
2057
1971
2033
1941
1976
1951
2056
2005
2013
2003
1910
1989
1973
2039
1893
2005
1967
1899
1951
1977
1893
2037
1938
2001
1867
1932
1971
1959
1972
1925
1955
1928
1968
1983
2003
2018
1951
1906
1995
1952
2060
1976
2052
1949
1960
2007
1988
1995
1989
1928
1936
2011
2017
2016
1975
1959
1965
1943
1929
1989
1880
2027
1908
2017
1957
2013
1933
1983
1952
1970
1901
1927
1864
1979
1879
1941
1943
1971
2067
2029
2008
1961
2012
2003
1943
1996
1949
1971
1964
1987
1956
2038
1992
1999
1968
1935
1949
2036
1909
1932
1899
1902
2039
1901
1971
2021
2001
2097
2060
1979
1977
1945
1960
1839
1917
1996
2022
1948
1944
1951
1933
1997
1952
2068
1989
1953
1968
2021
1881
1952
1867
1920
1963
1939
1883
1999
1937
2063
2011
1945
1952
2024
2005
2017
1963
1929
1941
1883
1930
1947
1909
1972
1975
1913
1879
2011
1972
2001
1881
1972
1957
2013
2048
2010
1911
1945
2011
1961
1967
1981
1918
1941
2016
1937
2019
1943
1955
1895
1979
1971
1992
1919
1943
1971
1943
2009
1993
1928
1992
1989
1979
2003
1999
1953
2055
1945
1959
1962
1936
1912
1912
2041
1998
2027
1956
1995
1963
1980
1947
1949
2045
1916
2018
1993
1962
1955
1916
1935
1957
2023
2011
1911
2039
1939
2045
1969
1937
1977
1993
1967
1957
1941
2021
1971
2023
2000
1971
1979
1899
2014
1984
1653
2082
937
693
2323
0
633
1135
1831
0
0
33
0
4095
0
4095
4095
0
4095
0
4095
0
4095
2898
4095
4095
0
4095
0
4095
2847
4095
4095
4095
4095
1989
4095
0
4095
2
4095
0
4095
0
4095
4095
4095
4095
4095
4095
1304
4095
2276
4095
4095
4095
4095
4095
4095
4095
4095
0
2290
0
2668
2257
3923
567
3704
0
0
622
0
0
3496
2423
3337
0
2985
1067
0
0
0
4095
0
753
2057
2903
2228
3467
3552
3036
3960
2522
4095
4095
33
4095
837
4095
0
4095
0
4095
0
3680
879
1889
943
1059
2074
1880
460
3011
2120
3543
2976
4095
4095
4095
4095
4095
0
0
2035
0
202
4095
0
0
2953
2400
397
3100
1739
779
0
0
0
581
1256
1101
1903
2122
2091
2273
2237
2547
3079
2940
2707
2375
2285
1525
2859
1413
2365
625
2291
1517
2140
1845
2276
1929
2416
1777
2001
2085
2444
2999
2528
2655
2551
2551
1639
2227
1577
2413
1889
2063
2303
2093
1899
2085
1849
2517
1989
2569
2481
2814
2300
2601
2080
2277
2071
2327
2053
2119
2117
2525
1876
2079
1898
1900
2260
1994
2468
2196
2300
2105
2299
1681
2163
1513
2122
1829
1861
1765
1749
1819
1604
1872
1875
2343
1683
2149
1940
2163
1905
1903
1923
2041
1949
1819
1621
1438
783
0
0
0
0
488
895
1291
1489
1678
1583
1832
1806
2315
2232
2287
2423
2521
2592
2440
2472
2275
2442
2160
2233
2032
2157
2045
2193
2069
2041
1991
2051
1991
1980
2029
1873
2068
2009
2181
2115
2079
2025
2163
2070
2025
2035
1975
2275
1975
2131
2075
2016
1913
1895
1846
1837
1945
2259
2509
2335
2357
2171
2333
2265
2197
2315
2097
2025
2017
2101
2045
2262
2033
2109
2008
2127
2080
2013
1895
1961
1933
1812
1905
1945
1931
2027
2167
2063
2009
2299
2175
2095
2104
2067
1984
2053
2251
2016
1979
1928
2039
1905
1968
1984
2045
2093
1991
1913
1964
1873
1941
2072
1933
2075
2080
2103
1990
2068
1920
2109
1918
2155
2103
2122
1886
1861
1843
1891
1977
1963
1997
1965
2001
1936
1971
1933
2071
1899
2088
1978
2022
1863
1875
2019
2032
2057
1880
2029
1929
1976
1996
1997
2003
1909
2003
1829
2077
1928
2169
2008
2015
2007
1994
1907
1924
2124
1992
2046
1825
2016
1963
2067
1892
2089
1973
2156
1873
2077
1989
1876
1916
1969
1929
2000
2041
1949
1908
2002
2092
2072
1968
2078
2013
2037
2024
1961
2015
2055
1995
1915
2121
2111
2159
2183
2163
2285
2291
2151
2011
2171
2192
2129
2040
2008
2027
2035
2048
2021
1946
1992
1952
1881
1927
1937
1875
1925
1934
1961
1867
1897
1993
1965
2011
2137
2083
2007
2002
1955
1967
2013
2023
2088
2075
1832
1933
1929
1920
2072
1877
2007
2084
2093
2016
2039
2007
2007
2080
2009
2031
2000
1975
1847
2031
1945
1993
1983
2107
2067
2031
2085
2005
1995
2025
2151
1997
2043
2023
2047
1975
1988
2014
2037
2004
2011
1964
2072
2108
1991
2087
2013
1959
2007
2088
2102
2043
2071
2067
2073
1973
2053
2048
2089
2073
2030
2029
2058
2024
1965
2057
2089
1975
1996
2014
1984
2101
2029
2035
2027
2043
2077
1900
1967
1998
1994
2063
2024
2096
2081
2031
1982
2085
1989
2044
2035
1997
2041
2026
2007
1971
1977
2027
2055
1999
1977
1941
2067
2067
2027
2016
1965
2058
2103
2091
1959
1957
1991
2071
1971
1980
2009
2031
1987
1992
2009
2039
1965
2021
2037
2026
2051
2066
2083
1991
2023
2040
2082
2117
2023
2067
2023
2089
2087
1935
2003
2103
2002
2011
1996
2003
1977
1939
2035
1981
1997
2023
1917
1911
1944
2076
1953
1962
2013
1898
1966
1983
2031
1995
1973
1864
1920
1894
2067
2029
2035
1975
1978
1981
1963
2055
2008
2107
1997
1978
1948
2065
1979
2036
1927
1943
1984
2003
2013
1990
1979
1982
1891
2053
1952
2017
1920
1879
1879
1963
1968
1901
1907
2004
1937
1975
1997
2011
1997
1929
2041
2017
1960
1932
2016
1995
2023
2012
1963
1976
2005
1928
1993
2029
1965
2021
1981
1978
1981
1969
1961
2077
2032
2057
2021
2032
2021
1947
1995
1992
1971
2011
1966
1989
2052
2033
2003
1962
2099
2066
2005
1992
2016
2035
1993
1962
2072
2005
2083
2015
2019
2037
2065
2011
2024
2026
2007
2023
1964
2005
2090
1960
2021
2060
2057
2071
2029
2087
2093
1977
1981
2080
1991
2019
1993
2084
2055
2016
2004
2025
2085
1989
2044
1980
2051
2021
2020
2039
2023
2077
2052
2001
2101
2059
2008
2005
2017
2000
1969
2003
1981
2005
2026
1998
2024
2076
2003
2017
1976
2009
1976
1947
2017
2071
2014
2037
2043
2056
2023
1996
2000
2032
1925
2008
1991
1955
2004
2056
1990
2031
2086
2023
2039
2063
2006
2009
1979
2025
1987
1915
2067
2032
2065
2029
1980
2081
1978
2059
2022
2028
2090
1944
2003
2039
1976
1999
2003
2071
1977
1993
1943
1960
2008
2056
1981
1965
2030
1996
2032
1993
1979
2001
2017
1911
2068
1917
1915
2027
2009
1953
1981
2040
1997
2017
2039
1997
2037
2032
1981
2003
2021
2025
1976
2035
1925
1947
1907
1977
2030
2027
2026
1977
2032
2089
2009
2074
2042
1939
2015
1955
1963
2004
2001
1931
2055
1999
1993
2023
2039
2011
1977
2007
1994
1997
2056
1907
2053
1941
1963
1949
2059
2005
1955
2094
1933
2069
2021
1967
1991
2029
1973
2008
1945
1979
1967
2017
1979
2058
2043
2029
2032
2045
2010
1961
2052
1966
2015
1990
1934
1966
2035
1965
1947
1973
2015
1965
1919
1989
1929
2001
2021
1963
2035
1991
2000
1988
1987
2011
1884
1995
1978
1957
1992
1955
2010
1925
2039
1954
2059
1991
2013
2069
1972
1895
2009
1965
1995
2111
2043
2039
2077
1992
2006
1961
1968
2001
1949
1975
1976
1941
2003
2019
1978
2031
1955
2008
2023
2009
2022
2051
1991
1939
1972
1979
1965
1955
2054
2057
2024
1955
1993
2009
2001
1973
2042
1937
2021
2013
1923
2023
1975
2057
1938
1990
2056
2036
2013
1977
1969
1979
2024
1999
2035
2085
2046
1996
1995
1965
1992
2040
2093
2029
2019
2004
1954
1943
2069
2087
2027
1963
1981
2013
2004
2035
2009
2030
2101
2021
2087
2089
2054
2030
2011
2032
1979
2071
2011
2101
2027
2003
2021
1963
2005
2044
1941
1957
2041
1997
2028
2021
2055
2027
2032
2009
2024
1981
2095
1993
1991
1975
2126
2003
2036
2073
2037
1975
2024
2096
2048
2058
1949
2083
2037
1977
2103
2066
2083
1913
2024
2090
2024
2029
2019
2038
2100
2031
1995
1959
2082
2055
2038
2019
1975
2066
2039
2040
1925
2051
2004
1991
2008
1992
2005
2017
1987
1992
1991
2044
1981
1957
1970
2048
2011
1971
1993
1908
2040
2036
2025
1999
2099
1967
2017
1961
1956
1997
1993
1952
2007
1987
1893
2028
1978
1995
1999
1917
1988
1949
2053
2016
1945
2029
2060
2011
2041
1994
1975
2005
1993
1948
1962
1957
1927
2028
1984
2055
1949
2013
2027
1979
1995
2024
1945
2013
1931
2002
1917
1989
1983
1993
1981
1983
1931
2016
1941
1975
2001
2055
1990
1972
1914
2018
1988
1944
2002
1979
1933
2012
2023
1976
1965
1963
2009
2003
2036
2021
2029
2005
1961
1944
1979
1980
1929
2022
1949
2012
1991
1948
1967
1956
1947
1971
2003
2015
1965
1925
2043
1913
2090
2026
1996
2001
2040
2104
1965
1996
1997
1979
2039
1989
1961
2040
1951
1971
1957
2079
2023
2003
2037
2011
2037
1983
2047
1989
2039
2031
2038
1947
1953
2024
2045
2033
1981
2119
1961
2011
1993
2024
2044
1995
1949
2077
1971
2017
2023
1943
2009
2053
2012
2011
2025
2031
1999
2035
1975
1972
1934
2071
2056
2013
1966
2008
1928
1985
2043
1973
2027
2115
2105
2059
2032
2006
1977
1944
2043
2016
1970
1903
2072
2041
2037
1994
1983
1995
2021
1970
2084
2040
1933
2029
1991
2040
1971
2079
1995
2035
1957
1973
2005
1991
1975
2035
1992
2048
2025
2073
2006
1983
1996
1885
1977
2013
2009
1979
1971
1955
1998
2078
2045
2058
1980
2035
2091
2035
1916
2057
2011
2024
2042
2109
2013
1980
1975
1981
1990
2069
2099
1977
1972
1955
2057
2099
2001
2028
2071
1978
2027
2063
2010
1982
1989
2053
2039
1979
2035
1991
1924
1939
2004
1929
1935
1984
1993
2037
2008
2045
2031
1967
2032
2117
2085
2055
2013
1930
2052
1932
2037
1937
1971
2010
1959
1949
1943
2021
2029
2011
1975
2075
2039
2005
1961
1998
1996
1968
1944
2001
1974
1967
1973
2014
2059
2038
1959
1965
1917
2020
2034
2007
1933
1981
1961
2058
2043
1971
1971
1959
2028
1906
1993
2008
1994
1982
1898
2005
1937
2005
1961
2019
2027
2016
1935
2015
1951
2034
2007
2005
1969
2045
2129
2073
1991
1974
1965
1937
2030
2018
2003
1993
2021
1907
1995
1939
2025
1991
2008
1976
1999
1989
2075
2048
1981
1998
2071
1915
1976
1938
2008
1990
1952
1983
1989
1981
1987
1997
1945
1915
1913
1987
2040
2036
1993
1979
1945
1931
2079
1952
1963
2024
1955
2033
2019
1971
2058
1956
2068
1982
1974
2010
2063
1932
1974
2048
2039
1951
2028
2098
2059
2093
2003
1973
2035
1948
2035
2067
2055
2067
2007
1977
1955
2092
2025
1989
1977
1989
2040
2015
2075
2066
2039
2028
1992
2017
2020
2015
2059
2056
1917
2063
2048
2019
2024
2037
1945
2055
1992
1917
1955
1997
2024
2039
2011
2027
2019
2079
1992
1993
2025
2067
2018
2095
2013
2048
1991
2007
2037
2032
1970
2029
2063
2031
2000
2044
2004
2016
2016
1931
1957
2025
1963
1979
1997
2103
1967
2007
2025
2021
2039
2066
2087
1991
2029
1959
1947
1909
2039
1989
1967
1995
1951
2005
2025
1958
2043
1997
1987
2068
2084
2086
2024
1989
1983
2000
1903
2043
2005
2013
1995
2012
2035
1961
1958
2067
1949
2055
1971
1943
1919
2004
2033
1913
2017
2041
2063
1943
2035
2064
1967
1955
2001
2064
2077
2011
2017
2046
2017
1997
1956
1967
2000
1965
2055
1961
2048
2010
1939
2072
1939
1984
1999
2027
2005
2074
1996
2019
2052
1957
2019
2013
2015
1997
1978
2039
1975
1972
1996
2012
1972
1999
2001
1951
2002
1975
2034
2063
1979
1973
1973
1967
1992
2005
1975
2011
2020
1974
1965
1956
2012
1951
2038
2034
2025
1945
2019
2053
1983
2005
1964
1983
1955
2017
1996
1947
2017
2029
1964
2040
1955
1919
1997
1995
1929
2073
2005
2037
2025
2063
2040
2032
1992
1945
2007
2072
2000
2089
2070
2011
1987
2069
1961
2015
2016
2021
1995
1975
1981
2019
2033
2035
1975
1962
2008
2036
1967
2079
1995
1966
1975
1941
1899
1949
1936
2009
1959
2038
2015
1973
1959
2011
2012
2060
2038
1942
2028
1961
2024
2065
2067
1991
1979
2021
2072
1978
1938
1969
2112
1973
1976
2015
1961
1967
2036
1963
1977
2053
1979
2074
2014
2067
2013
2012
1994
2007
1961
2011
1959
2003
1941
2028
1993
2023
2029
2048
1976
2054
2022
2013
2035
1975
2015
1993
1997
2126
1971
1991
2017
1983
1915
2088
2053
2002
2087
2001
1933
1969
1955
2015
2051
2009
1947
2012
1964
2053
2059
2021
2029
2033
1931
2021
2012
1939
1988
1973
1941
2032
1965
2029
2011
2016
1981
1965
1989
1977
2021
2003
2027
2043
1963
1977
2065
1971
2064
1963
2013
2037
1983
2082
2008
1959
1965
2041
2012
2028
2028
1984
1969
1981
1994
1925
2027
1981
2009
1999
1934
2055
2037
1963
2080
1977
2026
2023
2025
2055
2059
1976
2073
2081
1945
2040
1983
2041
1956
2072
2071
1960
1965
1977
2076
1991
1981
2083
2009
1959
1945
1991
1937
1948
2066
2031
1997
1993
2011
2068
2010
1998
1957
1966
2068
1955
2003
2003
1981
2021
1999
1977
2026
2000
2021
2063
2098
2007
2028
2013
1951
1943
2041
2007
2036
2016
2098
1951
1907
1919
1993
1961
2000
2007
1957
1915
2044
1940
2035
1964
1965
2027
1994
1963
1924
2001
2024
2041
1981
2081
1993
2008
1999
1987
1980
1987
1972
2013
1959
2013
1925
1978
2021
2020
2016
1973
2041
2013
1920
2108
2011
1959
2029
2012
1957
2041
1963
1981
1997
1997
1998
2029
2028
2031
1981
1999
1992
1962
1999
2059
2059
2033
1967
2058
2007
2029
2039
2012
1997
2027
2072
2036
1981
2014
1981
2021
2066
2016
2002
1993
2007
1981
2035
2004
2040
1963
2085
2001
2069
2051
2005
2053
2059
2015
2073
1927
2069
1951
2006
2071
1965
2043
2080
2017
2084
2010
1998
2035
2040
1983
2069
2033
2009
1946
1943
2003
1993
2005
2005
2003
2011
2004
2074
2065
1961
1977
1997
1989
1927
1984
1907
1953
2019
1939
2011
2009
2023
2012
1933
2090
1996
2019
2012
2026
1949
1980
1981
1991
1963
2099
1982
2019
1981
2076
1992
2081
2006
1947
2067
2019
2039
2011
1971
2024
1954
2003
2057
1998
2025
2053
2028
2017
1992
1989
1957
2044
1925
2063
2020
2039
2013
1991
2053
1929
1958
2036
1957
1945
1973
2029
1971
2043
2027
1969
1923
2009
1981
2015
1977
2031
2027
1949
1997
2027
1969
2015
2063
1963
2035
2053
1908
1995
1961
1976
2023
1907
1973
2025
1943
2017
2057
1943
1993
1913
1993
2009
1991
2043
2080
1991
2047
2014
1993
1968
2001
1975
2039
1998
1971
2023
1983
1893
1939
2011
1968
2023
1967
1945
1990
2089
1947
1977
2072
1989
2027
1959
2011
1979
1975
1981
2080
2104
2016
2005
2066
2071
2008
2044
2071
2063
1927
2035
1963
1965
1975
2056
2055
1975
2047
2071
2041
1984
2037
2065
1965
2003
1973
2019
1993
1974
2003
1977
1997
2035
1973
1979
2022
2055
2065
2012
2007
2024
2040
2025
1977
2016
2013
1975
2084
2006
1993
2070
1920
2041
1943
2032
2036
2045
2015
1987
2019
1937
2071
2013
2023
2053
2017
1917
1959
2040
2004
2021
2048
1937
1969
2041
2031
2039
1945
2032
1955
2007
1969
2004
2026
2042
1981
2110
1947
2036
2056
2063
2047
2058
1997
2019
2000
1964
2072
2073
2021
2029
2088
2013
2035
2031
1975
2008
2008
1960
1933
2060
2021
2001
1941
2040
2019
1934
2067
2028
1995
2013
2003
1979
1979
2025
2043
2069
2041
2025
2053
1981
1947
1996
2007
1973
2058
2048
1951
2001
2019
2009
1996
1981
1984
1997
2062
2017
2011
1984
2013
2028
1955
1979
2027
2071
2033
2006
1984
2003
2065
2075
1949
2012
1949
1940
2069
1973
1955
2000
2019
1975
1983
2078
1947
2020
2028
1982
2068
2003
2005
2018
2017
1939
1988
2044
2068
1971
1967
1945
2091
1973
2029
2063
1961
2043
1929
2015
2064
2055
2012
1989
2085
1997
2054
2013
2063
2043
2037
2002
2028
2029
1949
1987
2010
2006
1996
2045
1955
2046
2009
2021
2010
2006
1999
2075
2089
1983
2001
2057
1957
2007
2055
1975
2012
1916
2089
2024
2031
1993
1979
1917
2023
2020
2025
1987
1901
2008
2033
1971
2043
2012
2071
1995
1899
2024
2058
2011
2015
1997
1991
1982
1933
1998
1976
2055
1983
1967
1993
2012
1963
2029
1995
2039
1965
1941
2039
1827
2008
2082
1909
2005
2021
2012
2055
1989
1977
1971
1891
1941
1982
2007
1996
1979
2001
1965
1974
1945
2016
2079
1965
2003
1964
1971
2040
1951
2048
1947
1963
2019
2013
1881
2039
2004
1945
1999
2031
2037
1971
1967
2012
2075
2001
2007
2029
1951
2077
1965
2027
2005
1967
2021
1953
2001
2048
1931
2065
2024
2008
1963
2013
1994
2072
2037
2085
1955
2019
1973
2011
2005
1967
1987
2067
1971
1976
2029
2024
1919
1954
2066
2015
2009
2025
2007
2013
2013
2003
1995
1961
1939
2093
2057
2053
1945
2108
2061
2035
2021
2063
1957
2029
1994
2008
1945
1963
1979
2048
1989
2009
2071
1987
2087
2075
1977
2016
2063
2024
2074
1983
2016
2044
2029
1961
2063
2042
1947
2065
2053
2065
2011
2048
1959
1977
1911
2048
2063
2023
1896
2022
2082
2016
1973
2024
2099
1957
2000
2022
1979
1966
2028
2031
2013
1973
2019
2075
2023
2059
2037
1918
2056
2017
2004
1945
2056
1931
2013
1931
1997
1971
1975
2041
1989
2040
1952
2063
2025
1940
1902
2013
1984
1957
1991
1996
2100
1981
2078
1989
2009
2023
2007
1937
1943
2021
2041
1989
2028
2013
1999
1979
1934
2063
2017
2016
2006
2073
1993
2083
2007
2038
2024
1968
2067
1965
2083
2022
2035
1984
2035
2000
1960
1991
1891
2095
1971
1981
1978
2039
2039
2001
2039
2000
2075
1973
2003
2100
2063
1979
1971
2075
1952
1951
1979
1943
2041
2067
1947
2011
2019
2076
2059
1997
1993
1955
2027
1968
1973
1953
2063
1939
1929
1991
1981
1953
1979
2051
2021
2085
2029
1975
1963
2086
2016
1977
2067
2005
1992
1944
1917
1966
1965
2009
2065
2077
2065
2044
2037
2032
2023
1981
1989
1927
2041
2023
1957
2024
2013
2023
1978
1988
1960
2095
2004
1992
2016
1977
1989
2027
1971
2019
2028
2044
1943
1983
2055
1941
2025
1935
1973
2009
2068
1979
2021
2059
2013
2035
1959
2029
2006
2098
2088
1927
2022
1968
2025
1983
1952
1991
2015
1940
2036
2022
1983
1991
1932
2061
2009
1949
2011
2026
2048
2068
1975
2078
2052
1963
2053
2023
1925
1914
1939
1975
1940
1952
2063
2011
1907
2031
1971
1977
1968
2012
1957
1999
1963
1984
1997
2027
2041
2063
2007
2001
1939
1992
1955
2044
1951
2007
2031
1945
2023
2039
1992
2024
2063
1913
1930
1994
2011
2037
1941
2001
2021
1997
1993
1998
2027
1925
2056
2068
1927
1916
2088
2028
1986
2028
1977
1959
2032
2013
1968
2008
1969
1972
1897
1941
1971
1944
1983
1939
2029
1989
2031
1973
1979
2057
2016
2060
2081
1947
1913
1971
2027
2065
2035
1948
1975
2092
1979
1941
1943
2015
1991
1961
1944
1941
1933
2021
1989
2063
1981
2025
1972
1955
2044
2054
2087
1992
1993
2029
2035
1979
2091
2045
2015
2011
2038
1971
2022
1984
1936
2006
2031
1975
1969
2024
1988
1935
1946
2005
1999
1987
1959
1964
2045
2013
2020
1981
1966
2025
1973
2033
1979
1987
1979
1995
1961
2051
2029
1971
1989
2076
2032
2027
1944
2043
1956
2000
1944
1996
2027
2071
1957
1955
1995
1947
1963
2039
2041
2010
1990
2011
2029
1993
1991
2005
1988
2032
2025
2001
1984
1998
2017
2053
2009
1995
2051
1991
2003
2024
2023
1996
2083
2063
1945
1993
1979
1982
2043
1961
2055
2026
1991
1991
2090
2032
2058
2016
2023
2023
1979
2028
2040
1929
2044
2038
2042
1939
1975
2047
1977
2017
1992
2081
2048
2043
1949
2001
2029
1997
2043
1949
2004
2069
2015
2002
1993
1959
2005
1968
2038
2012
1992
2005
2033
2028
1970
2021
2039
2085
2028
2080
1973
1955
2043
2001
2037
2039
2023
2007
1947
1994
2003
2063
2075
1992
2063
1975
2071
1942
1938
1965
2077
2093
2041
1989
2079
2003
2011
2023
1997
1991
2072
1945
2041
2004
2031
2018
2060
2027
1955
2066
2010
1957
1943
2011
2016
1989
2022
1997
2017
2032
2009
1960
2055
2007
1983
2027
1899
2041
1984
2040
1999
1995
2009
2092
2084
2001
2000
2068
2004
2075
2044
2036
2013
2013
1943
2030
1994
1964
2045
2043
1957
2045
1925
2031
1973
2053
2003
1995
2035
1991
2047
2023
1957
1917
2057
1992
2069
1929
2080
1965
1949
1991
2026
1929
1959
2076
2074
2088
1997
1995
1903
1980
2016
1989
2014
1977
1891
2008
1991
2074
1961
2031
2027
1979
2065
1959
2002
1949
1959
2027
1980
2076
2063
2015
1973
1979
2105
1975
2024
2103
1955
2105
2001
2017
1983
2039
2054
2029
2027
1991
1997
2058
1980
1915
1965
2059
1981
1979
1948
2024
2045
1959
2060
2019
2073
2063
1995
1977
1993
1979
1965
2007
2011
2013
2025
2001
2031
2017
2011
1907
1965
1990
2023
2084
2075
2094
2072
2005
2037
2090
2010
1959
1993
2034
2005
2019
1995
2015
1969
1976
1867
2001
2032
2044
2014
2011
2035
2007
1978
1951
1993
2068
2060
2040
2037
1958
2019
1979
2010
1955
2007
2093
2068
2013
2037
1993
2019
1997
1955
2024
1933
1968
1979
1975
2004
2075
1991
2005
1967
2072
1947
2060
2063
1941
1955
2013
2029
2043
2031
1983
2003
2073
1967
1913
1948
2040
1939
1989
2080
2066
1917
1999
2021
2067
1992
2016
2072
1981
2017
1957
1997
1993
2024
1971
2074
2044
1959
2008
2003
2071
2005
1955
1965
2031
2005
2031
2076
2073
2027
1997
2001
2027
2055
1979
2057
2019
1968
2063
1991
2040
2063
2037
2019
2032
2026
1975
2004
1949
2092
2040
2083
2055
2030
1950
2073
2009
1979