1955
1959
1945
1945
1949
1950
1959
1955
1952
1952
1963
1952
1957
1959
1958
1963
1965
1956
1957
1959
1949
1951
1959
1958
1948
1941
1952
1952
1943
1957
1955
1952
1949
1955
1939
1957
1955
1952
1949
1949
1943
1954
1954
1946
1947
1950
1957
1947
1949
1955
1948
1941
1955
1946
1949
1955
1947
1945
1948
1949
1947
1949
1947
1956
1939
1944
1939
1949
1935
1919
1932
1947
1932
1920
1918
1926
1925
1928
1919
1919
1920
1915
1927
1925
1912
1919
1920
1920
1924
1929
1929
1927
1931
1932
1940
1928
1941
1925
1935
1944
1942
1931
1946
1940
1945
1943
1955
1949
1949
1949
1951
1946
1951
1943
1951
1949
1960
1947
1931
1943
1951
1933
1945
1945
1943
1938
1934
1929
1937
1929
1939
1928
1931
1924
1928
1923
1917
1915
1925
1918
1919
1927
1925
1925
1925
1916
1913
1930
1928
1931
1931
1932
1941
1937
1930
1931
1938
1937
1949
1955
1951
1953
1958
1961
1956
1956
1950
1956
1963
1966
1965
1961
1964
1966
1961
1971
1970
1965
1971
1965
1973
1965
1968
1963
1973
1968
1977
1972
1973
1975
1976
1982
1966
1980
1979
1993
1980
1993
1977
1981
1989
1979
1991
1981
1989
1977
1991
1989
1991
1984
1995
1979
1989
1977
1984
1989
1984
1993
1992
1993
1993
1991
1993
1991
1984
1981
1981
1984
1979
1987
1995
1988
1994
1984
1995
1992
1983
1998
1996
1991
2007
2011
2008
2005
2005
2008
2012
2017
2025
2014
2014
2022
2021
2017
2027
2023
2029
2029
2037
2027
2025
2022
2029
2019
2029
2018
2018
2011
2021
2013
2011
2013
2001
2010
2007
2007
2005
2007
1996
2003
2000
2007
2007
2002
2002
2007
2003
2000
2008
2009
2003
2011
2000
2005
2024
2007
2023
2016
2013
2023
2025
2021
2019
2020
2023
2024
2017
2039
2037
2024
2025
2028
2027
2022
2029
2027
2016
2011
2023
2019
2024
2024
2015
2020
2021
2025
2021
2027
2010
2022
2024
2019
2024
2011
2020
2018
2024
2025
2024
2011
2024
2025
2023
2027
2029
2035
2030
2039
2033
2037
2051
2043
2040
2039
2040
2053
2043
2059
2057
2059
2053
2055
2044
2041
2047
2045
2056
2055
2044
2060
2056
2042
2055
2042
2063
2063
2060
2057
2056
2046
2059
2056
2054
2059
2065
2056
2043
2058
2059
2067
2052
2069
2059
2073
2067
2071
2071
2074
2069
2067
2069
2075
2077
2071
2071
2079
2077
2065
2075
2076
2080
2080
2077
2075
2077
2079
2083
2080
2093
2087
2087
2087
2084
2085
2089
2080
2077
2087
2085
2087
2083
2076
2077
2075
2069
2083
2077
2069
2079
2071
2077
2067
2069
2067
2084
2069
2072
2079
2076
2071
2077
2073
2083
2075
2075
2083
2083
2085
2081
2080
2085
2084
2087
2088
2080
2075
2091
2090
2091
2079
2083
2087
2075
2087
2083
2076
2083
2071
2075
2083
2077
2073
2072
2068
2067
2072
2067
2071
2063
2063
2069
2061
2063
2063
2065
2059
2056
2054
2048
2056
2059
2057
2063
2059
2063
2056
2058
2055
2063
2063
2067
2065
2068
2072
2071
2067
2079
2075
2073
2073
2072
2073
2071
2076
2079
2076
2085
2072
2067
2071
2069
2065
2063
2067
2069
2065
2043
2043
2063
2044
2039
2055
2040
2039
2039
2039
2053
2045
2036
2029
2032
2037
2026
2037
2031
2038
2040
2038
2037
2053
2051
2035
2063
2045
2068
2063
2063
2063
2068
2068
2071
2075
2087
2078
2080
2077
2086
2085
2087
2080
2089
2091
2094
2088
2089
2085
2088
2095
2092
2091
2089
2083
2085
2074
2085
2073
2078
2083
2077
2079
2072
2079
2070
2055
2069
2060
2059
2060
2057
2058
2056
2057
2059
2053
2063
2058
2055
2057
2056
2057
2063
2063
2067
2063
2071
2066
2071
2069
2071
2063
2074
2071
2073
2077
2077
2073
2072
2079
2071
2077
2074
2072
2077
2057
2068
2078
2065
2072
2071
2068
2071
2059
2071
2059
2063
2057
2065
2043
2055
2044
2061
2056
2063
2053
2043
2056
2055
2055
2060
2063
2055
2054
2057
2057
2065
2058
2067
2063
2063
2067
2071
2063
2069
2063
2069
2071
2075
2063
2069
2069
2063
2063
2063
2063
2065
2056
2047
2058
2048
2053
2058
2042
2044
2045
2040
2031
2041
2043
2031
2030
2035
2034
2023
2029
2027
2033
2023
2020
2021
2032
2029
2023
2021
2021
2019
2021
2011
2013
2013
2017
2011
2008
2003
2017
1998
2003
2006
2004
2007
1993
1995
1982
1995
1981
1981
1989
1979
1989
1979
1977
1970
1976
1973
1972
1969
1979
1968
1973
1968
1973
1963
1968
1971
1975
1983
1987
1979
1981
1995
1987
1982
1991
1984
1993
1993
1992
1991
1996
2003
1996
1999
1998
1991
2005
1995
2001
1982
1989
1997
1984
1992
1995
1978
1975
1987
1975
1973
1980
1975
1971
1964
1975
1971
1971
1964
1961
1949
1971
1968
1971
1967
1969
1968
1961
1976
1965
1968
1971
1965
1969
1965
1978
1978
1976
1973
1981
1977
1977
1981
1972
1975
1984
1978
1979
1973
1975
1981
1973
1978
1970
1979
1976
1975
1976
1971
1970
1970
1971
1971
1967
1967
1971
1971
1964
1948
1964
1963
1951
1957
1955
1960
1959
1953
1959
1950
1960
1960
1955
1961
1967
1949
1965
1967
1962
1955
1960
1959
1971
1975
1959
1973
1968
1977
1971
1975
1977
1976
1973
1979
1979
1977
1974
1978
1972
1982
1974
1980
1986
1966
1963
1977
1959
1979
1971
1968
1963
1960
1959
1952
1955
1947
1957
1949
1954
1949
1957
1952
1959
1947
1938
1950
1957
1955
1955
1952
1955
1949
1947
1955
1943
1955
1957
1949
1943
1955
1949
1952
1956
1939
1943
1944
1941
1954
1948
1952
1942
1949
1957
1949
1943
1943
1943
1939
1942
1941
1937
1944
1941
1935
1939
1940
1937
1931
1932
1938
1920
1919
1930
1925
1926
1913
1931
1916
1919
1915
1930
1925
1919
1931
1920
1930
1931
1928
1934
1931
1943
1931
1929
1933
1940
1941
1936
1945
1943
1932
1929
1945
1940
1947
1943
1933
1943
1943
1945
1939
1941
1941
1932
1937
1928
1929
1925
1939
1933
1919
1930
1933
1932
1939
1947
1940
1920
1941
1944
1947
1945
1939
1941
1944
1951
1955
1955
1949
1952
1961
1963
1968
1971
1964
1963
1973
1979
1981
1976
1976
1979
1991
1991
1980
1995
1983
1991
1993
1992
2001
1993
1999
2005
1999
2006
2002
1997
2004
1993
1999
2002
1993
1999
1993
1999
1997
1994
1996
1992
1991
1984
1993
1997
1993
2001
1980
1989
1993
1975
1993
1994
1990
1994
1993
1996
1989
1994
1996
2008
1994
1997
1995
1994
1991
1995
1999
1993
1985
1993
1981
1993
1984
1992
1997
1992
1996
1988
1984
1996
1992
1993
1994
1984
1995
1989
1990
1981
1989
1991
1993
1999
1981
1989
1989
1988
1989
1982
1981
1989
1991
1990
1995
1995
1999
1992
1991
1997
2004
1999
1991
2001
2004
2002
1993
1999
1997
1999
1981
1997
1991
1996
1999
2003
1994
1988
1994
1985
1984
1989
1992
1980
1989
1981
1979
1975
1975
1987
1979
1977
1965
1965
1971
1975
1968
1961
1973
1970
1959
1967
1961
1968
1971
1972
1968
1955
1973
1971
1981
1983
1973
1975
1980
1979
1977
1980
1980
1989
1992
1984
1994
1997
1997
2003
2000
2001
1996
1997
2003
1995
2005
2001
1997
2000
2003
2000
2004
1996
2001
2002
1999
1988
2001
1997
1994
1996
1992
1989
1995
1994
1992
1992
1991
1995
1992
1981
1979
1979
1993
1984
1983
1984
1996
2001
1992
1994
1991
1995
1989
1989
2000
1995
2009
1995
2002
1993
2007
1997
2008
2009
2006
2015
2003
2005
2008
2009
2018
2012
2017
2020
2011
2015
2023
2018
2014
2023
2008
2012
2008
2017
2009
2014
2023
2017
2023
2017
2021
2019
2024
2024
2013
2027
2023
2019
2015
2023
2027
2023
2024
2021
2023
2035
2029
2023
2027
2025
2032
2029
2032
2041
2027
2026
2027
2033
2040
2033
2041
2035
2041
2039
2043
2037
2058
2043
2065
2055
2058
2067
2058
2055
2069
2068
2063
2065
2063
2069
2067
2077
2067
2073
2073
2064
2075
2065
2071
2071
2066
2074
2071
2072
2071
2063
2071
2068
2065
2063
2063
2065
2056
2059
2045
2051
2058
2040
2045
2041
2053
2037
2040
2035
2035
2052
2038
2027
2031
2035
2037
2040
2040
2044
2055
2039
2044
2043
2056
2056
2063
2063
2057
2056
2066
2067
2063
2074
2073
2065
2075
2072
2071
2071
2080
2077
2076
2074
2085
2077
2081
2079
2081
2087
2083
2087
2083
2081
2077
2083
2083
2087
2080
2084
2089
2079
2073
2077
2078
2071
2071
2066
2072
2063
2067
2073
2073
2071
2067
2067
2073
2067
2073
2066
2057
2071
2066
2079
2077
2069
2071
2077
2072
2076
2064
2077
2079
2075
2077
2089
2086
2091
2088
2079
2090
2091
2094
2099
2102
2093
2087
2105
2095
2099
2109
2104
2104
2107
2115
2105
2117
2105
2095
2100
2103
2102
2121
2107
2106
2104
2105
2105
2110
2099
2090
2093
2093
2109
2095
2095
2097
2092
2088
2083
2091
2091
2086
2088
2089
2077
2084
2083
2086
2077
2089
2081
2080
2086
2077
2073
2091
2085
2099
2087
2093
2096
2089
2089
2101
2101
2110
2105
2107
2105
2116
2105
2107
2109
2108
2112
2109
2112
2121
2121
2117
2119
2119
2123
2123
2117
2109
2116
2103
2104
2100
2103
2100
2101
2095
2095
2089
2084
2088
2075
2080
2076
2089
2077
2071
2077
2077
2077
2075
2074
2068
2060
2055
2073
2058
2063
2068
2063
2058
2056
2059
2074
2063
2072
2067
2063
2067
2069
2068
2063
2077
2081
2075
2075
2081
2073
2089
2085
2077
2077
2075
2083
2076
2079
2071
2075
2075
2073
2076
2065
2072
2063
2063
2071
2063
2037
2055
2054
2051
2041
2038
2036
2033
2029
2021
2028
2025
2025
2016
2016
2017
2024
2008
2021
2012
2009
2013
2013
2010
2012
2008
2019
2017
2011
2027
2021
2019
2025
2016
2027
2027
2021
2035
2028
2024
2027
2040
2035
2032
2029
2027
2037
2035
2029
2027
2022
2024
2029
2034
2029
2028
2025
2025
2024
2014
2012
2021
2022
2011
2014
2019
2023
2011
2013
2007
2012
2007
2013
2009
2008
2013
2007
2007
2015
2011
2016
2023
2002
2021
2011
2021
2008
2014
2023
2020
2013
2019
2021
2026
2025
2025
2023
2027
2026
2011
2019
2020
2020
2023
2025
2021
2018
2011
2017
1991
2008
1999
2011
1995
1998
2001
1991
1995
1997
1995
1989
1987
1988
1991
1993
1984
1995
1991
1984
1989
1992
2001
1989
1995
1989
1995
2005
1996
2001
1989
2007
2001
2007
2008
2007
2019
2008
2019
2007
2012
2018
2010
2017
2004
2005
2013
2013
2005
2008
2019
2009
2005
2007
2001
2003
2009
1998
2011
2000
1995
1990
1994
1992
2000
1991
1997
1984
2000
1993
2001
1984
1974
1982
1993
1995
1993
1995
2000
2004
1998
1999
2005
1998
2000
1997
1997
2008
2007
2004
2013
2005
1998
1991
2003
1995
1997
1997
2005
1995
1973
1979
1990
1991
1991
1984
1973
1979
1977
1972
1975
1970
1971
1967
1967
1971
1964
1965
1963
1955
1963
1960
1957
1962
1947
1955
1958
1959
1963
1955
1961
1960
1955
1959
1969
1958
1948
1967
1963
1963
1958
1960
1961
1965
1977
1968
1960
1965
1968
1961
1977
1977
1968
1973
1969
1964
1973
1977
1975
1968
1975
1966
1965
1971
1965
1977
1979
1963
1977
1974
1975
1981
1977
1972
1975
1979
1971
1980
1979
1976
1980
1975
1975
1991
1981
1988
1980
1982
1979
1989
1982
1981
1978
1988
1992
1992
1983
1987
1992
1990
1983
1979
1982
1983
1988
1980
1989
1983
1976
1975
1981
1980
1975
1972
1977
1968
1973
1976
1967
1961
1979
1967
1972
1966
1968
1967
1980
1968
1974
1979
1972
1977
1975
1977
1987
1975
1983
1990
1988
1980
1992
1989
1987
1991
1983
1992
1991
1981
1991
1994
1989
1981
1987
1987
1984
1992
1981
1970
1977
1978
1966
1976
1964
1977
1963
1967
1958
1961
1952
1960
1961
1963
1951
1947
1950
1961
1957
1952
1952
1947
1947
1951
1952
1959
1955
1954
1955
1949
1952
1952
1962
1964
1963
1959
1961
1959
1971
1962
1975
1954
1973
1977
1971
1968
1975
1966
1967
1965
1963
1965
1969
1964
1975
1968
1974
1963
1969
1962
1968
1957
1961
1958
1964
1959
1963
1965
1964
1959
1963
1961
1963
1967
1971
1967
1964
1964
1967
1973
1964
1965
1976
1973
1977
1979
1970
1974
1977
1981
1973
1979
1972
1981
1975
1982
1974
1972
1979
1979
1974
1980
1977
1976
1968
1977
1972
1976
1964
1968
1971
1971
1963
1967
1962
1973
1956
1955
1952
1956
1959
1948
1945
1946
1953
1943
1944
1941
1945
1943
1947
1941
1942
1939
1940
1947
1937
1941
1936
1941
1934
1945
1932
1945
1942
1951
1942
1937
1944
1943
1953
1949
1943
1936
1944
1943
1933
1945
1940
1943
1947
1951
1940
1946
1948
1945
1952
1949
1959
1955
1949
1959
1959
1947
1950
1957
1960
1951
1960
1956
1960
1956
1955
1967
1963
1971
1965
1973
1973
1976
1981
1979
1977
1980
1987
1980
1988
1990
1992
1979
1997
1987
2003
1992
1995
1997
1996
1997
1984
2003
1993
1992
1984
1989
1989
1991
1996
1992
1993
1984
1983
1993
1988
1993
1995
1991
1998
1984
1995
1995
1997
1981
1990
1989
1997
2003
2003
2012
2001
2008
2010
2011
2008
2021
2013
2024
2015
2007
2023
2027
2027
2020
2015
2020
2021
2027
2024
2013
2021
2021
2031
2035
2027
2025
2019
2021
2022
2029
2025
2018
2016
2016
2014
2028
2014
2019
2025
2021
2029
2023
2009
2035
2024
2027
2031
2023
2027
2025
2029
2017
2039
2043
2038
2041
2045
2053
2047
2053
2048
2057
2054
2065
2065
2063
2067
2060
2075
2071
2065
2068
2077
2076
2077
2073
2076
2075
2065
2083
2069
2085
2079
2078
2074
2077
2073
2077
2081
2073
2085
2080
2073
2075
2077
2072
2077
2089
2071
2083
2077
2082
2085
2083
2077
2087
2085
2079
2080
2072
2077
2073
2075
2083
2083
2083
2080
2077
2087
2070
2085
2087
2076
2074
2081
2080
2085
2082
2085
2087
2080
2083
2089
2073
2080
2075
2075
2075
2068
2071
2077
2071
2075
2071
2071
2071
2066
2058
2071
2068
2069
2073
2067
2075
2073
2077
2073
2077
2073
2073
2083
2084
2085
2087
2088
2080
2093
2087
2091
2091
2084
2097
2088
2095
2093
2089
2093
2089
2095
2089
2090
2090
2087
2089
2088
2075
2085
2077
2075
2076
2079
2073
2075
2079
2077
2079
2079
2076
2071
2076
2077
2072
2077
2085
2077
2075
2078
2085
2085
2089
2084
2097
2091
2093
2103
2101
2096
2103
2100
2093
2104
2107
2108
2107
2101
2103
2105
2106
2111
2102
2109
2094
2103
2093
2092
2089
2094
2089
2087
2083
2080
2083
2075
2069
2077
2075
2065
2063
2063
2063
2045
2057
2041
2036
2040
2043
2033
2043
2031
2041
2038
2042
2039
2041
2029
2027
2039
2030
2047
2039
2034
2037
2043
2039
2042
2043
2043
2044
2054
2048
2035
2045
2044
2043
2052
2057
2063
2057
2059
2052
2055
2047
2044
2054
2045
2047
2058
2053
2055
2040
2039
2044
2035
2044
2032
2036
2033
2043
2030
2031
2027
2027
2022
2030
2023
2025
2021
2027
2015
2017
2019
2011
2009
2007
2023
2021
2014
2008
2024
2015
2013
2010
2017
2017
2012
2017
2010
2011
2018
2019
2013
2013
2015
2011
2017
2025
2023
2018
2023
2026
2023
2025
2021
2015
2035
2025
2025
2017
2029
2018
2031
2018
2025
2021
2026
2024
2027
2013
2023
2019
2016
2010
2016
2016
2023
2019
2029
2063
2085
2096
2120
2163
2204
2247
2292
2329
2375
2424
2469
2501
2525
2528
2549
2553
2567
2553
2551
2537
2527
2513
2488
2475
2447
2411
2376
2325
2277
2223
2151
2073
2008
1928
1859
1791
1727
1683
1628
1589
1553
1517
1495
1484
1467
1455
1449
1445
1438
1437
1433
1451
1471
1499
1541
1583
1626
1683
1745
1801
1855
1913
1971
2025
2074
2106
2167
2200
2223
2251
2268
2281
2292
2310
2315
2315
2299
2288
2267
2247
2210
2148
2108
2063
2006
1952
1917
1863
1819
1766
1737
1712
1695
1664
1643
1645
1632
1639
1623
1629
1625
1631
1631
1642
1651
1669
1681
1700
1715
1741
1757
1772
1787
1808
1837
1851
1856
1876
1880
1889
1897
1904
1915
1920
1917
1936
1939
1938
1947
1958
1952
1956
1955
1955
1955
1960
1970
1981
2009
2043
2103
2168
2262
2352
2467
2573
2678
2779
2859
2925
2972
2967
2951
2904
2843
2764
2663
2567
2454
2330
2203
2041
1897
1743
1575
1396
1215
1051
883
725
587
464
380
349
317
325
361
408
457
543
615
697
777
856
941
1022
1112
1205
1306
1439
1571
1712
1849
2008
2154
2329
2489
2624
2769
2908
3027
3131
3193
3261
3285
3288
3264
3245
3196
3130
3046
2950
2836
2705
2569
2404
2231
2067
1901
1711
1528
1360
1219
1116
1043
978
959
995
1018
1076
1156
1253
1357
1456
1587
1687
1800
1916
2016
2123
2217
2325
2423
2513
2608
2674
2746
2824
2869
2903
2911
2923
2904
2885
2843
2805
2759
2715
2669
2631
2588
2547
2512
2472
2430
2403
2344
2302
2253
2203
2154
2120
2077
2026
1993
1962
1925
1901
1865
1827
1803
1757
1723
1687
1636
1611
1565
1557
1523
1513
1524
1547
1573
1613
1655
1719
1785
1850
1916
1997
2065
2143
2205
2264
2317
2360
2399
2440
2452
2457
2447
2439
2406
2373
2325
2279
2217
2157
2084
2009
1957
1889
1836
1782
1745
1699
1664
1647
1637
1623
1616
1615
1619
1627
1654
1664
1695
1737
1769
1813
1844
1869
1912
1941
1960
1991
2000
2024
2029
2041
2060
2057
2041
2065
2055
2053
2039
2026
2027
2009
2011
1997
1991
1971
1952
1941
1954
1940
1931
1941
1943
1944
1936
1935
1930
1917
1918
1904
1899
1891
1879
1868
1861
1849
1861
1863
1891
1909
1936
1966
2012
2055
2115
2151
2199
2247
2272
2316
2345
2361
2389
2403
2403
2389
2389
2387
2359
2327
2296
2263
2222
2173
2131
2087
2032
1995
1948
1900
1849
1789
1753
1712
1661
1640
1606
1588
1570
1573
1561
1572
1579
1607
1632
1671
1716
1767
1822
1883
1932
1994
2067
2125
2195
2255
2301
2363
2411
2448
2491
2507
2536
2543
2575
2578
2573
2572
2557
2540
2520
2493
2464
2431
2385
2347
2303
2239
2197
2135
2089
2040
1984
1945
1913
1853
1824
1782
1771
1755
1745
1736
1741
1751
1768
1789
1820
1850
1886
1920
1976
2003
2071
2112
2164
2216
2252
2299
2336
2375
2393
2413
2427
2443
2439
2439
2424
2418
2408
2386
2364
2336
2314
2270
2243
2201
2153
2119
2071
2031
1987
1949
1915
1885
1837
1817
1789
1749
1735
1725
1704
1707
1709
1719
1724
1749
1760
1776
1789
1828
1851
1875
1899
1915
1951
1965
1983
2007
2013
2037
2024
2067
2067
2073
2069
2071
2060
2065
2056
2055
2033
2024
2016
2003
1977
1959
1944
1928
1901
1885
1864
1844
1828
1813
1785
1778
1767
1761
1741
1737
1740
1739
1742
1745
1756
1779
1779
1804
1813
1829
1843
1853
1874
1885
1902
1904
1917
1932
1943
1941
1958
1959
1956
1952
1963
1953
1955
1955
1964
1947
1943
1941
1929
1918
1926
1908
1895
1896
1894
1891
1903
1898
1909
1929
1933
1950
1963
1976
1996
2000
2023
2027
2031
2031
2045
2044
2037
2045
2039
2040
2039
2040
2029
2036
2032
2029
2037
2040
2037
2044
2032
2036
2037
2039
2061
2058
2043
2071
2075
2077
2088
2104
2103
2104
2117
2119
2117
2125
2125
2120
2117
2119
2095
2101
2087
2087
2083
2075
2072
2061
2063
2063
2065
2057
2055
2060
2073
2069
2087
2090
2089
2098
2121
2132
2141
2151
2157
2181
2176
2197
2204
2213
2220
2246
2248
2259
2259
2265
2280
2277
2280
2278
2281
2268
2261
2235
2230
2219
2204
2179
2173
2159
2148
2120
2105
2074
2057
2029
2007
1995
1963
1947
1917
1905
1883
1873
1855
1837
1828
1819
1817
1816
1807
1813
1807
1821
1821
1820
1827
1841
1847
1863
1873
1892
1909
1925
1957
1968
2001
2026
2041
2067
2075
2084
2105
2115
2126
2120
2120
2109
2100
2096
2087
2087
2063
2041
2027
2009
1994
1973
1939
1928
1899
1879
1863
1843
1819
1801
1784
1773
1761
1743
1726
1721
1694
1693
1693
1680
1683
1669
1685
1683
1681
1684
1705
1709
1725
1747
1768
1783
1804
1818
1838
1864
1881
1909
1932
1956
1964
1979
2006
2026
2037
2055
2084
2099
2117
2119
2147
2155
2165
2162
2185
2193
2203
2207
2205
2213
2207
2201
2201
2191
2181
2160
2156
2139
2119
2103
2080
2059
2032
2025
1995
1987
1973
1973
1963
1948
1944
1949
1944
1938
1947
1949
1949
1937
1947
1959
1968
1975
1984
2007
2023
2043
2059
2069
2115
2131
2143
2156
2188
2205
2213
2229
2251
2263
2271
2282
2295
2295
2299
2309
2310
2309
2298
2313
2293
2284
2277
2263
2251
2231
2217
2205
2182
2153
2152
2130
2127
2105
2092
2073
2072
2068
2044
2023
2021
2008
1997
1997
2001
1983
1983
1990
1994
2001
2005
2011
2017
2010
2022
2017
2015
2009
2008
2003
1981
1989
1991
1977
1975
1956
1960
1954
1958
1950
1949
1945
1944
1945
1943
1945
1947
1957
1955
1973
1980
1984
2005
2016
2037
2044
2071
2072
2082
2080
2091
2101
2111
2115
2119
2124
2130
2133
2136
2135
2134
2116
2120
2119
2110
2091
2087
2071
2041
2022
2011
1987
1971
1955
1945
1925
1912
1897
1888
1875
1867
1848
1844
1818
1816
1802
1802
1787
1789
1791
1795
1804
1815
1821
1843
1848
1853
1875
1889
1904
1919
1937
1958
1979
1984
2007
2017
2024
2055
2063
2074
2087
2103
2091
2112
2115
2106
2124
2107
2097
2088
2073
2067
2055
2041
2023
2017
2007
1992
1982
1975
1949
1949
1929
1925
1913
1901
1892
1896
1873
1879
1872
1885
1873
1889
1879
1899
1900
1912
1915
1939
1944
1955
1967
1973
1992
1994
2001
2020
2035
2037
2056
2068
2085
2087
2097
2114
2132
2124
2138
2136
2148
2149
2149
2165
2163
2152
2163
2155
2157
2151
2149
2129
2123
2100
2095
2080
2068
2052
2035
2023
2006
2003
1980
1989
1984
1981
1991
1981
1977
1993
1993
2011
2023
2023
2039
2044
2045
2048
2072
2077
2099
2095
2106
2112
2107
2123
2122
2137
2131
2148
2152
2163
2164
2167
2181
2171
2189
2201
2197
2190
2204
2201
2203
2174
2183
2173
2156
2155
2142
2123
2110
2091
2084
2061
2055
2043
2027
2020
2010
1989
2001
1984
1989
1976
1973
1989
1980
1984
1994
1987
1991
1993
2000
2001
2008
2023
2021
2031
2021
2028
2033
2024
2024
2026
2027
2024
2021
2016
2007
2007
1999
1993
1977
1973
1957
1938
1929
1919
1904
1893
1883
1869
1863
1851
1853
1847
1829
1835
1840
1837
1839
1848
1845
1867
1863
1885
1887
1898
1908
1933
1951
1972
1979
1987
1999
2005
2016
2024
2037
2053
2041
2041
2055
2052
2043
2053
2063
2043
2056
2044
2048
2047
2055
2039
2052
2032
2041
2029
2036
2027
2031
2023
2031
2033
2025
2023
2027
2027
2020
2031
2020
2027
2022
2019
2028
2020
2024
2027
2030
2033
2027
2023
2029
2043
2039
2043
2042
2029
2043
2043
2030
2037
2024
2039
2029
2039
2027
2032
2040
2053
2048
2056
2069
2070
2071
2073
2078
2079
2075
2091
2087
2093
2090
2091
2091
2091
2092
2089
2087
2087
2083
2071
2074
2074
2063
2071
2063
2057
2046
2052
2044
2037
2031
2043
2039
2025
2027
2034
2029
2015
2009
2015
2023
2011
2011
2007
2008
2008
2008
2001
2008
2005
1999
1999
1989
2006
1988
1991
1995
1995
1992
1991
1992
1979
1989
1989
1993
1984
1981
1973
1963
1977
1957
1963
1950
1949
1954
1945
1943
1943
1945
1947
1957
1965
1966
1972
1971
1990
1987
2009
1999
2012
2019
2016
2023
2035
2032
2056
2057
2058
2067
2071
2070
2081
2063
2071
2065
2055
2052
2035
2026
2011
1997
1992
1976
1967
1957
1943
1941
1916
1913
1907
1897
1885
1897
1875
1882
1881
1892
1880
1889
1898
1903
1913
1913
1928
1939
1941
1955
1950
1960
1963
1981
1977
1977
1978
1983
1981
1987
1989
1980
1984
1989
1996
1993
1993
1994
1995
2001
1992
1996
1992
1991
2001
1981
1993
1977
1977
1975
1983
1965
1973
1975
1967
1967
1965
1967
1974
1976
1977
1972
1977
1976
1981
1980
1996
1984
1995
1994
1993
2004
2007
2011
2011
2017
2021
2019
2023
2020
2027
2021
2019
2013
2005
1997
1997
1997
2004
2003
1993
1996
1993
1984
2004
1997
2000
2009
2017
2014
2019
2024
2021
2019
2031
2029
2027
2040
2040
2041
2044
2044
2063
2059
2065
2060
2058
2059
2057
2053
2051
2039
2039
2031
2024
2024
2009
2009
1997
1996
1987
1980
1963
1971
1964
1961
1955
1938
1944
1935
1935
1930
1932
1919
1925
1926
1927
1935
1935
1931
1937
1945
1954
1949
1965
1961
1981
1979
1979
1998
1994
2000
2008
2021
2011
2019
2033
2027
2035
2046
2044
2054
2052
2045
2055
2040
2035
2035
2025
2021
2020
2003
2007
1996
2003
1984
1989
1979
1976
1967
1964
1973
1960
1962
1960
1949
1963
1955
1961
1967
1951
1968
1962
1958
1979
1977
1983
1992
1992
1999
1996
2005
2011
2016
2013
2023
2023
2023
2039
2024
2032
2041
2045
2037
2040
2023
2055
2035
2043
2041
2035
2032
2027
2025
2035
2017
2014
2003
2001
1998
1992
1987
1977
1984
1975
1964
1962
1971
1969
1973
1957
1972
1964
1981
1983
1975
1992
1992
2004
2002
2013
2030
2024
2039
2045
2063
2059
2062
2068
2073
2073
2072
2077
2073
2062
2075
2074
2063
2073
2063
2059
2043
2039
2033
2035
2023
2012
2008
2015
2010
1995
2007
2007
2009
2018
2017
2020
2029
2038
2051
2044
2059
2067
2077
2080
2083
2096
2104
2123
2123
2137
2131
2129
2144
2151
2152
2165
2164
2168
2169
2180
2184
2185
2187
2171
2179
2169
2166
2153
2144
2141
2129
2119
2100
2089
2075
2067
2063
2043
2025
2005
1984
1971
1960
1951
1939
1927
1925
1904
1915
1909
1911
1915
1925
1930
1932
1931
1952
1963
1971
1963
1993
1995
2007
2010
2010
2020
2021
2029
2043
2041
2045
2063
2055
2047
2063
2039
2044
2053
2031
2024
2008
2007
2003
1993
1991
1965
1964
1960
1955
1945
1936
1923
1919
1915
1905
1908
1907
1904
1911
1911
1912
1915
1920
1934
1936
1945
1964
1958
1977
1982
1993
1995
2007
2023
2022
2023
2040
2043
2056
2063
2077
2078
2083
2077
2077
2090
2083
2075
2075
2066
2063
2048
2032
2037
2021
2007
2003
1993
1989
1983
1979
1963
1969
1971
1965
1968
1971
1975
1974
1987
1984
1997
2003
2008
2030
2037
2043
2056
2067
2077
2091
2091
2095
2107
2104
2121
2105
2107
2115
2104
2111
2101
2096
2091
2088
2073
2071
2058
2039
2032
2024
2017
2005
1991
1981
1975
1961
1945
1941
1944
1943
1920
1919
1919
1923
1907
1919
1917
1916
1927
1941
1936
1945
1959
1957
1966
1961
1983
1993
2005
2024
2017
2030
2040
2055
2063
2075
2084
2099
2104
2119
2123
2111
2131
2130
2133
2137
2126
2127
2125
2115
2108
2099
2091
2075
2059
2056
2039
2020
2012
2014
1979
1987
1976
1979
1960
1963
1957
1951
1957
1949
1957
1961
1967
1964
1976
1993
1997
1997
2005
2021
2027
2031
2041
2053
2059
2069
2069
2079
2077
2095
2095
2095
2099
2100
2094
2105
2104
2105
2105
2088
2093
2077
2075
2071
2058
2043
2040
2023
2013
2007
2002
1975
1975
1952
1960
1944
1929
1919
1913
1899
1905
1893
1893
1888
1900
1893
1901
1901
1925
1915
1925
1929
1955
1951
1967
1967
1981
1989
1988
1994
2009
2010
2005
2005
2023
2016
2023
2008
2013
2005
1997
2007
1993
1990
1974
1979
1973
1971
1964
1957
1960
1957
1945
1945
1933
1948
1945
1941
1943
1943
1943
1957
1961
1955
1952
1977
1979
1984
1988
1991
1995
2008
2013
2021
2016
2031
2032
2029
2043
2035
2055
2048
2053
2065
2063
2067
2058
2059
2071
2065
2045
2051
2043
2030
2035
2038
2036
2040
2041
2026
2032
2035
2019
2025
2023
2017
2011
2019
2011
1995
1989
2001
1998
1996
1991
2009
2006
2021
2023
2037
2039
2037
2039
2053
2067
2065
2071
2072
2065
2075
2078
2073
2073
2078
2073
2077
2075
2077
2074
2071
2069
2060
2063
2057
2044
2036
2040
2037
2036
2044
2041
2044
2043
2041
2041
2040
2037
2043
2039
2040
2038
2041
2035
2035
2033
2031
2038
2037
2036
2031
2017
2027
2031
2019
2015
2025
2014
2009
2013
2013
2015
2009
1999
2011
1997
2009
2013
2003
2000
1997
2004
2003
2008
1995
2004
2001
1996
2007
2007
2013
2009
2010
2011
2012
2009
2012
2009
2017
2016
2011
2008
2011
2015
2011
2009
2014
2007
2019
2013
2011
2008
2009
2011
2001
2001
1991
1994
1979
1983
1973
1977
1963
1973
1949
1955
1947
1949
1941
1929
1937
1928
1925
1919
1917
1926
1920
1917
1930
1927
1947
1931
1946
1937
1952
1947
1954
1965
1960
1968
1971
1967
1967
1963
1967
1967
1963
1981
1967
1975
1975
1978
1981
1973
1973
1981
1977
1977
1979
1981
1989
1979
1980
1988
1983
1991
1984
1989
1992
1989
1990
1991
1994
1991
1991
1990
1984
1990
1981
1987
1980
1992
1984
1989
1991
1989
1997
1992
1993
1993
1992
1995
1998
1997
1992
1991
1995
1995
1999
2005
1991
1992
1999
1995
1999
1991
1995
1981
1991
1981
1991
1976
1974
1976
1983
1981
1981
1960
1977
1974
1982
1982
1975
1975
1983
1976
1991
1980
1984
1987
1989
1997
1984
2002
1995
1992
1997
2003
2010
2001
1999
1992
1999
1992
1995
1995
1975
1984
1979
1997
1993
1983
1979
1989
1976
1977
1971
1979
1967
1955
1957
1961
1955
1955
1959
1949
1943
1949
1943
1957
1950
1943
1956
1948
1955
1952
1945
1957
1956
1964
1975
1963
1965
1967
1981
1981
1997
2013
2002
2016
2021
2023
2029
2053
2040
2043
2058
2058
2060
2055
2067
2063
2063
2045
2056
2054
2040
2027
2028
2023
2020
2011
2001
1991
1981
1977
1967
1963
1959
1941
1949
1943
1944
1933
1939
1941
1932
1932
1943
1929
1938
1943
1943
1957
1947
1963
1960
1957
1967
1968
1977
1981
1987
1994
1991
2003
1998
2009
2011
2011
2013
2011
2019
2011
2009
2011
2005
1994
1993
1991
1983
1981
1978
1974
1962
1975
1963
1957
1957
1944
1949
1957
1943
1947
1961
1949
1960
1952
1965
1972
1976
1988
1981
2001
2003
2013
2023
2027
2029
2039
2047
2059
2055
2069
2072
2073
2071
2077
2055
2063
2055
2053
2047
2043
2031
2026
2009
2002
1994
1982
1970
1975
1971
1966
1960
1956
1956
1955
1961
1958
1957
1966
1961
1975
1968
1980
1980
2002
2005
2019
2023
2024
2032
2046
2051
2075
2071
2089
2091
2104
2107
2107
2112
2124
2122
2124
2119
2123
2123
2112
2115
2107
2103
2100
2078
2091
2077
2055
2072
2045
2037
2026
2019
2013
1999
1997
1984
1987
1968
1974
1976
1971
1971
1971
1961
1963
1964
1967
1979
1965
1991
2003
1997
2010
2008
2020
2029
2029
2033
2043
2063
2065
2075
2075
2081
2091
2079
2093
2099
2103
2104
2104
2121
2111
2110
2116
2103
2117
2104
2099
2103
2103
2093
2085
2087
2080
2079
2067
2073
2057
2067
2053
2054
2041
2036
2035
2019
2027
2016
2009
2008
2009
2009
1990
1993
1999
2004
1996
1999
1997
2011
1995
2005
1999
2013
2004
2028
2027
2018
2031
2040
2056
2063
2070
2068
2073
2087
2079
2089
2086
2103
2095
2091
2095
2090
2085
2077
2080
2081
2075
2072
2063
2060
2056
2044
2055
2030
2025
2027
2017
2018
2011
2004
2011
2004
1997
2004
1995
1991
1992
1995
2003
1994
1995
1997
1999
2007
2008
2010
2007
2021
2007
2019
2021
2024
2023
2031
2037
2039
2030
2030
2037
2029
2041
2035
2040
2025
2043
2030
2029
2021
2030
2028
2024
2016
2005
2007
2011
1995
2007
1996
2007
1997
1993
2001
1998
2008
1999
2005
2007
2009
2019
2009
2021
2029
2022
2033
2041
2035
2053
2055
2063
2054
2065
2065
2072
2077
2070
2072
2072
2071
2070
2063
2065
2063
2067
2056
2063
2043
2047
2043
2046
2044
2042
2037
2035
2029
2039
2023
2027
2029
2023
2025
2020
2026
2029
2027
2025
2022
2028
2027
2030
2027
2041
2027
2031
2039
2037
2039
2040
2039
2040
2053
2055
2055
2047
2059
2057
2063
2055
2053
2058
2059
2063
2058
2063
2057
2046
2057
2056
2055
2055
2057
2057
2063
2059
2067
2063
2063
2056
2057
2063
2055
2063
2039
2039
2043
2039
2043
2035
2035
2019
2017
2023
2008
2013
2017
1997
2002
2001
1996
1991
1993
1993
1989
1987
1991
1979
1976
1974
1974
1975
1971
1975
1973
1964
1981
1971
1989
1977
1997
1993
1991
2001
1994
2009
2001
2008
2017
2016
2013
2024
2027
2022
2025
2025
2029
2025
2035
2037
2035
2031
2026
2024
2022
2019
2020
2009
2003
2009
1998
1995
1995
1982
1984
1987
1982
1991
1968
1977
1970
1975
1980
1978
1979
1976
1975
1968
1973
1973
1973
1979
1981
1980
1984
1983
1987
1983
1993
1976
1994
1995
1993
1997
2005
1998
2006
2000
2001
2003
2007
2011
2011
2013
2014
2019
2021
2027
2019
2024
2032
2038
2039
2053
2052
2056
2059
2068
2060
2058
2068
2069
2074
2073
2076
2075
2080
2075
2089
2083
2091
2077
2083
2084
2074
2083
2071
2056
2063
2063
2053
2040
2039
2033
2025
2013
2016
2015
2001
2004
1990
1992
1995
1989
1978
1981
1976
1991
1984
1979
1984
1983
1996
1997
2003
2007
1997
2013
2024
2019
2029
2035
2035
2041
2029
2052
2043
2047
2059
2058
2063
2062
2057
2063
2067
2065
2059
2055
2055
2041
2032
2029
2035
2024
2026
2016
2023
2021
2008
2007
2002
1997
1997
1990
1989
1983
1987
1981
1983
1987
1978
1967
1989
1973
1984
1992
1992
2000
2005
1997
2008
2008
2008
2018
2021
2016
2025
2025
2023
2038
2040
2030
2031
2034
2025
2036
2025
2035
2023
2037
2024
2039
2028
2027
2022
2025
2022
2012
2009
2019
2015
2007
2011
2009
1995
1997
1984
1977
1977
1979
1975
1964
1965
1964
1957
1948
1955
1945
1951
1957
1938
1957
1943
1951
1944
1937
1952
1949
1959
1949
1955
1955
1957
1965
1965
1970
1965
1964
1973
1976
1971
1978
1971
1979
1981
1993
1984
1980
1977
1978
1979
1979
1979
1971
1977
1977
1964
1973
1971
1959
1961
1959
1955
1947
1948
1945
1945
1943
1941
1945
1947
1945
1945
1949
1965
1967
1970
1971
1982
1976
1993
1999
2001
2011
2013
2024
2020
2023
2037
2031
2041
2055
2047
2047
2053
2057
2057
2063
2056
2051
2063
2044
2035
2039
2029
2031
2019
2015
2009
1997
1991
1981
1977
1974
1975
1959
1952
1946
1943
1940
1934
1933
1930
1941
1933
1918
1927
1929
1933
1939
1941
1933
1957
1941
1956
1957
1963
1973
1971
1967
1982
1979
1996
1995
2003
2003
2007
2009
2006
2001
2009
2001
2004
2001
2001
2001
2000
1992
1997
1989
1993
1989
1989
1983
1980
1977
1983
1973
1979
1968
1991
1977
1963
1971
1972
1965
1968
1971
1967
1973
1979
1973
1979
1967
1969
1975
1981
1981
1976
1975
1987
1984
1991
1996
1997
1997
1995
2001
2005
2006
2005
1998
2010
2012
2011
2019
2008
2016
2015
2015
2003
2011
2019
2022
2010
2008
2012
2009
2005
2008
2011
2007
2013
2007
2009
1999
1997
1997
1990
1995
1987
1983
1978
1975
1975
1959
1969
1967
1950
1963
1961
1961
1947
1951
1949
1955
1951
1957
1945
1949
1955
1959
1957
1965
1969
1971
1976
1976
1977
1981
1989
1993
2005
2001
2011
2005
2003
2025
2016
2013
2022
2016
2029
2035
2025
2027
2028
2022
2018
2016
2020
2016
2015
2023
2013
2015
2008
2001
2012
2005
2002
1993
2003
2003
1995
2003
1999
2003
2000
2012
2017
2013
2019
2019
2016
2030
2028
2025
2040
2039
2035
2041
2055
2040
2043
2056
2057
2057
2059
2043
2059
2048
2041
2057
2057
2054
2051
2041
2045
2047
2041
2043
2055
2046
2043
2055
2043
2042
2047
2045
2055
2065
2056
2060
2063
2065
2063
2058
2069
2073
2068
2075
2080
2072
2072
2074
2076
2082
2063
2079
2079
2080
2077
2078
2079
2079
2077
2083
2071
2079
2072
2068
2071
2068
2059
2053
2054
2056
2037
2055
2043
2039
2035
2039
2041
2031
2039
2036
2032
2040
2037
2041
2039
2035
2041
2045
2043
2056
2045
2055
2065
2067
2065
2065
2063
2065
2067
2063
2063
2061
2067
2063
2059
2057
2056
2053
2039
2040
2041
2035
2041
2036
2029
2036
2037
2027
2024
2027
2016
2020
2017
2018
2013
2022
2033
2019
2011
2016
2010
2025
2016
2021
2027
2028
2016
2029
2027
2041
2032
2044
2031
2045
2044
2057
2047
2047
2067
2063
2067
2056
2065
2071
2065
2075
2077
2075
2071
2069
2077
2073
2072
2072
2070
2066
2065
2063
2059
2053
2046
2037
2045
2037
2037
2025
2025
2017
2019
2024
2015
2022
2009
2010
2007
2006
2003
2007
2003
2012
2003
2003
2003
2009
2007
2007
2013
2011
2017
2020
2019
2023
2020
2028
2028
2028
2037
2025
2037
2045
2035
2052
2046
2045
2053
2048
2063
2067
2055
2067
2045
2048
2053
2036
2037
2039
2040
2036
2035
2025
2029
2023
2015
2011
2015
2009
2013
2013
2016
2021
2016
2013
2013
2027
2035
2022
2035
2040
2037
2041
2039
2046
2053
2059
2069
2065
2072
2073
2077
2072
2083
2073
2063
2072
2068
2070
2069
2070
2058
2055
2063
2047
2059
2040
2033
2029
2023
2017
2013
2011
2014
2008
2007
2011
2003
1996
2005
1995
1990
1993
1997
1995
1999
2003
2009
2008
2013
2021
2019
2005
2024
2019
2024
2017
2029
2031
2038
2026
2027
2027
2035
2033
2041
2033
2052
2023
2039
2023
2020
2012
2012
2012
2007
2000
1997
1991
1983
1993
1981
1981
1972
1975
1958
1963
1945
1965
1963
1963
1957
1951
1964
1953
1971
1976
1987
1974
1989
1996
1995
2001
2000
1997
2019
2023
2019
2023
2024
2027
2027
2031
2029
2029
2031
2042
2043
2039
2040
2040
2039
2032
2028
2031
2039
2030
2031
2029
2025
2024
2012
2021
2027
2023
2017
2015
2012
2007
2016
2013
2017
2005
2012
1993
2011
2008
1995
2003
1991
1997
2004
1995
2009
2011
2005
2017
2007
2007
2011
2025
2016
2018
2027
2025
2029
2024
2025
2039
2031
2040
2040
2055
2041
2040
2058
2043
2053
2057
2055
2053
2056
2048
2046
2041
2038
2044
2041
2041
2031
2040
2027
2035
2028
2021
2037
2017
2026
2017
2028
2020
2020
2011
2016
2005
2011
2007
2011
2003
2011
2007
2011
2013
2008
2011
2016
2007
2023
2023
2022
2013
2011
2012
2011
2019
2020
2025
2029
2023
2024
2029
2035
2025
2031
2027
2027
2024
2023
2024
2010
2011
2013
2009
2004
2009
1995
1987
1997
1973
1988
1969
1972
1991
1979
1975
1971
1970
1956
1974
1971
1965
1975
1976
1977
1981
1977
1978
1995
1993
1998
1995
2004
2000
2007
2013
2007
2003
2020
2019
2022
2021
2027
2013
2025
2027
2017
2022
2017
2031
2017
2025
2016
2018
2013
2017
2011
2007
2013
2007
2011
2005
1999
1984
1993
1993
1983
1981
1975
1979
1977
1977
1972
1968
1974
1973
1972
1971
1971
1960
1977
1975
1971
1979
1983
1982
1989
1992
1989
1994
2007
2005
1998
2013
2003
2013
2016
2019
2024
2013
2029
2023
2021
2014
2029
2023
2019
2027
2024
2024
2029
2023
2027
2015
2016
2019
2005
2003
1996
2004
1995
1999
1987
1991
1976
1971
1981
1975
1980
1975
1972
1973
1967
1967
1970
1964
1961
1959
1967
1963
1963
1965
1975
1975
1977
1979
1987
1983
1992
1992
1995
1992
2001
2011
2005
2006
2011
2009
2007
1997
2009
2007
2009
2017
2001
2007
1996
2003
1995
1992
2005
1977
1978
1977
1982
1979
1974
1966
1979
1964
1967
1959
1963
1960
1968
1962
1964
1965
1973
1960
1973
1972
1973
1976
1969
1979
1997
1980
1977
1996
1991
2003
1992
2000
2013
2007
2005
2012
2013
2013
2013
2015
2027
2027
2021
2021
2019
2018
2020
2012
2021
2009
2020
2012
2017
2011
2011
2012
2011
2009
2006
2009
2000
2000
2011
2001
2007
2003
2013
2002
2009
2007
2021
2008
2007
2012
2019
2019
2020
2007
2013
2020
2011
2016
2014
2021
2011
2013
2001
2005
1987
1999
1992
1991
1981
1979
1976
1971
1962
1960
1952
1951
1949
1943
1947
1947
1944
1939
1937
1945
1944
1939
1944
1949
1938
1949
1965
1964
1955
1973
1973
1977
1979
1995
1992
1998
2005
2008
2009
2019
2014
2013
2021
2023
2025
2025
2024
2010
2027
2026
2029
2019
2025
2023
2027
2021
2012
2007
2015
2003
2007
2004
2013
1997
1984
2002
1992
1975
1989
1983
1981
1975
1981
1976
1979
1981
1987
1978
1992
1997
1996
1997
2017
2007
2007
2012
2019
2023
2025
2025
2034
2037
2045
2039
2054
2058
2063
2067
2067
2065
2063
2070
2063
2063
2063
2059
2057
2063
2072
2067
2060
2043
2056
2043
2063
2036
2042
2040
2030
2035
2028
2027
2037
2030
2031
2031
2016
2017
2021
2016
2007
2012
2009
2019
2007
2011
2007
2003
2003
2005
2000
2005
2007
2004
2007
2011
2011
2005
2008
2008
2007
2008
2009
2013
2007
2010
2017
2009
2007
2001
2008
2008
2006
2007
2007
1999
1996
2007
1997
1992
2005
1999
2003
1993
1989
1993
2001
1999
2005
1998
1997
2000
2007
2007
2011
2019
2019
2016
2016
2028
2029
2031
2039
2033
2055
2039
2054
2053
2043
2056
2062
2053
2060
2061
2065
2043
2053
2042
2043
2041
2039
2042
2028
2029
2029
2017
2019
2011
2012
2003
2009
1997
2011
1996
1989
1995
2002
1984
1975
1983
1976
1987
1976
1975
1983
1982
1989
1979
1981
1989
2005
1996
2003
1997
1997
1996
2002
2013
2009
2023
2011
2013
2008
2022
2019
2017
2017
2017
2015
2009
2009
1991
2005
1993
1991
1993
1980
1975
1980
1972
1970
1967
1975
1952
1960
1957
1955
1964
1960
1960
1959
1962
1960
1965
1971
1967
1967
1966
1963
1981
1975
1992
1991
1995
1982
1995
1993
2005
2009
2014
2012
2039
2024
2025
2031
2039
2036
2040
2043
2041
2038
2043
2059
2057
2059
2056
2059
2055
2056
2063
2057
2058
2051
2055
2039
2043
2028
2040
2040
2043
2039
2035
2033
2031
2035
2023
2023
2026
2023
2027
2019
2021
2015
2017
2021
2008
2013
2023
2016
2026
2026
2023
2016
2023
2023
2026
2019
2023
2027
2019
2026
2033
2021
2035
2035
2039
2039
2044
2039
2051
2042
2044
2052
2041
2045
2057
2043
2063
2039
2042
2045
2036
2031
2040
2031
2035
2035
2027
2024
2020
2024
2013
2020
2009
2011
2001
2003
2005
1996
1997
1996
1997
1995
2003
1996
1997
2003
1995
2007
2011
1991
2008
2013
2018
2007
2009
2013
2027
2017
2023
2021
2025
2024
2031
2027
2020
2019
2019
2025
2016
2021
2021
2007
2017
2021
2010
2007
2011
2009
2004
2011
2004
1996
1999
1995
1996
1999
1997
1999
1995
2005
2007
1995
1997
1994
1995
2009
2007
2007
2011
2011
2019
2014
2027
2025
2024
2024
2020
2030
2037
2028
2039
2039
2045
2044
2035
2038
2031
2035
2027
2025
2030
2025
2025
2011
2007
2008
2004
1997
1991
1992
1981
1974
1973
1975
1972
1975
1977
1963
1959
1973
1967
1967
1965
1965
1968
1976
1976
1967
1989
1992
2003
2007
1989
2003
2013
2017
2016
2025
2024
2027
2031
2032
2041
2040
2036
2040
2038
2029
2038
2042
2041
2032
2035
2037
2037
2027
2033
2033
2024
2033
2023
2009
2012
2009
2007
2009
2006
1997
1999
1997
1997
1981
1993
1989
1984
1991
1983
1992
2001
1984
2001
1991
2007
1998
2009
2011
2007
2010
2015
2020
2027
2028
2030
2035
2043
2056
2063
2045
2057
2058
2045
2062
2066
2063
2045
2055
2055
2056
2053
2043
2051
2039
2035
2037
2025
2043
2037
2014
2023
2013
2013
2011
2004
2007
2009
2007
2004
1998
1995
2005
1994
1988
1993
1993
1995
1992
1995
1993
1994
2003
2003
1998
1995
2007
2013
2007
2012
2019
2019
2013
2017
2016
2020
2020
2025
2021
2023
2013
2025
2031
2023
2021
2027
2019
2017
2017
2011
2012
2019
2017
2017
2011
2009
1997
2007
2003
2001
1991
1997
2002
1999
1998
2007
2006
1991
2009
2003
2003
2007
2017
2005
2001
2007
2015
2019
2021
2020
2023
2029
2022
2029
2023
2024
2021
2025
2023
2015
2023
2023
2008
2008
2005
2008
2005
2001
1993
1999
2003
1987
1996
1989
1996
1982
1993
1981
1976
1976
1977
1981
1975
1973
1975
1967
1977
1976
1973
1971
1979
1976
1990
1977
1988
1981
1991
1993
1992
2000
2001
2001
1995
1997
1992
2000
2005
2001
1999
2009
1996
1989
1998
1994
1996
1997
1990
1983
1989
1983
1980
1980
1989
1979
1980
1982
1983
1977
1982
1980
1995
1977
1980
1991
1995
1984
2005
2007
2005
2011
2006
2017
2025
2029
2028
2036
2039
2038
2043
2051
2055
2046
2054
2057
2059
2047
2042
2044
2055
2067
2055
2043
2056
2047
2060
2045
2032
2048
2043
2032
2041
2032
2034
2029
2025
2041
2027
2031
2016
2012
2018
2012
2013
2007
2007
2000
2011
2005
2003
2008
2003
2003
2005
1995
2011
1993
2001
2005
2003
2001
2001
1999
2005
1994
2004
1991
2008
2004
2005
2001
2007
2003
1996
2006
1998
2007
2001
2003
1996
2006
2011
2001
2005
2007
2005
2013
1995
2011
2007
2011
2015
2011
2012
2019
2007
2009
2007
2011
2017
2014
2021
2017
2017
2017
2023
2017
2016
2025
2019
2025
2024
2023
2021
2021
2028
2023
2017
2020
2024
2011
2013
2024
2011
2012
2007
2008
2007
2007
2003
2007
2000
2003
1992
1991
1995
1993
1980
1981
1977
1979
1971
1976
1980
1959
1965
1971
1966
1963
1975
1965
1964
1970
1960
1961
1965
1973
1970
1979
1991
1994
1991
1989
2009
1999
2007
2012
2021
2013
2020
2028
2023
2035
2041
2032
2033
2056
2045
2035
2051
2053
2059
2044
2046
2055
2041
2033
2057
2042
2041
2037
2030
2024
2027
2024
2019
2012
2008
2009
2002
1995
2005
1995
1991
1991
1979
1979
1987
1980
1982
1982
1979
1989
1981
1991
1997
1981
2000
2000
2011
2004
2013
2009
2014
2027
2039
2039
2040
2051
2045
2048
2060
2068
2068
2071
2072
2065
2071
2065
2079
2083
2063
2075
2075
2072
2077
2071
2067
2063
2058
2058
2063
2063
2040
2053
2039
2043
2041
2031
2037
2033
2019
2028
2028
2023
2031
2016
2024
2024
2027
2019
2029
2016
2022
2021
2024
2025
2028
2024
2037
2024
2033
2025
2039
2037
2032
2041
2031
2033
2040
2032
2032
2037
2043
2035
2031
2054
2032
2035
2041
2036
2032
2053
2041
2032
2037
2035
2023
2028
2020
2029
2026
2029
2019
2016
2023
2015
2021
2026
2027
2024
2019
2011
2021
2025
2015
2024
2015
2021
2023
2021
2017
2018
2009
2015
2019
2021
2008
2035
2028
2023
2024
2023
2030
2023
2023
2031
2024
2037
2029
2039
2037
2034
2031
2041
2041
2040
2040
2040
2041
2037
2034
2037
2032
2042
2025
2034
2031
2030
2026
2036
2026
2019
2024
2029
2015
2021
2023
2021
2016
2024
2008
2025
2019
2013
2023
2009
2027
2017
2019
2007
2018
2013
2015
2015
2021
2016
2011
2020
2011
2025
2027
2029
2023
2023
2029
2022
2029
2027
2032
2028
2027
2025
2029
2027
2035
2028
2029
2033
2029
2035
2036
2037
2043
2031
2028
2040
2029
2037
2043
2053
2052
2039
2038
2044
2030
2041
2040
2057
2043
2045
2044
2063
2057
2063
2053
2063
2052
2065
2057
2053
2066
2063
2056
2053
2058
2067
2055
2058
2059
2041
2044
2061
2056
2040
2043
2051
2044
2039
2041
2039
2036
2037
2032
2043
2035
2036
2027
2031
2035
2035
2041
2037
2032
2045
2037
2045
2029
2043
2039
2056
2039
2043
2063
2059
2048
2057
2051
2044
2055
2046
2059
2055
2047
2041
2040
2041
2039
2040
2037
2029
2028
2024
2024
2013
2016
2012
2013
2017
2015
2015
2009
2009
1996
1995
2001
1992
1981
1992
1984
1976
1979
1982
1991
1978
1993
1980
1980
1988
1983
2002
1991
1991
1995
2001
1997
2001
2003
2011
2009
2009
2014
2011
2012
2008
2023
2017
2024
2025
2023
2024
2027
2028
2026
2027
2025
2027
2020
2031
2025
2018
2039
2031
2028
2015
2025
2039
2029
2020
2035
2031
2024
2019
2023
2023
2021
2013
2021
2019
2019
2023
2019
2011
2016
2018
2017
2014
2023
2011
2017
2025
2014
2013
2023
2027
2025
2019
2023
2025
2024
2031
2031
2029
2026
2021
2022
2016
2023
2023
2022
2026
2024
2019
2013
2024
2023
2014
2025
2016
2012
2013
1996
2009
2008
2007
2007
1995
2003
2007
1996
2002
2007
1993
1997
1994
1992
1998
1993
2001
1997
1992
1993
1987
1992
1996
1989
1995
1991
1992
1995
2001
1982
1994
1982
1980
1989
1990
1982
1979
1983
1989
1977
1989
1973
1982
1989
1981
1979
1980
1973
1987
1981
1980
1995
1984
1979
1989
1991
1981
1995
1987
1989
1996
1993
1993
2001
1997
2003
2003
1996
2000
2009
2008
2001
2013
2010
2023
2014
2019
2013
2021
2024
2023
2024
2027
2033
2035
2024
2026
2020
2016
2012
2019
2020
2021
2028
2019
2019
2027
2019
2023
2012
2017
2013
2011
2007
2012
2019
2011
2019
2009
2012
2007
2013
2022
2001
2019
2023
2011
2024
2025
2035
2023
2024
2031
2029
2021
2035
2029
2037
2027
2025
2031
2043
2040
2036
2029
2037
2029
2029
2029
2028
2035
2037
2023
2027
2027
2016
2021
2014
2011
2019
2011
2009
2009
1995
1997
2003
1993
1997
1991
1997
2003
1999
1992
2003
1997
1994
2001
2004
2013
2011
1997
2011
2008
2014
2019
2011
2022
2021
2023
2027
2035
2025
2029
2027
2028
2025
2033
2035
2032
2029
2031
2026
2033
2028
2031
2039
2032
2023
2027
2031
2027
2019
2023
2015
2015
2019
2017
2017
2007
2000
2014
2008
2011
2009
2008
2008
2011
2010
2009
2007
2009
2009
2014
2013
2005
2011
2015
2021
2015
2019
2017
2021
2019
2016
2021
2029
2024
2023
2016
2025
2035
2030
2030
2026
2029
2025
2037
2029
2025
2025
2018
2021
2023
2025
2023
2022
2017
2027
2027
2021
2025
2029
2013
2030
2022
2025
2013
2027
2021
2024
2024
2027
2029
2029
2024
2026
2037
2028
2041
2029
2036
2032
2051
2038
2041
2027
2043
2040
2032
2037
2031
2036
2031
2037
2026
2031
2022
2021
2025
2017
2011
2015
2000
2003
2002
2003
2004
2003
1995
1996
1995
1992
2001
1987
1992
1988
1988
1980
1995
1992
1991
1994
1991
2003
1997
2004
2007
2011
2010
2011
2017
2015
2023
2017
2016
2027
2026
2029
2024
2024
2024
2029
2028
2033
2027
2023
2027
2025
2027
2016
2011
2008
2013
2008
2007
2003
2004
1995
1992
1991
1975
1977
1988
1979
1980
1979
1973
1973
1977
1965
1964
1970
1968
1973
1981
1981
1967
1983
1973
1981
1980
1989
1990
1989
1995
1994
2001
2001
1997
2006
2003
1997
2006
2000
1997
2007
2009
2009
2019
2008
2015
2006
2012
2004
2008
2003
2012
1999
2009
2015
2007
2006
2005
2003
2008
2001
2009
2005
1999
2000
1995
2009
1993
1996
2002
2001
2000
2009
2001
2003
1991
2001
2007
2001
2011
2013
2007
2009
2010
2018
2008
2013
2008
2011
2025
2003
2012
2009
2006
2020
2019
2010
2011
2023
1995
2023
2019
2018
2017
2009
2023
2027
2011
2011
2011
2015
2008
2015
2011
2011
2005
2011
2015
2007
2009
2007
2009
2017
2012
2007
2014
2012
2012
2013
2012
2010
2012
2006
2018
2021
1995
2015
2006
2012
2008
2009
2007
2013
1997
2011
2008
2004
2009
1995
2012
1997
2005
2000
2007
2007
2009
2012
2011
2000
2005
2009
1998
2001
2006
2005
2006
2000
2004
1995
2007
2008
2004
2007
2007
1996
2011
2013
2009
2007
2009
2011
2007
2007
2007
2011
2009
2008
2008
2019
2008
2010
2022
2008
2015
2015
2009
2013
2015
2016
2015
2012
2011
2008
2009
2017
2013
2012
2012
1999
2011
2000
2009
2014
2007
2014
2020
2011
2019
2015
2019
2019
2013
2017
2015
2023
2024
2015
2023
2020
2025
2028
2026
2020
2029
2024
2035
2041
2037
2031
2031
2024
2029
2029
2040
2033
2036
2037
2029
2037
2031
2032
2035
2026
2029
2031
2027
2029
2033
2025
2027
2024
2022
2019
2018
2027
2013
2035
2027
2027
2019
2024
2021
2021
2019
2012
2011
2019
2011
2021
2023
2027
2013
2024
2015
2025
2021
2027
2029
2020
2011
2027
2019
2027
2019
2023
2024
2023
2021
2032
2029
2027
2029
2016
2019
2025
2015
2018
2023
2019
2017
2013
2021
2011
2013
2013
2011
2007
2010
2007
2009
2011
2021
2011
2011
2008
2004
2003
2003
2021
2008
2017
2023
2020
2019
2009
2019
2019
2016
2023
2024
2008
2020
2016
2019
2012
2023
2016
2019
2023
2007
2021
2019
2012
2014
2007
2007
2005
1999
2004
1995
1995
1989
1994
1995
1982
1993
1983
1991
1975
1981
1981
1976
1965
1978
1977
1975
1971
1976
1975
1966
1975
1979
1976
1979
1979
1982
1979
1977
1971
1989
1989
1981
1995
1989
1993
1997
1997
1997
2003
2007
2009
2009
2007
2011
2005
2007
2008
2019
2013
1998
2008
2008
2011
2013
2008
2019
2004
2009
2008
1995
2002
1997
2003
2003
2005
1997
1995
1997
2001
1995
1979
1989
1995
1997
1997
1987
1996
1998
1992
2002
2006
2008
2003
2008
2009
2008
2021
2014
2014
2027
2017
2031
2033
2032
2036
2028
2044
2043
2032
2041
2035
2037
2031
2043
2035
2037
2029
2026
2021
2029
2016
2008
2007
2007
2001
1984
1989
1977
1981
1979
1965
1965
1967
1955
1952
1941
1953
1945
1935
1935
1934
1939
1934
1931
1933
1933
1943
1934
1942
1941
1940
1957
1960
1952
1949
1962
1970
1974
1972
1989
1981
1977
1995
2001
1997
2003
1995
2002
2005
2008
2008
1999
2005
2008
2012
2004
2009
2007
2001
2009
2003
2002
1995
2003
1984
1997
1997
1989
1983
1978
1987
1979
1968
1961
1990
1975
1982
1980
1979
1983
1993
1982
1990
1981
1995
1995
1995
2005
2003
2007
2013
2003
2003
2005
2009
2011
2007
2020
2013
2016
2011
2019
2016
2007
2009
2009
2009
2017
2011
2010
2003
2003
2007
2003
2001
2000
1999
1991
1999
2004
2001
1997
1997
1989
1993
1993
2007
2000
1992
1997
1993
1995
2002
2008
2007
2013
2005
2011
2012
2007
2011
2021
2019
2020
2019
2017
2018
2011
2015
2013
2019
2011
2016
2010
2009
2007
2005
2001
2003
1996
1997
1995
1980
1993
1987
1989
1989
1976
1983
1973
1968
1965
1968
1977
1965
1965
1963
1972
1973
1963
1967
1967
1975
1981
1981
1976
1980
1980
1985
1994
1997
2007
1995
2002
2010
2011
2023
2024
2023
2027
2029
2039
2038
2043
2037
2063
2041
2043
2048
2045
2057
2056
2045
2055
2057
2057
2053
2063
2043
2045
2040
2035
2051
2039
2044
2025
2019
2024
2025
2016
2005
2011
2000
2005
2008
2002
1997
1989
1997
1998
1991
1995
2001
1989
2002
1997
1999
2003
2007
1997
2001
2009
2015
2017
2012
2020
2023
2021
2025
2025
2028
2035
2031
2027
2043
2040
2040
2052
2039
2041
2041
2055
2043
2046
2039
2039
2043
2043
2035
2043
2041
2028
2045
2037
2041
2027
2037
2031
2037
2039
2029
2037
2040
2040
2035
2037
2030
2039
2038
2037
2035
2036
2028
2029
2035
2030
2039
2032
2031
2030
2019
2035
2025
2028
2027
2031
2025
2024
2024
2026
2024
2027
2021
2018
2025
2027
2022
2031
2025
2019
2019
2017
2012
2021
2015
2017
2019
2019
2012
2017
2016
2024
2020
2023
2023
2022
2023
2021
2027
2023
2030
2028
2029
2027
2032
2033
2032
2027
2040
2043
2030
2028
2032
2041
2038
2029
2043
2040
2030
2037
2041
2042
2032
2030
2035
2039
2038
2040
2036
2023
2033
2031
2034
2035
2024
2035
2027
2032
2037
2028
2031
2035
2031
2032
2037
2032
2043
2038
2031
2043
2055
2040
2045
2056
2038
2052
2056
2063
2043
2055
2044
2059
2055
2059
2063
2062
2057
2056
2057
2044
2059
2043
2065
2063
2063
2055
2063
2047
2057
2055
2053
2043
2055
2063
2045
2053
2055
2040
2045
2055
2039
2043
2038
2032
2031
2041
2039
2039
2026
2037
2035
2029
2039
2039
2054
2039
2043
2053
2044
2041
2043
2039
2039
2055
2042
2042
2042
2043
2059
2045
2059
2046
2045
2056
2045
2056
2043
2058
2058
2055
2048
2034
2037
2053
2039
2041
2037
2030
2030
2031
2032
2029
2027
2029
2020
2027
2026
2025
2025
2009
2015
2007
2013
2011
2019
2012
2023
2023
2019
2025
2024
2024
2015
2020
2023
2026
2023
2026
2030
2025
2031
2038
2037
2027
2023
2032
2039
2039
2027
2031
2031
2036
2035
2031
2042
2019
2039
2031
2027
2031
2035
2023
2029
2033
2035
2031
2031
2023
2031
2028
2035
2028
2035
2036
2030
2033
2040
2037
2041
2039
2039
2053
2045
2041
2053
2040
2051
2053
2055
2043
2047
2065
2053
2043
2051
2041
2048
2053
2055
2054
2038
2039
2045
2029
2035
2027
2043
2028
2025
2028
2024
2031
2029
2021
2025
2023
2021
2023
2024
2028
2027
2025
2023
2025
2031
2035
2039
2041
2045
2045
2044
2069
2053
2064
2057
2073
2071
2079
2076
2087
2080
2093
2093
2085
2089
2091
2094
2094
2096
2093
2090
2087
2091
2091
2087
2088
2081
2080
2083
2071
2071
2071
2057
2060
2056
2043
2039
2040
2040
2035
2027
2029
2018
2021
2019
2020
2017
2024
2023
2007
2014
2013
2005
2020
2013
2011
2021
2023
2031
2019
2027
2031
2027
2031
2025
2036
2039
2045
2047
2036
2059
2055
2057
2063
2059
2063
2047
2063
2063
2054
2045
2061
2043
2059
2046
2055
2037
2032
2037
2027
2029
2026
2015
2007
2005
2008
2005
1997
1994
1983
1987
1977
1989
1981
1973
1977
1966
1971
1973
1967
1963
1971
1965
1968
1973
1972
1979
1979
1976
1977
1982
1989
1984
1995
1997
1997
2005
2008
2007
2017
2016
2013
2020
2016
2025
2013
2019
2024
2024
2013
2021
2031
2020
2022
2019
2025
2021
2017
2020
2011
2005
2011
2007
2006
1998
2008
2003
2005
1996
1991
1999
1993
1979
1987
1995
1989
1981
1982
1987
2003
1983
1987
1998
1996
1991
2008
1995
2007
1994
2003
2005
2003
2008
2003
2003
2006
2003
2009
2009
2007
2000
2010
2003
2012
2005
2011
2003
1989
2000
1997
2004
1991
1992
1988
1984
1996
1990
1977
1983
1976
1976
1978
1964
1977
1966
1971
1971
1973
1971
1967
1965
1969
1963
1969
1968
1969
1963
1967
1965
1971
1965
1971
1952
1957
1952
1960
1965
1956
1964
1962
1961
1965
1951
1961
1959
1961
1957
1960
1937
1957
1957
1949
1957
1949
1947
1957
1949
1963
1952
1956
1951
1960
1960
1965
1961
1957
1965
1963
1965
1966
1977
1959
1968
1959
1980
1965
1981
1976
1979
1991
1980
1981
1983
1981
1981
1989
1979
1975
1984
1979
1991
1976
1981
1968
1963
1972
1968
1961
1963
1963
1955
1959
1957
1951
1951
1947
1947
1941
1936
1937
1935
1935
1928
1929
1920
1917
1927
1931
1925
1925
1931
1943
1916
1936
1931
1935
1938
1944
1940
1949
1951
1951
1949
1952
1949
1961
1959
1965
1969
1975
1971
1976
1973
1979
1973
1973
1976
1967
1977
1975
1975
1976
1968
1974
1987
1975
1963
1971
1963
1973
1969
1971
1959
1961
1941
1959
1952
1953
1950
1947
1945
1948
1965
1945
1943
1946
1943
1948
1943
1951
1958
1939
1948
1958
1947
1957
1950
1950
1959
1969
1963
1973
1975
1971
1980
1983
1976
1991
1989
1995
1991
1992
1997
1983
2001
2004
2004
2007
2002
2005
2003
2008
1996
2000
2004
1993
1996
2007
1995
1997
1991
2003
1997
1997
1993
1984
1997
1995
1987
1994
1982
1992