2065
2057
2057
2058
2069
2061
2065
2060
2073
2064
2068
2074
2074
2068
2074
2071
2072
2073
2071
2080
2068
2075
2066
2075
2071
2067
2063
2068
2059
2066
2066
2063
2048
2063
2057
2044
2058
2028
2043
2045
2035
2037
2035
2022
2023
2029
2027
2027
2027
2037
2023
2023
2025
2032
2023
2027
2027
2030
2028
2035
2027
2040
2042
2041
2041
2055
2055
2052
2056
2047
2056
2065
2044
2065
2057
2067
2067
2066
2068
2068
2073
2069
2069
2067
2071
2065
2071
2067
2071
2070
2066
2067
2063
2056
2057
2056
2039
2043
2045
2039
2040
2043
2028
2029
2025
2027
2021
2023
2016
2017
2019
2005
2007
2004
1995
2007
2006
2002
1997
1994
1995
1995
1987
1997
1979
1982
1982
1990
1975
1979
1987
1977
1983
1976
1989
1976
1976
1970
1981
1981
1977
1989
1975
1973
1980
1977
1981
1983
1981
1984
1974
1992
1997
1992
1987
1992
1995
1992
1993
1992
1993
1983
1990
1984
1993
1989
1989
1992
1981
1990
1967
1991
1982
1981
1977
1988
1981
1982
1979
1980
1976
1975
1981
1976
1974
1974
1973
1971
1971
1963
1975
1969
1967
1971
1975
1971
1967
1975
1977
1976
1968
1969
1975
1967
1975
1973
1975
1980
1979
1989
1977
1990
1989
1991
1978
1996
1999
1993
2004
2007
2006
2003
2011
2003
2011
2007
2003
2019
2012
2012
2008
2012
2019
2010
2007
2008
2006
2007
2002
1992
2003
2005
2000
2001
1984
1991
1989
1989
1979
1974
1977
1978
1976
1973
1965
1972
1965
1965
1963
1963
1960
1960
1964
1956
1961
1957
1957
1963
1961
1965
1963
1967
1965
1965
1959
1971
1968
1979
1971
1976
1968
1976
1990
1979
1995
1983
1996
1993
1989
1992
1993
1993
2007
2002
1995
1991
1995
1995
1991
1993
1991
1987
1989
1981
1995
1989
1980
1971
1979
1983
1981
1979
1977
1981
1972
1973
1975
1964
1966
1957
1952
1951
1961
1963
1963
1952
1959
1963
1956
1959
1952
1948
1961
1951
1951
1949
1949
1952
1946
1943
1941
1948
1945
1955
1951
1955
1948
1949
1949
1949
1947
1951
1950
1962
1956
1951
1953
1954
1944
1943
1955
1946
1953
1959
1957
1953
1959
1955
1948
1949
1944
1943
1939
1952
1945
1944
1947
1944
1949
1949
1949
1952
1941
1959
1945
1947
1959
1947
1960
1965
1960
1963
1972
1960
1968
1975
1968
1968
1973
1977
1979
1977
1972
1975
1993
1976
1989
1995
1984
1975
1989
1991
1993
1992
1993
1992
1979
1991
1992
1999
1989
1991
2002
1991
1993
1997
1993
1997
1999
2003
1999
2009
2001
2007
2011
2005
2010
2021
2013
2015
2020
2023
2021
2023
2027
2031
2023
2035
2025
2028
2030
2031
2029
2032
2033
2025
2029
2029
2026
2023
2025
2031
2018
2027
2017
2023
2017
2015
2018
2009
2012
1999
2008
2005
1997
1997
1994
1998
1994
1995
1997
1995
1997
2001
1992
1999
1991
2003
1996
1994
2000
1997
2002
2005
2005
2005
2000
2019
2017
2012
2016
2010
2017
2013
2021
2011
2021
2013
2013
2018
2011
2010
2019
2007
2011
2011
2007
1993
1987
2003
1997
1993
1984
1989
1992
1989
1977
1983
1979
1979
1973
1964
1974
1973
1973
1972
1976
1965
1975
1971
1976
1979
1971
1975
1977
1987
1977
1975
1977
1973
1987
1982
1992
1974
1984
1983
1988
1998
1983
1993
2001
2007
2008
2004
2014
2005
2005
2011
2009
2008
2011
2010
2012
2015
2015
2017
2003
2013
2003
2017
2006
2009
2009
2007
1998
2009
2005
2005
2001
2007
2000
2003
2005
2011
1996
2003
2005
1995
1991
2005
2002
1992
1992
2003
2008
2007
1995
2011
2001
2003
2000
2003
2005
2007
2003
2002
2008
2012
2019
2011
2009
2012
2019
2027
2022
2008
2013
2017
2024
2021
2031
2023
2021
2024
2031
2025
2035
2039
2027
2033
2029
2027
2033
2036
2027
2035
2039
2039
2027
2029
2032
2035
2028
2031
2029
2032
2029
2035
2024
2024
2025
2025
2026
2024
2025
2021
2021
2023
2019
2021
2027
2024
2023
2021
2017
2023
2023
2022
2014
2013
2027
2019
2007
2027
2025
2027
2026
2025
2029
2025
2031
2031
2028
2031
2035
2036
2039
2045
2038
2041
2045
2036
2053
2056
2055
2045
2055
2045
2059
2059
2060
2067
2063
2063
2063
2063
2057
2067
2072
2063
2046
2068
2060
2060
2054
2065
2048
2053
2059
2055
2057
2057
2045
2045
2057
2057
2057
2041
2043
2035
2053
2053
2040
2055
2042
2037
2041
2039
2041
2038
2028
2040
2041
2023
2039
2035
2040
2033
2026
2029
2034
2030
2041
2029
2040
2032
2031
2029
2032
2031
2035
2032
2029
2029
2041
2023
2043
2039
2032
2032
2041
2043
2055
2043
2047
2039
2059
2054
2043
2063
2069
2072
2062
2071
2067
2066
2064
2076
2077
2073
2071
2071
2075
2080
2080
2079
2072
2091
2073
2080
2085
2079
2075
2083
2082
2079
2082
2072
2081
2073
2075
2071
2073
2069
2073
2067
2069
2067
2055
2069
2059
2045
2057
2063
2063
2055
2043
2045
2048
2044
2054
2044
2056
2043
2041
2053
2043
2040
2039
2040
2055
2036
2043
2051
2041
2055
2048
2040
2053
2044
2053
2051
2057
2051
2059
2039
2061
2039
2055
2029
2038
2052
2040
2040
2039
2035
2039
2036
2040
2054
2036
2033
2038
2037
2027
2026
2040
2037
2025
2027
2031
2026
2029
2024
2024
2036
2024
2028
2029
2027
2025
2030
2027
2027
2027
2032
2027
2023
2021
2019
2026
2024
2026
2029
2029
2024
2025
2021
2033
2026
2023
2016
2021
2013
2021
2025
2022
2020
2010
2015
2019
2010
2012
2011
2008
1998
2018
2015
2010
2015
2013
2018
2013
2003
2007
2016
2019
2013
2015
2017
2012
2010
2010
2009
2010
2004
2019
2010
2005
2011
2013
2007
2005
2007
2008
2004
2005
2003
2003
2007
2003
2008
2005
2005
2001
1997
1995
1999
1996
1992
1988
1993
1987
1983
1982
1977
1977
1982
1974
1980
1975
1971
1964
1972
1977
1966
1961
1963
1960
1967
1965
1960
1960
1963
1956
1966
1960
1955
1959
1950
1955
1955
1961
1951
1957
1958
1951
1958
1957
1955
1957
1961
1958
1965
1965
1962
1968
1963
1960
1967
1969
1973
1968
1971
1972
1967
1973
1971
1976
1979
1971
1971
1980
1967
1971
1969
1964
1981
1977
1975
1977
1975
1979
1981
1975
1972
1975
1983
1983
1963
1980
1983
1969
1976
1977
1976
1983
1976
1983
1977
1979
1984
1975
1976
1977
1962
1964
1963
1962
1971
1975
1964
1955
1962
1945
1959
1949
1945
1937
1944
1948
1932
1931
1936
1936
1925
1925
1933
1925
1937
1915
1930
1927
1925
1917
1928
1927
1918
1931
1920
1927
1931
1936
1937
1943
1938
1934
1943
1940
1943
1947
1957
1950
1956
1962
1948
1964
1955
1968
1971
1963
1968
1971
1979
1967
1965
1977
1978
1980
1981
1976
1988
1981
1979
1964
1977
1973
1979
1977
1975
1975
1969
1971
1971
1970
1969
1968
1959
1962
1961
1963
1971
1961
1962
1963
1955
1957
1961
1960
1960
1961
1960
1963
1953
1959
1963
1961
1952
1951
1967
1958
1959
1960
1960
1959
1960
1956
1971
1963
1964
1965
1964
1951
1961
1969
1957
1961
1971
1961
1963
1963
1961
1968
1959
1967
1954
1961
1965
1971
1968
1956
1973
1963
1977
1974
1975
1973
1966
1959
1975
1968
1966
1966
1974
1976
1972
1975
1967
1980
1973
1976
1989
1983
1975
1990
1993
1980
1990
1995
1987
1982
1991
1989
1988
1991
1984
1984
1994
1991
1994
1987
1984
1995
1984
1991
1978
1982
1994
1993
1981
1995
1994
1997
1995
1991
2005
2000
2002
1990
1995
2008
2004
1992
2009
2009
1997
1997
2013
2004
2007
2007
2017
2012
2011
2016
2011
2007
2019
2015
2015
2009
2020
2023
2013
2012
2015
2005
2004
2011
2008
2000
1999
1996
2007
2003
1995
1994
1997
2001
1991
2001
1989
1993
1989
1984
1981
1981
1991
1992
1987
1981
1985
1989
1980
1996
1978
1975
1973
2001
1980
1988
1984
1989
1989
1995
1989
1998
1995
1998
1997
1995
2001
2005
1999
2000
2011
2007
2004
2009
2008
2009
2007
2015
2013
2017
2009
2007
2013
2013
2008
2011
2021
2021
2017
2007
2015
2017
2021
2016
2017
2011
2021
2019
2016
2013
2009
2016
2008
2011
2023
2006
2022
2021
2009
2015
2018
2011
2012
2005
2005
2007
2008
2005
2008
2007
2008
2003
2009
2011
2008
2005
2015
2010
2003
2012
2007
2013
2007
2006
2015
2008
2011
2009
2011
2011
2011
2004
2004
2013
2019
2007
2017
2017
2017
2011
2016
2019
2025
2020
2025
2025
2025
2023
2031
2039
2031
2033
2037
2043
2030
2042
2036
2044
2043
2043
2063
2059
2045
2065
2059
2044
2059
2063
2067
2068
2063
2048
2059
2071
2063
2069
2075
2066
2063
2079
2071
2084
2077
2079
2075
2071
2079
2073
2072
2069
2072
2071
2072
2071
2069
2065
2066
2073
2069
2069
2077
2068
2059
2067
2060
2057
2053
2055
2048
2054
2055
2043
2043
2043
2044
2056
2055
2053
2041
2034
2023
2035
2027
2035
2029
2021
2024
2019
2016
2016
2028
2011
2022
2010
2021
2013
2017
2011
2021
2016
2019
2027
2037
2023
2029
2031
2023
2037
2029
2027
2041
2037
2051
2045
2051
2058
2052
2045
2065
2063
2055
2063
2069
2045
2051
2046
2063
2063
2067
2060
2065
2047
2063
2052
2044
2051
2044
2045
2040
2037
2039
2042
2041
2035
2041
2035
2031
2036
2027
2035
2027
2029
2024
2031
2041
2033
2027
2029
2035
2032
2020
2044
2040
2043
2036
2058
2051
2056
2059
2059
2060
2063
2071
2071
2071
2073
2072
2077
2083
2079
2080
2089
2079
2088
2079
2079
2083
2075
2084
2080
2084
2083
2078
2083
2077
2091
2085
2084
2076
2081
2063
2077
2077
2065
2073
2060
2063
2065
2068
2057
2067
2065
2069
2048
2058
2064
2045
2059
2065
2056
2066
2048
2063
2061
2067
2066
2059
2069
2069
2077
2071
2077
2075
2085
2073
2080
2073
2083
2093
2080
2088
2083
2088
2089
2099
2091
2089
2101
2092
2084
2093
2098
2085
2099
2092
2093
2090
2084
2091
2080
2081
2080
2080
2075
2074
2071
2073
2077
2071
2069
2063
2067
2067
2063
2063
2063
2063
2060
2056
2056
2059
2058
2044
2069
2040
2041
2041
2039
2041
2041
2040
2038
2037
2035
2033
2027
2035
2031
2036
2035
2027
2035
2023
2031
2023
2027
2024
2029
2016
2028
2023
2012
2023
2023
2025
2023
2009
2011
2027
2019
2027
2029
2018
2015
2023
2014
2025
2019
2025
2029
2019
2025
2029
2012
2027
2012
2021
2007
2012
2011
2012
2019
2012
2007
2005
2007
2003
2000
2007
2003
1997
2005
1997
2001
1995
1991
2001
1992
1981
1995
1990
1991
1993
1987
1997
1992
1981
1984
1995
1998
1987
1995
1996
1993
2003
1999
1995
1997
2009
1991
1999
1998
2000
2001
1999
1997
2000
1999
1994
1999
1993
2000
1993
1991
1981
1997
1983
1992
1991
1980
1989
1986
1977
1976
1975
1975
1976
1973
1970
1962
1967
1966
1963
1967
1963
1970
1970
1961
1963
1959
1965
1957
1960
1956
1961
1960
1965
1958
1963
1967
1958
1961
1967
1964
1977
1971
1971
1963
1965
1976
1973
1980
1979
1981
1973
1975
1989
1980
1981
1977
1963
1973
1975
1968
1967
1971
1964
1973
1978
1968
1971
1961
1972
1963
1959
1962
1955
1957
1957
1951
1957
1957
1954
1945
1947
1948
1943
1942
1943
1947
1951
1946
1947
1950
1946
1940
1945
1961
1948
1949
1957
1963
1963
1962
1955
1969
1963
1964
1967
1975
1972
1971
1966
1976
1977
1979
1977
1979
1977
1979
1977
1981
1975
1981
1979
1967
1973
1964
1971
1959
1960
1963
1959
1957
1959
1957
1951
1947
1945
1949
1933
1937
1939
1947
1937
1941
1949
1933
1943
1944
1945
1945
1934
1939
1949
1945
1937
1944
1945
1937
1939
1944
1937
1957
1943
1943
1943
1947
1947
1941
1943
1936
1943
1947
1947
1955
1949
1945
1955
1953
1942
1945
1939
1947
1957
1952
1941
1958
1952
1945
1952
1958
1950
1959
1950
1953
1964
1952
1948
1961
1956
1960
1964
1962
1957
1963
1967
1964
1963
1963
1961
1971
1973
1975
1976
1975
1968
1981
1970
1975
1977
1973
1983
1976
1980
1977
1966
1981
1971
1976
1976
1950
1975
1975
1973
1978
1965
1977
1969
1962
1961
1958
1955
1965
1958
1950
1959
1959
1960
1958
1961
1956
1963
1953
1957
1961
1949
1950
1953
1961
1958
1958
1951
1965
1963
1968
1973
1965
1977
1981
1979
1974
1991
1977
1989
1983
1992
1993
1993
1995
1995
2001
2004
2009
2004
1995
2009
2007
2007
1997
1999
2000
2002
2000
1997
1998
1997
2006
1997
2001
1992
1990
1994
1989
1997
1995
1980
1981
1979
1983
1980
1987
1979
1979
1975
1983
1982
1983
1975
1982
1979
1981
1993
1981
1992
1989
1991
1995
2003
1989
1983
1984
1995
1993
2003
2001
1993
2008
2009
1998
1999
2000
2006
1996
2009
2006
2004
2008
2005
2005
2010
2009
2012
2004
2009
2012
2005
1997
2001
1998
2003
2005
2009
2004
2001
2001
1996
1989
1991
1983
1979
1981
1975
1991
1979
1976
1981
1979
1975
1977
1979
1975
1977
1974
1966
1975
1977
1983
1977
1977
1975
1976
1979
1977
1982
1979
1980
1979
1989
1993
1988
2003
1990
2002
2001
2008
1993
2011
2011
2007
2007
2013
2018
2023
2021
2023
2015
2023
2027
2007
2026
2013
2027
2025
2024
2030
2017
2026
2023
2025
2029
2024
2021
2016
2025
2022
2029
2031
2027
2022
2027
2029
2027
2029
2030
2024
2033
2028
2037
2039
2032
2037
2041
2053
2042
2041
2053
2055
2063
2055
2043
2063
2043
2045
2063
2069
2059
2045
2063
2063
2059
2065
2055
2063
2054
2060
2071
2060
2065
2053
2057
2058
2055
2055
2047
2046
2043
2055
2044
2043
2055
2055
2057
2063
2048
2045
2055
2053
2057
2063
2067
2067
2069
2071
2068
2063
2074
2075
2072
2079
2071
2089
2077
2083
2079
2091
2088
2091
2093
2095
2081
2100
2095
2099
2083
2103
2088
2089
2090
2087
2077
2088
2080
2088
2087
2074
2077
2075
2071
2076
2063
2070
2068
2063
2063
2063
2047
2063
2055
2059
2057
2063
2037
2043
2057
2047
2059
2043
2055
2055
2042
2055
2063
2059
2059
2042
2069
2063
2044
2055
2059
2058
2055
2067
2071
2069
2071
2071
2071
2075
2075
2073
2077
2069
2071
2083
2074
2073
2079
2072
2073
2068
2072
2075
2083
2076
2060
2085
2059
2073
2079
2072
2083
2078
2079
2076
2071
2074
2075
2065
2077
2076
2088
2075
2079
2080
2077
2078
2081
2077
2091
2085
2093
2083
2085
2089
2094
2090
2089
2091
2097
2089
2093
2089
2095
2095
2099
2093
2089
2095
2088
2087
2089
2093
2083
2086
2079
2087
2080
2085
2091
2080
2078
2079
2079
2075
2069
2079
2077
2071
2071
2063
2071
2071
2071
2055
2063
2071
2073
2074
2073
2071
2073
2077
2075
2070
2074
2066
2071
2067
2071
2075
2063
2079
2071
2077
2075
2067
2073
2065
2063
2072
2069
2067
2067
2075
2071
2057
2058
2065
2059
2042
2055
2058
2044
2037
2036
2041
2029
2035
2024
2037
2017
2025
2019
2021
2015
2007
2014
2007
2010
2013
2011
2011
2009
2009
2017
2009
2017
2020
2011
2021
2015
2016
2011
2011
2021
2023
2011
2024
2015
2025
2027
2029
2037
2029
2024
2027
2030
2029
2025
2035
2037
2027
2028
2024
2035
2024
2034
2033
2027
2026
2011
2035
2024
2021
2034
2025
2037
2035
2030
2028
2025
2022
2024
2023
2023
2021
2024
2015
2014
2019
2025
2017
2015
2009
2018
2009
2019
2015
2024
2013
1997
2013
2007
2003
2006
2012
1994
1996
1999
1997
1997
1991
1991
1997
1995
1983
1981
1981
1982
1989
1981
1979
1975
1980
1977
1979
1973
1978
1973
1983
1979
1976
1971
1977
1983
1977
1977
1973
1968
1975
1983
1991
1983
1973
1981
1980
1989
1991
1980
1991
1989
1991
1991
1991
1988
1995
1979
1980
1979
1991
1977
1981
1975
1977
1976
1979
1976
1966
1969
1969
1967
1963
1963
1957
1959
1952
1955
1963
1961
1951
1947
1959
1953
1947
1949
1944
1944
1948
1947
1947
1948
1942
1945
1949
1955
1946
1950
1950
1943
1957
1950
1957
1949
1944
1946
1947
1959
1964
1951
1959
1957
1959
1960
1961
1952
1969
1963
1952
1961
1966
1961
1963
1968
1971
1975
1977
1971
1970
1967
1971
1964
1959
1960
1962
1973
1962
1962
1962
1964
1969
1959
1969
1967
1955
1965
1961
1964
1970
1965
1959
1961
1964
1957
1964
1963
1969
1955
1957
1965
2007
2047
2073
2093
2157
2248
2311
2337
2389
2444
2510
2541
2552
2551
2544
2563
2555
2539
2533
2523
2506
2491
2475
2430
2395
2345
2286
2217
2145
2057
1963
1864
1765
1682
1593
1513
1431
1390
1354
1335
1323
1321
1306
1289
1280
1287
1274
1287
1285
1309
1325
1361
1401
1463
1512
1591
1655
1739
1833
1907
1989
2047
2111
2168
2216
2263
2283
2327
2349
2379
2405
2409
2424
2420
2400
2395
2373
2336
2291
2232
2164
2107
2024
1956
1878
1816
1757
1712
1659
1635
1612
1591
1591
1581
1574
1563
1580
1568
1579
1595
1593
1607
1623
1653
1681
1711
1754
1785
1833
1879
1923
1961
2001
2026
2044
2079
2099
2099
2131
2138
2149
2169
2185
2189
2188
2193
2197
2189
2169
2159
2143
2127
2113
2097
2071
2043
2011
1997
1978
1958
1938
1913
1912
1884
1865
1856
1831
1818
1811
1799
1795
1785
1783
1790
1803
1811
1835
1843
1854
1875
1911
1920
1951
1975
1983
2007
2012
2037
2063
2075
2083
2093
2093
2107
2108
2104
2097
2089
2083
2073
2069
2043
2032
2027
2004
1995
1971
1960
1939
1937
1907
1917
1897
1903
1897
1892
1907
1893
1899
1915
1932
1939
1950
1964
1967
1997
1997
2021
2021
2039
2063
2063
2074
2075
2084
2101
2088
2104
2099
2094
2099
2101
2095
2089
2080
2073
2077
2055
2043
2032
2023
2019
2012
2007
1989
1982
1979
1971
1961
1961
1947
1933
1930
1918
1915
1911
1911
1914
1916
1931
1920
1931
1952
1974
1987
2005
2019
2040
2043
2075
2083
2088
2103
2115
2123
2120
2126
2123
2129
2109
2107
2103
2087
2069
2059
2039
2021
1997
1983
1963
1937
1913
1899
1877
1854
1832
1815
1797
1779
1771
1755
1742
1739
1745
1744
1751
1746
1759
1774
1777
1805
1823
1848
1866
1895
1917
1943
1965
1993
2012
2055
2056
2079
2104
2121
2141
2149
2160
2165
2181
2183
2199
2194
2171
2189
2176
2165
2146
2129
2115
2093
2067
2039
2016
1983
1975
1943
1929
1908
1891
1873
1863
1853
1843
1836
1833
1833
1835
1845
1844
1856
1873
1885
1899
1901
1918
1945
1963
1985
2009
2033
2045
2074
2088
2108
2123
2145
2155
2171
2184
2189
2211
2227
2219
2222
2229
2221
2229
2227
2219
2215
2203
2194
2189
2169
2152
2149
2149
2135
2131
2125
2123
2110
2115
2117
2104
2095
2105
2105
2104
2111
2101
2101
2119
2109
2125
2133
2139
2151
2156
2171
2175
2185
2186
2207
2205
2220
2231
2224
2243
2236
2245
2247
2249
2253
2229
2244
2235
2227
2227
2213
2205
2199
2183
2171
2164
2153
2154
2143
2141
2136
2120
2123
2093
2112
2107
2112
2109
2109
2096
2107
2115
2107
2109
2120
2123
2115
2123
2115
2124
2112
2123
2123
2133
2123
2124
2136
2139
2132
2139
2136
2138
2121
2121
2130
2115
2123
2109
2119
2112
2109
2106
2101
2103
2101
2101
2101
2101
2099
2093
2089
2075
2083
2075
2071
2068
2063
2046
2043
2036
2029
2035
2021
2019
2016
2021
2015
2019
2023
2017
2025
2016
2009
2029
2021
2029
2029
2024
2037
2055
2043
2053
2055
2059
2063
2061
2071
2067
2063
2065
2063
2071
2067
2068
2058
2065
2063
2063
2057
2055
2057
2048
2045
2037
2038
2041
2036
2037
2041
2052
2039
2036
2040
2040
2040
2042
2047
2063
2048
2047
2069
2071
2059
2069
2069
2083
2080
2094
2092
2109
2107
2106
2105
2103
2105
2109
2109
2117
2115
2109
2105
2105
2107
2085
2103
2090
2084
2073
2075
2069
2067
2046
2053
2038
2029
2024
2025
2013
2005
2009
2005
2025
2006
2006
2004
2008
1997
2001
2003
1997
2010
2008
2007
2014
2024
2027
2041
2047
2065
2070
2091
2091
2105
2109
2116
2121
2133
2133
2149
2143
2145
2157
2144
2149
2155
2159
2151
2145
2144
2143
2135
2125
2118
2117
2103
2095
2079
2071
2063
2063
2041
2039
2025
2019
2008
1995
1993
1983
1967
1971
1961
1950
1943
1948
1941
1942
1941
1949
1943
1949
1945
1947
1959
1946
1961
1957
1962
1969
1973
1981
1981
1995
1991
2001
2008
2011
2023
2015
2019
2027
2029
2035
2030
2039
2033
2027
2029
2021
2031
2027
2021
2016
2007
2007
2011
1995
1973
1963
1963
1949
1936
1939
1933
1913
1901
1896
1883
1884
1881
1864
1865
1849
1849
1851
1843
1838
1829
1838
1832
1819
1837
1838
1825
1853
1853
1862
1875
1869
1880
1896
1899
1917
1913
1917
1920
1926
1941
1947
1945
1957
1952
1971
1960
1972
1981
1976
1983
1975
1981
1989
1978
1968
1972
1974
1969
1961
1960
1949
1946
1947
1941
1945
1935
1933
1928
1933
1923
1911
1906
1909
1909
1899
1913
1918
1920
1923
1929
1927
1939
1948
1939
1942
1941
1936
1945
1945
1939
1947
1947
1946
1947
1941
1944
1949
1951
1952
1959
1961
1959
1963
1967
1963
1972
1977
1972
1983
2001
2015
2019
2016
2025
2027
2035
2053
2053
2060
2059
2068
2069
2075
2079
2079
2079
2089
2090
2093
2090
2091
2089
2079
2075
2073
2072
2065
2047
2045
2043
2019
2026
2012
2018
2011
2004
1996
1995
1983
1971
1977
1961
1961
1959
1952
1959
1953
1956
1952
1946
1946
1961
1955
1959
1959
1968
1987
1975
1991
1983
1983
1999
1997
2008
2010
2013
2011
2021
2013
2017
2015
2016
2008
2015
2009
2019
2013
2013
2008
2013
2000
2005
1991
1996
1992
1974
1968
1965
1952
1955
1954
1946
1940
1920
1920
1919
1912
1909
1900
1899
1889
1893
1887
1891
1885
1875
1885
1884
1891
1895
1884
1897
1893
1888
1895
1889
1897
1891
1900
1909
1899
1912
1915
1912
1913
1911
1919
1918
1934
1939
1932
1939
1934
1945
1941
1950
1939
1939
1943
1937
1939
1933
1939
1926
1918
1913
1907
1901
1907
1901
1893
1903
1888
1893
1892
1883
1883
1887
1888
1885
1889
1890
1894
1899
1901
1895
1909
1901
1901
1902
1912
1909
1915
1916
1913
1920
1926
1927
1926
1923
1943
1933
1952
1957
1966
1967
1979
1981
1981
1981
1990
2003
1999
2008
2005
2007
1997
2011
2007
2000
2003
2001
1998
2001
1997
1990
1991
1983
1981
1976
1971
1959
1967
1958
1949
1957
1957
1952
1939
1948
1953
1947
1943
1941
1943
1948
1947
1955
1945
1940
1941
1943
1948
1953
1945
1943
1951
1943
1945
1947
1945
1939
1945
1945
1931
1935
1932
1928
1925
1925
1917
1919
1911
1905
1911
1908
1902
1907
1885
1901
1901
1889
1901
1891
1904
1892
1896
1900
1913
1909
1904
1907
1914
1923
1925
1928
1931
1933
1930
1936
1943
1944
1945
1947
1949
1951
1948
1958
1964
1959
1967
1972
1977
1971
1959
1977
1976
1967
1979
1981
1976
1981
1978
1976
1987
1980
1979
1977
1970
1983
1975
1975
1962
1975
1961
1971
1965
1959
1959
1952
1957
1949
1951
1951
1949
1952
1948
1947
1937
1947
1935
1944
1941
1941
1937
1945
1947
1955
1947
1952
1962
1961
1966
1968
1983
1981
1987
1993
1996
2007
2009
2011
2024
2023
2028
2037
2040
2051
2038
2042
2044
2055
2051
2063
2069
2063
2047
2063
2056
2048
2060
2057
2054
2046
2053
2041
2035
2051
2035
2030
2037
2027
2029
2031
2040
2040
2038
2027
2035
2033
2032
2039
2043
2040
2035
2039
2031
2041
2037
2051
2063
2048
2067
2056
2063
2059
2071
2066
2068
2067
2069
2075
2073
2067
2073
2067
2071
2073
2075
2073
2073
2075
2077
2087
2090
2085
2080
2093
2088
2089
2099
2093
2105
2097
2099
2106
2103
2104
2107
2111
2117
2117
2119
2105
2122
2120
2119
2121
2105
2124
2121
2109
2107
2119
2108
2101
2099
2105
2093
2101
2109
2104
2101
2092
2103
2087
2087
2090
2089
2097
2089
2089
2101
2096
2095
2089
2102
2098
2095
2099
2099
2109
2109
2106
2105
2107
2118
2115
2112
2120
2119
2117
2120
2124
2131
2135
2133
2136
2134
2139
2145
2136
2137
2132
2140
2134
2145
2133
2136
2151
2135
2144
2135
2146
2141
2149
2145
2140
2143
2145
2149
2145
2133
2141
2140
2145
2143
2123
2140
2139
2130
2127
2125
2123
2129
2117
2116
2115
2107
2109
2105
2107
2104
2101
2101
2093
2091
2093
2090
2079
2084
2077
2091
2078
2088
2087
2080
2087
2077
2080
2096
2095
2093
2101
2093
2093
2115
2104
2105
2095
2105
2123
2111
2117
2107
2111
2118
2100
2103
2091
2101
2095
2092
2091
2084
2091
2085
2074
2083
2071
2068
2065
2066
2063
2041
2045
2044
2044
2053
2039
2031
2031
2024
2031
2031
2029
2024
2029
2035
2041
2042
2029
2053
2045
2065
2063
2067
2071
2071
2079
2081
2087
2090
2092
2091
2101
2105
2105
2104
2110
2104
2107
2098
2108
2103
2105
2100
2101
2096
2089
2092
2079
2077
2072
2069
2063
2055
2044
2042
2037
2030
2035
2021
2027
2017
2007
2009
2009
2006
2005
2003
2003
2005
1996
2013
2011
2010
2007
2021
2024
2024
2025
2031
2025
2040
2054
2057
2040
2055
2065
2071
2057
2071
2068
2077
2071
2075
2079
2084
2072
2077
2083
2075
2079
2069
2065
2064
2045
2056
2041
2027
2045
2032
2031
2029
2017
2019
2011
2003
2016
2007
2005
1997
2007
1999
2007
2000
1997
1995
2007
2000
2013
2011
2008
2015
2023
2011
2016
2020
2027
2025
2019
2016
2023
2023
2023
2020
2021
2025
2021
2019
2008
2019
2008
2009
2003
2003
1997
1996
1984
1979
1991
1987
1989
1979
1992
1984
1987
1977
1989
1989
1987
1983
1997
1992
1993
1994
1999
2009
2011
2019
2018
2016
2019
2024
2027
2037
2024
2030
2030
2041
2036
2039
2036
2037
2035
2035
2028
2031
2024
2027
2022
2013
2016
2009
2006
2005
1979
1990
1979
1983
1973
1962
1965
1956
1959
1955
1949
1949
1941
1948
1941
1956
1946
1955
1952
1952
1961
1957
1968
1974
1981
1982
1995
1998
1993
2015
2013
2020
2021
2027
2031
2032
2033
2038
2043
2045
2045
2038
2032
2044
2030
2041
2035
2028
2024
2028
2021
2021
2015
2011
2004
1995
1993
1997
1987
1981
1977
1966
1968
1968
1965
1966
1963
1975
1968
1965
1965
1969
1969
1973
1981
1971
1979
1976
1995
1989
1974
2005
1993
1997
2009
1999
2004
2003
1989
2012
1994
1991
1997
2003
1992
1982
1977
1974
1980
1975
1973
1971
1973
1957
1965
1951
1947
1947
1948
1946
1935
1946
1954
1951
1945
1947
1944
1959
1957
1963
1962
1960
1967
1972
1979
1981
1989
1981
1989
1998
1991
2003
2003
2003
1992
2004
1995
1993
1990
1992
1988
1989
1979
1965
1971
1963
1963
1950
1955
1944
1936
1925
1927
1917
1908
1907
1907
1899
1901
1895
1899
1897
1893
1883
1888
1882
1879
1890
1888
1889
1899
1896
1897
1896
1909
1909
1916
1919
1927
1947
1949
1945
1948
1952
1958
1960
1963
1979
1976
1976
1981
1973
1972
1973
1979
1964
1963
1963
1959
1947
1949
1948
1931
1935
1928
1931
1918
1912
1913
1905
1897
1899
1901
1889
1881
1883
1880
1885
1883
1881
1883
1883
1880
1880
1886
1892
1893
1896
1899
1901
1910
1916
1915
1919
1925
1930
1937
1935
1945
1941
1941
1955
1948
1945
1971
1961
1957
1959
1952
1949
1955
1948
1944
1917
1943
1931
1913
1927
1913
1915
1909
1897
1898
1896
1887
1884
1883
1884
1875
1880
1872
1875
1880
1881
1875
1879
1884
1888
1891
1884
1899
1899
1897
1917
1899
1912
1923
1926
1917
1911
1937
1923
1923
1935
1933
1933
1933
1929
1939
1933
1939
1941
1947
1929
1933
1929
1931
1920
1915
1916
1925
1917
1924
1912
1927
1917
1912
1915
1900
1902
1911
1911
1901
1907
1896
1911
1912
1901
1904
1899
1906
1909
1909
1910
1912
1917
1919
1925
1915
1913
1931
1915
1928
1927
1931
1929
1929
1917
1929
1939
1938
1939
1931
1920
1942
1935
1949
1947
1940
1943
1939
1932
1932
1943
1932
1943
1930
1941
1936
1947
1936
1949
1947
1955
1963
1957
1949
1961
1961
1957
1959
1956
1965
1963
1967
1965
1971
1960
1967
1972
1967
1957
1967
1967
1973
1968
1970
1966
1975
1967
1962
1957
1965
1979
1976
1974
1972
1974
1980
1965
1977
1976
1981
1978
1979
1981
1987
1975
1977
1982
1980
1989
1976
1975
1984
1973
1979
1976
1976
1978
1980
1973
1973
1966
1971
1988
1981
1964
1979
1979
1975
1979
1982
1977
1984
1984
1977
1997
1984
1995
1997
1998
1999
2005
2004
2001
2011
2009
2013
2022
2025
2031
2018
2035
2032
2024
2030
2037
2039
2036
2037
2032
2037
2035
2041
2040
2041
2032
2033
2030
2027
2023
2027
2021
2024
2017
2017
2020
2019
2008
2004
2011
2012
2011
2011
2009
2011
2005
2011
2007
2011
1997
2021
2018
2013
2025
2027
2026
2041
2033
2039
2055
2042
2057
2066
2055
2069
2074
2075
2077
2071
2091
2087
2089
2079
2092
2090
2095
2093
2093
2090
2104
2097
2091
2096
2096
2093
2091
2099
2095
2093
2096
2088
2090
2093
2082
2088
2079
2080
2084
2078
2077
2065
2065
2063
2071
2071
2068
2071
2063
2071
2065
2067
2053
2071
2075
2069
2067
2077
2069
2075
2077
2075
2076
2074
2073
2077
2076
2071
2082
2079
2073
2079
2077
2090
2076
2079
2083
2076
2081
2087
2091
2087
2085
2079
2089
2091
2088
2106
2092
2099
2093
2099
2096
2091
2093
2088
2091
2095
2087
2083
2078
2075
2091
2083
2077
2076
2066
2069
2061
2071
2043
2065
2067
2063
2057
2043
2041
2053
2040
2030
2036
2039
2031
2028
2028
2023
2032
2034
2037
2029
2037
2028
2030
2043
2031
2032
2040
2044
2046
2044
2063
2071
2043
2045
2067
2067
2076
2075
2077
2083
2087
2080
2087
2084
2085
2091
2088
2089
2093
2093
2095
2100
2088
2099
2097
2092
2088
2088
2075
2083
2080
2083
2071
2071
2077
2071
2060
2063
2066
2063
2057
2035
2054
2039
2042
2036
2039
2041
2028
2032
2032
2035
2034
2035
2027
2025
2045
2025
2044
2037
2041
2039
2044
2055
2056
2045
2056
2053
2057
2065
2063
2067
2045
2065
2055
2063
2047
2063
2063
2069
2063
2043
2063
2036
2040
2043
2038
2053
2029
2037
2031
2026
2029
2031
2026
2025
2024
2027
2024
2027
2019
2026
2023
2023
2026
2031
2035
2053
2041
2041
2063
2039
2043
2036
2063
2058
2065
2058
2071
2065
2063
2065
2063
2053
2067
2065
2063
2041
2063
2041
2056
2043
2057
2045
2039
2035
2038
2031
2029
2041
2029
2030
2021
2029
2021
2027
2027
2019
2020
2029
2029
2039
2031
2037
2041
2045
2039
2052
2037
2055
2057
2057
2054
2067
2056
2065
2067
2063
2072
2066
2066
2069
2071
2072
2067
2079
2072
2068
2063
2068
2063
2055
2057
2054
2053
2053
2041
2027
2051
2037
2032
2024
2042
2025
2023
2016
2016
2023
2016
2023
2021
2005
2022
2027
2023
2024
2035
2023
2026
2035
2031
2039
2037
2044
2041
2055
2053
2057
2046
2060
2064
2063
2069
2072
2071
2073
2073
2079
2076
2076
2079
2077
2072
2063
2065
2071
2069
2071
2066
2067
2063
2059
2059
2047
2059
2043
2042
2053
2032
2037
2030
2024
2021
2016
2021
2019
2023
2006
2009
2009
2008
2009
2019
2011
2010
2017
2024
2021
2012
2022
2031
2029
2037
2035
2037
2043
2039
2057
2051
2071
2067
2067
2065
2065
2068
2067
2072
2065
2067
2069
2065
2067
2050
2057
2043
2043
2041
2029
2027
2027
2024
2017
2008
2001
2001
1995
1992
1978
1977
1971
1968
1973
1963
1956
1961
1955
1953
1948
1951
1954
1952
1959
1949
1956
1960
1961
1958
1963
1960
1962
1965
1960
1979
1989
1984
1980
1988
1997
1997
1983
2003
2011
2008
2011
2000
2009
2011
2008
1996
2005
2000
1999
1995
1997
2005
1997
1991
1995
1989
1992
1981
1989
1983
1979
1981
1989
1979
1972
1977
1979
1964
1981
1973
1964
1965
1967
1963
1967
1960
1963
1956
1951
1949
1960
1960
1951
1944
1945
1952
1944
1941
1949
1950
1940
1947
1945
1947
1947
1943
1943
1949
1945
1939
1948
1941
1943
1947
1946
1941
1959
1952
1951
1962
1952
1963
1954
1961
1963
1966
1966
1972
1968
1967
1968
1964
1968
1972
1970
1968
1971
1975
1976
1972
1977
1967
1967
1965
1965
1959
1965
1963
1957
1965
1951
1952
1951
1951
1956
1939
1951
1950
1945
1941
1938
1940
1920
1930
1933
1919
1925
1931
1925
1916
1919
1915
1918
1913
1914
1915
1915
1912
1911
1907
1915
1909
1913
1913
1908
1910
1906
1913
1897
1909
1902
1911
1917
1903
1904
1901
1901
1904
1905
1905
1911
1911
1908
1907
1915
1907
1911
1908
1912
1924
1918
1914
1924
1920
1917
1926
1932
1925
1931
1925
1941
1940
1944
1936
1943
1945
1946
1933
1947
1949
1959
1954
1958
1963
1959
1959
1959
1967
1952
1969
1965
1967
1968
1964
1965
1963
1965
1971
1975
1964
1973
1963
1960
1967
1959
1960
1963
1962
1941
1947
1952
1944
1949
1945
1939
1941
1943
1935
1939
1935
1937
1930
1939
1932
1920
1930
1936
1929
1935
1945
1938
1939
1941
1957
1957
1948
1956
1959
1947
1965
1961
1963
1978
1981
1989
1979
1991
1989
1997
1995
1993
2003
1993
2003
2003
1997
2009
1998
2003
2005
1991
1991
1984
1995
1987
1991
1972
1971
1972
1975
1967
1961
1963
1964
1965
1959
1955
1957
1955
1949
1959
1959
1949
1971
1967
1960
1971
1962
1972
1970
1981
1979
1990
1995
1993
1997
2011
1997
2003
2007
2021
2008
2019
2020
2020
2010
2020
2020
2006
2015
2008
2015
2009
2013
2005
2012
2006
2002
1996
1999
1995
1996
1992
1978
1979
1982
1976
1965
1979
1964
1973
1965
1963
1968
1964
1977
1971
1962
1977
1971
1975
1973
1973
1987
1979
1977
1976
1991
1992
1987
2001
1999
1997
2002
2005
2007
2005
2005
2017
2007
2013
2013
2013
2011
2019
2013
2013
2007
2005
2004
1997
1992
2003
1997
1992
1982
1981
1993
1973
1976
1988
1971
1977
1971
1970
1965
1955
1967
1965
1952
1949
1959
1961
1961
1959
1967
1963
1971
1973
1977
1989
1982
1979
1991
1991
2001
1999
2007
2006
2009
2020
2017
2007
2019
2020
2020
2031
2019
2023
2034
2027
2031
2030
2036
2025
2024
2027
2029
2023
2023
2020
2025
2017
2027
2016
2014
2013
2023
2019
2014
2011
1999
2017
2005
2012
2007
2005
1999
2009
2000
2013
2008
2017
2017
2011
2005
2009
2004
2013
2007
2020
2017
2016
2016
2021
2021
2019
2027
2023
2027
2021
2023
2027
2025
2023
2027
2021
2024
2027
2025
2028
2014
2023
2019
2009
2016
2017
2016
2011
2012
2015
2007
2012
2013
2016
2017
2009
2013
2014
2007
2007
2025
2016
2014
2024
2009
2022
2024
2018
2023
2016
2023
2025
2019
2021
2019
2023
2013
2021
2012
2006
2025
2012
2021
2012
2008
2011
2003
2013
2007
2005
2011
2009
2011
2003
2013
2008
2008
2009
2005
2007
2011
2014
2016
2011
2013
2016
2031
2024
2035
2039
2036
2030
2046
2045
2055
2065
2063
2055
2064
2076
2076
2079
2076
2083
2090
2093
2092
2099
2091
2095
2078
2093
2099
2091
2091
2085
2099
2095
2103
2093
2080
2087
2077
2072
2071
2072
2068
2053
2057
2044
2055
2036
2025
2029
2034
2021
2020
2014
2019
2017
2006
2023
2009
2009
2003
1999
2004
2008
1995
2002
1994
2003
2005
1998
2017
2011
2006
2011
2015
2019
2027
2021
2027
2034
2037
2042
2040
2045
2055
2060
2059
2057
2065
2071
2068
2067
2066
2069
2073
2073
2073
2072
2076
2072
2074
2076
2075
2065
2065
2065
2066
2057
2057
2065
2070
2067
2063
2075
2057
2075
2072
2073
2077
2071
2083
2068
2075
2083
2076
2083
2076
2079
2081
2089
2085
2081
2080
2089
2091
2091
2092
2099
2102
2103
2095
2093
2094
2087
2099
2092
2099
2087
2087
2089
2095
2087
2091
2080
2093
2085
2084
2080
2091
2088
2078
2080
2087
2089
2088
2080
2087
2090
2086
2099
2091
2096
2095
2096
2099
2101
2096
2107
2101
2105
2097
2105
2107
2101
2112
2102
2109
2116
2115
2104
2096
2101
2103
2102
2095
2103
2091
2087
2097
2075
2092
2081
2085
2085
2079
2077
2071
2072
2073
2058
2063
2067
2065
2060
2069
2065
2064
2063
2063
2067
2071
2073
2063
2070
2071
2071
2075
2067
2068
2077
2068
2083
2074
2073
2077
2078
2073
2089
2080
2076
2074
2078
2072
2073
2068
2063
2057
2067
2059
2048
2046
2043
2044
2039
2026
2023
2022
2025
2022
2019
2020
2011
2011
2008
2011
2005
2003
1995
2007
1991
2001
2001
2004
2007
2001
2001
1998
1996
2009
1995
2012
2019
2003
2010
2013
2023
2017
2034
2028
2029
2031
2030
2025
2036
2035
2037
2039
2029
2039
2036
2035
2035
2031
2031
2029
2029
2024
2026
2029
2009
2012
2012
2017
2002
2008
1997
1991
1989
1992
1987
1989
1984
1979
1977
1968
1977
1991
1966
1965
1973
1970
1973
1977
1976
1971
1981
1991
1977
1991
1992
1999
1993
1992
2008
1995
2008
2008
2013
2017
2012
2020
2019
2033
2018
2023
2019
2020
2019
2014
2021
2019
2016
2020
2003
2009
2017
2009
2009
1995
2000
2004
1995
1989
1993
1987
1991
1991
1973
1983
1987
1975
1974
1983
1975
1981
1982
1977
1973
1981
1984
1979
1980
1989
1981
1971
1993
1979
1981
1989
1988
1985
1988
1981
1990
1979
1989
1992
1980
1996
1989
1981
1982
1991
1981
1983
1983
1979
1971
1975
1973
1979
1977
1987
1975
1965
1975
1964
1976
1968
1965
1967
1973
1979
1977
1963
1974
1968
1967
1981
1973
1972
1972
1965
1973
1977
1965
1981
1972
1971
1977
1966
1952
1967
1968
1964
1957
1961
1963
1944
1946
1948
1929
1944
1937
1944
1943
1945
1941
1936
1941
1936
1933
1939
1941
1941
1943
1939
1932
1939
1936
1942
1941
1932
1944
1955
1951
1951
1961
1959
1957
1963
1965
1980
1969
1979
1971
1979
1994
1980
1987
1991
1983
1987
1996
1999
1997
1992
2001
2001
1997
1995
1997
1991
1992
1991
1995
1989
1987
1977
1987
1992
1979
1992
1991
1981
1997
1973
1979
1981
1979
1976
1973
1979
1977
1973
1981
1981
1976
1975
1989
1995
1988
1980
1971
1989
1987
1995
1981
1976
1981
1984
1981
1984
1991
1979
1999
1996
1995
1984
1992
1992
1992
2005
1995
1991
2004
1995
2003
2003
1996
1997
2012
2004
2007
2000
2001
1998
2009
2005
2010
2008
2008
2005
2007
1997
2008
2001
2004
2011
2008
2009
2003
2005
1993
2009
2003
2009
2013
2005
2008
2005
2007
2007
2013
2000
2008
2006
2003
2011
2004
2003
2019
2003
2000
2005
2000
2009
2005
2002
1994
1993
2007
2007
1992
2003
1998
2008
2001
1997
2006
1995
2007
2004
2005
2009
1995
2001
2006
2006
1993
2001
1995
2007
2004
2006
2006
2009
2017
1999
2005
2019
2009
2002
1997
2002
2012
2023
2005
2000
2008
2007
2005
1990
2005
2003
2009
2002
1997
2002
1999
1997
1997
2005
1984
1993
1980
1979
1987
1979
1987
1972
1969
1967
1973
1968
1963
1962
1963
1967
1963
1964
1966
1963
1963
1959
1963
1961
1950
1947
1950
1960
1959
1960
1962
1964
1971
1961
1971
1963
1966
1973
1973
1963
1973
1973
1968
1979
1977
1961
1960
1977
1963
1975
1971
1967
1975
1976
1983
1976
1975
1971
1967
1977
1975
1973
1965
1975
1960
1967
1959
1959
1959
1959
1964
1949
1951
1952
1943
1949
1947
1947
1945
1956
1952
1944
1943
1955
1959
1960
1954
1954
1961
1961
1961
1975
1968
1959
1963
1972
1976
1976
1975
1981
1975
1983
1987
1973
1982
1987
1981
1988
1984
1982
1980
1980
1975
1992
1977
1989
1983
1989
1983
1981
1977
1967
1976
1979
1972
1968
1971
1975
1961
1973
1965
1967
1973
1957
1959
1963
1968
1955
1964
1965
1973
1967
1961
1969
1967
1968
1973
1977
1976
1971
1988
1981
1991
1991
1990
1996
2001
2003
1994
2006
2004
2003
2001
2007
2009
2007
2005
2009
2005
2021
2009
2005
2007
2000
1995
2005
1998
1995
1996
2001
2001
2001
1997
2003
1993
2001
1997
1996
1995
2003
2008
1997
2000
2002
2009
2007
2002
2003
2004
2009
2012
2006
2010
1998
2005
2008
2008
2005
2009
2013
2007
2007
2003
2000
2009
2011
2011
2008
2005
2000
1996
2001
2007
2008
2009
2011
2017
2009
2021
2016
2020
2017
2029
2021
2023
2025
2022
2026
2027
2029
2031
2032
2039
2043
2028
2051
2052
2045
2043
2048
2063
2059
2043
2047
2063
2040
2047
2039
2042
2043
2039
2040
2035
2045
2037
2038
2027
2037
2043
2037
2037
2031
2035
2033
2017
2033
2027
2023
2029
2023
2025
2025
2029
2023
2031
2027
2027
2034
2031
2027
2039
2041
2042
2043
2043
2043
2044
2044
2068
2066
2063
2056
2071
2075
2077
2075
2075
2076
2080
2076
2071
2079
2073
2083
2083
2075
2077
2075
2071
2080
2070
2083
2083
2070
2079
2075
2073
2071
2075
2074
2066
2069
2057
2062
2063
2056
2067
2060
2055
2054
2046
2054
2053
2055
2057
2043
2063
2063
2063
2063
2065
2063
2063
2068
2069
2066
2069
2071
2076
2075
2075
2072
2083
2083
2083
2087
2080
2091
2087
2091
2086
2087
2091
2089
2091
2085
2077
2083
2078
2079
2081
2079
2076
2087
2081
2080
2075
2082
2079
2075
2077
2083
2079
2083
2077
2083
2077
2081
2071
2065
2076
2073
2076
2080
2073
2074
2077
2076
2078
2085
2071
2076
2085
2077
2081
2069
2072
2081
2074
2081
2073
2069
2067
2070
2069
2066
2061
2055
2048
2043
2039
2030
2025
2029
2029
2029
2024
2021
2016
2019
2008
2029
2012
2011
2017
1999
2019
2022
2015
2022
2024
2023
2019
2016
2035
2025
2025
2023
2033
2029
2035
2037
2037
2036
2032
2031
2035
2040
2035
2036
2041
2036
2040
2035
2043
2029
2040
2029
2034
2031
2029
2025
2032
2014
2018
2008
2027
2019
2025
2019
2015
2012
2005
2015
2011
1997
2009
2012
2016
2007
2009
2008
2007
2005
2009
2012
2010
2008
2008
2005
2007
2017
2009
2019
2006
2005
2009
2013
2012
2020
2015
2013
2009
2011
2009
2013
2006
2009
2007
2002
2005
2011
1997
2001
2000
2003
1997
1997
1994
1987
1977
1981
1984
1972
1989
1979
1979
1979
1971
1975
1977
1980
1977
1967
1980
1965
1981
1979
1968
1979
1975
1979
1979
1979
1989
1980
1995
1992
1992
1997
1992
1999
1992
2005
1993
2001
1991
1992
1995
2000
2005
2002
1999
2005
1999
2001
2001
2006
2001
2013
2006
2006
1993
2007
1996
2001
2003
1999
1997
2001
1998
1995
1993
1992
1984
1981
1989
1995
1984
1993
1992
1989
1989
1987
1995
1995
1984
1983
1987
1981
1992
1984
1975
1991
1980
1979
1984
1978
1993
1981
1993
1992
1987
1980
1989
1984
1975
1979
1990
1976
1981
1977
1978
1991
1991
1990
1989
1981
1993
1993
1994
1996
1992
1995
1994
2007
2000
1997
2004
2012
2004
2010
2013
2011
2017
2003
2021
2011
2023
2019
2012
2010
2012
2023
2010
2017
2019
2015
2025
2008
2021
2014
2012
2021
2010
2007
2008
2004
2010
1999
2007
2000
2005
2001
1996
2003
1992
2004
1997
2000
2001
2007
2007
1984
1991
2004
1999
1993
1998
2005
2010
2007
2008
2011
2019
2022
2029
2023
2031
2039
2030
2027
2037
2038
2045
2044
2034
2043
2056
2063
2045
2048
2055
2057
2063
2057
2048
2058
2053
2055
2053
2055
2045
2045
2041
2037
2029
2031
2030
2021
2024
2012
2021
2015
2019
2002
2024
2005
1997
2002
1993
1995
1992
1995
1991
2001
1995
1979
1999
1983
1981
1995
1987
1997
1994
1997
1995
2001
1997
2004
1989
1999
1995
2007
2007
2005
2009
2013
2011
2003
2013
2006
2014
2019
2017
2011
2021
2017
2008
2014
2013
2015
2007
2013
2013
2012
2008
2009
2003
2002
2009
2000
2008
1998
2003
2007
2011
2006
1997
2007
2001
2004
2001
2007
2003
1997
2003
2003
2011
2001
2007
2003
2007
2009
2006
2013
2007
1997
2009
1999
1998
2007
1999
2002
1996
1993
1999
2002
1994
1996
1993
1992
1981
1989
1987
1997
1976
1982
1981
1979
1970
1971
1968
1973
1976
1971
1960
1967
1971
1970
1960
1973
1964
1970
1971
1977
1976
1977
1979
1980
1984
1989
1995
1991
1981
1993
1995
1992
1984
1995
1997
1997
2001
1989
1992
1999
1983
1989
1980
1979
1983
1976
1973
1973
1972
1951
1955
1959
1950
1959
1947
1949
1941
1949
1944
1942
1943
1931
1940
1932
1933
1938
1935
1943
1939
1941
1943
1929
1954
1943
1943
1942
1949
1944
1946
1956
1953
1949
1950
1959
1952
1955
1949
1959
1949
1951
1959
1947
1955
1957
1950
1955
1947
1947
1949
1955
1954
1944
1937
1947
1939
1939
1941
1943
1933
1940
1935
1941
1936
1943
1931
1944
1944
1942
1947
1947
1951
1947
1945
1952
1951
1953
1965
1952
1971
1963
1967
1949
1968
1961
1975
1971
1961
1974
1965
1975
1963
1981
1959
1965
1961
1971
1968
1952
1960
1967
1964
1966
1961
1960
1973
1955
1957
1953
1960
1960
1959
1956
1952
1957
1952
1950
1952
1952
1960
1959
1966
1963
1963
1963
1968
1964
1974
1966
1967
1977
1976
1988
1990
1983
1979
1979
1979
1975
1992
1981
1991
1983
1982
1993
1984
1984
1982
1981
1991
2001
1993
1989
1993
1993
1996
1982
1994
1990
2003
1984
2009
1993
1994
2007
1996
2000
1992
1990
2003
2000
1989
1996
2005
1997
2002
2005
2007
2002
2004
2000
2009
2004
2007
1997
2007
2009
2005
2000
1995
2008
2011
2000
2011
2001
2011
2005
2000
2008
1999
1993
1999
1993
1995
1984
1997
2001
1994
1992
1992
1989
2001
1999
1993
1997
1999
2004
2007
1981
1996
2017
2007
2011
2015
2016
2019
2029
2022
2024
2035
2037
2037
2037
2036
2054
2032
2040
2055
2053
2044
2045
2045
2063
2055
2063
2053
2056
2047
2055
2043
2060
2041
2055
2041
2036
2037
2027
2029
2025
2026
2013
2017
2011
2021
2006
2009
1997
2005
1999
1997
1983
2009
1996
1994
2005
1995
1993
1999
2001
2007
2003
2017
2021
2009
2021
2024
2024
2023
2026
2035
2044
2041
2057
2048
2056
2056
2077
2077
2072
2083
2072
2075
2076
2079
2069
2079
2079
2072
2065
2077
2069
2063
2067
2063
2063
2054
2053
2040
2045
2035
2034
2037
2026
2029
2021
2029
2024
2018
2014
2015
2022
2014
2024
2021
2017
2013
2018
2017
2023
2018
2017
2021
2021
2023
2029
2028
2030
2029
2027
2032
2037
2032
2031
2035
2040
2031
2031
2037
2041
2043
2040
2040
2038
2039
2038
2029
2040
2039
2036
2033
2029
2024
2027
2023
2019
2016
2026
2023
2008
2017
2016
2021
2004
2021
2026
2012
2021
2019
2023
2021
2024
2024
2027
2019
2025
2033
2029
2031
2036
2039
2030
2040
2041
2043
2041
2036
2038
2045
2043
2042
2040
2054
2046
2045
2045
2055
2043
2051
2043
2056
2039
2039
2035
2038
2025
2035
2032
2030
2037
2023
2037
2031
2039
2016
2016
2021
2020
2021
2017
2016
2024
2015
2013
2020
2012
2023
2013
2007
2024
2023
2013
2028
2019
2015
2013
2024
2018
2029
2025
2023
2027
2022
2020
2023
2025
2021
2023
2025
2020
2025
2021
2021
2029
2014
2007
2013
2016
2019
2009
2012
2007
1998
2003
2011
2001
2001
2001
1996
2001
2001
1998
2005
1995
1997
2002
1995
1997
2003
2001
2005
2000
1998
2010
2003
2007
2009
2003
2000
2011
2013
2010
2008
2008
2005
2009
2017
2007
2019
2008
2003
2013
2003
2013
2013
2012
2007
2009
1993
1997
1995
2004
2003
1998
1993
1993
1989
1989
1995
1983
1984
1973
1975
1992
1987
1994
1988
1979
1992
1992
1983
1997
1995
2001
1993
1995
2003
2008
2006
2014
2008
2010
2019
2011
2023
2013
2012
2025
2019
2022
2025
2023
2029
2023
2029
2029
2016
2024
2017
2007
2021
2023
2017
2025
2020
2021
2015
2012
2021
2011
2023
2007
2016
2012
2013
2009
2011
2017
2013
2005
2001
2013
2007
2013
2012
2008
2008
2009
2018
2023
2013
2014
2023
2018
2027
2019
2031
2024
2033
2032
2037
2037
2031
2053
2039
2045
2053
2065
2059
2059
2069
2072
2069
2063
2063
2058
2065
2067
2071
2063
2077
2071
2077
2076
2057
2072
2059
2066
2065
2060
2063
2068
2063
2063
2055
2055
2044
2056
2053
2038
2031
2053
2028
2045
2027
2036
2029
2026
2022
2032
2024
2023
2024
2027
2021
2021
2013
2021
2025
2029
2024
2026
2023
2024
2037
2025
2038
2036
2031
2034
2028
2043
2034
2043
2031
2032
2035
2038
2031
2051
2039
2047
2053
2047
2053
2037
2053
2048
2044
2041
2053
2047
2037
2037
2043
2040
2044
2040
2032
2036
2037
2032
2031
2031
2039
2031
2035
2028
2025
2031
2025
2029
2032
2035
2026
2018
2035
2016
2018
2011
2013
2017
2021
2027
2016
2016
2021
2017
2021
2019
2018
2007
2017
2001
2013
2009
2010
2023
2009
2005
2018
2010
2011
2010
2008
2011
2011
2011
2013
2015
2023
2017
2016
2031
2023
2024
2024
2015
2025
2021
2023
2027
2027
2016
2013
2031
2021
2019
2015
2020
2012
2019
2005
2017
2015
2010
2019
2003
2007
2000
1999
2004
1998
1988
1995
1993
1992
1984
1994
1989
1984
1981
1984
1967
1982
2003
1982
1973
1984
1993
1993
1984
1991
1995
1983
1995
1989
1997
1996
1993
1998
2004
1996
2000
2001
2003
2009
2005
2006
2008
2014
2007
2011
2012
2004
2016
2024
2008
2010
2008
2009
2018
2013
2003
2005
2009
2003
2008
1991
1993
1995
2005
1994
1987
1993
1995
1993
1977
1999
1991
1993
1987
1981
1979
1976
1971
1987
1973
1974
1976
1962
1969
1979
1975
1972
1976
1979
1973
1976
1966
1976
1976
1972
1967
1967
1973
1974
1975
1968
1968
1968
1975
1975
1961
1968
1964
1982
1965
1969
1971
1965
1967
1972
1963
1975
1976
1978
1965
1967
1975
1965
1967
1964
1975
1961
1959
1975
1971
1973
1974
1967
1973
1965
1972
1972
1974
1971
1968
1977
1965
1975
1973
1975
1975
1972
1977
1976
1973
1971
1968
1974
1979
1977
1981
1980
1975
1981
1979
1980
1989
1987
1982
1993
1992
1989
1981
1996
1993
1991
1995
1995
1989
2005
1993
1993
1992
2004
1995
1995
1992
1981
2000
2002
1999
1997
1992
1995
1989
1989
1996
1989
1995
1989
1987
1988
1976
1980
1977
1973
1973
1971
1971
1959
1963
1960
1963
1960
1957
1960
1942
1945
1949
1954
1949
1961
1958
1950
1952
1943
1955
1952
1946
1957
1955
1971
1963
1967
1971
1971
1982
1976
1980
1975
1976
1995
1982
1989
1997
1995
2009
2006
1998
2019
2011
2023
2009
2024
2019
2013
2021
2024
2017
2013
2017
2014
2013
2019
2015
2006
2004
2010
2005
2007
1997
1991
1997
1999
2003
1992
1987
1994
1984
1981
1991
1983
1989
1990
1978
2003
1993
1992
1995
1999
2003
1995
2011
2007
2000
2007
2013
2011
2017
2017
2023
2024
2022
2023
2027
2025
2029
2029
2037
2024
2037
2031
2035
2028
2043
2027
2039
2041
2028
2031
2034
2032
2037
2035
2031
2037
2029
2019
2013
2022
2035
2025
2016
2016
2027
2011
2016
2009
2006
2023
2011
2008
2013
2003
2011
2013
2007
2012
2004
2003
2007
2005
2011
2003
2003
1989
2009
2005
2003
2004
1995
1997
2003
1994
2003
1994
2004
1991
1995
2001
1997
1992
2009
1992
1996
1992
1989
1995
2000
2009
2007
2011
2005
2013
2011
2009
2021
2016
2014
2016
2013
2027
2015
2021
2024
2024
2024
2021
2029
2024
2029
2026
2017
2019
2016
2019
2017
2021
2016
2007
2009
2008
2007
2007
2000
2003
1997
1991
1984
1993
1991
1980
1991
1981
1987
1977
1971
1971
1975
1978
1966
1963
1979
1964
1967
1966
1977
1981
1979
1978
1980
1979
1979
1992
1999
1992
1996
2003
1996
2000
2006
2012
2009
2017
2019
2023
2026
2022
2031
2031
2025
2042
2029
2035
2040
2035
2032
2037
2043
2043
2031
2035
2039
2037
2043
2029
2055
2037
2035
2031
2024
2017
2025
2011
2017
2021
2023
2023
2016
2011
2013
2011
2021
2015
2011
2017
2008
2012
2008
2008
2011
2010
2011
2005
2015
2022
2010
2010
2012
2007
2012
2009
2019
2009
2027
2018
2012
2016
2011
2021
2023
2013
2023
2023
2019
2031
2023
2020
2011
2004
2014
2016
2019
2016
2017
2023
2009
2016
2014
2014
2019
2021
2021
2019
2013
2032
2013
2019
2021
2023
2027
2027
2028
2026
2027
2024
2030
2022
2020
2019
2021
2029
2024
2025
2020
2031
2016
2024
2022
2013
2020
2019
2025
2025
2012
2015
2009
2013
2009
2014
2009
2018
2019
2010
2007
2013
2008
2017
2013
2019
2008
2019
2008
2019
2013
2009
2009
2005
2011
2011
2020
2011
2006
2012
2017
2011
2006
2012
2017
2021
2000
2011
2003
2007
1995
2013
1995
2007
1995
2000
1995
2000
1997
1997
2003
2002
2007
2007
1988
2007
2003
2007
2005
2004
2001
2008
2005
2009
2012
2009
2013
1997
2013
2013
2023
2019
2020
2014
2011
2021
2017
2029
2024
2017
2037
2029
2030
2041
2037
2040
2041
2052
2053
2043
2055
2051
2043
2056
2054
2059
2055
2057
2063
2065
2058
2069
2067
2059
2062
2059
2065
2060
2057
2058
2058
2059
2053
2060
2053
2067
2056
2039
2040
2037
2040
2029
2053
2039
2043
2035
2051
2029
2025
2025
2030
2023
2024
2028
2027
2015
2025
2019
2024
2024
2026
2021
2028
2028
2036
2039
2035
2040
2030
2043
2032
2037
2057
2059
2046
2063
2065
2056
2071
2068
2057
2067
2063
2056
2063
2065
2063
2058
2068
2057
2067
2069
2041
2052
2040
2045
2029
2039
2032
2043
2035
2025
2012
2029
2022
2020
2017
2007
2019
2009
2019
2015
2009
2006
2011
2008
2009
2018
2007
2025
2022
2020
2024
2023
2024
2024
2027
2031
2053
2029
2037
2043
2053
2042
2067
2045
2067
2063
2067
2065
2073
2063
2066
2072
2067
2069
2063
2069
2063
2060
2061
2069
2057
2057
2047
2038
2039
2030
2047
2037
2040
2024
2025
2032
2021
2021
2023
2011
2013
2013
2014
2011
2003
2005
2009
2007
2004
1995
2003
1995
2001
2001
2001
2001
1994
1990
1992
1987
2001
1991
1984
1995
2001
2007
1995
1996
1996
1997
2005
1996
2007
2011
2003
2007
2006
2007
2012
2019
2010
2004
2021
2003
2021
2009
2013
2011
2017
2020
2016
2011
2015
2011
2018
2024
2011
2016
2013
2011
2013
2008
2008
2008
2013
2023
2011
2020
2008
2011
2023
2022
2023
2013
2016
2019
2023
2027
2024
2027
2025
2019
2023
2020
2015
2024
2023
2019
2012
2016
2017
2008
2008
2024
2006
2011
2001
2011
2013
2013
1997
2007
2005
2009
2011
2003
1999
1992
1999
1987
2002
1997
1993
1992
1996
1982
1997
2001
1997
1997
1988
1997
1997
1992
2004
2005
1995
1996
2001
2003
1998
1995
2001
2002
2001
2009
1996
2011
2007
2007
2007
2011
2005
1998
2011
2004
2003
2003
2008
2001
2009
1998
2008
1996
1995
2000
1991
1993
1987
1992
1987
1991
1993
1989
1992
1983
1984
1995
1987
1992
1994
1989
1979
1997
1992
1991
1996
2005
1999
1999
2001
1999
2005
2005
2007
2005
2007
2002
2000
2000
2018
2009
2007
2017
2008
2021
2010
2019
2016
2015
2019
2014
2020
2012
2011
2020
2009
2023
2017
2015
2012
2007
2009
2011
2009
2009
2006
1995
2000
1998
2005
1996
2002
1994
1992
1989
1988
1981
1995
1981
1977
1978
1973
1979
1977
1973
1968
1975
1964
1971
1965
1971
1965
1966
1963
1963
1967
1965
1971
1984
1980
1965
1976
1971
1979
1977
1979
1972
1989
1975
1981
1984
1988
1994
1991
1992
1997
1992
2003
2006
2010
1998
2005
1998
2013
2008
2005
1997
1998
2000
1992
1996
1995
1993
2002
1995
1995
1982
1981
1984
1983
1982
1977
1978
1972
1973
1977
1967
1973
1968
1971
1974
1973
1973
1979
1973
1981
1977
1973
1977
1975
1971
1982
1989
1987
1979
1990
2001
1997
2002
2004
2001
2004
2007
2011
2000
2019
2005
2008
2009
2012
2021
2007
2019
2011
2004
2002
2008
2011
2008
2007
2004
2005
1996
1999
1988
1994
1983
1983
1979
1976
1979
1969
1964
1959
1965
1965
1961
1959
1952
1955
1961
1957
1961
1952
1952
1959
1965
1959
1961
1966
1967
1970
1972
1977
1988
1983
1989
2005
1996
2008
2001
2013
2009
2011
2019
2022
2015
2023
2025
2009
2016
2019
2021
2009
2021
2016
2019
2008
2011
2009
2001
1999
2003
1997
1989
1989
1991
1978
1981
1979
1975
1981
1960
1971
1965
1962
1961
1971
1963
1964
1960
1963
1957
1959
1957
1952
1953
1957
1947
1957
1958
1967
1964
1961
1971
1973
1968
1960
1973
1976
1973
1975
1966
1966
1967
1979
1971
1971
1967
1965
1975
1968
1965
1958
1963
1963
1964
1952
1952
1957
1952
1948
1951
1941
1955
1952
1943
1955
1956
1949
1947
1947
1952
1943
1949
1944
1953
1943
1958
1945
1947
1960
1948
1961
1964
1964
1965
1967
1977
1975
1971
1977
1989
1988
1981
1983
1991
1984
1991
1989
1984
1995
1992
1993
1991
1992
1978
1989
1987
1989
1992
1983
1981
1997
1981
1975
1977
1987
1983
1976
1968
1973
1971
1971
1973
1973
1966
1971
1971
1972
1956
1966
1961
1969
1961
1961
1965
1967
1955
1976
1965
1968
1969
1966
1972
1978
1971
1975
1981
1977
1992
1980
1981
1989
1991
1993
2003
1992
1990
1989
1993
1981
1994
1987
1984
2004
2001
2000
1995
1997
1989
2009
1990
2001
1991
1987
1992
1982
1996
1987
1981
1980
1971
1983
1978
1989
1979
1979
1981
1968
1987
1979
1977
1980
1975
1973
1971
1976
1971
1973
1980
1965
1977
1977
1981
1977
1982
1968
1985
1977
1981
1989
1975
1993
1978
1995
1996
1991
1988
1992
1991
1997
1992
1997
1999
1993
2001
1997
1997
2000
2003
2011
1997
2005
2005
2004
2007
2008
2003
2005
1993
2003
2012
2003
2011
2008
1996
2008
2006
1995
1995
1997
2003
1996
1994
2000
2003
1999
1992
1984
1991
1997
1989
1999
1995
1984
1990
1980
1983
1977
1987
1979
1989
1979
1979
1983
1983
1983
1989
1977
1987
1987
1989
1981
1983
1991
1979
1994
1997
1995
1991
2007
1993
2009
2003
2008
2007
2007
1997
2007
1995
2011
2005
2023
2013
2019
2022
2015
2017
2021
2016
2019
2023
2020
2029
2025
2015
2031
2023
2027
2022
2025
2029
2029
2035
2021
2027
2028
2027
2029
2028
2024
2027
2025
2036
2025
2032
2033
2035
2035
2032
2031
2041
2040
2027
2028
2033
2029
2039
2029
2037
2036
2033
2031
2031
2040
2035
2035
2035
2028
2022
2024
2025
2031
2023
2033
2025
2025
2027
2023
2023
2023
2016
2023
2025
2022
2024
2025
2023
2028
2026
2021
2025
2026
2027
2034
2019
2026
2029
2040
2035
2032
2037
2039
2032
2044
2055
2043
2048
2059
2057
2047
2063
2071
2052
2070
2070
2072
2071
2073
2076
2083
2083
2079
2075
2080
2077
2086
2079
2085
2080
2083
2077
2079
2079
2087
2084
2073
2072
2063
2072
2074
2075
2066
2071
2069
2071
2063
2061
2063
2056
2055
2068
2063
2063
2056
2046
2043
2063
2063
2059
2054
2051
2059
2063
2063
2067
2062
2056
2056
2063
2065
2065
2065
2071
2071
2065
2072
2066
2073
2075
2069
2076
2072
2077
2075
2072
2071
2064
2071
2068
2063
2067
2069
2067
2067
2057
2063
2066
2063
2066
2048
2051
2039
2039
2056
2039
2057
2045
2057
2043
2053
2032
2042
2035
2043
2032
2031
2032
2035
2041
2038
2035
2031
2032
2041
2021
2029
2041
2037
2032