2123
2139
2133
2132
2139
2132
2149
2139
2139
2128
2135
2131
2128
2123
2125
2104
2103
2107
2091
2088
2087
2077
2080
2071
2067
2063
2063
2067
2063
2052
2035
2041
2053
2040
2041
2032
2027
2041
2045
2052
2032
2039
2042
2056
2045
2044
2063
2055
2056
2056
2055
2055
2036
2071
2041
2063
2053
2055
2065
2055
2067
2046
2045
2048
2043
2044
2042
2041
2053
2027
2039
2036
2030
2040
2037
2009
2009
2011
2008
2004
2003
1991
2002
1983
1989
1991
1983
1983
1991
1977
1983
1977
1967
1975
1972
1977
1976
1967
1973
1974
1970
1976
1975
1976
1989
1974
1977
1968
1976
1964
1971
1965
1963
1959
1952
1947
1947
1949
1942
1941
1940
1937
1939
1936
1937
1928
1915
1919
1913
1916
1912
1903
1912
1897
1901
1897
1907
1893
1897
1901
1907
1899
1911
1915
1913
1899
1919
1925
1927
1933
1945
1941
1945
1945
1943
1960
1955
1963
1960
1969
1958
1965
1967
1961
1964
1971
1972
1965
1973
1973
1967
1967
1965
1957
1950
1964
1949
1948
1955
1948
1943
1955
1943
1948
1949
1945
1945
1944
1957
1959
1961
1960
1962
1973
1978
1984
1992
1998
2005
2008
2023
2025
2026
2056
2063
2065
2077
2071
2083
2081
2089
2093
2103
2101
2108
2111
2117
2122
2119
2111
2124
2123
2131
2126
2121
2122
2123
2103
2123
2107
2115
2110
2110
2109
2103
2100
2094
2095
2090
2087
2091
2078
2083
2080
2087
2079
2087
2067
2077
2081
2084
2083
2073
2085
2080
2085
2088
2092
2093
2103
2103
2095
2103
2114
2099
2106
2115
2109
2101
2102
2101
2106
2098
2095
2103
2095
2089
2087
2089
2089
2074
2074
2077
2069
2071
2055
2063
2048
2055
2044
2063
2041
2045
2040
2043
2037
2035
2021
2024
2027
2024
2023
2015
2023
2020
2023
2012
2005
2019
2017
2019
2016
2013
2021
2009
2010
2007
2021
2013
2013
2005
2008
2007
2003
1998
2005
1984
1992
1997
1992
1998
1981
1983
1979
1968
1975
1979
1967
1974
1973
1961
1960
1952
1961
1945
1952
1963
1963
1957
1960
1967
1973
1965
1961
1959
1952
1963
1963
1959
1958
1967
1960
1967
1969
1955
1958
1957
1949
1959
1952
1944
1959
1947
1947
1943
1940
1940
1951
1939
1936
1936
1937
1931
1928
1926
1920
1927
1931
1929
1927
1919
1930
1923
1928
1917
1928
1945
1949
1947
1938
1947
1941
1965
1960
1955
1966
1971
1971
1973
1988
1983
1980
1992
1995
2010
2011
2010
2021
2011
2018
2021
2013
2028
2029
2035
2027
2036
2027
2029
2035
2029
2035
2033
2033
2036
2025
2021
2016
2024
2019
2016
2015
2021
2012
2011
2012
2013
2013
2006
2011
2019
2001
2003
2008
2009
2011
2021
2017
2011
2005
2016
2021
2025
2015
2019
2025
2027
2023
2031
2025
2035
2040
2039
2039
2044
2048
2044
2053
2031
2045
2057
2045
2051
2041
2059
2040
2043
2040
2039
2037
2044
2037
2028
2029
2022
2031
2035
2020
2011
2025
2009
2013
2009
2013
2019
2017
2005
2008
2008
1998
2009
2007
2005
2007
2009
2014
2015
2003
2007
2017
2012
2029
2026
2019
2035
2027
2036
2023
2036
2035
2035
2041
2039
2058
2043
2057
2055
2046
2061
2043
2054
2055
2068
2042
2067
2055
2067
2057
2058
2045
2063
2069
2057
2065
2057
2066
2067
2067
2056
2063
2065
2065
2067
2065
2068
2069
2063
2063
2065
2074
2063
2071
2071
2077
2079
2059
2079
2076
2073
2074
2070
2071
2070
2071
2067
2057
2058
2041
2043
2055
2033
2043
2033
2016
2028
2012
2009
2009
2015
1991
1995
2003
1997
1992
1980
1984
1967
1975
1965
1977
1981
1975
1973
1975
1988
1967
1981
1987
1992
1992
1977
1997
1984
2002
2005
2004
2011
2011
2017
2013
2019
2015
2024
2025
2027
2020
2025
2035
2026
2027
2016
2025
2029
2025
2032
2021
2016
2029
2017
2011
2007
2011
1996
1994
1999
1992
1985
1983
1983
1979
1981
1981
1975
1965
1989
1972
1987
1981
1984
1974
1983
1984
1993
2001
1998
2003
2009
2007
2021
2025
2020
2024
2033
2041
2045
2031
2048
2041
2063
2044
2053
2055
2060
2063
2056
2065
2048
2042
2065
2053
2038
2038
2037
2029
2033
2017
2024
2010
2016
2020
2008
2005
2010
1993
1984
1993
1993
1985
1995
1976
1989
1989
1983
1976
1984
1979
1976
1968
1981
1988
1992
1992
1996
2007
2003
2023
2013
2025
2027
2023
2023
2021
2039
2055
2035
2043
2044
2065
2057
2068
2063
2066
2071
2071
2067
2063
2071
2076
2054
2073
2065
2067
2053
2059
2063
2059
2063
2043
2045
2039
2055
2054
2040
2038
2033
2029
2039
2031
2039
2035
2034
2039
2040
2037
2037
2039
2034
2053
2029
2032
2028
2039
2031
2032
2034
2033
2037
2029
2027
2024
2024
2025
2025
2016
2025
2016
2017
2021
2021
2022
2024
2025
2021
2014
2015
2021
2019
2020
2013
2024
2017
2002
2019
2016
2006
2015
2020
2021
2015
2017
2024
2019
2024
2021
2027
2027
2017
2033
2020
2024
2012
2025
2024
2026
2032
2027
2022
2021
2031
2037
2022
2017
2027
2031
2027
2013
2016
2027
2027
2023
2016
2023
2016
2025
2023
2023
2031
2029
2026
2021
2031
2026
2040
2028
2031
2045
2037
2057
2057
2048
2053
2056
2063
2073
2073
2068
2083
2085
2099
2084
2093
2078
2095
2094
2086
2105
2108
2109
2109
2109
2117
2116
2115
2115
2116
2110
2106
2107
2107
2103
2092
2103
2100
2092
2091
2083
2083
2077
2081
2063
2059
2059
2035
2053
2043
2029
2039
2026
2022
2024
2027
2018
2023
2021
2023
2011
2023
2019
2013
2011
2012
2012
2009
2015
2019
2019
2025
2025
2020
2033
2028
2022
2030
2022
2035
2028
2040
2041
2045
2032
2027
2032
2025
2037
2029
2029
2039
2028
2029
2024
2027
2039
2019
2019
2027
2013
2011
2011
1997
1994
2003
1991
1995
1995
1983
1990
1981
1980
1983
1977
1971
1977
1975
1973
1983
1975
1970
1975
1969
1981
1966
1981
1979
1979
1976
1992
1990
2001
1988
1995
1993
1999
2003
2002
1995
1992
1981
1989
2001
2001
1983
1995
1999
1990
1988
1993
1989
1997
1982
1989
1997
1977
2003
1982
1983
1981
1976
1983
1975
1977
1975
1979
1982
1973
1977
1989
1976
1974
1979
1983
1977
1972
1962
1969
1965
1959
1961
1960
1960
1965
1963
1963
1957
1961
1955
1964
1957
1963
1965
1960
1963
1958
1962
1961
1963
1963
1971
1975
1964
1966
1967
1976
1977
1968
1979
1966
1984
1981
1981
1989
1981
1995
1991
2003
2011
2001
2009
2009
2011
2009
2018
2016
2017
2030
2031
2032
2038
2032
2035
2037
2043
2039
2031
2029
2039
2031
2036
2021
2028
2034
2024
2029
2033
2032
2027
2025
2018
2034
2028
2024
2024
2021
2021
2008
2025
2035
2024
2021
2022
2020
2015
2009
2029
2017
2029
2029
2034
2039
2035
2052
2057
2045
2059
2065
2063
2072
2073
2070
2075
2073
2080
2077
2084
2087
2092
2083
2087
2091
2093
2091
2093
2089
2085
2087
2085
2075
2083
2063
2067
2069
2067
2056
2057
2043
2039
2035
2024
2035
2019
2021
2022
2014
2017
2019
2007
2008
2010
2003
2010
2009
2024
2011
2017
2020
2016
2028
2031
2026
2024
2039
2037
2039
2035
2041
2056
2057
2055
2063
2066
2063
2071
2039
2065
2071
2067
2060
2066
2071
2059
2059
2059
2048
2056
2054
2034
2024
2035
2031
2035
2030
2027
2024
2029
2023
2029
2015
2021
2009
2017
2013
2007
2017
2017
2001
2024
2014
2008
2003
2010
2013
2011
2001
2019
2007
2009
2007
2003
2024
2004
2001
2001
2000
1993
1996
1999
2001
1991
1984
1983
1976
1979
1979
1971
1962
1975
1967
1952
1961
1961
1952
1951
1947
1948
1957
1948
1940
1949
1929
1947
1939
1934
1931
1938
1937
1936
1935
1937
1930
1937
1935
1928
1944
1935
1943
1935
1939
1937
1932
1939
1943
1943
1941
1935
1955
1936
1948
1943
1937
1933
1938
1944
1927
1941
1927
1930
1931
1930
1927
1929
1907
1904
1915
1898
1917
1912
1907
1917
1912
1910
1907
1900
1911
1918
1917
1911
1931
1920
1951
1939
1949
1949
1947
1962
1967
1960
1983
1993
1983
1993
2007
2007
2011
2016
2018
2028
2031
2041
2033
2043
2043
2040
2057
2056
2063
2065
2059
2063
2063
2057
2059
2063
2057
2065
2060
2054
2061
2063
2043
2043
2038
2037
2055
2039
2043
2032
2031
2035
2043
2041
2034
2044
2041
2041
2053
2037
2039
2053
2058
2059
2063
2071
2067
2069
2066
2078
2077
2073
2088
2080
2085
2095
2103
2092
2103
2106
2093
2105
2104
2101
2109
2110
2101
2110
2101
2107
2092
2106
2098
2095
2089
2091
2097
2085
2079
2086
2076
2075
2075
2078
2065
2071
2067
2065
2060
2063
2057
2067
2063
2063
2057
2045
2055
2053
2040
2059
2040
2043
2053
2047
2039
2032
2035
2036
2037
2032
2041
2025
2041
2037
2041
2037
2025
2028
2031
2020
2031
2025
2027
2027
2027
2028
2023
2025
2025
2016
2021
2027
2030
2025
2022
2013
2003
2016
2019
2014
2013
2013
2005
2006
2013
2007
2003
2005
2003
2007
1995
2000
2003
1981
1997
1993
1988
1992
1990
1979
1980
1981
1980
1980
1973
1961
1983
1967
1960
1960
1946
1961
1963
1952
1946
1947
1947
1944
1944
1944
1941
1946
1935
1927
1943
1931
1933
1945
1928
1943
1941
1949
1947
1948
1959
1952
1960
1961
1967
1968
1983
1970
1978
1981
1991
1984
1995
1995
1996
2004
1993
2003
2011
1998
2007
2007
2011
2003
2005
1997
2000
1998
1993
1992
1997
1983
1980
1980
1969
1983
1977
1983
1977
1971
1972
1958
1969
1960
1959
1963
1963
1961
1959
1963
1967
1965
1964
1970
1973
1977
1992
1988
1996
1990
1997
2002
2007
2023
2018
2026
2028
2027
2032
2031
2063
2047
2066
2058
2065
2057
2078
2065
2067
2073
2072
2069
2071
2071
2071
2071
2072
2072
2065
2071
2071
2069
2063
2065
2045
2063
2063
2046
2059
2053
2057
2040
2056
2043
2041
2039
2040
2046
2040
2043
2041
2039
2039
2055
2043
2043
2059
2055
2065
2069
2075
2069
2077
2081
2087
2089
2087
2089
2099
2101
2085
2100
2103
2103
2106
2096
2100
2096
2123
2099
2105
2107
2100
2099
2099
2099
2087
2095
2088
2091
2088
2077
2085
2072
2083
2071
2081
2075
2079
2082
2078
2065
2083
2076
2075
2074
2069
2081
2067
2080
2073
2071
2077
2088
2068
2070
2071
2069
2069
2072
2065
2065
2065
2068
2063
2068
2063
2059
2063
2058
2047
2044
2038
2042
2044
2041
2026
2028
2031
2022
2031
2026
2030
2021
2017
2025
2016
2019
2021
2006
2019
2011
2018
2020
2023
2011
2022
2007
2013
2013
2023
2019
2019
2019
2025
2017
2022
2021
2022
2022
2027
2024
2018
2023
2013
2010
2003
2003
2009
1991
1991
1992
1982
1975
1971
1976
1963
1963
1955
1950
1945
1949
1936
1945
1939
1920
1928
1915
1928
1931
1911
1926
1911
1927
1920
1925
1915
1939
1943
1933
1940
1951
1935
1949
1960
1949
1957
1962
1960
1977
1967
1991
1977
1984
1994
1998
1997
1995
2008
1997
2010
1996
1998
2005
2007
2006
2000
2011
2008
2000
1997
1998
1997
2005
2003
2005
1981
1979
1977
1978
1979
1987
1979
1976
1979
1983
1980
1968
1976
1979
1974
1983
1987
1981
1995
1995
1993
1995
1999
2001
2010
2005
2007
2011
2023
2017
2023
2029
2035
2032
2026
2025
2029
2029
2039
2029
2029
2034
2040
2037
2035
2037
2035
2025
2028
2020
2032
2027
2029
2031
2035
2034
2031
2028
2016
2015
2012
2017
2021
2015
2012
2005
2023
2013
2003
2008
2011
2005
2003
2003
1994
2003
1992
2001
1989
1992
1995
1977
1983
1980
1993
1987
1984
1983
1989
1978
1973
1984
1993
1988
1997
1991
1996
1995
2001
1989
1997
1990
1992
1993
1994
2001
1995
1999
1997
2001
1996
1996
2003
1995
1989
2001
1997
1997
1997
2000
2002
2003
1998
2004
2014
2007
2009
2010
2008
2004
2009
2017
2004
2011
2012
2011
2017
2007
2011
2003
1993
2004
1999
1997
1996
2001
1994
1983
1981
1976
1991
1971
1987
1978
1964
1988
1967
1970
1973
1980
1977
1967
1979
1983
1975
1975
1993
1977
1984
1995
1983
1992
1997
1995
2011
2007
2012
2016
2019
2023
2015
2029
2028
2025
2039
2036
2035
2053
2043
2062
2058
2055
2048
2046
2044
2055
2053
2067
2045
2048
2053
2051
2055
2032
2040
2039
2036
2030
2037
2024
2027
2007
2019
2019
2019
2007
2003
2009
2001
2004
1997
1993
2005
1992
2005
1995
2007
2007
2007
2000
2007
2007
2013
2017
2021
2008
2024
2024
2035
2043
2038
2035
2039
2040
2043
2052
2063
2035
2055
2063
2063
2063
2065
2057
2055
2063
2058
2059
2044
2063
2067
2037
2032
2043
2045
2041
2029
2029
2033
2024
2021
2016
2023
2023
2009
2011
1999
2005
2003
2003
1984
1998
2003
1984
1997
2003
1979
1997
1995
1984
1987
1992
1995
1991
1989
1984
1992
1995
1982
1973
1993
1979
1989
1992
1984
1995
1989
1965
1976
1965
1979
1988
1968
1978
1977
1979
1973
1975
1968
1973
1973
1980
1968
1976
1980
1975
1987
1971
1977
1979
1983
1968
1981
1977
1976
1975
1983
1975
1968
1976
1968
1977
1968
1977
1977
1989
1977
1971
1974
1984
1991
1976
1984
1979
1991
1983
1983
1979
1982
1981
1983
1976
1979
1989
1984
1991
1990
1993
1972
1981
1988
1972
1991
1973
1992
1981
1989
1977
1983
1982
1983
1988
1992
1995
2005
1984
2012
2006
1995
2008
2012
2024
2021
2029
2028
2035
2037
2037
2043
2039
2043
2032
2040
2052
2040
2043
2043
2040
2041
2044
2043
2039
2041
2035
2028
2025
2028
2027
2035
2041
2020
2025
2014
2019
2012
2014
2002
2008
2019
2013
2007
2016
2008
2013
2011
2019
2015
2009
2014
2024
2009
2021
2033
2041
2031
2034
2040
2053
2053
2059
2068
2067
2075
2072
2079
2089
2084
2101
2101
2080
2094
2100
2099
2096
2086
2091
2087
2090
2089
2101
2090
2088
2088
2089
2074
2085
2076
2065
2075
2072
2059
2063
2072
2065
2063
2069
2065
2045
2067
2056
2063
2057
2063
2063
2068
2066
2068
2065
2073
2073
2065
2084
2077
2075
2083
2088
2075
2083
2085
2083
2079
2089
2089
2089
2085
2094
2087
2092
2085
2089
2084
2075
2077
2073
2069
2083
2075
2075
2063
2065
2055
2043
2053
2039
2043
2029
2021
2028
2025
2027
2023
2009
2009
2015
2004
2010
2009
2012
2010
2010
2011
2009
2007
2007
1997
2012
2005
2004
2013
2011
2007
2003
2012
2008
2001
2001
1992
2002
2001
1989
1996
1979
1995
1979
1974
1976
1976
1974
1965
1975
1970
1960
1973
1967
1968
1964
1970
1963
1968
1971
1973
1961
1971
1971
1973
1975
1969
1967
1975
1980
1981
1974
1971
1977
1973
1975
1975
1989
1979
1979
1990
1991
1978
1982
1983
1981
1988
1989
1977
1993
1990
1996
1979
1979
1979
1982
1978
1979
1980
1975
1967
1973
1965
1963
1968
1965
1962
1973
1968
1977
1972
1967
1963
1967
1965
1977
1976
1978
1979
1977
1976
1993
1979
1991
1997
2002
1995
2005
1998
2013
2011
2011
2011
2028
2027
2023
2036
2026
2035
2041
2043
2055
2045
2055
2043
2040
2057
2059
2057
2065
2071
2056
2057
2067
2063
2071
2059
2062
2071
2069
2071
2077
2069
2075
2074
2075
2071
2077
2079
2077
2073
2085
2084
2085
2080
2089
2091
2089
2083
2101
2095
2103
2093
2101
2100
2106
2090
2112
2109
2109
2117
2103
2119
2111
2119
2111
2115
2107
2101
2129
2115
2121
2120
2107
2111
2100
2119
2104
2107
2098
2107
2109
2095
2105
2103
2096
2106
2090
2093
2102
2080
2085
2079
2088
2085
2080
2086
2079
2085
2077
2075
2075
2073
2065
2071
2068
2068
2055
2055
2037
2041
2053
2041
2041
2035
2039
2043
2024
2040
2035
2036
2051
2037
2035
2027
2031
2021
2030
2023
2021
2027
2018
2017
2018
2008
2008
1999
2011
2008
2007
2013
2004
2007
1995
2008
1997
1997
2017
2000
1997
1995
1999
2001
1998
2009
2003
1993
1997
2007
1997
1995
1993
2003
2003
2010
1998
1995
1990
1993
2007
1979
1989
1995
1999
1984
1989
1992
1991
1983
1989
1980
1977
1979
1973
1977
1979
1977
1960
1983
1967
1979
1974
1971
1975
1978
1979
1981
1968
1981
1977
1971
1979
1983
1977
1976
1983
1990
1979
1991
1980
1976
1991
1978
1980
1984
1993
2001
1989
1987
1977
1993
1984
1993
1997
1991
1993
1989
1994
1980
1989
1984
1983
1987
1977
1980
1984
1968
1965
1981
1964
1965
1970
1967
1971
1970
1963
1960
1975
1966
1965
1967
1954
1977
1959
1967
1975
1958
1961
1988
1975
1977
1983
1982
1993
1977
1984
1982
1979
1995
1992
2011
2001
2006
2008
2002
2013
2008
2003
2017
2023
2021
2024
2010
2027
2027
2028
2051
2027
2029
2034
2027
2039
2027
2031
2025
2027
2027
2029
2024
2034
2026
2029
2034
2025
2028
2030
2027
2029
2028
2036
2025
2028
2017
2034
2039
2028
2032
2037
2032
2019
2016
2035
2040
2039
2027
2036
2031
2032
2023
2053
2033
2036
2031
2039
2039
2039
2045
2041
2057
2040
2037
2038
2037
2039
2040
2039
2031
2039
2035
2024
2035
2036
2040
2032
2051
2032
2029
2041
2016
2033
2025
2039
2029
2043
2038
2027
2039
2039
2037
2032
2035
2035
2029
2031
2013
2036
2027
2028
2027
2029
2025
2025
2021
2030
2021
2028
2024
2025
2017
2027
2021
2018
2009
2023
2027
2011
2011
2017
2003
2014
2006
2005
2008
2010
2007
1996
2007
1978
1995
2001
1995
1997
2000
1997
1993
2006
2006
1992
1997
2001
2007
2006
2005
2007
1998
2006
2011
2005
1999
2009
2007
2003
1995
2006
2002
1993
2008
1997
1993
1984
1995
1989
1976
1983
1977
1977
1982
1967
1975
1960
1964
1963
1957
1950
1957
1959
1955
1965
1961
1947
1960
1947
1952
1955
1952
1947
1951
1955
1956
1947
1965
1963
1966
1977
1964
1964
1971
1977
1983
1989
1983
1989
1975
1979
2003
1995
1992
2005
1984
1979
1980
1995
1989
1996
2003
1992
1992
1992
1993
2003
2000
1983
2004
1997
2001
1991
2009
2009
2000
1987
2001
2007
1996
2009
2007
2008
1998
2007
2002
1999
2001
2004
2003
2004
2009
2008
2013
2020
2015
2027
2017
2021
2035
2021
2037
2030
2028
2030
2041
2053
2041
2041
2044
2052
2053
2054
2063
2046
2043
2040
2043
2046
2055
2054
2042
2040
2041
2044
2044
2039
2039
2037
2052
2030
2040
2026
2040
2032
2037
2035
2037
2037
2031
2029
2041
2025
2029
2028
2024
2024
2028
2023
2032
2029
2023
2024
2020
2019
2025
2025
2027
2021
2023
2026
2023
2005
2024
2021
2022
2008
2020
2029
2015
2013
2024
2021
2024
2023
2012
2015
2019
2012
2021
2022
2019
2007
2013
2013
2015
2014
2008
2007
2013
2004
2008
2017
2023
2017
2019
2023
2025
2016
2010
2030
2024
2022
2037
2030
2027
2026
2039
2035
2041
2036
2031
2037
2040
2043
2039
2037
2036
2041
2032
2032
2037
2035
2025
2026
2035
2035
2029
2019
2039
2040
2028
2020
2033
2039
2031
2028
2039
2032
2019
2037
2029
2032
2037
2037
2035
2029
2037
2048
2045
2019
2067
2080
2140
2214
2313
2408
2523
2693
2861
2988
3151
3323
3516
3723
3994
4095
4095
4095
4095
4095
4095
4095
4095
4095
4095
4095
4095
4095
4095
4095
4095
4095
4095
4095
4095
4095
4095
4095
4095
4095
4095
4095
4095
4095
4095
4095
4095
4095
4095
4095
4095
4095
4095
4095
4095
4095
4095
4095
4095
4095
4095
4095
4095
3356
2539
1760
977
179
0
0
0
0
0
0
0
0
0
0
0
0
0
0
0
0
0
0
0
0
0
0
0
0
0
0
0
0
0
0
0
0
0
0
0
0
0
0
585
1463
2313
3188
4095
4095
4095
4095
4095
4095
4095
4095
4095
4095
4095
4095
4095
4095
4095
4095
4095
4095
4095
4095
3774
3041
2444
1891
1307
782
269
0
0
0
0
0
0
0
0
0
0
0
0
0
0
0
0
0
0
0
0
249
728
1264
1832
2377
2892
3575
4095
4095
4095
4095
4095
4095
4095
4095
4095
4095
4095
4095
4095
4095
4095
4095
4095
4095
4095
4095
4095
4095
4095
4095
4095
4095
4095
4095
4095
4095
4059
3851
3661
3496
3357
3235
3099
2979
2872
2744
2627
2531
2456
2384
2326
2267
2224
2179
2171
2179
2201
2248
2325
2421
2537
2685
2855
3013
3181
3402
3606
3785
3967
4095
4095
4095
4095
4095
4095
4095
4095
4095
4095
4095
4095
4095
4095
4095
3952
3781
3612
3452
3305
3161
3022
2896
2783
2679
2580
2480
2386
2281
2197
2112
2053
1973
1881
1805
1716
1612
1518
1435
1359
1299
1207
1144
1081
1049
1030
1013
1017
1065
1103
1163
1249
1339
1439
1577
1699
1863
2035
2217
2391
2581
2775
2988
3193
3420
3599
3795
3973
4095
4095
4095
4095
4095
4095
3993
3821
3596
3373
3129
2915
2687
2467
2209
1959
1705
1489
1237
1002
773
547
295
65
0
0
0
0
0
0
0
0
0
0
0
0
0
0
0
0
0
0
0
0
0
0
0
0
0
0
0
0
0
0
0
0
0
0
0
169
411
645
860
1075
1269
1453
1619
1767
1902
2037
2140
2240
2312
2394
2453
2488
2523
2565
2587
2601
2604
2595
2600
2590
2599
2583
2543
2540
2507
2471
2427
2395
2350
2302
2278
2216
2183
2152
2121
2109
2108
2121
2151
2165
2205
2262
2325
2409
2472
2577
2649
2727
2803
2871
2950
3015
3055
3115
3161
3220
3241
3258
3293
3303
3328
3349
3355
3374
3398
3415
3440
3453
3467
3496
3515
3543
3571
3595
3605
3590
3611
3591
3547
3513
3463
3406
3367
3305
3236
3167
3099
3023
2955
2855
2769
2663
2585
2493
2401
2293
2224
2157
2081
2020
1973
1929
1891
1871
1839
1831
1817
1810
1807
1818
1818
1843
1865
1887
1908
1947
1993
2041
2072
2107
2135
2172
2199
2229
2248
2250
2251
2227
2195
2153
2105
2035
1992
1937
1851
1760
1644
1566
1450
1337
1252
1133
1051
967
875
793
725
672
619
597
597
582
559
574
567
569
603
614
643
665
690
700
713
727
715
738
718
701
685
656
623
603
569
531
455
387
312
245
179
104
33
0
0
0
0
0
0
0
0
0
0
0
0
0
0
0
0
0
0
0
0
0
0
0
0
0
0
0
0
0
131
248
361
487
605
737
849
955
1074
1197
1301
1432
1529
1621
1749
1844
1961
2045
2119
2217
2284
2347
2411
2453
2503
2553
2587
2599
2604
2616
2603
2603
2593
2583
2563
2555
2520
2491
2471
2449
2411
2391
2379
2364
2350
2357
2351
2346
2361
2406
2431
2471
2553
2601
2676
2749
2845
2917
3011
3095
3176
3284
3411
3512
3652
3769
3927
4051
4095
4095
4095
4095
4095
4095
4095
4095
4095
4095
4095
4095
4095
4095
4095
4095
4095
4095
4095
4095
4095
4095
4095
4095
4011
3863
3691
3531
3368
3252
3150
3049
2972
2894
2825
2760
2715
2653
2647
2631
2623
2631
2618
2651
2669
2707
2765
2813
2875
2926
2983
3045
3087
3130
3177
3208
3227
3251
3259
3263
3248
3236
3215
3175
3129
3087
3023
2963
2885
2829
2739
2669
2581
2484
2393
2316
2217
2115
2002
1888
1769
1657
1532
1408
1287
1175
1054
925
782
663
542
411
288
174
81
0
0
0
0
0
0
0
0
0
0
0
0
0
0
0
0
0
0
0
0
0
0
0
0
0
0
0
0
0
0
0
37
60
116
140
182
209
248
273
294
326
343
371
392
403
415
409
435
445
448
444
467
455
453
470
472
487
508
530
557
585
631
661
713
749
791
828
880
928
978
1031
1075
1124
1173
1211
1265
1321
1381
1429
1463
1524
1575
1617
1656
1682
1718
1739
1775
1783
1801
1821
1818
1828
1821
1826
1819
1809
1812
1811
1799
1797
1799
1800
1789
1789
1811
1819
1833
1837
1863
1885
1903
1948
1983
2023
2073
2115
2155
2212
2259
2318
2355
2409
2466
2514
2555
2616
2678
2727
2776
2839
2872
2923
2971
3019
3079
3100
3147
3185
3215
3243
3270
3288
3308
3325
3338
3345
3356
3352
3359
3371
3379
3374
3389
3389
3392
3411
3388
3400
3385
3389
3379
3356
3351
3321
3286
3263
3238
3219
3181
3164
3131
3084
3050
3019
2975
2937
2905
2846
2800
2757
2695
2658
2595
2530
2481
2391
2337
2247
2186
2111
2060
1969
1915
1831
1778
1739
1684
1631
1578
1529
1512
1470
1440
1427
1387
1368
1359
1339
1325
1324
1297
1291
1279
1272
1267
1243
1235
1223
1221
1191
1184
1174
1160
1135
1117
1081
1055
1043
1008
983
944
928
893
875
832
815
789
749
729
707
686
670
649
639
625
617
617
624
629
653
653
681
731
745
793
841
889
942
1018
1080
1155
1215
1300
1383
1456
1543
1623
1705
1790
1875
1955
2017
2087
2141
2200
2249
2280
2311
2317
2346
2335
2344
2331
2318
2293
2267
2248
2223
2184
2147
2121
2099
2073
2043
2029
2021
2003
2009
2011
2045
2063
2091
2133
2174
2217
2277
2339
2399
2471
2529
2611
2668
2750
2825
2889
2961
3027
3111
3165
3230
3299
3353
3431
3491
3561
3605
3660
3683
3719
3744
3760
3755
3736
3705
3661
3621
3560
3491
3421
3357
3272
3197
3126
3035
2960
2885
2809
2736
2663
2601
2539
2471
2426
2367
2332
2291
2257
2231
2215
2201
2201
2188
2197
2185
2188
2195
2193
2196
2189
2180
2171
2173
2165
2154
2138
2121
2091
2071
2037
2002
1959
1912
1871
1831
1779
1723
1675
1621
1581
1531
1479
1435
1397
1365
1315
1298
1260
1239
1208
1221
1223
1208
1213
1243
1251
1270
1312
1325
1385
1433
1477
1541
1586
1649
1711
1787
1839
1907
1971
2032
2103
2148
2186
2237
2293
2313
2355
2368
2388
2393
2397
2387
2375
2355
2315
2275
2248
2184
2147
2095
2032
1974
1921
1853
1787
1719
1672
1613
1581
1532
1489
1454
1428
1403
1369
1377
1373
1371
1380
1391
1403
1427
1447
1472
1511
1530
1581
1612
1654
1687
1720
1756
1789
1835
1849
1887
1911
1920
1943
1964
1980
1977
2009
2011
2007
2013
2001
1991
1965
1951
1931
1900
1869
1830
1799
1753
1690
1662
1611
1544
1497
1448
1408
1359
1323
1283
1251
1223
1197
1193
1174
1184
1195
1194
1220
1237
1261
1309
1341
1365
1401
1443
1472
1511
1546
1571
1591
1619
1629
1650
1661
1675
1684
1687
1685
1683
1682
1687
1670
1655
1655
1641
1642
1629
1627
1607
1595
1587
1587
1568
1560
1553
1539
1528
1514
1496
1496
1481
1469
1477
1467
1481
1479
1481
1479
1494
1507
1509
1523
1561
1576
1595
1600
1617
1633
1644
1652
1677
1676
1687
1687
1697
1701
1719
1739
1741
1752
1765
1757
1787
1791
1813
1813
1831
1824
1838
1837
1834
1843
1845
1862
1848
1860
1862
1864
1865
1881
1881
1887
1907
1900
1914
1925
1929
1952
1957
1978
2007
2019
2032
2063
2074
2100
2109
2121
2152
2167
2190
2212
2227
2231
2267
2267
2265
2283
2283
2285
2288
2291
2285
2261
2254
2237
2207
2174
2156
2137
2109
2063
2045
2017
1981
1952
1928
1899
1868
1847
1828
1812
1785
1761
1741
1721
1695
1687
1660
1653
1628
1635
1621
1611
1619
1609
1610
1623
1625
1621
1619
1625
1633
1641
1652
1654
1656
1656
1648
1657
1646
1632
1633
1611
1600
1578
1547
1514
1499
1455
1429
1401
1369
1322
1301
1271
1240
1214
1181
1171
1159
1150
1144
1138
1136
1142
1159
1180
1194
1201
1243
1261
1309
1336
1367
1407
1452
1499
1531
1579
1633
1678
1725
1773
1811
1841
1901
1944
1984
2029
2063
2095
2118
2135
2152
2173
2176
2198
2199
2196
2187
2205
2188
2185
2190
2203
2193
2188
2185
2189
2216
2203
2231
2231
2237
2258
2261
2280
2293
2319
2316
2323
2338
2352
2367
2374
2393
2423
2421
2421
2451
2453
2472
2487
2504
2515
2526
2540
2555
2575
2581
2592
2613
2621
2631
2643
2653
2649
2670
2667
2658
2668
2671
2666
2661
2665
2648
2647
2620
2601
2581
2585
2575
2553
2534
2521
2501
2492
2480
2477
2454
2443
2424
2414
2399
2405
2379
2376
2350
2359
2332
2327
2304
2301
2286
2263
2248
2233
2215
2203
2173
2159
2131
2108
2077
2053
2012
1991
1952
1919
1893
1847
1801
1783
1740
1695
1657
1605
1571
1515
1460
1401
1353
1300
1245
1184
1141
1083
1039
986
932
893
855
826
790
764
743
723
723
723
713
715
713
730
740
767
781
811
849
868
916
951
983
1035
1070
1109
1162
1223
1268
1328
1379
1435
1493
1543
1588
1640
1689
1736
1764
1789
1807
1831
1843
1845
1840
1843
1823
1795
1768
1735
1709
1656
1621
1560
1505
1467
1429
1379
1336
1301
1264
1243
1215
1197
1177
1168
1171
1179
1192
1225
1243
1277
1315
1367
1406
1463
1512
1584
1651
1699
1774
1833
1905
1966
2028
2096
2153
2211
2277
2314
2367
2397
2425
2472
2478
2500
2496
2494
2491
2456
2455
2419
2387
2341
2296
2247
2204
2153
2091
2044
1975
1911
1873
1811
1767
1721
1677
1627
1592
1571
1559
1530
1525
1528
1548
1558
1583
1605
1640
1680
1735
1787
1842
1914
1972
2041
2103
2175
2255
2304
2389
2437
2484
2525
2571
2615
2631
2665
2667
2681
2683
2677
2665
2647
2621
2580
2548
2511
2472
2411
2357
2301
2236
2171
2117
2025
1984
1911
1865
1809
1752
1707
1673
1635
1587
1579
1567
1553
1557
1557
1564
1580
1588
1629
1647
1673
1703
1739
1779
1806
1828
1873
1913
1937
1969
2017
2035
2068
2099
2131
2155
2195
2205
2235
2257
2274
2297
2311
2313
2314
2323
2322
2322
2311
2295
2292
2271
2257
2233
2203
2181
2163
2135
2109
2089
2041
2030
2013
1976
1959
1961
1931
1923
1901
1896
1890
1893
1872
1879
1879
1889
1894
1893
1895
1897
1894
1907
1907
1911
1907
1904
1901
1900
1884
1888
1879
1867
1847
1839
1833
1815
1785
1770
1757
1748
1736
1726
1704
1689
1664
1660
1640
1647
1661
1641
1655
1667
1683
1699
1712
1745
1761
1779
1817
1834
1871
1895
1919
1947
1990
2013
2027
2047
2063
2091
2105
2124
2127
2143
2151
2152
2153
2163
2167
2155
2155
2149
2131
2120
2103
2099
2084
2063
2054
2031
2011
1989
1960
1940
1931
1904
1883
1870
1851
1840
1832
1819
1810
1800
1787
1788
1783
1765
1779
1776
1785
1783
1784
1806
1812
1820
1830
1837
1859
1869
1883
1893
1899
1911
1913
1911
1910
1913
1911
1903
1888
1892
1878
1867
1841
1837
1804
1791
1773
1761
1739
1723
1707
1694
1681
1687
1685
1690
1690
1688
1707
1709
1719
1747
1759
1783
1803
1829
1848
1868
1903
1934
1956
1982
2009
2035
2067
2085
2106
2135
2141
2164
2176
2204
2222
2236
2247
2251
2265
2277
2282
2289
2299
2293
2302
2303
2297
2299
2297
2297
2302
2297
2291
2297
2297
2288
2295
2299
2295
2295
2299
2315
2328
2335
2349
2359
2377
2381
2399
2413
2419
2443
2453
2461
2470
2483
2496
2507
2515
2511
2520
2527
2511
2507
2504
2487
2474
2463
2436
2407
2381
2344
2325
2276
2245
2207
2152
2116
2071
2017
1976
1918
1869
1827
1781
1734
1657
1625
1575
1526
1479
1449
1407
1340
1315
1288
1263
1255
1214
1197
1199
1201
1196
1199
1213
1228
1255
1262
1287
1322
1332
1381
1421
1445
1495
1517
1565
1597
1626
1659
1703
1737
1771
1805
1817
1849
1876
1881
1899
1903
1918
1913
1917
1915
1911
1911
1896
1880
1851
1844
1808
1787
1766
1744
1719
1692
1663
1653
1636
1621
1613
1577
1581
1592
1576
1599
1605
1625
1641
1663
1691
1709
1752
1779
1819
1847
1876
1916
1953
2009
2035
2077
2107
2150
2165
2215
2227
2266
2282
2304
2322
2347
2354
2375
2378
2379
2394
2389
2391
2380
2359
2356
2341
2315
2284
2265
2227
2211
2173
2151
2123
2095
2068
2036
1999
1995
1976
1958
1933
1918
1909
1899
1892
1885
1885
1885
1887
1899
1898
1911
1925
1924
1956
1957
1975
1992
2012
2023
2054
2059
2079
2090
2095
2103
2120
2109
2118
2115
2105
2088
2077
2064
2029
2007
1973
1945
1918
1886
1868
1813
1788
1755
1730
1702
1667
1636
1613
1582
1554
1549
1520
1507
1505
1469
1464
1453
1467
1463
1460
1493
1483
1503
1503
1524
1545
1559
1575
1582
1607
1617
1641
1636
1669
1681
1681
1704
1696
1717
1719
1714
1727
1724
1738
1736
1723
1719
1714
1717
1694
1684
1660
1640
1645
1629
1605
1579
1587
1567
1545
1525
1515
1515
1510
1499
1490
1475
1489
1480
1491
1499
1502
1510
1532
1536
1568
1596
1611
1643
1661
1693
1735
1749
1797
1821
1851
1885
1915
1934
1961
1989
2003
2024
2037
2057
2063
2073
2071
2073
2077
2079
2075
2075
2072
2063
2032
2042
2033
2011
2019
2002
2007
2001
1980
1983
1989
1996
2003
2005
2016
2021
2045
2071
2098
2125
2151
2167
2207
2232
2268
2301
2335
2364
2399
2417
2455
2493
2525
2537
2581
2596
2613
2643
2649
2680
2686
2713
2714
2732
2734
2741
2747
2741
2741
2732
2727
2709
2719
2691
2684
2665
2647
2621
2607
2581
2571
2526
2518
2487
2456
2432
2424
2386
2365
2347
2337
2312
2291
2273
2265
2237
2223
2197
2186
2183
2167
2148
2130
2120
2105
2091
2083
2065
2057
2036
2016
2009
2003
1979
1971
1947
1934
1919
1903
1882
1875
1852
1824
1805
1791
1783
1768
1745
1726
1711
1699
1691
1681
1661
1652
1637
1639
1634
1625
1621
1615
1610
1617
1619
1615
1623
1628
1631
1637
1639
1644
1651
1672
1677
1689
1701
1704
1722
1717
1739
1755
1752
1768
1787
1797
1803
1804
1817
1828
1807
1816
1811
1792
1789
1786
1787
1765
1756
1749
1725
1700
1708
1673
1668
1644
1632
1631
1621
1610
1596
1587
1579
1576
1579
1571
1568
1568
1577
1573
1581
1595
1603
1595
1611
1621
1628
1636
1657
1657
1667
1672
1689
1688
1689
1709
1707
1710
1725
1719
1735
1725
1734
1739
1739
1748
1743
1741
1741
1739
1739
1748
1738
1746
1747
1741
1737
1755
1750
1747
1752
1760
1756
1771
1773
1774
1787
1821
1820
1822
1849
1855
1885
1892
1911
1933
1959
1971
1989
2012
2024
2035
2077
2090
2117
2124
2140
2151
2159
2181
2176
2193
2199
2200
2197
2191
2189
2189
2197
2188
2171
2170
2163
2157
2157
2147
2143
2135
2140
2128
2135
2118
2131
2121
2124
2127
2126
2130
2131
2127
2131
2150
2145
2144
2158
2160
2167
2189
2196
2195
2203
2208
2215
2236
2232
2236
2236
2249
2249
2237
2245
2250
2229
2225
2221
2217
2197
2199
2192
2186
2163
2163
2146
2125
2121
2112
2106
2096
2083
2067
2070
2069
2063
2044
2041
2043
2032
2036
2032
2035
2032
2031
2039
2045
2038
2063
2069
2072
2069
2087
2089
2100
2109
2124
2141
2151
2163
2176
2189
2201
2216
2222
2221
2239
2263
2261
2273
2277
2269
2274
2279
2270
2269
2251
2251
2235
2217
2193
2181
2151
2137
2100
2084
2051
2012
1989
1960
1943
1901
1883
1851
1831
1801
1785
1765
1746
1728
1724
1707
1703
1696
1700
1695
1689
1689
1711
1704
1719
1733
1738
1757
1765
1783
1792
1815
1817
1840
1848
1859
1856
1878
1869
1884
1891
1895
1880
1877
1881
1867
1856
1835
1823
1819
1794
1767
1755
1720
1704
1684
1654
1640
1627
1610
1591
1569
1569
1547
1543
1543
1528
1527
1528
1545
1545
1557
1563
1589
1600
1624
1637
1658
1691
1708
1741
1783
1803
1819
1853
1879
1914
1933
1961
1981
2008
2027
2044
2067
2079
2102
2105
2120
2128
2131
2133
2131
2131
2140
2135
2132
2129
2102
2109
2119
2107
2099
2101
2094
2093
2094
2096
2088
2094
2091
2108
2110
2131
2149
2153
2167
2183
2205
2228
2239
2263
2283
2300
2313
2345
2360
2383
2397
2413
2421
2429
2432
2449
2453
2449
2444
2437
2430
2416
2409
2385
2367
2347
2315
2293
2273
2237
2219
2193
2169
2141
2115
2094
2083
2055
2024
2018
1993
1975
1973
1951
1947
1948
1931
1939
1931
1936
1939
1955
1955
1965
1976
1994
2004
2011
2031
2041
2061
2063
2072
2073
2100
2105
2115
2112
2110
2125
2117
2107
2115
2096
2080
2075
2066
2043
2024
2021
1993
1976
1957
1934
1909
1893
1856
1836
1827
1809
1789
1781
1753
1749
1726
1718
1727
1713
1711
1709
1715
1716
1736
1728
1739
1769
1757
1787
1799
1817
1839
1837
1861
1869
1891
1894
1900
1917
1927
1936
1945
1939
1937
1948
1947
1945
1942
1917
1915
1927
1900
1907
1897
1882
1866
1855
1847
1861
1847
1824
1823
1811
1805
1809
1804
1811
1805
1808
1809
1815
1820
1817
1815
1833
1833
1849
1861
1869
1883
1897
1913
1925
1928
1949
1964
1973
1980
1999
2005
2013
2036
2040
2065
2063
2069
2078
2070
2067
2077
2083
2075
2085
2071
2075
2078
2072
2076
2072
2067
2063
2057
2069
2059
2070
2067
2058
2067
2055
2071
2068
2083
2093
2092
2100
2108
2135
2131
2162
2163
2175
2197
2219
2227
2240
2261
2271
2287
2304
2313
2333
2327
2344
2348
2349
2349
2355
2345
2343
2334
2327
2315
2299
2280
2263
2248
2231
2200
2187
2167
2141
2123
2106
2090
2067
2043
2024
2009
1992
1975
1965
1962
1945
1935
1933
1912
1915
1905
1923
1901
1907
1900
1897
1904
1907
1906
1900
1893
1906
1907
1913
1907
1902
1903
1916
1913
1909
1912
1907
1901
1910
1896
1905
1891
1873
1869
1866
1836
1832
1823
1799
1801
1774
1754
1743
1728
1715
1702
1691
1671
1653
1652
1627
1621
1613
1591
1604
1591
1598
1591
1605
1611
1609
1605
1627
1624
1641
1655
1663
1673
1691
1695
1705
1717
1738
1755
1752
1789
1800
1804
1821
1841
1852
1871
1881
1896
1912
1927
1947
1953
1977
1980
1992
1997
2013
2024
2035
2039
2043
2029
2053
2066
2057
2065
2063
2063
2047
2055
2051
2044
2030
2024
2015
2019
1997
1989
2000
1975
1980
1979
1963
1972
1967
1965
1963
1971
1977
1983
1995
1997
2013
2016
2033
2032
2063
2073
2079
2100
2117
2121
2123
2149
2150
2155
2157
2156
2170
2166
2168
2169
2175
2166
2160
2155
2157
2153
2150
2142
2133
2125
2135
2126
2127
2120
2111
2108
2105
2119
2105
2093
2110
2096
2101
2109
2107
2107
2111
2107
2107
2119
2105
2129
2120
2120
2124
2115
2133
2131
2126
2136
2137
2142
2151
2141
2148
2138
2137
2123
2128
2129
2119
2120
2105
2105
2100
2080
2075
2059
2058
2041
2035
2041
2012
1999
1984
1993
1967
1965
1957
1959
1964
1960
1963
1959
1961
1975
1981
1979
1995
2010
2023
2029
2043
2069
2063
2083
2087
2104
2124
2119
2141
2146
2155
2162
2169
2173
2182
2199
2183
2175
2181
2170
2152
2151
2141
2124
2105
2087
2067
2059
2031
2007
1991
1965
1946
1916
1902
1883
1867
1838
1829
1813
1799
1784
1772
1774
1763
1753
1755
1744
1747
1749
1752
1763
1763
1762
1777
1776
1789
1807
1815
1831
1822
1847
1861
1848
1877
1883
1893
1904
1911
1915
1912
1935
1928
1940
1937
1926
1927
1928
1925
1915
1901
1898
1901
1878
1868
1864
1847
1833
1833
1810
1805
1815
1813
1806
1808
1791
1801
1803
1803
1802
1811
1827
1817
1832
1837
1851
1861
1847
1879
1866
1892
1916
1915
1920
1924
1933
1937
1949
1945
1949
1959
1952
1954
1950
1965
1951
1953
1957
1942
1939
1939
1917
1918
1919
1907
1904
1879
1875
1879
1871
1879
1863
1863
1855
1875
1870
1881
1889
1893
1913
1903
1925
1946
1972
1969
2006
2024
2041
2068
2092
2101
2127
2133
2163
2176
2200
2217
2227
2245
2263
2256
2267
2275
2274
2275
2273
2265
2263
2261
2238
2239
2235
2203
2201
2187
2167
2167
2151
2145
2123
2115
2115
2111
2091
2080
2077
2063
2075
2069
2064
2067
2063
2067
2072
2087
2088
2093
2119
2118
2128
2139
2161
2160
2185
2187
2203
2205
2203
2228
2225
2232
2247
2232
2233
2232
2227
2231
2208
2217
2204
2194
2172
2167
2152
2135
2133
2110
2103
2083
2075
2065
2055
2037
2037
2023
2023
2012
2009
2007
2007
2012
2007
2006
2019
2019
2031
2037
2043
2063
2065
2075
2081
2087
2095
2099
2112
2122
2123
2112
2118
2126
2115
2114
2112
2103
2099
2099
2085
2071
2044
2032
2021
2013
1996
1978
1966
1945
1937
1920
1904
1891
1881
1875
1869
1862
1845
1835
1847
1826
1829
1821
1825
1821
1827
1824
1831
1835
1841
1845
1847
1868
1868
1877
1905
1913
1934
1931
1947
1959
1958
1975
1991
1983
2001
2012
2016
2023
2016
2030
2029
2037
2037
2035
2031
2023
2018
2017
2010
2003
1992
1998
1994
1975
1965
1964
1960
1964
1941
1957
1949
1949
1946
1947
1957
1949
1961
1961
1963
1972
1980
1987
2008
2009
2021
2028
2029
2041
2065
2071
2080
2088
2091
2104
2120
2128
2131
2136
2139
2135
2139
2147
2148
2149
2151
2143
2141
2127
2125
2111
2114
2096
2089
2085
2073
2057
2042
2016
2019
2008
1981
1977
1969
1956
1947
1938
1932
1943
1931
1931
1927
1920
1931
1925
1929
1943
1947
1953
1963
1966
1971
1995
1990
2009
2016
2026
2041
2044
2063
2077
2073
2081
2093
2104
2113
2106
2105
2121
2113
2115
2117
2108
2088
2084
2088
2067
2063
2057
2039
2023
2020
1997
1976
1971
1941
1933
1919
1903
1891
1888
1873
1867
1865
1847
1840
1831
1827
1823
1829
1827
1835
1832
1837
1849
1846
1869
1882
1867
1888
1907
1926
1940
1950
1971
1974
1993
2011
2024
2063
2044
2075
2069
2077
2085
2091
2091
2101
2105
2110
2109
2103
2105
2103
2101
2095
2084
2075
2071
2058
2041
2029
2027
2024
2008
2005
2002
1995
1995
1981
1981
1979
1977
1964
1980
1980
1979
1989
1989
2003
1993
2009
2016
2029
2030
2035
2053
2045
2077
2077
2084
2103
2105
2135
2133
2137
2139
2143
2151
2152
2153
2157
2149
2157
2151
2139
2147
2130
2121
2116
2096
2085
2063
2058
2037
2026
2007
1996
1983
1963
1962
1942
1936
1929
1913
1909
1913
1901
1902
1893
1909
1896
1914
1913
1927
1932
1955
1962
1960
1975
1989
2003
1997
2007
2014
2023
2027
2029
2031
2025
2039
2020
2027
2024
2023
2016
2013
2005
1991
1976
1973
1957
1955
1929
1917
1918
1899
1885
1865
1866
1853
1845
1830
1818
1819
1816
1813
1812
1817
1803
1803
1813
1817
1819
1831
1829
1837
1849
1854
1877
1880
1897
1903
1913
1936
1937
1944
1953
1971
1979
1972
1991
1984
1991
2008
2005
1999
2005
2006
1993
2001
1983
1991
1974
1973
1963
1959
1941
1940
1936
1929
1919
1913
1903
1901
1897
1890
1879
1884
1883
1877
1875
1891
1893
1879
1895
1887
1903
1901
1908
1918
1915
1927
1929
1947
1947
1957
1957
1971
1989
1984
2005
2005
2009
2015
2024
2038
2028
2043
2037
2043
2063
2053
2045
2059
2043
2065
2042
2052
2047
2042
2043
2039
2034
2039
2032
2025
2031
2016
2027
2028
2031
2031
2039
2045
2041
2035
2042
2061
2067
2078
2084
2086
2092
2104
2107
2109
2120
2137
2125
2151
2155
2139
2153
2153
2139
2142
2146
2131
2137
2125
2119
2098
2092
2085
2074
2063
2060
2039
2019
2008
2004
1999
1989
1979
1960
1956
1939
1944
1929
1930
1923
1929
1915
1907
1917
1914
1915
1918
1918
1916
1927
1916
1925
1937
1941
1929
1949
1953
1960
1959
1965
1973
1973
1983
1966
1980
1979
2001
1989
1996
1990
1991
1991
1989
1976
1972
1967
1967
1958
1945
1941
1936
1916
1925
1903
1909
1896
1882
1868
1885
1871
1864
1865
1878
1866
1865
1864
1876
1879
1876
1889
1899
1899
1904
1925
1931
1950
1963
1966
1991
2005
2016
2021
2047
2057
2064
2077
2089
2099
2104
2109
2123
2124
2122
2125
2125
2118
2127
2112
2117
2100
2089
2088
2086
2068
2066
2054
2029
2035
2025
2010
2010
1999
1993
1975
1975
1958
1954
1959
1943
1944
1945
1941
1938
1943
1949
1941
1959
1952
1949
1957
1964
1960
1963
1973
1976
1983
1981
1981
1996
1998
1997
2003
1997
1997
1996
2019
2008
2005
2000
1992
1995
1984
1989
1971
1975
1967
1973
1955
1955
1940
1932
1945
1933
1929
1925
1924
1924
1915
1928
1931
1931
1930
1928
1939
1945
1943
1958
1962
1968
1989
1971
1997
1992
2008
2008
2014
2027
2028
2028
2041
2059
2043
2053
2056
2063
2066
2066
2063
2071
2057
2058
2063
2071
2065
2057
2043
2057
2043
2041
2025
2035
2029
2022
2023
2027
2018
2011
2023
2023
2013
2019
2021
2019
2031
2039
2041
2041
2063
2063
2066
2075
2085
2092
2096
2112
2133
2127
2142
2155
2159
2163
2169
2187
2173
2184
2193
2176
2192
2171
2190
2181
2182
2165
2171
2167
2142
2137
2140
2109
2105
2089
2076
2077
2052
2040
2027
2015
2009
1984
1983
1975
1965
1959
1950
1950
1940
1941
1930
1932
1936
1943
1944
1937
1948
1948
1963
1966
1988
1980
1989
2010
2015
2025
2029
2048
2063
2068
2079
2079
2089
2093
2102
2099
2105
2104
2105
2099
2093
2088
2079
2088
2069
2065
2053
2040
2034
2016
2012
1997
1983
1967
1963
1949
1941
1940
1915
1919
1903
1899
1898
1899
1898
1885
1876
1893
1900
1905
1906
1910
1915
1938
1929
1959
1961
1975
1989
1995
2017
2016
2025
2044
2059
2065
2083
2075
2077
2093
2095
2099
2101
2091
2101
2083
2087
2080
2080
2074
2067
2055
2044
2043
2039
2030
2028
2007
2008
2000
2007
1995
1995
1975
1976
1980
1988
1981
1993
1989
1982
1996
1989
2005
2015
2007
2012
2028
2029
2039
2053
2063
2057
2063
2075
2071
2078
2091
2084
2096
2093
2099
2096
2103
2099
2103
2099
2104
2101
2083
2099
2096
2079
2085
2082
2078
2073
2063
2063
2063
2039
2043
2035
2040
2013
2035
2027
2024
2028
2035
2021
2035
2033
2041
2040
2063
2067
2065
2072
2087
2080
2104
2096
2103
2120
2127
2139
2140
2151
2151
2155
2153
2149
2149
2162
2153
2143
2149
2139
2133
2117
2101
2091
2075
2069
2057
2030
2028
2008
2000
1987
1977
1952
1959
1939
1925
1923
1912
1892
1899
1889
1896
1897
1881
1880
1890
1883
1885
1888
1896
1906
1901
1917
1923
1920
1931
1945
1949
1949
1963
1967
1959
1989
1980
1981
1979
1989
1992
1992
1992
1993
1981
1981
1968
1971
1955
1946
1943
1931
1917
1901
1896
1879
1877
1859
1849
1839
1832
1821
1829
1815
1812
1816
1805
1811
1817
1823
1829
1839
1837
1851
1863
1873
1891
1896
1911
1915
1929
1949
1958
1976
1992
1995
2010
2029
2036
2055
2072
2072
2079
2093
2097
2097
2108
2092
2105
2109
2095
2093
2093
2101
2083
2077
2075
2063
2047
2063
2043
2017
2027
2025
2014
2008
2011
2005
1992
1992
1996
1991
1995
2005
2007
2005
2011
2013
2025
2029
2029
2044
2063
2075
2079
2089
2105
2104
2106
2124
2131
2130
2137
2135
2147
2144
2148
2143
2145
2143
2136
2137
2132
2122
2115
2105
2095
2085
2092
2073
2068
2039
2045
2029
2024
2016
2021
2007
2005
2003
1994
1994
1992
1995
1996
1997
1992
2003
2011
2003
2019
2023
2027
2027
2031
2035
2053
2052
2063
2067
2069
2072
2080
2078
2079
2091
2084
2083
2075
2089
2076
2069
2076
2066
2058
2056
2036
2039
2027
2012
2013
1991
1992
1993
1981
1967
1966
1960
1949
1951
1945
1934
1933
1925
1920
1916
1911
1915
1915
1924
1925
1917
1929
1937
1931
1934
1944
1943
1946
1948
1965
1955
1965
1976
1972
1974
1975
1984
1982
1991
1992
1995
1995
2003
2001
1989
1997
1989
1989
1992
1977
1968
1967
1976
1952
1947
1955
1943
1935
1933
1927
1915
1904
1911
1886
1897
1892
1881
1891
1887
1881
1885
1885
1887
1897
1895
1888
1903
1909
1903
1915
1929
1930
1933
1956
1973
1967
1965
1981
1983
1991
2009
2016
2027
2019
2023
2040
2037
2037
2046
2045
2047
2048
2053
2036
2043
2035
2028
2035
2019
2013
2013
2003
2007
1983
1989
1979
1976
1971
1961
1963
1955
1945
1952
1940
1941
1945
1949
1949
1946
1963
1952
1955
1964
1968
1972
1973
1983
2001
1991
2011
2008
2020
2016
2027
2039
2045
2041
2042
2057
2067
2068
2068
2068
2075
2065
2076
2064
2067
2067
2056
2054
2040
2051
2029
2031
2023
2021
2010
2007
2000
2001
1992
1992
1997
1980
1987
1987
1983
1989
1993
2007
1995
2005
2017
2016
2038
2029
2045
2053
2045
2071
2081
2083
2108
2107
2102
2117
2127
2137
2136
2144
2145
2147
2152
2163
2162
2157
2155
2170
2165
2157
2152
2139
2145
2107
2137
2133
2119
2117
2101
2099
2092
2071
2089
2071
2071
2059
2059
2055
2040
2041
2041
2039
2043
2040
2035
2032
2037
2037
2040
2039
2060
2067
2063
2063
2074
2077
2077
2095
2088
2087
2108
2096
2120
2103
2099
2104
2088
2103
2096
2107
2089
2088
2077
2067
2061
2044
2030
2023
2011
2007
1994
1979
1971
1964
1948
1951
1933
1932
1925
1903
1901
1891
1892
1884
1875
1881
1872
1877
1868
1875
1870
1881
1871
1889
1893
1887
1897
1896
1895
1911
1906
1916
1931
1909
1931
1938
1918
1928
1933
1929
1933
1931
1917
1933
1931
1925
1931
1914
1903
1898
1897
1891
1883
1875
1871
1859
1863
1843
1848
1847
1845
1836
1829
1833
1829
1837
1832
1837
1836
1838
1846
1851
1856
1878
1873
1890
1894
1910
1908
1925
1932
1931
1951
1965
1973
1977
1983
1992
1994
2008
2011
2015
2017
2025
2020
2019
2026
2030
2035
2026
2019
2040
2020
2036
2029
2035
2027
2036
2039
2039
2041
2042
2051
2055
2041
2055
2065
2068
2063
2072
2077
2083
2094
2115
2116
2105
2128
2136
2146
2139
2141
2155
2167
2165
2175
2171
2181
2187
2197
2184
2194
2194
2195
2197
2195
2193
2201
2197
2187
2189
2196
2188
2183
2184
2175
2179
2172
2157
2167
2159
2163
2152
2152
2148
2143
2144
2146
2142
2141
2140
2139
2144
2153
2138
2147
2157
2148
2157
2163
2156
2160
2159
2163
2153
2180
2173
2169
2183
2181
2179
2176
2167
2165
2171
2155
2157
2156
2152
2155
2137
2135
2115
2131
2119
2096
2096
2089
2077
2068
2067
2047
2057
2027
2026
2023
2018
2006
2006
1995
1995
1989
1993
1979
1976
1976
1966
1975
1967
1950
1964
1971
1961
1959
1959
1957
1965
1957
1967
1963
1963
1957
1947
1941
1951
1949
1956
1946
1943
1927
1937
1932
1941
1927
1924
1925
1911
1908
1913
1907
1899
1895
1901
1889
1895
1901
1890
1900
1901
1883
1909
1907
1903
1911
1912
1903
1925
1915
1930
1920
1933
1947
1953
1959
1960
1966
1975
1977
1987
1984
1979
1989
1997
1993
2003
1994
2003
2017
2021
2011
2014
2022
2011
2017
2022
2033
2011
2019
2016
2023
2016
2008
2014
2006
2005
1993
1998
1997
1989
1999
1983
1978
1987
1979
1971
1980
1980
1981
1967
1981
1987
1996
1980
2006
1999
2000
2015
2007
2026
2032
2031
2037
2067
2059
2083
2075
2093
2094
2107
2102
2107
2107
2107
2117
2108
2123
2115
2117
2110
2104
2104
2093
2093
2085
2077
2080
2077
2075
2069
2045
2043
2039
2037
2027
2029
2015
2015
2008
2004
1996
1992
2005
2007
1993
2007
1999
2003
1995
2009
2018
2010
2016
2027
2024
2020
2039
2051
2053
2060
2067
2067
2079
2077
2087
2085
2084
2091
2095
2094
2095
2093
2099
2089
2089
2099
2087
2079
2083
2079
2077
2069
2058
2071
2048
2040
2037
2031
2027
2021
2017
2025
2006
2012
2004
2015
2001
1992
2009
2019
2010
2013
2019
2013
2025
2019
2031
2036
2045
2035
2063
2063
2059
2069
2066
2081
2069
2075
2071
2089
2069
2081
2076
2071
2069
2067
2066
2043
2038
2033
2027
2020
2002
1993
1982
1973
1963
1957
1939
1932
1927
1907
1901
1887
1889
1881
1869
1856
1847
1853
1838
1843
1843
1847
1849
1843
1863
1869
1874
1879
1891
1897
1912
1919
1931
1957
1950
1964
1970
1999
1985
1997
2008
2008
2021
2021
2031
2041
2028
2024
2025
2024
2006
2013
2018
2005
2005
1983
1991
1973
1950
1967
1947
1939
1919
1920
1905
1913
1893
1896
1898
1889
1881
1885
1893
1879
1891
1881
1895
1899
1904
1913
1924
1940
1939
1957
1963
1972
1979
1981
2009
2014
2027
2040
2055
2059
2066
2067
2083
2091
2093
2093
2099
2095
2109
2099
2099
2087
2090
2077
2083
2072
2065
2072
2045
2038
2034
2025
2019
2011
2003
2005
1999
1982
1981
1989
1973
1974
1977
1979
1979
1992
1983
1996
2003
2008
2010
2013
2035
2040
2033
2067
2072
2080
2072
2089
2105
2100
2105
2117
2107
2107
2117
2117
2124
2120
2117
2112
2122
2115
2109
2100
2105
2091
2086
2087
2081
2080
2068
2071
2055
2055
2048
2040
2042
2025
2016
2025
2023
2012
2011
1997
2005
2005
2004
1995
2003
2009
2000
2013
2001
2011
2011
2008
2009
2021
2021
2022
2026
2025
2027
2027
2031
2032
2028
2029
2037
2025
2023
2020
2009
2008
2008
2009
2001
1996
1981
1973
1977
1977
1960
1949
1945
1948
1949
1945
1943
1917
1928
1925
1928
1926
1916
1923
1913
1926
1929
1913
1929
1927
1934
1928
1931
1941
1919
1951
1944
1944
1939
1954
1948
1955
1949
1959
1951
1951
1958
1947
1944
1961
1944
1956
1944
1938
1945
1939
1935
1931
1927
1915
1928
1925
1909
1909
1911
1907
1885
1899
1889
1896
1906
1896
1907
1901
1905
1917
1917
1927
1939
1940
1949
1959
1968
1976
1991
2006
2010
2021
2027
2039
2033
2071
2077
2083
2089
2104
2103
2107
2117
2112
2116
2118
2125
2132
2127
2122
2125
2128
2130
2120
2118
2115
2108
2107
2110
2100
2092
2092
2097
2085
2080
2081
2075
2077
2085
2066
2075
2057
2071
2071
2069
2075
2073
2077
2086
2077
2091
2083
2097
2105
2104
2107
2110
2107
2125
2129
2123
2116
2133
2134
2140
2137
2135
2137
2143
2145
2149
2146
2143
2134
2137
2136
2132
2123
2120
2117
2115
2121
2100
2105
2099
2104
2093
2083
2074
2071
2077
2069
2044
2069
2055
2053
2040
2045
2041
2037
2031
2039
2024
2029
2023
2025
2008
2019
2017
2012
2003
2014
2010
2009
2000
2009
2002
1996
1996
2009
1992
1999
2007
1993
1993
1977
1984
1986
1987
1977
1971
1967
1977
1972
1963
1969
1966
1963
1951
1963
1961
1948
1959
1953
1955
1949
1961
1959
1956
1952
1964
1956
1963
1955
1957
1956
1962
1955
1957
1957
1960
1963
1963
1960
1952
1957
1949
1945
1949
1939
1941
1943
1931
1939
1931
1941
1931
1934
1927
1923
1920
1914
1925
1923
1931
1910
1912
1913
1912
1911
1919
1907
1912
1920
1925
1912
1927
1919
1928
1937
1932
1935
1935
1940
1956
1948
1959
1964
1970
1970
1974
1981
1999
1997
2013
2010
2011
2020
2030
2026
2039
2045
2059
2053
2063
2072
2071
2069
2076
2072
2081
2085
2077
2085
2085
2075
2069
2075
2073
2083
2068
2071
2060
2065
2059
2056
2055
2063
2041
2041
2057
2044
2063
2056
2059
2063
2063
2068
2073
2076
2080
2081
2099
2097
2108
2111
2120
2132
2135
2131
2151
2138
2168
2179
2167
2181
2170
2181
2179
2189
2189
2187
2185
2184
2185
2187
2171
2181
2164
2156
2149
2141
2143
2141
2125
2133
2117
2100
2100
2086
2091
2069
2073
2046
2059
2047
2053
2038
2026
2023
2022
2013
2015
2020
2019
2033
2030
2029
2031
2035
2032
2044
2043
2071
2063
2068
2075
2091
2080
2091
2081
2095
2093
2094
2092
2083
2084
2094
2087
2080
2079
2076
2073
2073
2061
2056
2043
2047
2037
2037
2019
2027
2014
2007
1997
1978
1983
1975
1977
1966
1963
1965
1960
1956
1947
1957
1948
1946
1947
1943
1943
1947
1949
1946
1953
1956
1967
1957
1971
1971
1976
1979
1979
1979
1981
1984
1993
1989
1999
1989
1978
1967
1981
1981
1977
1966
1963
1950
1943
1939
1928
1928
1919
1912
1908
1891
1895
1896
1897
1880
1887
1888
1885
1871
1881
1879
1885
1891
1885
1895
1902
1904
1907
1915
1907
1938
1925
1935
1940
1947
1947
1957
1941
1963
1967
1966
1966
1967
1968
1979
1971
1976
1975
1973
1975
1979
1964
1967
1963
1960
1955
1958
1953
1942
1933
1928
1932
1939
1930
1913
1917
1913
1915
1915
1920
1932
1919
1932
1937
1941
1941
1950
1955
1974
1975
1980
1995
2001
2005
2027
2030
2041
2048
2067
2083
2084
2092
2101
2105
2117
2107
2120
2123
2129
2132
2136
2123
2132
2125
2101
2107
2103
2103
2103
2096
2075
2087
2079
2071
2063
2058
2057
2044
2053
2041
2040
2036
2027
2023
2017
2029
2053
2039
2027
2037
2031
2031
2051
2039
2047
2063
2059
2075
2065
2087
2096
2093
2104
2096
2123
2117
2115
2123
2120
2125
2129
2131
2133
2125
2125
2122
2126
2119
2116
2114
2114
2109
2093
2087
2088
2080
2077
2067
2073
2066
2063
2055
2063
2041
2037
2039
2040
2033
2041
2031
2027
2028
2029
2035
2031
2026
2031
2037
2031
2019
2037
2043
2035
2040
2041
2033
2042
2035
2039
2032
2035
2026
2019
2025
2017
2013
2012
2006
1996
2008
1995
1999
1996
1972
1987
1979
1979
1976
1962
1965
1961
1967
1956
1957
1960
1949
1963
1940
1947
1957
1957
1949
1955
1951
1949
1965
1951
1952
1952
1947
1959
1958
1960
1959
1960
1955
1971
1963
1969
1956
1963
1967
1963
1949
1960
1952
1957
1952
1947
1942
1943
1939
1936
1933
1937
1937
1925
1927
1913
1915
1925
1911
1915
1915
1897
1909
1900
1915
1911
1913
1923
1909
1913
1920
1926
1931
1933
1945
1941
1949
1955
1963
1964
1977
1972
1976
1983
1993
1997
1993
1997
2014
2004
2017
2018
2034
2016
2024
2025
2021
2021
2031
2023
2029
2024
2020
2017
2007
2014
2016
2021
2005
2014
2003
2005
1982
1999
1984
1981
1979
1983
1981
1978
1989
1978
1993
1975
1981
1979
1990
1987
1992
2004
1996
2004
2001
2017
2017
2027
2033
2041
2057
2057
2043
2067
2075
2069
2087
2077
2093
2087
2088
2067
2077
2083
2087
2093
2084
2077
2076
2073
2076
2069
2063
2055
2055
2041
2029
2035
2026
2031
2025
2015
2009
2005
2004
2006
1999
2007
1981
1998
1998
1995
1997
2006
2009
2003
2015
2010
2012
2017
2028
2024
2034
2031
2030
2039
2044
2033
2032
2039
2055
2043
2043
2053
2041
2040
2057
2053
2047
2041
2032
2042
2036
2031
2029
2027
2029
2023
2025
2013
2024
2019
2027
2016
2020
2017
2013
2005
2010
2007
2008
2017
2009
2012
2019
2027
2022
2031
2035
2032
2028
2038
2040
2063
2065
2047
2057
2057
2063
2057
2069
2071
2059
2063
2071
2063
2065
2063
2065
2065
2048
2059
2046
2044
2039
2050
2025
2031
2027
2017
2021
2012
2019
2007
2007
2003
1992
2001
2001
1992
1985
2001
1991
1995
1987
1997
1992
1996
1995
1995
2003
2008
2015
2013
2024
2019
2030
2033
2027
2056
2063
2058
2069
2069
2057
2077
2072
2072
2075
2069
2077
2066
2075
2065
2068
2063
2059
2053
2055
2037
2035
2035
2015
2021
2009
2003
1993
1989
1981
1979
1976
1966
1967
1956
1949
1949
1962
1952
1961
1947
1966
1963
1964
1976
1981
1980
1996
2001
2004
2008
2037
2025
2043
2055
2053
2056
2079
2076
2083
2085
2091
2092
2089
2095
2091
2103
2095
2095
2085
2071
2073
2075
2059
2048
2041
2043
2033
2022
2017
2009
1996
1984
2005
1989
1968
1952
1965
1956
1949
1949
1947
1941
1941
1944
1949
1950
1938
1941
1936