2015,1825
2024,2233
2012,1907
2003,2111
1998,2017
1995,1991
1997,2004
1996,2197
1995,1859
1981,1977
1976,2152
1965,2094
1964,2090
1964,2220
1948,1905
1928,1979
1925,1977
1915,1880
1923,2121
1920,2214
1920,2032
1928,1960
1936,2095
1933,2068
1952,2123
1955,1912
1966,2007
1979,2171
1981,2099
1980,1951
1994,2071
2000,2192
2003,2091
2008,1961
2010,1947
2024,2081
2026,2115
2041,2003
2059,1951
2067,1886
2096,2025
2105,2021
2119,1849
2121,2063
2132,1993
2135,1813
2148,2106
2145,2203
2148,2224
2152,2219
2155,2013
2168,1974
2170,2135
2169,1920
2182,2091
2197,1849
2197,1931
2213,2053
2228,1981
2224,1905
2222,2048
2221,2136
2231,1965
2223,2003
2199,1965
2205,1923
2196,2063
2180,2211
2172,2003
2163,1819
2152,2220
2160,2019
2143,2171
2133,2282
2129,2071
2121,2080
2119,1988
2115,1969
2095,2165
2086,2228
2080,1907
2059,2291
2065,1957
2041,2183
2024,1914
2027,1911
1996,2251
2004,2133
1999,1879
1989,2055
1992,1925
1981,2112
1963,1949
1965,2135
1927,2161
1954,1673
1947,1995
1941,2065
1940,2143
1923,1785
1915,1999
1915,2037
1913,2115
1920,2200
1924,1948
1915,1984
1937,2239
1953,1993
1945,1938
1953,2038
1976,2502
1984,2203
1995,2056
1996,2284
2000,1917
1994,2123
1986,2021
2010,2170
2006,2123
2006,2045
2023,1817
2028,1898
2040,2279
2035,1956
2043,1933
2067,2163
2076,2057
2088,2211
2087,2025
2094,1807
2115,2140
2107,2255
2117,2074
2120,2198
2115,1881
2120,2015
2133,2135
2144,1829
2137,2082
2143,2197
2137,1881
2144,1869
2156,1933
2152,2092
2154,2067
2161,1800
2156,1981
2151,2206
2155,2089
2138,1899
2141,2030
2136,2043
2139,2215
2123,2272
2125,1687
2103,1967
2112,2071
2103,2075
2093,1887
2103,2109
2093,2363
2088,1979
2080,1918
2071,2032
2043,1964
2060,1992
2037,1984
2032,1841
2026,2069
2009,1811
1997,2329
1996,2191
1977,1995
1971,1882
1968,2089
1963,1975
1962,1831
1952,2151
1945,2233
1953,2045
1944,2012
1953,2221
1946,1950
1947,2009
1956,2106
1944,2208
1952,2027
1942,1951
1942,1813
1947,2023
1945,1969
1947,1981
1955,2017
1961,2039
1960,1913
1963,2023
1963,2165
1979,1770
1979,2089
1999,2174
2008,2025
2015,2016
2029,2027
2040,2231
2056,1941
2053,1960
2071,2015
2072,1912
2075,2329
2081,2103
2079,2135
2091,2079
2095,1907
2097,1843
2101,2069
2120,1867
2115,2407
2137,2215
2141,2160
2158,1818
2173,1900
2185,2109
2191,1837
2191,1843
2186,1952
2195,2219
2203,2387
2210,2215
2195,1609
2200,2219
2201,2076
2195,1792
2202,1843
2195,2111
2181,2184
2198,1779
2196,1932
2185,1939
2192,2080
2163,2015
2169,1979
2167,2076
2147,2314
2156,2184
2132,1680
2105,1933
2119,2166
2094,2032
2088,2084
2094,1977
2065,1983
2067,2300
2067,2208
2051,1839
2042,1992
2033,2078
2020,2091
2036,2138
2009,1849
1995,1959
1990,2129
1977,1898
1965,2137
1968,2019
1956,2165
1961,1697
1957,1866
1956,2297
1963,1811
1952,2103
1947,2197
1967,2061
1948,2144
1957,1949
1963,1991
1959,2205
1960,1879
1976,1960
1968,2211
1972,2055
1968,1798
1971,2107
1991,2167
2003,2161
2002,1883
2014,1981
2024,1940
2024,2037
2044,2025
2063,1877
2045,2224
2077,2350
2067,2013
2072,1877
2089,2313
2089,2187
2097,1932
2109,1932
2121,2120
2119,1709
2133,2168
2137,2027
2145,1679
2147,2442
2155,2392
2181,2039
2160,2039
2157,1608
2167,1505
2162,2607
2173,2008
2159,2195
2171,2361
2172,2087
2159,1894
2163,1685
2176,1861
2165,2223
2184,2151
2176,2027
2179,2015
2168,2138
2157,2205
2143,1770
2150,1653
2139,2055
2127,2257
2109,1763
2089,2351
2081,2025
2071,2267
2063,2012
2043,1568
2035,1683
2029,2619
2029,2065
2025,2124
2024,2325
2022,2020
2011,2153
2019,1659
2008,1895
1995,2174
1984,2273
1965,1873
1959,2201
1950,2388
1937,1991
1929,2058
1919,1896
1930,2237
1925,2138
1927,1917
1932,2012
1929,2283
1944,2484
1946,2252
1945,2085
1933,1744
1940,2146
1947,2102
1949,1573
1937,2233
1944,1890
1939,2307
1957,2480
1968,2053
1969,1877
1965,2048
1996,2372
2007,1595
2024,2119
2039,1929
2042,2094
2053,2123
2068,1724
2072,2189
2076,1925
2075,2195
2086,1843
2095,2260
2087,2379
2100,1840
2104,1608
2099,1958
2115,2168
2115,2028
2133,2211
2139,2248
2149,2221
2160,2163
2176,1816
2188,1852
2203,1843
2203,1871
2200,1984
2204,2151
2200,2089
2187,1999
2193,2143
2176,1997
2184,2083
2167,2196
2163,2011
2162,1737
2163,2267
2156,2209
2156,1849
2156,1902
2143,2081
2147,2107
2151,2291
2146,2024
2124,2137
2120,1965
2091,1835
2090,2080
2086,2023
2063,2036
2039,2207
2040,2063
2026,2237
2009,2207
2001,1799
1995,2040
1997,1909
1999,1724
2001,2105
1989,2123
1977,2084
1963,2269
1961,1869
1964,2064
1968,2187
1961,1698
1945,1995
1951,2161
1938,1928
1937,1964
1916,1973
1915,2009
1915,2240
1927,2040
1918,2092
1929,1959
1937,1955
1943,1895
1964,1726
1964,2026
1973,2120
1996,2003
1992,2184
2003,2063
2020,1833
2025,2265
2033,2005
2020,2086
2028,1774
2040,1916
2043,1929
2062,1767
2071,1814
2068,1971
2082,2464
2104,2225
2099,2299
2129,1944
2134,1929
2140,1947
2159,1940
2170,2064
2179,1865
2185,2012
2196,2080
2196,2089
2203,1917
2196,1903
2207,2075
2200,2104
2207,2024
2214,2135
2204,2095
2197,2276
2198,1896
2200,1859
2198,2025
2185,1884
2187,2093
2188,2127
2189,2294
2185,2167
2172,1888
2176,1980
2159,2235
2161,2060
2158,1765
2131,2231
2135,2233
2106,2175
2102,2057
2073,1976
2063,2284
2070,2081
2053,1838
2040,1761
2029,2081
2017,2217
2016,1991
2011,2004
2007,2036
2001,2247
2003,2040
1976,1854
1979,2105
1965,2104
1957,2128
1965,1969
1961,2186
1960,2068
1954,1955
1955,1877
1951,2125
1959,2033
1952,2058
1945,1952
1931,1781
1944,2019
1944,2251
1931,1964
1943,2015
1951,2256
1958,2043
1975,1960
1975,1575
1991,2185
2004,1929
2001,2281
2018,1971
2024,1865
2029,2039
2020,1824
2039,2151
2045,2342
2037,2412
2067,2024
2075,1947
2087,1621
2091,1673
2106,2069
2113,2281
2135,2633
2129,2377
2138,1685
2150,1865
2150,1701
2158,1769
2155,2072
2169,2087
2171,2171
2171,2187
2183,1846
2173,1984
2181,2043
2181,1928
2193,2077
2188,2136
2188,2279
2189,1954
2181,1792
2171,1896
2169,1853
2174,2165
2172,1497
2168,2392
2170,2483
2168,2450
2161,1992
2153,1693
2151,2015
2139,2013
2127,1816
2118,1813
2096,2368
2087,2249
2075,2494
2076,1781
2063,1801
2044,2363
2039,2059
2021,2180
2022,2033
2019,2117
2025,2119
2024,1753
2011,2017
1987,2004
1993,1939
1976,2323
1981,1952
1969,2066
1965,2504
1967,1961
1968,2271
1966,2157
1967,1581
1958,2071
1960,2094
1953,1715
1951,2007
1959,2129
1949,2371
1951,2157
1959,1911
1955,2063
1968,2231
1972,2215
1981,1569
1981,2007
1996,2251
2003,2252
2007,2045
2000,1703
2006,1941
2014,2195
2025,2077
2032,1988
2040,2251
2040,2246
2055,2215
2063,1677
2078,1836
2077,2257
2091,2013
2100,1887
2107,2127
2127,2019
2128,2230
2147,2012
2155,1882
2149,2089
2168,2157
2155,2023
2170,1900
2153,2096
2155,2121
2162,2011
2155,2037
2143,1887
2168,2032
2164,2107
2168,2035
2171,2033
2167,2076
2179,1918
2176,1948
2184,2029
2188,2081
2184,2129
2184,2234
2183,2195
2163,1952
2154,1911
2155,1893
2140,1943
2131,2017
2109,2071
2081,2152
2072,2254
2058,2153
2063,2075
2063,2052
2041,1987
2044,1931
2037,1981
2037,1973
2032,2024
2017,2040
2013,1771
2001,2278
1991,2191
1983,1916
1971,2059
1958,2141
1952,2063
1956,2025
1940,1897
1941,1928
1945,2055
1952,1959
1947,1984
1951,2097
1959,2221
1950,2142
1943,1988
1950,1995
1954,1845
1948,2102
1960,2160
1955,2112
1963,2145
1952,2051
1954,1889
1959,1914
1963,2003
1973,2186
1971,2150
1990,1916
1995,2115
1993,2150
2015,2081
2021,1980
2035,2021
2058,1866
2067,2003
2075,1949
2089,2156
2084,2028
2096,2037
2104,2107
2108,2133
2106,1993
2117,1945
2123,1981
2136,1969
2151,2133
2159,1997
2166,2152
2170,1899
2171,2088
2184,1947
2184,1981
2183,2135
2187,2111
2187,2088
2182,2029
2176,2028
2184,1929
2173,2170
2183,2139
2181,2115
2192,2101
2195,2017
2202,1941
2200,2003
2199,1925
2181,2112
2183,2185
2159,2096
2143,1957
2131,2106
2128,2145
2119,2025
2103,2008
2092,1997
2087,2161
2075,2055
2068,1961
2055,1942
2051,2151
2034,2186
2021,1980
2011,2004
2007,2132
1992,2106
2002,2063
1996,2067
1980,2115
1975,2133
1981,2055
1971,1765
1968,2005
1963,2128
1960,2078
1952,2029
1949,2093
1937,2168
1944,2080
1949,2004
1959,1890
1963,2094
1964,2069
1976,1925
1957,2139
1972,2084
1965,2059
1971,1995
1968,2015
1963,2108
1976,2132
1975,2105
1987,2075
1991,2111
2005,1897
2032,2087
2044,1897
2056,1947
2076,2113
2071,1995
2089,2110
2100,2159
2097,1985
2108,1949
2112,2103
2120,2096
2127,2099
2129,2052
2133,1965
2144,2080
2153,2124
2161,1984
2166,1955
2179,2003
2181,2048
2195,2056
2195,2099
2200,2034
2199,1981
2203,1976
2192,2009
2203,1961
2203,2007
2201,2083
2201,2065
2191,2172
2195,2011
2187,2015
2179,2019
2179,1947
2157,1907
2161,1961
2157,2135
2157,2103
2139,2143
2136,2007
2132,1989
2116,2144
2101,2071
2091,1976
2071,1986
2060,2039
2036,2043
2022,2004
2020,2057
1996,2079
1991,2115
1984,1955
1975,1966
1975,2060
1984,2073
1973,2091
1971,2039
1966,2099
1968,2136
1953,2059
1953,1973
1939,2004
1941,2053
1928,2058
1924,2077
1927,2087
1938,2166
1943,2028
1947,2028
1952,1996
1941,1940
1960,2029
1953,2075
1949,2104
1943,2116
1959,2052
1952,2112
1954,1996
1958,2008
1968,2071
1971,2117
1993,2055
2001,2063
2017,2003
2024,2029
2053,2041
2068,1973
2076,1997
2094,2087
2104,2048
2108,2067
2113,2121
2119,2105
2123,2071
2129,2011
2121,2013
2126,2061
2128,2021
2125,2035
2138,2042
2139,2034
2152,2080
2151,2036
2167,2037
2173,2023
2184,2040
2202,2065
2207,2023
2211,2055
2205,2041
2203,2066
2206,2020
2195,1979
2189,2032
2183,2078
2181,2023
2169,2030
2160,2057
2153,2079
2147,2092
2144,2015
2137,2080
2141,2055
2133,2037
2119,2084
2112,2040
2107,2011
2097,2001
2089,2112
2073,2073
2068,1995
2040,2086
2039,2040
2029,2029
2029,2045
2029,2011
2028,2023
2024,2039
2021,2034
2024,1995
2021,2073
2015,2009
2000,2005
1997,2095
1992,2082
1991,2063
1971,2040
1972,2077
1964,2051
1963,2040
1962,2003
1960,2056
1964,2055
1957,2071
1965,2053
1981,2028
1992,2033
1999,2025
2004,1995
2013,2081
2017,2096
2025,2004
2029,2044
2029,2027
2044,1995
2035,2061
2051,2053
2041,2024
2056,2012
2066,2046
2072,2080
2075,2059
2092,2011
2096,2029
2112,2030
2124,2035
2127,2073
2145,2047
2149,2013
2156,2001
2164,2033
2157,2058
2181,2044
2167,2067
2184,2064
2173,2063
2189,1995
2189,2070
2201,2003
2215,2033
2216,2059
2219,2081
2222,2063
2227,2035
2227,1988
2221,2063
2219,2088
2215,2011
2205,2068
2199,2028
2193,2003
2185,2045
2172,2043
2165,2069
2157,2052
2162,2073
2154,2029
2154,2056
2147,2040
2143,2015
2138,2037
2125,2035
2121,2051
2112,2062
2104,2035
2083,2077
2075,2033
2069,1971
2054,2029
2040,2015
2030,2041
2019,2074
2009,2033
1990,2021
1997,2055
1998,2037
1989,2071
1984,2071
1981,2039
1987,2056
1979,2021
1975,2034
1963,2020
1963,2040
1959,1999
1966,2072
1949,2071
1944,2039
1951,1997
1951,2064
1955,2072
1957,2031
1967,2089
1978,2053
1979,2037
1996,2015
1995,2035
2008,2005
2013,2043
2019,2076
2026,2052
2029,2076
2033,2009
2037,2005
2048,2057
2051,1987
2067,2053
2074,1996
2078,2055
2095,2096
2092,2035
2106,2023
2121,2002
2140,2028
2141,2008
2147,2033
2149,2041
2167,2090
2176,2039
2176,2056
2184,2045
2188,2059
2182,2088
2189,2071
2193,2052
2199,2035
2203,2047
2211,2028
2203,2068
2207,1997
2201,2080
2211,2080
2201,2081
2199,2037
2195,2008
2187,2035
2182,2040
2168,2039
2163,2068
2143,2039
2137,2064
2124,2023
2125,2080
2121,2052
2107,2033
2101,2043
2108,2011
2097,2025
2088,2036
2082,2039
2084,2054
2072,2117
2065,2023
2041,2031
2039,2072
2009,2028
1999,2043
1996,2029
1981,2076
1972,2035
1958,2107
1953,2121
1963,2037
1964,2018
1968,2003
1959,2069
1968,2030
1969,2025
1974,2070
1973,2071
1973,2059
1978,2020
1973,2017
1968,2094
1969,2035
1965,2004
1971,2073
1971,2017
1971,2068
1983,2007
1996,2096
2013,2001
2024,2024
2021,2027
2035,2021
2042,2043
2066,2095
2073,2096
2063,2030
2083,2041
2074,2077
2094,2057
2087,2063
2103,2005
2116,2032
2120,2072
2133,2010
2145,2013
2153,2015
2157,2092
2171,2077
2187,1971
2200,2063
2203,2067
2196,2039
2199,2005
2200,2033
2196,2078
2197,2108
2202,2009
2197,2065
2195,2021
2206,2003
2202,1984
2208,2059
2208,2073
2213,2120
2215,2012
2216,2009
2203,2107
2200,2091
2199,2020
2200,2007
2175,2063
2163,2100
2143,2013
2137,2097
2121,2081
2115,2071
2103,1994
2098,1984
2093,2019
2088,2078
2081,2067
2088,2063
2089,2129
2081,2063
2071,2036
2072,1997
2041,2046
2029,2028
2016,2041
2004,2032
1997,2041
1975,2071
1975,2024
1968,2087
1968,2088
1964,2077
1965,2015
1965,2017
1988,2002
1989,2007
1989,2000
1977,2024
1979,2015
1988,2040
1977,2056
1978,2037
1971,2128
1972,2151
1964,2022
1976,2055
1971,2093
1989,2024
2004,2071
2003,2041
2015,1971
2038,2027
2039,2026
2053,2075
2072,2020
2079,2001
2089,2063
2083,2059
2091,2143
2097,2026
2095,2016
2102,2019
2107,2001
2105,1951
2108,2021
2121,2067
2117,2092
2143,2076
2151,2070
2165,2039
2182,2073
2199,2063
2195,2028
2209,2017
2216,2055
2224,1917
2220,2076
2207,1995
2203,1995
2203,2041
2195,2027
2184,2059
2176,2083
2187,2042
2181,2038
2168,2089
2167,2029
2168,2046
2171,2045
2169,2068
2168,2009
2166,2024
2161,1987
2149,1992
2138,1986
2130,2058
2117,2015
2099,2063
2091,2081
2087,1960
2067,2147
2066,2013
2042,2133
2027,2116
2035,2059
2028,1993
2015,2063
2015,1991
2016,1991
2005,2071
1993,2096
1979,2124
1984,2030
1975,2068
1969,2012
1959,2059
1955,2091
1961,2038
1947,1993
1945,2019
1948,2019
1947,2105
1939,2168
1960,2085
1961,2101
1968,2088
1969,2060
1983,1987
1981,2007
1981,2015
1997,2083
2003,2023
2007,2024
2003,2029
2007,2117
2003,2137
2013,2140
2024,2018
2037,1937
2043,2023
2073,1977
2076,2005
2088,2127
2101,2167
2103,2063
2109,2072
2124,2000
2130,1933
2125,2016
2135,1953
2145,2009
2139,2173
2156,2151
2160,1944
2171,2044
2185,2065
2194,2034
2197,2107
2202,2023
2214,2027
2212,2066
2212,1984
2228,1924
2217,1991
2213,2168
2215,2066
2205,2089
2207,2037
2194,2043
2183,1989
2184,1965
2171,1984
2171,2023
2159,2121
2159,2024
2155,2080
2156,2009
2156,2107
2143,2081
2149,2085
2129,2014
2123,2134
2112,1979
2099,1976
2096,1998
2083,2015
2072,2075
2046,2096
2033,2099
2023,2023
2023,2080
2017,2020
2015,1943
1998,2080
2003,1992
2000,2151
1992,2096
1981,2025
1984,1914
1975,2138
1977,1965
1971,1944
1977,1972
1951,2065
1965,2271
1963,1978
1964,1959
1974,2028
1977,2079
1977,1996
1981,1959
1989,2092
1989,2263
1991,2024
2003,1992
2001,2119
2007,2112
2027,2005
2030,1959
2025,2101
2038,2073
2037,2195
2060,1837
2063,1943
2072,2067
2074,2071
2084,2017
2089,2105
2096,2157
2107,2069
2121,2010
2127,1909
2140,2100
2150,2007
2162,1935
2156,2120
2168,2055
2183,2063
2193,2039
2194,1976
2191,2039
2204,2015
2195,1909
2206,2107
2203,2096
2207,2091
2213,1979
2211,2005
2208,1964
2205,1961
2205,2008
2211,1942
2192,2132
2196,2007
2185,2067
2179,2029
2169,1984
2160,2017
2165,2024
2156,2056
2147,2059
2153,2091
2143,1996
2135,1968
2124,2000
2116,2089
2106,2092
2091,2093
2085,2037
2076,1889
2067,2039
2063,1991
2041,1975
2040,2132
2025,2100
2024,2008
2014,2017
1993,2037
1984,2080
1983,1941
1959,2089
1953,2160
1959,2029
1952,1991
1947,2036
1952,2055
1953,2181
1956,2029
1965,1957
1959,2132
1966,2097
1968,2048
1973,2116
1973,2244
1969,2005
1965,1967
1964,1935
1949,1980
1964,2132
1974,2140
1977,2171
1982,2117
1987,2029
2007,1977
2014,2009
2017,2157
2029,2063
2034,2103
2045,2058
2043,2012
2063,2033
2074,2047
2077,2071
2088,2101
2100,2021
2113,1983
2124,2167
2121,2164
2133,2130
2147,1991
2151,2120
2161,1989
2168,1976
2170,2029
2178,2060
2184,2179
2180,2201
2184,2064
2183,1927
2189,2033
2198,2005
2193,1946
2193,2063
2189,2155
2191,1907
2185,2077
2191,1971
2188,2079
2191,2072
2193,2056
2186,2045
2171,2039
2167,2107
2170,1992
2158,2010
2139,2111
2136,2109
2109,2018
2109,2052
2097,1924
2091,2176
2087,2155
2080,2004
2075,2075
2063,1971
2075,2017
2059,2073
2066,2076
2048,1965
2039,2080
2020,2080
2011,2120
2001,2134
1984,2025
1967,2044
1963,2022
1957,2168
1961,2173
1966,1974
1961,1912
1959,2035
1972,2075
1963,1825
1975,1965
1972,2207
1972,2340
1972,2125
1959,1789
1961,2027
1972,2040
1971,1879
1972,1883
1980,2109
1979,2199
1996,2019
2001,1888
2011,2011
2024,2111
2030,2040
2028,1981
2046,1856
2055,2245
2043,1992
2065,1831
2067,1945
2072,2221
2077,2187
2087,1974
2091,1965
2093,2206
2108,2115
2119,1854
2132,1969
2141,2112
2167,2043
2169,2071
2195,2022
2200,2135
2208,2201
2197,1927
2207,1904
2220,1826
2197,2040
2200,2075
2190,2117
2172,2148
2165,2104
2153,2193
2169,2024
2171,1862
2177,2004
2191,2072
2187,2169
2195,2139
2195,1996
2196,1856
2202,1990
2194,1959
2187,2131
2172,2054
2145,2101
2140,2155
2115,1945
2096,2064
2083,1935
2067,2063
2055,2171
2058,2018
2042,2033
2048,1979
2027,1887
2027,2035
2041,2013
2028,2095
2021,2176
2026,2055
2008,1946
2002,1985
1992,1929
1975,2129
1956,2023
1952,2119
1942,2135
1940,2082
1941,1983
1937,1747
1954,2023
1955,1997
1960,2144
1973,1967
1966,2089
1983,1972
1976,2089
1974,2082
1975,1971
1963,2016
1976,1975
1973,2123
1969,1965
1972,2024
1981,2094
1988,2144
1990,2080
2010,1983
2020,1995
2052,2025
2053,2061
2076,2071
2087,2027
2089,2168
2102,2139
2105,2108
2107,2015
2116,2088
2108,2023
2108,2043
2105,2189
2106,1975
2110,2110
2128,2032
2131,2021
2147,2127
2171,1979
2169,2033
2191,2091
2202,2084
2203,2035
2220,2056
2216,2101
2217,2156
2215,1959
2200,2007
2198,2128
2183,1982
2171,1968
2171,1962
2168,2052
2163,2191
2156,2128
2143,2030
2144,2163
2136,1997
2139,1933
2135,1939
2128,1975
2125,2248
2117,2169
2115,1939
2105,2053
2107,2023
2091,2002
2075,1881
2067,1937
2063,2180
2044,2103
2032,2171
2021,2033
2008,2011
2000,2071
1979,1961
1977,2063
1974,2071
1956,2132
1952,1920
1952,2003
1952,2021
1952,2089
1952,2000
1943,2102
1953,2033
1953,2127
1957,2066
1953,1852
1960,2028
1953,2088
1961,2074
1960,1978
1955,2090
1963,2183
1965,2103
1963,1966
1961,2004
1972,2053
1969,2048
1978,1993
1992,2027
1987,2169
2008,2108
2017,1996
2030,1965
2040,2087
2043,2145
2063,2105
2074,1931
2073,1981
2081,2120
2095,2067
2096,2042
2104,1937
2103,2212
2109,2056
2123,2149
2121,2144
2133,1999
2137,2000
2152,2027
2165,2028
2167,2064
2181,2063
2185,2073
2181,2025
2179,1983
2192,2015
2190,1970
2187,2016
2182,1956
2169,2065
2163,2194
2171,2156
2170,2026
2169,1927
2168,2083
2171,2032
2170,1937
2163,2115
2151,1982
2156,2087
2151,2024
2147,2032
2117,1951
2109,2157
2104,2148
2088,2121
2077,2012
2044,2003
2059,2032
2046,2016
2035,2035
2039,1963
2035,2107
2027,2101
2029,2117
2021,2068
2018,1973
2004,1897
2000,1981
1992,2005
1968,2099
1962,2149
1941,2088
1937,1979
1937,1946
1946,1943
1930,2001
1931,2040
1933,2129
1933,2197
1941,2100
1939,1915
1939,1888
1957,1967
1965,2117
1959,2099
1972,2154
1963,2119
1968,2037
1974,1988
1975,1996
1971,2011
1980,2029
1977,2039
1993,1982
1998,2085
2005,1996
2007,1994
2024,2071
2051,2133
2055,2149
2056,2041
2080,1971
2088,1917
2099,2122
2101,1994
2111,2102
2111,2087
2107,2003
2105,2071
2131,2088
2144,2024
2143,2074
2149,2066
2149,1995
2158,2095
2176,2027
2185,2029
2204,1987
2187,2022
2199,2023
2205,2098
2199,2057
2189,2020
2183,2076
2188,2057
2171,2109
2168,2026
2163,2075
2156,1980
2149,1947
2143,2054
2147,2053
2144,2000
2139,1981
2140,2012
2129,2136
2128,2089
2114,1963
2107,2029
2091,2052
2077,2067
2065,2072
2063,1983
2031,1961
2027,2023
2018,2099
2013,2135
2003,2041
1997,1995
1992,1989
1979,2031
1980,1939
1981,2063
1975,1987
1961,2137
1955,2031
1956,2079
1951,2057
1939,2024
1947,2023
1944,1958
1932,2093
1923,2135
1925,1984
1911,2036
1918,2097
1932,1988
1924,2016
1933,1966
1939,2075
1959,2164
1969,2085
1969,1947
1975,2074
1975,1963
1999,2009
2004,1997
2003,2023
2005,2201
2008,2005
2022,1991
2024,1966
2029,2009
2040,1997
2055,2071
2070,2109
2081,2073
2088,2035
2083,1931
2093,1992
2100,2067
2112,1959
2107,1948
2123,2092
2135,2115
2145,2092
2163,1980
2157,1932
2168,2107
2171,2121
2185,2001
2192,1961
2195,2025
2198,2040
2203,1971
2195,2003
2187,2088
2196,2063
2183,2088
2173,1947
2172,2104
2163,2056
2151,1980
2144,2029
2140,2018
2137,2131
2127,2103
2127,1943
2120,2003
2120,2035
2115,1972
2108,2055
2105,2159
2089,2121
2088,2098
2076,1935
2057,2104
2063,2044
2038,2002
2029,2055
2007,2094
2005,2153
1993,2143
1980,2089
1975,1990
1972,2063
1959,2076
1950,2081
1957,2093
1956,2097
1947,2067
1948,2081
1951,2088
1947,2139
1947,2048
1935,2017
1943,2073
1941,2007
1933,2145
1931,2057
1936,2063
1933,2048
1934,1957
1939,2037
1951,2027
1959,2077
1963,2081
1967,2144
1989,2079
1981,2072
1994,1965
1997,2001
2003,2121
2009,2075
2019,2120
2024,2136
2029,2129
2035,1996
2040,1969
2055,2089
2067,2081
2074,2035
2086,2063
2092,2084
2095,2065
2107,2008
2115,1992
2117,2056
2132,2078
2136,2001
2147,2011
2152,2129
2155,2080
2158,1920
2157,1919
2168,2001
2180,2081
2172,2093
2168,2018
2171,2099
2169,2080
2180,1976
2181,1874
2181,2040
2167,2093
2163,2081
2155,2060
2158,2045
2156,1971
2138,2088
2135,2020
2120,2095
2108,2084
2101,1990
2099,1951
2095,2041
2081,2120
2080,2005
2080,2123
2067,1966
2071,1995
2069,2004
2052,1956
2040,2067
2026,2171
2033,2095
2015,2103
2008,1902
1996,1933
1978,2001
1968,2053
1960,2204
1952,2084
1945,2104
1943,2063
1933,1996
1944,1932
1945,2015
1941,2102
1933,2120
1939,2119
1944,2025
1939,2008
1933,1972
1941,2123
1944,2031
1943,2023
1943,2004
1947,2041
1955,2084
1961,2092
1966,2071
1976,2112
1981,2071
1987,2000
1994,1891
1993,2136
2012,2086
2016,2067
2024,2090
2032,2105
2040,2093
2041,2046
2044,1891
2057,1956
2063,2128
2075,2085
2074,2073
2087,2097
2087,2036
2106,2025
2119,2013
2131,1947
2133,2060
2160,2085
2157,2076
2172,1954
2168,1993
2185,2104
2181,2093
2188,1975
2187,2066
2184,2071
2171,1988
2162,1932
2172,1996
2163,2147
2165,2057
2157,2056
2160,1923
2155,2136
2158,2020
2156,2067
2151,2092
2143,2076
2143,2038
2131,1990
2127,1987
2105,2032
2104,2083
2088,2012
2083,2033
2076,1991
2058,2121
2053,1992
2045,2041
2039,2054
2032,2103
2027,2101
2014,1999
2007,1959
2004,2087
1994,2044
1979,2015
1971,2081
1957,2107
1957,2053
1947,1925
1948,2021
1943,2071
1936,2041
1940,1971
1936,2083
1939,2097
1940,2096
1935,1945
1938,1977
1946,2165
1946,2094
1941,2044
1952,1996
1949,2037
1953,1993
1960,2077
1959,2076
1965,2080
1960,2110
1978,2057
1971,2040
1989,2068
1987,2086
1993,2019
2008,2103
2017,2047
2028,1984
2037,2021
2043,2043
2057,2114
2078,2036
2081,2091
2091,2025
2104,2019
2108,1990
2112,1952
2120,2010
2120,2085
2132,2091
2127,2076
2142,2087
2137,2040
2150,2024
2155,2026
2157,2010
2166,2058
2170,2067
2173,2031
2175,2075
2180,2032
2191,1979
2171,2067
2182,2041
2171,2007
2167,2040
2163,2056
2156,2063
2157,2103
2143,2029
2137,2021
2124,2035
2121,2008
2120,1971
2113,2071
2094,2092
2097,2075
2076,2075
2075,1993
2081,2037
2071,2011
2062,2034
2041,1956
2030,2093
2023,2023
2023,2021
2012,2003
1993,2030
1984,2041
1976,2043
1977,1960
1952,2081
1945,2105
1939,2032
1948,2107
1943,2065
1938,1981
1935,2003
1929,2100
1931,2059
1934,2019
1928,2011
1929,2069
1913,2120
1920,2007
1928,2013
1915,2027
1928,2083
1933,1989
1946,1998
1952,2143
1943,2103
1951,1959
1958,2039
1959,1989
1969,2023
1963,2012
1981,2039
1986,1999
1979,2136
1992,2067
2003,2003
2009,2076
2020,2101
2026,2071
2039,1907
2055,1992
2070,2034
2076,2125
2083,2093
2098,2056
2103,2108
2115,2041
2113,1969
2120,2011
2126,2023
2125,2132
2127,2056
2132,2032
2137,2104
2137,2090
2152,2000
2146,1968
2164,2029
2166,2125
2179,1959
2173,2063
2176,2026
2167,2125
2169,2079
2157,1972
2149,2023
2141,2071
2141,2040
2131,1993
2123,2019
2120,2133
2103,2112
2111,2071
2103,2011
2092,2080
2092,2077
2083,1968
2080,1944
2076,2027
2063,2131
2064,1979
2043,1913
2032,2129
2015,2075
2005,2071
1996,2027
1979,2103
1972,2057
1955,1955
1947,2007
1943,2075
1945,2111
1940,2003
1942,2003
1944,2099
1939,2040
1945,1964
1947,1959
1944,2009
1933,2104
1944,2023
1931,1939
1928,2028
1920,2043
1915,2075
1917,2056
1910,2035
1917,2159
1917,1991
1937,2023
1931,2048
1951,2075
1968,2083
1975,2048
1987,2078
2001,2074
1992,2006
2003,1976
2019,2024
2020,2051
2023,2060
2027,2020
2039,2020
2053,2104
2056,2047
2064,2043
2073,2059
2088,2035
2095,2064
2107,1999
2109,2073
2127,2003
2147,2089
2147,2088
2153,2043
2159,2064
2163,2071
2163,2021
2166,2028
2171,2021
2175,2056
2163,2100
2167,2083
2172,1996
2176,2023
2176,2030
2183,2035
2184,1982
2185,2011
2188,2097
2167,2063
2169,2080
2155,2056
2157,2068
2143,2016
2137,2017
2132,2009
2124,1992
2117,2114
2099,2073
2094,1995
2091,2021
2078,2011
2067,2039
2057,2102
2056,2003
2036,2041
2029,2080
2017,2057
2008,1960
1993,2038
1995,2088
1977,2063
1963,2011
1955,2014
1963,2077
1939,2080
1941,1989
1944,2020
1933,2063
1944,2119
1936,2053
1938,2069
1931,2112
1936,2029
1927,2033
1929,1977
1924,1998
1928,1986
1929,2131
1931,2098
1932,1979
1936,2096
1937,2063
1948,2047
1940,1968
1951,1943
1958,2097
1970,2013
1978,2134
1991,2059
1995,2056
2009,2039
2024,2039
2027,1992
2036,1967
2041,2124
2063,2085
2068,2080
2072,2009
2075,2063
2084,2079
2097,1990
2104,1991
2112,2060
2107,2155
2122,2040
2129,1967
2139,2024
2144,2036
2143,2083
2153,2005
2155,2077
2151,2079
2164,2131
2171,2040
2159,2020
2172,2011
2161,2064
2166,2007
2162,2023
2161,2087
2155,2118
2152,2153
2153,2108
2145,1981
2138,2024
2135,1991
2129,2028
2120,1997
2106,2076
2106,2062
2097,2063
2097,1991
2076,1927
2071,2103
2063,2167
2043,2065
2043,2077
2043,2109
2017,2072
2003,1993
2000,1940
2004,1939
1979,2045
1983,2069
1973,1944
1957,1982
1963,2109
1948,2112
1942,2063
1935,1928
1934,2136
1941,2101
1937,2040
1939,2033
1937,1974
1929,2032
1927,2088
1929,1992
1932,2055
1926,2033
1916,2024
1935,2081
1925,2072
1936,2093
1937,2135
1945,2047
1952,1998
1960,1989
1967,1980
1970,2030
1981,1993
1987,2123
1989,2105
1994,2072
2000,2023
2010,2056
2015,1987
2024,1945
2035,2077
2035,2148
2058,2055
2063,2039
2083,2037
2088,2031
2089,1991
2103,2037
2113,2096
2109,2088
2113,2083
2122,2083
2127,2065
2124,1961
2136,2030
2137,2008
2137,2005
2150,2092
2156,2044
2157,2011
2166,2076
2181,1993
2187,2025
2183,2076
2187,2076
2183,2007
2186,2025
2167,2053
2172,2075
2165,2016
2155,1989
2144,2051
2135,2017
2134,1991
2117,1911
2109,2095
2107,2041
2089,2023
2085,2032
2088,2085
2075,2058
2075,2001
2074,1992
2072,2006
2063,2063
2051,2143
2048,2021
2032,2035
2028,2017
2007,1928
1993,1992
1996,2068
1982,1942
1968,2027
1964,2133
1964,2055
1951,2033
1952,2021
1951,2066
1940,2136
1951,2068
1944,2071
1937,2077
1940,2039
1943,2009
1944,1954
1936,1955
1945,2027
1944,2087
1948,2099
1947,2084
1953,2037
1955,2136
1976,2001
1975,2011
1980,2040
1991,2017
1992,1997
1999,2071
2010,2029
2005,2017
2015,2059
2019,2070
2029,2065
2035,2056
2043,2010
2063,1959
2072,2091
2075,2121
2091,1963
2101,1896
2107,2078
2107,2144
2128,2109
2135,2175
2135,2104
2147,2010
2156,2111
2167,2033
2168,1891
2172,1963
2173,2007
2172,2072
2173,2126
2177,2019
2167,2017
2171,2128
2172,1983
2168,1945
2167,2075
2167,2007
2176,2053
2159,2128
2169,2001
2170,1964
2156,2057
2156,1992
2140,1939
2145,2063
2138,2128
2124,2072
2116,2063
2100,2020
2092,2034
2078,2043
2067,1981
2067,1983
2043,2026
2039,2080
2032,1944
2022,2081
2008,2087
2006,2029
1993,1997
1996,2022
1977,2046
1971,2043
1973,1959
1964,2037
1951,2035
1948,1987
1951,1965
1938,2056
1947,2087
1931,2087
1944,2123
1939,2136
1933,2100
1932,1995
1929,1998
1917,1971
1933,1953
1930,1944
1924,2045
1941,2160
1947,2109
1944,1987
1961,2121
1960,2183
1968,1992
1979,1833
1991,1928
1998,2030
2007,1937
2008,1941
2013,2081
2019,2232
2027,2080
2037,2044
2044,2159
2059,2140
2074,2030
2077,1947
2088,1973
2091,2084
2101,1931
2101,1807
2109,2207
2125,2202
2136,2083
2141,2007
2146,2103
2145,2090
2159,1931
2161,1956
2152,2084
2157,2096
2163,2040
2165,2009
2176,2152
2175,2218
2182,2015
2171,1967
2168,2074
2176,2071
2172,1893
2175,1927
2176,1987
2166,2125
2157,2053
2145,1949
2137,2010
2125,2089
2114,2016
2103,1993
2095,1995
2086,1944
2088,2153
2082,1973
2075,2080
2057,2040
2066,2094
2053,2003
2055,1949
2044,2056
2030,2035
2019,2074
2009,1891
2007,1989
1980,1963
1976,2005
1945,1987
1948,2032
1941,2108
1932,2143
1939,2124
1933,1975
1935,2057
1929,1980
1941,1997
1939,1949
1945,1995
1947,2005
1947,2140
1936,2039
1947,2051
1941,2080
1949,1997
1947,1982
1931,2109
1943,2015
1944,2007
1947,2024
1943,2071
1960,2158
1964,2091
1977,1991
1981,2203
2000,2133
2008,1835
2025,1694
2051,1955
2041,2128
2064,2039
2045,2053
2063,2039
2076,2126
2071,2209
2083,1971
2087,1821
2081,2063
2093,2180
2104,2222
2116,2195
2128,2064
2137,2043
2149,2076
2153,1948
2160,1851
2168,2027
2170,2071
2187,2023
2169,2008
2176,1996
2176,1997
2174,2228
2173,2161
2168,2007
2173,2149
2172,2253
2156,2056
2160,1971
2153,1885
2151,1891
2152,2109
2136,2085
2131,2082
2119,2164
2101,2122
2107,1987
2093,1978
2099,2105
2079,2163
2080,2035
2066,1996
2054,1965
2036,2139
2032,2112
2031,2083
2008,2104
2009,2172
1997,1991
1992,1989
1981,1837
1971,1994
1965,2083
1959,2131
1956,2024
1933,2060
1934,2131
1934,2124
1908,1983
1928,1879
1928,2112
1931,2121
1929,2040
1936,1943
1927,2160
1936,2171
1925,2071
1937,1819
1939,1992
1941,2071
1945,2119
1956,1943
1959,2104
1965,2312
1965,2008
1972,1879
1979,1915
1976,2233
1995,2084
2000,1963
2007,2084
2017,2156
2019,2179
2027,1954
2032,1916
2042,2003
2062,2165
2072,2086
2088,2107
2092,1899
2097,1937
2112,2131
2124,2066
2129,2033
2136,2026
2135,2202
2153,2137
2155,1980
2170,1907
2173,2036
2176,2170
2183,1980
2187,1835
2189,2187
2176,2163
2172,2057
2184,2041
2171,2059
2165,2066
2167,2110
2171,2212
2176,1873
2170,2040
2163,2101
2155,2074
2157,1928
2156,2022
2143,2209
2135,2233
2136,2124
2125,1929
2116,2101
2100,2128
2104,1811
2091,1916
2079,2072
2071,2196
2063,2111
2044,1993
2040,2066
2026,2120
2015,2043
2008,1965
1990,2003
1984,2200
1977,2163
1977,1981
1972,1953
1963,1955
1964,2071
1947,2124
1960,2074
1953,2028
1966,2009
1957,2000
1960,1831
1957,1937
1955,2112
1953,2206
1945,2042
1952,1867
1941,2031
1951,2252
1944,2199
1944,2023
1948,1943
1947,2096
1961,2075
1962,1971
1979,1860
1975,2160
1991,2124
2001,2046
2005,1947
2016,2100
2007,2126
2027,1900
2027,2029
2040,2103
2043,2096
2051,2054
2075,2027
2072,2033
2073,2103
2087,2020
2093,1992
2109,2128
2117,2041
2117,1963
2139,2003
2142,1971
2147,2071
2163,2142
2160,2013
2161,1960
2165,2127
2171,2081
2167,1960
2167,2007
2155,2055
2165,2012
2149,1885
2157,1763
2163,1844
2162,2168
2165,2037
2159,1911
2168,2200
2165,2200
2166,1941
2153,1979
2152,2028
2143,2067
2133,1992
2135,2032
2120,1879
2097,2140
2097,2183
2084,1923
2073,2043
2074,2111
2043,2039
2031,2064
2037,2071
2023,2059
2011,2093
2004,2019
1995,1997
1995,1953
1986,2011
1976,2124
1977,2059
1971,2003
1965,1867
1958,1977
1975,2091
1961,1923
1957,1887
1952,2081
1947,2090
1944,2124
1927,2087
1928,1980
1913,2096
1915,2093
1925,1891
1925,1927
1931,2072
1942,1976
1949,2009
1960,1981
1964,2045
1965,2033
1973,2136
1971,2005
1976,2019
1979,2080
1992,2069
2000,2184
2008,2035
2011,1999
2024,2067
2040,2130
2039,1965
2064,1911
2074,2134
2079,2257
2091,2043
2093,2022
2112,2076
2126,2165
2131,2063
2137,1897
2147,2029
2149,2099
2155,1994
2151,2077
2153,2140
2163,2071
2164,2081
2168,2003
2168,2016
2171,2088
2169,2163
2184,1977
2197,1937
2207,2037
2199,2088
2201,1993
2197,2096
2200,2021
2183,2151
2187,2059
2167,1915
2160,1936
2149,2115
2146,2147
2129,2004
2125,1960
2100,2083
2092,2093
2085,1916
2088,1947
2081,2089
2071,2224
2068,2148
2053,2012
2062,1975
2047,1979
2035,2039
2027,1909
2011,1884
2012,1889
2000,2005
1989,2093
1980,2115
1965,1926
1968,1913
1959,2196
1949,2084
1951,1878
1943,2180
1943,2089
1937,2141
1936,2101
1939,2024
1928,2135
1934,2157
1940,1942
1933,1950
1941,2072
1945,1945
1963,2004
1961,2037
1975,2100
1987,2075
1971,2207
1991,2147
1992,1879
1987,2056
2001,2102
2002,2043
2001,2005
2014,2041
2011,2041
2024,2193
2048,2181
2063,2160
2071,1931
2088,1819
2100,2063
2108,2083
2121,2056
2135,2043
2134,2057
2135,2087
2138,2081
2148,1915
2139,1997
2135,2025
2152,2030
2145,2003
2153,2063
2157,2144
2165,2140
2165,1919
2180,2040
2193,2092
2193,1965
2200,2068
2206,2079
2202,2133
2200,2078
2200,2043
2184,2063
2169,2103
2156,1961
2146,1989
2141,2110
2121,2027
2118,2143
2116,2180
2108,2207
2115,2015
2103,1967
2099,1963
2091,1864
2084,2100
2075,2036
2067,1830
2066,2067
2056,2275
2043,2043
2029,1907
2012,2080
2003,2109
2004,2143
1993,2001
1978,2002
1976,2005
1962,2036
1971,2074
1976,1940
1972,2021
1956,2033
1953,2033
1947,2127
1943,1995
1945,1897
1945,2077
1940,2093
1933,1880
1939,2031
1939,2096
1926,2136
1936,2031
1937,2035
1947,2181
1961,2317
1963,2072
1966,1780
1977,2037
1987,2112
2000,2021
2007,1916
2005,1969
2017,2332
2016,2118
2023,1996
2030,2095
2030,2210
2035,2214
2040,1979
2043,1783
2059,1947
2068,2244
2080,2104
2096,1881
2104,2184
2106,2201
2117,2215
2125,2120
2136,2107
2143,2067
2152,2249
2155,1753
2169,1947
2155,2085
2165,2020
2168,2031
2157,1926
2170,2195
2170,2225
2167,1951
2169,2030
2168,2228
2171,2257
2166,2048
2164,1899
2155,2043
2168,2171
2160,2122
2153,2028
2143,2039
2139,2133
2131,2166
2119,2023
2110,2187
2099,2256
2096,1933
2073,2039
2071,2081
2069,2217
2067,2055
2060,2055
2043,2104
2053,2123
2040,1997
2030,1920
2011,1977
2010,1959
1994,2167
2001,2140
1980,1920
1965,1987
1949,2141
1941,2076
1941,1875
1946,2025
1925,2090
1932,2037
1928,2072
1937,2063
1939,2097
1948,2058
1943,1919
1957,2063
1953,2017
1953,1931
1948,1960
1944,2144
1943,2220
1950,1958
1948,1991
1947,1976
1948,2017
1959,1867
1968,1993
1981,1928
1984,2198
2004,1969
2007,1947
2011,2029
2029,1914
2041,2038
2053,1999
2069,2000
2067,2022
2067,1975
2071,1956
2092,2043
2092,2052
2094,2044
2112,1992
2109,2071
2120,2041
2131,2059
2142,1981
2152,2025
2170,2076
2175,2136
2173,1944
2179,1877
2175,2048
2181,2063
2179,2335
2192,2195
2192,2111
2192,2109
2184,2017
2179,1895
2172,1956
2167,1948
2174,2029
2163,2195
2165,1973
2163,2144
2159,2163
2152,2166
2139,1901
2149,1801
2139,2164
2124,2414
2111,1977
2096,2025
2087,2175
2080,2147
2067,2009
2069,1979
2045,1991
2044,2190
2039,1990
2035,1911
2029,2121
2023,2063
2011,2021
2000,2108
1981,2011
1973,1989
1964,2107
1959,1996
1945,2052
1943,2195
1932,1997
1937,2056
1929,2004
1927,1901
1935,1951
1931,2108
1934,2023
1943,2168
1946,2055
1944,2051
1950,2112
1944,2025
1954,1932
1947,2201
1961,2008
1960,1945
1965,1975
1975,2007
1977,2137
1987,2231
1996,2144
2000,2040
2003,2039
1999,1944
2019,2065
2028,2055
2029,2225
2043,2062
2043,1869
2041,2071
2068,2202
2076,2199
2084,2065
2090,1996
2093,2024
2119,2140
2115,2056
2135,1845
2148,1978
2163,2153
2170,2120
2184,1977
2175,1941
2185,2237
2185,2292
2184,1982
2171,1854
2171,2089
2183,2076
2175,2036
2162,2096
2168,2112
2159,2054
2156,2199
2163,1953
2158,1964
2152,2169
2131,2005
2143,2043
2117,2090
2136,2083
2138,1971
2131,2018
2117,2124
2124,2156
2101,2195
2100,2027
2095,2088
2081,2021
2075,1989
2057,1976
2045,2043
2036,2203
2039,2125
2023,2080
2003,1937
2001,2013
1991,2133
1981,2090
1977,2029
1963,2114
1959,2127
1947,2120
1944,2001
1947,2100
1929,2181
1937,2084
1940,1940
1937,2144
1960,2031
1954,1962
1959,2088
1960,2068
1976,2155
1983,2220
1969,2078
1977,2035
1976,2123
1979,2137
1978,2017
1969,1916
1980,2035
1981,2196
1989,2227
2011,2068
2001,2070
2011,2168
2029,1985
2034,2024
2034,2069
2030,2143
2056,2203
2062,2085
2071,1911
2088,2072
2097,2117
2109,1833
2123,1983
2135,2164
2155,2059
2148,2147
2152,1886
2160,1958
2164,2252
2177,2217
2187,2084
2182,2142
2188,2043
2187,2057
2192,2005
2197,1961
2200,1995
2192,2229
2194,1915
2179,1976
2176,1866
2174,1961
2176,2080
2173,2147
2177,2243
2174,2067
2162,2149
2167,1948
2163,2200
2159,2203
2155,2063
2125,2130
2136,2118
2133,2065
2131,1960
2121,1845
2113,1901
2091,2202
2086,2160
2063,2032
2063,2106
2048,2216
2043,1945
2031,1880
2023,2008
2017,2235
2009,2053
2007,2060
1997,1969
1981,2135
1976,2152
1971,1913
1962,1917
1960,2220
1964,2151
1960,1961
1957,2065
1956,2147
1956,2001
1952,2059
1960,2068
1955,2139
1951,2072
1947,1896
1957,1960
1957,2016
1968,2081
1974,2263
1977,2272
1989,2159
1990,2043
1999,1928
1995,1963
2002,2108
2011,1980
2005,2023
2009,2232
2007,2036
2025,1963
2024,1957
2033,2100
2048,1865
2063,2109
2081,1960
2081,1805
2096,2218
2105,2195
2119,1981
2135,2243
2144,2039
2136,1909
2159,2089
2161,1876
2163,1808
2172,2250
2174,2162
2174,1909
2169,2065
2173,2023
2179,2043
2188,2123
2187,2040
2196,2004
2185,2150
2187,2227
2194,1963
2191,1917
2191,2077
2171,1951
2171,2053
2166,2094
2151,2096
2151,2035
2151,2083
2125,1996
2133,1906
2136,2021
2129,2093
2126,2019
2107,2057
2117,2183
2106,1980
2093,2094
2092,1992
2085,1907
2072,2121
2056,2104
2033,2027
2025,2185
2001,2142
2001,1896
1981,2144
1977,2103
1967,1951
1962,2065
1960,1979
1960,1819
1955,1891
1958,2152
1957,2157
1968,2231
1961,2168
1961,1771
1957,1937
1967,2072
1956,2021
1966,2219
1963,2235
1963,2079
1959,2065
1964,1888
1971,1823
1971,2015
1975,2183
1978,2224
1984,2168
1993,1851
2005,1780
2008,1918
2019,2019
2023,2183
2027,2072
2040,2096
2048,2093
2064,1895
2063,1819
2072,2004
2081,2104
2091,2155
2105,2056
2109,1961
2128,2045
2138,2092
2143,1949
2153,2068
2160,2208
2169,2087
2172,2088
2183,1952
2170,1976
2179,2080
2188,2125
2184,2025
2188,2099
2192,2057
2191,1930
2188,1911
2199,2046
2202,2129
2200,2117
2200,2088
2187,2063
2191,1992
2190,2045
2179,2063
2172,1899
2155,2021
2156,1993
2148,2048
2138,2173
2137,2089
2129,1964
2117,1937
2115,2128
2101,1871
2101,1871
2077,2072
2075,2081
2065,2199
2060,2009
2044,2027
2026,2002
2019,2080
2023,1978
2007,1955
2001,2208
1995,2159
1982,2005
1970,2041
1972,2123
1960,2063
1947,2035
1955,2099
1953,1973
1960,2035
1947,1975
1951,2021
1954,2147
1947,2013
1949,2101
1947,1939
1948,2007
1949,2017
1943,2015
1958,2069
1963,1985
1955,2015
1968,1959
1967,2159
1977,2176
1992,2093
1987,2057
1995,1843
1993,2042
2012,2003
2012,1989
2025,2067
2029,2117
2039,2139
2048,2019
2063,2004
2072,1989
2080,2191
2091,2029
2094,2128
2104,2034
2104,2048
2117,2073
2135,1965
2140,2002
2147,2078
2153,2151
2154,2067
2173,2084
2163,2035
2169,2065
2165,2039
2176,2009
2171,1952
2185,1917
2176,1996
2185,2063
2189,2112
2181,1999
2184,2055
2180,2060
2169,1952
2158,1984
2168,2106
2169,2097
2156,2096
2151,1862
2152,1836
2147,2113
2139,2196
2139,2107
2133,2199
2120,2059
2109,2033
2088,1875
2076,1927
2067,1971
2045,2184
2053,1959
2036,1881
2035,2210
2019,1981
2017,1869
2009,2100
2007,2208
2002,2055
1992,2029
1977,1883
1976,1877
1963,2243
1961,2103
1955,2088
1952,2120
1949,2152
1947,2013
1945,2019
1943,2029
1939,2163
1945,1979
1945,2056
1949,1975
1950,2063
1960,2005
1958,2208
1961,1975
1965,2008
1971,1988
1973,1945
1975,2027
1975,1963
1981,2150
1993,2143
2007,2078
2017,1845
2023,2074
2017,1960
2035,2157
2041,2107
2056,2008
2063,2187
2080,2007
2089,1837
2096,1944
2103,2204
2110,2033
2119,2044
2131,2007
2135,2025
2138,1961
2140,2066
2144,1912
2160,2135
2163,2137
2179,2039
2181,1992
2191,2055
2197,2104
2197,2007
2205,2101
2205,2081
2207,2081
2205,1997
2203,2031
2200,2120
2190,2065
2192,1992
2183,2072
2167,2093
2180,2082
2163,2020
2151,2127
2150,1960
2143,2018
2148,2008
2141,1992
2138,2068
2119,2078
2115,2025
2109,2013
2103,2003
2091,2033
2078,2073
2063,2124
2046,2052
2030,1972
2030,2012
2026,2063
2018,2011
2012,2086
2003,2039
2005,2068
1996,2036
1992,1932
1992,2015
1983,2039
1969,2112
1968,2032
1953,2027
1955,1995
1955,2096
1951,2063
1944,2012
1943,2053
1939,2056
1943,2032
1951,1992
1954,2042
1959,2024
1968,2035
1977,2133
1981,1997
1979,1981
1994,2097
1997,2040
2001,2055
2008,2063
2007,1933
2016,2045
2015,2024
2031,2166
2024,2114
2051,2083
2056,1945
2072,1915
2085,1943
2084,2136
2091,2165
2104,2063
2119,2026
2121,2081
2127,2079
2131,1953
2143,2007
2144,2005
2148,2046
2145,2043
2163,2024
2173,2021
2174,2063
2163,1987
2184,1949
2185,2027
2197,2033
2201,2057
2208,1949
2211,2069
2196,2128
2200,2031
2194,2088
2200,2055
2189,2004
2183,2156
2167,2011
2160,1981
2156,2098
2148,2148
2137,2011
2136,2029
2125,2077
2115,1959
2119,1954
2107,2091
2105,2059
2099,2117
2090,2160
2077,2089
2079,1965
2060,2040
2056,2019
2034,2006
2032,2075
2019,2107
2009,2043
2009,1964
1999,2043
1989,1975
1975,2035
1976,2126
1980,2076
1974,2089
1965,2071
1966,2024
1963,2005
1960,2016
1955,2067
1944,2024
1945,2128
1947,2071
1951,2011
1951,2048
1941,2027
1960,1970
1967,2120
1974,2039
1984,2053
1980,2030
1994,2019
2003,2033
2010,2119
2009,2086
2011,1931
2029,2031
2015,2060
2019,2091
2033,2104
2030,2030
2051,1976
2065,2024
2067,2020
2079,2039
2093,2139
2103,2075
2112,2059
2128,2021
2125,2016
2138,1997
2152,2015
2159,2104
2155,2065
2170,2099
2173,2063
2184,2023
2179,2008
2181,2137
2187,2042
2193,2057
2200,2109
2202,2088
2203,2065
2211,2085
2203,2071
2208,2033
2209,2072
2201,2067
2204,2066
2195,2031
2186,2034
2184,2065
2165,2111
2170,2052
2151,2027
2152,2105
2143,2019
2144,2074
2133,2019
2132,2065
2119,2067
2115,2071
2107,2037
2094,2076
2089,2024
2096,2023
2071,1981
2073,2040
2053,2107
2043,2019
2035,2035
2025,2013
2017,2054
2008,2063
1991,2109
1979,2083
1978,2010
1983,2092
1971,2031
1976,1928
1969,1971
1969,2070
1976,2066
1972,2076
1977,2067
1967,2029
1979,2129
1979,1993
1971,1979
1976,2025
1967,2059
1973,2008
1982,2038
1984,2033
1989,2056
1999,2077
2007,2117
2011,1987
2027,2009
2033,2042
2047,2030
2057,2028
2067,2063
2063,2015
2077,2072
2085,2075
2081,2029
2096,2041
2085,1987
2098,2008
2107,2080
2130,2055
2137,2003
2136,2024
2150,2019
2158,2023
2168,2040
2171,2011
2194,2067
2193,2091
2206,2075
2216,2039
2212,2085
2218,1991
2231,2032
2217,2016
2229,2012
2217,1987
2223,2015
2209,2025
2203,2051
2209,2063
2197,2090
2202,2137
2195,2092
2199,2085
2194,2039
2183,1949
2181,2025
2174,2092
2166,2065
2160,1997
2152,1963
2141,1993
2129,2043
2120,2036
2112,2001
2097,2103
2087,2076
2091,2004
2071,2043
2072,2029
2060,2087
2058,2105
2046,2068
2027,1991
2028,2019
2020,2086
2009,2075
2003,2065
1991,2027
1979,2120
1975,2105
1974,2019
1972,1943
1967,2056
1957,2039
1951,2055
1957,2080
1952,2005
1953,2024
1961,2043
1964,1980
1963,2032
1977,2037
1984,2082
1981,2102
2001,2005
2002,2007
2008,2019
2008,1973
2015,2039
2022,2067
2028,1967
2032,2106
2033,2099
2037,2048
2042,2009
2053,1992
2055,1981
2067,2024
2080,2161
2096,2032
2103,2130
2110,2200
2115,2011
2137,1973
2144,2115
2143,2069
2147,2032
2144,2029
2165,2057
2185,2073
2193,2145
2195,2085
2191,2017
2203,2031
2213,2056
2213,2002
2217,2019
2203,2120
2216,2088
2217,2120
2204,2007
2201,1984
2197,2011
2192,2037
2183,2040
2184,2024
2181,2121
2173,2056
2177,2127
2164,2030
2154,1996
2155,2048
2149,2056
2139,2047
2139,2035
2121,2121
2129,2079
2116,2124
2105,2026
2093,1951
2077,2008
2077,2008
2067,2011
2043,2063
2027,2087
2025,2056
2023,1997
2011,1958
2001,2005
2004,2107
1993,2121
1975,2065
1984,2093
1979,2087
1976,2017
1967,1952
1970,2030
1964,2069
1969,2052
1955,2086
1962,2109
1960,2027
1963,2024
1963,2001
1959,2025
1963,2103
1975,2138
1978,2063
1992,1997
1977,2047
1993,1948
1993,2040
2009,2015
2009,2123
2012,2091
2009,2044
2022,2017
2027,2153
2034,2075
2046,2077
2063,2024
2079,2001
2094,2003
2099,2019
2115,2064
2128,2025
2124,2043
2136,2028
2143,2000
2145,2009
2154,2051
2146,2057
2149,2121
2163,2082
2159,2079
2176,2076
2171,2025
2182,2009
2187,1987
2195,1968
2205,2097
2218,2031
2209,2087
2209,2119
2219,2096
2217,2021
2217,2004
2212,2015
2206,2118
2193,2079
2196,2078
2186,2085
2176,1989
2167,2010
2165,2080
2160,2075
2156,2024
2152,2005
2119,2037
2119,2044
2119,1947
2109,2102
2108,2055
2105,2065
2079,2040
2073,2155
2068,2067
2063,2027
2053,1976
2038,1879
2035,2007
2024,2017
2015,2065
2012,1996
1993,2140
1988,2039
1993,2012
1984,2024
1977,2076
1977,2135
1975,2143
1973,2028
1965,1959
1976,2001
1984,1980
1977,1997
1961,2013
1966,2041
1967,2096
1961,2107
1968,2007
1973,2015
1966,2082
1969,2165
1984,2088
1992,1997
2008,2008
2024,2081
2039,2131
2039,2068
2063,2082
2068,2091
2083,2071
2079,1943
2091,1937
2102,2023
2095,2133
2091,2017
2099,1984
2104,2011
2105,2036
2121,2056
2124,2066
2132,2109
2139,2143
2148,2128
2161,1945
2176,2048
2187,2108
2197,2011
2209,2206
2220,2128
2224,1937
2235,1806
2237,1977
2232,2004
2229,2083
2224,2114
2215,2198
2213,2032
2203,1978
2206,1827
2189,2117
2196,2245
2200,2037
2199,2037
2201,2021
2195,2067
2203,2025
2188,1989
2171,2000
2179,2138
2156,2143
2137,1952
2119,1918
2111,2068
2098,2010
2081,2073
2071,2140
2066,2093
2070,2107
2037,2032
2063,1940
2063,1907
2056,2202
2039,2009
2055,2025
2041,2124
2024,2039
2005,1856
1995,1933
1989,2021
1973,2168
1972,2135
1947,2079
1952,1973
1945,2057
1955,2077
1957,1935
1963,1989
1960,2021
1978,2108
1975,2103
1992,2051
1994,2039
1989,1995
2002,2012
1996,1979
1992,2197
2000,2157
1997,2039
2000,2080
2008,2080
2013,2037
2020,2019
2024,2063
2042,2096
2063,1979
2075,1917
2077,1944
2089,2123
2103,2068
2104,2076
2109,2053
2099,1971
2116,2160
2124,2076
2136,1956
2129,2152
2141,2104
2145,1995
2164,1944
2167,2029
2187,2080
2202,1975
2199,1961
2209,2001
2216,2054
2218,2056
2215,2055
2211,2028
2209,1961
2199,2148
2187,2067
2187,2039
2183,1952
2182,1917
2175,2034
2169,2027
2167,2047
2161,2084
2171,2093
2168,1991
2160,1962
2152,2024
2161,2055
2152,2195
2141,2176
2136,2044
2108,2017
2093,2075
2075,2045
2067,1979
2056,2125
2045,2075
2037,1981
2039,2023
2039,2048
2037,2048
2030,2011
2032,2056
2028,2024
2023,2115
2010,1996
1991,1944
1976,1987
1957,1995
1956,2063
1937,2008
1938,2183
1943,2113
1936,2001
1940,2053
1952,1932
1957,2023
1963,2015
1976,2055
1975,2103
1997,2012
1989,1977
1993,1977
1975,2067
1992,2021
1985,2101
1984,2087
1986,2065
1989,2067
1999,2041
2007,2072
2024,2001
2039,2149
2060,2019
2063,1998
2073,2053
2087,1990
2091,1976
2111,2040
2111,2027
2119,2105
2111,2108
2120,2140
2131,2033
2135,2028
2139,2084
2137,2085
2144,2073
2149,2019
2176,2131
2184,2063
2197,1941
2189,1993
2208,2088
2216,1943
2216,2043
2209,1958
2211,2063
2215,2057
2208,2107
2204,1941
2199,2068
2188,1949
2183,1975
2165,2137
2172,2120
2169,2048
2155,2121
2160,2003
2157,2087
2156,2021
2159,2009
2154,2071
2137,2060
2135,2069
2130,2053
2104,1923
2098,1969
2091,1973
2079,2081
2065,2182
2058,2054
2040,1895
2022,1920
2024,2084
2020,1945
2017,2018
2008,2011
1995,2093
1987,2012
1984,2038
1990,1932
1976,2005
1971,2103
1959,2077
1961,2139
1969,2084
1971,1957
1969,1984
1960,1979
1958,2048
1967,2152
1960,1959
1961,2040
1960,2089
1965,2055
1975,1979
1970,2085
1972,2057
1976,1948
1990,1979
1995,1964
2009,1941
2015,2080
2025,2029
2035,2093
2056,2147
2059,2028
2053,2063
2063,2080
2057,1933
2071,2027
2065,2139
2073,2041
2085,2043
2093,2031
2105,1879
2108,2103
2135,2020
2147,2020
2167,2100
2181,2053
2192,1988
2195,1940
2208,2071
2200,1997
2199,2054
2200,2139
2187,1983
2187,1999
2188,2028
2173,1975
2183,2115
2182,2139
2188,1941
2188,2031
2194,2113
2187,1915
2195,2080
2192,2041
2190,2108
2179,2077
2176,1977
2168,1996
2163,2001
2144,2099
2135,2071
2121,1998
2115,2054
2099,2088
2091,1929
2078,2063
2077,2095
2065,2003
2063,2143
2057,2035
2040,2104
2024,2056
2024,2007
2024,2032
2009,2108
1993,2024
1994,1958
1977,2057
1968,2061
1963,2017
1953,2055
1944,2016
1947,1992
1937,2007
1947,2095
1945,2023
1933,2008
1943,2077
1949,1930
1940,2111
1945,2009
1948,1974
1950,2129
1957,2152
1951,2043
1957,1960
1957,2081
1964,2004
1976,2086
1979,2066
1974,1981
1989,1975
1997,2068
2011,1992
2023,2015
2023,2141
2029,2068
2029,1986
2042,2055
2045,1976
2067,1989
2059,2114
2069,2135
2088,2042
2093,2073
2109,2052
2118,1995
2130,2069
2133,2111
2147,2057
2153,2104
2162,2074
2156,2066
2167,2093
2171,2024
2165,2073
2172,2040
2181,2020
2183,2036
2191,2018
2187,2105
2185,2019
2183,2105
2187,2133
2188,2063
2193,2077
2180,2093
2184,2006
2171,2094
2168,2147
2148,2030
2141,1895
2133,2129
2124,1928
2123,1971
2103,2098
2093,1960
2096,2144
2092,2184
2083,2094
2086,2040
2085,2140
2071,1959
2069,1984
2053,1992
2043,2027
2041,1960
2032,2075
2023,2099
2011,2119
2003,2164
1982,2019
1964,2011
1952,2043
1941,2067
1927,2004
1933,2045
1931,2053
1932,2108
1947,2057
1951,2101
1960,2039
1963,2064
1966,2065
1943,2030
1968,2011
1961,2112
1976,2065
1971,2039
1967,2125
1964,1987
1964,2023
1959,2107
1968,2008
1975,2035
1973,2156
1977,2035
1996,2055
2003,2137
2020,1981
2025,2012
2041,2076
2056,2027
2073,1976
2072,2042
2080,2045
2093,2084
2094,2135
2098,2009
2104,2024
2114,2119
2121,2016
2132,1971
2140,1987
2144,2045
2156,2043
2171,2126
2176,2056
2183,2035
2185,2089
2195,2015
2194,2016
2201,2074
2204,2036
2184,2009
2196,2071
2195,2070
2194,1996
2183,2033
2187,2037
2181,2084
2193,2085
2180,2076
2179,2071
2184,2063
2170,2060
2160,2019
2159,1951
2138,1953
2138,1979
2124,2021
2103,1974
2107,2019
2087,2066
2083,2073
2077,2057
2068,2033
2075,2139
2066,2091
2059,2007
2051,2063
2039,2042
2026,1981
2022,2068
2015,2033
2010,2063
2004,2131
1987,2123
1976,1945
1965,2063
1963,2057
1968,1995
1960,2029
1952,1976
1955,2009
1943,2074
1949,2015
1949,1996
1952,2019
1955,2088
1969,2025
1961,2003
1975,2016
1971,2027
1981,2040
1973,2120
1984,2112
1977,1928
2003,2026
1994,1977
2009,2039
2018,1981
2022,1978
2021,1956
2037,2041
2035,2091
2055,2043
2068,2082
2076,2024
2080,1945
2087,2005
2100,2037
2103,2024
2120,2037
2127,2044
2125,1992
2135,1988
2133,2056
2155,1971
2159,2029
2161,2023
2169,2036
2180,1973
2184,2021
2184,2071
2189,2056
2196,2003
2192,2044
2187,2013
2189,2103
2195,2041
2196,2056
2199,2045
2199,2035
2188,2092
2183,2072
2192,2039
2179,2020
2173,2010
2164,2088
2154,1979
2143,2075
2124,2036
2120,2104
2108,2026
2100,2008
2092,2065
2089,1988
2075,2104
2067,1991
2071,2052
2063,2132
2063,2013
2042,2044
2040,2044
2028,2075
2009,2079
2008,2065
1989,2035
1984,2087
1976,2012
1962,2035
1951,2039
1941,2104
1948,1984
1947,2027
1941,2076
1953,2056
1953,2056
1956,2095
1958,2026
1937,2040
1948,1965
1939,1998
1949,2135
1944,2076
1938,1993
1936,2063
1939,2067
1946,2029
1948,1978
1948,1989
1959,1977
1967,2077
1979,1945
1989,2010
2009,2137
2015,2089
2033,2037
2056,2039
2063,1992
2063,2080
2069,2041
2069,1984
2067,1990
2073,2088
2075,2023
2081,2063
2085,2112
2087,2108
2097,2035
2104,2041
2112,2014
2132,2096
2139,2036
2153,1991
2161,2069
2181,2039
2190,1993
2197,1991
2199,2048
2202,2096
2209,2062
2202,2078
2192,2029
2188,2044
2171,2022
2174,2028
2171,2031
2167,2015
2155,1963
2151,2056
2161,2015
2145,2023
2144,1987
2143,2021
2136,2113
2119,2081
2115,2046
2099,2048
2096,2075
2087,2036
2082,1962
2072,2063
2063,2043
2063,2081
2056,1944
2035,2072
2035,2112
2020,2099
2016,2046
2008,2046
1994,2071
1997,2033
1983,2021
1959,1991
1958,2057
1950,2083
1952,2014
1947,2033
1947,2093
1944,2007
1941,2058
1946,2059
1931,2003
1943,1995
1944,2139
1943,2091
1949,2035
1943,2080
1957,1993
1953,2057
1961,2105
1958,2019
1964,1995
1968,2141
1968,2040
1973,1952
1989,1965
1994,2060
2007,2075
2016,2015
2019,1999
2035,2126
2039,2072
2057,1998
2071,2009
2086,2129
2086,2159
2092,1979
2089,1989
2096,2104
2104,2040
2108,2060
2107,1994
2105,2001
2123,2093
2137,2007
2140,2039
2151,2043
2163,2079
2160,2040
2173,1972
2193,2020
2199,2020
2200,2072
2209,2015
2204,2007
2199,2048
2201,2110
2200,2015
2185,2071
2173,2048
2183,2132
2171,2110
2163,2063
2160,2009
2155,2080
2137,2083
2131,2007
2127,2033
2121,2083
2107,2053
2102,1989
2092,2116
2100,2070
2076,2099
2063,2098
2068,2003
2068,2080
2055,2081
2051,1990
2040,1980
2032,2075
2028,2015
2015,2008
2011,2026
2001,2079
1995,2043
1979,2088
1955,2036
1956,2086
1952,2123
1946,2085
1935,2068
1930,2115
1927,2073
1928,1995
1913,2016
1915,2013
1917,2037
1924,2021
1935,2027
1931,2055
1931,2059
1951,2033
1948,2031
1958,2096
1963,2074
1964,2036
1963,2024
1983,2019
1987,2080
1993,2075
1995,2038
1993,2046
2007,2067
2011,2007
2010,2069
2025,2001
2038,2003
2040,2041
2035,2072
2056,2002
2059,1972
2057,2047
2069,2073
2080,2054
2089,2060
2104,2015
2108,2005
2124,2036
2135,2011
2144,2032