2011,2069
2005,2051
2005,1960
1993,2005
1981,2120
1975,1940
1971,1982
1952,1947
1953,2143
1935,2100
1944,2072
1930,2048
1945,2131
1939,2001
1947,1863
1932,2015
1945,2071
1941,2193
1952,2021
1949,2036
1945,1895
1952,2167
1965,1931
1963,1936
1973,2103
1977,2226
1981,2150
1984,1959
1993,1969
1981,2013
2008,2147
2024,1979
2028,2000
2039,1999
2054,2056
2044,2135
2067,2071
2081,2066
2080,2117
2093,1988
2101,2132
2093,1943
2111,2096
2105,2119
2103,2073
2110,2028
2128,2057
2131,2107
2149,1992
2160,2103
2172,1953
2180,2044
2171,2071
2187,2064
2203,2069
2205,2009
2205,2115
2209,1992
2201,2069
2200,2033
2186,2021
2183,2087
2181,2125
2167,2031
2168,2087
2157,2085
2160,2136
2149,2063
2148,2015
2143,1987
2141,2029
2138,2119
2131,1971
2111,2144
2105,1995
2105,2147
2094,2063
2088,2028
2071,2152
2063,2008
2043,2063
2042,1952
2043,2118
2024,1993
2015,2027
2009,2057
1995,1949
1987,2104
1973,2121
1973,2059
1961,2071
1955,2017
1943,2151
1954,2041
1950,1939
1934,1960
1944,2138
1937,2128
1940,2055
1941,2026
1931,2132
1946,2072
1937,2107
1941,2012
1951,2090
1947,2039
1947,2131
1954,2072
1966,2139
1967,2024
1968,2007
1968,2135
1987,1939
1990,2168
1989,1943
1999,2008
2008,2063
2023,1988
2038,2019
2043,2099
2063,1979
2061,2065
2068,2225
2083,2007
2083,2017
2103,1943
2095,2018
2103,2066
2107,2116
2112,2025
2120,2005
2131,2152
2137,1964
2143,1963
2156,1948
2165,1968
2165,2076
2171,2137
2179,2007
2185,2102
2196,2035
2182,2115
2176,2154
2180,1913
2176,2005
2163,2104
2170,2039
2154,2129
2147,2025
2144,2013
2146,2095
2152,1993
2152,1845
2135,1994
2135,1966
2128,2131
2118,2154
2119,1947
2099,2095
2087,1884
2076,2037
2075,2105
2063,2011
2044,2151
2033,2077
2022,2105
2016,2032
2011,1915
1996,2114
2000,2063
2001,2091
1995,2021
1987,2024
1977,2070
1962,1953
1959,2079
1947,1977
1956,2087
1951,1987
1937,2133
1944,2035
1935,2004
1929,2037
1932,1907
1935,2152
1931,2073
1940,2085
1939,2135
1940,2080
1946,2041
1945,1963
1958,1940
1959,2063
1971,2093
1973,2075
1976,2006
1971,1973
1979,2083
1982,1948
1991,2079
2005,2044
2011,2115
2022,2035
2045,1972
2060,2039
2063,1861
2074,2107
2088,1924
2085,2176
2105,2140
2110,2007
2108,1952
2110,1971
2112,1964
2109,1940
2114,2035
2121,2032
2122,2132
2139,2120
2151,2075
2156,1988
2159,2027
2181,2020
2195,2039
2195,2094
2204,2048
2203,2103
2199,2155
2199,2088
2187,2096
2176,2148
2179,1899
2156,2029
2157,1999
2144,2086
2131,2078
2123,2017
2121,2000
2120,2130
2124,2071
2105,1885
2109,2005
2112,1964
2100,1973
2087,2067
2080,2008
2079,2018
2063,2152
2041,1981
2039,1992
2035,2125
2011,2127
2004,2083
2013,2006
1998,1975
2003,2199
1987,2066
1980,1976
1959,1945
1961,2017
1956,2122
1944,2055
1943,1983
1940,2041
1935,2071
1931,2102
1927,2003
1931,2078
1932,2010
1934,2086
1933,2023
1945,2032
1955,1943
1952,1991
1961,2060
1967,1971
1971,2086
1968,2001
1979,2099
1992,2022
1992,1931
1992,2065
1989,2019
1993,2023
2003,2080
2007,2029
2004,2097
2022,1977
2032,2077
2043,2087
2066,2037
2074,2035
2081,2013
2092,2058
2100,1933
2118,2120
2112,2029
2125,2088
2128,2075
2129,2056
2143,2071
2136,2056
2141,1935
2153,2024
2155,2029
2168,2027
2165,2117
2173,2089
2175,2005
2173,2105
2183,1980
2182,1962
2176,2051
2179,1935
2168,2079
2160,2073
2154,2001
2161,1947
2147,2146
2151,2039
2145,2018
2132,2020
2130,2071
2125,2089
2123,2056
2124,1976
2107,1999
2093,2163
2096,2015
2088,1971
2078,2103
2067,1954
2048,2143
2033,1951
2010,2092
2012,2079
2001,2039
1987,2027
1976,2033
1973,2019
1967,2011
1968,2041
1963,1973
1963,2024
1947,2104
1960,1947
1953,2140
1949,1938
1960,2008
1947,2127
1943,2029
1939,2002
1934,1963
1929,2093
1933,2123
1928,2211
1925,2013
1930,2008
1927,2099
1934,2041
1941,2028
1951,2075
1952,2063
1964,2047
1967,2038
1991,1991
1995,2065
2016,2038
2016,2067
2015,2001
2039,1932
2037,2015
2037,2023
2056,2022
2055,2083
2065,2065
2075,1963
2080,2068
2087,2063
2096,1947
2102,2103
2099,1998
2110,2071
2121,2079
2136,2017
2138,2059
2147,2076
2158,2021
2161,2009
2169,2094
2187,2003
2183,2045
2199,1995
2199,2007
2204,2063
2202,2003
2187,2126
2189,1990
2187,2076
2173,2089
2171,2072
2169,2003
2157,2077
2139,2055
2139,2058
2138,2010
2135,2056
2125,1993
2123,2088
2118,2009
2111,2063
2101,1980
2104,2066
2091,2020
2087,2043
2072,2064
2074,2021
2067,2079
2055,2025
2040,2117
2028,2007
2017,2012
2005,2075
1996,2057
1976,2013
1974,2041
1953,2036
1949,2010
1941,2005
1937,2099
1944,2063
1933,2021
1945,2086
1945,1987
1947,2019
1953,2056
1950,2077
1944,2060
1943,2018
1954,2112
1949,2031
1943,2005
1952,2027
1954,2028
1952,2013
1955,2067
1962,2083
1961,2077
1971,2095
1979,2037
1980,2052
1989,2024
2003,2103
2011,2073
2023,1992
2032,2104
2041,2081
2056,2043
2059,2058
2071,1992
2086,2079
2084,2016
2089,2063
2101,2039
2110,2040
2105,2127
2120,2009
2129,2077
2123,2067
2143,2040
2148,2021
2147,2040
2163,2011
2168,2088
2187,2027
2188,2063
2193,2058
2188,2015
2192,2040
2187,2088
2194,2091
2176,2096
2168,2013
2156,2040
2163,2053
2157,1999
2156,2097
2153,2093
2147,2067
2141,2048
2133,2011
2136,2094
2127,1973
2115,2135
2112,1988
2107,2048
2087,2078
2077,2042
2071,2063
2066,2080
2059,2011
2036,1979
2031,2008
2022,2102
2015,2105
2006,2080
1999,2059
1998,2037
1983,2030
1975,2040
1964,2039
1955,1975
1956,2059
1943,2103
1940,2031
1943,2029
1934,2069
1935,2005
1928,2008
1923,2128
1925,2038
1928,2026
1917,2076
1928,2091
1927,2065
1935,2065
1936,2076
1937,2008
1954,2018
1959,2096
1967,2037
1965,2012
1974,2088
1979,2043
1979,2032
1992,2107
1994,2055
1996,2009
2010,1981
2015,2063
2018,2072
2030,2024
2037,2090
2055,1978
2066,2072
2074,2074
2087,2059
2084,2007
2104,2068
2108,2028
2104,1987
2123,2056
2129,2047
2139,2040
2131,2107
2139,2087
2145,2080
2157,2027
2154,2015
2167,1965
2175,2062
2168,2033
2171,2055
2172,2035
2164,1976
2165,2087
2166,2069
2162,2032
2156,2012
2151,2003
2145,2043
2142,2051
2141,2068
2127,2112
2123,2043
2124,1997
2118,2056
2111,1965
2103,2065
2095,2144
2091,2059
2085,2067
2072,2057
2057,2029
2048,2079
2043,2080
2021,2046
2021,2011
2012,2007
1996,2084
1992,2027
1976,2080
1971,2068
1968,1987
1963,2072
1952,2035
1942,2027
1945,2037
1941,2037
1936,2044
1936,2047
1937,2065
1928,2040
1917,2064
1925,2073
1918,2017
1913,2087
1913,2025
1930,2023
1929,2076
1933,2059
1937,2088
1931,1980
1943,2021
1949,2062
1949,1986
1964,2025
1969,2023
1977,2104
1980,2015
1988,2001
1988,2063
2005,2031
2011,1993
2020,2075
2027,2035
2039,2023
2041,2009
2051,2021
2068,2016
2067,2064
2075,2066
2077,2000
2099,2098
2099,2043
2103,2033
2120,2025
2125,2075
2136,2019
2139,1992
2135,2027
2150,2089
2155,1991
2155,2007
2165,2022
2174,2039
2171,1999
2176,2060
2167,2083
2170,2006
2167,2135
2161,1976
2157,1997
2151,2105
2146,2069
2140,1955
2133,2099
2128,2099
2117,2009
2117,2099
2112,2028
2097,1975
2104,2007
2091,2037
2083,2038
2080,2086
2076,1995
2063,2053
2048,2015
2032,2001
2021,2008
2014,2008
2003,2011
1999,2115
1984,2028
1979,1996
1969,2021
1961,2053
1955,2017
1943,2056
1935,2020
1931,2045
1937,2015
1932,2003
1933,2031
1929,2017
1928,2041
1927,2043
1914,2064
1918,2043
1917,2057
1924,2013
1916,2007
1920,2063
1915,1991
1925,2029
1934,2060
1931,2028
1944,2045
1951,2036
1947,2040
1961,1999
1968,2027
1971,2053
1984,2063
1993,1971
1995,2057
2007,2075
2007,2058
2021,2086
2027,2015
2041,2058
2048,2082
2063,1999
2076,2023
2085,2063
2089,2053
2092,2009
2103,2079
2104,2065
2115,2077
2125,1995
2132,2034
2141,2043
2145,2021
2139,2057
2151,2005
2152,2063
2152,2041
2165,2063
2165,2015
2172,2075
2182,2023
2172,2064
2172,2033
2173,2029
2168,2037
2150,2080
2156,2032
2150,1999
2137,2080
2135,2056
2120,2075
2120,2065
2107,2058
2101,2080
2087,2028
2087,2015
2076,2054
2080,2024
2075,2039
2067,2079
2053,2055
2044,2035
2025,2048
2020,1996
2012,2027
2003,2017
1992,2043
1979,2017
1973,2072
1960,2083
1952,2025
1945,2059
1943,1999
1940,2028
1925,2020
1931,2096
1925,2024
1928,2039
1917,2040
1925,2047
1925,2009
1913,2057
1925,2017
1920,2095
1927,2112
1914,2025
1930,2096
1930,2011
1931,2054
1935,2060
1944,2012
1949,2015
1951,2112
1965,2080
1971,2028
1976,2016
1979,2014
1989,2021
1995,2097
1999,2076
2014,2002
2022,2043
2028,2055
2037,2063
2041,1977
2043,2091
2073,2072
2067,2053
2084,2036
2091,2000
2097,2035
2111,2101
2119,1997
2121,1991
2129,2096
2137,2003
2140,2044
2140,2063
2142,2034
2143,2044
2151,2067
2149,2024
2157,1987
2153,2057
2163,2060
2158,2021
2151,2055
2155,2040
2152,2053
2158,2092
2147,1995
2135,2015
2139,2096
2133,2096
2132,2079
2127,2071
2106,2047
2110,2058
2097,2027
2093,2076
2077,2045
2069,2072
2068,2037
2048,2054
2039,2015
2032,2019
2020,2039
2015,2007
2008,2065
2003,2048
1977,2029
1980,2089
1963,2043
1971,2043
1954,2090
1947,2005
1947,1991
1945,2042
1933,2057
1929,2009
1925,2037
1915,2072
1931,2045
1915,2054
1920,2026
1913,2037
1915,2054
1916,2025
1914,2064
1907,2053
1911,2091
1911,2063
1920,2060
1917,2025
1938,2108
1947,2071
1951,2024
1959,2017
1965,2056
1977,2044
1987,2021
1996,2036
2001,2029
2007,2094
2015,2024
2023,2015
2023,1988
2031,2019
2032,2030
2043,2028
2053,2087
2056,1997
2069,1970
2077,2107
2090,1954
2093,2060
2104,2143
2116,1987
2128,2093
2142,2087
2131,1997
2153,2031
2147,2056
2161,2020
2157,2076
2167,2085
2165,2025
2165,1987
2165,2028
2167,2063
2163,2016
2159,1989
2161,2100
2155,1963
2155,2107
2137,2075
2135,1973
2125,2073
2127,2098
2120,2011
2108,2019
2107,2037
2097,2080
2102,2101
2091,2072
2088,2065
2084,2068
2073,2036
2072,2027
2053,2004
2047,2071
2028,2019
2029,2039
2014,2040
1995,2057
1991,1991
1979,2009
1965,2096
1955,2063
1950,2027
1935,2043
1928,2064
1927,2038
1933,2045
1933,2057
1943,2031
1934,2080
1941,1993
1947,2016
1947,2059
1947,2067
1941,1967
1943,2032
1934,2060
1932,1939
1925,2092
1925,2130
1935,1928
1929,2028
1940,2058
1933,2101
1945,1993
1954,1955
1963,1969
1976,2020
1987,2067
1989,2096
2005,2002
2020,2001
2017,2071
2032,2041
2047,2003
2053,2072
2071,2010
2077,2046
2071,2151
2085,1999
2093,1990
2093,2015
2103,2120
2102,2040
2118,2017
2132,1988
2129,2112
2139,2022
2143,2003
2154,2030
2153,2023
2147,2068
2153,2016
2152,2007
2160,2100
2163,2080
2153,1978
2166,1972
2169,2099
2164,2041
2168,2035
2163,2083
2167,1997
2162,1998
2155,2000
2155,2024
2143,2075
2137,2055
2121,2029
2101,2128
2096,2175
2086,2035
2076,1976
2056,2107
2039,2039
2039,2021
2033,2076
2021,2073
2019,2093
2013,2088
2012,1987
2007,2003
1994,2123
1996,2021
1987,2040
1992,2007
1965,2096
1961,2107
1952,1959
1944,2000
1930,2072
1930,2115
1915,2152
1910,2023
1915,2115
1915,2088
1908,2018
1909,2081
1913,2070
1907,2044
1920,1988
1925,2134
1922,2129
1933,2065
1925,2031
1942,2138
1945,2025
1943,2088
1951,1960
1953,1977
1957,2057
1972,1994
1979,2003
1987,2043
2000,2025
2009,2095
2015,1971
2025,1958
2025,2068
2026,2069
2034,2081
2048,2068
2053,2058
2069,2080
2072,2043
2080,2008
2085,1980
2096,2090
2111,2007
2105,2057
2131,2071
2142,1965
2152,2035
2156,2018
2153,2048
2161,2011
2161,2025
2165,2031
2160,2067
2163,2023
2157,2125
2160,2100
2149,2027
2151,2032
2149,2040
2147,2072
2148,1981
2151,1960
2149,2089
2148,2101
2136,2021
2133,2043
2129,2107
2125,2106
2108,2022
2091,1897
2089,2084
2075,2120
2072,2187
2052,2108
2040,2053
2040,2017
2027,1989
2012,2079
2005,2076
2000,2013
2001,1973
1991,2091
1983,2151
1973,2027
1963,1931
1962,1965
1952,2020
1944,2047
1932,2039
1939,2039
1917,2068
1927,2231
1915,2041
1916,2007
1927,1992
1911,2080
1931,2091
1923,2072
1912,2063
1927,2078
1944,2109
1930,2088
1941,1957
1933,2032
1944,2109
1941,2001
1960,2005
1952,2096
1947,1979
1965,1957
1962,2098
1987,2097
2000,2077
2009,2051
2005,1991
2040,2066
2044,2080
2063,1971
2059,1966
2073,2066
2073,2103
2079,2063
2088,2112
2092,2080
2087,1894
2095,2179
2103,2088
2107,1930
2114,1968
2130,2074
2140,2103
2150,1944
2151,2036
2164,2088
2172,2117
2179,2033
2189,2194
2187,2007
2183,1904
2185,2112
2173,1861
2169,2073
2172,1969
2163,2075
2147,2224
2143,2171
2131,2068
2135,2069
2125,1873
2107,1956
2116,2017
2108,2104
2102,1987
2087,2165
2083,1957
2081,2195
2079,2086
2071,1993
2056,2120
2054,1980
2037,2076
2028,1972
2025,2002
2011,1862
2011,1936
2004,2008
2000,1905
1994,2069
1987,1981
1968,2007
1952,1896
1943,2104
1937,2064
1929,1961
1928,2057
1915,1912
1915,2025
1911,2060
1917,1939
1918,2148
1928,2037
1928,2107
1935,2079
1937,1950
1942,1899
1948,2047
1960,1964
1953,2023
1971,2025
1961,2063
1957,2176
1961,2031
1959,1995
1963,2028
1971,2065
1979,2024
1984,1957
1997,2056
2000,2127
2015,2025
2031,1987
2040,2078
2061,2131
2068,1915
2079,1927
2081,2067
2095,2116
2103,1992
2106,2011
2108,2155
2116,2167
2118,1923
2124,1916
2129,2237
2132,2081
2145,2034
2147,1861
2152,1957
2155,2009
2171,2120
2168,2009
2168,2081
2191,2090
2185,1957
2169,2109
2164,1913
2165,2012
2167,1938
2153,2077
2147,2096
2144,2031
2134,1970
2125,2131
2117,2091
2118,1998
2122,2159
2099,1964
2104,2063
2109,2063
2092,1967
2093,2235
2081,1979
2065,1989
2061,2171
2053,2016
2030,1931
2012,2056
2011,2135
1991,2002
1982,2027
1980,1986
1980,2169
1977,1990
1960,2010
1960,2117
1952,2005
1944,2073
1939,1764
1925,2072
1931,2084
1939,2040
1932,1888
1917,2129
1931,2136
1915,1980
1920,2081
1913,1870
1923,1987
1929,2213
1940,2074
1937,2053
1947,1909
1952,1931
1958,2030
1961,2128
1974,1993
1971,2121
1979,2057
1995,2053
1998,2081
2008,2065
2012,1847
2013,2000
2020,2008
2031,2026
2037,2147
2064,1935
2066,1994
2065,2143
2077,1984
2080,2026
2100,1899
2101,2118
2104,2017
2127,1975
2109,2133
2138,2125
2139,2076
2141,2032
2143,1970
2155,2031
2156,2061
2161,2010
2170,2093
2187,2104
2182,1998
2184,1973
2187,2132
2168,2123
2171,2164
2168,1913
2155,2028
2155,1973
2151,1992
2149,2075
2137,1926
2142,2137
2131,2119
2117,1969
2123,2009
2110,2013
2106,1977
2103,2057
2088,2128
2093,2056
2091,1931
2069,2032
2057,2140
2056,2167
2047,2048
2035,2018
2011,2112
2006,2106
1987,2085
1987,1797
1970,2070
1968,2129
1963,2166
1963,2024
1956,1989
1955,2057
1948,2041
1949,2027
1941,2143
1939,2100
1940,2005
1939,2046
1936,1851
1933,2068
1929,2013
1926,2063
1937,2039
1927,2032
1937,2083
1929,2152
1933,2151
1950,1779
1960,1975
1963,2007
1976,2028
1978,2097
1984,1899
1998,2031
2008,2208
2015,2071
2003,1933
2019,1790
2019,2022
2033,2128
2043,2158
2039,1978
2053,2002
2069,2096
2068,2063
2073,2143
2088,1864
2104,1987
2111,2073
2127,2099
2137,2073
2149,1905
2155,2014
2160,2105
2169,2173
2167,2037
2170,1984
2173,2068
2171,2067
2185,2116
2174,1979
2176,2117
2173,2043
2170,2093
2165,2136
2167,1955
2168,2139
2161,2037
2163,1945
2157,2029
2158,2109
2151,2105
2150,1933
2144,2066
2138,2035
2135,2018
2123,1925
2115,2022
2112,2069
2095,2093
2081,2155
2082,2095
2067,1907
2066,2055
2055,1931
2041,1990
2029,2028
2024,2019
2007,2101
2001,2054
1997,1978
1984,2121
1969,2060
1964,1993
1960,2036
1954,2080
1941,1993
1949,2055
1948,2101
1945,2221
1947,2201
1941,2090
1939,2047
1948,1953
1949,1948
1948,2168
1941,2067
1947,1867
1943,2009
1945,2063
1941,2199
1941,2240
1937,1839
1937,1961
1945,1936
1948,2011
1962,2101
1976,2017
1994,2078
1994,2164
2024,2101
2032,1989
2039,2013
2063,1851
2071,2164
2074,2225
2087,1889
2084,2124
2095,2041
2088,2001
2091,2115
2093,2179
2100,1978
2109,2030
2121,1961
2123,1957
2133,2139
2145,2015
2154,2089
2164,2103
2171,1994
2181,2127
2192,1892
2192,2041
2188,2117
2195,2047
2189,2143
2193,2058
2191,1938
2170,2004
2186,1981
2175,2021
2167,2101
2164,1960
2159,1947
2146,2115
2144,2075
2138,2039
2131,1976
2121,2023
2116,2053
2113,2084
2103,2095
2097,2087
2086,2121
2069,1999
2059,1977
2057,2021
2048,2105
2039,2117
2029,2097
2025,2077
2010,2042
2014,1977
2002,2117
1993,1961
1977,1967
1981,2153
1972,2063
1952,2080
1941,2017
1944,1938
1925,2041
1928,2091
1933,1964
1926,2039
1932,2023
1929,2042
1912,1959
1933,1995
1933,1982
1946,2118
1945,2089
1956,2028
1963,2007
1963,2133
1979,2045
1970,1963
1964,2047
1979,2028
1984,2042
1983,1957
1992,2035
1991,2120
1997,2141
2009,2002
2022,1971
2023,2029
2044,2004
2044,1992
2066,2027
2071,2120
2082,2063
2096,1900
2093,2026
2107,2123
2120,2148
2123,2037
2127,1900
2133,2035
2145,2008
2148,1978
2153,2018
2160,2043
2163,2133
2174,2065
2175,2027
2180,1913
2181,2037
2176,2059
2180,2045
2179,2096
2179,2005
2169,2141
2175,1965
2165,2083
2173,2025
2160,2000
2168,2038
2151,2091
2149,2047
2152,2026
2145,2008
2125,2071
2133,2138
2120,1996
2107,2039
2098,2141
2080,2033
2067,2064
2066,2168
2048,2007
2034,2084
2032,2023
2020,1984
2024,2103
2005,2020
2008,2029
2002,2079
1995,2012
1993,2089
1989,2065
1978,2080
1976,1943
1968,2036
1961,2104
1956,2091
1951,2030
1937,2066
1944,2027
1937,2081
1929,2069
1939,2025
1932,2071
1929,2059
1940,2029
1936,2110
1944,2046
1956,1991
1954,2122
1965,2081
1977,2069
1979,1977
1981,2063
1992,2043
1990,2080
2003,2040
2007,2062
2007,2043
2011,2017
2022,2101
2027,1975
2041,2067
2042,2068
2067,2011
2072,2071
2080,2056
2083,2032
2090,2013
2105,2071
2091,2027
2116,2085
2117,2046
2133,2001
2131,2007
2150,2003
2152,2037
2156,2079
2165,2019
2169,2107
2184,2017
2192,2047
2201,2072
2200,2033
2207,2093
2199,2070
2200,2096
2193,2044
2192,2040
2186,2025
2168,2036
2167,2048
2163,2029
2147,2093
2139,2007
2121,2025
2120,2071
2124,1978
2119,2028
2119,2003
2112,1999
2109,2056
2109,2069
2096,2045
2091,2041
2088,2052
2074,2035
2063,2047
2051,2027
2032,2086
2015,2080
1995,1952
1993,2022
1976,2003
1972,2068
1965,2085
1952,1979
1955,2110
1949,1998
1949,2027
1951,2056
1952,2040
1947,2067
1949,2063
1951,2019
1941,2076
1949,2037
1953,2001
1940,1999
1945,2043
1946,2034
1949,2074
1949,2005
1952,2067
1955,2073
1965,2112
1979,1969
1978,2030
1990,2080
2008,2012
2004,2065
2005,2055
2006,2023
2009,2068
2024,2083
2029,1955
2040,2040
2055,2044
2057,2030
2071,2073
2081,2055
2087,2058
2099,2093
2108,2080
2117,2064
2128,2019
2145,2035
2139,2064
2144,2038
2156,2041
2155,2067
2156,2061
2149,2075
2164,2015
2169,2035
2173,2028
2167,1982
2167,2027
2181,2063
2187,2065
2189,2008
2183,2045
2185,2027
2189,2068
2188,2072
2190,2080
2187,2048
2170,2009
2171,2061
2161,2020
2153,2080
2133,2031
2137,2075
2119,2064
2112,2020
2109,2015
2104,2040
2089,2067
2089,2079
2080,2040
2065,2106
2060,2013
2041,2056
2040,2017
2027,2025
2029,2025
2017,2056
2003,2040
1987,2009
1992,2031
1979,2044
1984,2037
1981,2069
1968,2058
1971,2039
1962,2019
1954,2067
1953,2033
1951,2067
1950,2017
1945,2063
1944,2047
1947,2053
1947,2028
1948,2003
1943,2060
1955,2025
1952,2035
1960,2010
1969,2041
1977,2071
1984,2023
1987,2030
1997,2069
2002,2063
2016,2023
2020,2024
2028,1993
2034,2043
2039,2040
2056,2041
2055,2080
2069,2009
2067,2018
2075,2075
2088,2040
2091,2043
2105,2053
2116,2019
2115,2028
2125,2071
2133,2048
2148,2005
2153,2039
2160,2057
2160,2027
2174,2017
2188,2051
2184,2033
2194,2056
2205,2037
2202,2033
2210,2040
2215,2033
2209,2035
2211,2048
2212,2043
2212,2019
2208,2063
2195,2080
2191,2035
2187,2053
2184,2056
2171,2069
2171,2016
2163,2035
2158,2039
2151,2065
2145,2088
2135,2044
2123,2080
2125,2065
2107,2003
2097,2025
2089,2048
2073,2088
2075,2028
2072,2065
2056,2019
2040,2105
2027,2065
2019,2062
1997,2089
1992,2084
2001,2036
1984,2035
1976,2035
1971,2057
1973,2071
1964,2047
1961,2015
1961,2005
1955,2027
1959,2019
1965,2039
1962,2044
1960,2063
1963,2041
1969,2056
1956,2013
1965,2003
1955,2076
1970,2008
1969,2021
1976,2075
1976,2054
1993,2006
1992,2088
2005,2005
2014,2009
2020,2075
2027,2036
2040,2075
2041,2096
2059,2072
2057,2031
2070,2073
2083,2072
2089,2058
2107,2046
2113,2039
2120,2057
2132,2060
2131,2080
2143,2011
2145,2011
2159,1996
2155,2005
2168,2067
2185,2043
2184,2043
2196,2058
2202,2027
2209,2007
2203,2063
2209,2088
2208,2071
2211,2039
2215,2073
2215,2018
2204,1993
2203,2032
2197,2080
2200,2029
2189,2044
2181,2085
2184,2036
2172,2019
2153,2013
2153,2037
2151,2091
2139,2055
2136,1988
2125,2079
2120,2009
2101,2063
2096,2046
2090,2094
2073,2075
2071,2077
2066,2027
2058,2056
2039,2024
2032,2033
2018,2071
2011,2019
2007,2055
2004,2079
2000,2071
1984,2023
1979,2023
1976,2076
1965,2024
1957,1979
1960,2051
1953,2028
1957,2059
1947,2091
1947,2039
1947,2054
1961,2045
1955,2067
1964,2015
1969,2044
1969,2091
1976,2075
1977,2033
1979,2007
1984,1986
1992,2045
1997,2053
2002,2083
2008,2073
2018,2027
2011,2066
2028,2032
2040,1993
2044,2019
2043,2016
2059,2093
2065,2071
2077,2054
2091,2071
2101,2033
2108,2085
2120,1979
2123,2064
2130,2008
2136,2074
2146,2042
2153,2041
2160,2017
2168,1943
2171,2067
2181,2007
2183,2066
2185,2032
2194,2071
2189,2073
2199,2071
2206,2013
2203,1975
2191,2012
2199,2056
2195,2043
2196,2038
2200,2039
2189,2055
2186,2054
2173,2088
2163,2112
2164,2021
2159,2028
2155,2019
2149,2065
2141,2063
2133,2055
2123,2083
2120,2024
2112,2045
2104,2065
2089,1997
2087,2020
2075,2048
2068,2057
2068,2067
2047,1975
2038,2091
2027,2056
2033,2105
2029,2053
2012,2010
2011,2073
2000,2065
1996,2068
1981,1986
1979,2012
1961,2063
1971,2085
1963,1991
1964,2043
1961,2009
1952,2019
1947,2051
1953,2075
1960,1993
1958,2011
1957,2061
1959,2095
1968,2029
1974,2036
1973,2007
1983,2048
1980,2043
1994,2041
1995,2039
2009,2037
2005,2120
2011,2105
2021,2042
2034,2045
2043,2063
2042,2028
2060,2023
2048,2025
2069,2153
2081,2092
2089,1972
2102,1971
2104,1946
2116,1989
2124,2005
2121,2171
2133,2112
2144,2063
2160,2019
2157,2039
2171,2053
2183,2138
2187,2156
2194,2072
2199,2003
2203,1975
2205,2035
2205,2105
2215,2088
2222,2093
2210,2072
2215,1973
2213,2022
2196,1971
2207,2019
2196,2099
2184,2095
2181,2025
2175,2012
2160,2088
2160,2008
2150,1991
2156,2088
2137,2089
2135,2108
2139,2151
2137,2024
2129,1979
2117,1981
2105,1977
2100,1965
2095,2073
2075,2009
2063,2095
2041,2088
2033,2027
2028,1961
2008,2017
2005,2084
1999,2039
2000,2106
1995,2021
1980,2100
1982,2007
1976,1996
1987,1895
1983,2062
1978,2005
1971,2045
1969,2015
1972,2091
1963,2078
1956,2021
1961,2068
1958,1995
1959,2043
1960,2042
1957,2099
1973,1979
1971,2045
1986,1969
1998,2045
2008,2058
2007,1905
2015,2063
2023,2168
2041,2138
2035,1994
2043,2005
2060,1947
2056,2118
2070,2065
2071,2067
2079,2019
2089,2056
2099,1996
2111,2077
2124,2077
2136,1867
2152,2109
2155,2035
2157,2058
2163,2031
2180,1945
2183,2080
2185,2143
2185,2077
2195,2043
2187,2063
2201,2104
2207,2092
2210,1995
2215,1971
2216,1925
2223,2087
2219,2063
2215,2151
2223,2008
2219,2035
2214,2063
2204,2069
2187,2053
2183,2037
2173,2025
2155,2056
2151,2110
2143,1976
2128,1997
2118,2037
2113,2074
2109,2024
2113,2015
2103,2111
2099,2031
2096,2027
2093,2010
2083,1977
2072,2124
2065,1948
2055,2060
2032,2186
2022,2065
2001,2075
2003,2041
1975,1956
1978,2063
1968,1981
1967,1995
1957,2009
1962,1988
1960,2102
1966,2091
1960,2029
1966,1984
1969,2206
1973,2092
1973,2083
1959,2027
1963,2028
1966,2099
1965,2012
1974,1964
1979,2031
1972,2131
1994,2025
1987,2011
2007,2017
2006,2106
2011,2068
2024,2008
2022,2024
2025,2078
2033,2060
2037,1998
2040,1925
2048,2101
2072,2145
2073,2091
2088,1975
2114,1979
2108,2075
2132,1944
2137,2026
2157,1933
2152,2103
2159,2063
2168,2093
2176,2072
2181,2068
2173,2040
2187,1893
2171,2002
2175,1903
2191,2103
2179,2168
2183,2118
2187,2022
2196,2025
2188,1993
2205,2009
2209,2072
2212,2039
2204,2063
2207,2131
2202,2031
2195,2075
2189,2120
2184,1951
2170,2021
2156,1960
2149,2123
2135,2063
2137,2009
2115,2009
2120,2079
2105,2199
2105,1956
2096,1928
2088,1967
2086,1991
2073,2160
2069,1963
2053,2130
2041,2065
2031,2011
2009,2009
2015,2023
2007,2109
2001,1988
1994,2083
1976,1942
1978,2160
1971,2103
1978,1973
1973,2010
1971,2039
1973,2021
1974,2072
1972,2115
1963,2024
1959,2232
1955,2111
1952,2011
1947,2063
1957,2043
1957,1949
1963,2039
1978,1979
1983,2043
2003,2137
2001,1945
2021,2009
2027,2064
2035,2163
2040,2120
2048,2136
2063,1895
2043,2068
2058,1958
2063,2009
2068,1952
2069,2235
2080,2133
2087,1980
2091,2002
2107,1911
2128,2091
2137,1933
2155,1984
2158,2105
2160,2079
2173,2037
2185,1895
2193,2016
2199,2092
2197,2203
2202,2109
2204,2097
2200,2041
2209,1972
2204,1983
2214,1989
2208,2067
2201,1982
2208,2011
2205,2075
2196,2067
2196,2110
2194,2040
2179,1993
2176,2099
2167,2065
2157,1958
2159,2122
2148,2041
2137,2063
2125,2171
2121,2047
2128,2055
2121,1981
2109,1951
2112,1956
2105,2140
2102,2030
2084,2003
2083,2135
2060,2071
2037,2056
2023,1992
2015,2113
2000,1992
1979,2208
1965,1968
1957,2096
1957,1960
1949,2043
1945,2100
1944,2131
1950,1969
1947,1912
1961,2041
1965,2064
1987,1848
1978,1962
1988,2070
1984,2135
1980,2041
1977,2075
1963,2229
1961,2072
1957,2029
1953,2080
1952,2199
1954,2027
1960,2220
1963,1953
1971,2038
1988,1993
1999,2024
2012,2181
2028,2085
2043,2079
2066,2056
2072,1943
2084,1704
2089,2068
2120,1871
2121,2023
2123,1927
2119,2093
2116,2203
2132,2073
2117,1896
2123,1961
2120,1964
2124,1954
2135,2015
2134,2075
2147,2187
2160,2171
2165,2089
2173,2001
2169,1955
2191,2011
2201,1999
2213,2072
2224,2085
2223,2067
2217,2068
2220,2076
2208,1902
2201,1979
2200,1980
2190,2161
2171,1965
2168,2042
2160,2099
2143,2000
2133,2124
2135,1897
2138,1965
2123,1959
2120,2083
2110,1907
2108,2044
2102,2162
2085,2152
2080,2125
2073,2149
2079,2008
2047,2071
2042,2039
2024,1965
2009,2029
2019,2129
2007,2131
2005,2060
2004,2161
1990,1991
1994,2066
1984,1719
1976,2056
1975,1997
1965,2003
1968,2115
1945,1981
1943,1909
1942,2021
1929,2088
1924,2075
1925,1952
1944,1966
1949,1953
1949,2122
1956,1996
1971,2021
1991,2246
2008,2143
2012,2017
2015,2080
2024,1956
2021,2016
2027,1996
2027,1967
2028,1958
2026,2075
2017,2037
2024,2048
2023,2016
2030,2071
2035,1988
2037,2005
2068,2056
2070,1960
2095,2153
2110,2156
2129,2057
2144,2063
2152,2132
2161,2041
2170,1767
2168,2261
2175,2118
2173,2084
2181,2032
2168,1920
2182,1923
2182,1980
2179,2077
2184,1912
2190,2232
2179,2156
2179,1864
2184,1955
2188,2160
2184,2127
2184,2042
2172,2143
2154,1995
2154,2072
2151,1979
2144,1923
2140,2072
2133,2128
2141,2041
2152,1971
2131,1964
2135,1963
2131,1903
2124,2076
2120,2031
2096,2104
2076,2046
2059,1965
2054,2183
2021,2075
2000,2197
1981,1854
1963,2048
1962,2184
1959,2201
1960,2011
1975,1844
1971,2133
1977,2091
1979,2012
1987,1874
2003,2123
2001,2099
2000,2176
2000,1974
1976,1925
1963,2247
1955,2041
1947,2289
1929,1993
1930,2147
1917,1861
1907,1907
1918,2162
1931,2156
1959,2055
1965,2027
1982,2155
1979,1889
1997,2032
2009,1984
2026,1862
2040,1835
2037,1991
2053,2083
2055,2159
2066,2157
2071,1897
2070,2076
2090,2116
2099,1846
2099,2152
2115,2008
2127,2267
2134,2007
2141,2072
2139,2077
2131,2114
2129,2235
2139,1900
2134,1907
2148,2103
2144,2261
2152,2063
2158,1946
2163,1975
2186,2088
2197,2182
2216,1800
2224,1865
2227,2243
2233,2118
2221,1749
2221,2024
2217,2069
2216,2171
2197,1932
2163,2058
2154,1843
2130,2203
2116,1913
2097,1944
2091,2225
2078,2265
2080,2136
2085,2024
2087,2009
2095,1957
2104,2022
2099,1893
2104,1827
2091,1997
2095,2021
2083,2067
2069,2084
2037,1993
2020,1817
1991,1848
1988,1908
1964,1748
1960,1869
1943,1999
1946,1877
1939,2083
1947,2197
1957,1959
1963,2135
1971,2125
1972,2030
1970,1912
1949,2237
1952,2063
1947,1897
1949,2155
1931,2198
1927,2267
1935,2028
1943,2017
1953,2085
1976,2023
1987,2043
2006,1817
2007,1888
2027,2089
2040,2000
2040,2281
2031,1912
2032,1927
2026,2039
2027,2099
2027,1773
2035,2009
2043,2270
2042,2144
2055,2224
2071,1958
2088,1851
2097,1889
2119,1908
2144,1743
2153,1768
2168,2083
2176,2003
2179,2032
2191,1750
2187,2146
2172,1983
2184,1916
2157,1907
2154,2094
2156,2063
2160,2168
2157,2063
2160,2109
2174,2119
2179,1901
2200,1789
2205,1951
2215,2135
2220,1848
2216,2140
2204,1971
2193,2199
2184,1887
2153,1999
2144,2147
2110,2067
2093,2343
2085,1908
2068,1972
2063,1799
2068,2108
2063,1833
2071,2040
2065,2205
2072,1916
2076,2063
2072,2064
2057,1937
2037,2065
2022,1944
2007,1902
2001,1997
1978,2236
1963,2391
1960,2203
1941,2227
1940,1907
1943,1949
1937,1958
1952,1901
1955,1905
1952,2199
1960,2457
1963,1811
1952,2337
1956,2215
1945,2173
1924,2085
1935,2046
1912,1659
1907,2278
1926,2103
1923,2016
1939,2129
1948,1991
1968,2135
1995,1925
2010,2111
2028,1713
2053,2012
2060,2157
2065,1879
2057,1820
2063,2091
2056,2229
2051,2058
2036,2105
2037,1851
2034,2040
2038,1975
2054,2130
2067,1911
2071,2250
2087,2119
2114,1964
2139,2119
2163,1740
2176,2187
2197,2043
2201,2090
2195,2243
2204,2385
2202,1927
2185,1940
2175,2087
2168,1913
2173,2044
2162,2048
2165,1957
2151,2016
2165,2395
2169,1951
2181,1863
2189,2301
2181,2281
2181,2271
2176,1936
2165,2073
2151,1769
2136,2092
2115,2215
2101,1973
2093,2277
2080,1587
2053,2297
2067,1821
2063,2088
2069,2030
2068,1821
2056,2104
2068,1994
2071,1923
2063,1889
2048,2201
2023,2159
2009,2096
2009,1900
1981,2119
1967,2198
1952,2083
1938,2071
1947,2078
1941,1974
1923,2072
1933,1993
1944,1979
1952,2181
1953,1808
1963,1977
1958,1879
1968,2351
1978,1859
1959,2012
1960,1937
1958,2091
1953,2090
1958,2295
1953,2463
1949,2167
1961,2096
1969,1697
1992,1719
1991,1848
2020,2112
2043,2204
2057,2297
2063,2092
2083,1899
2069,1983
2085,1894
2073,2019
2080,1981
2078,1935
2069,1960
2076,1875
2071,2254
2083,2087
2101,1776
2108,1979
2131,1945
2137,1961
2148,2154
2176,1901
2189,2107
2207,2378
2208,1987
2213,2055
2214,2117
2201,1800
2203,1997
2206,1719
2205,2063
2195,1912
2185,1768
2165,2027
2165,2046
2151,1956
2163,2014
2171,1973
2160,1895
2163,2225
2153,1901
2156,1901
2152,2149
2139,2167
2135,2258
2126,2236
2111,1835
2091,1835
2075,2128
2072,2016
2072,2231
2063,1889
2063,2144
2052,2223
2053,1960
2064,1879
2052,2347
2031,2104
2024,2021
2024,2035
2003,1831
1974,2017
1959,2043
1917,1853
1917,1965
1923,2105
1912,2137
1918,1996
1903,1939
1911,2221
1929,2201
1927,2140
1962,2317
1974,2169
1971,1945
1984,2147
1975,1888
1982,1829
1975,1837
1978,2114
1980,2318
1980,2085
1964,2292
1961,2117
1967,2125
1973,2268
1982,1909
1994,1993
1988,2001
2002,2591
2029,2258
2043,1889
2055,2117
2066,2008
2077,2013
2095,1813
2087,1843
2100,2237
2107,2108
2109,2121
2128,1995
2132,1953
2131,2183
2153,2165
2152,1969
2173,2040
2180,2004
2180,1955
2188,1927
2192,1907
2192,2135
2189,2259
2183,1744
2181,1797
2175,2132
2168,2147
2157,1810
2159,2009
2149,1655
2147,2112
2146,2009
2158,2033
2149,1706
2159,2504
2161,2153
2153,1953
2150,2016
2143,1591
2137,2071
2138,2027
2124,2081
2108,1975
2088,2232
2066,2068
2045,1881
2027,1982
2032,1934
2011,2332
1981,2200
1979,2415
1981,2055
1975,2219
1983,2011
1976,1756
1977,2220
1977,2463
1975,1965
1961,1782
1945,2081
1948,1956
1941,2373
1945,2264
1932,1879
1929,2354
1917,2660
1925,1960
1927,1642
1923,2073
1944,1944
1941,2134
1959,2169
1957,1931
1956,1992
1943,1913
1952,1974
1963,1768
1961,2100
1976,2097
1973,2075
1979,1951
1988,1865
1997,1605
1989,2033
2017,1979
2011,1781
2040,2009
2040,2153
2060,1965
2080,2151
2083,2402
2095,1686
2108,2257
2109,2452
2108,2607
2116,1920
2120,2424
2115,2063
2131,1851
2136,1995
2145,1768
2135,2000
2150,2378
2164,2007
2184,1897
2190,1802
2185,2039
2200,1953
2194,2249
2200,2160
2195,1977
2183,2173
2192,1938
2183,1837
2163,1907
2153,1912
2146,1973
2147,1935
2143,2090
2125,2068
2136,1915
2135,2465
2124,1511
2136,1734
2128,2020
2103,2041
2118,1606
2099,2005
2088,1891
2077,2383
2073,2111
2063,1863
2043,1888
2015,2193
2011,1848
2008,1866
1983,2088
1981,2228
1975,2264
1964,2123
1975,1933
1959,1955
1958,2044
1952,2270
1939,1919
1949,1982
1955,2145
1939,2167
1949,1841
1951,1972
1939,2231
1947,2073
1944,2255
1950,2084
1960,2191
1956,2248
1949,1991
1965,1627
1976,2009
1980,2139
1973,2025
1971,2141
1980,2141
1976,2403
1984,1847
1971,2258
1983,1887
1988,2319
1989,2209
2001,2213
2008,2077
2026,2359
2053,2194
2065,1902
2089,2096
2103,1815
2119,1946
2133,2032
2138,2225
2152,2069
2152,2571
2144,2395
2134,2031
2145,2459
2147,2216
2147,1675
2154,1627
2149,2089
2154,1920
2160,2311
2170,1767
2169,1656
2184,1851
2182,1984
2191,2157
2190,1960
2173,2411
2191,2083
2172,2583
2176,1895
2164,2087
2166,2012
2152,2595
2156,2347
2152,2077
2151,2074
2150,2107
2133,2216
2121,2029
2125,2040
2116,1943
2101,2504
2100,2091
2067,2024
2066,1887
2037,2427
2021,2344
2015,2203
2000,1861
1995,2015
1981,2421
1980,2261
1973,2292
1992,1903
1972,2593
1980,2072
1972,1945
1973,1829
1983,2373
1975,2087
1980,2006
1975,1819
1975,2009
1943,2213
1940,1856
1923,2253
1912,1887
1901,2193
1901,2313
1914,1847
1913,1687
1928,1799
1938,2137
1952,1756
1966,2201
1971,2026
1984,2053
1996,2283
1994,2176
2007,2080
2013,2066
2015,1835
2003,1916
2021,2120
2012,1867
2015,1920
2021,1935
2027,2341
2060,1939
2070,2136
2087,1754
2105,1969
2100,2222
2121,2059
2131,2043
2139,2313
2143,1631
2145,1983
2149,1968
2143,1747
2149,2037
2151,2277
2151,1897
2160,1937
2162,1972
2157,1686
2157,1983
2155,2147
2151,1931
2184,2012
2187,2080
2196,1832
2191,1819
2177,1856
2161,1579
2171,2098
2152,1835
2149,1451
2142,2101
2119,1973
2101,2115
2105,2299
2100,2333
2101,1676
2083,1619
2072,2388
2076,1967
2071,1817
2056,1997
2044,2377
2045,1805
2042,2104
2019,1736
2004,1555
2008,2019
1982,2200
1965,1860
1957,2195
1944,2539
1939,1820
1944,1660
1936,1937
1940,2033
1929,2216
1940,2368
1943,1876
1943,1933
1952,2072
1949,2125
1937,2190
1931,2440
1927,2363
1928,2228
1923,1944
1911,2355
1930,1708
1929,1612
1931,2063
1914,1687
1942,2072
1948,2304
1953,2031
1965,1639
1975,1992
1984,1943
2005,2071
2015,2489
2031,2502
2045,1905
2052,2309
2053,2136
2059,2097
2056,1803
2070,2127
2071,2299
2083,2311
2094,1883
2092,1896
2101,1947
2100,2360
2108,2624
2117,1823
2119,1944
2121,2022
2136,2149
2143,1981
2147,2084
2153,1765
2173,2161
2184,1976
2193,1931
2189,1719
2183,1692
2200,1649
2195,1868
2185,2407
2176,2055
2156,2396
2152,1864
2152,2023
2142,2451
2135,2277
2112,1628
2101,2208
2099,2125
2104,1825
2073,2304
2088,2047
2079,1656
2085,2427
2093,1961
2087,2183
2088,2592
2077,2312
2059,2233
2054,2828
2035,1893
2015,2148
2013,2003
1993,1512
1979,1925
1978,1956
1955,2167
1959,1963
1942,2039
1941,1928
1930,2091
1927,1837
1924,2062
1932,2235
1927,2096
1950,2148
1939,2169
1947,2001
1944,2108
1927,2195
1945,2254
1941,2208
1955,2574
1961,2075
1968,2010
1965,1829
1981,1688
1968,2065
1973,2064
1977,2153
1978,2289
1981,2100
1980,1992
1973,2116
1982,1995
1989,1724
1991,2215
2007,1512
2018,1888
2029,2107
2057,2008
2072,1980
2089,2026
2097,2320
2106,2063
2121,1956
2145,2089
2158,1995
2168,2403
2163,2579
2161,1745
2160,1755
2156,2329
2155,1829
2144,1813
2148,2254
2136,1733
2131,2039
2133,2109
2144,2097
2164,1948
2166,2359
2166,1915
2176,2010
2180,2233
2168,2004
2186,2217
2173,2607
2187,2287
2181,2221
2173,2073
2167,1923
2151,1915
2141,2427
2140,2157
2111,2313
2110,1829
2088,1915
2071,2246
2057,2163
2041,2258
2036,1879
2024,2142
2005,2023
2004,2152
1995,2695
1984,2147
1975,2371
1982,2359
1975,1804
1982,1560
1979,1733
1975,1607
1979,2170
1981,2279
1982,1911
1977,1947
1963,2001
1955,1975
1962,2199
1943,1971
1936,1773
1932,2166
1901,1885
1909,1943
1907,2106
1906,2632
1896,2096
1904,1935
1907,2165
1929,1879
1942,2117
1944,1688
1970,1785
1993,1846
1998,2487
2011,2007
2011,1723
2030,2220
2036,1931
2031,1719
2039,2199
2040,2084
2045,2039
2063,1976
2066,1795
2068,1952
2077,2051
2071,2405
2069,2163
2086,2435
2087,1669
2089,2063
2095,2135
2107,2195
2139,1800
2136,2105
2155,2299
2155,1817
2158,2363
2179,1797
2189,1661
2196,1529
2195,1885
2199,1883
2193,2058
2201,2516
2190,1713
2172,1932
2176,2228
2163,1898
2147,1469
2141,1961
2112,1379
2099,1552
2096,2486
2091,1693
2098,1597
2084,2160
2094,1603
2091,2159
2091,2488
2088,1989
2092,2583
2092,2461
2079,2403
2075,1905
2065,2428
2048,1907
2029,2158
2018,2234
1996,2235
1980,1920
1957,2264
1947,2095
1939,1566
1915,2506
1928,1925
1925,1872
1915,1837
1923,2112
1933,1943
1939,2347
1952,2469
1941,1746
1944,2131
1948,1664
1931,2016
1939,1671
1933,2201
1936,2232
1943,2101
1938,2382
1927,2291
1944,1633
1945,2077
1951,1768
1963,1632
1970,2149
1980,2099
1990,1609
1992,2248
2005,2289
2014,1725
2024,2203
2033,1866
2029,1820
2039,2204
2053,2155
2041,2054
2060,2098
2075,2420
2094,2021
2104,2119
2112,2090
2109,2332
2134,2071
2139,1800
2139,2138
2145,1717
2147,2115
2147,2033
2152,1795
2145,1952
2152,1852
2155,1951
2149,1864
2160,1812
2162,2143
2160,2289
2176,2464
2169,1887
2175,2207
2169,2041
2171,1984
2173,1639
2189,1783
2169,2323
2173,1928
2156,2405
2136,2409
2127,2334
2097,2456
2079,2271
2081,1947
2075,2045
2058,2005
2053,1928
2039,1937
2036,2428
2038,1931
2046,2249
2041,2163
2044,1973
2030,1976
2021,2025
2003,1859
2000,1705
2003,2030
1989,1838
1967,1887
1951,2184
1939,1836
1940,1898
1938,2021
1932,1927
1923,2024
1928,2271
1924,2264
1931,2232
1929,2331
1935,2377
1941,1722
1946,2179
1946,2260
1941,1671
1947,2147
1941,2538
1957,1726
1967,1664
1961,2581
1968,1883
1974,2469
1976,2131
1980,1704
1995,2097
2000,1945
2015,2043
2027,2403
2015,2344
2020,2535
2029,1688
2032,2209
2041,2435
2065,1704
2055,1768
2065,2431
2075,1353
2065,2053
2090,2725
2099,1912
2101,2331
2123,2656
2129,1928
2140,1831
2168,2090
2168,1849
2184,2223
2187,2643
2188,2208
2204,1952
2176,2497
2164,1757
2160,1960
2168,2147
2147,1824
2138,1755
2128,1812
2125,1607
2136,1626
2130,2315
2117,1943
2133,1963
2144,2120
2137,2069
2140,1737
2120,2088
2127,2009
2118,2233
2108,2033
2100,1313
2075,1663
2063,2331
2041,2113
2040,2021
2021,1865
2007,2197
2007,1905
1997,2592
1997,1693
1977,2075
1964,1735
1960,1920
1955,1751
1949,2156
1944,1859
1917,1541
1934,2063
1919,1987
1933,1697
1913,2447
1908,1902
1923,2025
1939,2643
1939,2361
1937,1817
1917,2297
1930,2513
1946,2148
1937,2072
1943,2383
1949,1453
1940,2685
1953,2210
1951,1349
1931,1881
1948,2189
1948,1952
1943,2092
1965,1994
1947,1824
1969,2299
1979,2333
2005,2167
2024,1960
2044,2123
2048,2059
2081,1501
2095,2027
2091,1769
2103,1725
2104,2027
2112,2105
2122,1244
2101,1957
2109,1938
2111,1559
2120,2329
2136,2465
2123,2401
2119,2056
2143,2515
2147,2003
2165,2103
2169,2122
2180,2132
2185,2066
2193,2703
2185,2128
2192,1781
2186,2473
2171,1521
2184,1835
2168,1917
2145,1721
2144,1843
2135,2824
2140,2427
2136,1847
2124,2153
2121,1547
2103,2379
2107,2056
2104,2189
2087,2136
2071,1874
2073,1557
2063,1331
2043,1766
2047,1277
2026,2385
2016,1998
2011,1880
1991,2373
1988,1711
1997,1336
1973,2204
1974,2398
1968,1865
1963,2317
1962,2208
1947,1321
1954,2301
1951,2136
1937,1852
1944,2057
1911,2477
1913,1128
1913,2019
1904,2198
1905,1747
1909,2085
1908,2363
1932,2169
1932,2159
1943,2712
1946,1572
1949,1927
1960,1952
1970,1690
1973,1763
1977,2277
1988,2007
1994,1850
1999,2721
2007,1832
1992,2171
2004,2392
2017,1871
2015,2172
2029,2472
2037,2106
2043,1841
2072,2502
2081,2661
2084,2007
2108,2403
2117,2022
2128,1673
2131,1916
2135,1466
2144,1078
2144,1989
2143,2012
2160,1763
2153,2560
2155,1929
2160,1656
2155,1976
2176,2019
2168,1788
2165,2355
2176,1960
2171,2121
2171,2311
2176,1650
2168,1835
2163,2015
2161,1795
2147,1802
2143,2084
2132,1888
2115,2224
2106,1661
2120,1833
2103,2140
2099,1859
2101,1838
2105,1807
2091,1756
2087,2075
2075,1979
2071,1919
2063,2059
2048,2327
2033,1956
2021,1951
1995,2383
1992,1778
1963,2085
1963,2641
1958,1975
1941,2019
1948,2456
1937,1513
1937,2142
1937,1976
1937,1975
1953,2139
1949,1972
1940,1693
1958,1885
1956,2237
1950,1716
1949,1933
1947,1932
1937,2421
1939,1636
1918,1844
1923,1472
1932,2395
1935,2176
1927,2092
1937,2216
1941,2329
1955,2162
1960,1911
1976,1940
2000,2127
2004,2509
2004,2324
2026,1953
2022,2045
2054,2048
2063,1932
2076,2456
2067,2075
2077,1545
2081,2258
2079,1404
2080,2031
2079,1975
2071,2507
2080,1321
2067,2565
2101,1947
2107,1959
2136,2389
2143,1881
2154,2528
2170,2069
2179,2003
2179,1677
2185,2153
2192,2032
2188,1993
2192,2404
2174,1539
2158,2597
2158,2377
2147,2216
2156,2024
2145,1875
2136,1691
2140,2392
2135,2673
2128,2195
2131,2261
2122,1784
2091,2355
2108,2328
2107,1777
2091,1612
2091,2019
2081,2308
2060,2024
2057,2136
2034,1464
2025,2367
2025,2385
2008,1968
2001,2236
1996,2166
1986,2069
1979,2307
1971,1912
1968,1843
1965,2039
1961,2565
1948,1623
1925,2335
1923,2247
1917,2134
1909,1680
1899,2008
1905,2133
1899,2304
1897,2550
1912,1239
1903,1428
1933,1736
1941,1976
1944,1981
1951,2595
1956,1531
1953,1912
1963,2360
1949,1088
1959,2204
1961,2687
1962,2130
1983,2021
1975,2277
1977,1526
1982,2111
1980,2060
1982,1715
2005,2375
2012,2487
2024,1675
2035,2257
2044,2067
2059,1290
2080,2510
2106,2041
2110,1833
2121,2576
2121,1335
2135,1239
2135,2720
2136,1995
2143,2065
2152,2341
2139,1967
2153,2344
2157,2520
2160,1753
2160,1274
2145,2273
2162,2117
2159,2179
2149,1624
2143,1785
2162,2127
2129,2329
2151,2005
2150,1459
2152,2092
2157,2346
2147,1936
2161,1993
2152,2055
2141,2408
2147,1943
2126,1507
2123,1803
2104,1991
2088,1965
2056,1864
2052,1964
2039,2301
2035,2528
2020,2302
2019,2025
1993,2330
2003,2069
1991,1620
1984,1728
1984,1975
1979,1956
1973,2133
1968,2288
1950,1869
1955,1828
1943,2507
1942,1664
1940,1667
1935,2092
1931,1422
1943,1804
1928,1909
1931,1760
1942,2047
1923,2490
1943,1899
1940,1984
1941,2187
1931,1800
1929,2215
1935,1970
1919,2201
1933,2123
1941,2222
1952,1913
1961,2257
1976,1987
1977,2473
1995,2118
2013,2477
2032,2630
2042,1990
2053,2009
2060,2076
2065,2283
2072,2072
2070,2380
2071,1288
2067,2372
2071,2515
2071,2332
2095,1637
2094,2004
2106,2484
2101,2368
2108,2549
2121,2255
2138,2452
2153,2716
2171,2160
2176,1640
2183,1825
2168,2057
2179,2025
2188,1803
2196,1892
2176,2236
2176,1875
2168,1691
2164,1812
2143,2056
2160,2216
2136,2074
2154,1607
2151,2053
2134,2235
2133,2119
2133,2072
2122,2201
2107,2187
2091,2141
2082,1911
2073,1973
2062,2552
2043,2121
2029,2482
2039,2039
2039,1961
2027,2245
2027,1827
2026,1825
2015,2093
2009,2065
2015,1792
2004,2240
1982,2275
1980,1991
1958,2405
1946,2540
1929,2381
1907,1815
1901,1835
1896,1787
1895,2327
1905,1715
1900,1827
1900,2504
1906,2635
1911,2147
1911,2297
1928,1977
1947,1851
1949,2381
1965,1723
1960,1976
1949,2287
1960,1755
1963,1792
1973,2066
1966,2107
1964,1975
1954,2255
1959,2320
1953,2108
1983,2093
1979,2248
1995,2612
2025,2732
2032,1639
2067,1495
2071,2024
2074,2221
2070,1953
2083,1943
2081,1627
2092,1976
2087,1425
2087,1576
2103,2164
2115,2124
2147,1939
2144,2216
2153,1907
2165,1951
2160,2550
2174,1976
2168,2232
2163,1996
2175,1832
2167,2377
2155,1871
2155,1832
2149,2173
2151,2219
2139,2144
2137,1875
2136,2227
2100,2672
2120,1996
2125,1737
2119,2636
2128,2168
2121,2372
2119,1746
2118,2200
2101,2285
2094,1485
2072,2235
2064,2011
2053,1702
2045,1670
2037,2016
2026,1973
2001,2778
2003,2172
1995,1696
1991,2471
1979,2009
1972,1900
1961,2359
1941,2123
1943,1801
1938,2688
1937,1545
1932,1889
1928,2304
1911,2126
1916,2181
1908,2029
1917,1949
1915,2141
1901,2288
1909,1416
1912,2264
1917,2677
1930,1948
1941,2157
1937,1968
1944,2105
1949,1863
1947,1808
1961,1573
1962,2051
1973,2127
1969,2031
1975,2189
1973,2103
1969,1853
1975,2151
1984,2394
1992,2119
1997,1964
2010,2115
2025,2469
2036,1991
2064,1879
2083,1917
2098,2039
2099,2045
2110,1920
2104,1892
2108,2123
2107,2289
2119,2136
2128,1813
2140,1692
2137,1800
2149,1972
2159,2106
2164,1902
2176,1907
2172,2488
2168,2153
2166,1465
2167,2056
2160,2007
2161,1981
2153,2067
2159,1877
2152,1963
2156,2308
2156,1940
2139,1832
2135,2432
2136,1873
2124,1728
2117,2135
2103,2251
2094,1673
2096,2108
2097,2158
2087,2005
2098,2187
2087,1820
2079,2056
2077,2319
2056,2091
2048,1787
2033,2059
2017,2017
1998,2249
1984,1880
1965,1961
1960,2229
1947,2237
1946,1901
1930,2087
1932,2244
1909,2457
1917,2131
1925,1439
1933,2020
1945,2151
1945,1860
1944,1609
1939,1759
1946,2060
1941,2419
1939,1955
1952,1619
1945,2315
1945,2553
1942,2147
1936,1979
1927,2144
1923,2488
1929,2259
1939,1451
1944,1769
1959,2233
1965,2110
1984,1837
1990,1991
2007,2353
2028,2157
2045,1865
2055,1868
2064,2068
2065,2380
2068,2040
2080,1767
2066,2227
2077,2199
2092,1971
2094,1899
2103,2125
2113,2222
2121,2262
2136,2010
2140,2119
2147,2479
2151,2076
2150,2035
2163,2177
2167,2119
2163,2041
2160,1893
2160,1680
2155,2343
2163,2128
2152,1529
2157,1930
2153,2281
2157,2425
2155,1961
2143,2067
2153,2071
2147,2356
2152,1725
2148,1609
2137,2123
2128,2055
2126,1895
2107,2219
2084,2476
2081,1856
2065,2691
2048,2260
2029,1883
2032,2279
2021,1809
2017,1874
1995,1923
1991,2087
1994,1560
1987,2228
1988,1999
1977,1684
1981,2008
1971,2440
1949,2144
1944,2220
1948,2104
1929,1769
1933,2116
1933,1977
1909,1523
1911,2043
1914,2053
1899,1938
1908,1709
1903,2276
1917,2008
1930,2076
1935,2247
1939,2155
1943,2083
1948,2004
1952,1709
1941,2137
1951,2190
1929,1825
1944,1915
1956,1939
1962,1697
1957,1915
1975,1991
1975,1943
2008,1930
2019,2285
2026,2316
2044,1999
2063,2216
2067,1882
2071,1838
2076,1881
2080,1819
2099,1961
2101,2346
2096,2187
2100,1879
2112,2227
2118,2143
2115,2135
2122,2026
2129,2152
2129,1960
2139,2099
2144,1847
2160,1645
2163,2027
2176,1821
2186,2089
2189,2189
2192,2211
2181,2161
2173,2392
2166,1999
2163,1800
2157,2286
2155,1713
2149,2006
2143,2267
2133,1778
2121,1985
2117,2256
2121,1933
2108,2197
2105,2160
2083,2009
2067,2184
2056,2273
2037,1875
2035,2149
2025,2221
2007,2037
2011,2041
1987,2163
1999,1920
1995,2041
1987,2119
1999,1862
1991,2022
1988,2251
1986,1973
1981,2083
1973,2053
1964,2240
1954,2055
1935,2025
1928,1967
1905,1993
1900,1961
1897,1865
1895,2157
1884,2181
1875,2105
1896,2148
1897,2026
1908,1896
1923,1975
1939,1991
1960,2080
1961,2300
1988,1819
1998,2204
1997,2267
2008,1995
2005,1747
2007,1656
2011,1975
2008,2035
2012,2340
2009,1660
2001,2193
2010,2208
2023,2167
2027,2174
2036,2232
2043,2014
2053,2017
2075,2213
2079,1769
2096,1856
2099,2325
2117,2240
2127,1877
2136,1999
2175,2155
2185,2119
2183,1983
2183,2018
2176,2099
2179,1868
2173,2043
2165,2112
2165,1909
2168,2135
2158,2069
2153,1864
2153,1883
2155,2124
2163,2267
2147,1959
2151,2131
2139,2044
2138,1949
2123,2044
2120,2200
2120,2013
2105,2008
2105,2443
2103,2003
2097,2019
2093,1979
2094,2193
2087,2184
2076,2084
2063,1913
2044,1891
2033,2401
2016,1957
2014,1864
1989,2015
1979,2155
1966,2218
1959,2027
1950,1995
1943,2191
1928,2315
1935,1735
1939,2010
1936,2105
1943,2145
1947,1864
1943,2187
1942,2196
1941,2016
1940,1966
1931,1709
1935,2149
1931,2323
1927,1987
1915,1856
1925,2179
1911,2202
1927,1955
1933,2045
1942,1648
1948,2120
1957,2316
1968,1948
1981,1836
1998,2183
2009,2303
2020,1818
2024,1945
2037,1891
2035,1825
2044,2095
2057,1753
2045,1859
2055,2267
2058,2238
2054,1864
2069,2076
2077,2221
2080,1861
2093,1961
2104,1952
2121,1901
2136,1971
2135,2073
2146,2021
2151,2158
2159,2157
2157,1927
2165,2092
2171,2153
2171,2000
2176,2075
2181,2180
2181,2043
2184,1899
2171,1955
2173,1832
2167,1944
2157,2208
2150,1821
2136,1830
2128,1917
2112,2195
2103,2105
2099,1912
2084,2355
2087,2282
2076,2094
2071,1800
2056,2000
2057,1835
2055,2161
2057,2036
2063,1915
2045,1983
2057,2212
2039,2275
2034,1864
2026,2015
2010,2136
2009,2096
1979,1836
1965,2080
1948,2121
1937,2096
1915,1998
1907,2095
1900,2075
1897,2174
1888,1887
1891,1953
1896,2282
1899,2117
1911,1888
1928,1827
1929,2120
1940,2231
1937,2252
1947,1753
1948,1993
1951,2169
1958,2043
1957,1934
1945,1840
1952,2104
1951,2280
1961,2099
1964,1815
1959,1920
1979,2065
1979,1967
1987,1875
1993,1960
1997,2123
2011,2191
2019,2010
2025,1913
2041,2125
2045,2173
2063,1967
2072,2007
2091,2069
2096,2101
2103,2039
2115,1943
2127,2161
2141,2106
2147,2015
2144,2166
2149,2105
2155,1981
2148,1937
2151,2029
2158,1852
2150,2041
2140,1981
2148,1868
2143,2028
2148,2096
2140,2155
2149,2025
2152,2002
2147,2027
2139,2076
2144,2105
2135,1933
2146,1943
2140,2073
2124,2080
2126,2011
2102,2245
2093,1980
2080,1851
2071,1989
2055,2159
2055,2103
2024,2019
2023,2051
2015,2063
2009,2228
2008,1959
1999,1914
1989,2076
1984,2136
1984,2105
1979,2126
1991,2085
1971,2047
1971,2088
1962,2058
1952,1973
1943,2102
1936,2123
1927,2267
1912,1976
1908,2054
1909,2060
1907,2004
1896,2013
1904,1969
1911,2091
1912,1973
1917,2041
1923,1919
1937,1933
1945,2169
1944,2095
1945,1990
1966,2087
1959,2144
1977,1989
1995,2055
1984,2148
2003,2119
2009,1932
2012,2120
2008,1976
2023,1989
2021,2115
2032,1907
2034,2043
2037,2144
2055,1991
2057,1952
2063,2168
2067,2008
2069,1971
2079,2071
2084,1996
2099,2054
2112,2156
2136,1909
2137,1960
2153,2120
2157,1979
2171,1998
2176,1998
2185,2092
2194,1992
2183,2112
2184,2000
2179,1975
2165,2138
2168,2057
2165,2004
2152,2032
2143,2152
2133,2055
2129,1935
2121,2020
2103,2041
2116,2034
2098,2009
2105,2003
2095,2119
2091,2071
2097,2089
2090,1949
2083,2025
2086,2139
2072,1944
2068,1981
2055,2007
2037,2063
2024,2035
2004,2156
2007,1932
1981,1995
1979,2132
1980,2043
1960,2077
1963,2063
1957,2043
1942,2016
1939,2069
1935,2051
1925,2035
1924,2063
1914,1995
1912,2072
1907,2018
1909,2061
1896,2015
1912,2075
1915,2052
1915,2022
1919,2035
1920,2040
1925,2091
1934,2027
1929,2066
1937,2023
1951,2045
1958,2104
1963,2039
1969,2060
1970,2013
1984,2050
1982,2017
1994,2063
1992,2072
2007,2042
2003,2055
2017,1999
2020,1991
2032,2046
2040,2001
2056,2035
2068,1997
2077,2110
2083,2065
2085,2027
2099,2032
2108,2019
2112,1993
2124,2033
2119,2031
2128,2047
2133,2073
2143,2065
2140,2011
2147,2029
2153,2080
2157,2072
2160,2023
2161,2048
2160,2063
2163,2027
2163,2036
2157,2026
2145,2037
2143,2015
2132,2009
2124,2037
2116,2035
2093,2075
2089,2080
2087,2074
2083,2054
2069,2037
2065,2060
2063,1996
2056,2053
2039,2011
2041,2021
2029,2007
2028,2044
2007,2029
2008,2067
1997,2025
1992,2037
1974,2025
1975,2056
1965,2075
1957,1999
1953,2079
1932,2035
1920,2072
1909,2029
1904,2035
1901,2075
1899,2068
1900,2043
1895,2066
1891,2066
1892,2059
1895,2021
1896,2056
1896,2066
1908,2027
1899,2066
1912,2073
1919,2035
1920,2015
1923,2055
1936,2041
1935,2045
1941,2073
1952,2029
1964,2015
1970,2056
1966,2063
1978,2051
1987,2041
1992,2027
1994,2079
1995,2087
2009,2063
2015,2027
2029,2036
2032,2070
2037,2063
2063,2033
2072,2036
2079,2035
2086,2067
2101,2059
2102,2017
2120,2048
2128,2039
2135,2029
2150,2057
2152,2043
2155,2021
2153,1993
2155,2011
2160,2060
2167,2015
2159,2040
2166,2035
2164,1991
2162,2056
2155,2070
2152,2029
2143,2029
2146,2063
2144,2067
2133,1992
2136,2027
2133,1993
2118,2044
2117,2088
2106,2060
2106,2031
2099,2009
2092,2017
2080,2076
2075,2011
2052,2053
2041,2053
2041,2073
2035,2011
2026,2021
2012,2040
2008,2045
1999,2043
1996,2007
1977,2080
1973,2052
1959,2035
1949,2027
1946,2011
1939,2054
1919,2009
1917,2063
1920,2065
1913,2075
1928,2007
1923,2096
1912,2007
1925,2027
1927,2033
1924,2043
1915,2103
1931,2028
1929,2015
1931,2005
1943,2055
1944,1979
1943,2007
1947,2020
1948,2025
1955,2098
1966,2067
1968,2055
1979,2033
1977,2067
1989,2091
2003,2040
2008,2015
2017,2031
2028,2102
2032,2037
2039,2065
2057,2031
2063,2079
2077,2055
2080,2037
2083,2020
2087,2001
2091,2024
2105,2043
2112,1999
2111,2015
2124,2080
2135,2070
2133,2041
2133,2080
2148,2063
2151,2047
2164,2067
2155,2026
2164,1960
2164,2163
2163,2003
2159,2025
2160,2060
2149,2021
2144,2075
2148,2011
2140,2081
2123,2021
2128,2117
2121,2038
2116,2129
2108,1959
2107,2040
2093,2131
2083,2048
2082,2037
2074,2040
2058,2027
2059,2024
2041,2100
2038,2037
2025,1995
2020,2105
2015,2072
2007,2019
1989,2058
1984,2087
1971,2092
1966,2039
1959,2064
1949,2071
1944,2087
1928,2115
1929,2034
1924,2020
1927,2072
1926,2018
1907,2035
1924,2030
1918,2032
1910,2096
1916,2033
1923,2071
1917,2029
1912,2043
1919,2057
1923,2071
1923,2011
1927,1943
1934,2133
1934,1976
1928,2037
1938,2104
1949,2065
1960,1999
1958,2080
1975,2086
1988,2008
1993,2101
2001,2024
2007,2089
2023,2063
2027,2045
2036,1931
2035,2026
2051,2136
2063,1975
2072,2006
2076,2112
2085,1997
2089,2092
2089,1991
2103,2075
2106,1967
2109,2147
2127,2107
2123,2054
2138,2027
2137,1916
2149,2240
2157,2104
2152,1995
2160,1845
2161,2102
2157,2112
2157,1992
2151,2025
2155,2019
2157,2139
2152,2071
2153,2006
2144,2021
2144,2100
2134,2066
2121,1944
2123,1999
2115,2015
2108,2076
2089,2056
2082,2024
2067,1996
2045,2066
2065,2025
2041,2040
2029,2079
2026,2079
2024,2001
2013,1977
2006,1907
2001,2156