1973,2128
1956,2058
1949,2072
1943,1982
1931,2159
1928,2139
1936,2074
1925,2051
1932,1976
1919,2067
1920,2075
1915,1975
1905,2032
1913,2224
1911,2063
1915,1987
1913,2153
1915,1930
1930,1893
1931,2063
1932,1946
1946,2027
1947,2189
1951,1971
1960,1920
1952,2055
1957,2144
1963,2007
1978,2167
1981,2203
1992,1981
1991,2138
2007,2072
2016,2023
2023,2107
2025,2041
2033,2113
2053,2168
2058,2089
2068,1769
2076,2037
2080,1989
2087,2108
2092,2089
2107,1968
2124,1920
2139,1995
2139,2008
2153,1945
2160,1944
2157,1913
2163,2104
2161,2236
2168,2024
2168,1969
2168,2193
2151,2048
2157,1976
2160,2037
2147,2067
2140,2120
2147,2107
2138,2019
2144,1960
2143,2104
2145,2142
2135,1961
2124,1991
2123,1992
2116,1976
2105,2171
2109,2087
2088,2096
2083,2100
2073,2070
2067,2075
2039,2207
2043,2012
2029,1904
2024,2074
2006,2195
2001,2042
1994,1907
1984,2000
1977,2168
1980,2101
1968,1958
1962,1855
1947,2109
1941,2048
1944,2033
1947,1915
1938,2148
1924,2221
1915,2077
1920,1981
1923,2073
1912,2202
1938,2225
1929,2081
1915,1948
1927,2117
1929,2085
1936,1924
1943,2037
1948,2149
1945,2081
1949,2021
1941,2083
1955,2023
1962,2081
1963,1976
1985,1868
1972,1979
1991,2387
2000,1987
2016,1899
2032,1925
2040,2058
2055,2091
2069,2147
2072,2025
2075,1939
2083,2104
2092,2097
2099,2021
2102,1859
2101,1994
2105,1987
2111,2085
2115,2077
2133,2043
2153,1936
2157,2109
2151,2101
2152,2021
2162,2016
2173,2140
2187,2003
2173,2080
2180,2005
2165,2101
2163,2011
2169,2080
2161,2329
2164,2217
2163,1964
2143,1737
2144,2104
2143,2219
2137,2168
2134,1880
2130,1975
2115,2158
2112,2064
2098,2013
2085,2147
2088,2027
2076,2171
2075,1874
2063,1749
2056,1943
2035,2123
2022,1933
2018,1970
2001,2073
2007,2005
1997,2059
1993,2069
1984,1952
1977,2126
1975,2116
1968,1872
1957,1932
1952,2137
1931,2247
1929,2058
1924,2023
1928,1915
1927,1929
1913,2148
1912,2155
1909,2071
1913,1641
1917,2056
1931,2037
1937,1876
1945,1724
1951,2008
1951,2325
1949,2100
1960,1969
1952,1941
1957,2063
1958,2103
1961,2044
1955,2224
1971,1974
1973,1951
1992,2325
2006,2087
2029,1920
2033,2159
2044,2116
2055,2043
2070,2121
2076,2044
2079,1751
2083,2208
2081,1929
2091,1532
2088,2099
2094,2227
2101,1867
2101,2365
2120,2380
2130,2092
2136,2040
2146,1975
2147,1760
2157,2484
2170,2642
2168,1969
2173,1849
2173,1899
2186,1974
2183,2142
2180,2056
2168,1843
2165,2399
2166,2210
2164,2057
2159,2091
2147,1952
2139,2189
2139,2171
2132,2075
2120,2087
2125,2399
2112,2037
2109,2237
2103,2240
2097,1817
2088,2084
2076,2218
2058,1927
2043,1963
2044,2057
2027,1991
2009,2080
2004,1925
2001,1899
1999,2071
1977,2409
1982,2006
1964,1847
1968,2155
1955,2278
1959,1995
1943,1913
1941,2077
1925,2022
1925,2260
1923,2057
1912,2008
1907,2057
1915,2071
1911,2001
1913,2071
1912,2100
1907,1994
1909,1813
1920,1847
1928,1933
1932,2096
1939,2040
1941,1979
1960,1715
1964,1758
1973,2315
1981,2015
1993,1677
2002,1768
2003,1919
2007,2137
2027,2219
2040,2104
2047,1723
2053,2097
2058,2093
2065,1875
2077,1683
2075,1892
2080,2123
2084,2449
2095,2268
2103,2004
2115,1795
2123,2394
2139,2143
2138,1785
2164,2127
2174,2284
2195,2087
2195,1951
2202,2277
2195,2124
2192,2005
2191,2037
2197,1654
2190,2077
2181,2358
2173,2108
2160,1907
2139,1707
2140,1704
2145,2023
2136,2152
2131,1872
2129,2137
2120,1988
2103,1833
2106,1825
2112,1785
2109,1578
2107,2209
2091,2231
2077,2075
2080,2029
2075,2008
2065,1879
2043,2139
2036,1878
2020,2120
2012,2312
1999,1952
1999,2041
1978,2027
1992,2021
1976,2263
1964,2040
1959,1713
1956,2188
1952,2440
1945,1893
1935,2172
1939,2012
1926,1672
1920,2071
1939,2231
1933,1899
1931,2169
1943,2088
1931,2069
1948,2079
1961,1991
1959,1850
1960,1969
1971,2152
1973,2118
1980,2253
1971,2176
1963,1920
1975,1873
1963,2255
1971,2168
1971,2013
1972,2039
1981,2156
1993,2063
2002,2041
2015,1841
2026,2111
2040,2129
2055,1977
2077,1954
2088,2271
2093,2108
2098,1667
2118,1805
2132,2260
2119,2340
2147,1844
2156,1853
2165,2088
2170,2079
2173,1854
2165,1704
2178,1877
2184,2451
2183,2044
2183,1581
2172,2419
2184,2455
2176,1838
2179,1915
2168,2148
2157,1889
2167,2152
2163,2096
2164,1969
2153,2544
2148,2135
2143,1661
2158,1971
2150,2209
2159,1934
2147,2191
2139,2013
2135,1849
2107,2228
2110,1937
2097,1689
2087,2362
2068,2311
2044,1958
2024,1708
2019,1757
2009,2203
2004,2231
1987,1893
1979,1965
1972,2442
1980,2519
1971,1792
1971,1423
1960,2217
1960,2691
1956,2101
1952,1800
1944,1952
1951,2003
1955,2307
1953,1719
1947,1657
1944,2586
1929,2421
1947,1548
1949,1664
1951,2135
1952,2328
1961,2469
1963,1851
1972,1772
1981,2368
1984,2156
1976,1647
1981,1926
1992,2263
1992,2273
1972,2064
1997,1575
1996,1827
2001,2059
2009,1835
2020,2185
2036,2597
2042,2135
2071,1823
2080,1684
2091,2172
2111,2451
2112,1955
2125,1525
2125,1617
2133,2390
2140,2392
2145,1961
2161,1720
2152,2156
2164,2127
2167,1671
2151,1819
2169,2057
2176,2349
2175,2368
2183,1459
2188,1581
2167,2608
2180,2213
2188,1772
2181,1891
2187,2030
2172,2504
2183,2218
2184,2021
2163,2259
2163,2473
2160,1604
2151,1438
2153,2240
2135,2464
2136,2173
2121,1628
2124,1761
2110,2163
2101,2262
2086,2229
2079,1790
2063,1559
2053,2104
2035,2427
2026,2224
2007,1896
2009,1799
1991,2311
1984,2455
1971,1895
1970,1449
1955,2025
1949,2541
1949,2261
1943,1761
1943,1387
1944,1891
1931,2219
1948,1912
1951,2048
1943,2262
1960,1653
1959,1754
1960,2000
1955,2271
1956,2001
1967,2121
1959,2024
1953,2537
1961,2436
1952,1491
1949,1944
1958,2382
1968,2445
1980,1761
1975,1854
1992,2328
2001,2504
2015,1785
2025,1353
2029,1753
2043,2105
2069,1769
2076,1738
2090,1961
2105,2381
2116,2003
2132,1731
2136,1805
2131,1994
2146,2004
2139,1583
2155,1913
2161,2236
2153,2571
2149,2293
2149,1915
2168,2121
2158,2065
2168,1821
2171,1559
2169,1787
2165,2068
2163,1820
2168,1841
2171,2213
2172,2256
2186,1691
2165,1917
2172,1777
2165,2039
2165,2137
2176,2071
2168,2038
2173,1983
2180,1785
2156,2029
2151,2233
2140,1948
2138,2366
2122,2163
2103,1763
2077,1864
2075,1735
2056,1487
2044,2091
2033,2375
2017,1827
2019,1968
2008,1931
2001,1848
1997,2096
2005,2218
2011,2152
2010,1973
2001,2065
2003,1933
1992,1895
1998,2399
1998,2119
1995,2165
1977,1885
1982,1866
1960,2136
1944,2227
1960,2479
1961,2145
1952,2471
1952,2079
1944,2075
1939,2283
1952,2240
1935,2396
1954,2139
1959,2185
1963,1792
1991,1900
1993,1826
1993,2248
2009,2184
2007,2072
2017,2084
2027,1998
2024,2051
2037,2472
2038,2252
2059,1603
2061,1877
2080,2328
2088,2508
2085,2533
2085,1707
2098,1836
2099,2469
2115,2351
2109,1624
2124,1813
2119,2276
2124,2376
2140,2028
2154,1372
2159,1781
2165,2376
2173,1846
2170,1689
2184,2093
2195,2443
2203,1937
2208,2034
2195,2063
2196,2035
2203,2215
2208,2372
2203,2163
2214,2131
2195,2054
2171,1481
2186,1835
2167,2480
2171,2332
2169,1830
2147,1912
2144,1845
2129,2208
2105,1847
2115,1726
2122,1973
2110,2301
2107,1998
2093,1973
2073,2056
2075,2139
2063,2254
2063,2091
2041,1936
2024,2027
2015,2607
2012,1956
2000,1759
1997,1822
1983,2173
1966,1848
1967,2089
1939,2149
1946,2056
1959,2361
1951,2203
1952,1709
1943,1931
1940,2345
1945,2020
1959,1825
1955,2090
1955,2400
1951,1943
1951,1939
1952,1749
1953,2186
1963,2091
1967,1960
1966,1840
1965,1896
1960,2067
1971,2128
1991,2274
1995,1731
2012,1692
2013,2367
2013,2437
2029,1780
2057,1720
2084,2040
2097,2549
2092,2110
2106,1607
2117,2012
2133,2121
2136,2099
2147,1804
2158,2015
2148,2392
2144,2004
2139,1883
2138,1717
2148,2185
2149,2346
2158,2262
2153,2229
2163,1979
2173,1780
2181,2115
2191,2599
2208,1897
2203,1435
2213,1984
2223,2421
2212,1843
2215,1776
2211,1880
2189,2393
2188,2329
2169,1688
2163,1884
2147,2507
2147,2089
2143,1759
2145,1803
2124,2240
2104,2284
2101,1939
2081,1543
2077,2016
2072,2274
2047,1840
2052,2010
2040,2075
2033,1999
2030,2295
2032,1563
2027,1716
2025,1781
2007,2204
2005,1848
1989,1851
1987,1769
1972,2088
1969,2319
1965,2149
1953,1872
1960,1931
1953,2309
1951,2140
1955,2032
1943,1792
1948,2071
1952,2952
1952,1876
1948,1713
1954,2312
1943,2333
1953,2063
1964,1979
1966,1867
1980,2164
1977,2220
1992,1388
2010,1797
2000,2485
2019,1968
2021,2041
2031,2139
2043,2129
2045,2042
2071,2339
2071,2067
2078,2073
2078,1916
2092,1847
2096,1800
2089,2008
2107,2054
2107,2040
2128,1920
2125,2201
2126,2163
2142,1735
2152,1941
2160,2575
2155,1904
2179,2126
2184,2151
2185,2207
2197,1971
2202,2077
2208,2220
2207,1497
2200,2480
2202,1739
2181,2284
2181,2278
2181,1474
2168,1741
2170,2046
2168,2308
2161,1669
2164,2271
2167,1978
2167,1805
2170,2152
2155,2095
2156,1969
2149,2071
2142,2121
2132,2194
2105,2063
2099,1963
2085,1984
2075,2179
2063,2023
2056,1803
2041,1817
2033,2015
2028,2515
2017,2072
2029,1935
2023,1725
2018,2352
2005,2326
1996,2225
1995,1699
1980,1721
1993,2388
1995,2335
1988,1623
1988,1876
1979,2278
1973,2174
1992,2005
1970,1891
1974,2571
1959,2488
1961,1633
1948,2065
1945,2264
1962,2233
1957,1973
1955,1998
1971,2033
1954,2213
1969,2399
1987,1679
1995,1721
2015,2275
2021,1919
2033,2003
2041,1753
2068,2003
2072,2641
2095,2342
2096,1612
2091,1979
2100,2147
2103,1973
2108,2139
2098,2093
2100,1952
2095,2091
2096,2188
2102,1787
2098,1672
2129,2005
2129,2276
2155,2186
2155,1801
2165,1984
2169,1747
2187,2251
2203,2120
2211,1905
2215,2040
2214,1960
2217,2267
2222,1623
2221,2002
2203,1775
2200,2167
2183,2235
2185,1821
2171,2040
2170,2024
2155,2056
2155,1901
2154,2015
2143,1823
2129,2581
2123,2261
2105,1787
2108,2055
2099,2191
2089,2201
2095,1753
2082,2328
2091,2093
2079,2236
2066,1660
2066,2143
2065,2604
2063,1437
2039,2352
2038,2407
2021,2136
2020,2341
2003,2027
2003,1936
1981,2493
1965,2029
1963,2167
1940,2204
1941,1467
1924,1683
1937,2204
1939,1976
1935,1620
1949,2172
1940,1963
1947,2088
1952,1847
1963,1372
1969,2096
1982,2285
1984,2023
1999,1731
1987,1931
2009,2195
2003,2339
2013,1378
2014,1767
2001,2252
2008,2044
2008,1884
2015,1623
2032,2136
2032,2606
2035,1573
2061,1984
2070,2673
2080,2167
2099,2029
2107,2287
2128,2224
2132,2263
2136,2120
2143,1707
2149,2393
2154,2479
2169,1483
2171,1838
2184,2199
2183,2135
2185,1883
2189,2072
2185,2192
2200,2097
2199,2184
2213,2003
2201,1837
2203,2389
2199,2372
2201,1679
2195,1920
2201,2229
2185,2216
2179,1834
2181,2184
2172,2389
2167,2282
2160,1773
2151,1685
2149,2327
2137,2345
2133,2307
2127,1712
2128,2021
2126,2029
2105,1885
2103,1868
2081,2332
2085,1965
2075,1947
2063,2263
2039,2081
2040,1888
2018,2018
2011,2012
2008,1896
2007,2371
2003,2124
1981,2217
1977,2314
1978,2057
1967,1980
1969,2360
1971,2265
1964,1864
1964,1977
1960,1911
1944,1995
1948,2201
1944,2043
1949,1766
1956,1930
1943,1953
1952,2007
1971,1451
1963,1915
1990,2247
1989,2261
1997,2034
2009,1881
2011,2152
2008,2075
2023,2280
2027,1867
2027,2279
2036,2540
2032,2083
2037,1699
2053,1827
2047,2431
2068,2148
2074,2017
2089,1904
2107,1944
2108,2227
2127,2016
2130,1835
2140,2128
2147,2135
2167,2008
2179,2055
2176,2164
2185,1947
2186,2011
2186,2081
2195,1555
2191,2264
2199,2004
2199,1997
2201,1947
2199,1985
2208,2255
2217,2035
2219,1939
2213,1765
2211,2270
2207,2349
2200,1787
2192,1944
2191,2055
2171,2346
2167,1820
2157,1731
2143,1920
2147,2253
2136,2356
2133,2068
2137,1847
2127,2072
2113,2357
2104,2035
2085,1861
2100,1768
2084,2347
2071,1755
2065,1689
2039,2019
2023,2163
2011,2069
2007,1909
1994,2033
1995,1971
1989,2073
1969,1540
1965,2065
1968,2179
1970,1887
1956,2025
1965,1943
1960,1605
1953,2129
1961,2099
1955,2063
1959,2215
1963,1977
1961,2040
1945,1891
1943,1840
1937,1917
1947,2012
1963,2107
1961,1936
1971,2163
1969,2140
1971,1852
2003,2263
2007,1869
2012,2280
2035,1821
2033,2157
2055,2163
2061,2188
2069,1871
2077,1636
2087,2199
2092,1897
2103,2029
2091,2196
2115,2095
2120,2312
2120,2219
2118,1836
2115,1983
2123,2133
2131,2227
2143,2233
2152,2023
2163,1755
2164,2133
2182,2165
2179,2121
2197,2286
2201,2071
2223,2035
2229,2243
2216,1941
2228,1875
2227,2152
2219,2056
2219,1816
2210,2044
2195,1959
2187,1926
2169,1769
2165,2071
2150,2189
2145,1989
2127,2001
2128,1951
2120,1916
2103,2259
2103,2174
2097,1699
2088,1896
2077,2232
2091,1784
2087,1719
2081,2101
2084,2165
2080,1971
2076,1795
2060,1928
2033,2273
2039,2112
2015,1773
2004,1793
1997,2453
1999,2207
1980,1864
1971,1715
1963,1944
1956,2443
1956,1995
1953,1765
1944,2317
1944,2190
1940,2098
1939,1873
1948,1946
1939,2130
1943,2046
1941,2164
1955,1807
1967,2037
1986,1990
1991,2149
1995,2195
2011,1742
2015,2034
2027,2170
2023,2280
2055,1870
2036,1963
2043,1928
2055,1904
2041,2065
2057,2093
2045,2187
2056,2313
2071,2161
2069,1828
2079,2083
2079,1899
2085,2310
2096,1913
2110,2184
2127,2171
2141,2075
2156,2217
2171,1911
2198,2183
2201,1935
2219,2292
2225,1527
2227,1848
2237,2285
2232,1960
2228,2063
2217,2018
2213,2233
2214,1923
2198,2155
2201,2099
2180,2000
2187,2127
2184,2077
2173,2035
2179,1960
2167,2001
2153,2002
2150,2009
2150,1808
2147,2114
2145,2039
2137,1756
2120,2120
2125,2091
2120,1813
2107,1941
2109,2030
2102,2274
2097,2230
2075,2003
2075,1768
2067,2165
2063,2072
2052,1903
2032,2067
2019,2227
2013,2188
1996,1873
1990,1927
1976,2121
1957,1866
1956,2098
1950,1952
1944,1759
1943,1979
1947,2105
1943,1943
1955,1594
1955,2145
1966,2087
1976,2426
1970,1884
1981,1865
1991,2167
1996,2033
1997,2035
1996,1834
2003,2135
2006,2017
2008,2321
2008,1721
2013,1960
2021,2339
2017,1923
2040,2236
2029,1914
2015,2144
2040,2146
2044,2312
2063,1581
2075,1801
2071,2613
2085,1613
2105,2199
2101,2276
2125,1596
2127,2195
2146,1847
2156,1815
2167,1945
2187,2358
2195,2014
2206,2032
2199,1941
2215,1719
2219,1984
2216,1744
2218,1895
2203,2094
2203,2235
2208,2090
2198,1911
2194,1879
2189,2063
2184,1819
2179,1893
2162,2173
2169,1728
2157,1837
2160,2231
2156,1787
2151,1745
2150,2252
2153,2128
2158,1988
2152,1887
2148,2003
2143,2240
2133,2223
2142,1789
2108,2161
2104,2247
2088,2136
2080,1971
2075,2011
2065,2135
2036,2119
2029,1931
2001,1949
1995,2104
1999,1893
1988,1919
1991,1965
1971,1736
1968,1881
1955,1951
1968,1997
1957,2065
1959,1953
1959,2025
1960,2157
1969,1898
1954,1871
1965,2187
1972,2252
1961,1948
1975,2088
1993,2067
1984,2151
1990,2125
1991,1956
1977,1911
1989,2144
1981,2027
1987,2075
2000,2219
1989,2119
2003,1916
2014,2032
2017,1984
2023,1964
2027,2039
2043,1923
2043,1943
2059,1995
2079,2010
2097,2007
2107,2124
2118,2091
2133,1955
2140,2068
2151,1917
2168,2005
2176,1956
2182,1952
2192,1981
2199,1991
2200,1975
2197,2193
2200,2051
2204,2029
2200,2130
2195,1933
2200,1909
2201,1961
2201,2025
2215,1955
2197,2048
2203,2053
2205,2045
2201,2107
2189,2098
2197,2011
2185,2069
2172,2113
2167,2008
2168,2043
2163,2152
2151,2089
2156,1967
2140,2011
2142,2116
2131,2117
2130,2125
2122,1854
2105,2123
2087,2163
2082,2039
2063,2005
2048,2103
2023,2129
2016,2183
2015,2120
1995,1752
1992,1897
1983,2041
1978,2080
1963,2187
1972,1967
1971,2040
1975,2103
1973,1999
1979,1948
1989,2173
1989,2109
1992,2039
1980,1847
1976,1945
1964,2184
1971,2104
1958,2088
1968,1845
1953,2015
1964,2229
1967,2008
1975,1832
1977,2201
1987,2292
1986,2063
1995,1861
2003,1694
2021,2186
2025,2183
2040,1901
2044,2063
2064,2036
2057,2102
2071,2107
2083,1904
2085,1943
2099,2165
2104,2113
2120,1963
2132,1909
2140,1880
2146,2041
2157,1817
2157,1924
2179,1975
2179,1905
2185,2115
2184,2009
2198,1935
2195,1943
2187,2199
2197,2025
2191,2067
2193,2112
2195,2076
2201,2157
2207,2026
2209,2024
2208,2155
2200,2235
2202,2008
2199,1915
2204,2012
2195,2080
2191,1970
2173,1995
2168,1909
2157,2055
2144,2116
2135,2015
2127,2003
2119,2141
2105,2100
2092,2031
2088,2035
2089,2048
2073,2063
2074,2184
2067,2033
2059,1912
2043,2085
2035,2039
2026,1927
2016,2034
2005,2122
2000,2089
1978,2112
1976,2004
1972,2002
1975,2152
1965,2122
1963,1967
1962,2091
1955,2058
1960,1981
1949,2005
1962,2003
1963,2096
1963,2117
1952,2057
1959,1998
1965,2052
1959,2021
1968,2029
1971,2024
1978,2040
1982,2063
1991,2074
1999,2066
2003,2018
2015,2020
2015,2035
2027,2058
2036,2000
2052,2019
2065,2035
2063,2076
2075,2040
2080,2067
2083,1973
2085,2047
2095,2090
2110,2005
2115,2003
2130,2101
2132,2055
2145,2012
2152,2046
2159,2057
2160,1987
2172,2103
2184,2067
2183,1997
2184,2148
2200,2036
2203,2014
2197,1972
2197,2040
2204,2101
2208,2067
2213,1971
2199,2033
2203,2156
2199,2003
2185,2075
2195,2067
2192,2063
2184,2039
2173,2020
2174,1991
2171,2119
2152,2060
2149,2027
2141,2103
2148,2083
2121,2041
2127,2080
2118,1976
2107,2039
2098,2100
2093,2048
2081,2032
2073,2058
2057,2029
2045,1997
2040,2023
2029,2088
2021,2062
2015,2041
2011,2022
2010,2079
1997,2039
1994,2083
1983,2017
1982,1961
1971,2059
1965,2004
1967,2057
1962,2039
1953,2013
1947,2023
1955,2080
1961,1999
1962,2023
1960,2060
1969,2059
1972,2079
1973,2043
1979,1976
1979,2044
1992,2027
1993,2024
2007,2018
2005,2064
2015,2037
2015,2041
2023,2072
2024,2055
2035,2038
2041,2043
2053,2028
2063,2088
2069,2072
2076,2009
2088,2063
2100,1994
2110,2065
2109,2066
2131,2090
2140,1999
2146,2035
2148,2003
2160,2037
2165,2003
2177,2001
2191,2025
2196,2063
2199,2071
2200,2065
2201,2053
2212,2009
2215,2060
2221,2045
2219,2048
2217,2054
2215,2072
2215,2020
2208,2027
2210,2029
2204,2011
2200,2075
2200,2037
2189,2070
2185,2017
2171,2020
2172,2020
2159,1995
2156,2001
2139,2030
2137,2082
2139,2007
2125,2009
2128,2070
2115,2019
2104,2011
2091,2056
2084,2080
2069,2028
2059,2020
2038,2068
2026,2027
2019,2029
2015,2053
2011,2038
1995,2061
1997,2071
1980,2071
1974,2063
1976,2075
1970,2088
1975,2071
1965,2056
1964,2066
1965,2056
1968,2071
1962,2011
1959,2005
1960,2055
1967,2034
1959,2055
1957,2040
1963,2067
1965,1995
1969,2064
1973,2065
1981,2064
1993,2051
2003,2067
2006,2062
2021,2084
2005,2013
2019,2071
2031,2003
2039,2041
2043,2027
2055,2043
2063,2025
2075,2007
2085,2057
2096,2040
2103,2057
2116,2075
2126,2032
2129,2091
2137,1989
2139,2039
2153,2064
2163,2052
2163,2067
2174,2040
2181,2068
2185,2007
2188,2015
2188,2052
2198,2001
2197,2043
2203,2069
2205,2035
2203,2007
2207,2041
2194,2051
2200,2040
2193,2075
2193,2056
2199,2010
2199,2024
2190,2037
2171,2084
2164,2054
2162,2061
2156,2044
2137,2020
2135,2088
2133,1995
2124,2027
2121,2033
2101,2085
2094,2065
2092,1990
2075,2036
2075,2065
2067,2088
2056,2017
2044,2027
2035,2065
2024,2069
2015,2036
2013,2063
2005,2078
1995,2032
1992,2041
1984,2076
1974,2065
1974,2057
1976,2040
1968,2012
1968,2029
1963,2032
1968,1978
1968,2055
1968,2071
1965,2038
1959,2071
1976,2039
1977,2075
1975,2008
1984,2019
1988,2015
1996,2072
2003,1995
2002,2032
2011,2011
2015,2053
2026,2087
2033,2005
2027,2029
2043,2064
2056,2056
2067,2019
2073,2047
2071,2025
2088,2075
2094,2088
2106,2048
2118,2068
2121,2020
2125,2072
2135,2036
2140,2075
2148,2007
2154,2030
2162,2089
2170,1974
2174,2035
2185,2069
2191,2069
2201,2079
2197,2042
2204,2087
2213,2044
2213,2026
2213,2027
2224,2023
2217,2035
2214,2060
2217,2039
2207,2000
2212,2056
2197,2075
2199,1997
2194,2039
2188,2036
2167,2072
2173,2096
2157,2068
2152,2025
2146,2019
2135,2074
2132,2003
2117,2067
2120,2129
2116,2027
2095,2020
2097,2076
2092,2072
2074,2042
2071,1975
2053,2004
2043,1999
2040,1976
2026,2083
2017,1988
2008,1975
1999,2057
1991,2068
1979,2105
1982,1967
1959,2108
1965,2088
1959,2038
1963,1996
1968,1997
1963,2058
1960,2105
1966,2008
1962,2005
1957,2168
1965,2145
1969,2085
1969,2019
1979,2107
1971,2071
1979,1987
1989,2093
1991,1981
2005,2044
2005,2009
2019,2013
2017,2003
2024,1993
2035,1996
2037,2063
2043,2135
2045,1976
2063,2004
2075,2057
2080,2047
2090,2060
2101,2005
2102,2040
2117,2016
2121,2072
2131,1982
2152,2006
2151,2039
2151,2063
2172,2029
2181,2083
2183,2047
2199,2024
2205,2067
2203,2103
2212,2069
2201,2101
2213,2033
2203,2002
2212,1989
2202,1941
2207,2040
2203,2023
2194,1947
2193,2055
2195,2063
2195,2063
2192,1973
2181,1993
2181,2056
2176,2042
2168,2065
2157,2089
2151,2028
2152,1997
2149,2139
2127,2018
2122,2001
2109,1965
2099,1952
2089,2028
2088,2063
2071,2133
2063,2118
2051,2186
2037,2021
2027,1976
2024,2161
2005,2053
2007,2121
1988,2088
1984,2072
1975,2090
1971,2067
1974,2092
1965,1939
1964,2135
1966,1961
1959,2060
1968,2017
1963,1978
1972,2033
1972,2023
1961,2063
1971,2029
1968,2041
1971,1947
1968,1976
1976,2026
1972,1991
1984,2015
1992,2027
1987,2017
1998,2095
2013,2037
2011,2046
2015,2047
2030,2033
2041,1989
2043,1929
2057,2063
2071,1969
2079,2117
2089,1973
2100,1977
2109,2069
2120,2117
2128,1975
2135,2003
2141,2032
2146,2076
2145,2145
2156,1973
2159,2120
2176,1943
2189,2019
2187,2063
2200,1957
2193,2098
2201,2124
2206,2144
2197,1933
2209,2094
2201,2071
2212,2048
2205,1999
2207,2136
2202,2197
2200,2107
2200,1912
2193,1969
2181,2152
2181,2007
2184,2004
2174,2035
2170,2087
2162,2055
2157,1998
2147,1912
2142,1868
2133,1958
2121,1928
2107,2144
2087,2102
2089,1718
2081,1873
2067,2248
2060,2181
2055,2101
2027,2076
2029,2168
2010,2281
2015,2008
2001,1939
2000,2017
1996,2107
1987,2140
1972,2001
1978,1907
1976,2096
1975,2362
1961,1956
1974,1913
1960,2160
1965,1971
1953,1979
1963,1963
1970,1999
1959,2024
1963,2267
1963,1969
1968,1899
1967,2221
1977,2169
1980,1977
1974,2392
1979,1800
1985,1896
1995,2215
1999,1935
2004,1659
2010,2216
2028,2091
2035,1837
2052,2118
2059,1969
2071,2084
2081,2212
2088,1971
2104,1949
2103,2221
2105,2211
2117,1932
2122,2057
2128,2132
2129,2091
2143,1933
2137,2056
2155,1932
2159,2139
2162,2019
2171,2011
2182,1821
2182,2131
2183,2122
2200,2252
2206,2020
2201,1944
2203,2094
2203,2003
2186,2043
2188,1867
2199,1981
2181,2115
2180,2034
2188,1937
2182,2085
2170,2093
2171,2156
2166,2116
2160,1929
2151,2116
2137,2117
2128,2055
2115,2171
2109,1965
2096,1976
2083,2277
2073,2155
2069,2219
2054,2015
2044,2151
2037,2065
2012,2145
2027,1797
2020,2015
2005,2023
2007,1959
2010,2143
1992,1761
1987,1891
1977,2148
1966,1893
1968,2022
1958,2072
1961,1875
1951,2016
1943,2150
1951,1819
1947,1875
1943,2232
1945,1960
1950,1835
1947,2231
1947,1848
1949,2280
1943,2192
1960,2044
1949,2090
1963,2085
1974,2010
1976,2046
1981,2275
1993,1923
2007,2015
2003,2139
2016,1955
2029,1975
2043,2120
2053,2087
2068,2005
2066,1907
2078,1761
2071,2009
2085,1831
2093,2040
2101,2052
2105,2244
2107,2073
2111,2156
2127,1907
2135,1915
2143,2184
2157,1913
2167,2099
2162,2009
2176,1939
2182,1813
2183,2157
2193,2122
2195,2077
2197,2207
2184,2005
2188,2079
2193,2096
2194,2197
2185,2075
2183,1957
2181,1927
2183,2220
2179,2145
2164,1890
2151,2085
2159,1993
2154,2045
2137,1929
2131,2144
2116,2046
2099,1975
2109,2191
2089,2008
2084,2063
2071,1985
2067,2063
2059,2104
2044,2015
2036,2024
2029,2037
2023,2288
2017,1947
2006,2075
2011,2235
2004,2021
1992,1982
1975,2200
1975,2105
1959,2157
1947,1991
1944,1915
1949,2280
1941,2075
1951,2175
1947,2237
1943,2004
1951,2137
1948,2136
1949,2048
1941,2076
1950,2187
1942,1888
1960,2193
1955,2071
1961,1811
1976,1939
1971,2078
1979,2184
1989,1893
2007,2081
2015,1955
2019,1950
2024,2029
2039,2097
2029,2165
2043,2074
2067,2031
2069,1909
2071,2087
2080,2008
2083,1904
2100,2045
2101,1930
2112,2032
2120,1988
2119,2003
2127,2086
2140,2167
2153,2201
2153,1829
2164,2112
2170,1892
2177,2132
2192,2138
2187,1952
2201,2044
2199,2080
2200,2142
2199,1890
2204,2147
2200,1954
2197,2176
2202,2232
2185,2053
2183,1985
2170,2088
2167,2195
2164,2048
2145,1931
2159,2029
2143,2031
2139,2031
2135,2119
2128,2026
2121,1846
2112,2220
2103,2175
2096,1933
2088,1716
2080,2025
2073,2095
2072,2119
2063,2101
2039,1872
2032,2120
2011,1968
2008,2108
2003,1947
1996,2017
1987,2161
1976,2061
1969,2037
1964,2045
1960,1926
1958,2160
1951,2225
1949,1813
1947,1968
1960,2133
1960,1973
1952,2086
1952,2237
1949,1888
1956,1896
1956,2224
1953,2028
1964,2037
1959,2121
1968,2201
1973,1935
1969,2272
1977,2012
1984,1957
1991,1859
2009,2067
2011,2019
2011,1907
2021,2121
2028,1933
2040,1978
2052,2104
2051,1867
2063,1991
2077,2267
2080,1907
2096,1778
2099,2232
2115,2165
2124,1923
2109,2161
2136,2027
2149,1963
2152,1992
2156,2040
2163,1863
2164,2073
2172,2120
2179,2077
2176,2213
2191,1925
2193,1959
2179,1961
2186,2157
2180,2093
2183,2022
2192,1953
2185,2027
2182,2126
2188,1925
2191,2176
2184,1995
2165,1979
2171,2104
2168,1923
2147,1928
2158,2187
2145,1907
2141,1933
2126,2080
2115,2058
2103,1861
2088,1824
2086,2121
2067,2100
2058,1973
2048,1900
2040,2291
2025,2163
2024,1943
2016,2032
2005,1954
2000,2217
1987,2063
1982,1872
1977,1977
1973,2184
1972,1869
1968,2149
1961,2081
1947,1908
1947,1901
1946,2072
1951,2077
1945,1867
1940,2188
1943,2060
1933,2081
1932,2171
1931,2279
1944,1996
1947,2034
1939,2325
1948,1926
1956,2053
1955,2076
1963,1992
1980,2103
1983,2041
1988,1933
1991,1937
2005,2123
2015,1862
2021,2063
2031,2136
2034,1959
2053,2090
2057,2087
2068,1964
2083,2039
2075,2143
2095,2063
2103,2005
2106,2124
2115,1938
2126,2085
2124,2111
2133,2067
2134,2057
2145,2216
2145,1960
2152,1823
2161,2119
2163,2035
2155,2189
2171,1960
2185,1848
2192,2165
2195,2223
2192,1901
2191,1920
2182,2042
2189,2067
2181,2067
2184,2024
2171,1835
2168,2112
2167,1920
2152,2103
2136,2135
2133,2031
2123,1947
2119,2093
2103,2143
2099,1925
2083,2056
2080,2106
2073,2227
2073,2037
2068,1949
2046,2041
2029,2144
2025,2125
2020,2015
2020,1977
2008,1999
2002,2313
1981,2021
1975,1854
1965,1940
1959,2104
1947,2131
1956,1945
1942,1812
1941,2072
1943,2291
1937,2010
1936,1947
1944,2039
1933,2228
1928,2124
1907,2152
1928,1803
1928,2217
1932,2333
1932,1919
1945,1844
1947,2131
1957,2029
1965,2115
1973,2173
1975,1944
1993,2114
1997,2232
2006,1911
2008,1939
2003,2016
2008,1976
2025,1897
2025,2144
2036,1947
2035,2011
2056,2149
2071,2105
2069,2000
2088,2020
2088,2043
2099,2138
2113,1994
2121,1909
2125,2003
2139,2107
2146,2003
2152,2123
2163,1978
2163,1981
2167,2020
2172,2042
2184,2068
2185,1963
2181,1929
2175,2117
2186,2133
2184,1855
2186,1924
2167,2007
2176,2150
2157,2163
2166,2044
2162,1927
2162,2131
2159,2124
2153,2101
2141,2016
2131,2033
2133,2108
2128,2149
2122,1900
2115,2043
2093,2245
2111,2007
2093,1981
2078,2045
2081,2103
2064,2027
2037,2033
2033,1861
2024,2072
2014,2178
2003,1978
1990,2088
1982,1893
1981,2169
1967,2133
1960,1992
1960,1991
1953,1939
1954,2253
1947,2134
1941,2054
1942,1979
1947,2015
1938,2086
1941,2136
1929,2103
1936,1831
1941,1931
1952,2105
1943,2004
1943,1863
1948,1911
1945,2081
1948,2105
1953,2092
1953,1879
1960,1928
1961,2154
1965,2057
1979,1963
1975,2021
1985,2161
2000,2031
1995,2032
2011,2029
2017,1875
2023,1953
2048,2089
2070,2215
2072,1943
2081,1984
2096,2007
2091,2099
2101,1897
2103,2040
2107,2192
2116,2028
2119,1931
2122,2033
2127,2082
2136,2087
2143,2038
2153,1963
2151,2101
2151,2179
2160,2021
2164,1947
2168,2026
2165,2010
2167,2083
2171,2120
2163,1992
2168,2019
2164,2030
2160,2039
2161,1915
2151,1960
2139,2106
2136,2171
2131,2072
2115,1850
2103,1939
2105,2216
2102,2144
2088,1981
2080,1967
2075,2053
2069,2303
2053,2015
2044,1893
2041,2056
2028,2139
2015,2041
1997,2040
2004,2040
1997,2032
1979,2192
1965,2041
1971,1947
1959,2078
1949,2083
1945,1987
1929,2176
1937,1993
1928,1956
1937,2131
1931,1994
1935,1869
1925,2137
1928,2093
1920,2054
1917,1937
1930,2005
1915,2134
1935,2087
1933,2003
1936,2100
1945,2139
1944,1967
1952,2053
1956,2124
1955,2144
1966,2007
1976,1971
1975,2126
1984,2083
1997,2127
2015,2014
2013,1937
2027,1999
2036,2199
2039,1988
2063,2000
2047,2117
2065,2023
2068,1996
2087,2099
2089,2075
2093,2015
2099,2011
2116,1975
2129,2073
2137,2124
2151,2007
2141,1951
2151,2035
2163,2019
2166,2009
2165,2016
2171,2005
2176,2090
2175,2112
2179,2060
2171,2013
2168,2029
2168,2038
2163,2123
2167,2003
2160,1981
2157,1980
2159,2035
2152,2057
2139,2093
2137,2032
2139,2015
2123,1973
2121,2116
2105,2059
2093,1956
2087,1963
2084,2233
2067,2140
2063,2037
2048,1949
2039,1916
2025,2173
2024,2040
2005,1976
2008,1987
1993,2144
1995,2089
1983,1989
1977,2073
1963,1967
1960,2055
1951,2156
1946,2079
1936,1945
1933,2121
1935,2053
1933,2058
1928,2058
1932,2040
1941,2016
1930,2021
1927,2156
1935,1945
1925,2037
1931,2027
1931,2063
1943,2035
1947,2085
1954,1957
1960,2003
1957,2081
1976,2012
1979,1941
1992,2067
1999,2071
2001,2035
2009,2076
2016,2035
2029,1998
2032,2057
2047,2040
2052,2011
2059,2160
2066,2122
2074,1928
2081,1947
2094,2034
2096,2072
2103,2013
2112,2081
2128,2048
2136,2017
2137,2083
2149,2035
2158,2063
2161,2112
2174,1979
2175,2045
2175,2080
2186,2111
2172,2032
2187,2036
2187,2059
2173,2014
2180,2110
2171,2063
2150,2068
2163,2040
2157,2093
2149,2043
2151,1979
2147,2036
2146,1979
2136,2104
2136,1993
2123,2002
2107,2091
2110,2021
2100,2024
2099,1955
2086,1965
2078,2029
2066,2076
2056,2054
2047,2040
2051,2008
2026,2071
2016,2035
2003,1969
2000,2148
1988,2106
1977,2004
1969,1980
1968,2040
1945,2072
1947,1967
1947,2165
1944,2145
1936,2051
1927,2029
1917,1982
1930,2007
1929,2124
1931,2123
1930,2001
1932,1937
1926,2107
1923,2120
1932,2009
1931,2055
1936,2048
1933,2109
1952,1960
1951,2043
1953,2075
1965,2091
1965,2008
1974,2012
1981,1992
1981,2025
1979,2112
1995,1999
2011,1965
2015,2080
2023,2071
2039,1966
2043,2034
2066,2011
2068,2097
2075,2104
2092,2017
2096,2041
2103,2125
2111,2054
2112,2006
2119,1975
2130,2108
2139,2115
2148,2004
2145,1979
2145,2101
2152,2088
2163,2045
2168,1947
2167,2022
2168,2139
2179,2072
2176,1976
2168,2077
2164,2089
2157,1980
2155,2000
2157,1972
2144,2026
2140,2032
2149,2003
2144,2068
2137,2037
2138,2005
2133,1984
2120,2085
2112,2099
2100,2071
2084,2120
2075,2072
2075,2006
2045,2086
2056,2040
2037,2005
2030,2109
2021,2059
2007,1955
2008,1934
1999,2153
1989,2007
1977,1960
1976,1965
1957,2188
1961,2088
1961,1944
1945,1973
1943,2056
1937,2172
1927,1997
1935,2056
1923,2035
1926,2132
1928,2072
1920,2053
1924,2019
1923,2007
1917,2121
1932,2044
1923,1932
1944,2007
1947,2089
1949,2080
1952,2024
1952,2125
1951,2007
1969,1961
1969,2005
1977,1847
1974,2113
1988,2007
1993,1996
2004,2005
2015,1961
2020,1991
2027,2136
2039,1913
2035,1977
2063,2236
2072,2104
2077,2011
2075,2068
2091,1923
2101,2020
2103,2169
2107,2036
2127,1948
2132,2182
2139,2116
2148,1972
2144,2037
2143,1939
2160,1982
2161,2085
2166,2104
2163,2024
2169,2087
2171,1976
2171,2037
2168,2129
2163,1817
2168,1901
2157,2109
2152,2131
2155,1980
2147,2004
2143,2045
2135,2087
2131,2200
2122,1900
2112,2150
2104,2094
2102,1990
2083,2141
2069,2131
2072,2007
2061,1995
2044,1991
2036,1968
2040,2041
2028,2216
2009,2033
2009,2072
1989,2167
1992,2131
1987,1841
1979,1927
1964,2109
1960,2032
1960,2119
1957,1944
1941,2058
1951,1994
1945,2073
1934,1872
1936,2183
1926,2267
1928,2008
1933,1893
1933,1914
1917,2156
1925,1969
1933,2099
1925,2015
1937,2089
1936,2055
1937,2007
1948,2015
1952,1979
1953,2137
1969,1931
1979,2176
1996,2228
2007,2057
2017,1810
2011,1971
2024,2084
2025,2091
2038,2105
2035,2062
2042,2028
2039,2151
2043,1996
2055,1933
2073,2080
2075,2100
2077,2027
2091,2016
2096,2009
2112,2200
2117,2103
2121,1702
2133,2291
2146,2208
2153,1944
2151,1660
2157,2105
2170,2484
2176,2162
2168,1952
2176,1837
2176,2273
2173,2120
2181,2011
2179,1788
2172,2103
2169,2214
2162,1980
2139,1947
2150,2046
2137,2087
2136,1979
2124,1944
2122,1967
2120,2065
2109,2171
2102,1979
2096,1944
2077,1997
2072,2085
2063,2136
2063,2006
2059,2024
2053,2059
2039,2135
2019,2040
2017,2054
2007,2231
1996,2079
1990,2187
1978,2156
1963,2039
1955,1967
1945,2123
1941,2019
1931,2029
1931,2033
1917,1998
1912,2132
1917,2071
1931,2001
1929,2008
1933,2180
1912,1751
1917,1852
1908,2147
1909,2119
1916,2003
1931,1968
1932,2067
1929,1908
1939,2136
1945,1978
1952,1964
1960,1972
1963,1875
1976,2199
1984,2173
1988,2006
1995,1859
2004,2020
2018,2041
2017,1982
2036,1987
2040,2056
2040,2151
2059,1867
2059,1844
2080,2063
2089,2301
2092,2091
2092,1971
2101,2089
2107,2109
2122,2151
2119,2167
2133,1968
2139,2015
2144,2124
2145,1897
2161,1979
2168,1971
2165,1896
2167,2016
2172,2220
2168,2040
2175,1895
2172,2019
2180,1824
2158,2284
2152,1974
2152,1761
2149,2104
2140,2235
2140,2053
2123,1943
2127,2008
2118,2035
2105,2224
2104,2204
2095,1945
2077,2067
2077,2001
2067,2063
2071,2067
2055,2219
2044,2059
2039,2087
2019,2096
2030,2136
2024,2099
2006,1910
2009,1947
1989,2135
1992,1975
1981,2037
1974,2007
1961,2076
1945,2133
1943,1936
1941,2015
1939,1810
1928,2007
1929,2168
1919,1785
1920,2152
1920,2411
1928,2265
1928,1946
1918,1958
1927,2079
1931,1867
1935,2237
1946,1833
1941,2176
1957,2203
1960,2084
1971,1873
1982,1998
1979,2107
1978,1947
1996,2148
1997,1955
2004,2083
2015,1979
2012,1993
2017,2003
2023,1881
2016,2265
2045,1923
2058,2037
2072,2057
2072,1920
2091,1989
2091,2089
2107,2104
2117,2124
2124,2251
2129,1818
2140,2112
2140,2131
2155,1808
2162,2216
2165,2023
2168,1819
2175,2184
2179,2163
2184,1821
2185,1991
2190,2096
2187,2120
2173,2191
2184,1864
2168,2056
2184,1969
2169,2189
2162,2060
2170,1693
2158,1961
2151,2335
2140,2093
2138,1788
2137,2125
2119,2184
2122,2143
2118,2316
2101,1837
2099,1871
2090,2440
2077,2390
2067,1976
2069,1880
2067,2165
2034,2136
2028,2255
2024,2063
2016,1869
2008,2163
2002,2176
1994,2011
1992,2108
1981,1977
1973,2032
1975,2009
1970,2017
1967,2008
1957,1981
1955,2301
1949,1888
1949,2247
1947,2005
1937,2219
1948,2171
1937,1940
1947,2117
1941,2036
1956,1945
1959,2078
1963,2324
1969,2065
1969,2166
1970,2120
1987,1896
1991,2124
1995,1961
2003,1896
2009,2309
2012,2294
2018,1931
2023,2144
2040,2019
2042,2003
2056,1933
2063,2003
2075,2088
2082,2220
2087,1900
2092,1965
2103,2289
2111,2223
2104,2121
2107,1769
2119,2195
2132,2201
2137,1824
2152,2076
2154,2003
2163,1975
2161,2009
2173,2078
2188,2011
2191,2152
2188,2227
2200,2007
2200,2023
2201,1967
2189,2165
2183,2012
2181,1710
2166,2190
2168,2137
2156,1951
2146,2376
2143,2152
2138,1796
2129,1993
2115,2109
2127,2151
2112,2273
2116,1849
2100,1831
2091,2322
2090,2210
2089,1695
2076,2299
2073,2392
2064,2027
2041,1965
2040,2090
2030,2231
2025,2107
2006,2011
2004,1992
1981,2068
1979,2163
1965,2133
1957,1884
1960,2053
1939,2457
1937,1563
1935,1830
1939,2241
1930,1990
1928,2172
1924,1947
1932,1843
1939,2039
1936,2195
1940,1783
1941,1848
1944,2268
1947,2157
1957,2171
1963,1825
1975,2119
1968,1733
1979,2184
1971,2139
1975,2108
1992,2169
1992,2136
2005,2240
2002,1824
2012,2219
2022,2063
2030,2119
2037,2091
2056,1845
2058,2316
2071,1887
2080,1760
2095,2279
2099,2152
2105,1819
2122,2063
2120,2067
2130,1895
2137,2011
2147,1706
2164,2229
2176,2489
2173,2058
2169,1819
2183,2234
2182,1954
2193,1901
2187,2264
2189,1672
2183,2107
2184,2193
2179,2035
2173,1949
2176,2005
2179,2063
2165,1939
2171,1853
2167,1781
2156,2215
2160,2232
2162,1661
2143,1984
2137,2390
2123,2221
2125,1955
2118,2077
2105,2077
2087,2004
2077,2120
2063,1576
2053,2208
2041,2275
2040,2284
2025,1728
2025,2059
2023,2313
2011,2057
2009,2011
2005,1895
2005,2565
1999,2104
1976,1887
1957,1915
1967,2099
1947,2543
1945,2232
1952,2023
1939,1797
1945,2304
1933,2444
1944,2023
1940,1688
1947,1999
1941,2424
1950,2083
1947,1380
1947,1917
1963,2413
1979,2132
1978,1859
1973,2013
1976,2543
1979,2320
1977,1695
1997,1760
2007,2153
2015,2365
2016,1957
2024,1849
2032,2381
2040,2379
2063,1909
2063,1777
2059,2065
2069,2136
2072,1984
2081,1981
2092,2009
2096,1995
2104,1813
2109,1975
2110,2201
2122,2221
2144,2027
2145,2259
2157,2029
2157,2160
2176,2459
2183,1860
2200,1738
2208,2409
2215,2105
2215,1862
2199,1887
2195,1815
2189,2173
2192,2421
2182,1936
2167,1896
2155,2112
2158,2083
2153,1905
2158,2035
2143,2152
2144,2486
2146,2208
2135,2211
2125,1752
2129,1799
2131,2197
2122,2011
2120,1799
2108,2223
2104,2360
2092,2012
2083,2028
2077,1957
2063,2030
2031,2116
2021,1935
2019,1960
2015,2247
2012,2448
1995,1835
1999,2221
1991,1992
1976,2024
1964,2165
1963,2038
1967,1973
1960,2385
1956,2167
1949,1720
1952,2217
1940,2137
1952,1957
1945,2183
1944,2005
1939,2025
1944,2003
1939,2208
1947,1644
1947,2231
1953,2240
1966,1914
1964,2103
1979,2085
1981,2112
2000,1943
2011,2157
2019,1911
2021,1966
2011,2123
2007,2284
2032,2007
2032,1897
2043,2033
2043,2155
2063,2091
2079,1999
2080,2119
2093,2182
2102,2160
2102,1925
2122,2027
2121,2169
2125,2201
2137,1824
2148,1962
2163,1971
2169,2362
2167,2123
2183,1859
2188,1845
2187,2264
2200,2347
2194,1615
2203,1592
2216,2143
2212,2435
2209,1999
2207,1779
2200,2074
2197,2413
2187,2340
2175,1750
2160,1893
2145,2382
2147,2174
2123,1982
2121,1809
2112,2252
2113,1884
2103,2111
2104,2192
2092,2128
2096,2363
2089,1904
2097,2038
2095,2163
2080,2346
2073,2009
2078,1882
2063,2509
2054,1951
2023,1756
2015,2211
2001,1867
1994,1993
1975,2204
1967,2097
1951,2097
1944,2350
1928,2037
1935,1717
1947,2197
1925,2300
1935,2235
1943,1963
1935,2074
1937,2024
1945,2043
1949,2069
1961,1708
1963,2131
1968,2543
1976,1901
1984,1842
1993,2325
2008,2087
2011,1884
2011,2089
2015,1748
2018,2144
2019,2301
2010,2005
2024,1679
2021,2230
2025,1997
2024,1900
2031,1961
2036,1937
2046,1852
2071,1791
2085,2231
2101,1920
2115,2215
2131,2073
2146,1980
2157,1915
2163,2181
2191,1664
2193,1669
2198,2577
2199,2169
2194,2013
2200,1648
2196,2090
2196,1762
2188,1787
2183,1685
2187,2125
2187,2120
2172,2088
2173,1909
2171,2263
2171,2128
2175,1876
2182,2015
2169,2597
2161,2131
2157,1831
2155,2192
2159,1811
2149,2219
2140,1845
2144,2296
2139,1895
2126,2060
2115,2224
2110,2315
2093,1908
2092,1612
2089,2587
2071,2071
2067,2133
2058,1752
2023,1984
2011,2095
2009,2143
1993,1860
1995,1960
1979,2405
1971,2100
1965,2075
1972,1861
1967,1844
1961,2103
1963,2272
1969,1720
1968,1849
1970,2197
1972,2058
1982,1596
1971,2300
1965,2480
1975,2063
1965,2157
1970,1952
1968,2473
1975,2089
1975,2100
1968,1891
1987,2287
1975,2288
1989,2036
2003,1844
1995,2228
2020,1827
2020,2218
2029,2259
2023,1763
2028,2492
2043,2024
2063,2145
2067,2136
2075,2093
2088,1663
2083,2567
2100,2157
2107,1634
2123,1989
2137,1395
2131,2267
2147,2116
2157,1292
2167,1887
2173,2593
2155,1835
2183,1675
2169,2335
2185,2056
2205,2640
2203,2039
2199,1495
2199,2207
2198,2225
2185,2137
2197,1683
2193,1828
2196,2605
2179,2287
2169,2063
2161,2046
2173,1944
2168,2279
2168,2085
2163,1458
2160,2087
2160,1900
2159,1639
2160,2255
2149,2130
2135,2329
2136,2255
2124,2047
2090,2759
2099,2427
2087,2040
2076,1979
2065,2537
2037,2148
2034,1800
2025,1782
2011,2039
2003,2523
1997,1965
1993,1552
1977,2151
1975,2368
1969,1894
1963,1962
1964,1915
1948,2316
1959,2208
1961,1607
1959,1792
1961,2282
1968,1832
1961,1995
1977,2334
1976,1791
1964,2023
1964,2218
1958,1803
1979,2137
1968,2327
1961,2276
1963,2030
1971,1992
1973,2008
1982,2069
1984,1925
1992,2103
1987,2111
1993,1837
2017,2210
2022,2347
2037,2635
2060,1792
2067,1965
2085,2312
2100,1953
2116,2063
2115,2104
2123,2275
2133,2152
2138,1720
2144,1659
2152,1815
2147,1817
2156,2332
2163,1916
2159,2131
2168,2392
2157,1841
2172,1779
2173,2260
2188,2569
2189,2365
2202,1541
2199,1688
2197,1898
2201,2011
2196,2272
2197,1897
2189,2041
2193,2107
2189,2448
2181,1743
2176,1980
2167,2019
2169,1977
2152,2091
2146,1644
2131,1737
2129,2228
2128,2205
2122,1585
2093,2328
2104,1937
2075,1923
2067,2219
2072,1833
2057,1971
2035,2332
2020,2009
2005,2107
2004,2380
1980,2286
1979,1952
1977,2218
1964,2040
1961,2265
1957,2088
1968,1653
1971,1924
1969,2152
1967,2477
1958,1728
1956,2119
1952,1872
1949,2085
1944,2143
1943,1910
1937,2566
1939,2087
1944,1848
1948,2252
1955,2015
1960,2187
1955,2183
1979,1888
1988,1907
2003,2055
2001,1553
2004,2039
2016,1997
2014,2003
2027,2236
2025,1982
2025,2080
2039,1783
2043,2198
2060,2217
2066,1425
2073,2073
2103,2180
2108,1753
2130,1924
2143,1976
2151,1927
2168,2004
2163,2022
2171,1842
2184,2110
2183,2382
2172,2020
2173,2046
2171,2171
2172,1823
2176,2109
2157,2368
2169,2215
2153,1963
2179,1930
2184,2003
2181,2530
2205,2141
2200,1989
2201,2193
2197,2164
2201,2301
2189,1818
2181,2133
2164,2088
2154,1900
2137,1901
2140,1864
2120,2115
2129,2312
2107,2026
2105,1941
2102,2251
2088,2007
2081,2000
2084,2231
2076,2037
2063,2172
2035,1869
2033,1896
2015,1520
2003,2128
2004,1977
1981,2164
1984,2344
1976,2168
1988,2368
1960,2279
1972,1865
1973,1677
1977,2273
1979,1683
1987,1969
1989,2073
1982,1896
1980,2075
1965,2331
1971,2207
1961,2172
1962,1984
1959,1907
1945,1896
1941,2056
1949,2168
1960,2020
1963,2283
1972,2131
1983,2153
1997,1908
2010,1925
2011,2281
2035,2287
2039,2353
2045,2196
2067,1919
2071,2125
2073,2101
2089,1856
2087,1980
2091,1887
2091,1816
2095,2109
2093,2111
2104,2075
2119,2216
2129,2160
2136,2016
2152,1873
2156,2016
2171,1945
2176,2038
2184,2081
2186,2023
2176,2079
2182,1683
2184,2007
2164,2139
2187,1883
2183,2125
2182,2065
2184,1925
2184,2123
2173,2127
2188,1821
2188,2246
2179,2063
2181,1817
2189,1925
2183,2118
2167,2113
2169,2149
2153,2129
2145,1703
2124,1984
2114,2166
2096,2003
2082,2111
2071,2153
2069,2152
2044,2063
2044,1980
2037,2028
2038,2104
2033,2095
2027,2020
2018,1935
2023,1977
2015,2065
2009,2117
1988,2024
1987,2057
1967,2088
1961,1995
1958,2036
1961,1979
1951,1771
1945,2126
1943,2161
1952,2074
1945,2208
1957,2136
1952,2018
1953,2115
1960,2008
1955,2218
1965,2167
1959,2033
1964,1951
1954,2063
1955,2173
1961,2011
1969,2043
1975,2231
1987,2201
1984,2152
1995,2023
2014,2015
2023,2162
2036,2059
2055,2105
2074,2093
2084,2025
2100,2046
2107,1981
2109,1972
2115,2000
2119,1964
2115,1862
2131,2007
2135,2188
2135,2219
2139,2025
2144,1895
2151,1945
2163,2191
2170,2066
2169,2063
2181,2135
2184,2141
2197,2272
2195,2005
2198,2032
2209,1984
2208,1887
2197,2294
2195,1996
2200,2143
2200,2237
2200,2040
2191,2163
2184,2149
2179,2152
2167,1904
2168,2043
2158,1891
2163,1909
2152,2188
2143,1912
2135,2009
2126,2076
2121,1996
2105,2111
2092,2220
2077,2025
2065,1976
2053,2125
2043,1974
2033,2019
2024,2067
2017,2023
2015,2081
2023,1996
2016,1915
2023,2068
2018,2027
2009,2084
1997,2055
1994,2065
1989,2010
1983,1853
1974,2071
1971,1929
1976,2056
1968,2029
1963,1959
1967,2172
1976,2127
1967,2209
1975,1979
1965,1867
1971,1916
1972,1963
1975,2097
1968,2150
1979,2036
1979,2063
1996,2073
2007,2035
2016,2184
2028,2035
2032,2129
2040,2015
2055,2083
2063,1896
2076,2003
2088,1993
2097,2073
2111,2249
2124,2199
2132,2227
2129,2030
2137,1991
2142,2072
2145,2048
2141,2044
2135,2130
2151,2012
2143,1831
2148,1971
2151,1875
2155,2072
2184,2089
2173,2007
2195,2011
2208,2067
2220,1908
2216,2065
2220,2037
2209,2096
2219,2168
2218,2096
2213,1967
2208,2012
2207,1917
2197,2057
2187,2240
2184,2153
2171,2115
2164,2027
2147,2045
2137,1972
2135,2211
2119,2029
2107,2013
2098,2157
2094,1992
2091,2097
2081,2099
2074,2009
2073,1974
2072,2152
2066,1975
2041,2067
2039,1991
2025,1960
2035,1971
2027,1999
2025,2082
2018,2047
2006,1991
2008,2067
2009,1973
1997,2102
1987,2021
1975,2071
1971,2014
1968,2059
1958,2010
1946,1960
1949,2152
1944,2063
1944,2155
1947,2058
1958,2035
1965,1993
1964,2031
1976,2093
1971,1929
1991,1864
2000,1932
2009,2018
2015,2149
2020,2164
2033,2087
2037,2027
2053,2091
2044,1960
2065,1969
2068,2082
2069,2099
2068,2017
2075,1868
2088,1930
2088,2113
2091,2161
2101,2122
2112,1995
2120,1930
2127,2071
2136,2011
2151,2042
2163,2043
2168,1971
2179,1968
2173,2028
2193,1983
2202,2019
2203,2152
2212,1991
2217,2058
2211,2028
2214,2006
2219,2108
2212,2124
2195,2055
2197,2089
2195,2016
2195,1980
2176,2042
2179,2003
2165,2099
2162,2092
2163,2076
2164,2032
2144,2031
2144,2024
2135,2077
2137,2104
2130,1991
2111,2014
2104,2044
2098,2033
2088,1979
2071,2111
2073,2033
2045,2099
2038,2081
2021,2041
2018,2016
2015,1975
2012,2035
2000,2080
1989,2104
1984,1992
1973,2009
1984,2008
1961,2099
1976,2055
1959,2162
1962,2156
1957,2044
1960,2019
1948,1999
1947,1999
1946,2029
1952,2101
1952,2084
1955,2079
1952,2024
1963,1987
1963,2076
1967,2099
1976,2056
1984,1992
1989,2030
2005,2023
2005,2079
2015,2007
2031,2041
2035,2065
2046,2075
2063,2083
2071,1997
2083,2041
2092,2075
2096,2067
2108,2011
2104,2016
2115,2094
2122,2091
2131,2023
2137,2041
2144,2030
2152,2021
2166,2064
2172,2063
2176,2017
2188,2037
2196,1995
2197,2011
2195,2020
2211,2027
2213,2061
2208,2025
2219,2058
2213,2032
2216,2053
2220,2043
2222,2015
2215,2027
2220,2079
2215,2046
2212,2012
2205,2032
2192,2011
2172,2067
2162,2077
2149,2066
2152,2047
2135,2062
2121,2065
2117,2040
2112,2024
2105,2037
2097,2038
2093,2088
2089,2033
2084,2065
2063,2075
2072,2037
2053,2034
2059,2032
2039,2064
2025,2063
2028,2041
2019,2029
2005,2008
1997,2060
1999,2025
1975,2045
1978,2035
1971,2063
1962,2033
1968,2020
1962,2010
1961,2064
1967,2079
1959,2079
1968,2029
1963,2068
1972,2057
1976,2073
1980,2037
1983,2080
1979,1977
1996,2045
1993,2045
2009,2058
2008,2080
2021,2045
2030,2041
2039,2007
2035,2029
2056,2035
2057,2040
2067,2053
2072,2035
2071,2073
2074,2029
2088,2072
2086,2075
2104,2084
2112,2019
2121,2019
2129,2072
2140,2045
2144,2070
2158,2021
2162,2065
2167,2023
2171,2040
2190,2019
2188,2023
2197,2044
2205,2064
2212,2003
2197,2035
2207,2059
2207,2010
2209,2063
2206,2040
2201,2033
2207,2036
2197,2061
2193,2040
2192,2067
2185,2102
2171,1997
2190,2090
2176,2055
2158,2091
2155,2057
2156,2009
2145,2090
2137,2008
2141,2007
2119,2028
2118,2035
2103,2100
2095,2020
2094,1981
2077,2058
2067,2070
2055,2037
2063,1993
2051,2071
2043,2006
2027,2035
2019,2027
2016,2019
1993,2091
2003,2070
1993,2065
1987,2074
1975,2076
1975,2043
1971,2019
1971,2082
1972,2066
1969,2035
1965,2015
1970,2030
1968,2033
1969,2052
1961,1997
1964,1995
1976,2073
1977,2071
1976,2009
1979,2040
1985,2021
1992,2042
1994,2081
2000,2063
2006,2019
2022,2084
2017,2048
2033,2036
2036,2035
2043,2032
2056,2105
2063,2035
2072,2032
2074,2056
2075,2067
2091,1976
2102,1945
2104,2013
2105,2077
2129,2060
2131,2070
2136,2045
2144,2095
2163,2067
2167,1976
2172,2035
2180,2075
2187,2065
2184,2048
2195,2026
2184,2003
2187,2057
2200,2024
2203,2043
2195,2108
2195,2072
2204,2039
2203,1989
2200,2021
2197,2063
2184,2037
2194,2026
2189,2104
2181,2057
2181,2055
2167,2035
2155,2080
2147,2072
2144,2012
2129,2005
2131,1990
2121,2073
2107,2069
2097,2053
2096,2058
2075,2093
2079,1973
2063,2075
2063,2029
2048,2017
2036,2026
2029,2099
2020,2028
2009,1947
2003,2071
2002,2034
1992,2019
1975,2080
1977,2044
1978,2039
1972,2091
1958,1955
1969,2056
1963,2071
1966,2055
1966,2077
1968,1979
1963,2160
1963,2030
1961,1977
1971,1971
1968,2080
1964,2124
1976,1976
1987,1940
1981,2008
1996,2137
1998,2063
2012,2069
2019,2037
2019,2008
2032,2055
2042,2088
2048,2031
2060,2093
2074,2095
2075,2071
2084,2007
2096,1981
2104,1949
2110,2063
2107,2079
2126,2048
2129,2063
2140,2088
2157,2007
2164,1948
2171,2065
2182,2063
2190,2082
2187,2016
2187,2027
2197,2102
2196,2124
2216,2043
2201,1939
2215,2104
2215,2082
2215,1999
2216,1940
2213,1996
2222,2009
2225,2152
2216,2027
2208,1917
2207,2043
2200,1994
2194,2015
2183,2065
2165,2035
2167,2042
2156,2019
2146,2000
2144,2057
2139,2080
2123,2036
2128,2011
2105,2095
2110,2122
2102,2087
2087,2077
2076,2155
2080,2117
2065,1997
2053,2007
2044,2021
2027,2058
2024,2073
2011,2024
2004,1997
1994,2021
1987,2093
1987,1997
1980,2073
1977,2037
1975,2026
1977,2040
1980,1964
1965,2103
1976,2071
1977,2079
1981,2029
1969,2080
1971,2186
1975,2063
1975,1993
1970,2068
1980,2011
1979,2079
1988,2088
1998,1939
1999,1992
2019,2138
2017,2010
2027,2076
2030,2102
2041,2112
2053,1957
2059,1991
2059,1899
2075,2012
2083,2099
2085,2025
2101,1955
2098,2063
2107,2071
2123,2008
2120,2135
2139,2096
2147,2101
2152,2148
2155,2120
2168,2000
2185,2027
2199,2076
2195,2008
2202,2069
2199,1979
2203,2011
2212,2038
2207,2061
2199,1959
2207,2094
2210,2085
2199,2120
2208,2071
2208,2121
2208,2095
2201,2044
2193,2058
2189,1984
2187,2096
2181,2063
2174,2023
2157,1957
2160,2076
2143,2143
2144,2063
2131,2150
2121,2203
2107,2096
2109,1949
2091,2099
2094,1892
2080,1967
2067,1968
2068,1879
2057,2043
2039,2143
2033,1878
2026,1951
2024,2015
2011,1807
1995,2039
1988,2119
1979,2185
1982,1884
1959,2038
1963,2147
1976,2035
1963,2084
1963,2171
1965,2348
1955,2155
1967,2048
1953,2107
1955,2105
1968,1993
1963,2013
1961,2017
1968,2063
1961,2122
1973,1995
1973,1953
1977,1991
1980,1956
1999,2003
1991,1903
2008,2102
2011,2076
2020,2039
2028,2073
2029,1970
2033,2093
2041,2004
2063,1873
2073,1867
2084,2067
2085,2077
2096,2196
2107,2104
2115,2037
2121,2096
2127,2128
2131,2063
2135,2042
2147,2234
2160,2093
2165,1981
2168,2039
2171,1881
2182,1935
2179,2093
2183,1956
2192,2092
2199,2297
2192,2185
2190,2081
2192,1987
2193,1798
2187,2085
2193,2122
2187,1965
2181,1930
2175,2083
2163,1992
2172,1943
2168,1933
2162,2238
2158,2171
2152,1953
2133,2043
2128,2076
2115,2121
2115,2071
2107,1991
2096,2033
2084,2087
2073,1988
2066,2089
2053,2036
2036,2016
2028,2123
2019,1984
2016,1853
2006,2017
1993,2156
1991,2139
1984,1962
1980,2041
1974,2039
1960,2097
1957,2109
1957,2037
1955,2199
1949,2195
1949,2091
1948,2013
1953,1885
1960,1893
1959,1907
1959,1812
1961,1991
1967,1995
1970,1965
1968,2001
1977,1859
1975,1894
1976,2063
1982,2140
1985,2077
1992,2247
1995,2053
2000,2145
2009,2089
2015,2039
2019,1939
2034,2136
2054,2092
2044,1916
2067,2107
2079,2055
2088,1851
2106,1978
2105,2047
2130,1887
2138,1923
2137,2007
2137,2024
2152,2140
2152,2071
2172,2029
2176,2200
2176,2160
2181,1964
2185,2088
2189,2067
2176,2027
2187,2007
2182,2103
2184,2048
2187,1959
2182,2041
2183,2069
2184,2096
2181,2093
2170,1993
2173,2066
2173,2221
2167,2119
2176,2039
2168,2079
2167,2076
2163,2006
2152,2184
2149,2003
2141,1916
2125,1988
2119,1897
2103,1952
2080,2059
2063,2075
2057,2069
2044,2243
2028,1844
2019,1668
2006,2065
1992,2209
1975,2036
1983,2040
1971,2198
1973,2055
1965,2117
1969,1948
1969,2026
1965,2425
1968,2171
1963,1891
1968,2214
1969,2141
1963,2228
1955,2155
1961,1805
1949,2060
1961,2187
1960,2072
1952,2133
1953,2053
1956,2033
1955,2121
1952,2231
1957,1834
1952,2168
1953,2276
1966,2011
1961,1952
1971,2104
1984,2072
1998,2103
2008,2018
2018,2007
2032,2185
2053,1882
2059,1947
2083,1677
2103,2101
2112,2199
2121,1852
2127,1997
2132,2093
2123,1991
2132,2012
2123,2028
2125,1703
2131,1929
2133,1999
2133,1769
2144,2044
2140,2136
2149,2093
2147,2104
2153,2168
2164,2053
2173,2145
2187,2053
2184,1983
2191,1987
2188,1956
2191,2042
2189,1963
2199,2169
2185,2161
2175,1968
2173,2120
2163,2124
2151,1926
2149,2200
2149,2017
2143,2009
2129,2090
2122,1723
2107,2169
2108,2032
2091,1975
2088,2069
2079,2264
2055,2107
2043,1916
2029,1777
2023,2155
2021,2345
2008,1835
2008,1944
1995,2233
1989,2095
1994,1966
1984,2083
1979,1843
1982,2077
1971,2088
1975,1744
1961,2158
1968,2272
1965,2058
1963,1881
1955,2081
1957,1912
1953,2355
1954,1999
1954,1887
1962,1991
1950,2205
1944,2139
1949,1795
1950,2144
1952,2073
1963,2289
1972,2057
1966,1944
1981,2228
1988,2015
1981,1905
2001,2012
2016,1849
2017,2189
2021,2217
2039,1577
2046,1980
2066,2027
2065,2115
2083,2259
2101,1893
2104,1869
2112,2015
2120,2227
2128,1784
2130,1917
2136,2087
2137,2071
2136,2016
2146,1796
2147,2025
2152,2003
2153,2019
2157,2063
2156,2019
2161,2108
2165,2124
2180,2001
2183,2003
2171,2225
2184,2027
2185,2166
2188,2021
2191,2064
2191,1981
2188,1911
2195,2080
2182,1930
2184,2199
2171,2065
2156,1983
2150,2113
2139,2187
2133,1925
2120,2199
2111,2233
2096,1816
2085,2165
2075,1837
2063,1937
2044,2263
2035,2009
2038,2043
2025,2144
2005,2024
2011,1975
2011,2351
1998,1759
2000,2063
1989,2015
1969,1929
1976,2111
1971,1977
1967,1899
1976,2033
1961,2147
1969,2080
1955,1975
1950,2214
1959,2213
1945,2155
1949,1891
1947,2132
1949,2095
1950,1848
1945,2019
1944,1963
1948,1959
1943,1943
1957,2059
1962,1779
1963,2228
1976,2229
1987,2006
1997,2009
2010,1908
2019,2072
2029,2099
2044,2134
2057,1925
2067,2221
2077,2072
2087,1915
2094,2112
2104,1959
2114,2089
2099,1958
2104,2088
2121,2080
2111,2350
2109,2123
2128,1979
2134,2273
2147,1998
2151,2270
2166,2136
2169,2115
2173,1901
2191,1909
2198,2