2030,2115
2021,2019
2015,1960
1995,1982
2007,2034
1987,1977
1973,2205
1975,2136
1972,2129
1971,2008
1961,2095
1962,2000
1952,2003
1954,2080
1950,2032
1941,2075
1947,1974
1955,1977
1945,1996
1951,2007
1964,1965
1949,2075
1963,2053
1968,2093
1969,2024
1973,2080
1975,2078
1979,2103
1984,2083
2000,2071
2008,2080
2006,2011
2015,1977
2009,2039
2029,2147
2040,1954
2056,2011
2060,2011
2066,2071
2088,2007
2099,2130
2099,1972
2107,2061
2115,1967
2123,2028
2137,1964
2125,2003
2145,2007
2152,2056
2159,2055
2167,1993
2172,1961
2179,2090
2183,2048
2172,2043
2185,2132
2197,2045
2193,2055
2196,2107
2199,2055
2198,2077
2188,2075
2191,2061
2188,1961
2187,2108
2182,1999
2168,2080
2171,2064
2171,2078
2160,2065
2152,2001
2139,2071
2133,2096
2141,2067
2128,1997
2118,2012
2105,2024
2095,2104
2086,2015
2088,2081
2072,2030
2073,2035
2056,2019
2043,2102
2037,1953
2024,2007
2015,2096
2009,2027
2008,2117
1991,2028
1980,2052
1975,2108
1971,2059
1968,1989
1968,2080
1951,2023
1961,2132
1952,2094
1951,1993
1949,2062
1951,2022
1957,1955
1949,2015
1952,2072
1958,2072
1956,2061
1960,2107
1964,1996
1976,1977
1971,2065
1987,2045
1980,2044
1995,2086
2004,2072
2012,1977
2012,2043
2027,2024
2026,2020
2037,2022
2051,2105
2048,2011
2063,2055
2068,1976
2080,2027
2091,1994
2103,2102
2105,2059
2115,2015
2119,2031
2132,2075
2143,2031
2147,2021
2155,2036
2170,1971
2165,2026
2187,2057
2191,2023
2187,2071
2185,2069
2186,2035
2197,2040
2188,2013
2187,1987
2185,2083
2194,2113
2193,2032
2199,1956
2197,2112
2189,2093
2187,1964
2173,1963
2179,2091
2184,2039
2164,2066
2164,2030
2156,1960
2152,2055
2139,2065
2132,1819
2121,2104
2127,2134
2099,2018
2100,2111
2093,2136
2078,2063
2071,2024
2064,1968
2053,1974
2042,2121
2031,2193
2024,2066
2011,2075
1999,2090
1999,2071
1986,1960
1977,2067
1975,2057
1976,2037
1969,2105
1966,2075
1972,1995
1959,2063
1967,2074
1961,2086
1960,2068
1962,2083
1962,2102
1963,2073
1963,2073
1966,2020
1955,2027
1974,2065
1979,2063
1976,2096
1993,2085
1988,2066
1995,2021
2003,1999
2007,2023
2019,2036
2024,2054
2031,2009
2041,2071
2047,2043
2051,2041
2063,2095
2073,1995
2081,1979
2089,2057
2103,2088
2107,2065
2121,2041
2128,2088
2136,2063
2143,2055
2155,2074
2153,2020
2154,1953
2163,2075
2181,2057
2181,2096
2179,2073
2185,2067
2199,1992
2197,2032
2211,1981
2209,2010
2216,2041
2208,2095
2215,2071
2206,2072
2211,2019
2199,2001
2191,2045
2184,2071
2176,2008
2162,2099
2161,2076
2154,2091
2149,2075
2149,2033
2136,2031
2131,2043
2123,2111
2116,2120
2109,2094
2099,2063
2089,2009
2088,1993
2077,2063
2067,2087
2055,2109
2041,2093
2036,2035
2029,2070
2015,2005
2009,2023
1997,2067
1996,2039
1976,2037
1975,1994
1969,2065
1960,2056
1956,2045
1964,2109
1957,2030
1960,2057
1954,2086
1952,2008
1960,2035
1957,2021
1956,2065
1960,2016
1955,2106
1961,2048
1971,2124
1973,2067
1984,2019
1989,2029
1993,2091
1996,2024
2000,2031
1995,2067
2005,1999
2009,2037
2015,2104
2027,2011
2025,2076
2040,2087
2060,2063
2063,2112
2076,2071
2087,1943
2091,1988
2104,2040
2121,1967
2121,1953
2129,1998
2137,2044
2151,2044
2163,2082
2156,1975
2163,2104
2163,2075
2180,1993
2187,1991
2188,2015
2185,2019
2195,2080
2199,2021
2207,1987
2205,2001
2201,2073
2199,2008
2205,1972
2200,2045
2191,1949
2200,2021
2192,2005
2184,2021
2169,1993
2168,2056
2163,2026
2154,2036
2147,2073
2147,2068
2144,1944
2137,2001
2127,1923
2125,2081
2107,2127
2103,1997
2085,2097
2077,2126
2072,2057
2056,2017
2042,2023
2031,2064
2015,2078
2018,2035
2017,2076
2003,1972
2004,2087
1996,2101
1996,2027
1976,2024
1984,2037
1987,2063
1975,2056
1970,2036
1960,1959
1955,2059
1952,2037
1959,2039
1952,2066
1953,2033
1952,2007
1957,2080
1964,2096
1963,2073
1970,2125
1994,2084
1997,2039
2001,2017
2009,1981
2023,2057
2030,2068
2026,2063
2036,2079
2037,2067
2029,2032
2043,2066
2052,1949
2063,2106
2059,2015
2072,2075
2076,1932
2101,2063
2114,2098
2116,1993
2140,1963
2148,2003
2151,2091
2155,2002
2166,2028
2181,2036
2188,2027
2192,2077
2195,2004
2195,1943
2198,2025
2193,2029
2195,1961
2199,2080
2209,2027
2200,2016
2213,2128
2219,1997
2208,1995
2214,2024
2216,2011
2203,2024
2211,2122
2202,2039
2180,2057
2176,2055
2168,2027
2166,2069
2157,2041
2144,2058
2147,1975
2136,2055
2128,2096
2125,2097
2121,2039
2119,2059
2108,2065
2099,2055
2085,2030
2085,1978
2069,2055
2043,2044
2044,2016
2030,2015
2011,2069
2003,2088
1995,2023
1977,2051
1980,1980
1963,2117
1965,2002
1962,1975
1970,2088
1969,2009
1965,2037
1969,2001
1976,2053
1987,2077
1990,2089
1989,1964
1995,1959
1981,2063
1981,2093
1976,2069
1973,2023
1966,2027
1964,2021
1968,2016
1973,2041
1987,2012
1991,2023
2005,2015
2009,2120
2028,2047
2042,1963
2056,2019
2069,2012
2085,2144
2091,2067
2107,2019
2104,2088
2108,2056
2108,2040
2110,1941
2121,2014
2124,2079
2123,2161
2128,2068
2133,2131
2140,1909
2145,2073
2158,1973
2167,1933
2179,2016
2183,2096
2203,2107
2213,2037
2212,2103
2209,2008
2220,2074
2208,2009
2223,2120
2211,2071
2208,2108
2204,1963
2185,2053
2188,2077
2169,2008
2169,1989
2155,2079
2156,2073
2156,2088
2153,2008
2147,1939
2140,2033
2135,2065
2123,1997
2120,1944
2107,1979
2092,2083
2093,2120
2084,2139
2065,2063
2065,1865
2056,2043
2051,2009
2035,2063
2040,1981
2026,1927
2010,1958
2008,2151
1999,2016
1993,2152
1979,2063
1967,2081
1968,2019
1945,2115
1956,2019
1943,1901
1948,2231
1939,1993
1952,2059
1945,2088
1960,2079
1944,2009
1961,2136
1980,1940
1977,1964
1989,2205
1992,2041
1991,2028
1992,2080
1989,2020
1994,1945
1993,2116
2000,2071
1997,1982
2012,2133
2009,2163
2010,1920
2023,1963
2033,2099
2067,2007
2071,1944
2083,2122
2104,2101
2116,2144
2123,2147
2136,1953
2123,1944
2141,2257
2142,2045
2152,1970
2149,2112
2162,1969
2168,2085
2157,2088
2168,2112
2175,1981
2171,2003
2184,2037
2189,1871
2201,1887
2207,2055
2200,2085
2197,2140
2204,2091
2192,2065
2196,1947
2192,2023
2200,2104
2185,1971
2186,2069
2176,2093
2176,2045
2162,2119
2160,2104
2151,1936
2146,2118
2140,2200
2128,1983
2115,1884
2113,2200
2099,2138
2086,2145
2080,2131
2053,1934
2054,2071
2051,2056
2037,2081
2037,1941
2027,2117
2021,1907
2019,1963
2013,2252
2007,1844
1997,1849
1989,1965
1977,2219
1976,1977
1969,1995
1974,2113
1963,2092
1947,2168
1955,2056
1957,1995
1946,1992
1945,2179
1950,2063
1957,2099
1963,2055
1954,2089
1957,2047
1961,2000
1976,1889
1993,1963
1991,2185
1997,1912
2012,2132
2016,1945
2025,2076
2032,2011
2037,2091
2056,1992
2058,2134
2063,2099
2063,1975
2075,2093
2088,2129
2083,2167
2077,1995
2091,2223
2097,2160
2110,2221
2123,2021
2131,1927
2128,1961
2148,2003
2154,1995
2164,2087
2176,2003
2183,1968
2192,2137
2193,2043
2206,1859
2211,1834
2211,2017
2225,2075
2228,2161
2217,2071
2211,2152
2209,2088
2193,2192
2189,1980
2169,1853
2153,2034
2159,2113
2149,2151
2150,2063
2142,1993
2125,2033
2131,1912
2135,1848
2136,1907
2132,1865
2127,2003
2124,1977
2112,2056
2108,1879
2088,2097
2083,2076
2067,2012
2069,2167
2056,2224
2029,2166
2024,2002
2013,2203
2007,2028
1995,1996
1977,2023
1960,2041
1964,1847
1948,2040
1952,1901
1945,1953
1947,2020
1947,1966
1951,1856
1959,2092
1959,2152
1955,1865
1964,2019
1963,2120
1968,1896
1967,2039
1963,2224
1971,2116
1976,2153
1975,2143
1980,1932
1975,1964
1987,2038
1991,2075
2000,2103
2004,2195
2010,2089
2015,2081
2022,1765
2036,2044
2046,2066
2058,2137
2072,2053
2080,1981
2080,2108
2103,2217
2108,2232
2113,1984
2129,2031
2134,2153
2135,2073
2144,1931
2153,2065
2156,2019
2156,2111
2167,1999
2164,1956
2181,2127
2169,2208
2191,2073
2196,2071
2199,2080
2193,2071
2196,2077
2196,2027
2193,2104
2194,2083
2194,2067
2188,2119
2180,1973
2184,1875
2175,1992
2170,1967
2163,2027
2171,1973
2160,1964
2152,1902
2132,1868
2139,2144
2125,2053
2120,2037
2105,2071
2098,1848
2088,2010
2074,2150
2069,1995
2047,1941
2036,2257
2025,2174
2015,2044
2010,2251
2009,2043
1995,2023
2004,2002
1987,1837
1997,1958
1979,2088
1977,2121
1976,1938
1971,2149
1975,2087
1962,1945
1948,2181
1962,1978
1951,2060
1943,1962
1933,2133
1939,1912
1935,2005
1944,2120
1943,1960
1955,2063
1955,1968
1961,2108
1976,2009
1984,2103
1991,2011
1991,1968
2007,2199
2004,2220
2005,2027
2013,2053
2027,2168
2027,2121
2040,1923
2044,1950
2056,1892
2066,2025
2071,2130
2077,1911
2072,1892
2093,2097
2104,2129
2103,2021
2121,2256
2124,2328
2123,2239
2144,1992
2139,1908
2164,1942
2163,2123
2174,2003
2179,2010
2186,2135
2196,1988
2199,1933
2203,2052
2204,1869
2201,1963
2195,1991
2189,2083
2191,2043
2188,2165
2184,2101
2165,2201
2166,2083
2147,2127
2153,1996
2143,2117
2142,2199
2129,2108
2130,2248
2119,2081
2115,1909
2117,1959
2110,2153
2115,1999
2110,2171
2098,2138
2088,1973
2080,2081
2068,2157
2056,1882
2027,2143
2025,2144
2008,1992
1997,2188
1975,2185
1973,2091
1965,2151
1961,2299
1955,2155
1960,2058
1956,2040
1949,2036
1954,1885
1956,2123
1953,2152
1951,2080
1951,2103
1963,2115
1965,2147
1953,2071
1947,2122
1951,2023
1955,2107
1957,2157
1963,2067
1971,2009
1975,2173
1994,2042
1984,2009
1993,2029
1992,2037
2004,2003
2005,2176
2009,2099
2017,2115
2023,2143
2033,1987
2036,2221
2059,1999
2069,1947
2081,1984
2102,2024
2099,1915
2115,2143
2128,2096
2119,2073
2143,2067
2142,2172
2156,2036
2155,1991
2155,1891
2164,1945
2163,2136
2169,2028
2179,1967
2181,1971
2187,2147
2184,2137
2192,2072
2183,2019
2199,2004
2187,2015
2200,2100
2200,1995
2192,2065
2192,2280
2186,2007
2184,1942
2181,2092
2161,1979
2145,2003
2143,2136
2131,1991
2128,1981
2126,2015
2117,1983
2100,1949
2089,2071
2085,2063
2083,1927
2074,2001
2063,2008
2056,2044
2053,1917
2039,2024
2033,2060
2016,2035
2015,2097
2012,2123
2004,1976
1997,2150
1977,2103
1973,1818
1965,1897
1961,2063
1950,1768
1952,2013
1951,1974
1933,1819
1936,2120
1942,1984
1941,2205
1946,2165
1945,2256
1951,1790
1945,2129
1963,2040
1956,1882
1970,1896
1977,2023
1976,2017
1991,2089
1996,2280
2001,1891
1997,1903
2004,1832
2016,2159
2024,2017
2027,2041
2043,2259
2037,2152
2056,1959
2063,1972
2073,1827
2079,1729
2080,2163
2088,2070
2094,2069
2091,2039
2104,2005
2116,2072
2117,2318
2125,2233
2151,2192
2149,1848
2165,2168
2169,1952
2179,1912
2197,2243
2191,1769
2193,1843
2195,2195
2193,2285
2188,1879
2187,2221
2180,1771
2169,1812
2167,2233
2168,2093
2156,1927
2143,1907
2140,2240
2144,2063
2139,2225
2131,1909
2136,2083
2121,2003
2136,2335
2131,2104
2125,2331
2116,2203
2115,2095
2093,2160
2104,1841
2077,2328
2065,2166
2063,1941
2040,2077
2031,2171
2009,2000
1995,2106
2001,2045
1977,2068
1978,2321
1967,2175
1966,2023
1959,1972
1955,2104
1956,2041
1944,1950
1943,2032
1943,2325
1937,2005
1944,1979
1944,2124
1943,2106
1939,2116
1944,2093
1952,1797
1959,2019
1955,2296
1965,1936
1973,2032
1962,2121
1975,2004
1972,2273
1977,2095
1973,2123
1980,2150
1979,2291
1989,2176
1999,2097
2004,2132
2015,2176
2021,1927
2032,2155
2056,2167
2072,2024
2083,2200
2090,2294
2093,2048
2103,2151
2109,2199
2121,1926
2121,2087
2116,1944
2131,1877
2136,1873
2148,1883
2152,1894
2154,2057
2159,2029
2163,2005
2173,2004
2176,1907
2188,1943
2179,2003
2196,1961
2194,1961
2194,1904
2187,2134
2185,2219
2195,2060
2195,2002
2171,1931
2162,2123
2163,2099
2155,2080
2152,2016
2136,2063
2129,2060
2121,1992
2119,2096
2101,2108
2097,2098
2093,1955
2096,1974
2093,1928
2081,2093
2068,2027
2064,2017
2043,2113
2051,1983
2034,1889
2027,2012
2016,1912
2013,2087
2008,1939
2003,1929
1989,1877
1985,2257
1966,1995
1960,2053
1964,2131
1950,1937
1940,1920
1931,1865
1937,2103
1939,2051
1938,2143
1929,2115
1941,2069
1939,2288
1943,2099
1948,1955
1945,2043
1960,2124
1976,2115
1965,1953
1993,1917
1994,1976
2007,2010
2013,2123
2016,2060
2018,2048
2020,2174
2025,2126
2023,1955
2029,2021
2032,1860
2041,2012
2039,1888
2040,1991
2068,2167
2071,2069
2079,1999
2087,2107
2104,1897
2120,1964
2132,2072
2143,1963
2160,2004
2172,2024
2184,1996
2185,1963
2191,2087
2195,2002
2200,1911
2201,1971
2199,2025
2183,1749
2189,1915
2184,2007
2187,1987
2171,2150
2169,2203
2173,1897
2160,2021
2156,2128
2152,1902
2153,1992
2143,2075
2145,2067
2142,2106
2136,2064
2137,2105
2138,1990
2125,2132
2129,2078
2127,2036
2110,2089
2093,2096
2087,2000
2081,2143
2072,2001
2056,1929
2029,2099
2020,2146
2001,2037
1968,1979
1981,2081
1966,2069
1952,1969
1943,2124
1945,2095
1940,2121
1943,2349
1947,2235
1946,2087
1945,2272
1963,1808
1953,1993
1957,2072
1960,1883
1961,1923
1957,1940
1948,1981
1954,2105
1952,2115
1952,1961
1948,2076
1952,2105
1945,1996
1949,1940
1944,2044
1960,1867
1968,1875
1965,1811
1988,2188
1996,2291
2003,2131
2011,2281
2023,1867
2039,1978
2041,2170
2048,1853
2067,1762
2078,2153
2091,2129
2101,1913
2103,2185
2120,1980
2120,2042
2124,2139
2140,2091
2140,2269
2140,2192
2148,2240
2136,2031
2143,2155
2155,1944
2156,1996
2158,2224
2157,1726
2168,2124
2169,2224
2169,2144
2166,1687
2171,2163
2176,2183
2173,1761
2187,1909
2171,2117
2171,1875
2168,2264
2158,2206
2152,1612
2143,1896
2128,2170
2120,1735
2110,1907
2110,2284
2092,1965
2083,1936
2071,2231
2071,1956
2058,1930
2042,2280
2044,1760
2034,1924
2026,2336
2015,1950
2018,1961
2003,2287
1993,2013
1982,2024
1985,2248
1978,1699
1960,1995
1957,2251
1951,2134
1951,2097
1940,2107
1944,1989
1937,2103
1933,2137
1931,1860
1940,2007
1937,2074
1943,2071
1945,2071
1943,2029
1935,2195
1946,1981
1951,1950
1963,1989
1969,1920
1963,2210
1969,2079
1972,1992
1976,2063
1975,2095
1991,1846
2003,2045
2008,1901
2007,1759
2019,2133
2016,2063
2025,2091
2044,2053
2041,2143
2069,1964
2073,1962
2080,2237
2101,1987
2124,1984
2131,1965
2131,1879
2145,2072
2147,2141
2163,2013
2171,1815
2165,2024
2163,1974
2165,1889
2173,1998
2163,2096
2163,2107
2161,2079
2164,2080
2179,2034
2161,2153
2166,2095
2167,2027
2169,2024
2172,2072
2173,2007
2171,2201
2171,2148
2173,2171
2166,2019
2167,2160
2159,2107
2145,2067
2140,2145
2126,2076
2120,2063
2104,2094
2089,1997
2077,2116
2056,2164
2053,2135
2032,1975
2027,2136
2009,2007
2008,2003
1993,2032
1987,1956
1991,2042
1977,2065
1973,1995
1976,2009
1972,2099
1964,1763
1961,2008
1962,2013
1959,2015
1959,1987
1956,2040
1947,1865
1947,2036
1949,2154
1941,1946
1941,1929
1932,2103
1933,2128
1930,1825
1935,1955
1937,2157
1941,2019
1927,2063
1943,2084
1955,2007
1960,2109
1965,2069
1974,1812
1991,1993
1999,2149
2007,1961
2018,2168
2021,2115
2044,2104
2045,2194
2045,2091
2069,1883
2076,1976
2096,2196
2091,2009
2096,1966
2107,2029
2090,2135
2098,2040
2110,2005
2103,2084
2128,2064
2127,2115
2103,2001
2130,1995
2141,2098
2143,2118
2158,2037
2162,1952
2157,2045
2180,2153
2184,2063
2184,2063
2190,2071
2187,2037
2180,2091
2187,2092
2174,1932
2171,2107
2151,2109
2143,1943
2143,2074
2132,2013
2119,1970
2104,2161
2089,1969
2084,2032
2083,2175
2077,2087
2067,1992
2064,2070
2066,2109
2044,2037
2055,1951
2043,1977
2031,1969
2024,2160
2002,2020
2001,2040
1993,1989
1975,2148
1973,1949
1957,2069
1964,2007
1945,1879
1945,2140
1944,1997
1937,2080
1928,2080
1932,2139
1927,1973
1920,2098
1918,2208
1925,1871
1919,2176
1912,2109
1917,2011
1932,1991
1927,2086
1931,1876
1934,2137
1925,2111
1939,1931
1952,2105
1947,2088
1964,2090
1972,1968
1978,2148
1990,1926
1996,1996
2005,1955
2015,1925
2021,2004
2019,2003
2033,2034
2043,1979
2054,2104
2057,2008
2056,1989
2071,2059
2076,2072
2071,2012
2079,2059
2087,2120
2094,2083
2105,2009
2121,2063
2140,2037
2141,2027
2151,2019
2143,1980
2155,2055
2153,2126
2161,2094
2167,2007
2155,2024
2163,2153
2156,2094
2158,2060
2160,1915
2148,1969
2149,2105
2151,2017
2137,2024
2136,1850
2131,2041
2117,2131
2127,2040
2120,1993
2110,1968
2107,2068
2088,2076
2072,2082
2069,1971
2067,2021
2057,2073
2053,1999
2037,2019
2030,2023
2021,2116
2012,2088
1995,2144
2003,1968
1979,2116
1983,1993
1987,2053
1965,2104
1959,2011
1960,2068
1943,2119
1949,1954
1938,1981
1925,2188
1925,2019
1928,2068
1915,2053
1917,2084
1920,2067
1917,2078
1915,2030
1919,1971
1920,2093
1933,2077
1937,2029
1936,2013
1937,2008
1937,2160
1956,1915
1953,2143
1964,2120
1959,1928
1975,2043
1987,2040
1996,1999
1995,2124
2008,2069
2009,1901
2021,2265
2037,2097
2044,1937
2043,2033
2068,2152
2070,2041
2069,2012
2084,2039
2071,1895
2076,2141
2089,2023
2099,2045
2120,1932
2129,2107
2140,1981
2144,2048
2149,2099
2165,2024
2172,1963
2183,2027
2183,2008
2183,1909
2172,2080
2180,2035
2175,1969
2158,2099
2155,2051
2158,1924
2153,2037
2149,1996
2139,1995
2135,2106
2139,2120
2123,2013
2123,2096
2124,2123
2123,1957
2117,2066
2105,2081
2096,2043
2097,2034
2071,2081
2063,1978
2068,1970
2042,2141
2035,2041
2025,2030
2019,2062
2001,2073
1992,2059
1979,2016
1982,2073
1967,2099
1966,1959
1949,2144
1943,2063
1944,1979
1925,2092
1932,2060
1928,2057
1916,2029
1927,2063
1926,2027
1907,2129
1921,2019
1913,2025
1925,2165
1929,2099
1930,2027
1925,1999
1925,2024
1939,2055
1940,2120
1955,2022
1949,2038
1960,2092
1965,2023
1964,2084
1963,2009
1965,2053
1975,2035
1979,2097
1994,2089
2001,2063
2008,1992
2023,2063
2032,2017
2043,2057
2067,2024
2073,2012
2080,2035
2097,2063
2095,2055
2103,2005
2103,2027
2115,2113
2128,2137
2137,2040
2123,2009
2140,1959
2143,2123
2143,2084
2136,1953
2157,2133
2160,2108
2165,2041
2155,1989
2167,2056
2155,2000
2155,2165
2159,2112
2153,1908
2153,2077
2146,2111
2137,1982
2146,1941
2131,2091
2132,1959
2123,2124
2120,2011
2106,2076
2103,2135
2091,2018
2083,1975
2076,2019
2063,2148
2063,2033
2056,2140
2038,1972
2027,2112
2015,2123
2005,2147
1995,1934
1987,1945
1976,2115
1971,2119
1957,2040
1955,2121
1950,2075
1943,2060
1941,2149
1936,2075
1938,2024
1930,2180
1925,2076
1928,2021
1920,2123
1918,1949
1911,2030
1914,2118
1920,1981
1916,1976
1903,2225
1918,1900
1915,2080
1931,1975
1925,2027
1935,2132
1941,1874
1953,2007
1950,2084
1960,2168
1971,1885
1977,1954
1974,1980
1985,2131
1984,2051
1997,1984
1997,2066
2007,2125
2021,2071
2025,1959
2044,1900
2058,2143
2072,1979
2080,2002
2089,2016
2106,2041
2107,2121
2118,2044
2117,1948
2127,1980
2126,2085
2124,2039
2137,1919
2135,2024
2131,2016
2136,2017
2135,2080
2151,2002
2153,2040
2151,2057
2156,2099
2163,1950
2155,1973
2163,2096
2164,2023
2161,2025
2160,1901
2148,2025
2133,1971
2121,2135
2115,1984
2119,2016
2102,2093
2093,2105
2092,2000
2087,1961
2081,1983
2072,1947
2069,2248
2057,1913
2037,1986
2032,2104
2027,1977
2016,2010
2005,2041
1995,1945
1981,2184
1975,2088
1976,1947
1957,2131
1963,2021
1947,2104
1945,2053
1951,2109
1947,1918
1946,2007
1943,2116
1944,2088
1941,2160
1936,1957
1932,1956
1925,2076
1920,2080
1913,1907
1898,1987
1901,2088
1913,2147
1901,2266
1924,2035
1917,2095
1927,2129
1948,2085
1952,2008
1959,1975
1982,2027
1977,2037
2004,2087
2001,2088
2013,2004
2023,2183
2023,2140
2022,1849
2032,2101
2028,2039
2035,2040
2048,2024
2066,1993
2071,2221
2079,2159
2076,2151
2091,2071
2105,2085
2110,2231
2123,2157
2133,2025
2139,1920
2150,2152
2150,2068
2154,1785
2153,2119
2157,2205
2165,2166
2164,2037
2153,2034
2168,2013
2172,2044
2167,2229
2161,1631
2167,1955
2155,2224
2163,2137
2147,1884
2142,2015
2136,2136
2122,2181
2113,2181
2110,1806
2093,1979
2099,2240
2088,1992
2083,1809
2075,1837
2075,1966
2071,2154
2063,1816
2063,1831
2056,2076
2054,2048
2028,2021
2016,1807
1996,2067
1977,2165
1979,1927
1963,1880
1943,2080
1939,2128
1936,2071
1932,2056
1932,1961
1930,1924
1943,2221
1941,2057
1941,1859
1943,2091
1949,2188
1951,2131
1943,2011
1944,2007
1947,1925
1941,2072
1939,2079
1915,1932
1920,2024
1930,2040
1924,2144
1938,2081
1950,2088
1935,1990
1947,2026
1964,2015
1979,2073
1989,1941
2003,1959
2016,2004
2023,2176
2033,2008
2035,2154
2043,2096
2048,2063
2058,2075
2067,1972
2077,2056
2073,1835
2088,1981
2093,1971
2100,2091
2101,2065
2107,2173
2119,1981
2131,1898
2135,2062
2144,2110
2131,1976
2147,2063
2159,2153
2159,1930
2154,1931
2156,2005
2160,2015
2163,1918
2156,2047
2157,1907
2157,2097
2168,2139
2171,1976
2165,2123
2171,2120
2151,1915
2144,1982
2129,2053
2118,2056
2105,2127
2097,1975
2079,1999
2065,2164
2059,2163
2045,1792
2033,1904
2035,2112
2024,2200
2037,2108
2019,1975
2016,2085
2019,2273
2011,2093
2008,1920
2007,1940
1981,2019
1988,2001
1962,2032
1958,1977
1953,2151
1944,2152
1935,2034
1927,1952
1920,2008
1918,2088
1916,2096
1928,1891
1917,2037
1919,2224
1912,2036
1916,1954
1927,1884
1930,2120
1943,2135
1939,2056
1947,1955
1953,2117
1959,2238
1955,1877
1969,1975
1965,2058
1979,2171
1999,2147
2008,2053
2010,1987
2006,2191
2010,2233
2016,2144
2024,2140
2028,1949
2028,1992
2043,2216
2041,2027
2063,2044
2074,2011
2085,2150
2099,2071
2101,2075
2109,2015
2131,2088
2152,2089
2152,2017
2163,2026
2165,2045
2167,2157
2168,2045
2168,2180
2152,2088
2157,2048
2159,2006
2160,2189
2164,2011
2154,2025
2155,2135
2138,1973
2149,2063
2153,1980
2155,2073
2163,1939
2155,2029
2148,2048
2140,2140
2144,2080
2140,2001
2132,2023
2112,2085
2105,2140
2096,1844
2083,2035
2074,2143
2063,2183
2062,1979
2042,2120
2032,1997
2016,2193
2011,2093
2004,1811
1989,2136
1980,2147
1980,2155
1969,2005
1964,2005
1961,2019
1955,2042
1943,2031
1952,1851
1943,2071
1945,2155
1947,2082
1947,1959
1948,2056
1945,2176
1947,2138
1951,1977
1952,1919
1935,2288
1935,2059
1946,1933
1932,1941
1949,1973
1945,2117
1944,2063
1946,1951
1949,1895
1965,2171
1971,1987
1980,1947
1989,2171
2007,2100
2013,1959
2033,2037
2055,1797
2059,1899
2072,2251
2076,2111
2091,1933
2087,2223
2103,2080
2104,2147
2108,2275
2107,2120
2103,2027
2107,2133
2121,2025
2121,2057
2133,2153
2150,2099
2152,1845
2147,2014
2165,2198
2168,2141
2173,1920
2184,2070
2178,2107
2191,2118
2203,2007
2183,1820
2197,1974
2185,2264
2171,2355
2184,1894
2171,2096
2171,2312
2159,1957
2139,2047
2152,1752
2133,1880
2135,2253
2132,2074
2111,1706
2118,2139
2104,2256
2088,1837
2077,1848
2077,1949
2069,2107
2058,2240
2044,1912
2035,1732
2019,2128
2027,2185
2016,1937
2001,1824
1997,1987
1984,2191
1971,2177
1963,1956
1963,1887
1955,2350
1947,2233
1957,1863
1953,1856
1951,1973
1947,2279
1945,1993
1954,1771
1943,2023
1928,2089
1937,2063
1928,1801
1940,2089
1937,2040
1944,2384
1933,1816
1951,1965
1959,1984
1953,2140
1965,1999
1968,1995
1975,2168
1979,2107
1991,2120
2010,1928
2021,2087
2021,2221
2037,1987
2039,1876
2035,2063
2062,2272
2065,2195
2068,1981
2091,1966
2084,2234
2091,2237
2109,2003
2110,1892
2125,1939
2133,2143
2138,2136
2151,1968
2150,1948
2155,1909
2151,2232
2160,2041
2169,1996
2169,2168
2163,2163
2168,1955
2171,2036
2174,1976
2168,2101
2176,2345
2167,2121
2170,1901
2175,2062
2173,2184
2183,1901
2172,2206
2176,1845
2172,1913
2157,2089
2143,2176
2135,1862
2124,2085
2118,2139
2109,2055
2088,2035
2070,2171
2067,1772
2038,2043
2029,2127
2022,1768
2017,1909
2011,2229
2002,2053
1981,1963
1987,2129
1981,2034
1984,2215
1990,1939
1979,1798
1967,2080
1971,2157
1966,2136
1972,2027
1972,2148
1963,2077
1953,2087
1947,2127
1956,2011
1944,2195
1937,2301
1917,1906
1915,2082
1907,1992
1911,2040
1907,2373
1912,2079
1917,1960
1929,2261
1937,2028
1956,2008
1960,2088
1976,2094
2001,2161
2016,2248
2035,2155
2040,1821
2053,2195
2063,2282
2064,2063
2077,1967
2075,2039
2077,1875
2077,1932
2080,1965
2076,1957
2075,2023
2069,2319
2075,2107
2098,1824
2096,1917
2106,2099
2127,2056
2136,1915
2149,1996
2155,2009
2164,2149
2184,2157
2197,1955
2199,1909
2208,2041
2202,1861
2207,1867
2207,2115
2200,2165
2199,1936
2185,2117
2185,2129
2173,2088
2174,1782
2159,1910
2164,2017
2152,2020
2132,2195
2129,1913
2125,1995
2116,2228
2101,2275
2104,1980
2096,1843
2087,1989
2079,2033
2073,2092
2071,1833
2056,1907
2059,1867
2040,2133
2033,2160
2032,2112
2019,1810
2016,2019
2009,2042
1995,2091
1993,2026
1980,1881
1964,1979
1957,1887
1957,1875
1956,1968
1943,2115
1941,2007
1940,2214
1939,2016
1941,1927
1943,1815
1935,2065
1939,2033
1946,2025
1943,2140
1941,1912
1947,2144
1964,2189
1975,1949
1980,1869
1972,2145
1981,1968
1993,1905
2003,1935
2012,1780
2011,2044
2020,2251
2039,1981
2038,2079
2043,2109
2037,2055
2040,1881
2063,2248
2072,2128
2076,1941
2077,2208
2092,2103
2096,2179
2109,2141
2111,2181
2119,1992
2138,2028
2145,1960
2153,1952
2164,2096
2157,2133
2184,2008
2189,2085
2184,2173
2188,1958
2183,2060
2183,2176
2184,1872
2176,1963
2171,2105
2165,1918
2168,2110
2164,2087
2153,1920
2144,1935
2168,2130
2160,2075
2156,1947
2152,2019
2150,2208
2151,2011
2139,1996
2131,2001
2123,1988
2103,1923
2096,2160
2075,1851
2071,1740
2044,2036
2035,2063
2028,1917
2007,2088
2011,1979
2004,1923
2007,2063
1995,1995
2006,2072
2001,2039
1999,2130
1996,1983
1979,2019
1973,2097
1975,2029
1951,2063
1951,2136
1945,2055
1937,2054
1932,2135
1930,1987
1915,1937
1918,2085
1916,2087
1917,1969
1915,2113
1929,2042
1945,1941
1950,2120
1961,1971
1975,2107
1973,1997
1989,2274
2001,1832
2001,2071
2004,2063
2014,2071
2011,2092
2025,2109
2026,1987
2024,1973
2039,2132
2043,2063
2039,1944
2063,1977
2068,2001
2075,1897
2091,1947
2094,2063
2098,2044
2101,2032
2119,2074
2127,1884
2135,2029
2139,1939
2156,1989
2155,2133
2168,2065
2169,1984
2187,2158
2189,2034
2192,1994
2191,1993
2197,2117
2193,1937
2181,2024
2171,2024
2169,2016
2176,2086
2167,2076
2154,1973
2149,2216
2147,2169
2152,1951
2144,2071
2137,2007
2140,2135
2136,2139
2138,2339
2131,1771
2107,2220
2120,2027
2107,1887
2094,2025
2087,1969
2071,1807
2059,2015
2063,2240
2033,1899
2024,2123
2025,1813
2008,2015
2004,1824
1979,2007
1976,2036
1977,2063
1961,2181
1962,1975
1957,2013
1952,2106
1953,2058
1947,2153
1947,2073
1960,2041
1956,2111
1942,1991
1953,2097
1949,2148
1960,2135
1950,2015
1952,1977
1960,1811
1960,1987
1966,2075
1965,2018
1966,2074
1971,1979
1984,2079
1979,1951
2002,2138
2007,2063
2011,2079
2013,1917
2023,2115
2026,2079
2040,2143
2056,2143
2055,2104
2068,1952
2083,2033
2096,1977
2095,1948
2120,2231
2124,1976
2129,1997
2135,2054
2143,1992
2152,2025
2153,2125
2153,1961
2170,2082
2167,2155
2169,2059
2176,1991
2183,2087
2179,2229
2190,2216
2193,2036
2193,2035
2200,2041
2195,2099
2195,2175
2200,1997
2196,2172
2193,2136
2195,2065
2187,2042
2188,1967
2172,2068
2153,2132
2152,2134
2140,2035
2136,2153
2117,1947
2104,2042
2090,2037
2084,1990
2080,2133
2058,2008
2065,2003
2055,1947
2055,2122
2044,1924
2042,2048
2027,2063
2032,2027
2022,2069
2015,2117
2009,1912
1989,2067
1988,2075
1972,2063
1966,1995
1969,2030
1953,2103
1947,2093
1945,2071
1945,2028
1941,2141
1944,2024
1935,1984
1944,2081
1939,2132
1941,2129
1943,1983
1955,1980
1957,1968
1964,2205
1975,2063
1982,1995
1992,2011
1989,2104
1999,2063
1997,1987
2015,2072
2013,2021
2025,2132
2029,2043
2039,1927
2035,2075
2044,2063
2058,2007
2069,2052
2075,2040
2071,1999
2083,2075
2105,2066
2109,2027
2119,2020
2135,2076
2143,2059
2152,2019
2155,1988
2161,2096
2171,2027
2167,2109
2179,1981
2183,2071
2197,2011
2199,2070
2190,2147
2195,2139
2199,2074
2195,2092
2192,2072
2189,2020
2181,2072
2173,2068
2171,2104
2176,2008
2166,2065
2153,2104
2155,2037
2139,2060
2140,1958
2133,2037
2133,2075
2126,2077
2117,2069
2103,2088
2095,2019
2089,2043
2085,2101
2071,2001
2068,2083
2043,2076
2048,2005
2023,2044
2021,2007
2006,2020
2005,2090
1992,2120
1980,2069
1980,2075
1965,2051
1960,2017
1957,2025
1960,2082
1947,2060
1963,2168
1965,1981
1972,2071
1976,2066
1969,2103
1965,2034
1959,2012
1963,2021
1958,2052
1955,2110
1957,2011
1944,2031
1954,2055
1957,2148
1969,2009
1970,2011
1971,2040
1987,2144
1981,2043
2001,2027
2011,2074
2026,2024
2041,2151
2058,2075
2063,2015
2071,2039
2071,2083
2087,2028
2084,2029
2093,2033
2091,2058
2103,2016
2099,2112
2104,2069
2115,2039
2133,2088
2119,2069
2135,2008
2145,2029
2147,2058
2164,2015
2155,2081
2167,2123
2188,1975
2186,2093
2195,2012
2195,2043
2207,2090
2199,2030
2197,1938
2201,2045
2206,2031
2193,2077
2200,1989
2196,2071
2189,1979
2180,2048
2165,2001
2152,2007
2144,2036
2137,2095
2124,2065
2112,1959
2104,2023
2091,2066
2093,2007
2094,2077
2088,2072
2080,2081
2083,2080
2067,2110
2068,1975
2063,2009
2044,2003
2039,2154
2035,2079
2027,2089
2022,2029
2003,1990
1990,2087
1977,1997
1969,1991
1965,2051
1956,2077
1951,2029
1943,2107
1956,2038
1948,2036
1945,2089
1956,2028
1961,2011
1965,2030
1960,2110
1959,2040
1963,2060
1971,2001
1981,2007
1975,2096
1983,2063
1988,2019
1993,2059
2002,2075
2009,2039
2010,2001
2020,2069
2011,2037
2027,2063
2033,2065
2039,1989
2058,2027
2065,2003
2071,2037
2075,2019
2085,2057
2083,2063
2101,2046
2108,2019
2123,2066
2123,2029
2133,2054
2146,2073
2163,2027
2168,2020
2182,2025
2196,2003
2196,2056
2203,2073
2204,2063
2197,2071
2202,2056
2201,2060
2197,2048
2195,2009
2199,2057
2193,2072
2192,2008
2184,2068
2195,2075
2195,2063
2198,2067
2189,2028
2193,2006
2184,2065
2185,2026
2174,2059
2159,2025
2155,2012
2146,2022
2129,2073
2121,2069
2109,2032
2102,2021
2088,2067
2088,2045
2075,2032
2057,2001
2052,1982
2044,2009
2033,2063
2033,2063
2023,2032
2024,2010
2007,2044
2003,2043
1996,2005
1994,2013
1979,2073
1978,2035
1971,2043
1976,2056
1975,2069
1964,2021
1964,2077
1961,2066
1951,2040
1966,2057
1959,2025
1959,2043
1961,2023
1963,2075
1969,2065
1971,1993
1961,2055
1972,2026
1979,2015
1989,1964
1996,2067
2008,1979
2011,2036
2025,1997
2040,2031
2054,2052
2064,2039
2072,2025
2075,2042
2077,2045
2086,2057
2092,2041
2100,2005
2100,2067
2109,1977
2101,2072
2108,2096
2121,2024
2124,2065
2141,2029
2155,2008
2153,2028
2165,2047
2186,2068
2186,2037
2201,2027
2195,2040
2207,2053
2216,2063
2211,2056
2211,2041
2213,2063
2203,2032
2196,2068
2187,2073
2190,2042
2169,2069
2184,2025
2163,2067
2157,2084
2166,2019
2157,2043
2149,2026
2135,2007
2140,2057
2131,2056
2131,2020
2123,2043
2121,2023
2103,2055
2095,2096
2083,2048
2075,2001
2067,2071
2055,2061
2051,2072
2037,2037
2030,2063
2012,2078
2011,2096
1993,2080
1998,2008
1987,2056
1983,2072
1963,2043
1967,2027
1966,2048
1951,2038
1955,2079
1956,2039
1951,2026
1957,2026
1957,2033
1959,2048
1963,2066
1968,2033
1961,2057
1975,2024
1973,2078
1971,2017
1982,2052
1979,2029
1989,2063
1995,2009
2003,1987
2000,2063
2008,2019
2005,2037
2024,2104
2024,2077
2033,2103
2044,2068
2063,1962
2067,2057
2089,2011
2087,2043
2094,2063
2113,2044
2123,2100
2133,1996
2131,2005
2148,2056
2147,2045
2151,2053
2168,2057
2167,2035
2163,2071
2169,2018
2172,2035
2189,2040
2181,2011
2195,2009
2191,2029
2197,2057
2208,2063
2208,2076
2212,1996
2200,2027
2203,2026
2207,2024
2196,2065
2199,2073
2195,1991
2190,2011
2185,1992
2171,2025
2171,2020
2160,2037
2151,2095
2140,2064
2136,2092
2121,1991
2123,2087
2123,2015
2109,2068
2096,2029
2089,2023
2076,2091
2071,2027
2054,2046
2047,2045
2045,2019
2036,2019
2027,2046
2024,1971
2003,2083
2005,2043
1981,2028
1992,2043
1984,2059
1985,2057
1979,2020
1975,2038
1975,2071
1972,2125
1969,2009
1963,2023
1963,2071
1963,2059
1962,2093
1963,2089
1957,2077
1975,1987
1971,2084
1981,2004
1989,2044
1991,2017
2012,2080
2016,2035
2021,2005
2032,2007
2040,2009
2039,2020
2048,2069
2056,2081
2063,2063
2059,2047
2067,2020
2076,2017
2077,2070
2081,2080
2099,2068
2109,2063
2122,2058
2132,2067
2139,2002
2149,2038
2164,2011
2176,2101
2196,1991
2191,2088
2196,2075
2200,2004
2205,2015
2198,2019
2200,2059
2202,2037
2201,2023
2200,2009
2206,2065
2208,2080
2208,2059
2215,1995
2203,2067
2201,2101
2204,2080
2201,1987
2196,2025
2196,2005
2176,2069
2173,2068
2167,2074
2152,2073
2137,2032
2123,2045
2117,2055
2122,2025
2109,2016
2105,2052
2093,2108
2093,2025
2073,2005
2067,2045
2057,1995
2066,2081
2043,2017
2034,1977
2025,2025
2012,2073
2008,2019
2000,2099
1979,2000
1979,1980
1971,2115
1963,2114
1967,2027
1958,2152
1970,2012
1961,2020
1968,1991
1963,2008
1961,2023
1973,2043
1971,2080
1979,1987
1971,2027
1969,1964
1979,2041
1976,1976
1976,2037
1979,2088
1996,2024
1997,2094
2001,2023
2011,2019
2025,2087
2023,2062
2028,1979
2040,2076
2060,2043
2057,2115
2068,2093
2088,2007
2088,2094
2097,2090
2111,2011
2120,2015
2121,2025
2133,2035
2150,2076
2141,2031
2155,2071
2167,1998
2172,1989
2184,2024
2184,2007
2192,2057
2189,2063
2192,2072
2200,2098
2200,2079
2202,2025
2200,2021
2210,1989
2210,2011
2200,2117
2213,2053
2216,2033
2208,1991
2206,2014
2195,2039
2203,2099
2196,1965
2185,1969
2175,1988
2168,2068
2156,2016
2144,1963
2137,2058
2136,1995
2121,2123
2112,1976
2109,1972
2101,1891
2093,2099
2096,2004
2081,2140
2080,2087
2065,1966
2063,2010
2053,2127
2041,2138
2025,2032
2024,2117
2007,2158
1993,2103
1989,2072
1982,2190
1973,1900
1972,2008
1976,2063
1971,2051
1969,2055
1975,1950
1976,2071
1967,1932
1961,2140
1972,1889
1973,2034
1971,2152
1984,1989
1980,1964
1992,1955
1982,2088
1992,2019
1984,2208
1987,2004
1991,2106
2004,2072
2009,2067
2022,1914
2023,2040
2027,2073
2039,2015
2053,1929
2072,1915
2080,1958
2087,2005
2092,2145
2105,2105
2107,1935
2110,2065
2127,2079
2127,1940
2136,2079
2144,2008
2145,2042
2160,2092
2171,2024
2170,2019
2198,2037
2189,2156
2201,1931
2203,1993
2203,1900
2208,1960
2203,2077
2194,2085
2204,2046
2196,2005
2199,2070
2189,2033
2179,2045
2187,2069
2184,2004
2171,2075
2189,2219
2185,2019
2176,2134
2184,2060
2180,1981
2168,1932
2163,2075
2145,2023
2141,2054
2122,2058
2112,2025
2080,1949
2083,1845
2071,1879
2056,2024
2035,2011
2027,2083
2021,2072
2019,1914
2005,1999
2014,2024
2005,1838
2012,2064
2008,1997
1987,1945
1987,1947
1993,2154
1978,2036
1973,1938
1971,2231
1964,2005
1963,1917
1955,2024
1949,2103
1939,2045
1951,2031
1940,2020
1943,2004
1941,2056
1963,2004
1967,1908
1969,2101
1970,2115
1976,1981
1984,2174
1983,2187
1995,2112
1996,2013
2004,1969
2014,2019
2028,2010
2025,1999
2053,1972
2058,2135
2079,2108
2083,2084
2096,1958
2097,1917
2105,2097
2108,2035
2117,2168
2124,1952
2123,2077
2128,2254
2131,2154
2125,2148
2146,2138
2156,2127
2163,2069
2174,2081
2183,1981
2193,2001
2204,2152
2214,2169
2223,2102
2224,2094
2228,2081
2211,1984
2216,1993
2205,2083
2194,2003
2176,2111
2171,2170
2170,1991
2163,1880
2152,2080
2155,2089
2151,2072
2149,2101
2148,1997
2127,2159
2137,2115
2127,1944
2129,1977
2126,2122
2111,2165
2100,1995
2095,2086
2075,2023
2063,2098
2059,2085
2043,1917
2020,2096
2021,2017
2007,1916
2008,2036
1996,2000
1997,2025
1987,2032
1965,1967
1972,2044
1963,1891
1961,2173
1967,2143
1963,2074
1970,2003
1957,2020
1968,1951
1966,2149
1970,2176
1975,2072
1969,2051
1973,2139
1973,1963
1972,2129
1984,2021
1969,2067
1984,2115
1988,2045
1992,2128
1987,2102
1995,1949
1998,1875
2000,2212
2011,2041
2011,2227
2027,2200
2055,2112
2071,2247
2075,2113
2103,2237
2115,2073
2124,2247
2135,2143
2135,2047
2144,2219
2146,2037
2135,1841
2140,1893
2144,1941
2147,2057
2151,2093
2151,1834
2152,1739
2163,2068
2163,2009
2181,1891
2183,2208
2193,2167
2203,2165
2203,2117
2214,1876
2211,1760
2207,1953
2205,2056
2206,1984
2200,2263
2191,1887
2176,2103
2167,2129
2163,1999
2159,2011
2150,2012
2139,2025
2135,2000
2138,2075
2129,2041
2124,1982
2101,2203
2083,2189
2077,2003
2069,2055
2055,2129
2048,1987
2040,2037
2024,2296
2005,2015
2005,2002
2001,2075
2005,1928
2011,1815
2013,1887
2003,2079
1999,2071
1995,2227
1996,2145
1990,1945
1979,2139
1959,1963
1953,1841
1939,2084
1933,2033
1931,2240
1928,2043
1915,2001
1923,1984
1932,2133
1932,2132
1935,1895
1955,1885
1979,1911
1996,2073
1989,2192
2013,2187
2009,2169
2023,2024
2028,2099
2025,1833
2024,1868
2028,2236
2025,1880
2015,2173
2031,2001
2033,1802
2044,2365
2064,2001
2055,1851
2073,1982
2085,2046
2103,2056
2125,2351
2128,2020
2139,1593
2151,2021
2157,2163
2172,1833
2171,1796
2171,2204
2175,1843
2169,2121
2176,2477
2184,1968
2187,1984
2185,2429
2197,2065
2200,2029
2203,2186
2203,1930
2193,1936
2188,2240
2191,2026
2169,1881
2171,2172
2163,1959
2157,1893
2152,2215
2131,1895
2125,1916
2129,2127
2126,2180
2123,1946
2107,2006
2112,1884
2121,1963
2105,2029
2089,1809
2088,2003
2078,1911
2058,2183
2063,2137
2044,1815
2016,1962
2014,1787
2000,2008
1983,2031
1979,2259
1961,1927
1964,1991
1957,2063
1957,2015
1963,2201
1960,1901
1959,2043
1969,2091
1966,1984
1965,1915
1967,2187
1959,2029
1962,1852
1955,2387
1952,1907
1951,1928
1951,2244
1953,1704
1955,1629
1960,2040
1974,1968
1980,1879
1993,2235
2011,1841
2007,1782
2022,2155
2023,2085
2027,1939
2042,1868
2059,1959
2057,2261
2064,2107
2059,2013
2075,2122
2080,2149
2081,2141
2093,1960
2112,1736
2131,2316
2133,2252
2151,1804
2161,2075
2173,1987
2185,2031
2181,1926
2185,2071
2187,2143
2191,2123
2184,2073
2168,1919
2175,1795
2184,1913
2173,2187
2184,1789
2189,1889
2184,2121
2205,2086
2211,2196
2211,2223
2205,1992
2202,1900
2200,2196
2192,2268
2169,1968
2168,1832
2149,2194
2142,2357
2128,2163
2114,2168
2100,2227
2102,1955
2096,2443
2088,2071
2078,1813
2080,2121
2068,2025
2065,1939
2065,2088
2042,2103
2024,1898
2026,2026
2011,2045
1999,1808
1992,1861
1971,2075
1968,2112
1959,1726
1959,2067
1963,2101
1953,1789
1953,2016
1958,2215
1969,2044
1976,1953
1978,2379
1969,1877
1961,1702
1964,2233
1952,2072
1944,2026
1940,1979
1925,1952
1924,1981
1941,2005
1933,1966
1948,1976
1972,1965
1980,2051
1995,1994
2017,2024
2036,2076
2063,1961
2070,2040
2079,1861
2075,2038
2075,2120
2081,1885
2073,1819
2073,2345
2075,2239
2072,1847
2066,2169
2082,1930
2080,2101
2093,2276
2105,1686
2123,1789
2152,2376
2163,2293
2190,1958
2197,2155
2205,2032
2205,2043
2216,2329
2203,1743
2201,1887
2200,2346
2182,2201
2187,1701
2179,2133
2171,2217
2165,1948
2172,1971
2171,2099
2175,1912
2173,2474
2173,2490
2176,1853
2164,2091
2151,2205
2150,1775
2133,1844
2120,1974
2115,2136
2109,2248
2081,2278
2088,1691
2080,1995
2079,2312
2072,2105
2072,1900
2055,1991
2056,2068
2056,1997
2029,1960
2027,1930
2009,1965
2001,2324
1999,2007
1969,2076
1961,1667
1951,1866
1935,1973
1935,2199
1931,2039
1929,2207
1949,2011
1945,2117
1960,2264
1961,1813
1978,2021
1976,2295
1972,2138
1972,2263
1963,2187
1961,2006
1967,1944
1953,2200
1965,2128
1953,2409
1960,2075
1945,2071
1964,2054
1981,2077
1992,2066
2009,2117
2019,1969
2026,2184
2044,1981
2066,1984
2079,2015
2092,1889
2103,1997
2106,2336
2107,2093
2117,1929
2117,2140
2120,1984
2119,1880
2135,2157
2127,1952
2136,1712
2136,2007
2153,1931
2160,1557
2168,2075
2168,1909
2183,1877
2187,2127
2191,2075
2193,1888
2200,1937
2200,1897
2200,1595
2194,2112
2197,2070
2187,1648
2188,1895
2193,2203
2192,1743
2195,1832
2169,2121
2167,1805
2159,2183
2133,2304
2135,1899
2123,2136
2118,2363
2099,2072
2088,1980
2080,2071
2071,1784
2063,1939
2053,2074
2045,1709
2037,2251
2037,1923
2031,1839
2031,1961
2025,2106
2023,1915
2002,2475
1999,2275
2006,2007
1995,2424
1972,2116
1973,2141
1952,2121
1949,2015
1952,2036
1931,2339
1932,1773
1933,1866
1928,2175
1933,1837
1932,1947
1929,1958
1933,2179
1945,2199
1961,2099
1963,1872
1953,2120
1963,1944
1980,2109
1979,2121
1981,2091
2002,1897
1995,2029
2009,2103
2016,2228
2025,2044
2024,2115
2036,2267
2046,1735
2048,2220
2063,2176
2065,1879
2078,2203
2087,2266
2092,1968
2101,2036
2089,2219
2091,1918
2119,2216
2119,2167
2131,2184
2147,1915
2151,1640
2161,1884
2184,2079
2185,2133
2192,1995
2200,2260
2199,2024
2189,2115
2181,1984
2165,1725
2176,1797
2171,1909
2169,1784
2163,1789
2165,2209
2163,2143
2151,2022
2164,2146
2155,2403
2157,2343
2157,2609
2143,2331
2137,2117
2140,2572
2112,2004
2111,1759
2103,1653
2085,1787
2069,2151
2063,1972
2035,1827
2037,2254
2029,2403
2023,2109
2022,1880
2009,1690
2000,2128
1999,2143
2001,2163
1989,2173
1995,2335
1990,2047
1979,2203
1975,1918
1960,1605
1946,2203
1944,2187
1951,1875
1925,2517
1936,2107
1920,1573
1915,1979
1927,2007
1932,1636
1936,2237
1933,2121
1932,2103
1953,2366
1968,2279
1963,1968
1989,1815
1992,2199
1992,2065
2001,1849
1997,1965
2004,2097
2007,2040
2017,1894
2019,2071
2019,1693
2019,1814
2040,2055
2047,1891
2065,1948
2069,2189
2069,2065
2094,1945
2103,2005
2108,1899
2120,2233
2127,1804
2143,1723
2143,2508
2149,2138
2152,2006
2166,2078
2172,1817
2184,1947
2200,1973
2186,1995
2193,1920
2197,2015
2193,2257
2200,2171
2190,2081
2191,2199
2179,2167
2181,2096
2170,1995
2183,1945
2163,2127
2172,2409
2173,2039
2171,1949
2160,2069
2155,2277
2157,1678
2139,1829
2139,1989
2130,2021
2120,2280
2103,2041
2091,1973
2080,2039
2065,2309
2073,1931
2067,1916
2054,2063
2040,1989
2021,1567
2011,1761
2016,2122
2008,1897
2011,1991
1993,1848
1976,2036
1969,2008
1955,2261
1955,1825
1943,1949
1946,2123
1947,2060
1951,1943
1947,1960
1953,2154
1967,2181
1979,1912
1970,2044
1965,2016
1954,1965
1955,1964
1955,2102
1945,2171
1948,2065
1951,2028
1952,2087
1952,2040
1957,2001
1963,1955
1975,2094
1993,2289
2014,1963
2016,1968
2046,2094
2073,2102
2080,2165
2089,2003
2104,2105
2103,1719
2115,1945
2115,1991
2099,1903
2104,1933
2101,2123
2095,2105
2092,2102
2099,2073
2108,1789
2125,2073
2132,2094
2143,2043
2157,1925
2169,2055
2195,2088
2195,2186
2204,2185
2216,1985
2203,1908
2208,2127
2199,2187
2205,1872
2200,2024
2182,1913
2169,2012
2165,2103
2169,2080
2156,1896
2163,2020
2151,2120
2138,1978
2134,2018
2129,1998
2120,2112
2112,2139
2092,2168
2091,2001
2081,2007
2071,2187
2066,1951
2067,2025
2039,1974
2053,2132
2046,2125
2033,2293
2040,2071
2031,1984
2023,2120
2016,1979
2003,2080
1996,2005
1975,2031
1966,1984
1955,2135
1948,2089
1934,1903
1915,2135
1911,2051
1912,2208
1916,1883
1925,2119
1916,1758
1929,2015
1944,2118
1951,1963
1961,2072
1976,2120
1971,2111
1980,2012
1987,1992
1985,1808
1989,2075
1988,2124
1991,2091
1992,2109
2001,2052
1992,2141
2008,2088
2011,2153
2021,1978
2022,2131
2023,2155
2051,2107
2056,1973
2068,2147
2082,1911
2088,2068
2103,2060
2108,2024
2121,1997
2132,2101
2131,2005
2149,1950
2160,2224
2170,1836
2176,2127
2181,2007
2187,1867
2183,2185
2191,1819
2171,1947
2175,2075
2184,1848
2176,1804
2171,2222
2179,2151
2180,2080
2184,2196
2176,2029
2183,2078
2176,2151
2176,2026
2163,2101
2169,2063
2153,2187
2160,2197
2153,1875
2143,1997
2132,2110
2117,1835
2105,1994
2089,2141
2075,2044
2063,2220
2045,2065
2041,1881
2040,2057
2032,2029
2011,2000
2009,2184
2001,1939
2004,1701
1989,2366
1989,2384
1992,1403
1975,1801
1968,2153
1960,2123
1953,1900
1963,2099
1961,1932
1945,2337
1937,2472
1936,1850
1936,1987
1916,2381
1928,2248
1923,2037
1927,2125
1927,1964
1934,2189
1940,2145
1931,1856
1947,2139
1960,2201
1969,2213
1976,2020
1975,2087
1973,2106
1993,2093
2007,2017
2004,1710
2003,2100
2012,2133
2025,1946
2031,2004
2041,1984
2056,2217
2064,1874
2071,1689
2086,2129
2089,2081
2100,2211
2107,1917
2109,1931
2123,2229
2124,2274
2132,1768
2132,2123
2149,2263
2160,1721
2159,2068
2157,2225
2173,1875
2183,2195
2171,2224
2184,1828
2185,2031
2193,2205
2191,2001
2187,1778
2191,2063
2181,2069
2187,1908
2181,2204
2163,2001
2153,1967
2151,2087
2140,2296
2135,1817
2120,2025
2118,2016
2106,2081
2112,1687
2100,2251
2104,1961
2081,1885
2088,2207
2067,1955
2057,1825
2043,2488
2037,1843
2028,2208
2026,2101
2001,2168
2000,1891
1984,1995
1984,2073
1969,1920
1968,2312
1963,2237
1955,1799
1947,2265
1947,2045
1944,2019
1949,2104
1933,2173
1941,1863
1930,2174
1943,1961
1927,1808
1938,1996
1933,2120
1944,1804
1944,2116
1931,2090
1939,2116
1949,2115
1966,1975
1964,1845
1975,2141
1977,2085
1991,1868
2002,1911
1993,2090
2008,1996
2010,2136
2016,2020
2012,2019
2023,2160
2029,1958
2053,1877
2065,2196
2070,1949
2087,1981
2102,2162
2104,1963
2106,2076
2121,2124
2125,1828
2132,2127
2138,2039
2149,1965
2148,1991
2155,2083
2160,2093
2166,2077
2166,2067
2160,2096
2177,2024
2176,2053
2171,2036
2181,1939
2176,2063
2173,2036
2172,1978
2163,2092
2175,2148
2166,1960
2153,2087
2160,2134
2155,1966
2152,2026
2141,2135
2139,1976
2131,2059
2125,2103
2118,1976
2105,2075
2099,2038
2086,2008
2078,1963
2072,2158
2062,2021
2051,2008
2037,1979
2020,2053
2018,2023
2012,2003
1992,2012
1992,1995
1980,2077
1965,2080
1961,2008
1960,2025
1945,2140
1946,2041
1948,1993
1937,2095
1933,2007
1939,2084
1943,2152
1929,2012
1941,2063
1942,2057
1931,2012
1941,2064
1943,2126
1930,1999
1938,2027
1935,2112
1944,2043
1948,2093
1931,2037
1941,2008
1952,2023
1962,2071
1973,2063
1979,2024
1975,2037
1981,2074
1997,2063
2015,2060
2027,2063
2036,2059
2040,2104
2061,2051
2071,1971
2077,2003
2088,2088
2094,2076
2088,2059
2104,2071
2100,2040
2092,2032
2103,2010
2118,2069
2115,2061
2124,1980
2139,2023
2140,2063
2143,2127
2152,2035
2153,2029
2163,2043
2167,2021
2165,2054
2167,1965
2172,2066
2155,2031
2164,2073
2159,2053
2152,2009
2149,2035
2141,2118
2136,2041
2133,2021
2119,2059
2120,2027
2109,2032
2104,2056
2103,1996
2095,1982
2081,2097
2080,2036
2072,1977
2053,2092
2042,2095
2028,2019
2008,2059
2008,2096
2001,2019
2001,2040
1982,2041
1980,2003
1969,2085
1969,2085
1968,1992
1958,2096
1945,2100
1943,2082
1948,1995
1931,2030
1930,2075
1911,2029
1911,2011
1909,1992
1907,2054
1900,2055
1903,2068
1901,2031
1901,2067
1902,2073
1915,2007
1929,2014
1925,2081
1935,2027
1933,2016
1940,2055
1955,2042
1958,2135
1959,2073
1971,2064
1967,2075
1980,2029
1975,1964
1981,2015
2000,2020
2007,2080
2018,2053
2020,2016
2040,2103
2044,2093
2055,2042
2075,1991
2075,1961
2087,2009
2104,2087
2104,2010
2109,1959
2115,2079
2132,2068
2131,2033
2141,2019
2148,2035
2149,2025
2152,2048
2153,2107
2166,2023
2168,2028
2171,2035
2175,2068
2161,2072
2165,2040
2158,2068
2161,2066
2160,2015
2148,2007
2147,2043
2148,2029
2138,2056
2140,2043
2137,2039
2125,2072
2121,2030
2117,2003
2115,2059
2102,2039
2087,1989
2084,2063
2065,2025
2063,2040
2035,2086
2032,2006
2020,2036
2012,2023
1993,2052
1981,2024
1980,2105
1972,1995
1965,2031
1955,2019
1949,2056
1950,1988
1945,2044
1944,2074
1935,2080
1933,2057
1926,2115
1925,2056
1933,2071
1930,2055
1913,2057
1916,2021
1911,2060
1916,2041
1911,2077
1915,2096
1912,2009
1931,2029
1938,2017
1939,2077
1951,2109
1959,2015
1957,2032
1961,2040
1966,2030
1965,2076
1978,2029
1982,2053
1995,2063
2004,2056
1997,2009
2022,2032
2035,2091
2039,2043
2067,2015
2072,2092
2088,1959
2095,2115
2105,2071
2108,2000
2123,2093
2117,2043
2120,1981
2129,2034
2135,2029
2135,1977
2138,2067
2147,2014
2141,2058
2153,2070
2155,2095
2168,1981
2155,2017
2168,2019
2171,2061
2173,2009
2171,1995
2165,2044
2171,2072
2173,2033
2163,2053
2165,2096
2155,1989
2143,2075
2132,2067
2133,2063
2113,2082
2108,2001
2093,2025
2097,2075
2093,2024
2080,2035
2065,2027
2063,2043
2044,2088
2023,2043
2025,2007
2011,2040
2003,2041
2000,1996
1993,2022
1987,2030
1977,2044
1972,2055
1968,2023
1959,2023
1941,2039
1941,2088
1947,2068
1939,2035
1932,2001
1931,2081
1935,2053
1932,2083
1930,1975
1915,2074
1909,2161
1913,1937
1906,2055
1914,2083
1920,2018
1913,1979
1911,2091
1936,2005
1931,2040
1941,2085
1950,2088
1953,2012
1956,2056
1963,2007
1972,2044
1983,2077
1996,2004
2004,2003
2008,2007
2017,2056
2021,1997
2039,2080
2029,2062
2063,2008
2059,2071
2067,2037
2078,2025
2080,2065
2080,2084
2091,2044
2101,2016
2108,2020
2105,2035
2114,2028
2117,1990
2127,2059
2137,2060
2144,2072
2138,2031
2150,2032
2152,2044
2161,2110
2165,2099
2158,2041
2160,2009
2152,2006
2151,2085
2155,2022
2151,1991
2152,2053
2145,2041
2136,2065
2135,2093
2123,2024
2105,2071
2108,2040
2094,1955
2091,2072
2080,2063
2083,2019
2057,2005
2055,2095
2044,1959
2033,2011
2023,2001
2028,2068
2011,2013
2005,1988
1999,1986
1977,2071
1984,2123
1971,2009
1959,2013
1948,2056
1941,2073
1944,2005
1940,2055
1915,2071
1931,2069
1928,2136
1928,1932
1919,1979
1912,2143
1916,2039
1925,1975
1925,2042
1917,2068
1913,2120
1923,2069
1917,1961
1917,2063
1917,2144
1930,2033
1929,1998
1937,1969
1939,2051
1947,2016
1952,1925
1975,2216
1988,1992
1992,2029
2002,2001
1997,2009
2025,2082
2032,2043
2035,2071
2052,2058
2061,2148
2067,2021
2069,2072
2084,1965
2083,2045
2088,2003
2087,2041
2101,1983
2105,2045
2109,2128
2123,2074
2128,2020
2139,1980
2145,2072
2149,1991
2151,2152
2163,2105
2163,2019
2165,2063
2173,2047
2169,2054
2172,1976
2163,2072
2176,2053
2168,2037
2163,2090
2163,2055
2156,2044
2140,2087
2138,2081
2133,2009
2121,2203
2118,2111
2112,2015
2099,1908
2091,1997
2086,2033
2069,1940
2067,2032
2053,1981
2044,2202
2039,2170
2031,2063
2019,2080
2015,2158
2008,1912
1991,1833
1983,2063
1979,2099
1987,2015
1963,2104
1960,2074
1946,2067
1939,2045
1939,1941
1940,2039
1929,2031
1935,1995
1928,2011
1930,2081
1919,2036
1928,2027
1933,2085
1917,2071
1920,2020
1918,2017
1913,1968
1922,1979
1924,2052
1925,1992
1936,1972
1945,2190
1953,1999
1961,2037
1967,2015
1982,2048
1999,2003
1996,2137
2011,1980
2016,2056
2031,1956
2033,2070
2039,2163
2039,1944
2035,2080
2043,2110
2059,2091
2063,2147
2079,2091
2077,1995
2096,2018
2098,2005
2109,2008
2125,2093
2129,1997
2144,1838
2149,2135
2149,1978
2162,1989
2169,2115
2168,1993
2167,2036
2175,2095
2171,2015
2169,2028
2155,2132
2156,1978
2160,2126
2155,2071
2152,1931
2145,2136
2142,1964
2143,2073
2132,1939
2136,2135
2123,2087
2120,2065
2120,1993
2099,1959
2093,2202
2088,2015
2080,1927
2073,2002
2063,2038
2045,2087
2040,1976
2037,1940
2029,2075
2020,2156
2012,1808
2001,2039
1989,2075
1983,2141
1978,2015
1960,1960
1956,2041
1937,2184
1944,1927
1929,2079
1929,2076
1917,2131
1927,2041
1913,2045
1917,2086
1919,2088
1915,2004
1930,2105
1933,2009
1936,2009
1929,1893
1927,1968
1936,2107
1935,2103
1933,2025
1933,2067
1940,2022
1943,2039
1947,1993
1953,2079
1960,1963
1963,2088
1981,1943
1990,2088
2000,2135
2011,2032
2026,2056
2029,1992
2044,2015
2057,2139
2065,1945
2083,2024
2097,2137
2091,2105
2103,1956
2104,2158
2101,1883
2108,2176
2117,2179
2122,1863
2131,2109
2142,2005
2136,2088
2149,2007
2141,2120
2141,1935
2156,2178
2152,2148
2161,2057
2165,2065
2169,2135
2178,2078
2171,2144
2185,2116
2181,2126
2176,2001
2173,1998
2169,2344
2174,1891
2168,1977
2158,2063
2144,2027
2137,2158
2127,1911
2117,1924
2100,2092
2083,2164
2072,1868
2044,1897
2035,2044
2036,2094
2025,1908
2019,2032
2023,2269
2016,2039
2018,1947
2019,2194
2014,2123
2003,2058
2009,1999
2002,1741
1992,2047
1976,2193
1968,1973
1960,1951
1947,2207
1943,2081
1937,2088
1917,1907
1920,1912
1911,2217
1899,2207
1907,1979
1912,1951
1923,2139
1931,2147
1931,2025
1939,1975
1952,1945
1966,2155
1968,2153
1965,1952
1979,2037
1979,2029
1989,2157
1999,2136
2008,1949
2018,1935
2023,1973
2025,2083
2027,2188
2040,2084
2037,1899
2046,2300
2068,1913
2071,1911
2081,2016
2087,2000
2090,2001
2105,2253
2110,2063
2117,1963
2122,2161
2125,1957
2135,2137
2143,2076
2152,1851
2163,2081
2169,2183
2186,2063
2181,2071
2184,2216
2197,2008
2194,2163
2189,2068
2190,1983
2187,2146
2182,1933
2171,2039
2168,2032
2165,2063
2168,1939
2159,2215
2149,2167
2152,2012
2140,2002
2127,1896
2120,2157
2120,1911
2107,2185
2099,2031
2096,2077
2091,2237
2084,1949
2068,2021
2059,2167
2048,1947
2022,1991
2025,1968
2016,1964
2013,2043
2009,2183
1995,1977
2003,1868
1992,2227
1976,2143
1975,1872
1967,2201
1948,2040
1952,1927
1945,2136
1947,1790
1926,2080
1927,2152
1931,2203
1920,1902
1909,2022
1916,2235
1911,2131
1913,1989
1920,1926
1931,2144
1952,2248
1969,1805
1981,1760
1977,2159
1995,2202
1998,2168
1993,1861
2004,2160
1999,2087
2007,2065
2011,2036
2009,1855
2016,2173
2011,2071
2021,2021
2026,1973
2045,2025
2043,2037
2067,2104
2084,2084
2094,1923
2104,1993
2121,2169
2129,1975
2136,1848
2142,2141
2148,2043
2152,1968
2153,1969
2165,2055
2158,1929
2158,1965
2169,1973
2171,1993
2180,2094
2173,1927
2187,1909
2191,2075
2190,2171
2189,1909
2188,1969
2171,2195
2162,2066
2166,1875
2151,1867
2139,2151
2134,2153
2121,2063
2124,1852
2120,1875
2112,2378
2116,2212
2112,1781
2103,2131
2110,2109
2110,2057
2095,2021
2089,1893
2078,1827
2056,2153
2035,1964
2023,1951
2008,2234
1992,2119
1965,1964
1960,2040
1952,2213
1947,1964
1947,1880
1941,1949
1947,2191
1949,1875
1950,2159
1950,1917
1959,2037
1952,2167
1964,2032
1968,1847
1948,2189
1947,2140
1945,1933
1941,2196
1938,1980
1929,2005
1932,2041
1923,2036
1933,2037
1935,2025
1948,1992
1954,2165
1959,2171
1971,1891
1982,1893
1996,2021
2008,2199
2012,2227
2044,1879
2042,1913
2053,2197
2067,1917
2067,2024
2077,2033
2083,1883
2088,1973
2091,2355
2103,2081
2109,1880
2117,2075
2120,2191
2123,2161
2133,2025
2137,1888
2142,2001
2131,2221
2149,1945
2149,1832
2151,2056
2155,2204
2172,2022
2169,1869
2174,1884
2182,1995
2180,2391
2200,1753
2196,1671
2201,2139
2209,2209
2191,1848
2190,2035
2184,1959
2171,1903
2145,2371
2143,2024
2115,1762
2115,2231
2103,2201
2084,1892
2081,2092
2070,2073
2072,2052
2071,2309
2066,2036
2053,1911
2055,2200
2055,1997