2015,2286
1998,1849
1979,1801
1974,1955
1968,2108
1964,2171
1963,1873
1971,1974
1963,2188
1961,2192
1952,2081
1960,1883
1956,2034
1955,2116
1964,2347
1958,1878
1955,2129
1956,2150
1955,2063
1964,2004
1960,2063
1967,2106
1971,1995
1976,2377
1971,1996
1991,2193
1991,2224
2009,1963
1993,2095
1994,2131
2001,2066
2008,2181
2008,2104
2011,1958
2024,2188
2029,2165
2048,1842
2065,1813
2075,2167
2100,2164
2108,2016
2128,2009
2136,2003
2143,2043
2150,2360
2145,1687
2141,1995
2149,2296
2145,2037
2153,2043
2153,2063
2153,1971
2159,2073
2166,2261
2179,1829
2185,1941
2200,2053
2205,1944
2211,1880
2220,2084
2221,2141
2224,1883
2212,2021
2208,2197
2187,2295
2169,1952
2156,1975
2137,2152
2131,2286
2115,2436
2107,1851
2096,2071
2095,2125
2103,1939
2108,1847
2111,1934
2108,1967
2107,2360
2115,2254
2099,2130
2100,2399
2092,1943
2065,1701
2041,2120
2020,2196
1997,1744
1991,1958
1971,2245
1951,2154
1949,2211
1946,1664
1939,1848
1949,2319
1943,2048
1959,1677
1964,2032
1970,1891
1959,2273
1971,2280
1964,1867
1967,1991
1960,2250
1942,2284
1951,1811
1939,2070
1939,2104
1944,2273
1940,2168
1955,1847
1976,2063
1972,2082
1998,2157
2012,1859
2023,2048
2053,1981
2037,2357
2044,1951
2041,1651
2043,2007
2041,2276
2039,2176
2039,1930
2044,1821
2056,2038
2063,2117
2073,2093
2087,1796
2109,2006
2117,2365
2137,2207
2154,1820
2157,1911
2191,2102
2192,1753
2188,2245
2192,1739
2187,2027
2185,2183
2171,2317
2169,2181
2163,2197
2170,1987
2170,1863
2167,2233
2167,1796
2176,1845
2176,2021
2181,2216
2179,1923
2180,2151
2179,2005
2182,2056
2157,2220
2151,1944
2134,1856
2119,2103
2115,2156
2091,2019
2094,1955
2078,2020
2072,2105
2077,2219
2063,2199
2081,1797
2065,1862
2069,2123
2070,2140
2035,1791
2031,1863
2017,2074
2003,2552
1996,2304
1965,1797
1959,2038
1947,2252
1948,2091
1947,1854
1931,1800
1943,2080
1939,2183
1943,1903
1948,1828
1945,2192
1956,2288
1952,2107
1967,1967
1959,1805
1959,1899
1955,1965
1957,1977
1953,2077
1955,1893
1955,2138
1953,2280
1960,2173
1976,1837
1987,2263
1991,1768
2010,1799
2013,2251
2015,2281
2036,1928
2035,1877
2052,2101
2053,2191
2053,2083
2063,1867
2069,1720
2065,2091
2087,2455
2087,2059
2088,1627
2103,2311
2105,2195
2126,1753
2136,1909
2155,1867
2168,2432
2183,2399
2188,1882
2193,2063
2195,2443
2200,2097
2185,1743
2184,2060
2180,2097
2165,2414
2153,1961
2161,2270
2171,2130
2163,1944
2172,2149
2167,2147
2173,1735
2173,2218
2179,2122
2175,1840
2163,2227
2151,1911
2143,1831
2139,2280
2129,1951
2114,2081
2103,2289
2089,1973
2073,1682
2065,2206
2043,1991
2044,1979
2039,2075
2031,1731
2031,2116
2021,2207
2025,1920
2011,1818
2015,2391
2001,2343
1988,1736
1990,1961
1973,1817
1956,2327
1947,1725
1944,1968
1930,2279
1937,2453
1941,1815
1928,1779
1932,2026
1927,2527
1933,1859
1938,1705
1949,1899
1940,2245
1943,2176
1954,1883
1959,1902
1960,2402
1965,2163
1976,2041
1988,1769
1999,1939
1996,2249
1996,2045
2001,1937
2011,2087
2025,1781
2029,2366
2035,2031
2041,1803
2056,1961
2053,1771
2073,2088
2081,2197
2083,2021
2090,1805
2088,2024
2093,2359
2112,1747
2129,1867
2151,1989
2152,2363
2161,2085
2169,2107
2187,1657
2203,1928
2208,2216
2219,2036
2217,1827
2207,2491
2209,2365
2198,2094
2185,1979
2189,2065
2172,1477
2167,2357
2154,1869
2145,2043
2140,2339
2151,1933
2152,1246
2143,2472
2151,2298
2144,1380
2143,2300
2140,2272
2143,2153
2145,1927
2131,1608
2119,1933
2113,2549
2099,2219
2092,1289
2084,2040
2068,2501
2045,2100
2025,1896
2005,2133
2003,2129
1998,2325
1984,1842
1963,1872
1953,2248
1956,2347
1947,1851
1952,1827
1957,2160
1953,2137
1952,1878
1943,1939
1952,2168
1960,1847
1971,1897
1973,1863
1971,1975
1961,2298
1963,2519
1975,2179
1962,1883
1961,2211
1961,2041
1964,1839
1953,1993
1959,2017
1968,1984
1968,2126
1973,1821
1987,1792
2001,2234
2009,2353
2015,1819
2028,1995
2041,1883
2056,1935
2068,2041
2088,1599
2100,1813
2105,2395
2119,2195
2126,1560
2133,1837
2131,2395
2127,2417
2146,1723
2135,1771
2136,2447
2144,2635
2141,1968
2143,1628
2153,2207
2157,2325
2173,2211
2179,1939
2169,2263
2191,2160
2196,1931
2187,1980
2190,1817
2197,1810
2189,2214
2189,2031
2176,2147
2184,2319
2169,1861
2158,2195
2160,2011
2135,1719
2139,1976
2140,2129
2139,1959
2131,2057
2116,2151
2106,1715
2090,2403
2085,2376
2075,1561
2069,2131
2068,2210
2055,2115
2041,1941
2039,1843
2015,2279
2011,2153
2009,2028
2002,2099
2000,1895
1969,1879
1976,2217
1960,2342
1961,2068
1953,2108
1958,1957
1950,2173
1964,2011
1955,1943
1954,2116
1948,1976
1943,2136
1948,1864
1947,2272
1952,1896
1957,1920
1957,1937
1959,2063
1969,1960
1963,2183
1980,2071
1976,1931
1978,2088
1989,1831
1979,1912
1984,2065
1995,2232
1991,2332
2011,1912
2015,2201
2021,2071
2024,2127
2051,1990
2063,1825
2067,2023
2088,2350
2099,2015
2103,1809
2127,2133
2130,2121
2133,1737
2146,1929
2150,2133
2156,2299
2149,2307
2152,1588
2147,1824
2151,2286
2152,2230
2153,1717
2153,1433
2157,2159
2168,2485
2179,2080
2192,1879
2192,2168
2196,2231
2195,2336
2200,2084
2205,1739
2209,1997
2208,2706
2184,1760
2184,1893
2170,2849
2157,1989
2132,1763
2136,1939
2123,2119
2112,1977
2103,2031
2089,1947
2076,2440
2077,2400
2076,1813
2069,2189
2041,2115
2039,2355
2045,2154
2022,1879
2026,2148
2015,2356
2009,2128
2006,1748
1997,1765
1993,2203
1977,2528
1972,2078
1959,1934
1949,2720
1947,1703
1945,1823
1941,2391
1951,2070
1956,1792
1939,1931
1937,2188
1938,2117
1925,2232
1940,1761
1939,2026
1944,2391
1952,1489
1952,2260
1945,2135
1963,2201
1969,2000
1989,2088
2009,2168
2003,2196
2001,2151
2017,1736
2019,2189
2031,2209
2041,1967
2045,2073
2058,2107
2066,2161
2065,2041
2063,1887
2071,1712
2070,2205
2088,2325
2098,1709
2111,1685
2116,2362
2117,2506
2134,1738
2143,1821
2159,2276
2165,2355
2179,1982
2184,2037
2189,2107
2187,2230
2192,1929
2185,1614
2207,2234
2201,2319
2189,1701
2176,1835
2184,2301
2166,1961
2166,2045
2157,2035
2147,2039
2161,2232
2160,2029
2157,1875
2147,2188
2150,2072
2133,2080
2136,2130
2116,2218
2117,2099
2110,1736
2104,2072
2092,2135
2088,2037
2072,1696
2065,2043
2063,1876
2055,2016
2035,1963
2015,2096
2003,2225
1994,2111
1989,2097
1984,1757
1971,2313
1978,1751
1965,1939
1959,2114
1944,2132
1933,1874
1952,1896
1944,1996
1945,1885
1965,1896
1959,2222
1973,2353
1971,2066
1960,1971
1955,2276
1975,2124
1960,2311
1948,1795
1954,2003
1937,2205
1939,2057
1941,2036
1953,2026
1969,2148
1980,1819
1975,1967
1994,1917
1991,2016
2007,2368
2015,1907
2053,2015
2067,2163
2084,1659
2091,1724
2109,2348
2107,2071
2121,2170
2120,2155
2114,2003
2106,2187
2115,2258
2116,2159
2109,1875
2117,2163
2127,1978
2146,2204
2147,2173
2155,2000
2169,1795
2171,2188
2171,1851
2174,1853
2188,2124
2203,2168
2204,1963
2195,1976
2191,2087
2188,1788
2188,2140
2184,2311
2169,1673
2168,2168
2153,2131
2158,1992
2147,2208
2143,1927
2135,1747
2125,1994
2122,1825
2117,1833
2099,2452
2092,2212
2076,1937
2067,1879
2063,2103
2039,2080
2039,1737
2030,1816
2032,2215
2030,2347
2019,2115
2007,2027
2010,1899
2001,2328
2003,1967
1997,1758
1995,1988
1977,2076
1968,2062
1959,1889
1948,2145
1932,2131
1939,1942
1915,1992
1911,2022
1905,1968
1903,1960
1912,2137
1935,1981
1946,2136
1944,2152
1960,1991
1967,1975
1975,1971
1971,2026
1965,2117
1975,2037
1986,2015
1987,2321
2005,2064
2007,1895
2003,1875
2009,1957
2009,2025
2007,2032
2019,1913
2024,1843
2043,1904
2064,2049
2057,1911
2075,1848
2087,2086
2101,2023
2107,1896
2119,2171
2128,1912
2123,1913
2131,2137
2144,1941
2137,1829
2155,2107
2158,2183
2160,1827
2172,2148
2169,2208
2188,1909
2185,2273
2179,1939
2180,1849
2192,2174
2195,2203
2191,1991
2182,2107
2181,1944
2159,2099
2157,2159
2146,2037
2143,2010
2136,2001
2121,2091
2134,1967
2123,2217
2115,2080
2125,1913
2133,2023
2128,2141
2120,2233
2103,1645
2073,2027
2069,2301
2060,2328
2035,1811
2025,1945
2016,2039
2001,2252
1992,2136
1973,1608
1969,2209
1972,2283
1960,1967
1960,1937
1956,2003
1957,2014
1961,2289
1969,2078
1977,1755
1981,2181
1975,2428
1971,2103
1957,2201
1947,2092
1947,2133
1943,2154
1927,1808
1919,1851
1915,1950
1928,2141
1931,2245
1944,1987
1948,1915
1949,2253
1970,2193
1981,1887
1988,1960
2013,1895
2026,2203
2038,2200
2037,1949
2033,1792
2045,2103
2068,1829
2066,2023
2077,2076
2085,2103
2088,2105
2081,2073
2094,1941
2104,1968
2123,2139
2129,1797
2123,2093
2124,2206
2126,2065
2134,1816
2137,2087
2148,2138
2152,2237
2165,2058
2169,1908
2170,2132
2173,2391
2191,2152
2193,1863
2210,2063
2215,2140
2213,1955
2203,1993
2205,2005
2195,2160
2195,2138
2171,2020
2168,1982
2153,1959
2136,1937
2121,1815
2113,2308
2109,1916
2094,1989
2087,1915
2088,2025
2086,2089
2084,1830
2075,1961
2071,2251
2071,2485
2065,2087
2063,1930
2055,2066
2053,2031
2037,2203
2039,2097
2020,2091
1997,2071
1981,2280
1975,1951
1955,2027
1956,1988
1941,1967
1937,1966
1928,2299
1931,2069
1927,1929
1936,2165
1931,1856
1941,2028
1939,2359
1939,1869
1943,2084
1944,2217
1956,2274
1965,2189
1971,1913
1969,2069
1979,2289
1980,2171
1993,1805
1995,2011
1996,2117
2009,2136
2007,1731
2011,1957
2015,2086
2007,2169
2011,1956
2015,2277
2031,2297
2035,2135
2041,2303
2068,1691
2068,2092
2085,2077
2093,1764
2107,2036
2122,2237
2132,2066
2145,2027
2148,1995
2162,1890
2160,2075
2172,2039
2184,2014
2180,2099
2176,2199
2181,2012
2172,2269
2183,1768
2167,1968
2160,2218
2157,2037
2157,2167
2165,1972
2165,1948
2163,2227
2159,1884
2158,1655
2167,1877
2169,1967
2156,1975
2152,2112
2151,1943
2125,1966
2133,2052
2107,1994
2117,1945
2108,2065
2088,1971
2079,2204
2069,2118
2056,2009
2043,2136
2031,2120
2026,2169
2007,1815
1995,2006
1986,2200
1975,2040
1976,2031
1969,2129
1961,2029
1955,2103
1965,1784
1949,2086
1944,2145
1944,2167
1948,1964
1938,2038
1947,2088
1937,2112
1944,1929
1936,2203
1927,2025
1933,2024
1923,2072
1930,2027
1935,2054
1940,2192
1934,1928
1948,1841
1944,2216
1950,2343
1957,1918
1955,1968
1969,2143
1975,2281
1995,2036
2005,1957
2021,1971
2021,2136
2033,2171
2064,1786
2065,2175
2079,2068
2080,2130
2089,1975
2083,2063
2099,2077
2096,2192
2103,2089
2111,1999
2121,2196
2124,2161
2127,2176
2125,1988
2136,1993
2147,2075
2165,2154
2163,1920
2168,1940
2173,1976
2172,2176
2175,2099
2171,2067
2173,1909
2167,1955
2176,2164
2177,2034
2168,1877
2165,1962
2165,2037
2151,2033
2160,2057
2151,1809
2144,1787
2129,2286
2119,2123
2107,1707
2105,2081
2090,2202
2084,2176
2079,2104
2067,1812
2063,1979
2043,2143
2029,2008
2030,1867
2028,2117
2011,2005
2004,2139
2008,1891
1994,1819
1992,2017
1980,2075
1971,1899
1964,1780
1956,2357
1949,1940
1937,2092
1935,2018
1930,1928
1930,2192
1932,2219
1930,1996
1929,1816
1929,2144
1937,1932
1931,1829
1942,1951
1945,2024
1939,2000
1943,2130
1946,2152
1941,2033
1952,2028
1943,2079
1947,2068
1956,1965
1973,2170
1971,2019
1978,2004
1992,2040
2004,2001
2008,2008
2015,1931
2036,1904
2043,2077
2072,1969
2074,2007
2081,2015
2086,2004
2088,1993
2087,2131
2089,2056
2097,2008
2100,1981
2104,2051
2105,1848
2108,2145
2120,2010
2127,2023
2146,2279
2143,2216
2156,2327
2157,2129
2159,1889
2172,1960
2173,2032
2163,2072
2169,2003
2163,2163
2168,1891
2157,2155
2151,2191
2131,1771
2141,2104
2140,2173
2135,1962
2129,2055
2125,1949
2116,1977
2100,2069
2089,2249
2090,1921
2075,2072
2076,2203
2065,1915
2057,1848
2038,2007
2023,2261
2024,2007
2005,2073
2000,2163
1997,2043
1992,2168
1976,2011
1973,2041
1976,2169
1961,2159
1961,2105
1960,2009
1950,1943
1943,1980
1940,2023
1936,2190
1928,1877
1921,2169
1927,1861
1920,2015
1911,2128
1918,2073
1908,1991
1913,2361
1920,1951
1915,1972
1923,2217
1934,1974
1939,2013
1943,2120
1950,1925
1955,1920
1962,2185
1955,2075
1975,1928
1980,2138
1988,2029
1999,1992
2010,2058
2009,2039
2021,1935
2035,2196
2035,1911
2046,2055
2041,2219
2067,1997
2069,2127
2069,2097
2080,2184
2091,2015
2089,2123
2101,2094
2101,2143
2112,2176
2131,2004
2127,2077
2143,1965
2150,2137
2149,2087
2167,1955
2168,2143
2168,2038
2166,2040
2168,2176
2173,1912
2169,1843
2151,2156
2160,1981
2152,2009
2155,2206
2144,2028
2140,1973
2133,2216
2131,1759
2109,1895
2113,2273
2093,2131
2089,2189
2086,2041
2085,2133
2071,2168
2057,2071
2058,1964
2053,2129
2039,2093
2030,2215
2019,2128
2015,1974
2017,2161
2001,2209
1993,1965
1979,2131
1973,2023
1963,1853
1953,2115
1931,1954
1936,1956
1915,2075
1928,2105
1915,2080
1923,1912
1921,2127
1913,1909
1920,2081
1929,1925
1919,2099
1911,1960
1913,2063
1923,2156
1929,2035
1940,2125
1929,2205
1940,2039
1944,1961
1943,2107
1948,1745
1952,2135
1952,2091
1972,1928
1976,1977
1979,2315
1993,1943
2000,2202
2010,2221
2020,1883
2033,1973
2045,2102
2056,1891
2069,2057
2068,2224
2072,1967
2073,2141
2088,2199
2104,1924
2105,1932
2105,2025
2116,2067
2130,1889
2137,2312
2143,2066
2139,2001
2145,2236
2167,2017
2162,2160
2163,2121
2157,2011
2167,1821
2167,2192
2162,2020
2165,2037
2171,2051
2164,1996
2155,2147
2157,2067
2145,1972
2143,1946
2148,2124
2135,2041
2131,2157
2121,2109
2103,2040
2103,2107
2088,2020
2080,1848
2077,2116
2064,1930
2056,1965
2040,2143
2035,1803
2025,1944
2020,2329
2020,2108
2010,1951
1995,2091
2002,2001
1997,2087
1991,2132
1966,1953
1968,2073
1947,2223
1937,2175
1924,1880
1930,1992
1911,2208
1912,1883
1914,1869
1923,2173
1911,2012
1924,2041
1936,2197
1927,1911
1927,2033
1929,2265
1936,2007
1933,2020
1939,2212
1949,1927
1941,1872
1947,1980
1944,1951
1953,1985
1969,2202
1966,2079
1983,1869
1979,1939
1996,2082
2000,1951
2020,2009
2022,1919
2023,2239
2042,2259
2051,2029
2059,2075
2069,2191
2076,2058
2088,2218
2089,2015
2093,2069
2104,2123
2115,2165
2121,2045
2131,2228
2138,1975
2139,2171
2140,2145
2148,1803
2164,1951
2153,2229
2157,1944
2171,2162
2171,1961
2169,1971
2168,2243
2153,2009
2155,1887
2155,1975
2151,2145
2136,2120
2144,2011
2143,2096
2149,2123
2129,2119
2129,1916
2125,1901
2130,2001
2125,2033
2110,2103
2091,2087
2099,2200
2079,2120
2067,2152
2063,1851
2032,1870
2023,2040
2013,1941
2011,1946
1993,2185
1996,2099
1989,2200
1987,2063
1982,1915
1975,1931
1966,2163
1957,1912
1957,2094
1946,2215
1946,1984
1946,1952
1943,2013
1935,1864
1926,2003
1927,2043
1918,2095
1923,2000
1920,2067
1907,2018
1920,1873
1928,2068
1931,2088
1934,2065
1935,2150
1939,2184
1945,1827
1952,2124
1945,2243
1959,1939
1959,2215
1984,2231
1987,2053
1997,2067
2002,2191
2021,1903
2025,2060
2029,2107
2023,2078
2045,1917
2053,2140
2053,2103
2077,1968
2075,2065
2083,2067
2087,1978
2103,2240
2099,2181
2112,1997
2120,1961
2127,2093
2133,1952
2139,2011
2152,2063
2151,2035
2152,2075
2164,2212
2157,2010
2171,2208
2168,2033
2162,1960
2173,1976
2181,2063
2168,1889
2171,2038
2163,2131
2155,2055
2153,2027
2144,2124
2140,1979
2132,1927
2115,1957
2105,2213
2090,1946
2099,2143
2093,1848
2077,2077
2086,1946
2075,2040
2072,1883
2055,2065
2055,2160
2039,1939
2027,2016
2007,2035
2001,2112
2007,2016
1990,1887
1967,2009
1968,1937
1953,2123
1943,1962
1939,2102
1939,1945
1924,2323
1928,2007
1929,1899
1932,2310
1940,2045
1935,2023
1931,2107
1939,2176
1931,1991
1934,2054
1917,1913
1907,1909
1928,2147
1915,1939
1920,2001
1934,2016
1943,2118
1952,1909
1953,2093
1961,2015
1971,2166
1977,2139
1984,1971
1995,1992
2004,2019
2005,2035
2020,1875
2028,2063
2027,1962
2039,2067
2055,2043
2063,1811
2072,2089
2074,2023
2087,1968
2097,2139
2102,2187
2101,1897
2117,2108
2131,2068
2140,1920
2151,2063
2152,2200
2153,1893
2152,2183
2156,2199
2147,2045
2159,1931
2157,2053
2165,2039
2167,1895
2167,2220
2163,2038
2164,2070
2166,2236
2168,1962
2170,1963
2165,2106
2155,1941
2153,1974
2143,2080
2135,2075
2117,2081
2109,2071
2111,2033
2091,2124
2087,2064
2077,1939
2071,2069
2063,1875
2055,2057
2048,2127
2039,2108
2039,2123
2029,2199
2021,1939
2007,2063
1999,2235
1992,2024
1979,2029
1982,2245
1961,2074
1954,1913
1956,2073
1940,2023
1941,1976
1933,2020
1936,2067
1929,1964
1928,2181
1931,2316
1932,1855
1932,2105
1943,2109
1923,1968
1929,2100
1925,2136
1939,2102
1944,2035
1940,2168
1951,1814
1955,2013
1949,1947
1969,2030
1976,2119
1988,2075
1991,2021
1991,2077
1991,2063
2008,1999
2008,2120
2011,1947
2029,2103
2021,2119
2043,2112
2056,1993
2063,2075
2082,2075
2088,2056
2093,2100
2104,1908
2104,2070
2107,2187
2109,2015
2123,2132
2136,1995
2141,1979
2142,2006
2146,2113
2151,1892
2151,2157
2156,2015
2165,1856
2162,2053
2170,1937
2162,2032
2163,2118
2155,2122
2157,1948
2159,2004
2147,2149
2148,1864
2138,2017
2131,1981
2131,1993
2119,2077
2124,2099
2117,1889
2099,2145
2092,2104
2077,1926
2078,2045
2074,1961
2069,1980
2056,1975
2029,2067
2023,2104
2018,2023
2007,2025
1987,2027
1984,2076
1964,2015
1961,2095
1960,2017
1947,2075
1949,2179
1939,2027
1945,2019
1930,1957
1934,2044
1924,2025
1936,2089
1928,1991
1915,1968
1917,2071
1916,2037
1907,1873
1911,2024
1911,2123
1908,2003
1911,2187
1928,2021
1929,2071
1929,2065
1933,2029
1933,1983
1944,2025
1951,2040
1959,2011
1959,2039
1972,2088
1984,2087
1979,2059
1993,2021
2002,1871
2014,2063
2027,2039
2035,2086
2039,2073
2041,2029
2053,1984
2069,2125
2077,2093
2088,1991
2089,2076
2099,2096
2091,2011
2118,2080
2120,2099
2117,2039
2127,2025
2135,2133
2145,2016
2147,2078
2145,2108
2153,1964
2157,2044
2168,2136
2183,1973
2169,1982
2167,2169
2170,2023
2162,2112
2162,2121
2149,1953
2145,2099
2143,2131
2133,2111
2135,2028
2122,2011
2116,2063
2108,1954
2103,2104
2105,1992
2091,2027
2088,2142
2085,2084
2076,1941
2063,2043
2059,2031
2056,1975
2039,2207
2025,2069
2014,2023
1999,2080
1997,2068
1984,2025
1975,2063
1976,2035
1960,2063
1953,2067
1956,2079
1944,1991
1949,2087
1947,2140
1947,2009
1949,1987
1953,2009
1940,2043
1941,1947
1940,2079
1943,2028
1937,2073
1930,2016
1940,1947
1938,2029
1931,2108
1944,2119
1944,1926
1943,2028
1955,2011
1953,2067
1969,2109
1979,2145
1981,2158
1993,2075
2016,2132
2015,1964
2024,1971
2037,1981
2063,1992
2063,1971
2072,2069
2075,2043
2079,1987
2087,2043
2099,2056
2095,2037
2107,2004
2104,2039
2110,2115
2120,2081
2127,2095
2129,1989
2136,2005
2144,2033
2161,2041
2164,2004
2174,2045
2182,2099
2192,2012
2191,2174
2194,2024
2193,1973
2188,2112
2187,2124
2168,2067
2169,2044
2163,2027
2162,2056
2156,1993
2151,2013
2152,1959
2136,2033
2136,2048
2132,2041
2120,2037
2115,2136
2103,1984
2099,2083
2096,2127
2082,1995
2065,1987
2045,2063
2035,2004
2032,2070
2017,2195
2011,1925
2008,2065
2003,2094
1998,2043
2001,2001
1990,2066
1987,1941
1980,2012
1966,2088
1959,2027
1955,2015
1952,2124
1942,1901
1935,2047
1932,2089
1919,2004
1923,2011
1913,2127
1917,2053
1917,2062
1911,2112
1919,1979
1930,1998
1929,2105
1945,2036
1953,2068
1960,2041
1964,2037
1969,1973
1965,2134
1975,2088
1980,1961
1980,2063
1984,2024
1999,2023
2008,2120
2011,1999
2013,2015
2021,2106
2043,2024
2045,2004
2063,2090
2071,2038
2072,2120
2089,1993
2102,2053
2105,2027
2120,2093
2125,2076
2134,2039
2131,2096
2143,2046
2143,2091
2148,2053
2152,2085
2159,2196
2165,2077
2163,2099
2167,2135
2174,2100
2170,1942
2169,2089
2176,2106
2167,2019
2165,2058
2168,2024
2160,2079
2160,2105
2148,2063
2151,2027
2148,2055
2137,2092
2130,2005
2128,2027
2108,2100
2103,2129
2093,1966
2089,2005
2078,2021
2071,2072
2072,2063
2054,2001
2041,2065
2032,2024
2027,2103
2016,2073
2008,1987
1995,2130
1995,2033
1981,2000
1969,2136
1969,2057
1963,2003
1957,2092
1961,2044
1951,2038
1944,2083
1945,2009
1939,1965
1937,2060
1939,2009
1945,2091
1935,2080
1936,2001
1932,1970
1937,2042
1940,2029
1935,2063
1948,2011
1943,2029
1959,2024
1961,1971
1976,2003
1977,2057
1987,2047
1995,2026
2007,1970
2008,2029
2020,2100
2023,2047
2039,2125
2039,2024
2061,2081
2072,2008
2075,2063
2084,2080
2073,2003
2084,2066
2094,2107
2102,1929
2108,1977
2123,2054
2121,1963
2138,2080
2146,2058
2157,1955
2149,2041
2169,2104
2169,2057
2176,2026
2183,2025
2187,2041
2183,2035
2192,2089
2187,2054
2191,1971
2200,2057
2192,2100
2193,2016
2189,1992
2175,2120
2165,2021
2167,2109
2163,2099
2156,2029
2143,2081
2135,2092
2137,2012
2125,2055
2121,2131
2112,2136
2097,1952
2108,1989
2086,2027
2088,2021
2082,2131
2075,2052
2057,1970
2045,2105
2029,2064
2027,1945
2017,2112
2003,2053
2000,2146
1989,2103
1984,2025
1971,2029
1966,2128
1967,2096
1964,2019
1963,2080
1961,1999
1963,2105
1963,2071
1961,2021
1960,2076
1958,2055
1957,2004
1959,2043
1957,2091
1947,2030
1955,2065
1958,2076
1952,2002
1960,1949
1956,2030
1969,2041
1971,2082
1990,2080
2001,2065
2003,2079
2023,2075
2032,1984
2038,2064
2047,2013
2069,2014
2069,2012
2074,2132
2077,2021
2078,2053
2086,2053
2085,1978
2106,2087
2104,2013
2127,2021
2129,2041
2140,2090
2152,2005
2149,1984
2160,2154
2168,1982
2172,2002
2181,2055
2186,2051
2187,2017
2185,2168
2188,2076
2192,2016
2191,2133
2189,1953
2196,1990
2192,2108
2196,2024
2196,2066
2192,2092
2189,2081
2189,1952
2172,2171
2170,2030
2160,1992
2153,2117
2149,2079
2141,2069
2125,2019
2119,2141
2115,1999
2096,2105
2094,1989
2080,1889
2070,2131
2067,2125
2056,1940
2042,2039
2039,2123
2036,2010
2029,2023
2024,2087
2005,1941
2001,2095
2002,2139
1979,1955
1976,2147
1972,2087
1967,2043
1955,2064
1948,2041
1943,2047
1952,2044
1943,2055
1945,2000
1949,2099
1946,2077
1943,1975
1953,1943
1955,2128
1959,2072
1958,1997
1956,2089
1960,2000
1957,1951
1969,2125
1971,2105
1971,2000
1987,2044
1991,2072
2010,2071
2015,2070
2023,2170
2022,1987
2035,2008
2037,2084
2043,1955
2063,1971
2076,2087
2071,1979
2077,2017
2097,2101
2099,2071
2107,2002
2110,2053
2119,2042
2127,2071
2136,2097
2144,2016
2156,1897
2156,2033
2157,2085
2171,1976
2172,2071
2176,2004
2176,2026
2172,2029
2188,2019
2188,1965
2179,2079
2187,2163
2191,1982
2185,2135
2188,2023
2183,1979
2181,2101
2164,2043
2168,2088
2153,2099
2145,2128
2151,1956
2140,2076
2119,2037
2119,1964
2109,2020
2102,2139
2092,2008
2087,2017
2073,2096
2070,2080
2063,2011
2055,2039
2040,1892
2028,1990
2025,2081
2019,1995
2017,2063
2007,2058
1996,2076
1994,2045
1980,2169
1975,1976
1965,2091
1958,2072
1957,2002
1955,2071
1962,2042
1947,2060
1953,1991
1951,2036
1951,2025
1944,1905
1961,2009
1956,2003
1960,1939
1956,2026
1959,2033
1956,2081
1961,2023
1975,2015
1980,2090
1980,2042
1996,2031
2006,2035
2018,2005
2023,1987
2030,2169
2041,2053
2057,2072
2068,1998
2071,2073
2083,2031
2092,2011
2085,1899
2091,2018
2107,1825
2107,1966
2110,1923
2125,1848
2131,1882
2136,2034
2147,2052
2155,2023
2167,2115
2171,2039
2184,2089
2191,2212
2199,1918
2205,1961
2208,2089
2211,1936
2211,2080
2215,2023
2203,2025
2208,2015
2206,2099
2203,1944
2200,2140
2185,2041
2189,1993
2181,1979
2181,2090
2167,2025
2161,2057
2156,2052
2140,2043
2149,2095
2143,2121
2141,1967
2133,2079
2128,2063
2119,2021
2107,2094
2094,2133
2079,1991
2079,2125
2065,2080
2053,1933
2033,2058
2026,2123
2008,2017
2015,1964
2006,2037
2001,2046
1997,2026
1990,2076
1979,2043
1977,2208
1977,2071
1971,2062
1976,2017
1968,1974
1971,2029
1967,1943
1963,1881
1966,2057
1960,2172
1949,1913
1965,2014
1960,2056
1972,2011
1979,2128
1972,1988
1977,1911
1995,2224
1991,2123
2010,2007
2013,2068
2012,2030
2019,1977
2028,2063
2035,1899
2051,2008
2053,2144
2063,1993
2072,1899
2080,2019
2092,2104
2096,2015
2106,2017
2107,1990
2118,1929
2132,2093
2144,1929
2146,2038
2156,2143
2153,2152
2169,1965
2167,1981
2175,2039
2186,1973
2180,2201
2187,1847
2187,2104
2201,2095
2199,2206
2207,2008
2200,2087
2203,1979
2208,2066
2195,2224
2197,1897
2195,2073
2196,2163
2184,1996
2185,2088
2169,2105
2155,1947
2159,2055
2139,2201
2138,1971
2137,2167
2115,2216
2115,1912
2109,2064
2088,2027
2103,1911
2085,2055
2091,2109
2077,1867
2063,2133
2057,2071
2044,2111
2035,1907
2024,2046
2012,2076
2005,1983
1993,2183
1977,2010
1979,2093
1963,2102
1968,2103
1959,2056
1963,1972
1953,2123
1956,1992
1967,2083
1957,2075
1963,1942
1953,2072
1947,2191
1948,2037
1963,2024
1963,2025
1963,2004
1972,2065
1976,2023
1987,1964
1977,2188
1993,2037
1997,2063
2008,2105
2014,2021
2008,1999
2020,2052
2024,1971
2021,1995
2040,2080
2054,2096
2058,2112
2063,2144
2075,2188
2088,2103
2104,1950
2103,2040
2119,2040
2128,1964
2137,2039
2148,2080
2157,1915
2162,2144
2162,1972
2175,1831
2165,2154
2171,2099
2185,1944
2185,2216
2190,2096
2191,1943
2192,2107
2200,2063
2201,1955
2200,2071
2195,2029
2199,2075
2186,2144
2193,2072
2191,1992
2191,2152
2181,2085
2184,2104
2174,1989
2163,2157
2165,1964
2152,1997
2145,2123
2134,2032
2132,2085
2119,2156
2104,1958
2091,2027
2087,2126
2083,1853
2072,2027
2057,2064
2055,1964
2046,2105
2036,2105
2023,1927
2016,2015
2024,2137
2004,1995
1988,2074
1992,2057
1971,1977
1971,2023
1971,2067
1972,2188
1969,2041
1968,1997
1965,2125
1966,2151
1961,2055
1966,1977
1961,2103
1959,1944
1959,2121
1967,2067
1965,1996
1971,2074
1966,2132
1981,2036
1991,2008
1989,1994
1987,2079
2011,2056
2016,2063
2024,1897
2033,2015
2041,2135
2055,2023
2063,2135
2070,2091
2071,2048
2079,1978
2092,2093
2103,2074
2115,2028
2119,2250
2124,2005
2128,1989
2131,2252
2140,2029
2145,1945
2155,2056
2168,1995
2171,1893
2183,2053
2191,2051
2193,1895
2204,2157
2204,2111
2213,1952
2213,2054
2208,2007
2215,2017
2216,2063
2207,2121
2207,2003
2205,2158
2187,2077
2193,1927
2185,2032
2185,2284
2171,1952
2179,2149
2170,2252
2164,1909
2155,1975
2155,2168
2152,1800
2137,1961
2136,2224
2121,1971
2108,1935
2099,2143
2080,1827
2068,1943
2065,2153
2039,2086
2040,1979
2034,2225
2021,1916
2032,1925
2028,2152
2023,1932
2020,1907
2008,1995
2008,2157
1997,1911
1979,1872
1970,1935
1968,2004
1963,2104
1945,2137
1945,1895
1948,1886
1944,2291
1948,2081
1942,1865
1960,2119
1964,2091
1973,2009
1984,2131
1992,1824
2001,2097
2009,2307
2004,2128
2011,1768
2009,2193
2017,2201
2012,2035
2012,2101
2021,1901
2011,2232
2024,2129
2032,1781
2053,1965
2063,2144
2076,2274
2088,1984
2096,1815
2111,2132
2117,2007
2133,2065
2146,1943
2145,1987
2154,2109
2161,2106
2159,1951
2163,1904
2171,1960
2164,2008
2171,2410
2173,1710
2183,2025
2187,2273
2193,1843
2191,2089
2196,2168
2201,1872
2204,2130
2204,2217
2194,1677
2196,1807
2195,2122
2180,2008
2172,1974
2156,2169
2159,2149
2152,1912
2140,2410
2153,1838
2147,1976
2144,2028
2129,2074
2131,1803
2125,2063
2124,2280
2101,1807
2096,2157
2089,1951
2065,1692
2056,2105
2029,2138
2016,1633
2005,2087
1995,2234
1992,1785
1986,2277
1975,2070
1974,1908
1978,2117
1971,2240
1976,1896
1979,2071
1971,2038
1979,1872
1976,2077
1979,2000
1966,2002
1961,2153
1963,2196
1948,2091
1944,2026
1945,2063
1953,1925
1952,2005
1959,2052
1967,1902
1965,2028
1973,2163
1975,1825
1991,2217
2007,2256
2018,1843
2015,2283
2015,2006
2017,1756
2029,2264
2039,1968
2053,1948
2071,1932
2073,2123
2075,1743
2092,1863
2096,2493
2119,2020
2119,2085
2129,2143
2147,1899
2137,2055
2146,1966
2155,1798
2158,1946
2161,2445
2167,1915
2159,1847
2168,2219
2176,1753
2171,2143
2185,1675
2195,1944
2199,2106
2195,2064
2208,2133
2217,1864
2217,2024
2211,2040
2219,2033
2203,2021
2196,1847
2181,2202
2184,2279
2171,1883
2163,1943
2143,2493
2145,2192
2136,2023
2132,2041
2123,1994
2120,2037
2117,2155
2101,1583
2089,2041
2097,2093
2085,1878
2072,1959
2067,2035
2043,1990
2021,2076
2023,1749
2009,1815
1997,1337
1987,1818
1992,2037
1977,1900
1976,2120
1977,1855
1980,2063
1965,1899
1979,1991
1973,2079
1984,1845
1975,2204
1981,2315
1977,2139
1978,1773
1976,2193
1975,1964
1961,1997
1961,2248
1964,1806
1961,2041
1961,2327
1979,2022
1984,1863
1989,2239
2008,2137
2018,2008
2028,2065
2033,1699
2043,2356
2057,1981
2074,1767
2077,2078
2080,2412
2097,1844
2098,2087
2112,1889
2121,1842
2121,2351
2139,1414
2141,1896
2137,2224
2147,1968
2145,1838
2156,1847
2164,1934
2164,2319
2166,2248
2172,1721
2179,2299
2193,2188
2197,2070
2197,2103
2203,1760
2211,2261
2217,2419
2217,2058
2224,1743
2228,2179
2221,2288
2218,1995
2209,1835
2208,1933
2193,2161
2188,2193
2182,2195
2163,1759
2161,2154
2147,2028
2136,2023
2129,1853
2120,1909
2105,2284
2103,2017
2092,2187
2089,2121
2073,1897
2080,2246
2073,2103
2072,1978
2069,2447
2064,2339
2063,1871
2052,1910
2030,2115
2029,1779
2012,2140
1994,2213
1995,1687
1971,2140
1965,2232
1960,1961
1952,1955
1945,2156
1941,2323
1938,2220
1937,2156
1947,1443
1937,2121
1954,2161
1964,1820
1969,1743
1973,1710
1987,2296
1993,2157
2008,1844
1997,2085
2005,2301
2008,2451
2009,2080
2014,1782
2009,2065
2015,2215
2011,2053
2029,1780
2035,1976
2038,2212
2046,1979
2063,2075
2073,1893
2075,2196
2089,2078
2093,1848
2111,2401
2119,2097
2128,2106
2129,2324
2158,1942
2152,2040
2169,2336
2184,1964
2188,1821
2184,2183
2185,1965
2187,1931
2197,2245
2199,1712
2203,2066
2199,2074
2188,2025
2187,2018
2187,2289
2185,2019
2185,1848
2173,2171
2169,2224
2167,2232
2163,1852
2159,2108
2173,2233
2161,2284
2150,1827
2155,1832
2152,2200
2156,2328
2133,2047
2134,1813
2127,2172
2108,2333
2097,1897
2084,2017
2066,1979
2056,1774
2052,2176
2021,1841
2019,1615
1995,2031
1987,1957
1991,1695
1987,2263
1975,1977
1980,1761
1965,2247
1976,2455
1973,2010
1984,2143
1983,1933
1983,1929
1991,2221
1975,1869
1965,2043
1963,2120
1961,2185
1960,2033
1939,2276
1941,2008
1927,2186
1941,2179
1943,2204
1949,2039
1956,1988
1965,2149
1977,2326
1989,1929
2005,1805
2011,1996
2029,1843
2033,2193
2042,1915
2048,1915
2063,2329
2057,2403
2064,1603
2065,1771
2072,2486
2073,2219
2090,1807
2099,1734
2103,2200
2107,2385
2131,1856
2137,1799
2144,2232
2155,2334
2155,2221
2180,1801
2181,2264
2183,2116
2190,2232
2200,2044
2196,2029
2200,2063
2200,1909
2207,2135
2199,1874
2195,2193
2197,1833
2196,2211
2200,2228
2194,2417
2196,2288
2194,1952
2182,2015
2184,2163
2170,1955
2156,1831
2153,2093
2134,2003
2129,1907
2129,2065
2104,2032
2103,1891
2103,2021
2101,1915
2098,1875
2087,2027
2087,1859
2077,1990
2071,2163
2056,2003
2040,1892
2019,2141
2025,1614
2015,1607
2002,1827
1977,2137
1977,2222
1967,2133
1958,2040
1957,2233
1949,2094
1941,2037
1927,1758
1939,1749
1949,2339
1951,1884
1968,1491
1969,2376
1982,1890
1978,2329
1979,2524
1978,2315
1981,1919
1992,2321
1979,1952
1989,1894
1974,2147
1975,2304
1989,2472
2000,2221
2004,2441
2010,1897
2015,2294
2035,2061
2040,1795
2048,1920
2059,2475
2063,1867
2071,1876
2092,2291
2102,1927
2116,2287
2120,2133
2115,2272
2140,1766
2138,1927
2145,1971
2170,2067
2174,2117
2171,1869
2187,2057
2187,2056
2176,1741
2183,1720
2176,2258
2192,2207
2179,2059
2179,2156
2183,1904
2173,2048
2179,2016
2176,1679
2176,2073
2171,2200
2175,1767
2167,2408
2171,2162
2164,1835
2168,2197
2163,2257
2183,1751
2172,2307
2160,2367
2160,1706
2142,2237
2125,2291
2103,1600
2092,1964
2079,2089
2056,1971
2045,1977
2031,2094
2024,2038
2020,1925
1992,2199
2003,2194
1993,2003
1993,2315
1994,2400
1973,1611
1971,1997
1955,2413
1949,1893
1959,2097
1964,2209
1957,1733
1945,2390
1952,1966
1953,1704
1961,2113
1959,2171
1955,1771
1953,2112
1952,2011
1944,2392
1946,2227
1947,2109
1955,2124
1947,2080
1956,2121
1947,1688
1949,1717
1963,1931
1973,2250
1984,1611
2001,1873
2014,2371
2020,2121
2023,2347
2040,2084
2063,1973
2080,2088
2097,1721
2096,1528
2104,1943
2116,2181
2122,1995
2116,1613
2119,2299
2110,1949
2120,2032
2120,1823
2124,2091
2137,2325
2140,2235
2149,2288
2163,1712
2170,2411
2188,2142
2192,1974
2187,1803
2192,2068
2190,2105
2186,2018
2181,1896
2181,2072
2183,2266
2184,1827
2181,1808
2186,1946
2183,2325
2168,1983
2161,2196
2160,2331
2154,2145
2144,2166
2136,2279
2121,1855
2109,2064
2099,2017
2088,1877
2075,2139
2075,1847
2055,2152
2039,2111
2031,2256
2027,2067
2025,1790
2001,1760
2016,1895
2020,1908
2008,2092
2005,1797
2000,1689
1987,2197
1987,2336
1973,1881
1968,1946
1969,2120
1952,2496
1944,1947
1939,1687
1925,1992
1913,2378
1935,1919
1927,2091
1923,2387
1935,1993
1945,2081
1947,2221
1960,2219
1968,2012
1977,2123
1991,2130
1991,1956
2001,1776
2004,2003
2009,2168
2004,2176
2011,2007
2023,1816
2027,2255
2024,2087
2039,1907
2029,1954
2040,1902
2061,1946
2071,1899
2075,1953
2093,1843
2096,1880
2101,1818
2115,1739
2131,1976
2148,1608
2155,1753
2164,2421
2168,2084
2176,1599
2188,2181
2184,2459
2183,1907
2187,1880
2197,2029
2202,2136
2193,2273
2193,2185
2194,1871
2187,2392
2197,2391
2190,2021
2185,1769
2183,2176
2174,2063
2161,1851
2165,2435
2153,1973
2163,1710
2154,2351
2133,2109
2130,1904
2139,2009
2125,2037
2120,1768
2103,2221
2093,1751
2090,1765
2077,2423
2072,2228
2070,1893
2040,2361
2040,2381
2028,2093
2019,2224
2026,2275
2020,2355
2000,2350
1975,2161
1968,2092
1966,1982
1959,2032
1959,1973
1953,2096
1946,1912
1947,1834
1944,1717
1951,1588
1954,1747
1954,1749
1961,2146
1959,2063
1959,1694
1948,1672
1965,2299
1969,2190
1962,1785
1970,2093
1976,2185
1969,2264
1976,2439
1972,2091
1964,1937
1977,2173
1985,2708
2007,2299
2015,1750
2028,2122
2032,2280
2063,1943
2063,1891
2082,1864
2085,2310
2099,1996
2102,1879
2103,1776
2116,1963
2101,2063
2115,1867
2115,1913
2128,1810
2133,2161
2129,2156
2133,1801
2149,1893
2147,2191
2168,2028
2171,1879
2194,2197
2195,2093
2206,1944
2203,2139
2212,2109
2204,2124
2200,1960
2198,1701
2181,1843
2181,2188
2155,1992
2139,2103
2144,2043
2136,1869
2133,2148
2117,2536
2127,1703
2128,1829
2120,2248
2123,1940
2119,1835
2119,2171
2104,2105
2096,1849
2091,2247
2073,2089
2063,1976
2037,2249
2024,1627
2005,2073
1997,2371
1988,2383
1971,2087
1976,2091
1962,1943
1960,2108
1955,2318
1965,1631
1966,2053
1952,2088
1953,2171
1959,2349
1945,2091
1952,1425
1945,2149
1952,2619
1953,2106
1947,2268
1944,2152
1937,1839
1939,2083
1945,1718
1963,1467
1960,2424
1968,2408
1969,1996
1977,1706
1971,1878
1980,2279
1991,2081
1995,1739
1996,1659
2000,2456
1995,2317
2012,1757
2028,1539
2033,1898
2053,2088
2067,2168
2076,1787
2093,1777
2105,2329
2117,2535
2119,1978
2125,1888
2140,2165
2137,2008
2150,2036
2152,2016
2152,1967
2156,1804
2152,2275
2158,2019
2155,1955
2164,1778
2167,2245
2177,2359
2176,2101
2169,1824
2176,2027
2182,2168
2183,2364
2184,1993
2179,1653
2180,2387
2188,2157
2184,1675
2173,2067
2155,2341
2156,1640
2145,1832
2144,2189
2133,2024
2124,2031
2109,2181
2103,2053
2099,2169
2086,2120
2081,1995
2073,2163
2068,2204
2056,2097
2041,2193
2027,2047
1997,1571
1994,1856
1988,2066
1975,1952
1979,2022
1971,2079
1978,2129
1977,1957
1971,1816
1963,1841
1975,2265
1974,1883
1969,2015
1960,1885
1963,2088
1964,2261
1951,2106
1949,1879
1939,2137
1940,2139
1931,1824
1935,2072
1929,2133
1936,2186
1945,2124
1960,1999
1959,2131
1988,2186
1978,2300
1992,1692
2013,1868
2022,1996
2032,2110
2037,1997
2034,2043
2039,2040
2042,2150
2063,2072
2071,1824
2068,1859
2081,2207
2083,2007
2096,2253
2107,2218
2126,1824
2139,2109
2149,2364
2157,1851
2169,1790
2161,2043
2168,2037
2171,2251
2168,2240
2178,2073
2160,2399
2159,2083
2160,1777
2165,2257
2187,2243
2185,2089
2197,1914
2190,2220
2196,2169
2201,1639
2204,2383
2200,1692
2199,2121
2189,2019
2183,2012
2173,1917
2157,2111
2155,2268
2133,1889
2115,2195
2105,1661
2091,1975
2091,2111
2071,2160
2074,2037
2067,2117
2045,2211
2052,1832
2048,1913
2040,1896
2047,2169
2032,2153
2025,1907
2012,2291
2001,2188
1999,2153
1987,2076
1972,1941
1972,2452
1960,2657
1955,2057
1959,2020
1947,2264
1948,2344
1957,2141
1949,1960
1955,2043
1956,2248
1957,2211
1948,1837
1932,1512
1943,1953
1947,2107
1947,1751
1958,1945
1965,2411
1972,2283
1976,1854
1992,1845
1990,2301
1995,2379
2009,2016
2023,1880
2038,2159
2040,2249
2046,1883
2052,2144
2052,2209
2077,2155
2080,1815
2076,2115
2092,2165
2088,2119
2096,2076
2101,1907
2104,2205
2117,2181
2131,1845
2144,1969
2147,2021
2161,2075
2171,2187
2165,1975
2171,1910
2183,2232
2181,1997
2182,1940
2191,2052
2189,2070
2183,2021
2185,2137
2183,2070
2166,2040
2172,2253
2155,2245
2154,2221
2155,2036
2156,2077
2156,2224
2152,1917
2145,1835
2135,2267
2136,2148
2125,2126
2120,1759
2104,1857
2093,2217
2086,2215
2065,1928
2072,2027
2068,2016
2043,1811
2044,1829
2028,2033
2019,2011
2009,2231
2005,2038
1987,1756
1988,2006
1976,2156
1955,2080
1943,1879
1948,2319
1939,2044
1932,2021
1929,1736
1930,1827
1931,2157
1923,2292
1937,2088
1944,1748
1953,2041
1944,1950
1948,1881
1948,1909
1947,2093
1943,2214
1952,2088
1951,2238
1949,1701
1955,1835
1956,1979
1956,2328
1971,2082
1976,1998
1977,2024
1978,2378
1984,2189
1989,1758
2011,2013
2024,1992
2040,2115
2043,1835
2063,1860
2069,1973
2083,2037
2096,1935
2101,1918
2103,1824
2112,1848
2117,2145
2120,2193
2136,2163
2141,2081
2152,2137
2156,2104
2155,2173
2157,2024
2161,1875
2175,2160
2171,2279
2174,1976
2173,1752
2179,2056
2174,2183
2163,2097
2175,1809
2168,2116
2168,2179
2164,2154
2169,1962
2176,1798
2170,2171
2163,2285
2155,2125
2141,1644
2123,2135
2131,2307
2127,1956
2117,1891
2103,1889
2101,2118
2087,2071
2079,1899
2069,2192
2065,2307
2040,2293
2029,2104
2028,1691
2009,2183
1999,2459
1987,2012
1987,1875
1978,2292
1969,2024
1967,2055
1960,2151
1959,1950
1964,2221
1957,2267
1961,1812
1960,1905
1959,2320
1955,2125
1955,2117
1949,2103
1947,1770
1940,2107
1942,2255
1941,1937
1951,2022
1961,2199
1945,2032
1950,1976
1966,1879
1963,1805
1976,1979
1989,2124
1996,1819
1995,1867
2008,1981
2009,2023
2023,1966
2032,2135
2043,1817
2062,1770
2067,2238
2081,1934
2077,2003
2093,2027
2105,2005
2126,2072
2124,2043
2131,1933
2131,1845
2135,2359
2146,1852
2159,2003
2155,2168
2157,2222
2168,2007
2169,1773
2170,2007
2168,1883
2168,2166
2184,2135
2173,2072
2189,1900
2195,2225
2191,2252
2194,1895
2200,2029
2183,2229
2171,2082
2171,2146
2173,1768
2157,1831
2158,2234
2147,2155
2133,1717
2138,2011
2131,2005
2121,2031
2116,2280
2106,2069
2107,2039
2097,2203
2081,2176
2072,1764
2055,1946
2037,2063
2028,2005
2008,2065
1997,1937
1993,2109
1980,2073
1977,1936
1965,1884
1979,2115
1969,2280
1979,1816
1969,2001
1968,2331
1966,2093
1965,2118
1955,1955
1951,1995
1954,2000
1929,2122
1932,1837
1921,1747
1920,2309
1913,2272
1933,1659
1930,1737
1940,2099
1944,2191
1953,2228
1959,1772
1968,1959
1975,2326
1979,2384
1984,1854
1996,1776
1994,2296
1992,2374
2008,1976
2012,1801
2017,1876
2017,2235
2027,2066
2042,1732
2067,1858
2077,2201
2090,2041
2093,2003
2097,1943
2119,1965
2117,2205
2116,2432
2117,1683
2120,1909
2120,2341
2120,2169
2127,1865
2127,2012
2143,2155
2137,2189
2152,2099
2166,1755
2176,1996
2189,2112
2196,2229
2193,2089
2185,1845
2173,2095
2172,2297
2167,1975
2147,1943
2149,2160
2131,2232
2124,2232
2117,1848
2104,1971
2111,2267
2106,2195
2112,1837
2112,2019
2108,2151
2097,1965
2093,2125
2075,1963
2068,2055
2059,2094
2026,1864
2015,1864
1999,1901
1987,2133
1989,2087
1965,2141
1970,1976
1971,2029
1965,2280
1973,2055
1961,2031
1963,1970
1961,2168
1967,2115
1951,2043
1953,2051
1939,2043
1932,2135
1928,2163
1912,1891
1912,2065
1897,2080
1911,2002
1913,2017
1920,2023
1930,2169
1937,2163
1948,1948
1949,1995
1966,2189
1973,2096
1971,2031
1982,2028
1987,2109
1981,2016
1991,1970
2002,1996
2006,1875
2005,2127
2021,2095
2036,1943
2045,2023
2063,2077
2066,2039
2077,1942
2083,2036
2096,1949
2099,2063
2105,2104
2120,1861
2116,2010
2129,2084
2135,2040
2135,1943
2151,2121
2149,2136
2157,2102
2155,2090
2167,2080
2179,2040
2186,1976
2195,2069
2189,1916
2189,2256
2203,1957
2200,1939
2199,1899
2193,2144
2186,2045
2167,1995
2170,2002
2156,2071
2136,2384
2125,1926
2119,1882
2115,2080
2101,2199
2089,2089
2084,1941
2088,1961
2071,2063
2068,2200
2065,1919
2063,1974
2057,2055
2053,1997
2035,2094
2039,2008
2028,2019
2024,2118
2011,2251
2004,2065
1994,2076
1977,2025
1961,2028
1963,2069
1944,1961
1927,2176
1927,2068
1911,1909
1912,1905
1919,2121
1916,2076
1920,2039
1928,2115
1915,2081
1937,2208
1939,2129
1943,1907
1952,2007
1952,2109
1960,1994
1958,2001
1967,1977
1968,2039
1980,2097
1977,2024
1985,1884
1997,2087
2012,2143
2011,2089
2023,2008
2024,2039
2020,2155
2029,2023
2039,2071
2043,2005
2047,2043
2058,2063
2066,1995
2077,2027
2080,1995
2094,2088
2116,1993
2121,2069
2137,2042
2149,2136
2163,2035
2164,2015
2184,1984
2188,2136
2185,2076
2185,1991
2189,2016
2184,2072
2186,2130
2191,1992
2176,1925
2168,2137
2155,2169
2146,2088
2146,1944
2129,1989
2143,2141
2133,2119
2129,1829
2139,2009
2119,2211
2133,1945
2123,2020
2128,1978
2119,2019
2109,2093
2103,2079
2087,1956
2086,2002
2069,2256
2067,2056
2035,1989
2040,1980
2027,1995
2018,2025
1995,2071
1993,2080
1975,2003
1972,2073
1963,2041
1952,1953
1927,2035
1940,2183
1936,2037
1928,2002
1925,2096
1920,2055
1928,2084
1925,2077
1933,2036
1923,2085
1939,2120
1937,2008
1942,1953
1943,2022
1941,2063
1955,2071
1949,2025
1955,1986
1956,2081
1955,2021
1961,2008
1960,1988
1959,2003
1956,2041
1960,2104
1957,2002
1965,2057
1976,2112
1992,2141
1997,1929
2007,2003
2024,2093
2037,2029
2041,1977
2071,2053
2083,2120
2101,1994
2104,2042
2107,1995
2113,2039
2120,2065
2120,2019
2115,1941
2131,1990
2123,2099
2123,1984
2134,2005
2143,2133
2148,2035
2152,2008
2155,2012
2155,1975
2168,2101
2165,2084
2162,2039
2160,1957
2155,2104
2153,2143
2145,1982
2143,1979
2133,2075
2125,2075
2136,2105
2131,2012
2121,2048
2121,2091
2113,2112
2104,2009
2105,1992
2092,2143
2092,2024
2079,1995
2067,2032
2063,2065
2041,2009
2024,2035
2013,2048
2005,1993
1995,2071
1979,1953
1970,2076
1963,2005
1961,2007
1955,2075
1944,2069
1939,2123
1942,2070
1939,1969
1937,2027
1928,2133
1931,1925
1916,2030
1928,2137
1913,1963
1918,2019
1912,2057
1907,1962
1916,2103
1925,2147
1911,2080
1936,2055
1928,2067
1943,1978
1943,2008
1953,2138
1952,2012
1959,2003
1963,2140
1959,1995
1968,2020
1975,2136
1977,2094
1977,2040
1998,2136
2009,2066
2011,2026
2031,2008
2040,2020
2056,2000
2065,2063
2073,2120
2090,1983
2097,2114
2107,1991
2119,1939
2125,2092
2146,2091
2139,2012
2151,2067
2154,1979
2148,1993
2145,2119
2143,1968
2152,2076
2151,2081
2152,2015
2155,1943
2156,2009
2149,2075
2163,2029
2155,2067
2155,2038
2157,2084
2157,2027
2161,1960
2147,2128
2150,1986
2144,2071
2131,2039
2123,2045
2128,2087
2115,2100
2101,2077
2099,2008
2085,2103
2077,2007
2068,2015
2059,2042
2040,2070
2035,2080
2021,1990
2003,2129
1994,2021
1981,2104
1961,1947
1960,2071
1956,2127
1938,1999
1943,2011
1934,2059
1931,2087
1930,2073
1934,2095
1939,1875
1944,2000
1935,2089
1942,1976
1948,1977
1944,2083
1936,2099
1933,1998
1931,2105
1945,1946
1937,2009
1917,2192
1928,2031
1920,2048
1916,2055
1930,2128
1924,2024
1939,1981
1943,1907
1952,2016
1970,2112
1980,2065
2000,1963
2012,2053
2021,2160
2028,1950
2040,2012
2063,2075
2068,2009
2077,1977
2075,2069
2087,2039
2088,2101
2103,2102
2101,2063
2104,2033
2103,2141
2121,2096
2129,1993
2122,2139
2141,1971
2148,2059
2136,2008
2152,2032
2157,1995
2150,2074
2153,2071
2155,2019
2163,2065
2168,2105
2166,2048
2168,1926
2157,2091
2160,2133
2164,2133
2158,1978
2155,2042
2143,2056
2137,2080
2140,2003
2128,2011
2120,2022
2110,2112
2091,2103
2089,1979
2076,2064
2068,2030
2046,2001
2041,1947
2021,2016
2020,2109
2012,2083
2003,2037
2003,1948
1997,2120
2000,2140
1993,1999
1982,2019
1977,2085
1974,2093
1948,2068
1944,1961
1946,2074
1941,2044
1931,2116
1932,1910
1925,1991
1913,2138
1912,2083
1919,1949
1919,1994
1913,2031
1918,2156
1920,2063
1916,1946
1928,2063
1929,2044
1931,2067
1943,1992
1947,1941
1952,2167
1958,2153
1959,1953
1968,1961
1974,2021
1977,2109
1989,2004
1993,2077
2008,1994
2007,2172
2031,2164
2037,1928
2040,2046
2063,2153
2063,2041
2063,1965
2075,2051
2082,2147
2095,2139
2095,2006
2099,2000
2105,2141
2120,2044
2127,1987
2129,1938
2148,2068
2155,2165
2160,1976
2167,1847
2163,2056
2165,2169
2169,1965
2167,2029
2168,2099
2169,2024
2164,2007
2157,2101
2157,2058
2155,1960
2145,2150
2143,2095
2139,1976
2135,1977
2123,2129
2126,2024
2123,2053
2109,2064
2115,1997
2100,2074
2108,2027
2096,1978
2089,2001
2071,2147
2067,2052
2048,1989
2027,2090
2021,2069
2005,2021
1995,2107
1975,2067
1978,2015
1963,1961
1967,2074
1955,1974
1956,2053
1943,2088
1952,1957
1947,2140
1943,2008
1939,2043
1947,1981
1945,2063
1948,2027
1943,2067
1933,1958
1936,1962
1929,2099
1932,2011
1939,2056
1934,1987
1940,2147
1932,2092
1948,2080
1941,2071
1951,2047
1947,2176
1968,2052
1965,1975
1971,2009
1982,1964
1992,2008
1996,2131
2011,1989
2013,1943
2036,2076
2047,2098
2057,2008
2071,2067
2078,1914
2085,1997
2092,2209
2096,2059
2103,1948
2110,2056
2113,2109
2117,2078
2136,2053
2139,1915
2144,2133
2142,2188
2153,1942
2151,1879
2159,2088
2169,2016
2165,2027
2179,1938
2175,2039
2174,2120
2168,2044
2179,1977
2179,2026
2173,1956
2171,2027
2169,2314
2159,1933
2159,1990
2157,2121
2145,2134
2140,2021
2128,2055
2132,1977
2108,2067
2106,2171
2099,1928
2089,1931
2069,2069
2069,2089
2064,2023
2055,1991
2040,1987
2027,2133
2023,2129
2006,1911
2005,1963
2007,2112
1992,2151
1987,2100
1981,1851
1965,2043
1968,2084
1954,2219
1955,2038
1953,1935
1947,2131
1943,2135
1943,2064
1929,1905
1933,2067
1929,2107
1932,2028
1928,2035
1931,2092
1939,2109
1947,2080
1947,2099
1949,1891
1945,2130
1958,2264
1961,1951
1965,1947
1978,2133
1976,2012
1989,2045
1991,2016
1989,1910
2014,2116
2012,2187
2025,1909
2032,1951
2039,2256
2037,1937
2063,1861
2076,2011
2080,2007
2089,2041
2099,2099
2095,1973
2112,1965
2109,2139
2126,2033
2125,1991
2137,2143
2152,2139
2156,1936
2156,1989
2161,2168
2165,2084
2165,1931
2165,2119
2155,1991
2163,1949
2168,2176
2165,2044
2163,2045
2168,2164
2161,2096
2160,2096
2163,1949
2155,2048
2163,2112
2157,2105
2148,1972
2143,1951
2133,2163
2121,2028
2117,2048
2104,1980
2097,2133
2083,1964
2070,1979
2065,2033
2040,2035
2035,2011
2022,1981
2017,2100
2005,2125
1995,2067
1994,1995
1979,2025
1981,2141
1967,2173
1965,2056
1967,1822
1949,1914
1951,1954
1951,2073
1940,2005
1933,2024
1931,2151
1931,2188
1931,2071
1916,1991
1919,1981
1907,2199
1910,2066
1907,1955
1916,1997
1912,2115
1907,2099
1916,1959
1915,1997
1925,2123
1929,2055
1949,1984
1951,1984
1952,1996
1967,2063
1975,2089
1979,2029
1992,2166
2004,2285
2013,2104
2011,2023
2030,1979
2027,2061
2047,2007
2053,2036
2072,1963
2069,2096
2078,2169
2083,2003
2091,2056
2089,2071
2100,2031
2115,1964
2107,2094
2126,2083
2129,2001
2137,2080
2146,1998
2147,2063
2164,2019
2163,1957
2162,2056
2180,2066
2167,1957
2169,1923
2171,2066
2169,2067
2180,2035
2174,1976
2156,2024
2157,2043
2152,2139
2152,2025
2143,2001
2127,2029
2131,2087
2120,2008
2097,2032
2101,2044
2091,2033
2071,2045
2085,1995
2083,2033
2072,2097
2063,2063
2059,1929
2052,1945
2029,1996
2025,2093
2015,2058
2010,1925
1996,2089
1980,2176
1978,1955
1971,2038
1963,2152
1958,1910
1959,2117
1954,2069
1952,1905
1953,2065
1939,2154
1941,2058
1935,2041
1935,1911
1929,1951
1937,2008
1936,2059
1941,1989
1943,2093
1941,1969
1941,2039
1948,2096
1948,2063
1949,2081
1956,2033
1968,2037
1967,1971
1989,2056
1989,2008
2004,2080
2005,1989
2020,2103
2040,2095
2033,1981
2057,2041
2069,2043
2067,1992
2071,1967
2084,2078
2087,1972
2091,2140
2093,2029
2099,1968
2104,2139
2111,2151
2121,2105
2136,1980
2143,2057
2143,2123
2157,1845
2170,2104
2178,1991
2184,2063
2187,2101
2192,2028
2196,2137
2204,2040
2185,1907
2183,1894
2184,2177
2189,1938
2175,2061
2172,2073
2167,1951
2163,2144
2159,2023
2152,1889
2148,2051
2133,2271
2129,2008
2121,2076
2118,2048
2099,2028
2096,2003
2085,2158
2077,2040
2075,2104
2069,2212
2055,1774
2046,2155
2039,1933
2036,1939
2024,1640
2017,2120
2010,2226
1999,2144
1993,1984
1985,2097
1963,2143
1955,2109
1960,2232
1945,2021
1944,2265
1939,2283
1944,1845
1933,1980
1937,2115
1935,2076
1939,2023
1936,1928
1927,2176
1939,2143
1936,2240
1933,1980
1944,1996
1935,2297
1949,1933
1954,1948
1949,2152
1961,2069
1957,2046
1972,2000
1973,1860
1983,2171
1989,2288
2000,1939
2016,1761
2015,2001
2034,2183
2042,1995
2055,1820
2063,1978
2065,2129
2067,2069
2073,1799
2079,1984
2088,2201
2093,2183
2092,1903
2089,1995
2112,2184
2127,2053
2139,2005
2137,2089
2144,2071
2152,2176
2147,1988
2169,1945
2170,2140
2184,2221
2171,1967
2184,2063
2176,2027
2170,2009
2169,2099
2164,1865
2167,2151
2165,2248
2153,1961
2159,2179
2150,2085
2149,2105
2139,2005
2136,1941
2123,2155
2116,2079
2100,2007
2091,1912
2080,2155
2068,2082
2055,1904
2056,1895
2053,2104
2043,2040
2037,2080
2032,1989
2027,1784
2017,2182
2007,2315
2006,1785
2003,2023
1995,2132
1975,1847
1970,2113
1961,2075
1952,2012
1946,2319
1942,2196
1940,1852
1931,2101
1917,2171
1915,1984
1917,2143
1920,1993
1915,1827
1920,2145
1915,1893
1927,1915
1944,2296
1947,2184
1949,2093
1964,1987
1963,2080
1974,1893
1973,2244
1992,1982
1999,1800
2000,2034
2008,2024
2011,2016
2016,2045
2015,2078
2012,2080
2032,2023
2043,2009
2039,1831
2057,2111
2065,2039
2086,1968
2083,2077
2104,2089
2110,2108
2125,2058
2124,1904
2137,2051
2150,2127
2160,2154
2151,1930
2169,1911
2176,2121
2170,2112
2179,2056
2185,1982
2183,2160
2185,2094
2180,2144
2189,2018
2186,1975
2187,2104
2186,2184
2181,1981
2179,1851
2172,2097
2172,2015
2161,2096
2159,2011
2160,2073
2159,2132
2143,1927
2142,2145
2136,2096
2120,2138
2107,2008
2106,2059
2091,2092
2087,2260
2087,1976
2069,1909
2063,2085
2048,2063
2028,1968
2019,2067
2011,2011
2003,2137
2006,2161
1995,1914
1987,1873
1971,2004
1973,2117
1968,2072
1965,2097
1972,2150
1973,2019
1975,1957
1975,2028
1966,2118
1969,2047
1956,2081
1953,1931
1950,2074
1949,2209
1941,2135
1945,2020
1951,2008
1947,2073
1968,2073
1968,2078
1980,1933
1984,2097
1992,1963
1999,2120
2008,1981
2016,2099
2029,2056
2033,1947
2055,2011
2056,2111
2071,2093
2075,2060
2079,1966
2096,2091
2092,2127
2104,2077
2105,1917
2125,2008
2121,2215
2129,2123
2136,2071
2143,1963
2147,2077
2153,1992
2149,2055
2163,1896
2175,1974
2179,2248
2179,2013
2193,1949
2200,2008
2200,2061
2201,1976
2204,2072
2216,1865
2202,2013
2205,2149
2199,2053
2194,2072
2186,2130
2189,2012
2169,2175
2161,2160
2158,1853
2148,2060
2139,2028
2131,2004
2129,2005
2107,1961
2109,2036
2101,2056
2101,2155
2093,2012
2077,2005
2063,2079
2063,1960
2043,1867
2042,2058
2029,2031
2023,2071
2019,2143
2008,2075
2007,1993
1993,2145
1983,2008
1971,2055
1969,2163
1963,2117
1965,1956
1959,2092
1951,2142
1945,1887
1949,2238
1950,2067
1951,1881
1944,2024
1937,2047
1943,2004
1939,2067
1943,1907
1953,1931
1952,2183
1956,2034
1946,2042
1962,2088
1966,2002
1973,2105
1988,2076
1989,2003
2007,2060
2009,2153
2020,1978
2027,2123
2027,1963
2045,2151
2048,2072
2068,2072
2072,2119
2078,2044
2084,1980
2084,2063
2099,2028
2107,2001
2115,2031
2118,2029
2112,2018
2118,2153
2131,1990
2145,1913
2152,2120
2160,1981
2162,2076
2176,2096
2189,2000
2183,2091
2183,2053
2195,1899
2199,1997
2200,1995
2199,2128
2193,2153
2200,2088
2195,2065
2191,1972
2187,1958
2182,2079
2168,2144
2165,1990
2147,2124
2137,1944
2131,2139
2107,2095
2111,1937
2104,2115
2094,2082
2091,2112
2085,2054
2080,1935
2077,2089
2067,2072
2065,1982
2057,2023
2041,2063
2037,2112
2031,2020
2024,2029
2022,2041
2000,2073
1993,2156
1977,1957
1968,1948
1965,2072
1955,2099
1951,1965
1944,2015
1940,2057
1939,1958
1937,2092
1944,1961
1941,2032
1929,2104
1943,2141
1951,1953
1952,2001
1953,2008
1959,2053
1976,2096
1987,2043
1984,2003
1992,2019
1997,2109
2008,2039
2004,2069
2010,2027
2015,2003
2027,2125
2027,2103
2028,2069
2031,1995
2035,2117
2048,2102
2055,2057
2071,2110
2081,1960
2085,2065
2100,2072
2120,2034
2135,1965
2144,2037
2163,2041
2159,2044
2171,2091
2185,2092
2191,2001
2194,2015
2192,2015
2187,2063
2202,2076
2201,2005
2193,2074
2186,1953
2192,1992
2188,2076
2196,1941
2192,2091
2191,2184
2189,2011
2195,2000
2197,2039
2189,1943
2193,2017
2186,2119
2167,2010
2163,2079
2168,2088
2159,2000
2139,1997
2135,2125
2126,2045
2119,2063
2109,2063
2108,2056
2087,1976
2071,2095
2068,1996
2053,1974
2042,2019
2032,2023
2021,2011
2008,2004
2007,2055
1987,1991
1991,2044
1988,2040
1984,2018
1979,2065
1971,2133
1975,2063
1971,1987
1979,2066
1979,2091
1974,2067
1970,2105
1968,2014
1956,2044
1947,2175
1952,1992
1952,2000
1955,2083
1955,2093
1947,2093
1955,2109
1966,2095
1972,2065
1980,2147
2003,2043
2004,2059
2009,1996
2024,2073
2041,2089
2043,1988
2059,2024
2057,2039
2063,2041
2075,1999
2072,2045
2086,1989
2087,2080
2097,1996
2105,1966
2107,1999
2123,2133
2122,2105
2132,2040
2134,2012
2154,2067
2153,2144
2168,2103
2179,2073
2173,1