1979,2029
1989,2043
1988,2069
1995,2089
2008,2043
2007,2075
2008,2043
2011,2084
2015,2024
2003,2029
2009,2027
2007,2041
2016,2056
2015,2017
2011,2044
2021,2021
2023,2067
2015,2021
2020,2008
2015,2023
2026,2069
2023,2039
2032,2043
2027,2019
2045,2033
2043,2072
2063,2011
2078,2028
2087,2039
2100,2040
2106,2053
2129,2045
2131,2029
2145,2035
2161,2056
2173,2060
2171,2051
2193,2060
2200,2058
2195,2033
2213,2043
2219,2025
2216,2073
2213,2035
2220,2039
2216,2079
2209,2078
2203,2035
2198,2048
2181,2005
2184,2043
2180,2080
2151,2008
2150,2021
2133,2055
2136,2053
2128,2047
2121,2018
2119,2063
2107,2033
2105,2021
2097,2041
2105,2046
2104,2025
2094,2074
2088,2001
2089,2039
2079,2001
2073,2071
2076,2096
2063,2020
2068,2051
2053,2041
2056,2044
2028,2043
2025,2071
2005,2055
1997,2069
1981,2035
1979,2047
1968,2079
1955,2071
1960,2037
1945,2042
1943,2043
1944,2044
1931,2047
1937,2017
1923,2088
1930,2056
1933,2060
1932,2078
1936,2063
1944,2024
1947,2066
1955,2078
1974,2080
1987,2037
1997,2033
1993,2026
2015,2063
2020,2029
2029,2048
2035,2019
2035,2025
2039,2073
2043,2029
2058,2046
2057,2048
2071,2025
2071,2035
2075,2018
2091,2059
2095,2019
2095,2057
2115,2071
2116,2042
2124,2035
2136,2045
2138,2036
2139,2025
2139,2043
2144,2047
2152,2053
2152,2060
2153,2068
2168,2042
2176,2058
2184,2044
2187,2007
2200,2052
2195,2062
2199,2039
2176,2025
2195,2023
2188,2059
2175,2055
2172,2088
2153,2035
2156,2022
2147,2096
2137,2063
2135,2048
2121,2033
2123,2040
2101,2023
2096,2059
2084,2017
2071,2037
2063,2088
2039,2013
2027,2032
2016,2056
2009,2035
1997,2033
1995,2036
1995,2041
1981,2043
1977,2041
1971,2009
1963,2067
1963,2055
1957,2025
1941,2036
1935,2011
1931,2071
1932,2064
1936,2080
1931,2033
1933,2053
1925,2035
1932,2035
1933,2044
1947,2033
1941,2024
1943,2041
1944,2033
1937,2027
1948,2070
1947,2036
1942,2068
1944,2008
1954,2040
1959,2022
1977,2055
1992,2034
2004,2047
2015,2025
2029,2009
2040,2055
2061,2079
2065,2048
2065,2020
2074,2023
2084,2044
2075,2003
2091,2009
2104,2056
2107,2011
2128,2020
2140,2063
2149,2019
2164,2048
2166,2009
2179,2001
2184,2029
2191,2055
2193,2021
2195,2040
2191,2040
2193,2073
2190,2002
2191,2065
2188,2012
2193,2034
2195,2045
2195,2055
2185,2021
2184,2039
2185,2059
2173,2060
2170,2001
2150,2038
2148,2072
2136,2071
2126,2025
2104,2035
2106,2005
2097,2053
2096,2012
2091,2059
2081,2056
2080,2071
2071,2021
2067,2042
2063,2041
2051,2077
2035,2029
2019,2031
2018,2048
2008,2053
1995,2057
1984,2056
1984,2065
1969,2025
1961,2070
1962,2044
1965,2027
1961,2056
1962,2075
1966,2079
1949,2007
1966,2033
1960,2057
1953,2044
1951,2084
1958,2076
1964,2042
1971,2053
1976,2047
1975,2043
1977,2044
1996,2039
1993,2044
2008,2043
2011,2058
2011,2011
2010,2031
2015,2015
2021,2031
2024,2043
2031,2066
2037,2047
2056,2058
2065,2041
2063,2029
2076,2037
2085,2057
2100,2046
2106,2038
2099,2019
2112,2048
2110,2017
2111,2016
2112,2076
2120,2060
2123,2024
2123,2047
2135,2044
2139,2010
2155,2041
2146,2067
2155,2029
2157,2044
2153,2055
2157,2007
2153,2031
2152,2036
2152,2068
2139,2021
2135,2034
2128,2056
2131,2017
2119,2048
2126,2047
2127,2088
2121,2041
2123,2059
2131,2009
2124,2075
2109,2066
2117,2001
2105,2053
2109,2055
2097,2071
2089,2060
2084,2087
2072,2067
2067,2076
2057,2063
2055,2040
2055,2041
2048,2031
2027,2027
2041,2040
2033,2055
2024,2077
2019,2043
2003,2040
1995,2033
1998,2063
1991,2043
1992,2057
1989,2061
1992,2074
1979,2035
1993,2019
1988,2035
1982,2072
1972,2035
1976,2060
1965,2067
1967,2075
1963,2041
1957,2056
1960,2045
1955,2063
1957,2029
1963,2056
1971,1995
1973,2044
1980,2060
1990,2072
1994,2067
1995,2069
2008,2028
2008,2027
2015,2080
2026,2077
2021,2040
2035,2039
2040,2040
2047,2045
2051,2025
2069,2064
2071,2030
2076,2037
2083,2075
2095,2027
2099,2021
2118,2059
2124,2025
2133,2026
2133,2043
2142,2072
2139,2005
2152,2039
2147,2007
2164,2053
2173,2063
2171,2056
2181,2030
2185,2027
2191,2032
2195,2035
2195,2037
2185,2001
2185,2040
2168,2066
2168,2034
2155,2076
2143,2045
2145,2024
2145,2043
2133,2063
2131,1996
2124,2043
2121,2041
2115,2057
2105,2004
2085,2003
2077,2088
2071,2043
2067,2041
2040,2051
2040,2039
2025,2029
2023,2063
2011,2090
1995,2013
1992,2055
1980,2039
1974,2072
1963,2009
1947,2028
1953,2031
1944,2042
1947,2061
1937,2058
1935,2077
1928,2025
1917,2036
1923,2041
1916,2048
1915,2040
1912,2067
1919,2040
1923,2039
1928,2035
1928,2080
1940,2072
1941,2022
1965,2073
1951,2035
1955,2033
1955,2063
1969,2019
1973,2047
1977,2048
1991,2076
1999,2045
2003,2071
2016,2053
2032,2080
2040,2056
2056,2060
2057,2040
2079,2059
2091,2072
2098,2056
2097,2015
2107,2043
2126,2075
2140,2052
2151,2061
2155,2080
2177,2018
2187,2025
2189,2063
2185,2043
2197,2035
2203,2015
2213,2067
2206,2040
2216,2041
2216,2033
2209,2039
2209,2005
2208,2071
2203,2029
2201,2035
2201,2065
2202,2063
2195,1979
2191,2026
2188,2044
2185,2025
2172,2032
2166,2040
2157,2056
2152,2039
2139,2072
2127,2042
2112,2005
2104,2053
2099,2071
2089,2044
2074,2043
2063,2078
2055,2059
2037,2025
2033,2025
2029,2057
2017,2042
2017,2079
2008,2029
1992,2035
1989,2019
1988,2078
1977,2035
1975,2067
1976,2035
1963,2071
1976,2065
1975,2070
1973,2064
1973,2022
1975,2045
1977,2068
1975,2063
1974,2037
1990,2045
1987,2025
1991,2065
1991,2048
2002,2065
2016,2063
2024,2063
2022,2073
2041,2063
2044,2055
2055,2071
2074,2024
2083,2055
2077,2037
2105,2035
2108,2071
2105,2007
2124,2033
2135,2027
2139,2063
2137,2085
2151,2028
2155,2075
2160,2031
2163,2001
2165,2068
2172,2025
2185,2043
2190,2048
2193,2041
2197,2041
2193,2074
2199,2076
2208,2061
2210,2015
2208,2031
2210,2075
2204,2011
2212,2019
2203,2044
2200,1995
2197,2047
2192,2034
2190,2094
2182,2026
2157,2051
2158,2053
2152,2015
2148,2063
2143,2071
2133,2046
2127,2063
2109,2055
2108,2041
2100,2088
2095,2053
2083,2035
2074,2007
2063,2063
2063,2057
2040,2041
2029,2066
2023,2035
2009,2011
2010,2080
1999,1993
1988,2060
1973,2027
1976,2019
1959,2053
1960,2019
1954,2076
1954,2018
1943,2043
1947,2067
1940,2036
1942,2025
1946,2036
1937,2059
1945,2019
1941,2056
1939,2056
1938,2039
1942,2021
1945,2044
1952,2071
1952,2036
1960,2041
1960,2021
1957,2080
1971,2040
1977,2005
1975,2068
1988,2040
1989,2064
1992,2063
2007,2045
2011,2021
2019,2020
2019,2035
2029,2087
2036,2071
2051,1999
2058,2065
2063,2027
2069,2043
2067,2039
2088,2071
2090,2032
2096,2075
2104,2042
2101,2017
2117,2077
2123,2009
2124,2048
2129,2036
2125,2037
2138,2061
2135,2048
2141,2067
2141,2066
2147,2017
2144,2059
2146,2057
2144,2040
2143,2079
2139,2028
2143,2081
2137,2065
2127,2015
2123,2055
2123,2027
2123,2057
2100,2045
2103,2023
2098,2074
2091,2039
2077,2063
2082,2054
2067,2041
2064,2090
2057,2021
2040,2047
2028,2041
2032,1997
2028,2080
2009,2033
2004,2015
2011,2079
2003,2029
1993,2072
1989,2080
1976,2063
1971,2039
1960,2074
1948,2076
1955,2064
1937,2063
1941,2034
1949,2055
1939,2030
1940,2053
1936,2051
1933,2025
1941,2041
1939,2043
1946,2063
1946,2029
1944,2071
1939,2042
1953,2021
1952,2029
1956,2038
1973,2033
1962,2060
1976,2034
1981,2040
1991,2040
1993,2058
2012,2042
2009,2071
2009,2065
2016,2022
2011,2035
2020,2025
2036,2042
2033,2079
2043,2001
2057,2038
2055,2019
2067,2063
2078,2071
2081,2064
2093,2028
2097,2040
2120,2034
2127,2054
2127,2084
2137,2039
2152,2012
2159,2027
2156,2067
2160,2041
2153,2058
2147,1993
2151,2056
2152,2058
2146,2011
2141,2007
2143,2043
2144,2008
2150,2032
2151,2053
2147,2063
2147,2034
2156,2070
2147,2005
2155,2071
2145,2026
2139,2019
2143,2065
2137,2075
2116,2045
2128,2070
2119,2073
2115,2020
2105,2037
2104,2060
2090,2053
2092,2071
2081,2029
2073,2031
2071,2027
2047,2022
2063,2037
2058,2057
2046,2061
2037,2025
2045,2047
2044,2044
2035,2043
2029,2072
2040,2033
2031,2073
2038,2025
2025,2011
2029,2088
2028,2075
2024,2079
2002,2023
1997,2064
1995,2069
1997,2036
1984,2021
1967,2059
1977,2033
1969,2055
1965,2072
1959,2033
1968,2066
1968,2068
1966,2063
1976,2071
1965,2020
1977,2019
1977,2054
1981,2027
1980,1995
1999,2032
2003,2010
2012,2021
2021,2007
2027,2065
2028,2058
2044,2045
2055,2072
2058,2040
2063,2060
2069,2041
2074,2039
2077,2029
2075,2040
2097,2034
2090,1991
2108,2048
2112,2071
2120,2035
2139,2053
2147,2024
2159,2051
2163,2011
2169,2030
2181,2080
2181,2020
2185,1992
2195,2029
2187,2079
2189,2030
2200,2063
2200,2076
2192,2053
2183,2045
2180,2034
2164,2041
2156,2008
2159,2080
2152,2012
2133,2062
2123,2057
2104,2080
2090,2068
2068,2073
2063,2059
2055,2033
2033,2029
2025,2036
2012,2033
1995,2019
1987,2034
1975,2057
1963,2024
1949,2003
1933,2020
1917,2048
1916,2035
1895,2079
1892,2036
1882,2052
1868,2023
1873,2073
1864,2079
1854,2073
1849,2015
1843,2005
1843,2035
1851,2067
1861,2080
1862,2044
1863,2036
1864,2067
1880,2041
1891,2067
1900,2063
1899,2063
1913,2009
1925,2037
1944,2005
1952,2040
1967,2074
1984,2044
1992,2041
2001,2035
2017,2015
2025,2041
2039,2057
2063,2063
2072,2069
2079,2048
2088,2063
2104,2080
2117,2012
2131,2063
2140,2056
2152,2068
2173,2069
2183,2027
2195,2074
2203,2032
2213,2057
2219,2036
2217,2028
2224,2056
2220,2038
2229,2077
2233,2046
2227,2026
2231,2007
2213,2028
2212,2023
2211,2069
2205,2072
2200,2040
2191,2051
2186,2020
2179,2015
2166,2072
2155,2056
2147,2047
2135,2009
2136,2039
2127,2048
2112,2015
2101,2069
2088,2018
2069,2019
2072,2003
2059,2003
2038,1999
2028,2057
2009,2039
2007,2072
1995,2055
1983,2075
1972,2042
1959,2017
1949,2021
1949,2023
1943,2036
1936,2018
1929,2011
1931,2054
1925,2066
1927,2019
1928,2080
1920,2057
1920,2084
1927,2056
1917,2034
1929,2053
1933,2063
1931,2075
1932,2029
1948,2030
1948,2063
1961,2026
1961,2051
1975,2040
1987,2020
1975,2019
1996,2048
2008,2027
2007,2035
2027,2045
2039,2057
2041,2028
2067,2056
2072,2053
2069,2001
2095,2040
2093,2088
2097,2041
2117,2027
2117,2044
2122,2040
2125,2030
2148,2077
2147,2033
2153,2037
2156,2059
2157,2003
2164,2018
2168,2048
2169,2034
2173,2036
2181,2042
2171,2055
2173,2040
2184,2056
2175,2003
2171,2029
2171,2009
2176,2066
2167,2015
2166,2040
2155,2023
2147,2024
2152,2007
2135,2040
2129,2025
2120,2071
2109,2012
2103,2071
2092,2005
2073,2061
2077,2037
2065,2048
2058,2023
2033,2067
2036,2036
2025,2057
2019,2060
2024,2054
2014,2087
2008,2029
2001,2041
2000,2035
1995,2040
1991,2012
2008,2038
1990,2063
1975,2055
1979,2025
1965,2078
1969,2060
1952,2064
1957,2056
1970,2041
1964,2072
1961,2043
1976,2024
1973,2079
1977,2035
1973,2056
1987,2063
1984,2041
1997,2066
1991,2051
1993,2011
2011,2074
2010,2091
2008,2038
2025,2069
2032,2044
2039,2020
2040,2067
2028,2081
2040,2015
2057,2032
2058,2035
2064,2043
2063,2074
2068,2053
2075,2009
2072,2063
2077,2048
2080,2038
2087,2027
2092,2063
2104,2055
2101,2051
2111,2065
2120,2037
2124,2056
2136,2068
2135,2035
2140,2070
2139,2031
2151,2070
2147,2072
2145,2005
2152,2042
2152,2023
2155,2037
2155,2066
2153,2051
2159,2074
2155,2054
2149,2027
2146,2020
2153,2065
2150,2048
2141,2078
2141,2072
2136,2027
2133,2039
2131,2011
2135,2011
2120,2027
2126,2075
2124,2079
2115,2035
2116,2047
2099,2041
2104,2011
2089,2035
2088,2088
2076,2037
2063,2030
2058,2086
2056,2027
2043,2040
2037,2078
2028,2057
2020,2034
2017,2029
2016,2044
1997,2040
2003,2035
2000,2064
1999,2045
1991,2043
1992,2029
1979,2072
1973,2024
1975,2025
1975,2080
1968,2030
1972,2047
1967,2068
1968,1983
1968,2075
1970,2029
1972,2009
1976,2059
1972,2017
1973,2079
1981,2035
1979,2007
1981,2036
1995,2048
1993,2027
2008,2064
2012,2001
2011,2015
2027,2070
2033,2043
2047,2018
2063,2071
2066,2003
2072,2063
2071,2091
2086,2039
2087,2054
2095,2019
2105,2009
2112,2063
2123,2068
2135,2064
2135,2036
2143,1991
2154,2029
2153,2066
2168,2021
2172,2039
2172,2007
2183,2039
2187,2056
2195,2040
2186,2031
2189,2045
2185,2038
2184,2071
2181,1994
2174,2035
2161,2075
2165,2007
2160,2033
2153,2071
2149,2023
2137,2039
2131,2043
2128,2045
2122,2040
2114,2024
2106,2019
2087,2051
2094,2055
2088,2076
2067,2021
2068,2019
2047,2063
2041,2011
2028,2072
2020,2027
2011,2008
2004,2042
1981,2024
1992,2008
1981,2045
1971,2017
1948,2066
1949,2017
1941,2025
1944,2060
1940,2035
1936,2043
1939,2063
1935,2055
1933,2029
1929,2041
1924,2026
1929,2055
1928,2056
1930,2025
1928,2060
1935,2046
1948,2058
1933,2037
1956,2076
1945,2029
1963,2043
1969,1992
1970,2057
1976,2053
1976,2045
1997,2047
2004,2060
2009,2030
2020,2036
2032,1987
2040,2015
2059,2034
2070,2042
2075,2037
2085,2017
2093,2066
2109,2063
2112,2047
2128,2076
2133,2030
2138,2060
2153,2022
2156,2063
2168,2028
2169,2018
2182,2055
2191,2041
2185,2072
2195,2023
2203,2037
2199,2017
2201,2072
2201,2035
2201,2021
2210,2079
2204,2029
2204,2040
2194,2025
2200,2063
2194,2084
2183,2041
2180,2031
2168,2074
2165,2020
2160,2059
2148,2027
2143,2036
2137,2029
2120,2031
2119,2076
2105,2039
2104,2035
2083,2055
2079,2027
2079,2044
2058,2019
2048,2075
2035,2023
2032,2029
2021,2067
2015,2040
2008,2042
1996,2034
1977,2023
1975,2033
1983,2069
1964,2089
1968,2079
1956,2043
1959,2054
1959,2011
1964,2064
1959,2043
1961,2056
1960,2033
1957,2037
1961,2017
1977,2076
1976,2010
1977,2053
1984,2040
1987,2003
2002,2040
2003,2031
2015,2088
2024,2058
2029,1995
2042,2029
2043,2071
2055,2063
2053,2004
2068,2071
2065,2021
2071,2063
2085,2058
2096,2079
2097,2043
2119,2024
2135,2024
2148,2011
2156,2063
2158,2073
2166,2008
2167,2021
2191,2025
2187,2043
2196,1991
2195,2041
2199,2056
2191,2015
2189,2015
2194,1995
2191,2021
2197,2079
2195,2031
2195,2004
2189,2003
2186,2046
2176,2033
2169,2040
2163,2038
2157,2017
2141,2068
2131,2075
2132,2047
2120,2037
2111,2052
2093,2027
2090,2073
2080,1979
2069,2033
2064,2056
2043,2024
2030,2029
2015,2023
1993,2076
1992,2052
1978,2043
1971,2062
1963,2019
1960,2051
1947,2063
1949,2056
1948,2027
1939,2019
1944,2056
1933,2056
1941,2023
1935,2072
1936,2058
1937,2047
1943,2063
1943,2065
1945,2015
1954,2063
1954,2045
1954,2027
1967,2069
1968,2015
1971,2079
1975,2069
1978,2011
1992,2093
1991,2078
1995,2003
2005,2042
2005,2035
2015,2042
2011,2053
2029,2030
2025,2005
2040,2051
2053,2020
2057,2078
2076,2068
2082,2028
2090,2079
2098,2073
2101,2081
2105,2063
2111,2063
2112,2079
2116,2010
2111,2073
2119,2029
2121,2063
2119,2045
2119,2040
2115,2029
2117,2035
2121,2011
2129,2059
2126,2035
2125,2026
2121,2005
2128,2040
2128,2079
2135,2063
2139,2036
2131,2068
2131,2027
2138,2072
2141,2063
2125,2027
2149,2064
2140,2029
2131,2051
2136,2058
2135,2039
2135,2048
2115,2043
2115,2042
2117,2069
2114,2035
2103,2071
2097,2011
2098,2029
2096,2080
2089,2053
2097,2037
2096,2048
2086,2036
2086,2017
2084,2064
2079,2011
2073,2063
2067,2068
2063,2044
2048,2019
2043,2061
2036,2060
2040,2056
2013,2056
2024,2071
2016,2027
2015,2027
2016,2062
2009,2046
2008,2054
1997,2012
1999,2021
1987,2072
1990,2011
1987,2011
1992,2017
1979,2048
1989,2023
1989,2043
1992,2044
1993,2039
2008,2060
2009,2070
2003,2017
2008,2039
2016,2039
2009,2058
2020,2068
2023,2005
2029,2071
2028,2041
2033,2040
2038,2013
2043,2017
2040,2039
2053,2007
2071,2040
2069,2053
2083,2058
2088,2069
2091,2043
2099,2025
2104,2064
2113,2044
2120,2017
2128,2005
2133,2075
2135,2045
2139,2037
2150,2035
2156,2011
2153,2033
2161,2043
2162,2029
2167,2044
2163,2011
2168,2069
2168,2025
2166,2048
2167,2087
2151,2063
2158,2027
2155,2060
2159,2073
2149,2024
2143,2026
2146,2066
2140,2088
2135,2027
2136,2057
2121,2046
2121,2017
2112,2065
2107,2075
2091,2036
2095,2063
2083,2035
2073,2045
2063,2079
2058,2044
2043,2073
2037,2027
2032,2046
2023,2035
2023,2044
2007,2037
2008,2075
1991,2039
1981,2015
1984,2075
1969,2040
1973,2063
1978,2048
1966,2017
1968,2060
1969,2048
1969,2029
1957,2007
1964,2063
1968,2039
1969,2056
1968,2022
1971,2033
1965,2029
1976,2075
1977,2055
1977,2037
1979,2079
1989,2057
2001,2076
2015,2048
2016,2064
2019,2027
2023,2021
2029,2075
2044,2023
2064,2077
2058,2034
2073,2042
2088,2071
2094,2020
2101,2021
2110,2031
2120,2057
2120,2025
2115,2005
2131,2025
2137,2068
2145,2038
2152,2066
2151,2039
2162,2063
2155,2029
2168,2046
2167,2027
2169,2057
2183,2047
2170,2058
2183,2040
2173,2036
2182,2041
2170,2043
2169,2067
2172,2089
2164,2008
2155,2039
2153,2029
2148,2051
2141,2030
2131,2041
2119,2033
2107,2057
2101,2057
2091,2080
2075,2021
2065,2041
2057,2011
2057,2039
2044,2063
2041,2067
2029,2052
2017,2015
2015,2047
1995,2039
1993,2071
1991,2023
1978,2033
1973,2061
1959,2087
1954,2054
1949,2025
1943,2018
1937,2063
1929,2035
1927,2058
1915,2047
1919,2046
1920,2053
1911,2015
1919,2068
1915,2070
1923,2043
1917,2042
1923,1995
1917,2063
1936,2040
1933,2036
1944,2063
1943,2071
1953,2021
1958,2021
1963,2088
1959,2088
1972,1995
1979,2040
1982,2037
1996,2071
1997,2026
1995,2005
2003,2025
2015,2030
2020,2055
2024,2081
2029,2068
2040,2020
2048,2077
2058,2031
2072,2067
2063,2080
2073,2044
2081,2066
2097,2020
2107,2011
2119,2037
2127,2043
2133,2044
2127,2035
2132,2039
2159,2039
2160,2034
2167,2044
2167,2043
2163,2074
2164,2044
2165,2019
2168,2040
2160,2056
2157,2066
2161,2074
2153,2080
2159,2112
2163,2074
2158,2043
2176,2059
2176,2053
2176,2069
2185,2089
2179,2040
2176,2018
2165,2036
2155,2075
2150,2035
2143,2023
2133,2057
2128,2035
2120,2078
2120,2072
2120,2087
2115,2054
2107,2035
2107,2078
2112,2067
2099,2011
2094,2063
2082,2064
2067,2073
2069,2071
2039,2057
2041,2073
2021,2015
2015,2057
2015,2035
2006,2035
1986,2029
1988,2029
1976,2024
1969,2027
1958,2033
1952,2063
1941,2018
1941,2063
1940,2013
1942,2035
1943,2073
1944,2091
1945,2073
1944,2040
1947,2079
1959,2034
1953,2011
1955,2025
1964,2040
1969,2048
1967,2015
1972,2021
1976,2059
1980,2060
1984,2033
1981,2046
1998,2027
2003,2063
2027,2018
2031,2019
2053,2028
2063,2039
2083,2055
2091,1995
2107,2044
2107,2047
2128,2026
2127,2020
2140,1970
2152,2041
2153,2048
2163,2077
2172,2042
2187,2040
2184,2013
2184,2077
2199,2043
2200,2066
2191,2027
2199,2071
2191,2036
2181,2003
2176,2040
2155,2035
2152,2009
2144,2031
2143,2041
2119,1991
2123,2027
2104,2020
2099,2041
2092,2020
2088,2032
2078,2076
2067,2039
2041,2039
2027,2033
2012,2052
2005,2037
1981,2057
1972,2047
1951,2063
1943,2024
1940,2033
1928,2048
1917,2021
1913,2068
1900,2041
1895,2063
1897,2063
1894,2035
1892,2006
1884,2056
1879,2025
1883,2072
1884,2039
1881,2066
1879,2043
1880,2053
1891,2024
1888,2045
1895,2015
1909,2075
1915,2065
1917,2076
1939,2042
1944,2035
1952,2045
1953,2043
1968,2026
1983,2024
1992,2022
1995,2057
2015,2034
2020,2056
2035,2104
2045,2079
2073,2060
2080,2005
2096,2079
2105,2067
2121,2058
2125,2046
2139,2022
2137,2067
2155,2035
2157,2044
2158,2043
2172,2075
2185,2009
2192,2019
2192,2040
2201,2031
2199,2025
2207,2036
2212,2034
2205,2023
2218,2066
2216,2075
2219,2025
2210,2070
2201,2029
2193,2008
2197,2027
2196,2072
2171,2015
2175,2071
2159,2052
2153,2011
2138,2038
2137,2060
2121,2035
2103,2057
2104,2047
2088,2072
2079,2080
2069,2019
2055,2081
2036,2029
2026,2067
2015,2063
2010,2037
1995,2051
1980,2039
1979,2007
1969,2020
1957,2064
1949,2053
1940,2057
1939,2017
1920,2048
1917,2025
1901,2038
1902,2011
1897,2077
1892,2022
1883,2026
1896,2053
1901,2063
1891,2020
1893,2035
1902,2023
1904,2063
1907,2007
1912,2076
1918,2017
1929,2005
1935,2080
1935,2035
1943,2040
1952,2021
1959,2025
1970,2051
1978,2067
1984,1994
1984,2056
1998,2024
2002,2074
2007,2019
2011,2067
2017,2026
2019,2009
2025,2054
2045,2065
2051,2025
2055,2063
2057,2018
2080,2048
2079,2005
2093,2018
2091,1989
2096,2043
2108,2039
2107,2027
2119,2055
2125,2027
2125,2065
2117,2035
2119,2029
2130,2040
2129,2085
2138,2064
2133,2058
2135,2017
2123,2063
2131,2037
2131,2011
2124,2023
2126,2055
2121,2064
2120,2060
2120,2067
2115,2004
2118,2060
2112,2069
2108,2079
2105,2072
2099,2096
2097,2055
2097,2025
2090,2066
2079,2053
2080,2080
2077,2041
2071,2033
2053,2056
2058,2075
2035,2035
2051,2068
2023,1993
2029,2023
2025,2055
2024,2043
2023,2060
2005,2043
2011,2069
2005,2084
2002,2013
2000,2041
1996,2037
1996,2063
1990,2056
1984,2063
1985,2040
1977,2063
1976,2068
1976,2033
1971,2063
1971,2068
1967,2041
1974,2054
1973,2080
1973,2029
1977,2028
1983,2080
1977,1996
1989,2052
1992,2088
2004,2036
2003,2047
2001,1995
2005,2024
2015,2055
2015,2077
2020,2073
2028,2020
2037,2039
2040,2027
2033,2047
2060,2060
2051,2033
2067,2036
2076,2063
2072,2039
2079,2080
2093,2042
2104,2078
2104,1995
2129,2047
2136,2048
2139,2039
2141,2044
2152,2028
2150,2071
2165,2061
2162,2023
2167,2052
2175,2032
2181,2017
2176,2072
2169,2001
2165,2076
2169,1987
2173,2027
2151,2053
2158,2019
2159,2080
2156,2041
2145,2028
2147,2080
2133,2044
2133,2044
2129,2040
2119,2032
2112,2061
2115,2029
2104,2027
2099,2042
2080,2063
2074,2043
2067,2040
2063,2051
2037,2010
2027,2071
2017,2006
2018,2072
2005,2048
1989,2025
1984,2073
1979,2039
1965,2057
1967,2019
1949,2007
1960,2080
1945,2036
1953,2065
1941,2072
1941,2023
1946,2058
1943,2055
1927,2053
1938,2063
1943,2071
1944,2054
1943,2072
1957,2015
1952,2030
1956,2043
1967,2044
1968,2026
1975,2027
1984,2040
1990,2025
1999,2031
2009,2056
2019,2025
2024,2055
2033,2032
2043,2041
2063,2073
2058,2029
2077,2021
2088,2071
2085,2005
2100,2059
2105,2036
2117,2010
2123,2027
2135,2019
2139,2047
2144,2063
2153,2047
2157,2069
2161,2039
2170,2065
2176,2073
2171,2039
2176,2041
2180,2040
2192,2013
2192,2063
2191,2032
2192,2060
2184,2015
2188,2022
2183,2063
2179,2056
2167,2029
2168,2047
2156,2046
2153,2040
2147,2025
2133,2027
2134,2035
2119,2063
2118,2048
2099,1993
2089,2035
2089,2063
2088,2088
2069,2041
2067,2040
2057,2029
2052,2019
2030,2071
2020,2029
2022,2003
2012,2048
2006,2035
1993,2041
1992,2021
1980,2047
1977,2048
1964,2024
1959,2021
1955,2072
1951,2055
1944,2025
1944,2071
1947,2063
1928,2063
1937,2035
1943,2027
1941,2021
1947,2024
1943,2039
1952,2039
1949,2023
1960,2067
1961,2019
1960,2050
1972,2063
1979,2072
1982,2021
1989,2031
1993,2019
2008,2027
2005,2023
2028,2036
2021,2052
2039,2058
2041,2029
2055,2068
2071,2083
2073,2045
2086,2073
2083,2040
2104,2059
2107,2068
2127,2063
2125,2041
2131,2046
2152,2043
2154,2075
2159,2026
2167,2027
2185,2055
2192,2053
2197,2065
2199,2033
2203,2042
2215,2023
2213,2009
2216,2056
2218,2029
2213,2045
2219,2075
2221,2060
2221,2036
2215,2035
2216,2063
2205,2028
2211,2044
2200,2030
2197,2041
2191,2026
2187,2079
2176,2018
2169,2033
2156,2063
2161,2069
2143,2067
2144,2042
2134,2069
2123,2044
2107,2027
2111,2056
2100,2044
2083,2053
2080,2095
2072,2025
2063,2075
2055,2044
2040,2029
2035,2071
2032,2040
2024,2055
2024,2042
2015,2063
2009,2021
2007,2039
2007,2045
2007,2073
1997,2037
1991,2074
2004,2024
1997,2037
1991,2059
1992,2034
1989,2053
1995,2080
1987,2065
1989,2041
1988,2053
1991,2033
1996,2072
1992,2013
2003,2019
2009,2072
2011,2051
2019,2027
2032,2024
2039,2024
2056,2056
2055,2072
2055,2041
2054,2070
2067,2037
2057,2067
2057,2043
2063,2041
2077,2035
2072,2067
2083,2066
2075,2017
2091,2036
2105,2043
2105,2063
2118,2027
2122,2042
2134,2056
2123,2063
2121,2065
2117,2057
2121,2063
2121,2029
2123,2024
2126,2038
2123,2060
2132,2080
2134,2017
2136,2044
2130,2045
2131,2002
2137,2042
2137,2058
2140,2056
2142,2037
2139,2077
2136,2029
2140,2037
2133,2058
2123,2055
2131,2028
2115,2001
2125,2003
2112,2013
2110,2080
2096,2058
2083,2027
2081,2063
2072,2041
2063,2052
2048,2048
2043,2063
2037,2085
2035,2024
2035,2073
2023,2064
2019,2055
2015,2028
2008,2074
1991,2035
1992,2043
1984,2072
1983,2057
1982,2063
1973,2077
1964,2019
1964,2069
1952,2063
1943,2037
1951,2071
1937,2039
1952,2070
1948,2059
1943,2053
1960,2056
1947,2080
1960,2056
1951,2027
1960,2060
1959,2019
1959,2063
1972,2072
1976,2040
1979,2044
1991,2041
2001,2038
2016,2063
2015,2039
2032,2065
2041,2043
2053,2015
2069,2079
2076,2048
2082,2030
2091,2027
2101,2047
2100,2069
2118,2088
2128,2068
2127,2055
2143,2029
2158,2009
2165,2055
2180,2044
2193,2034
2198,2079
2198,2068
2216,2063
2216,1997
2217,2041
2209,2021
2220,2042
2216,2057
2212,2055
2197,2031
2197,2035
2200,2060
2193,2025
2199,2060
2184,2039
2179,2057
2169,2063
2165,2053
2152,2036
2143,2039
2143,2017
2121,2063
2127,2061
2119,2070
2104,2019
2096,2063
2088,2021
2076,2019
2071,2045
2064,2063
2063,2028
2036,2021
2026,2055
2019,2017
2008,2038
2003,2055
1994,2040
1975,2073
1959,2024
1960,2027
1957,2054
1943,2036
1943,2033
1944,2024
1945,2071
1935,2041
1944,2057
1938,2039
1937,2069
1943,2045
1938,2019
1945,2027
1951,2040
1943,2037
1949,2060
1957,2019
1965,2060
1967,2003
1961,2072
1977,2070
1983,2036
1979,2075
1995,2028
2004,2034
2016,2068
2024,2047
2029,2039
2037,2044
2037,2080
2057,2061
2063,2037
2078,2001
2078,2040
2091,2079
2099,1993
2100,2047
2115,2035
2119,2021
2132,2017
2131,2027
2143,2025
2148,2039
2151,2063
2156,2048
2156,2059
2155,2017
2163,2008
2167,2065
2169,2060
2185,2063
2171,2018
2173,2040
2169,2068
2172,2066
2161,2019
2155,2072
2155,1991
2160,2040
2151,2021
2149,2043
2137,2076
2127,2065
2117,2066
2105,2017
2104,2080
2089,2001
2080,2063
2073,2075
2071,2055
2056,2025
2042,2075
2033,2057
2028,2040
2007,2048
2015,2071
2010,2035
2001,2023
1992,2074
1991,2015
1987,2063
1978,2075
1968,2066
1968,2025
1955,2055
1955,2064
1948,2072
1952,2034
1947,2038
1954,2072
1945,2042
1954,2046
1946,2024
1945,2060
1949,2059
1958,2032
1957,2063
1963,2031
1965,2040
1987,2048
1994,2038
1995,2067
2006,2043
2006,2070
2017,2072
2020,2027
2028,2021
2027,2075
2048,2055
2058,2066
2056,2017
2063,2055
2078,2035
2072,2036
2089,2041
2091,2044
2100,2019
2112,2076
2112,2056
2113,2021
2121,2043
2137,2019
2138,2075
2138,2056
2152,2056
2157,2068
2170,2040
2163,2009
2169,2035
2167,2031
2167,2047
2176,2022
2180,2056
2179,2011
2171,2029
2170,2033
2162,1993
2168,2044
2168,2056
2160,2039
2157,2058
2158,2042
2152,2032
2143,2047
2148,2057
2140,2072
2136,2057
2103,2017
2124,2017
2118,2054
2105,2052
2104,2051
2093,2011
2094,2066
2080,2065
2071,2004
2065,2064
2063,2072
2039,2011
2037,2019
2026,2059
2024,2038
2022,2035
2005,2063
2011,2011
1997,2023
1999,2066
1987,2017
1979,2003
1987,2028
1979,2078
1976,2047
1976,2021
1975,2071
1977,2079
1973,2035
1976,2027
1975,2022
1975,2080
1977,2045
1965,2011
1979,2026
1965,2034
1976,2054
1983,2041
1986,2040
1990,2011
1992,2045
1993,2063
2006,2037
2015,2003
2024,2068
2023,2040
2032,2028
2031,2024
2040,2070
2059,2031
2072,2039
2077,2039
2088,2037
2088,2029
2103,2022
2107,2063
2115,2011
2121,2023
2125,2027
2134,2055
2141,2065
2143,2013
2155,2056
2168,2043
2175,2069
2176,2056
2171,2043
2193,2060
2200,2031
2205,2046
2195,2041
2206,2070
2213,2021
2217,2051
2211,2048
2211,2027
2217,2042
2211,2053
2207,2075
2201,2017
2198,2075
2193,2044
2181,2092
2188,2041
2169,2056
2168,2022
2163,2035
2160,2038
2147,2012
2152,2042
2141,2056
2132,2058
2133,2071
2118,2040
2111,2009
2099,2029
2092,2068
2077,2041
2075,2079
2067,2041
2063,2040
2056,2046
2033,2009
2023,2042
2016,2067
2007,2063
2000,2068
1991,2008
1988,2055
1987,2072
1975,2037
1984,2052
1980,2055
1980,2039
1975,2066
1971,2054
1971,2039
1990,2060
1983,2046
1985,2044
1978,2013
1973,2063
1982,2040
1989,2060
1985,2046
1999,2069
2003,2023
1992,2008
2009,2043
2016,2039
2024,2037
2019,2067
2035,2066
2046,2029
2053,2035
2065,2037
2063,2022
2075,2017
2091,2028
2091,2080
2104,2018
2110,2041
2121,2071
2121,2028
2138,2059
2143,2037
2152,2036
2164,2066
2167,2072
2168,2045
2176,2063
2173,2026
2189,2033
2191,2041
2195,2040
2199,2058
2203,2055
2199,2071
2203,2003
2204,2072
2204,2058
2195,2017
2194,2077
2195,2069
2184,2057
2184,2036
2179,2068
2161,2033
2163,2021
2152,2082
2147,2041
2147,2029
2138,2089
2135,2103
2121,2075
2105,2072
2104,2028
2092,2041
2081,2043
2076,2035
2059,2065
2047,2039
2041,2008
2029,2043
2023,2027
2009,2040
1996,2060
1991,2063
1993,2063
1976,2040
1981,2073
1967,2072
1963,1995
1965,2019
1955,2042
1951,2039
1951,2032
1947,2056
1945,2024
1951,2020
1951,2067
1953,2019
1952,2040
1960,2069
1965,2032
1961,2027
1976,2063
1969,2037
1977,2087
1992,2044
1992,2064
1997,1995
2010,2046
2020,2063
2025,2040
2031,2052
2042,2028
2048,2011
2063,2023
2076,2041
2075,2071
2083,2003
2098,2096
2103,2035
2105,2063
2117,2034
2128,2057
2133,2047
2143,2044
2150,2025
2162,2015
2166,2041
2175,2005
2183,2072
2185,2017
2188,2048
2195,2022
2189,2039
2193,2027
2201,2080
2195,2029
2195,2011
2189,2009
2187,2037
2194,2055
2188,2041
2176,2055
2169,2053
2173,2072
2168,2025
2160,2037
2147,2072
2148,2067
2135,2077
2135,2022
2122,2054
2103,2007
2100,2027
2091,2024
2080,2032
2076,2063
2055,2037
2056,2038
2039,2033
2029,2027
2020,2016
2009,2037
1992,2032
1992,2073
1981,2062
1972,2063
1971,2029
1947,2048
1945,2053
1951,2063
1955,2063
1945,2021
1947,2036
1957,2019
1945,2003
1956,2029
1944,2023
1944,2018
1915,2030
1928,2032
1915,2039
1915,2037
1913,2080
1905,2027
1928,2041
1931,2053
1943,2026
1967,2040
1976,2027
1996,1993
2005,2022
2020,2043
2032,2047
2036,2080
2046,2065
2042,2039
2066,2021
2072,2008
2081,2058
2085,2080
2103,2072
2119,2029
2125,2060
2124,2063
2135,2011
2155,1995
2166,2034
2168,2038
2184,2068
2187,2017
2210,2044
2224,2063
2221,2017
2249,2035
2261,2041
2265,2011
2283,2068
2289,2007
2292,2022
2291,2009
2286,2043
2280,2076
2273,2041
2268,2068
2247,2037
2235,2043
2231,2052
2203,2037
2197,2041
2192,2048
2165,2068
2157,2080
2139,2011
2133,2083
2117,2052
2099,2059
2088,2013
2080,2083
2057,2063
2056,1997
2034,2056
2020,2055
2020,2040
2008,2070
2003,2039
1991,2074
1976,2077
1973,2038
1968,2072
1968,2077
1952,2021
1929,2017
1920,2058
1912,2063
1898,2063
1899,2064
1894,2055
1891,2017
1892,2056
1896,2044
1903,2046
1904,2040
1911,2087
1920,2059
1925,2079
1946,2032
1953,2038
1965,2034
1984,2045
1996,2063
2009,2067
2017,2032
2027,2028
2040,2037
2060,2087
2067,2080
2078,2036
2088,2026
2091,2028
2097,2040
2099,2047
2108,2055
2105,2032
2108,2021
2101,2021
2120,2033
2116,2052
2115,2039
2126,2075
2125,2024
2132,2056
2144,2063
2137,2042
2152,2067
2151,2025
2161,2043
2164,2011
2156,2040
2151,2052
2149,2060
2152,2037
2151,2074
2140,2065
2129,2045
2124,2075
2128,2083
2110,2053
2114,2038
2107,2063
2105,2043
2106,2055
2093,2063
2091,2042
2088,2056
2084,2040
2063,2088
2069,2035
2067,2076
2064,2036
2059,2085
2063,2063
2053,2029
2056,2071
2043,2093
2029,2071
2033,2088
2023,2034
2018,2076
2014,2011
1993,2067
1987,2039
1979,2037
1975,2067
1981,2043
1975,2039
1972,2015
1963,2040
1968,2057
1963,2087
1973,2075
1979,2063
1969,2037
1976,2074
1973,2071
1980,2062
1977,2052
1977,2029
1977,2033
1970,2054
1975,2027
1965,2066
1969,2021
1975,2040
1977,2039
1984,2063
1981,2040
1997,2043
1993,2045
2002,2059
2008,2072
2003,2030
2007,2036
2012,2056
2023,2017
2024,2071
2027,2021
2042,2074
2044,2057
2045,2041
2064,2071
2065,2046
2063,2021
2075,2020
2075,2086
2083,2017
2090,2077
2092,2041
2092,2072
2099,2011
2099,2040
2104,2040
2108,2042
2105,2035
2120,2037
2127,2064
2121,2063
2132,2043
2129,1997
2133,2069
2132,2075
2139,2037
2142,2053
2133,2038
2137,2061
2131,2024
2129,2047
2123,2018
2119,2039
2117,2035
2107,2037
2106,2075
2093,1995
2094,2069
2085,2063
2088,2063
2071,2019
2072,2048
2069,2057
2063,2040
2060,2063
2041,2041
2040,2045
2028,2011
2028,2034
2019,2058
2008,2019
2003,2027
2004,2054
1992,2021
1981,2065
1977,2063
1964,2027
1964,2070
1953,2030
1950,2003
1945,2043
1940,2008
1939,2028
1946,2040
1944,2036
1943,2072
1937,2035
1938,1979
1945,2017
1945,2041
1945,2065
1956,2059
1953,2007
1966,2041
1963,2023
1971,2045
1974,2051
1982,2025
1990,2027
1984,2032
1995,2017
1994,2037
2002,2059
2003,2065
2008,2065
2017,1999
2028,2079
2032,2063
2044,2072
2058,2003
2067,2001
2084,2046
2099,2024
2103,2043
2120,2038
2125,2041
2143,2040
2145,2031
2155,2029
2163,2055
2175,2056
2187,2071
2191,2040
2187,2080
2199,2054
2209,2073
2200,2037
2204,2056
2199,2015
2191,2038
2193,2043
2200,2056
2200,2027
2190,2048
2192,2036
2192,2035
2188,2028
2173,2099
2172,2025
2163,2008
2165,2047
2158,2042
2155,2068
2143,2021
2134,2054
2121,2019
2109,2021
2099,2074
2083,2067
2071,2037
2065,2041
2055,2035
2043,2084
2019,2011
2011,2037
2008,2056
1989,2055
1989,2063
1984,2009
1974,2039
1968,2052
1964,2063
1951,2037
1957,2027
1955,2067
1951,2065
1945,2063
1941,2069
1947,2024
1932,2066
1941,2011
1941,2037
1938,2041
1939,2002
1947,2085
1949,2035
1952,2059
1960,2060
1967,2015
1976,2067
1983,2040
1991,2030
1997,2039
2003,2025
2023,2071
2019,2040
2027,2018
2055,2048
2064,2056
2063,2025
2077,2020
2090,2048
2098,2056
2093,2071
2107,2041
2116,2041
2120,2031
2123,2063
2136,2021
2137,2015
2145,2027
2148,2034
2164,2076
2167,2045
2168,2058
2183,2011
2179,2033
2193,2022
2191,2029
2197,2034
2199,2069
2193,2032
2200,2019
2194,2060
2181,2027
2183,2065
2170,2011
2161,2022
2165,2030
2143,1997
2137,2023
2133,2027
2124,2015
2120,2035
2105,2011
2106,2009
2096,2059
2087,2080
2088,2037
2067,2039
2063,2040
2045,2044
2053,2039
2039,2030
2019,2041
2024,2063
2015,2024
2008,2076
1991,2070
1997,2041
1984,2042
1967,2024
1963,2057
1957,2029
1951,2041
1948,2020
1939,2068
1932,2040
1943,2023
1944,2066
1941,2041
1943,2023
1944,2080
1945,2029
1945,2040
1952,2074
1948,2029
1944,2086
1955,2071
1960,2056
1966,2035
1973,2024
1985,2042
1984,2019
1995,2068
1991,2063
2003,2027
2011,2056
2016,2057
2019,2011
2028,2065
2039,2033
2048,2079
2057,2036
2071,2015
2076,2056
2083,2042
2089,2024
2100,2021
2117,2036
2122,2027
2124,2040
2136,2041
2136,2028
2144,2053
2154,2038
2152,2056
2168,2041
2172,2035
2174,2032
2176,2003
2169,2071
2185,2071
2181,2024
2180,2065
2189,2055
2193,2063
2187,2017
2187,2063
2183,2048
2183,2063
2170,2041
2171,2027
2163,2059
2160,2073
2157,2029
2146,2055
2137,2088
2139,2007
2134,2071
2125,2063
2107,2072
2107,2077
2102,2023
2089,2003
2088,2080
2071,2027
2074,2036
2065,2055
2064,2087
2053,2031
2040,2019
2037,2088
2018,2051
2024,2088
2011,2039
2014,2067
2006,2041
2001,2066
1994,2072
1981,2035
1984,2039
1985,2041
1977,2071
1984,2066
1984,2055
1981,2063
1979,2063
1973,2077
1990,2053
1983,2024
1991,2076
1989,2033
1991,2031
1996,2003
2007,2067
2007,2027
2016,2048
2011,2057
2028,2015
2024,1997
2040,2035
2044,2052
2040,2041
2063,2048
2072,2061
2075,2069
2067,2017
2090,2032
2092,2072
2095,2057
2101,2037
2105,2027
2120,2041
2119,2019
2126,2004
2132,2045
2139,2068
2140,2068
2152,2057
2163,2017
2164,2072
2165,2068
2171,2017
2183,2041
2180,2017
2185,2051
2193,2059
2193,2030
2189,2011
2199,2059
2189,2068
2195,2091
2189,2053
2185,2041
2184,2055
2180,2064
2175,2023
2168,2043
2167,2085
2161,1992
2153,2080
2152,2024
2133,2054
2134,2025
2130,2005
2122,2032
2112,2039
2101,2040
2101,2040
2091,2003
2084,2033
2071,2068
2067,2053
2061,2068
2041,2080
2043,2042
2027,2029
2023,2051
2011,2015
2009,2029
1997,2059
1992,2063
1989,2021
1977,2027
1976,2057
1975,2057
1963,2058
1967,2072
1959,2052
1961,2060
1962,2066
1957,2035
1953,2055
1953,2028
1960,2056
1958,2029
1960,2066
1959,2040
1961,2029
1965,2026
1968,2044
1978,2068
1975,2020
1979,2029
1990,2068
1991,2033
2003,2069
2007,2030
2003,2056
2017,2041
2028,2060
2040,2039
2041,2043
2039,2007
2059,2079
2057,1995
2077,2020
2080,2055
2088,2045
2085,2055
2091,2059
2101,2052
2105,2029
2123,2041
2131,2019
2132,2029
2139,2065
2146,2054
2152,2055
2152,2063
2167,2073
2169,1992
2162,2027
2175,2007
2172,2042
2173,2056
2161,2072
2170,2067
2163,2063
2173,2096
2164,2077
2161,1995
2157,2091
2155,2073
2153,2059
2139,2045
2136,2056
2127,2055
2125,2007
2120,2071
2112,2044
2099,2040
2091,2055
2087,2056
2083,2043
2073,2059
2067,2077
2045,2047
2044,2058
2040,2023
2039,2061
2017,2009
2020,2078
2005,2024
2007,2056
2002,2099
1995,2059
1986,2041
1971,2063
1980,2075
1969,2023
1971,2084
1963,2008
1953,2038
1944,2039
1952,2092
1948,2040
1949,2067
1952,1976
1961,2041
1964,2072
1972,2087
1980,2026
1981,2019
2003,2080
2003,2058
1995,2005
2008,2040
2008,2058
2016,2081
2009,2077
2013,1995
2025,2048
2024,2019
2028,2007
2043,2056
2056,2040
2063,2020
2076,2035
2088,2061
2094,2048
2104,2039
2103,2076
2116,2042
2119,2039
2125,2063
2124,2019
2131,2017
2151,2037
2156,2045
2158,2066
2157,2033
2168,2035
2168,2051
2168,2058
2155,2025
2160,2040
2156,2035
2148,2044
2148,2031
2148,2070
2144,2044
2139,2063
2139,2035
2136,2068
2124,2037
2139,2063
2136,2035
2131,2073
2130,2021
2126,2019
2136,2045
2117,2017
2116,2063
2114,2066
2108,2075
2108,2040
2090,2043
2087,2045
2087,2041
2073,2033
2071,2029
2063,2063
2055,2043
2054,2088
2033,2088
2021,2011
2015,2064
2015,2037
2003,2043
1998,2060
1992,2056
1979,2025
1984,2062
1992,2007
1983,2074
1984,2042
1984,2017
1984,2061
1987,2023
1979,2055
1976,2033
1972,2019
1978,2015
1972,2074
1973,2063
1963,2063
1974,2041
1976,2069
1971,2066
1976,2077
1969,2057
1980,2072
1975,2023
1984,2028
1984,2072
1991,2011
1996,2042
2001,2044
2008,2031
2015,2067
2024,2001
2034,2066
2048,2025
2043,2077
2073,2011
2084,2053
2094,2035
2094,2055
2115,2045
2134,2056
2125,2066
2136,2012
2144,2058
2158,2071
2160,2072
2163,2071
2163,1991
2180,2064
2173,2025
2197,2043
2200,2068
2203,2020
2198,2019
2207,2011
2199,2039
2205,2018
2200,2039
2195,2054
2185,2036
2184,2061
2172,2066
2177,2040
2155,2023
2157,2027
2148,2051
2133,2019
2131,2072
2122,2003
2104,2068
2087,2025
2086,2080
2067,2044
2064,2072
2053,2057
2035,2054
2019,2058
2011,2056
2008,2052
1995,2015
1988,2027
1980,2039
1978,2039
1959,2063
1959,2055
1943,2065
1940,2078
1929,2038
1928,2080
1915,2027
1920,2044
1907,2038
1907,2052
1912,2042
1907,2041
1907,2060
1907,2021
1907,2009
1919,2068
1915,2021
1920,2048
1932,2055
1935,2054
1941,2027
1939,2075
1955,1999
1955,2071
1972,2044
1971,2068
1981,2033
1989,2064
2008,2056
2015,2032
2019,2066
2031,2056
2031,2035
2043,2041
2059,2037
2068,2091
2079,2039
2080,2043
2090,2017
2096,2001
2104,2065
2109,2036
2123,2028
2125,2041
2135,2015
2143,2062
2151,2019
2158,2046
2165,2035
2159,2030
2171,2048
2167,1997
2170,2043
2169,2027
2169,2029
2169,2020
2163,2040
2165,2011
2167,2071
2148,2017
2151,2029
2149,2089
2143,2045
2138,2028
2132,2027
2124,2036
2107,2059
2109,2027
2099,2065
2092,2045
2085,2028
2087,2019
2072,2044
2057,2035
2054,2040
2042,2074
2023,2067
2009,2037
2005,2030
1996,1999
1993,2080
1987,2039
1976,2079
1974,2039
1956,2067
1956,2063
1945,2045
1943,2041
1933,2021
1941,2055
1944,2039
1935,2001
1943,2064
1942,2088
1939,2071
1936,2044
1940,2037
1936,2011
1931,2042
1944,2059
1940,2064
1941,2031
1940,2063
1949,2053
1955,2025
1953,2029
1967,2039
1976,2014
1975,2059
1984,2070
2001,2042
2003,2057
2012,2056
2021,2023
2026,2066
2043,2033
2060,2047
2057,2038
2077,2043
2077,2017
2081,2079
2101,2029
2103,1995
2108,2056
2107,2048
2124,2029
2135,2025
2130,2040
2149,2039
2149,2048
2151,2043
2163,2076
2156,2077
2163,2062
2169,2073
2172,2037
2173,2028
2167,2025
2182,2032
2179,2017
2173,2038
2171,2053
2165,2032
2172,2036
2155,2068
2166,2066
2160,2048
2147,2041
2152,2040
2136,2069
2135,2035
2136,2067
2118,2055
2124,2042
2101,2015
2104,2043
2095,2039
2088,2005
2083,2036
2077,2011
2063,2056
2057,2027
2047,2055
2041,2055
2039,2063
2037,2076
2032,2009
2021,2080
2024,2080
2007,2039
2008,2043
1995,2017
1991,2046
1990,2036
1998,2063
1997,2019
1997,2024
1992,2040
1991,2043
1979,2001
1991,2075
1988,2067
1989,2071
1997,2045
1997,2063
2006,2039
2005,2063
2011,2077
2024,2027
2022,2055
2034,2056
2041,1999
2037,2008
2056,2059
2044,2007
2063,2035
2072,2021
2074,2035
2077,2017
2091,2045
2103,2080
2103,2071
2105,2058
2122,2024
2133,2017
2131,2054
2137,2015
2152,2067
2155,2035
2161,2045
2169,2037
2188,2072
2194,2001
2197,2035
2206,2047
2204,2030
2209,2031
2208,2028
2216,2073
2215,2037
2220,2063
2215,2038
2203,2067
2203,2035
2203,2005
2203,2007
2195,2013
2200,2027
2185,2070
2169,2005
2176,2021
2165,2041
2161,2019
2152,2091
2155,2041
2140,2053
2135,2079
2128,2044
2115,2047
2103,2039
2099,2072
2081,2013
2077,2063
2066,2009
2041,2028
2033,2027
2032,2031
2021,2038
2007,2076
2006,2009
1984,2056
1981,2040
1965,2024
1961,2063
1955,2053
1943,2040
1948,2055
1943,2063
1917,2057
1939,2040
1925,2028
1915,2063
1925,2059
1917,2027
1912,2056
1920,2048
1920,2044
1926,1999
1925,2073
1928,2069
1928,2064
1931,2005
1939,2032
1945,2063
1937,2044
1947,2035
1962,2047
1961,2078
1976,2034
1979,2034
1979,2051
1997,2024
1995,2015
2015,2073
2024,2063
2029,2033
2033,2061
2039,2063
2056,2021
2067,2041
2068,2037
2076,2023
2072,2052
2086,2025
2091,2030
2103,2076
2104,2035
2112,2056
2123,2063
2123,2063
2128,2040
2135,2035
2140,2061
2144,2071
2137,2063
2143,2041
2151,2059
2136,2039
2143,2011
2138,2010
2135,2059
2125,2024
2117,2073
2119,2009
2119,2043
2112,2025
2105,2080
2101,2045
2100,2072
2087,2041
2076,2037
2069,2095
2065,2059
2057,2060
2045,2067
2043,2053
2027,2077
2021,2035
2012,2040
2006,2017
2007,2061
1996,2055
1989,2054
1971,2019
1972,2035
1965,2045
1953,2053
1956,2012
1943,2060
1944,2057
1940,2079
1937,2042
1936,2056
1930,2019
1934,2029
1928,2036
1931,2070
1929,2056
1932,2055
1927,2040
1942,2088
1931,2067
1944,2023
1948,2032
1951,2044
1957,2025
1961,2057
1973,2043
1973,2056
1981,2040
1984,1995
1992,2048
1999,2042
2009,2012
2017,1995
2031,2067
2027,2033
2051,2029
2062,2080
2068,2032
2071,2053
2085,2032
2090,2072
2092,1987
2108,2063
2119,2072
2124,2027
2129,2021
2136,2017
2148,2062
2147,2054
2153,2019
2159,2043
2165,1994
2171,2025
2175,2040
2165,2063
2176,2019
2176,2040
2187,2028
2172,1991
2182,2040
2179,2038
2168,2056
2168,2039
2157,2045
2149,2023
2147,2034
2144,2045
2135,2066
2136,2032
2121,2008
2115,1995
2099,2022
2101,2076
2092,2037
2077,2074
2072,2077
2064,2035
2041,2076
2045,2068
2030,2067
2011,1991
2012,2047
1997,2003
1999,2070
1992,2055
1976,2044
1967,2040
1962,2072
1958,2041
1939,2076
1942,2091
1937,2069
1937,2027
1932,2045
1913,2037
1926,2041
1912,2034
1927,2048
1917,2056
1909,2025
1911,2058
1915,2023
1924,2060
1920,2063
1925,2039
1937,2056
1935,2035
1931,2080
1945,2001
1947,2064
1947,2079
1967,2038
1961,2041
1972,2003
1981,2059
1988,2027
1999,2043
2006,2022
2005,2068
2011,2091
2026,2023
2027,2039
2037,2067
2040,2008
2063,2007
2063,2072
2072,2030
2085,2039
2091,2047
2096,2076
2107,2071
2105,2068
2109,2035
2121,2035
2125,2054
2135,2041
2136,2019
2141,2045
2139,2043
2148,2040
2151,2068
2152,2024
2143,2048
2137,2007
2146,2063
2137,2040
2142,2046
2125,2055
2132,2026
2125,2017
2124,2055
2117,2029
2111,2065
2102,2067
2091,2079
2087,2023
2080,2068
2079,2017
2059,2068
2063,2037
2039,1997
2029,2041
2027,2027
2024,2040
2011,2063
2008,2066
2001,2057
1992,2073
1979,2103
1978,2044
1965,2031
1963,2037
1961,2068
1950,2024
1947,2053
1939,2053
1943,2053
1927,2041
1936,2038
1941,2033
1937,2055
1936,2025
1932,2065
1936,2068
1945,2035
1946,2042
1953,2052
1946,2029
1947,2043
1957,2041
1959,2067
1961,2043
1971,2072
1984,2048
1987,2053
2000,2032
2003,2044
2005,2029
2015,2073
2022,2019
2027,2073
2030,2011
2055,2029
2057,2035
2067,2001
2078,2027
2088,2025
2094,2044
2092,1995
2109,2080
2107,2075
2122,2048
2125,2054
2132,2040
2135,2025
2150,2031
2156,2030
2163,2040
2154,2021
2165,2071
2163,2027
2171,2070
2167,2043
2180,2063
2184,2033
2171,2034
2182,2036
2165,2029
2171,2040
2164,2039
2162,2055
2155,2067
2156,2045
2139,2017
2142,2028
2135,2071
2128,2062
2120,2073
2107,2064
2089,2057
2100,2080
2089,2053
2085,2040
2079,2035
2074,2033
2063,2068
2047,2021
2035,2073
2033,2036
2017,2037
2015,2076
2009,2017
1996,2044
1992,2027
1980,2060
1979,2019
1971,2069
1964,2077
1952,2040
1945,2029
1953,2077
1937,2020
1946,2041
1940,2054
1937,2043
1944,2035
1939,2063
1943,2056
1940,2021
1942,2085
1938,2018
1947,2025
1943,2039
1943,2073
1960,2027
1949,1979
1969,2075
1965,2041
1975,2015
1981,2075
1991,2078
1999,2003
2004,2024
2016,2041
2013,2036
2034,2036
2036,2075
2056,2042
2035,2035
2067,2083
2068,1991
2085,2076
2091,2042
2097,2017
2101,2063
2108,2023
2124,2044
2123,2065
2131,2060
2148,2020
2156,2033
2161,2025
2168,2042
2167,2015
2184,2048
2185,2029
2192,2025
2193,2031
2203,2011
2206,2019
2195,2031
2199,2066
2201,2024
2193,2045
2197,2044
2185,1993
2189,2079
2191,2036
2184,2069
2169,2015
2168,2088
2164,2035
2154,2071
2146,2053
2148,2059
2143,2045
2131,2044
2120,2011
2120,2055
2104,2056
2097,2022
2092,2065
2088,2005
2080,2070
2068,2063
2067,2020
2053,2047
2040,2055
2029,2054
2024,1994
2017,2035
2007,2071
2004,2037
1991,2035
1992,2056
1976,2069
1983,2035
1980,2043
1980,2067
1963,2012
1975,2074
1963,2020
1960,2072
1974,2056
1976,2071
1976,2029
1979,2033
1978,2060
1987,2047
1984,2033
1979,2029
1994,2065
2003,2024
2008,2063
2011,2007
2021,2025
2028,2067
2030,2023
2030,2055
2039,2017
2055,2057
2065,2039
2065,2066
2077,2044
2080,2033
2093,2053
2098,2036
2099,2011
2120,2053
2123,2044
2129,2041
2131,2057
2141,2048
2139,2035
2151,2023
2160,2043
2168,2046
2174,2011
2167,2045
2183,2072
2184,2046
2185,2025
2185,2056
2191,2059
2185,2019
2191,2030
2184,2039
2169,2037
2167,2020
2172,2068
2169,2076
2163,2055
2161,2021
2151,1996
2144,2048
2136,2043
2132,2077
2124,2024
2117,2058
2110,2020
2103,2024
2091,2041
2081,2043
2075,2045
2073,2089
2064,2063
2059,2015
2041,2089
2032,2074
2020,2035
2023,2072
2007,2069
2007,1993
1973,2047
1979,2015
1976,2070
1972,2056
1961,2034
1964,2057
1960,2056
1947,2027
1951,2025
1950,2042
1947,2041
1943,2037
1943,2053
1947,2045
1948,2028
1952,2036
1947,2044
1955,1999
1964,2082
1963,2089
1968,2036
1963,2091
1980,2029
1993,2043
1991,2023
2000,2058
2009,2045
2008,2068
2023,2027
2024,2008
2032,2069
2039,2021
2055,2039
2065,2039
2076,2069
2080,2029
2088,2017
2092,2043
2103,2080
2107,1997
2117,2026
2127,2017
2128,2071
2129,2035
2139,2063
2147,2060
2163,2040
2158,2044
2171,2063
2167,2013
2174,2027
2172,2056
2185,2039
2186,2038
2185,2029
2189,2037
2183,2079
2181,2007
2181,2023
2174,2056
2171,2019
2167,2024
2166,2080
2163,2067
2157,2047
2143,2029
2140,2012
2134,2045
2121,2084
2122,2043
2114,2080
2112,2093
2093,2019
2088,2040
2079,2045
2070,2060
2063,2041
2040,2025
2039,2029
2027,2037
2022,2088
2008,2005
2008,2024
2001,2057
1995,2041
1987,2035
1992,2033
1984,2081
1973,2017
1980,2053
1972,2053
1971,2025
1965,2040
1956,2034
1953,2019
1951,2048
1943,2058
1936,2040
1932,2067
1939,2020
1948,2087
1951,2057
1953,2056
1969,2074
1987,2021
1996,2079
2009,2063
2011,2017
2025,2063
2031,2038
2027,2063
2045,2060
2051,2070
2055,2039
2065,2078
2080,1975
2083,2007
2093,2040
2111,2027
2124,2072
2133,2027
2143,2054
2155,2048
2160,2033
2161,2035
2183,2061
2192,2025
2206,2056
2220,2008
2227,2047
2249,2010
2259,2016
2263,2005
2278,2068
2281,2040
2281,2048
2287,2035
2284,2035
2280,2043
2268,2036
2265,2055
2252,2064
2248,2063
2235,2045
2235,2031
2217,2059
2212,2068
2197,2072
2192,2033
2183,2045
2157,2056
2160,2090
2148,2027
2131,2063
2131,2029
2119,2055
2111,2063
2088,2072
2089,2063
2072,2009
2069,2056
2059,2048
2055,2081
2039,2025
2032,2088
2019,2065
2006,2066
1995,2058
1992,2047
1972,2043
1965,2029
1960,2030
1948,2037
1941,2029
1946,2074
1939,2055
1951,2061
1954,2074
1939,2029
1958,2025
1968,2044
1963,2036
1984,2054
1997,2004
1996,2037
2003,2009
2018,2058
2017,2018
2029,2073
2037,2046
2055,2069
2060,2077
2072,2053
2067,2027
2083,2042
2083,2017
2088,2044
2085,2045
2092,2047
2091,2039
2091,2027
2099,2039
2097,2034
2107,2018
2109,2035
2106,2033
2127,2033
2137,2036
2129,2007
2138,2027
2152,2053
2152,2065
2160,2036
2152,2056
2137,2066
2153,2027
2153,2063
2152,2077
2149,2035
2148,2067
2152,2052
2141,2064
2155,2079
2145,2057
2153,2076
2152,2039
2139,2041
2141,2080
2140,2027
2136,2075
2131,2043
2123,2005
2124,2060
2121,2043
2114,2011
2115,2063
2115,2063
2105,2007
2098,2044
2103,2043
2099,2056
2093,2028
2077,2043
2076,2058
2067,2044
2043,2039
2056,2040
2040,2019
2035,2056
2024,2059
2015,2015
2015,2097
2015,2007
2005,2056
2003,2038
2004,2053
2001,2045
1990,2077
1995,2019
1992,2064
1988,2068
1984,2063
1980,2035
1974,2068
1978,2033
1975,2053
1972,2065
1969,2003
1965,2015
1971,2043
1964,2045
1976,2051
1973,2041
1981,2058
1975,2029
1983,2047
1981,2060
1992,2020
1997,2035
1996,2019
2009,2063
2008,2073
2027,2045
2035,2089
2028,2011
2056,2076
2056,2053
2062,2060
2071,2058
2065,2005
2073,2053
2084,2036
2083,2035
2085,2021
2096,2067
2102,2003
2103,2040
2120,2035
2128,2067
2142,2032
2141,2046
2148,2033
2147,2072
2165,2080
2168,2065
2167,2056
2175,2063
2169,2042
2175,2068
2171,2015
2171,2056
2171,2033
2165,2031
2161,2053
2157,2035
2153,2040
2153,2035
2143,2076
2137,2068
2135,2043
2129,2080
2127,2043
2121,2036
2119,2010
2100,2032
2096,2039
2088,2007
2081,2039
2071,2055
2067,1999
2066,2071
2035,2012
2041,2079
2031,2069
2018,2072
2008,2036
1993,2063
1996,2024
1979,2080
1972,2030
1963,2060
1958,2019
1951,2045
1937,2029
1939,2009
1950,2080
1943,2017
1940,2048
1944,2007
1942,2052
1934,2040
1942,2015
1948,2072
1943,2028
1959,2035
1957,1993
1960,2020
1966,2063
1971,2073
1971,2062
1973,2059
1982,2037
1987,2032
1996,2068
1991,2015
2006,2035
2016,2083
2021,2066
2025,2029
2039,2079
2053,2056
2065,2025
2084,2054
2092,2065
2101,2028
2115,2039
2127,2040
2135,2029
2136,2058
2143,2020
2155,2023
2167,2057
2165,2054
2176,2019
2187,2060
2185,2018
2195,2043
2200,2088
2205,2073
2205,2035
2205,2063
2209,2030
2204,2021
2207,2071
2207,2021
2206,2068
2207,2092
2201,2024
2199,2096
2192,2080
2186,2009
2182,2039
2166,2048
2164,2070
2153,2024
2150,2043
2144,2057
2132,2035
2115,2048
2105,2063
2095,2076
2090,2043
2084,2058
2071,2035
2055,2079
2048,2009
2027,2073
2024,2035
2019,2077
2008,2055
1994,2063
1997,2063
1993,2013
1982,2048
1965,2052
1966,2043
1955,2035
1953,2045
1948,2089
1947,2080
1928,2029
1939,2039
1934,2070
1938,2026
1950,2034
1943,2047
1941,2078
1953,2011
1951,2063
1949,2065
1961,2064
1961,2072
1963,2069
1971,2037
1987,2055
1995,2032
2003,2026
2005,2055
2017,2072
2028,2063
2033,2024
2044,2057
2043,2025
2063,2095
2063,2040
2077,2018
2079,2048
2087,2067
2087,2060
2103,2029
2112,2063
2123,2023
2127,2027
2130,2046
2141,2075
2149,2020
2159,2042
2156,2051
2169,2063
2180,2064
2183,2053
2185,2065
2181,2081
2190,2056
2189,2027
2187,2072
2182,2007
2179,2037
2184,2027
2183,2068
2176,2041
2170,2077
2169,2007
2159,2008
2157,2021
2145,2047
2145,2006
2142,2072
2125,2072
2123,2039
2121,2035
2117,2035
2103,2037
2098,2043
2095,2048
2080,2047
2071,2051
2063,2053
2053,1995
2055,2069
2035,2040
2024,2068
2021,2054
2013,2041
2008,2071
1992,2009
1992,2039
1977,2041
1973,2052
1963,2069
1963,2075
1970,2072
1968,2066
1967,2043
1957,2051
1957,2055
1960,2041
1957,2061
1964,2041
1957,2069
1964,2013
1959,2036
1963,2001
1968,2072
1970,1993
1973,2055
1984,2052
1979,2059
1992,2067
1992,2039
2007,1992
2009,2052
2015,2036
2019,2058
2021,2056
2027,2029
2045,2057
2065,2068
2069,2022
2075,2068
2078,2029
2088,2012
2088,2073
2107,2040
2115,2028
2120,2040
2121,2037
2129,2068
2129,2045
2139,2040
2151,2033
2152,2058
2149,2009
2155,2017
2167,2043
2167,2011
2168,2047
2179,2068
2176,2044
2187,2053
2169,2020
2183,2039
2180,2043
2168,2027
2173,2032
2171,2063
2170,2055
2161,2026
2154,2033
2153,2068
2148,2086
2138,1993
2131,2030
2136,2041
2126,2035
2120,1995
2111,2017
2093,2057
2099,2043
2092,2044
2078,2088
2072,2027
2073,2060
2063,2025
2040,2021
2043,2056
2039,2080
2023,2065
2024,2072
2021,2037
2005,2072
2015,2067
1992,2030
1994,2077
1986,2044
1976,2055
1980,2056
1981,2075
1979,2019
1977,2053
1981,2080
1971,2044
1984,2056
1975,2025
1982,2088
1991,2024
1993,2037
1988,2017
1997,2079
2004,2027
2001,2024
2016,2027
2020,2040
2027,2055
2024,2067
2029,2027
2051,2072
2048,2031
2058,2064
2063,2030
2071,2021
2077,2041
2089,2038
2092,2054
2099,2033
2108,2033
2120,2017
2127,2068
2123,2001
2147,2055
2152,2051
2155,2003
2164,2056
2167,2063
2185,2015
2189,2048
2195,2024
2206,2058
2213,2076
2202,2011
2217,2029
2219,2061
2228,2074
2231,2039
2221,2039
2221,2034
2224,2008
2217,2033
2221,2023
2213,2042
2215,2025
2201,2021
2194,2060
2197,2044
2192,2033
2173,2031
2173,2055
2167,1977
2169,2077
2161,2