1937,2030
1943,1990
1957,2037
1961,2015
1960,2067
1969,2077
1973,2087
1984,2044
1999,2067
2003,2026
2012,2031
2012,2019
2033,2009
2038,2072
2039,2005
2058,2075
2063,2007
2071,2053
2074,2007
2080,2040
2091,2031
2087,2023
2108,2063
2113,2056
2127,2034
2135,2039
2133,2036
2140,2029
2131,2075
2147,2026
2152,2032
2153,2048
2155,2009
2160,2039
2153,2047
2147,2067
2163,2046
2152,2036
2152,2040
2135,2028
2140,2026
2135,2040
2133,1999
2128,2072
2125,2068
2112,2029
2119,2075
2099,2020
2093,2039
2092,2056
2080,2063
2076,2051
2068,2040
2059,2045
2041,2065
2041,2025
2029,2044
2023,2017
2019,2009
2012,2076
1995,2039
1996,2044
1984,2030
1977,2067
1976,2073
1970,2038
1959,2027
1958,2028
1947,2056
1948,2033
1943,2031
1944,2057
1944,2048
1949,2032
1947,2056
1944,2028
1951,2080
1956,2046
1961,2025
1959,2060
1957,2029
1964,2045
1967,2057
1973,2029
1978,2041
1979,2011
1990,2043
1997,2043
1995,2017
2012,2080
2018,2040
2025,2066
2012,2053
2038,2007
2037,2032
2056,2079
2072,2071
2065,2033
2082,2054
2089,2039
2104,2075
2104,2063
2109,2056
2115,2058
2129,2071
2129,2043
2136,2047
2141,2031
2137,2075
2152,2015
2149,2036
2155,2072
2166,2062
2167,2024
2168,2068
2163,2037
2168,2025
2165,2064
2169,2066
2157,2026
2163,2063
2151,2056
2149,2067
2148,2017
2131,2023
2140,2056
2132,2020
2129,2025
2121,2068
2116,2008
2105,2053
2097,2043
2089,2055
2082,2045
2069,2033
2064,2047
2060,2025
2044,2037
2026,2063
2026,2052
2023,2067
2016,2029
2009,2044
1995,2003
1987,2063
1983,2071
1979,2035
1971,1981
1968,2042
1964,2055
1956,2033
1953,2056
1952,2040
1951,2027
1947,2065
1942,2025
1937,2027
1939,2062
1936,2039
1928,2012
1940,2053
1936,2028
1933,2056
1936,2034
1939,2040
1943,2027
1946,2005
1944,2016
1945,2038
1951,2013
1952,2088
1966,2068
1963,2028
1980,2056
1977,2052
1981,2040
1980,2043
1993,2040
1993,2056
2007,2092
2012,2065
2015,2043
2024,2022
2025,2044
2033,2015
2045,2072
2055,2028
2055,2043
2055,2038
2071,2040
2076,2042
2083,2032
2095,2056
2103,2059
2104,2056
2120,2063
2117,2039
2126,2033
2129,2028
2139,2068
2137,2020
2153,2056
2151,2035
2157,2039
2153,2055
2145,2025
2159,2063
2155,2028
2147,2040
2139,2041
2144,2045
2151,2066
2147,2041
2137,2064
2127,2017
2135,2087
2117,2039
2109,2058
2120,2053
2107,2067
2101,2092
2096,2035
2087,2032
2088,2038
2071,2040
2068,2064
2055,2051
2057,2063
2041,2058
2023,2072
2029,2043
2017,2029
2016,2068
2001,2069
1999,2035
1979,2033
1973,2044
1981,2069
1975,2055
1971,2052
1964,2058
1957,2070
1962,2038
1969,2080
1963,2041
1958,2033
1960,2044
1959,2029
1960,2017
1962,2048
1964,2034
1964,2071
1963,2031
1969,2041
1973,2009
1984,2057
1983,2041
1997,2032
2002,2055
2003,2028
2001,2066
2022,2077
2024,2073
2037,2068
2035,2026
2063,2035
2068,2025
2071,2026
2075,2009
2089,2057
2095,2030
2096,2039
2103,2069
2092,2027
2109,2063
2105,2080
2124,2056
2135,2028
2140,2020
2143,2011
2162,2067
2174,2072
2179,2076
2171,2040
2191,2019
2199,2068
2196,2059
2192,2057
2184,2007
2179,2021
2173,2086
2184,2056
2167,2066
2171,1992
2168,2023
2179,1995
2165,2023
2169,2027
2167,2045
2168,2063
2157,2056
2155,2063
2159,2063
2152,2007
2144,2029
2143,2064
2144,2044
2135,2043
2136,2008
2121,2048
2109,2009
2103,2036
2093,2089
2095,2032
2088,2043
2073,2079
2068,2036
2042,2039
2033,2035
2015,2029
2008,2057
1991,2021
1975,2032
1964,2013
1970,2065
1957,2055
1949,2043
1937,2013
1946,2068
1936,2063
1932,2051
1917,2057
1926,2032
1923,2045
1913,2053
1916,2056
1911,2057
1923,2039
1919,2043
1924,2033
1918,2058
1920,2023
1928,2069
1923,2064
1932,2020
1947,2040
1947,2019
1952,2032
1965,2079
1980,2070
1991,2072
2008,2043
2018,2040
2033,2028
2060,2065
2077,2063
2081,2025
2091,2008
2112,2073
2123,2045
2145,2045
2152,2027
2169,2045
2179,2054
2196,2044
2198,2073
2211,2057
2223,2045
2236,2071
2244,2076
2248,2067
2252,2056
2253,2040
2257,2072
2251,2033
2263,2035
2257,2010
2252,2051
2244,2066
2227,2007
2229,2031
2218,2039
2208,2045
2185,2071
2171,2058
2155,2033
2157,2047
2140,2072
2120,2057
2094,2055
2087,2037
2071,2017
2043,2068
2036,2039
2019,2066
2000,2071
1977,2004
1964,2055
1960,2021
1944,2065
1920,2082
1913,2042
1905,2041
1895,2029
1891,2063
1880,2063
1875,2055
1879,2053
1860,2011
1865,2071
1866,2056
1863,2009
1869,2057
1871,2064
1868,2055
1864,2055
1880,2012
1883,2063
1887,2037
1903,2015
1909,2077
1911,2071
1928,2041
1938,2005
1950,2076
1969,2063
1979,2040
1993,2029
2006,2001
2015,2063
2026,2037
2040,2071
2053,2036
2069,2017
2080,2063
2087,2024
2103,2059
2103,2037
2120,2059
2136,2060
2136,2040
2136,1993
2153,2033
2160,2044
2161,2007
2182,2021
2191,2055
2193,2041
2200,1993
2197,2023
2211,2030
2216,2057
2216,2046
2214,2025
2219,2063
2215,2039
2209,2017
2204,2080
2195,2027
2191,2054
2187,2073
2175,2011
2172,2053
2155,2059
2156,2056
2137,2027
2138,2044
2131,2027
2113,2055
2111,2066
2107,2076
2094,2073
2084,2023
2083,2072
2071,2001
2058,2067
2041,2032
2039,2088
2029,2059
2017,2068
2005,2040
1994,2067
1999,2088
1987,2008
1976,2045
1964,2067
1964,2056
1939,2023
1947,2046
1937,2033
1944,2029
1937,2023
1940,1995
1939,2043
1939,2066
1939,2067
1946,2068
1951,2056
1944,2009
1953,2043
1955,2067
1957,2047
1961,2043
1971,2059
1964,2057
1976,2037
1977,2034
1991,2069
1992,2040
1995,2015
2001,2039
2007,2068
2016,2025
2021,2026
2022,2040
2041,2031
2043,2005
2055,2007
2072,2036
2079,2060
2075,2051
2094,1999
2100,2060
2103,2033
2099,2027
2118,2044
2119,2041
2121,2056
2120,2026
2136,2048
2129,2010
2142,2037
2133,1991
2151,2044
2146,2064
2144,2004
2146,2068
2148,2027
2152,2057
2145,2027
2153,2056
2150,2040
2139,2036
2155,2029
2146,2024
2144,2028
2130,2037
2134,2033
2129,2026
2122,2065
2117,2017
2109,2053
2112,2047
2103,2008
2099,2063
2088,2029
2093,2041
2085,2040
2071,2037
2074,2029
2068,2057
2063,1997
2056,1997
2056,2017
2045,2077
2039,2023
2035,2059
2032,2057
2023,2078
2021,2057
2015,2025
2005,2063
2004,2060
1996,2041
2003,2043
1993,2043
1977,2041
1990,2047
1979,2052
1971,2032
1976,2037
1969,2072
1967,2035
1968,2033
1970,2067
1968,2033
1959,2025
1965,2056
1972,2012
1963,2040
1965,2088
1974,2023
1979,2030
1987,2015
1980,2043
1977,2040
1979,2045
1987,2045
1996,2060
1998,2103
1991,2018
2008,2068
2014,2027
2016,2044
2011,2054
2023,2090
2038,2027
2044,2048
2045,2043
2063,2063
2063,2019
2076,2046
2077,2019
2092,2039
2094,2041
2107,2063
2117,2045
2133,2024
2140,2056
2144,2039
2152,2054
2163,2037
2155,2039
2169,2043
2171,1981
2173,2043
2179,2065
2181,2035
2169,2024
2183,2019
2184,2031
2169,2027
2181,2017
2171,2009
2174,2071
2176,2082
2166,2040
2167,2074
2164,2061
2163,2072
2156,2072
2137,1995
2137,2076
2121,2001
2112,2029
2101,2068
2096,2021
2077,2008
2073,2019
2055,2017
2043,2017
2032,2064
2027,2067
2018,2065
2007,2011
1989,2051
1983,2040
1972,2011
1958,2056
1953,2070
1943,2037
1931,2056
1933,2037
1923,2039
1909,2036
1904,2075
1903,2028
1884,2058
1888,2063
1879,2036
1880,2036
1880,2063
1873,2073
1883,2067
1880,2003
1885,2036
1887,2035
1895,2017
1896,2058
1908,2007
1924,2041
1931,2043
1939,2011
1945,2051
1976,2017
1980,2073
2003,2015
2011,2072
2016,2032
2040,2068
2041,2029
2072,2064
2080,2041
2083,2066
2101,2027
2120,2054
2132,2057
2137,2053
2152,2055
2179,2047
2187,2018
2200,2047
2199,2038
2215,2027
2232,2071
2237,2059
2243,2029
2254,2067
2256,2036
2259,2035
2255,2069
2259,2048
2260,2058
2251,2013
2237,2027
2235,2075
2229,2027
2218,2024
2205,2076
2201,2068
2184,2063
2173,2066
2157,2063
2151,2019
2135,2066
2122,2044
2112,2063
2092,2004
2083,2023
2071,2033
2063,2041
2052,2088
2029,2029
2007,2027
2008,2071
1994,2060
1966,2072
1960,2063
1948,2088
1935,2039
1928,2048
1915,2037
1905,2037
1897,2052
1903,2048
1896,2071
1893,2005
1899,2058
1901,2035
1905,2036
1904,2009
1923,2024
1926,2060
1930,2035
1937,2063
1948,2040
1952,2070
1964,2049
1975,2076
1978,2068
1987,2027
1997,2034
2009,2021
2019,2062
2025,2056
2041,2056
2048,2063
2063,2072
2076,2064
2086,2048
2099,2091
2104,2053
2120,2002
2129,2041
2143,2068
2151,2011
2160,2023
2169,2053
2168,2019
2188,2079
2192,2029
2187,2019
2201,2031
2205,2036
2203,2055
2216,2062
2214,2040
2211,2031
2219,2064
2219,2044
2208,2035
2215,2041
2205,2009
2206,2041
2201,2028
2197,2027
2188,2068
2173,2062
2166,2009
2172,2008
2153,2029
2145,2033
2141,2060
2134,2022
2123,2079
2112,2032
2107,2067
2094,2038
2092,2062
2071,2081
2063,1995
2041,2068
2040,2017
2028,2065
2021,2043
2005,2054
1999,2030
1987,2069
1979,2023
1976,2077
1969,2092
1964,2042
1967,2028
1964,2023
1949,2055
1957,2015
1957,2046
1942,2073
1949,2043
1945,2017
1948,2056
1939,2040
1951,2068
1950,2042
1950,2027
1943,2073
1947,2042
1949,2088
1965,2072
1963,2057
1964,2075
1971,2045
1984,2028
1988,2089
1987,2072
1997,2067
2005,2039
2013,2063
2026,2048
2035,2059
2039,2043
2053,2059
2055,2039
2069,2064
2068,2017
2077,2063
2075,2039
2082,2071
2082,2043
2098,1999
2088,2031
2104,2017
2099,2079
2108,2025
2105,2017
2105,2037
2125,2027
2121,2025
2127,2064
2133,1999
2139,2063
2141,2053
2139,2063
2139,2028
2146,2033
2148,2072
2137,2037
2144,2057
2143,2040
2129,2042
2136,2029
2129,2073
2123,2067
2112,2078
2109,2041
2101,2024
2091,2043
2091,2026
2092,2022
2084,2018
2077,2003
2065,2035
2071,2067
2065,2072
2063,2039
2048,2072
2044,2065
2040,2048
2029,2055
2027,2063
2017,2077
2020,2048
2010,2056
2002,2043
1992,2019
1995,2023
1989,2067
1979,2039
1971,2053
1969,2079
1967,2027
1957,2027
1962,2080
1959,2063
1949,2028
1947,2024
1956,2040
1960,2056
1953,2053
1951,2019
1945,2045
1956,2031
1957,2009
1963,2018
1965,2063
1959,2055
1963,2039
1967,2060
1963,2017
1976,2039
1965,2071
1976,2032
1985,2045
1983,2077
1984,2045
2000,2063
1993,2028
1995,2041
2017,2035
2018,2044
2019,2043
2027,2001
2040,2056
2044,2052
2063,2039
2072,2022
2067,2056
2080,2028
2080,2024
2087,2025
2090,2009
2106,2054
2119,2047
2123,2057
2125,2009
2134,2063
2132,2035
2143,2034
2151,2041
2149,2034
2155,2048
2161,2073
2163,2044
2168,2019
2153,2039
2161,2020
2166,1997
2163,2021
2168,2025
2163,2055
2155,2043
2151,2082
2150,2091
2147,2028
2140,2052
2125,2040
2131,2033
2121,2063
2117,2069
2106,2063
2097,2032
2093,2065
2085,2063
2079,2055
2066,2071
2059,1992
2039,2080
2047,2003
2023,2043
2028,2039
2023,2028
2013,2008
2000,2068
1987,2025
1991,2068
1971,2069
1965,2040
1963,2024
1952,2071
1960,2075
1957,2047
1948,2068
1948,2041
1947,2021
1944,2036
1946,2027
1949,2048
1944,2004
1947,2075
1950,2043
1949,2035
1956,2044
1959,2059
1964,2062
1974,2039
1973,2033
1980,2021
1992,2053
1989,2015
2005,2033
2008,1994
2010,2054
2024,2023
2025,1999
2038,2058
2055,2041
2067,2011
2072,2029
2076,2054
2079,2056
2089,2045
2095,1989
2095,2041
2104,2045
2103,2068
2120,2068
2129,2088
2140,2065
2146,2045
2154,2080
2163,1991
2170,2068
2180,2017
2187,2039
2185,2039
2193,2048
2199,2067
2181,2074
2184,2069
2171,2076
2169,2055
2172,2062
2171,2035
2172,2048
2176,2053
2173,2063
2167,1997
2166,2079
2161,2012
2158,2021
2159,2044
2146,2005
2143,2031
2147,2040
2138,2095
2135,2023
2139,2086
2125,2080
2128,2015
2115,2039
2104,2087
2105,2039
2101,2015
2090,2057
2078,2025
2071,2075
2053,2082
2043,2065
2030,2024
2024,2036
2015,2017
2008,2065
2000,2063
1989,2054
1984,2043
1978,2035
1974,2060
1967,2067
1956,2053
1955,2080
1952,2020
1950,2072
1956,2076
1949,2057
1948,2045
1950,2051
1947,2069
1943,2056
1956,2009
1951,2068
1954,2029
1957,2055
1960,2074
1964,2080
1965,2017
1976,2045
1975,2010
1982,2008
1992,2039
2003,2054
2021,2015
2031,2039
2042,2055
2064,2032
2076,2055
2088,2024
2097,2071
2115,2067
2129,2040
2140,2017
2147,2060
2160,2048
2173,2063
2176,2034
2190,2037
2203,2029
2206,2005
2218,2041
2227,2023
2228,2056
2231,2036
2237,2025
2243,2037
2240,2055
2238,2028
2233,2015
2237,2071
2232,2038
2224,2019
2220,2040
2210,2017
2202,2060
2194,2027
2179,2039
2173,2040
2150,2027
2144,2029
2127,2064
2120,2044
2093,2051
2087,2046
2072,2065
2061,2046
2040,2008
2027,2012
2007,2065
1997,2057
1973,2040
1969,2064
1951,2041
1962,2008
1947,2055
1941,2067
1927,2072
1924,2035
1913,2039
1920,2039
1912,2027
1910,2021
1909,2071
1899,2037
1909,2066
1905,2023
1904,2003
1910,2015
1909,2057
1912,2059
1917,2048
1937,2045
1937,2067
1952,2074
1961,2051
1975,2039
1973,2025
1999,2027
2001,2029
2018,2029
2019,2074
2035,2063
2048,2075
2067,2041
2080,2056
2081,2054
2096,2057
2108,2063
2121,2055
2126,2048
2121,2068
2136,2020
2154,2063
2153,1992
2167,2045
2168,2054
2173,2039
2188,2039
2187,2028
2206,2039
2203,2064
2207,2076
2216,2093
2215,2033
2219,2052
2223,2045
2219,2076
2218,2044
2200,2057
2203,2018
2200,2053
2197,2033
2186,2031
2181,2017
2175,2063
2164,2074
2157,2037
2147,2036
2144,2055
2131,2071
2128,2020
2121,2072
2111,2079
2107,2056
2084,2035
2063,2060
2053,2021
2065,2078
2036,2043
2052,2063
2037,2035
2023,2029
2021,2019
2019,2048
2003,2069
2004,2048
1996,2083
1983,2063
1975,2071
1968,2063
1967,2028
1952,2072
1952,2065
1957,2044
1960,2080
1959,2056
1949,2037
1955,2041
1966,2024
1971,2053
1976,2030
1969,2035
1981,2080
1987,2035
1979,2043
1992,2033
1997,2045
2008,2063
2007,2029
2010,2053
2008,2036
2027,2037
2026,2074
2032,2063
2035,2068
2041,2037
2057,2069
2065,2021
2068,2063
2067,2025
2084,2047
2079,2017
2095,2048
2098,2037
2117,2042
2124,2046
2124,2056
2121,2035
2131,2023
2130,2053
2138,2034
2136,2048
2139,2072
2152,2079
2153,2056
2150,2088
2152,2063
2158,2011
2155,2040
2149,2063
2157,2069
2152,2025
2157,2057
2155,2060
2145,2025
2145,2071
2148,2038
2143,2055
2133,2057
2140,2074
2129,2009
2132,2058
2120,2059
2120,2080
2117,2043
2103,2060
2108,2029
2099,2039
2091,2015
2091,2029
2085,2048
2078,2044
2075,2071
2068,2033
2065,2076
2063,2081
2045,2063
2040,2061
2039,2046
2033,2008
2029,2045
2032,2015
2025,2057
2015,2096
2003,2065
2004,2080
2003,2079
1992,2034
1981,2011
1987,2012
1987,2051
1984,2044
1980,2053
1969,2027
1976,2023
1973,2077
1972,2027
1973,2055
1966,2088
1972,2019
1969,2068
1976,2075
1975,2039
1963,2045
1973,2028
1981,2051
1977,2048
1984,2051
1984,2024
1992,2060
1998,2056
2000,1996
2003,2069
2010,2029
2014,2063
2015,2080
2020,2003
2031,2063
2032,2016
2040,2044
2041,2029
2063,2052
2067,2013
2067,2030
2079,2029
2092,2066
2093,2065
2111,2061
2119,2033
2129,2063
2135,2058
2139,2027
2143,2040
2156,2073
2155,2054
2160,2048
2165,2024
2167,2032
2155,2017
2170,2079
2166,2029
2168,2093
2157,2023
2166,2082
2157,2055
2154,2064
2156,2064
2155,2071
2151,2025
2148,2072
2140,2041
2135,2074
2136,2053
2120,2056
2122,2067
2117,2037
2105,2079
2096,2059
2080,2068
2069,2042
2067,2033
2053,2057
2035,2041
2032,2057
2015,2068
2011,2043
2000,2064
1993,2041
1984,2074
1974,2029
1966,2026
1953,2058
1947,2069
1951,2045
1944,2038
1944,2021
1947,2044
1933,2037
1932,2060
1936,2037
1934,2059
1940,2044
1940,2068
1943,2048
1944,2007
1944,2040
1943,2032
1951,2056
1955,2044
1964,2015
1965,2017
1977,2065
1976,2040
1999,2055
2007,2075
2015,2021
2023,2057
2029,2060
2045,2065
2054,2073
2067,2063
2084,2005
2083,2041
2100,2032
2116,2063
2117,2040
2131,2071
2139,2031
2152,2017
2155,2056
2173,2043
2167,2031
2187,2037
2199,2061
2193,2058
2199,2055
2211,2077
2216,2037
2221,2027
2224,2036
2217,2009
2219,2028
2230,2041
2224,2069
2217,2025
2223,2041
2214,2076
2208,2019
2197,2073
2200,2027
2187,2008
2176,2053
2167,2077
2165,2027
2160,2047
2152,2047
2138,2048
2129,2019
2124,2045
2115,2009
2097,2007
2087,2011
2088,2059
2071,2017
2064,2009
2043,2059
2039,2029
2019,2040
2016,2063
2003,2021
2004,2062
1989,2041
1975,2056
1965,2065
1964,2068
1964,2056
1953,2068
1950,2065
1950,2027
1949,2040
1949,2080
1941,2041
1942,2070
1946,2063
1948,2036
1948,2040
1948,2074
1953,2021
1949,2067
1963,2017
1963,2027
1965,2021
1973,2023
1979,2063
1992,2043
1992,2021
2012,2029
2007,2070
2021,2037
2034,2027
2035,2017
2048,2067
2068,2065
2068,2036
2074,2052
2091,2022
2099,2041
2107,2044
2121,2042
2119,2071
2132,2072
2139,2067
2152,2060
2159,2063
2156,2019
2172,2067
2186,2051
2188,2063
2187,2017
2198,2019
2189,2063
2201,2064
2206,2060
2207,2044
2207,2017
2203,2029
2199,2055
2207,2041
2195,2038
2201,2055
2197,2053
2191,2084
2179,2012
2183,2070
2169,2040
2164,2072
2157,2079
2143,2040
2140,2075
2131,2034
2121,2057
2118,2010
2104,2040
2097,2080
2094,2008
2081,2068
2069,2047
2073,2072
2065,2032
2053,2008
2039,2027
2030,2044
2022,2095
2015,2019
2008,2072
1995,2037
1996,2041
1989,2019
1979,2068
1979,2063
1966,2028
1973,2043
1969,2017
1971,2055
1968,2060
1960,2068
1961,2039
1968,2044
1954,2043
1972,2021
1961,1993
1967,2075
1965,2011
1970,2015
1967,2063
1971,2084
1963,2065
1972,2042
1981,2041
1981,2073
1980,2060
1985,2041
1991,2060
1994,2023
2004,2024
2008,2079
2015,2058
2009,2025
2030,2055
2029,2041
2047,2068
2047,2063
2059,2027
2067,2025
2079,2068
2087,2001
2099,2040
2108,2073
2115,2019
2130,2042
2135,2039
2137,1995
2148,2035
2155,2042
2159,2071
2163,2020
2169,2051
2167,2071
2174,2030
2166,2019
2184,2056
2184,2047
2184,2080
2173,2042
2185,2032
2173,2074
2181,2066
2171,2054
2165,2064
2156,2063
2159,2073
2151,2068
2145,2075
2135,2033
2123,2073
2123,2055
2106,2085
2099,2029
2092,2059
2073,2039
2063,2007
2056,2065
2043,2039
2033,2054
2021,2053
2003,2025
2008,2036
1980,2063
1984,2089
1967,2051
1960,2065
1952,2080
1943,2033
1941,2047
1933,2043
1931,2035
1932,2018
1920,2053
1915,2078
1928,2033
1923,2023
1917,2074
1915,2019
1913,1991
1924,2080
1927,2059
1940,2017
1931,2043
1949,2068
1953,2071
1963,2054
1970,2081
1977,2033
1991,2036
2008,2080
2014,2058
2021,2060
2035,2019
2051,2071
2055,2072
2071,2055
2069,2075
2085,2072
2099,2060
2099,2040
2115,2048
2123,2040
2135,2056
2133,2071
2140,2063
2157,2060
2148,2042
2163,2011
2173,2058
2176,2056
2185,2026
2192,2031
2192,2040
2195,2056
2197,2067
2205,2033
2204,2035
2197,2072
2193,2066
2197,2045
2195,2054
2189,2066
2184,2011
2165,2076
2170,2056
2162,2024
2149,2072
2148,2023
2141,2036
2136,2029
2119,2071
2120,2074
2103,2045
2095,2053
2093,2058
2090,2071
2073,2027
2071,2066
2065,2063
2051,2059
2042,2033
2033,2058
2027,2080
2017,2019
2005,2027
1988,2033
1988,2078
1979,2027
1981,2034
1967,2027
1945,2073
1953,2064
1947,2057
1943,2032
1947,2053
1943,2051
1941,2030
1937,2036
1946,2063
1946,2059
1945,2043
1948,2069
1951,2068
1950,2048
1953,2080
1955,2072
1960,2076
1957,2040
1962,2068
1975,2076
1975,2060
1977,2059
1999,2079
1995,2031
2007,2080
2007,2063
2019,2024
2018,2001
2024,2066
2039,2040
2056,2039
2071,2015
2075,2080
2078,2067
2083,2021
2096,2036
2101,2033
2108,2063
2101,2027
2122,2043
2127,2023
2138,2066
2141,2062
2145,2064
2146,2068
2147,2060
2160,2015
2156,2011
2160,2060
2164,2063
2167,2031
2173,2048
2179,2065
2169,2033
2172,2023
2168,2051
2173,2056
2167,2073
2154,2041
2161,2015
2155,2007
2155,2043
2137,2020
2131,2065
2126,2001
2125,2072
2120,2072
2116,2091
2091,2029
2096,2055
2088,2011
2073,2027
2063,2007
2063,2023
2060,2067
2042,2077
2032,2080
2033,2046
2024,2035
2017,2021
2015,2007
2011,2063
2000,2045
1997,2056
1987,2080
1976,2044
1971,2040
1961,2072
1971,2071
1964,2068
1953,2057
1951,2027
1960,2038
1953,2056
1957,2027
1960,2044
1952,2055
1959,1996
1962,2063
1955,2081
1961,1995
1969,2043
1967,2043
1979,2035
1983,2074
1989,2044
1996,2039
1995,2038
1995,2072
2004,2052
2002,2040
2016,2001
2024,2027
2028,2038
2031,2079
2041,2054
2041,2042
2056,2001
2067,2029
2072,2032
2079,2041
2077,2029
2089,2043
2097,2027
2100,2056
2115,2003
2127,2075
2136,2066
2141,2037
2139,2046
2155,2047
2158,2027
2165,2031
2169,2055
2169,2029
2169,2023
2172,2007
2178,2060
2177,2053
2175,2015
2175,2030
2176,2071
2167,2055
2156,2051
2161,2095
2161,2012
2160,2071
2154,2069
2140,2033
2152,2063
2143,2063
2136,2075
2130,2020
2124,2040
2112,2003
2113,2080
2100,2035
2092,2048
2087,2073
2077,2052
2057,2033
2053,2063
2043,2074
2039,2040
2030,2037
2023,2019
2012,2037
1997,2023
2000,2039
1983,2073
1983,2060
1987,2079
1973,2039
1965,2088
1968,2045
1961,2070
1969,2063
1963,2035
1951,2027
1961,2060
1961,2068
1957,2035
1959,2042
1959,2028
1971,2044
1971,2036
1963,2035
1978,2048
1984,2046
1987,2064
1993,2039
1995,2035
2009,2043
2020,2027
2017,2019
2021,2022
2043,2029
2046,2040
2063,2060
2072,2005
2081,2043
2094,2065
2096,2040
2097,2009
2107,2053
2121,2025
2129,2039
2135,2041
2137,2033
2157,1995
2157,2023
2168,2035
2176,2039
2171,2044
2187,2067
2196,2057
2204,2056
2204,2048
2212,2025
2203,2021
2201,2005
2219,2027
2209,2076
2199,2056
2199,2023
2193,2054
2193,2067
2183,2042
2186,2067
2179,2033
2169,2096
2157,2072
2155,2042
2147,2054
2145,2043
2126,2069
2129,2019
2115,2063
2114,2039
2098,2024
2091,2042
2087,2003
2078,2041
2072,2068
2064,2035
2045,2056
2038,2048
2033,2065
2026,2038
2018,2056
2007,2080
2003,2059
2000,2066
1992,2080
1984,2011
1981,2005
1964,2044
1973,2057
1970,2032
1966,2040
1969,2069
1971,2028
1971,2063
1969,2029
1965,2019
1975,2068
1967,2039
1976,2056
1982,2007
1988,2077
1992,2064
1993,2027
2003,2073
2008,2028
2008,2051
2016,2072
2023,2026
2024,2024
2036,2033
2040,2015
2053,2068
2063,2021
2067,2079
2071,2008
2081,2048
2088,2035
2099,2024
2104,2017
2112,2021
2109,2088
2135,2007
2136,2024
2142,2040
2148,2071
2156,2013
2160,2043
2161,2063
2167,2023
2168,2055
2170,2069
2183,2063
2189,2018
2186,2076
2181,2053
2183,2043
2196,2030
2180,2021
2184,1995
2182,2055
2163,2077
2171,2063
2172,2072
2159,2023
2151,2035
2156,2039
2139,2007
2135,2069
2123,2056
2125,2053
2119,2015
2112,2075
2099,2039
2104,2015
2091,2036
2079,2033
2071,2072
2072,2055
2057,2025
2058,2056
2039,2072
2033,2080
2027,2063
2015,2081
2009,2084
2008,2037
1999,2019
1995,2063
1980,2044
1976,2055
1982,2057
1967,2024
1963,2029
1965,2029
1970,2076
1961,2043
1963,2013
1956,2048
1969,2035
1968,2047
1972,2008
1961,1987
1965,2072
1979,2055
1988,2027
1984,2040
1976,1995
1997,2038
1995,2020
2005,2025
2016,2064
2017,1993
2028,2027
2032,2077
2041,2020
2047,2067
2054,2017
2056,2037
2075,2061
2084,2066
2088,2019
2088,2015
2092,2001
2105,2008
2112,2025
2124,2080
2130,2024
2139,2058
2131,2059
2152,2036
2161,2039
2167,2076
2164,2013
2183,2047
2180,2072
2183,2031
2185,2067
2199,2069
2199,2027
2199,2053
2200,2055
2204,2041
2200,2035
2199,2056
2197,2067
2200,2085
2185,2035
2189,2076
2184,2072
2182,2011
2179,2044
2167,2017
2164,2088
2153,2026
2160,2079
2152,2080
2136,2023
2137,2048
2128,2055
2120,2046
2108,2024
2097,2028
2098,2064
2085,2023
2069,2040
2072,2027
2060,2040
2060,2053
2039,2037
2043,2011
2028,2011
2027,2060
2020,2027
2013,2068
2009,2029
1997,2075
2000,2017
1998,2064
1999,2079
1996,2070
1994,2027
1980,2017
1980,2060
1976,2023
1990,2027
1988,2031
1984,2067
1987,2056
1989,2063
1991,2034
1998,2056
2006,2076
2007,2011
2015,2042
2019,2035
2025,2035
2031,2068
2026,2035
2037,2057
2056,2044
2053,2019
2063,2067
2072,2056
2072,2063
2085,2017
2103,2066
2104,2043
2101,2057
2122,2001
2128,2008
2134,2076
2131,2055
2148,2071
2145,2041
2155,2026
2168,2039
2168,2034
2182,2025
2187,2079
2185,2043
2192,2023
2201,2048
2202,2021
2198,2040
2201,2066
2201,2041
2199,1990
2205,2078
2201,2083
2199,2060
2187,2074
2184,2044
2179,2025
2171,2056
2165,2088
2157,2056
2149,2033
2143,2088
2140,2074
2133,2051
2127,2027
2123,2041
2108,2064
2107,2041
2097,2047
2092,2048
2086,2076
2079,2095
2067,2038
2055,2021
2039,2056
2039,2011
2028,2072
2017,2073
2016,2063
2012,2070
1989,2040
1984,2072
1976,2055
1971,2028
1977,2040
1969,2029
1961,2040
1971,2083
1972,2036
1960,2027
1966,2051
1965,2036
1943,2047
1965,2053
1961,2023
1963,2025
1969,2060
1969,2075
1976,2061
1988,2027
1982,2040
1995,2036
1999,2019
2001,2036
2003,1987
2016,2069
2025,2080
2027,2072
2036,2040
2041,2064
2061,2051
2068,2040
2074,2074
2071,2063
2076,2054
2088,2036
2097,2019
2100,2071
2105,2033
2107,2055
2113,2048
2120,2060
2126,2026
2133,2032
2139,2056
2147,2025
2146,2063
2159,2043
2171,2069
2169,2085
2181,2036
2193,2032
2203,2044
2207,2027
2208,2075
2216,2056
2214,2019
2207,2055
2203,2075
2208,2066
2204,2037
2200,2037
2196,2039
2187,2043
2186,2065
2167,2063
2183,2060
2161,2065
2156,2093
2160,2072
2153,2020
2145,2027
2134,2029
2136,2032
2121,2059
2112,2066
2109,2061
2099,2039
2084,2051
2084,2060
2065,2001
2063,2063
2041,2024
2036,2012
2021,2071
2012,2022
1999,2037
2003,2024
1988,2034
1983,2056
1971,2043
1968,2038
1963,2067
1950,2045
1948,2024
1938,2021
1928,2047
1919,2003
1911,2063
1908,2053
1898,2023
1888,2068
1899,2003
1900,2027
1895,1989
1904,2065
1914,2047
1907,2025
1915,2095
1932,2062
1936,2028
1939,2019
1952,2069
1966,2034
1976,2074
1987,2053
1991,2033
1999,2027
2016,2070
2025,2011
2035,2028
2053,2070
2066,2027
2071,2037
2081,2048
2101,2040
2112,2027
2131,2044
2159,2025
2149,2044
2155,2008
2175,2042
2189,2027
2196,2060
2208,2043
2212,2009
2209,2037
2217,2039
2217,2066
2221,2088
2209,2019
2209,2012
2210,2059
2206,2032
2204,2017
2199,2058
2186,2019
2179,2079
2168,2030
2159,2003
2148,2068
2141,2021
2119,2042
2109,2071
2100,2025
2092,2080
2080,2067
2063,2063
2044,2004
2036,2042
2027,2037
2007,2066
1999,2068
1979,2039
1973,2022
1960,2029
1949,2064
1942,2025
1929,2067
1913,2048
1902,2063
1899,2071
1893,2072
1888,2065
1887,2051
1892,2029
1899,2069
1895,2036
1895,2025
1916,2037
1907,2074
1917,2037
1929,2080
1927,2015
1946,2059
1952,2063
1961,2041
1969,2059
1989,2035
1989,2045
2004,2068
2005,2080
2025,2076
2034,2045
2051,2027
2053,2027
2063,2059
2079,2039
2083,2071
2104,2082
2107,2054
2117,2071
2135,2001
2135,2059
2149,2075
2157,2072
2168,2075
2183,2040
2194,2039
2193,2017
2212,2043
2220,2053
2227,2063
2232,2021
2232,2036
2231,2022
2235,2040
2239,2044
2237,2031
2234,2067
2233,2019
2231,2025
2231,2027
2228,2059
2221,2075
2215,2063
2209,2019
2208,2073
2198,2015
2192,2043
2183,2038
2167,2055
2157,2029
2147,2011
2151,2037
2131,2008
2124,2029
2106,2047
2097,2054
2089,2025
2076,2027
2069,2080
2051,2034
2035,2052
2021,2035
2010,2072
2006,2036
1979,2039
1979,2027
1980,2061
1974,2053
1963,1995
1959,2078
1951,2041
1952,2055
1943,2009
1947,2021
1941,2077
1951,2039
1941,2011
1951,2048
1955,2040
1943,2011
1947,2012
1949,2027
1960,2026
1957,2042
1966,2057
1963,2064
1977,2064
1980,2068
1992,2065
2005,2056
2005,2025
2024,2047
2032,2032
2034,2056
2053,2021
2068,2045
2074,2037
2069,2059
2089,2040
2099,2022
2099,2060
2110,2053
2109,2056
2120,2055
2124,2038
2123,2063
2131,2035
2131,2007
2135,2024
2137,2022
2147,2057
2155,2043
2152,2075
2151,2028
2155,2033
2160,2061
2171,2035
2169,2024
2178,2023
2176,2021
2175,2048
2161,2048
2163,2066
2165,2063
2157,2058
2160,2033
2150,2044
2147,2068
2141,2033
2138,2056
2131,2040
2132,2039
2118,2017
2105,2019
2116,2056
2103,2068
2085,2057
2099,2044
2096,2026
2085,2070
2091,2091
2084,2048
2080,2037
2077,2079
2070,2007
2069,2063
2063,2039
2055,2019
2051,2027
2042,2057
2039,2041
2030,2063
2033,2064
2025,2077
2015,2065
2013,2056
2005,2040
2008,2069
2003,2043
2011,2048
1999,2015
2008,2060
2012,2017
2005,2007
2005,2063
2008,2043
2002,2031
1998,2095
1999,2029
2007,2040
2004,2042
2008,2065
2003,2033
2000,2011
1999,2009
2010,2076
2003,2073
2009,2025
2005,2011
2008,2067
2011,2056
2027,2058
2025,2034
2029,2041
2044,2072
2041,2035
2060,2013
2071,2043
2075,2024
2083,2029
2092,2024
2100,2017
2111,2072
2119,2040
2117,2019
2131,2021
2140,2025
2152,2019
2158,2044
2153,2048
2164,2076
2179,2080
2188,2015
2199,2019
2201,2035
2212,2066
2211,2066
2216,2041
2226,2021
2226,2064
2227,2056
2221,2037
2235,2029
2224,2027
2223,2056
2227,2011
2222,2063
2214,2072
2201,2072
2201,2072
2193,2021
2186,2064
2172,2019
2171,2059
2160,2039
2159,2037
2141,2063
2135,2025
2131,2037
2125,2076
2108,2073
2098,1997
2087,2056
2078,2021
2072,2019
2057,2045
2048,2046
2041,2029
2029,2058
2007,2075
1995,2025
1997,2068
1987,2071
1968,2040
1971,2035
1969,2063
1960,2029
1955,2037
1956,2040
1943,2033
1948,2071
1943,2017
1949,2094
1945,2034
1949,2053
1943,2019
1960,2040
1964,2072
1968,2016
1971,2038
1975,2035
1984,2065
1992,2042
1988,2044
1997,2072
2007,2007
2016,2030
2022,2065
2032,1975
2039,2019
2057,2027
2063,2080
2069,2018
2083,2071
2090,2034
2095,2037
2107,2063
2117,2023
2129,2029
2143,2076
2152,2063
2165,2056
2172,2048
2184,2064
2181,2065
2191,2033
2196,2090
2204,2056
2200,2027
2203,2040
2203,2039
2212,2056
2187,2043
2205,2033
2200,2065
2199,2073
2195,1989
2190,2040
2173,2040
2179,2067
2169,2035
2162,2041
2161,2072
2150,2025
2144,2037
2131,2040
2117,2029
2112,2048
2107,2041
2097,2048
2088,2035
2077,2009
2056,2007
2060,2076
2021,2055
2021,2072
2015,2020
2014,2071
2009,2037
2003,2069
1979,2072
1973,2037
1975,2025
1960,2063
1960,2060
1947,2057
1944,2001
1944,2066
1939,2035
1941,2040
1929,2065
1943,2028
1944,2080
1939,2065
1939,2015
1949,2038
1946,2015
1944,2039
1956,2040
1955,2065
1968,2062
1960,2059
1968,2048
1973,2041
2000,2033
2001,2045
2009,2034
2007,2063
2026,2077
2029,2040
2046,2076
2055,2065
2063,2046
2069,2027
2076,2029
2092,2048
2094,2063
2109,2007
2117,2001
2131,2035
2129,2057
2139,2037
2143,2052
2155,2043
2171,2032
2175,2063
2183,2037
2187,2029
2195,2058
2196,2043
2202,2048
2204,2027
2199,2080
2201,2051
2208,2061
2211,2022
2203,2030
2207,2037
2202,2080
2203,2054
2196,2020
2187,2055
2184,2068
2174,2052
2168,2025
2155,2059
2153,2008
2140,2024
2136,2067
2124,2071
2121,2033
2099,2026
2103,2071
2094,2022
2079,2067
2074,2066
2070,2067
2057,2048
2031,2029
2024,2051
2023,2063
2016,2067
1997,2024
1999,2048
2001,2045
1979,2080
1975,2015
1965,2029
1968,2070
1958,2043
1960,2079
1956,2031
1950,2056
1951,2071
1945,2018
1948,2067
1944,2040
1951,2048
1959,2044
1961,2063
1959,1995
1963,2009
1980,2074
1992,2072
1992,2043
1992,2041
1999,2039
2008,2042
2012,2021
2013,2075
2028,2044
2038,2025
2042,2057
2053,2076
2063,2043
2075,2063
2086,2029
2096,2080
2104,2030
2103,2043
2109,2055
2120,2027
2129,2063
2139,2019
2137,2007
2151,2043
2155,2015
2161,2085
2161,2037
2176,2004
2188,2035
2196,2062
2196,2058
2196,2068
2202,2033
2200,2017
2200,2028
2204,2068
2191,2038
2193,2039
2194,2039
2189,2041
2176,2041
2165,2033
2157,2043
2156,2034
2152,2064
2141,2035
2129,2053
2123,2055
2119,2011
2099,2015
2100,2068
2089,2080
2082,2071
2066,2053
2063,2025
2045,2071
2019,2039
2024,2048
2009,2019
2003,2078
1994,2024
1999,2071
1977,2041
1982,2025
1969,2080
1959,2056
1958,2066
1941,2027
1945,2011
1939,2064
1938,2041
1940,2072
1932,2035
1935,2067
1937,2040
1931,2067
1929,2023
1939,2040
1938,2040
1943,2023
1941,2033
1939,2082
1953,2033
1945,2025
1955,2077
1963,2047
1957,2001
1976,2042
1982,2044
1992,2077
1993,2063
2005,2009
2017,2073
2011,2016
2023,2073
2033,2033
2033,2017
2045,2040
2053,2019
2066,2043
2063,2047
2071,2060
2079,2084
2088,2042
2085,2029
2093,2064
2104,2093
2109,2046
2112,2037
2112,2077
2117,2040
2128,2020
2133,2040
2139,2030
2135,2055
2145,2079
2139,2011
2145,2055
2153,2073
2140,2058
2153,2019
2154,2023
2157,2028
2156,2040
2151,2076
2144,2011
2138,2068
2145,2054
2144,2017
2133,2082
2131,2083
2135,2054
2136,2063
2127,2084
2133,2021
2120,2068
2120,2017
2118,2040
2105,2041
2104,2063
2099,2023
2089,2043
2094,2056
2087,2076
2080,2047
2075,2084
2072,2063
2064,2061
2063,2051
2053,2044
2048,2065
2037,2041
2038,2047
2032,2074
2019,2043
2015,2071
2015,2013
2019,2043
2015,2065
2015,2077
2013,2056
2015,2075
2013,2068
2009,2029
2007,2039
2003,2067
2006,2012
2007,2059
2003,2019
2003,2030
2019,2073
2018,2055
2013,2029
2018,2041
2023,2003
2027,2038
2034,2032
2035,2035
2039,2048
2044,2044
2035,2035
2055,2033
2056,2067
2067,2025
2071,2043
2079,2055
2080,2028
2084,2025
2080,2035
2105,2040
2093,2023
2103,2013
2103,2061
2108,2055
2115,2040
2127,2055
2123,2033
2138,2005
2133,2011
2136,2033
2145,2035
2152,2042
2147,2027
2156,2031
2160,2039
2159,2065
2153,1993
2160,2044
2158,2078
2149,2028
2156,2015
2153,2091
2153,2075
2144,2018
2148,2035
2138,2035
2124,2048
2130,2057
2125,2008
2121,2041
2112,2054
2106,2019
2107,2011
2095,2048
2087,2058
2073,2057
2068,2009
2067,2055
2061,2071
2051,2019
2038,2073
2025,2009
2025,2078
2016,2035
2010,2082
2000,2019
1981,2041
1981,2021
1975,2073
1977,2065
1963,2021
1963,2068
1960,2045
1957,2076
1952,2035
1950,2033
1951,2032
1947,2029
1948,2063
1946,2042
1943,2031
1945,2063
1956,2030
1944,2043
1959,2011
1962,2068
1961,2044
1967,2071
1970,2069
1976,2067
1979,2008
1984,2075
1997,2041
2010,2079
2012,2046
2024,2069
2028,2074
2032,2044
2040,2035
2055,2042
2071,2023
2077,2041
2083,2063
2092,2048
2103,2042
2112,2023
2121,2021
2123,2056
2140,2025
2140,2039
2156,2040
2172,2073
2184,1995
2181,2037
2195,2036
2200,2035
2200,2067
2207,2024
2208,2037
2211,2017
2225,2072
2210,2025
2218,2040
2213,2025
2208,2080
2215,2039
2207,2066
2202,2048
2197,2072
2189,2071
2185,2070
2168,2051
2168,2057
2167,2091
2152,2019
2137,2063
2144,2026
2129,2023
2125,2070
2113,2039
2106,2069
2091,2046
2091,2077
2071,2009
2065,2072
2053,2037
2038,2015
2027,2025
2031,2035
2015,2063
2011,2077
1996,2029
1992,2035
1982,2010
1976,2062
1972,2029
1963,2023
1965,2039
1968,2044
1955,2028
1963,2073
1953,2027
1960,2063
1959,1995
1953,2040
1960,2027
1972,2056
1968,2023
1962,2037
1977,2088
1973,2074
1987,2045
1981,2037
1996,2012
2011,2068
2017,2020
2024,2021
2028,2063
2025,2013
2046,2033
2063,2024
2063,2039
2071,2063
2080,2052
2092,2053
2089,2060
2109,2037
2105,2021
2121,2025
2135,2068
2142,2005
2148,2020
2152,2068
2161,2037
2168,2037
2163,2025
2185,2046
2188,2026
2185,2056
2193,2071
2191,2056
2200,2034
2199,2045
2201,2058
2185,2015
2200,2063
2196,2036
2192,2040
2187,2036
2183,2059
2174,1995
2157,2053
2167,2004
2152,2057
2145,2045
2143,2059
2132,2035
2120,2071
2120,2051
2110,2081
2103,2069
2095,2032
2085,2043
2079,2041
2065,2017
2061,2065
2037,2042
2039,2063
2027,2039
2027,2044
2009,2027
1997,2071
2000,2044
1987,2057
1980,2029
1979,2065
1967,2042
1963,2041
1961,2071
1951,2033
1954,2044
1947,2068
1952,2063
1947,2059
1945,2053
1952,2047
1948,2076
1945,2025
1954,2076
1949,2040
1959,2030
1960,2059
1960,2045
1973,2077
1974,2015
1972,2080
1977,2072
1987,2066
1989,2043
1995,2021
2004,2076
2013,1991
2019,2052
2024,2072
2025,2028
2040,2063
2053,2033
2057,2039
2055,2013
2070,2069
2076,2079
2085,2043
2087,2080
2097,2057
2105,2071
2104,2012
2115,2070
2116,2051
2120,2040
2138,2027
2144,2072
2143,2042
2143,2068
2152,1996
2159,2033
2155,2019
2164,2041
2163,2039
2163,2053
2161,2043
2155,2080
2164,2027
2155,2033
2155,2066
2155,2037
2152,2056
2147,2038
2141,2027
2138,2070
2129,2079
2128,2001
2120,2053
2114,2055
2103,2064
2099,2043
2093,2062
2088,2057
2087,2037
2073,2071
2067,2035
2045,2032
2052,2048
2037,2079
2020,2096
2017,2074
2009,2021
2008,2005
2005,2060
2004,2053
2000,2061
1996,2078
1987,2068
1973,2067
1979,2027
1976,2022
1981,2055
1975,2042
1977,2024
1978,2044
1970,2035
1975,2027
1961,2045
1962,2069
1964,2035
1968,2046
1965,2024
1972,2074
1975,2021
1982,2067
1996,2068
1992,2082
2007,2035
2001,2063
2020,2063
2030,2057
2032,2067
2035,2032
2044,2039
2056,2057
2063,2068
2074,2080
2088,2087
2087,2056
2094,2037
2103,2032
2120,2063
2121,2011
2130,2020
2144,2010
2139,2020
2158,2039
2168,2044
2182,2058
2184,2063
2194,2064
2200,2064
2211,2052
2222,2035
2227,2046
2229,2070
2234,2019
2235,2030
2233,2056
2235,2044
2232,2036
2224,2067
2217,2073
2219,2063
2211,2037
2207,2042
2192,2015
2181,2017
2172,2044
2164,2003
2147,2017
2139,2039
2129,2019
2120,2054
2107,2028
2103,2039
2095,2011
2073,1996
2063,2007
2058,2062
2052,2040
2040,2003
2027,2044
2016,2079
1995,2065
1993,2012
1984,2036
1978,2054
1967,2035
1967,2040
1953,2039
1951,2026
1949,2070
1929,2057
1939,2021
1933,2066
1939,2043
1937,2039
1947,1994
1944,2063
1952,2042
1953,2021
1960,2068
1968,2048
1971,2088
1977,2068
1981,2029
1989,2067
2004,2068
2003,2048
2020,2033
2032,2043
2029,2075
2043,2074
2057,2067
2070,2040
2077,2042
2080,2004
2090,2044
2103,2005
2095,2064
2115,2033
2119,2045
2127,2031
2125,2092
2131,2044
2143,2037
2143,2035
2139,1993
2151,2017
2149,2011
2153,2069
2162,2012
2166,2029
2163,2063
2161,2040
2172,2080
2172,2066
2165,2027
2172,2041
2165,2069
2169,2020
2166,2056
2179,2042
2157,2035
2163,2056
2160,2065
2149,2057
2151,2043
2156,2024
2146,2048
2147,2057
2135,2045
2136,2071
2135,2075
2134,2092
2124,2039
2117,2063
2120,2089
2120,2023
2109,2045
2099,2019
2107,2034
2095,2048
2093,2025
2091,2041
2089,2041
2088,2040
2071,2075
2075,2044
2072,2056
2044,2033
2067,2045
2057,2029
2056,2059
2047,2069
2047,2072
2037,2053
2035,2041
2042,2072
2042,2021
2035,2011
2040,2042
2034,2025
2032,2042
2029,2029
2036,2067
2040,2057
2041,2011
2045,2043
2040,2013
2057,2048
2055,2058
2043,2019
2065,2067
2054,2012
2071,2068
2071,2081
2075,2072
2070,2033
2083,2052
2087,2069
2092,2071
2090,2067
2107,2039
2112,2079
2107,2011
2133,2048
2127,2043
2139,2063
2140,2009
2148,2048
2147,2039
2149,2029
2163,2021
2155,2080
2170,2027
2173,2063
2189,2039
2196,2042
2200,2037
2205,2054
2204,2028
2200,2024
2208,2045
2208,2015
2209,2055
2208,2025
2207,2069
2214,2029
2201,2031
2207,2013
2205,2092
2195,1994
2196,2035
2195,2045
2181,2072
2187,2013
2171,2065
2163,1997
2161,2057
2160,2007
2157,2039
2145,2065
2145,2060
2133,2023
2124,1991
2125,2075
2103,2025
2108,2063
2087,2023
2088,2032
2075,2026
2067,2059
2058,2019
2051,2080
2040,2095
2036,2047
2029,2056
2020,2067
2008,2039
2007,2017
2005,2063
1994,2075
1997,2034
1995,2048
1988,2067
1981,2031
1980,2033
1987,2022
1978,1993
1975,2079
1971,2004
1976,2063
1974,2066
1976,2029
1982,2007
1984,2056
1980,2043
1980,2072
1981,2066
2000,2066
1997,2021
2008,2045
2009,2043
2015,2020
2028,2061
2025,2017
2027,2053
2044,2063
2042,2015
2063,2070
2072,2011
2067,2041
2086,2053
2088,2033
2099,2035
2105,2035
2108,2040
2123,2024
2134,2079
2148,2040
2151,2037
2147,2019
2163,2052
2167,2020
2175,2067
2173,2028
2188,2043
2188,2024
2194,2071
2195,2068
2189,2040
2187,2028
2183,2041
2191,2059
2194,2053
2184,2075
2184,2035
2172,2047
2168,2054
2166,2012
2153,2064
2145,2063
2141,2056
2131,2033
2128,2067
2115,2057
2105,2021
2093,2076
2087,2005
2080,2063
2069,2040
2063,2064
2054,2040
2029,2083
2028,2068
2018,2080
2008,2035
1991,2093
1983,2071
1980,2063
1976,2055
1960,2048
1952,2074
1950,2041
1940,2063
1933,2023
1932,2064
1931,2076
1925,2039
1933,2088
1918,2035
1930,2084
1917,2038
1920,2063
1927,2021
1925,2071
1927,2025
1939,2059
1943,2070
1947,2061
1956,2072
1955,2007
1965,2032
1979,2059
1989,2054
1995,2025
1997,2015
2008,2087
2011,2025
2028,2063
2038,2065
2042,2053
2055,2039
2071,2084
2073,2024
2075,2007
2093,2029
2093,2021
2105,2040
2112,2021
2123,2083
2126,2042
2125,2035
2148,2020
2152,2017
2152,2037
2153,2005
2168,2089
2167,2035
2169,2063
2171,2019
2172,2043
2181,2043
2169,2054
2172,2038
2169,2079
2167,2041
2157,2038
2151,2032
2160,2071
2148,2076
2141,2017
2143,2025
2139,2006
2135,2051
2119,2024
2107,2087
2106,2035
2098,2059
2090,2063
2091,2071
2075,2003
2067,2033
2041,2055
2048,2043
2040,2035
2029,2019
2024,2044
2003,2044
2002,2053
1999,2020
1992,2063
1984,2029
1978,2084
1973,2024
1958,2059
1952,2072
1953,2039
1944,2088
1945,2066
1942,2045
1938,2063
1933,2080
1947,2045
1937,2067
1944,2046
1944,2072
1941,2043
1938,2058
1941,2021
1943,2095
1948,2021
1949,2024
1956,2035
1961,2047
1958,2015
1969,2059
1971,2044
1977,2019
1984,2067
1996,2015
2000,2032
2003,2066
2013,2030
2011,2068
2021,2009
2027,2057
2040,2063
2043,2056
2042,2078
2065,2046
2070,2072
2071,2027
2080,2045
2087,2039
2097,2028
2109,2063
2111,2033
2125,2024
2125,2029
2130,2045
2131,2023
2140,2029
2136,2041
2140,2071
2150,1987
2156,2023
2148,2056
2159,2043
2156,2044
2155,2078
2152,2048
2155,2022
2139,2027
2143,2056
2138,2075
2127,2068
2132,2072
2119,2012
2115,2069
2104,2029
2106,2085
2091,2048
2088,2017
2073,2079
2078,2080
2065,1997
2065,2039
2046,2040
2036,2040
2029,2056
2025,2056
2017,2080
2012,2025
2000,2072
1994,2058
1977,2065
1980,2043
1973,2030
1961,2022
1959,2080
1960,2037
1943,2039
1951,2054
1947,2040
1948,2058
1943,2020
1947,2071
1945,2025
1937,2046
1939,2015
1950,2087
1940,2084
1948,2051
1960,2063
1951,2029
1965,2032
1976,1983
1971,2077
1977,2055
1979,2077
1992,2053
1993,2080
2012,2075
2018,2040
2025,2079
2025,2023
2039,2037
2048,2080
2054,2081
2063,2067
2076,2012
2080,2040
2089,1995
2091,2046
2099,2021
2101,2030
2107,2069
2130,2056
2123,2030
2135,2035
2151,2041
2157,2017
2170,2067
2172,2076
2185,2019
2183,2015
2197,2040
2187,2027
2197,2044
2197,2068
2199,2046
2195,2055
2191,2027
2192,2073
2188,2069
2183,2017
2183,2040
2183,2088
2175,2038
2164,2093
2160,2080
2149,2036
2144,2059
2143,2040
2125,2075
2123,2021
2103,2055
2102,2024
2087,2063
2080,2072
2071,2046
2067,2008
2043,2051
2036,2056
2024,2104
2016,2046
1999,2021
1992,2080
1982,2011
1973,2019
1968,2077
1949,2017
1956,2054
1945,2073
1947,2042
1943,2084
1939,2065
1943,2017
1939,2064
1930,2021
1947,2066
1929,2015
1931,2056
1936,2065
1935,2040
1938,2048
1939,2009
1939,2059
1951,2059
1947,2077
1945,2003
1955,1993
1960,2013
1971,2071
1987,2026
1994,2048
1989,2026
1991,2033
1997,2011
2010,2092
2020,2045
2008,2048
2035,2021
2033,2068
2043,2042
2039,2005
2067,2047
2072,2042
2067,2021
2077,2046
2084,2041
2093,2029
2091,2015
2096,2071
2104,2033
2107,2046
2110,2019
2110,2023
2116,2043
2122,2001
2119,2068
2119,2017
2124,2005
2119,2017
2124,2060
2119,2033
2123,2015
2121,2072
2121,2030
2120,1999
2118,2077
2118,2063
2115,2024
2121,2009
2123,2088
2123,2048
2119,2025
2119,2079
2120,2032
2101,2076
2112,2062
2109,2040
2097,2065
2096,2027
2099,2055
2081,2015
2084,2046
2063,2037
2070,2048
2063,2072
2063,2084
2044,2046
2041,2040
2032,2103
2035,2067
2025,2042
2021,2065
2013,2071
2001,2033
1996,2056
1987,2019
1975,2087
1982,2065
1976,2060
1966,2065
1959,2056
1962,2068
1958,2029
1954,2068
1939,2063
1939,2035
1939,2071
1937,2020
1936,2056
1932,2028
1937,2025
1945,2074
1945,2055
1951,2019
1946,2029
1960,2017
1963,2041
1975,2075
1969,2039
1977,2037
1997,2029
1999,2055
2013,2063
2009,2072
2022,2044
2025,2035
2029,2021
2051,2022
2065,2043
2063,2028
2075,2071
2090,2055
2101,2051
2089,2025
2121,2040
2133,2035
2136,2013
2156,2057
2153,2072
2172,2032
2184,2034
2185,2037
2191,2041
2201,2048
2201,2066
2202,2019
2202,2079
2193,2025
2199,2040
2197,2044
2190,2073
2181,2044
2184,2047
2167,2024
2171,2040
2157,2056
2147,2027
2137,2044
2136,2035
2125,2048
2124,2076
2107,2025
2105,2025
2096,2058
2083,2018
2080,2063
2071,2069
2060,2059
2040,2020
2027,2068
2015,2029
2015,2045
2004,2072
1993,2061
1981,2063
1968,2036
1956,2017
1944,2023
1928,2020
1931,2063
1929,2039
1913,2023
1907,2048
1913,2067
1905,2043
1899,2054
1901,2034
1902,2008
1903,2080
1904,2053
1911,2033
1908,2033
1909,2029
1915,2047
1915,2019
1924,2003
1913,2035
1933,2037
1936,2084
1937,1995
1948,2028
1952,2024
1953,2009
1968,2005
1965,2030
1989,2005
1989,2077
2003,2024
2011,2063
2027,2015
2039,2007
2043,2027
2063,2020
2078,2010
2087,2043
2097,2055
2106,2023
2105,2034
2124,2060
2129,2017
2133,2056
2149,2027
2152,2015
2149,2063
2167,2047
2163,2023
2179,2043
2176,2042
2179,2025
2188,2071
2192,2061
2183,2067
2184,2040
2197,2046
2192,2051
2187,2065
2190,2019
2182,2037
2165,2011
2165,2057
2166,2076
2149,2068
2145,2079
2135,2021
2121,2040
2117,2076
2103,2063
2085,2002
2089,2060
2063,2063
2058,2066
2037,2041
2030,2041
2021,2039
2020,2025
1997,2041
2001,2039
1979,2015
1984,2056
1976,2041
1969,2038
1953,2031
1951,1991
1941,2079
1943,2063
1934,2019
1928,2064
1932,2046
1915,2027
1923,2043
1912,2071
1914,2040
1912,2038
1907,2039
1900,2024
1909,2075
1911,2080
1931,2035
1929,2025
1944,2036
1945,2059
1952,2040
1961,2079
1970,2043
1973,2017
1978,2044
1996,2035
1999,2060
2009,2005
2021,2052
2021,2038
2029,2023
2039,2088
2040,2009
2056,2029
2067,2071
2073,2001
2079,2017
2093,2084
2093,2029
2091,2006
2109,2035
2123,2009
2127,2028
2133,2033
2135,2044
2151,2063
2145,1981
2159,2076
2160,2047
2159,2024
2165,2033
2163,2044
2160,2024
2167,2008
2162,2021
2147,2073
2151,2068
2151,2058
2139,2008
2137,2057
2136,2024
2136,2001
2136,2088
2123,2037
2130,2047
2123,2058
2117,2058
2112,2056
2107,2037
2097,2034
2094,2072
2085,2096
2075,2022
2079,2096
2063,2031
2063,2065
2055,2071
2033,2035
2035,2071
2035,2055
2023,2065
2012,2051
2011,2021
2007,2038
2006,2056
2003,2054
2001,2071
1991,2026
1993,2039
1999,2041
1991,2029
1993,2068
1990,2067
1984,2015
1993,2044
1992,2045
1993,2040
1991,2066
1984,2063
1984,1992
1994,2076
1995,2035
1995,2069
1997,2029
1999,2017
2009,2073
2012,2033
2016,2075
2017,2017
2025,2035
2029,2056
2045,2096
2056,2019
2056,2074
2067,2039
2074,2021
2080,2019
2085,2019
2087,2056
2091,2011
2110,2039
2112,2043
2119,2043
2123,2067
2128,2059
2132,2037
2140,2057
2147,2063
2148,2070
2158,2033
2155,2056
2162,2007
2167,2069
2163,2030
2178,2041
2182,2037
2182,2057
2173,2043
2173,2027
2175,2025
2166,2007
2169,2015
2172,2021
2165,2027
2161,2038
2155,2024
2145,2041
2140,2073
2131,2071
2122,2035
2120,2035
2116,2043
2107,2036
2091,2064
2086,2037
2079,2063
2067,2073
2067,2045
2041,2055
2052,2071
2033,2037
2013,2062
2007,2059
2009,2056
1990,2025
1991,2021
1975,2007
1971,2068
1959,2039
1950,2066
1937,2067
1927,2023
1927,2028
1929,2063
1929,2072
1926,2029
1923,2032
1919,2033
1919,2029
1916,2077
1923,2071
1926,2059
1922,2048
1926,2017
1925,2035
1933,2063
1934,2064
1943,2080
1944,2027
1946,2043
1952,2043
1961,2025
1963,2035
1964,2063
1977,2077
1984,2077
1992,2088
1989,2076
2003,2067
2008,2019
2025,2083
2025,2005
2028,2055
2043,2015
2063,2071
2079,2089
2079,2029
2094,2072
2104,2043
2118,2052
2127,2033
2129,2005
2140,2039
2140,2009
2143,2015
2133,2021
2144,2019
2144,2071
2137,2040
2140,2028
2137,2056
2140,2027
2143,2029
2137,2061
2147,2068
2147,2036
2160,2057
2164,2039
2157,2068
2159,2043
2163,2065
2147,2063
2152,2032
2144,2042
2138,2048
2129,2027
2115,2012
2116,2032
2117,2057
2108,2059
2104,2062
2091,2041
2076,2091
2088,2087
2071,2029
2071,2036
2080,2059
2065,2071
2063,2068
2053,2077
2059,2040
2048,2040
2040,2019
2027,2059
2030,2058
2023,2063
2011,2021
2018,2036
2008,2015
2001,2023
1992,2056
1989,2055
1979,2048
1974,2044
1957,2029
1958,2067
1947,2039
1941,2053
1933,2009
1936,2076
1935,2047
1925,2028
1930,2064
1929,2069
1936,2054
1933,2017
1935,2068
1936,2032
1944,2033
1949,2055
1958,2086
1953,2066
1968,2027
1976,2079
1984,2048
1994,2060
1996,2035
2016,2046
2027,2023
2033,2018
2044,2020
2060,2009
2067,1995
2080,2060
2098,2019
2107,2019
2124,2030
2143,2048
2152,2068
2159,2033
2169,2021
2184,2072
2202,2007
2211,2075
2220,2056
2233,2044
2240,2021
2247,2019
2255,2071
2261,2015
2263,2011
2257,2063
2260,2003
2255,2030
2250,2077
2244,2056
2240,2078
2220,2063
2221,2037
2205,2019
2196,2041
2185,2074
2168,2032
2139,2063
2138,2036
2123,2063
2107,2071
2096,2091
2076,2065
2065,2063
2039,2023
2021,2024
2014,2056
1995,2037
1981,2067
1971,2078
1952,2018
1940,2063
1928,2056
1912,2041
1907,2066
1898,2019
1889,2071
1886,2033
1879,2005
1881,2038
1868,2031
1880,2076
1879,2038
1887,2071
1880,2078
1900,2068
1899,2031
1909,2035
1927,2029
1936,2092
1943,2027
1962,2060
1967,2039
1992,2036
1998,2028
2005,2005
2023,2045
2037,2066
2055,2037
2065,2019
2088,2069
2100,2019
2105,2020
2124,2071
2134,2036
2139,2043
2149,2043
2163,2043
2155,2035
2180,2059
2180,2051
2184,2036
2204,2047
2210,2054
2212,2056
2217,2064
2217,2023
2219,2065
2222,2082
2224,2055
2223,2045
2224,2039
2211,2009
2211,2053
2211,2022
2209,2035
2204,2082
2186,2031
2185,2037
2179,2036
2167,2072
2160,2019
2152,2053
2135,2063
2131,2057
2120,2040
2109,2063
2110,2059
2097,2048
2096,2027
2084,2038
2071,2035
2069,2075
2064,2037
2063,2065
2053,2028
2041,2043
2032,2038
2024,2044
2015,2063
2014,2075
2009,2024
1997,2066
1996,2035
1995,2036
1978,2073
1979,2061
1979,2040
1976,2068
1976,2071
1970,2042
1977,2046
1978,2067
1976,2044
1969,2033
1979,2059
1989,2041
1985,2047
1973,2023
1989,2064
1989,2043
1993,2067
1995,2011
2001,2057
2001,2031
2008,2027
2011,2027
2019,2054
2022,2076
2033,2017
2041,2063
2042,2068
2040,2020
2067,2048
2072,2028
2079,2035
2088,2071
2094,2001
2089,2017
2106,2080
2120,2079
2128,2061
2123,2028
2133,2043
2140,2058
2139,2027
2152,2063
2161,2080
2155,2042
2169,2029
2167,2047
2169,2056
2180,2027
2182,2040
2187,2060
2195,2060
2197,2053
2197,2063
2195,2015
2189,2027
2187,2071
2173,2058
2171,2040
2167,2035
2170,2079
2162,2024
2153,2063
2143,2035
2135,2038
2121,2066
2115,2041
2117,2068
2104,2063
2103,2072
2084,2031
2087,2039
2074,2072
2067,2036
2058,2078
2048,2068
2040,2071
2025,2035
2029,2027
2013,2060
2018,2019
2007,2063
1997,2057
1999,2011
1975,2067
1981,2076
1972,2073
1972,2056
1959,2063
1959,2063
1955,2037
1956,2075
1962,2077
1957,2025
1964,2080
1951,2055
1959,2073
1970,2074
1960,2027
1967,2070
1969,2035
1973,2037
1982,2043
1990,2063
1987,2064
1991,2036
2000,2080
2004,2056
2014,2040
2013,2040
2020,2060
2019,2035
2025,2080
2033,2021
2039,2037
2029,1989
2033,2071
2047,2033
2063,2042
2067,2058
2063,2055
2075,2045
2079,2027
2081,2017
2089,2075
2100,2045
2104,2051
2111,2027
2120,2037
2124,2039
2135,2055
2133,2065
2131,2015
2136,2040
2136,2037
2152,2040
2153,2044
2152,2065
2150,2037
2157,2011
2153,2025
2157,2024
2152,2081
2153,2003
2151,2039
2151,2029
2143,2031
2151,2039
2149,2024
2145,2032
2148,2080
2144,2107
2135,2033
2135,2037
2131,2067
2121,2021
2123,2052
2104,2037
2098,2080
2091,2025
2083,2068
2080,2035
2076,2063
2055,2067
2053,2084
2039,2060
2034,2025
2028,2063
2015,2021
2004,2022
2005,2063
1994,2043
1979,2031
1981,2075
1981,2044
1971,2060
1964,2072
1960,2056
1948,2041
1951,2063
1948,2078
1937,2085
1944,2030
1933,2023
1941,2027
1936,2060
1935,2075
1943,2064
1937,2023
1949,2040
1949,2011
1947,2015
1968,2073
1969,2063
1973,2076
1978,2055
1979,2005
1996,2040
2000,2066
2016,2043
2019,2079
2025,2005
2035,2057
2045,2048
2056,2040
2052,2076
2072,2019
2071,2020
2082,2042
2098,2060
2099,2019
2117,2029
2126,2025
2131,2063
2143,2058
2143,2027
2149,2021
2160,2047
2164,2023
2168,1999
2170,2037
2181,2074
2173,2056
2165,2020
2170,2088
2181,2028
2154,2067
2155,2071
2152,2055
2150,2042
2131,1993
2139,2019
2121,2033
2124,2076
2115,2005
2107,2044
2099,2037
2089,2044
2080,2045
2074,2045
2065,2040
2056,2068
2038,2043
2029,2055
2029,2063
2008,2037
2012,2072
1995,2041
1975,2019
1977,2080
1959,2063
1968,2047
1959,2068
1948,2037
1937,2022
1932,2037
1932,2071
1925,2054
1920,2048
1918,2023
1912,2021
1925,2063
1911,2036
1917,2029
1915,2023
1911,2023
1925,1994
1913,2011
1927,2015
1925,2025
1943,2079
1944,1991
1945,2023
1955,2043
1959,2027
1960,2080
1975,2019
1975,2041
1992,2061
1992,2043
1999,1993
2015,2042
2023,2022
2023,2033
2046,2071
2066,2053
2072,2044
2071,2074
2091,2017
2096,2015
2104,2023
2113,2088
2119,2015
2129,2052
2131,2040
2148,2071
2152,2024
2161,2029
2165,2067
2169,2071
2181,2060
2191,2017
2184,2056
2187,2003
2195,2030
2194,2029
2199,2067
2199,2057
2196,2057
2195,2033
2196,2071
2187,1993
2183,2057
2180,2025
2169,2068
2166,2048
2159,2034
2154,2059
2144,2021
2135,2019
2130,2084
2128,2083
2109,2054
2106,2027
2099,2041
2085,2005
2085,2007
2070,2029
2063,2060
2055,2043
2039,2054
2032,2082
2019,2037
2013,2034
2008,2065
2001,2069
1998,2040
1991,2011
1987,2053
1978,2060
1971,2030
1973,2055
1963,2045
1969,2027
1969,2060
1969,2043
1972,2056
1967,2033
1965,2027
1965,2061
1976,2056
1975,2037
1988,2028
1991,2043
1997,2031
2004,2028
2001,2039
2013,2059
2015,2027
2019,2063
2038,2080
2036,2086
2043,2034
2057,2042
2073,2055
2077,2022
2084,2020
2073,2032
2100,2068
2107,2067
2105,2052
2123,2076
2113,2009
2135,2025
2149,2035
2155,2064
2161,1989
2163,2021
2179,2058
2176,2037
2192,2037
2199,2069
2204,2047
2213,2027
2217,2063
2211,2029
2233,2052
2222,2047
2220,2048
2223,2045
2218,2042
2213,2035
2208,2035
2208,2032
2202,2061
2193,2073
2192,2023
2192,2076
2187,2073
2187,2039
2171,2075
2180,2028
2181,2076
2169,2041
2167,2063
2165,2048
2156,2055
2148,2027
2131,1997
2123,2009