1954,2033
1962,2080
1978,2057
1992,2080
1993,2001
2013,2032
2019,2026
2027,2028
2040,2058
2044,2023
2060,2059
2066,2080
2059,2035
2074,2021
2076,2044
2076,2007
2081,2020
2085,2032
2090,2056
2096,2025
2103,2035
2106,2065
2115,2071
2123,2042
2136,2021
2153,2056
2155,2067
2161,2039
2162,2077
2172,2072
2171,2048
2184,2063
2167,2063
2166,2079
2159,2042
2151,2074
2148,2067
2137,2088
2119,2039
2121,2063
2115,2088
2108,2094
2104,2082
2107,2019
2096,2076
2104,2081
2083,2057
2081,2022
2083,2037
2068,2068
2073,2020
2068,2048
2064,2063
2057,2054
2047,2064
2039,2088
2039,2058
2036,2080
2032,2075
2029,2037
2023,2080
2027,2010
2011,2056
2016,2075
2003,2076
2005,2051
1995,2089
1998,2048
1998,2080
1997,2035
1987,2066
1996,2011
1999,2063
2008,2071
2008,2065
2021,2093
2011,2071
2027,2041
2032,2067
2035,2036
2029,2032
2035,2019
2042,2080
2041,2038
2037,2076
2057,2073
2041,2057
2060,2018
2063,2009
2074,2065
2083,2032
2099,2019
2107,2041
2122,2057
2131,2056
2141,2040
2152,2057
2159,2093
2155,2051
2173,2037
2179,2029
2181,2064
2196,2060
2200,2039
2208,2020
2205,2059
2220,2034
2217,2043
2225,2040
2230,2027
2227,2030
2231,2040
2221,2009
2231,2025
2227,2026
2221,2029
2219,2063
2217,2072
2212,2055
2217,2045
2203,2080
2203,2024
2203,2008
2199,2054
2191,2064
2188,2067
2173,2063
2163,2054
2155,2059
2144,2009
2137,2063
2127,2061
2112,2035
2103,2025
2090,2037
2080,2043
2070,2005
2058,2052
2060,2005
2043,2036
2023,2068
2024,2019
2012,2056
2013,2044
1992,2065
1995,2035
1991,2063
1977,2054
1961,2020
1968,2024
1961,2054
1952,2007
1944,2067
1944,2041
1944,2057
1943,2048
1939,2025
1928,2017
1928,2037
1917,2005
1928,2070
1917,2037
1927,2044
1931,1997
1936,2027
1941,2045
1947,2043
1949,2040
1959,2072
1966,2041
1967,2056
1980,2038
1977,2054
1992,2044
1999,2064
2004,2015
2012,2069
2015,2025
2020,2051
2024,2054
2029,2080
2037,2027
2040,2035
2058,2063
2067,2077
2077,2093
2088,2075
2097,2030
2109,2011
2123,2027
2136,2037
2145,2048
2156,2001
2157,2023
2168,2027
2173,2043
2193,2055
2197,2057
2201,2030
2206,2080
2205,2063
2195,2009
2207,2072
2201,2063
2204,2087
2197,2060
2202,2065
2180,2007
2190,2095
2191,2043
2185,2063
2182,2092
2176,2055
2171,2027
2163,2019
2168,2041
2158,2051
2149,2078
2145,2035
2143,2080
2133,2043
2123,2035
2117,2048
2107,2008
2088,2021
2086,2024
2063,2034
2067,2079
2041,2067
2032,2093
2023,2072
2020,2057
2009,2075
2007,2079
1998,2066
1989,2025
1990,2048
1991,2039
1979,2065
1987,2065
1973,2063
1980,2072
1969,2021
1973,2066
1976,2063
1971,2063
1975,2071
1964,2025
1972,2041
1979,2072
1975,2023
1990,2071
1984,2063
1995,2040
2001,2029
2008,2063
2017,2025
2025,2063
2025,2076
2040,2008
2048,2003
2055,2028
2067,2063
2086,2072
2089,2056
2092,2017
2094,2023
2107,2037
2117,2040
2122,2005
2124,2039
2127,2055
2125,2040
2142,2019
2147,2045
2155,2031
2158,2041
2164,2011
2169,2003
2176,2036
2189,2052
2187,2027
2189,2035
2185,2059
2195,2015
2199,2015
2195,2043
2191,2040
2181,1994
2171,2040
2167,2017
2165,2035
2158,2039
2151,2007
2143,2057
2127,2043
2123,2021
2122,2053
2107,2071
2104,2087
2099,2053
2087,2039
2073,2035
2067,2063
2071,2072
2063,2067
2043,2066
2030,2045
2029,2027
2023,2073
2014,2025
2003,1997
1997,2017
1978,2008
1980,2034
1969,2008
1963,2088
1947,2041
1954,2024
1944,2027
1935,2017
1931,2080
1943,2069
1939,2003
1936,2023
1932,2028
1937,2040
1943,2079
1937,2027
1949,2025
1952,2028
1958,2040
1957,2028
1957,2036
1961,2040
1976,2056
1971,2030
1987,2037
1995,2071
2000,2013
2001,2067
2016,2063
2023,2029
2032,2063
2039,2065
2040,2068
2065,2041
2073,2052
2074,2043
2089,2067
2100,2015
2104,2021
2120,2018
2122,2027
2136,2037
2131,2036
2141,2067
2147,2027
2159,2065
2168,2063
2169,2057
2182,2068
2171,2029
2184,2029
2190,2063
2196,2063
2199,2041
2199,2035
2200,2069
2194,2040
2200,2037
2200,2068
2189,2063
2181,2041
2184,2024
2173,2040
2176,2027
2168,2040
2168,2063
2159,2064
2152,2080
2148,2021
2137,2068
2123,2024
2119,2058
2105,2023
2104,2078
2087,2035
2088,2040
2074,2015
2068,2028
2057,2035
2044,2041
2037,2071
2027,2055
2017,2065
2012,2069
2003,2055
1993,2057
1981,2061
1977,2052
1973,2063
1960,2019
1964,2068
1961,2067
1957,2029
1957,2043
1958,2060
1960,2035
1964,2066
1959,2048
1963,2019
1965,2037
1961,2077
1963,2024
1968,2053
1964,2063
1963,2066
1970,2058
1966,2087
1963,2056
1976,2013
1969,2004
1983,2066
1979,2045
1998,2024
2008,2024
2002,2017
2029,2041
2028,2071
2039,2036
2048,2030
2053,2053
2057,2001
2065,2022
2055,2036
2071,2001
2072,2073
2072,2022
2072,2075
2075,2027
2080,2058
2093,2071
2099,2054
2112,2005
2127,2029
2128,2044
2135,2058
2131,2017
2137,2023
2144,2048
2135,2040
2131,2035
2131,2017
2131,2023
2129,2043
2126,2043
2125,2065
2107,2008
2112,2053
2104,2032
2115,2055
2103,2068
2112,2079
2104,2011
2119,2034
2114,2064
2099,2035
2116,2048
2101,2053
2103,2005
2097,2023
2105,2036
2099,2068
2093,2063
2081,2027
2076,2077
2063,2056
2055,2074
2034,2035
2035,2063
2020,2068
2022,2091
2015,2044
2004,2039
1998,2007
1996,2025
1987,2036
1977,2040
1984,2067
1984,2055
1981,2061
1981,2035
1977,2042
1961,2072
1966,2065
1957,2079
1959,2079
1952,2023
1945,2011
1951,2020
1956,2029
1949,2072
1953,2063
1960,2096
1965,2040
1959,2057
1967,2071
1971,2076
1971,2063
1976,2039
1975,2060
1987,2027
1981,2055
1993,2021
2011,2055
2017,2036
2032,2029
2027,2037
2043,2057
2068,2054
2076,2025
2080,2055
2086,2066
2093,2033
2100,2035
2107,2063
2109,2070
2119,2028
2131,2069
2138,2040
2143,2029
2149,2072
2167,2013
2170,2019
2183,2013
2184,2041
2193,2048
2192,2039
2187,1993
2196,2076
2198,2026
2196,2019
2187,2019
2191,2037
2183,2019
2172,2027
2171,2075
2172,2088
2163,2027
2145,2077
2152,2039
2141,2081
2131,2067
2127,2007
2115,2071
2110,2035
2097,2045
2092,2048
2083,2057
2076,2040
2069,2024
2057,1991
2042,2019
2041,2080
2032,2017
2021,2031
2019,2039
2012,2043
2000,2035
1993,2001
1992,2084
1972,2071
1969,2043
1960,2029
1959,2019
1949,2066
1957,2025
1947,2044
1943,2075
1941,2055
1945,2041
1947,2032
1944,2045
1947,2033
1945,2039
1952,2061
1951,2044
1955,2063
1966,2060
1965,2043
1969,2045
1975,2026
1987,2043
1992,2040
2001,2017
2005,2043
2011,2041
2020,2063
2032,2063
2024,2040
2039,2048
2056,2056
2059,2040
2085,2026
2091,2063
2105,2069
2112,2026
2117,2043
2130,2066
2143,2053
2153,2004
2157,2045
2175,2021
2183,2044
2189,2053
2200,2067
2205,2071
2210,2007
2208,2053
2209,2027
2215,2076
2216,2038
2219,2011
2215,2032
2209,2063
2208,2020
2203,2058
2195,2018
2199,2037
2197,2080
2191,2037
2188,2027
2181,2066
2174,2040
2163,2057
2158,2011
2149,2075
2133,2055
2128,2019
2107,2005
2103,2088
2097,2077
2080,2062
2071,2068
2055,2025
2041,2056
2025,2005
2019,2033
2005,2066
2001,2063
1992,2075
1992,2041
1983,2015
1969,2028
1968,2040
1960,2039
1954,2063
1960,2063
1959,2053
1947,2033
1953,2027
1958,2026
1952,2058
1950,2032
1956,2033
1953,2063
1952,2065
1947,2037
1963,2020
1959,2048
1962,2027
1975,2056
1986,2011
1987,2024
1987,2043
1999,2067
2019,2057
2025,2052
2026,2065
2028,2020
2039,2051
2054,2039
2067,2045
2068,2055
2081,2089
2091,2018
2096,2010
2099,2021
2101,2079
2104,2018
2107,2023
2108,2055
2127,2055
2130,2068
2137,2059
2143,2068
2145,2043
2155,2067
2159,2080
2155,2033
2168,2037
2166,2063
2170,2075
2175,2039
2173,2029
2165,2024
2171,2067
2163,2003
2152,2005
2151,2078
2138,2043
2148,2041
2134,2051
2137,2041
2125,2007
2119,2080
2103,2012
2112,2057
2104,2072
2093,2019
2090,2040
2075,2037
2076,2080
2079,2077
2063,2066
2065,2019
2037,2063
2030,2068
2038,2037
2025,2011
2017,2033
2013,2091
2003,2017
2007,2072
1998,2072
1985,2059
1989,2008
1979,2065
1975,2017
1975,2059
1973,2044
1978,2077
1965,2015
1968,2039
1971,2067
1971,2008
1976,2019
1967,2041
1976,2040
1980,2063
1976,2072
1987,2071
1979,2024
1979,2048
1992,2041
2002,2072
2002,2055
2008,2058
2007,2015
2020,2085
2021,2009
2032,2063
2035,2063
2039,2025
2056,2053
2063,2078
2065,2035
2073,2007
2085,2051
2099,2048
2106,2058
2109,2046
2108,2076
2124,2028
2136,2039
2146,2064
2151,2035
2144,2066
2167,2041
2172,2046
2169,2071
2183,2005
2199,2053
2200,2073
2203,2019
2208,2053
2208,2063
2203,2048
2211,2080
2221,2065
2227,2051
2220,2076
2216,2060
2213,2011
2219,2022
2217,2024
2216,2053
2205,2055
2203,2070
2205,2040
2201,2021
2191,2045
2186,2062
2164,2027
2168,2035
2165,2025
2162,1987
2152,2043
2153,2065
2143,2067
2130,2053
2119,2057
2117,2015
2104,2068
2096,2015
2087,2036
2080,2006
2067,2040
2066,1979
2055,2084
2044,2068
2036,2027
2023,2083
2017,2023
2019,2063
2008,2035
2003,2052
1995,2065
2007,2025
1995,2005
1991,2047
1994,1992
1982,2056
1977,2068
1984,2063
1977,2029
1989,2069
1999,2061
1976,2029
1992,2063
1991,2065
1993,2043
1997,2043
1997,2039
1995,2027
2013,2031
2018,2042
2017,2027
2021,2059
2032,2063
2041,2075
2041,2057
2060,2048
2063,2006
2067,2040
2076,2043
2079,2011
2089,2030
2104,2038
2103,2028
2101,2041
2120,2007
2121,2065
2132,2046
2140,2017
2145,2063
2151,2078
2151,2029
2153,2019
2168,2005
2171,2024
2169,2063
2170,2064
2179,2088
2181,2063
2173,2040
2175,2008
2171,2024
2173,1997
2171,2080
2169,2059
2160,2038
2161,2055
2152,2039
2139,2063
2142,2055
2133,2053
2120,2029
2127,2059
2112,2063
2101,2015
2104,2040
2089,2041
2075,2059
2072,2089
2063,2071
2063,2009
2043,2073
2027,2045
2024,2003
2022,2056
2007,2057
1995,2063
1994,2048
1984,2015
1976,2025
1965,2035
1965,2067
1952,2057
1943,2009
1947,2007
1945,2035
1946,2078
1943,2064
1932,2063
1937,2039
1939,2077
1929,2037
1943,2080
1931,2043
1944,2039
1944,2059
1943,2056
1947,2027
1955,2088
1960,2019
1969,2041
1973,2071
1971,2025
1989,2033
1991,2042
2001,2040
2007,2080
2015,2021
2013,2063
2023,2055
2033,2075
2035,1995
2056,2069
2063,2069
2072,2059
2085,2021
2076,2064
2099,2071
2107,2038
2115,2018
2120,2077
2123,2076
2132,2011
2147,2019
2159,2055
2155,2040
2168,2048
2165,2041
2169,2015
2187,2039
2184,2019
2186,2024
2185,2053
2187,2041
2183,2072
2184,2035
2182,2072
2182,2068
2173,2012
2168,2075
2163,2025
2160,2063
2151,2065
2140,2035
2131,2043
2132,2020
2125,2070
2108,2072
2101,2025
2091,2053
2091,2043
2084,2048
2067,2059
2055,2073
2055,2036
2040,2063
2025,2055
2024,2069
2007,2052
2003,2027
1989,2088
1981,2077
1981,2055
1972,2075
1957,2053
1958,2035
1944,2075
1943,1999
1937,2063
1948,2068
1944,2026
1930,2074
1931,2080
1934,2029
1940,2051
1931,2069
1940,2029
1943,2059
1933,2068
1941,2020
1935,2074
1956,2046
1959,2057
1960,2088
1975,2043
1975,2067
1987,2022
1993,2057
2003,2021
2005,2040
2015,2029
2028,2004
2037,2015
2042,2047
2057,2063
2057,2071
2074,2020
2077,2039
2089,2033
2103,2036
2103,2058
2117,2007
2120,2023
2135,2072
2137,2055
2151,2011
2163,2033
2157,2052
2163,2063
2169,2084
2173,2042
2186,2026
2187,2039
2195,2067
2197,2028
2197,2015
2203,2019
2200,2067
2200,2015
2188,2021
2185,2021
2185,2033
2179,2019
2167,2063
2161,2007
2169,2065
2161,2038
2147,2038
2135,2071
2127,2011
2131,2058
2120,2005
2103,2071
2101,2044
2075,2037
2087,2070
2077,2015
2071,2063
2054,2080
2026,2042
2035,2038
2030,2020
2009,2022
2012,2068
1991,2027
1995,2027
1992,2053
1991,2071
1979,2054
1975,2021
1957,2064
1960,2060
1947,2071
1949,2018
1953,2041
1947,2040
1947,2011
1951,2017
1957,2053
1949,2026
1951,2041
1948,2025
1960,2035
1960,2043
1967,2071
1965,2071
1970,2089
1978,2037
1978,2087
1991,2017
1997,2022
2010,2068
2003,2035
2027,2040
2019,2076
2036,1993
2041,2072
2056,2042
2056,2017
2067,2055
2079,2080
2092,2004
2091,2030
2096,2053
2111,2063
2117,2059
2131,2053
2129,2027
2137,2027
2148,2075
2147,2035
2160,2057
2162,2067
2169,2087
2173,2017
2167,2011
2186,2076
2179,2021
2171,2054
2192,2025
2192,2063
2183,2040
2192,2044
2189,2071
2185,2021
2181,2017
2171,2057
2168,2027
2164,2063
2162,2060
2159,2063
2149,2036
2139,2068
2132,2041
2132,2039
2119,2056
2117,2067
2110,2080
2099,2052
2098,2041
2084,2028
2073,2045
2067,2051
2063,2027
2056,2080
2042,2036
2029,2056
2025,2071
2019,2041
2014,2028
2007,2018
1995,2067
1992,2024
1992,2070
1978,2023
1972,2043
1963,2035
1968,2012
1976,2033
1972,2044
1968,2048
1969,2033
1957,2056
1968,2028
1975,2057
1970,2054
1959,2036
1972,2071
1975,2035
1985,2036
1981,2034
1981,2053
2001,2055
1993,2029
2007,2024
2010,2019
2015,2048
2028,2058
2035,2029
2035,2041
2042,2072
2041,2020
2063,2027
2077,2065
2076,2061
2080,2027
2088,2009
2098,2063
2108,2072
2112,2040
2123,2049
2132,2040
2137,2044
2135,2028
2147,2041
2149,2063
2153,2004
2166,2017
2163,2012
2167,2038
2179,2035
2187,2042
2191,2028
2190,2037
2185,2037
2187,2053
2189,2055
2192,2029
2181,2020
2185,2071
2168,2056
2171,2025
2168,2025
2168,2062
2167,2030
2155,2033
2159,2065
2136,2066
2135,2025
2135,2063
2117,2070
2115,2067
2108,2055
2107,2072
2098,2058
2088,2064
2079,2040
2065,2009
2053,2041
2043,2007
2029,2088
2036,2017
2022,2080
2011,2072
2014,2040
1992,2018
1998,2044
1991,2063
1983,2001
1963,2071
1972,2044
1967,2055
1967,2025
1965,2047
1945,2047
1957,2055
1952,2063
1949,2041
1951,2044
1957,2039
1960,2039
1949,2066
1959,2056
1970,2009
1971,2045
1975,2035
1976,2088
1975,2023
1990,2035
1996,2015
2001,2039
2007,2077
2009,2069
2020,2063
2028,2044
2033,2029
2040,2057
2052,2063
2063,2071
2066,2063
2075,2035
2088,2072
2093,2043
2104,2063
2105,2030
2115,1989
2120,2041
2126,2063
2133,2052
2135,2043
2155,2055
2158,2037
2158,2060
2169,2067
2176,2072
2176,2021
2185,2080
2171,2058
2188,2008
2183,2011
2191,2028
2189,2027
2181,2021
2185,2072
2184,2067
2173,2072
2165,2012
2161,2053
2160,2040
2151,2030
2148,2022
2140,2033
2125,2018
2128,2064
2122,2027
2116,2038
2097,2053
2096,2060
2083,2015
2084,2063
2069,2079
2062,2059
2055,2053
2028,2088
2022,2030
2012,2039
2008,2091
2003,1989
1994,2080
1992,2037
1971,2035
1968,2076
1955,2039
1948,2065
1953,2019
1951,2063
1946,2058
1932,2033
1944,2019
1940,2075
1919,2041
1939,2069
1935,2009
1927,2027
1936,2044
1940,2067
1940,2005
1948,2073
1952,2015
1952,2072
1960,2033
1955,2048
1965,2011
1965,2029
1979,2075
1989,2071
1991,2030
2007,2055
2008,2032
2011,2055
2029,2017
2032,2017
2033,2072
2048,2064
2067,2080
2068,2037
2079,2048
2080,2045
2089,2038
2096,2041
2107,2077
2101,2027
2121,2069
2128,2060
2139,2063
2141,2056
2145,2072
2147,2039
2157,2017
2169,2019
2165,2067
2176,2027
2171,2003
2175,2043
2176,2036
2171,2035
2169,2069
2172,2063
2175,2077
2165,2069
2169,2063
2168,2021
2163,2056
2153,2092
2160,2088
2159,2015
2152,2044
2151,2019
2151,2065
2135,2092
2136,2030
2128,2071
2109,2009
2108,2072
2088,2043
2081,2035
2078,2037
2063,2036
2055,2009
2045,2065
2037,2023
2031,2043
2019,2055
2021,2066
2017,2064
2004,2053
1996,2069
1983,2002
1976,2073
1969,2057
1965,2063
1953,2044
1941,2018
1939,2027
1936,2032
1930,2068
1927,2030
1926,2053
1917,2071
1905,2007
1913,2036
1907,2063
1903,2041
1904,2024
1898,2038
1899,2071
1905,2057
1910,2059
1912,2024
1913,2046
1915,2062
1925,2038
1932,2035
1936,2059
1944,2029
1955,2063
1953,2029
1967,2048
1980,2040
1995,2024
2001,2044
2011,2075
2023,2071
2027,2029
2044,2023
2057,2056
2079,2035
2092,2067
2103,2017
2109,2059
2127,2027
2133,1989
2147,2072
2156,2071
2168,2036
2171,2023
2180,2043
2198,2027
2199,2056
2201,2020
2199,2037
2209,2059
2205,2040
2216,2063
2216,2043
2208,2058
2200,2067
2209,2076
2197,2024
2184,2026
2184,2077
2176,2040
2166,2009
2161,2038
2143,2007
2136,2021
2127,2008
2116,2015
2099,2030
2090,2011
2075,2068
2068,2036
2053,2036
2032,2025
2021,2043
2014,2019
1996,2056
1976,2057
1968,2079
1953,2060
1946,2039
1940,2066
1929,2039
1919,2056
1914,2074
1911,2075
1901,2040
1904,2025
1897,2056
1891,2040
1900,2072
1899,2063
1891,2064
1899,2048
1912,2015
1909,2045
1925,2087
1932,2044
1941,2067
1951,2041
1962,2068
1977,2057
1977,2007
2002,2080
2009,2028
2024,2033
2038,2064
2057,2067
2065,2060
2080,2063
2087,2057
2098,2072
2109,2035
2132,2030
2133,2030
2152,2068
2155,2001
2165,2029
2183,2054
2193,2071
2199,2037
2205,2027
2224,2051
2223,2019
2236,2036
2245,2066
2245,2059
2250,2033
2256,2063
2263,2031
2259,2070
2253,2035
2263,2065
2253,2056
2240,2039
2235,2047
2234,2056
2232,2031
2225,2038
2211,1994
2197,2059
2183,2072
2182,2057
2161,2085
2155,2039
2147,2027
2129,2063
2123,2026
2117,2027
2099,2067
2091,2045
2080,2071
2071,2003
2065,2071
2039,2056
2035,1997
2023,2021
2008,2053
1997,2072
1992,2025
1979,2053
1965,2069
1959,2069
1960,2063
1947,2023
1944,2069
1939,2059
1936,2009
1937,2019
1939,2084
1928,2045
1931,2068
1934,2047
1931,2022
1945,2035
1951,2055
1943,2023
1954,2055
1949,1997
1968,2091
1969,2009
1975,2039
1983,1999
1996,2025
2001,2043
2005,1993
2022,2071
2021,2065
2037,2021
2043,2040
2057,2044
2071,2075
2075,2019
2084,2039
2092,2063
2097,2017
2104,2054
2112,2054
2127,2005
2130,2043
2131,2038
2140,2033
2150,2053
2144,2056
2155,2023
2164,2047
2163,2024
2173,2023
2165,2029
2180,2037
2180,2071
2169,2036
2172,2069
2167,2075
2173,2017
2170,2041
2167,2017
2173,2063
2167,2080
2155,2025
2139,2068
2157,2063
2152,2063
2136,2020
2136,2039
2132,2045
2124,2076
2121,2029
2123,2022
2112,2011
2104,2034
2101,2063
2095,2027
2085,2073
2080,2043
2071,2027
2072,2054
2059,2067
2071,2033
2057,2042
2051,2039
2053,2043
2052,2045
2039,2036
2033,2053
2029,2056
2030,2044
2035,2081
2020,2029
2019,2033
2025,2017
2023,2067
2011,2040
2011,2068
2020,2028
2015,2042
2011,2008
2007,2021
2005,2072
2011,2031
2004,2055
2014,2080
2007,2066
2010,2066
2013,2057
2011,2039
2011,2064
2007,2021
2019,2048
2020,2077
2019,1997
2017,2010
2027,2055
2026,2011
2025,2042
2028,2022
2032,2048
2027,2072
2035,2063
2033,2022
2043,2041
2035,2079
2043,2084
2058,2009
2053,2023
2063,2053
2068,2071
2071,2035
2078,2067
2081,2027
2085,2023
2096,2046
2105,2027
2101,2019
2107,2068
2120,2045
2120,2038
2130,2008
2135,2043
2136,2056
2135,2061
2143,2060
2144,2074
2144,2055
2133,2047
2137,2062
2145,2048
2143,2009
2131,2088
2142,2039
2137,2042
2139,2081
2132,2044
2131,2039
2123,2067
2126,2040
2109,2029
2115,2063
2101,2044
2093,2063
2099,2023
2085,2091
2083,2045
2075,2055
2066,2028
2045,2055
2040,2067
2025,2048
2030,2043
2015,2037
2012,2089
2000,2063
1992,2035
1973,2059
1974,2044
1966,2078
1964,2047
1962,2065
1952,2027
1947,2043
1944,2044
1939,2056
1937,2042
1929,2025
1936,2002
1933,2045
1925,2039
1937,2068
1934,2037
1932,2037
1932,2064
1941,2039
1942,2058
1952,2019
1949,2029
1952,2009
1966,2088
1959,2035
1977,2053
1987,2027
1995,2055
2001,2056
1999,2024
2022,2068
2024,2019
2040,2026
2045,2043
2063,2026
2065,2037
2073,2038
2094,2021
2095,2080
2107,2063
2119,2035
2124,2064
2137,2027
2129,2018
2151,2009
2159,2041
2163,2055
2173,2040
2171,2063
2191,2056
2188,2037
2195,2019
2193,2027
2200,2068
2198,2008
2199,2072
2192,2041
2194,2064
2187,2039
2188,2080
2171,2018
2173,2072
2168,2065
2152,2032
2153,2029
2145,2035
2139,2041
2133,2040
2123,2079
2120,2007
2099,2029
2097,2044
2087,2064
2078,2072
2072,2056
2066,2039
2040,2063
2038,2034
2027,2028
2019,2048
2010,2066
2005,2037
1992,2063
1984,2037
1978,2063
1963,2035
1959,2079
1954,2025
1939,2025
1937,2063
1943,2040
1938,2068
1931,2025
1931,2012
1920,2079
1925,2039
1936,2073
1939,2067
1939,2073
1939,2071
1948,2070
1943,2027
1948,2030
1960,2062
1968,2056
1974,2063
1965,2009
1980,2044
1997,2073
1989,2007
2008,2044
2011,2042
2024,2040
2029,1981
2036,2005
2035,2047
2056,2073
2071,2079
2079,2065
2080,2032
2098,2043
2101,2096
2103,2039
2113,2019
2123,2029
2135,2037
2139,2051
2143,2042
2153,2007
2161,2066
2163,2045
2168,2065
2172,2067
2166,2009
2175,2073
2177,2033
2171,2037
2172,2031
2170,2053
2168,2063
2157,2073
2161,2053
2152,2061
2147,2001
2140,2068
2139,2028
2129,2047
2129,2042
2105,2023
2114,2023
2101,2077
2085,2007
2076,2043
2075,2025
2072,2063
2057,2042
2044,2063
2039,2056
2025,2059
2021,2057
2007,2065
1993,2073
1991,2029
1983,2067
1977,2029
1961,2044
1961,2037
1955,2072
1948,2069
1943,2040
1941,2056
1939,2043
1924,2077
1936,2055
1923,2074
1931,2039
1932,2046
1941,2057
1931,2075
1937,2023
1938,2039
1942,2019
1944,2041
1949,2063
1941,2032
1956,2025
1958,2073
1964,2019
1975,2028
1971,2071
1984,2057
1987,2042
2001,2021
2013,2051
2011,2059
2026,2038
2032,2076
2042,2025
2054,2022
2059,2068
2073,2053
2080,2032
2071,2054
2095,2027
2100,2008
2099,2057
2102,2035
2123,2067
2115,2057
2131,2033
2139,2068
2142,2015
2146,2063
2151,2071
2155,2036
2156,2069
2158,2029
2157,2033
2156,2067
2153,1997
2163,2027
2163,2025
2151,1979
2155,2021
2148,2039
2141,2069
2139,2075
2139,2063
2127,2020
2126,2041
2108,2029
2107,2055
2105,2063
2094,2027
2087,2019
2079,2064
2081,2065
2071,2029
2060,2056
2041,2076
2042,2072
2036,2076
2018,2056
2024,2084
2011,2070
1993,2043
1995,2056
1992,2013
1984,2076
1971,1999
1968,2060
1959,2023
1961,2019
1963,2080
1955,2051
1956,2073
1945,2052
1947,2036
1947,2012
1960,2069
1954,2039
1958,2070
1957,2038
1959,2056
1960,2039
1961,2015
1961,2028
1970,2044
1978,2009
1985,2027
1977,2044
1996,2029
1989,2078
2008,2036
2008,2039
2025,2035
2019,2073
2027,2023
2041,2026
2054,2027
2035,2040
2061,2081
2071,2044
2076,2024
2086,2024
2092,2077
2089,2028
2104,2032
2117,2080
2115,2081
2119,1996
2135,2043
2137,2040
2137,2039
2148,2039
2146,2019
2157,2037
2165,2059
2168,2075
2167,2080
2171,2048
2181,2055
2185,2057
2183,2011
2186,2008
2181,2066
2183,2068
2179,2040
2181,2079
2168,2035
2179,2070
2168,2010
2172,2021
2170,2044
2153,2061
2153,2072
2153,2061
2147,2065
2148,2072
2145,2063
2129,2071
2136,2072
2119,2040
2123,2028
2105,2076
2104,2044
2101,2025
2092,2047
2085,2056
2075,2039
2080,2035
2075,2055
2069,2037
2068,2080
2065,2037
2056,2066
2037,2025
2028,2059
2027,2041
2021,2066
2016,2057
2013,2063
2008,2056
2003,2035
2004,2068
1995,2020
1996,2044
1995,2040
1981,2004
1988,2066
1978,2029
1992,2065
1981,2037
1988,2036
1991,2059
1991,2035
1988,2031
1987,2005
2000,2011
2003,2080
2007,2064
2004,2065
2008,2040
2005,2076
2007,2063
2017,2019
2023,2033
2024,2085
2032,2029
2036,2033
2035,2038
2043,2066
2055,2057
2055,2040
2063,2062
2068,2072
2080,2013
2075,2070
2086,2067
2103,2064
2103,2037
2112,2040
2116,2030
2125,2023
2125,2029
2140,2037
2145,2019
2151,2057
2157,2065
2162,2001
2164,2040
2164,2075
2172,2017
2171,2035
2176,2031
2184,2033
2184,2041
2182,2088
2171,2073
2174,2003
2173,2052
2156,2017
2165,2059
2160,2085
2148,2011
2149,2056
2148,2059
2143,2056
2131,2067
2121,2052
2107,2039
2100,2029
2100,2083
2096,2005
2087,2065
2063,2043
2053,2063
2056,2039
2036,2046
2027,2085
2023,2045
2005,2077
1996,2060
1992,2073
1985,2036
1975,2065
1965,2067
1971,2023
1955,2057
1967,2067
1947,2069
1946,2037
1944,2037
1945,2047
1949,2077
1940,2007
1956,2039
1947,2001
1957,2063
1955,2022
1961,2072
1969,2055
1966,2027
1987,2075
1984,2039
2000,2041
1995,2017
2021,2033
2024,2033
2040,2056
2051,2029
2060,2075
2067,2035
2087,2035
2097,2048
2106,2044
2109,2087
2128,2029
2139,2025
2145,2028
2166,2009
2167,2048
2187,2041
2199,2066
2208,2039
2219,1995
2212,2048
2221,2063
2232,2005
2237,2044
2240,2019
2245,2043
2249,2060
2256,2044
2240,2046
2249,2027
2239,2037
2243,2019
2229,2025
2220,2043
2229,2045
2225,2071
2203,2023
2206,2044
2202,2086
2184,2011
2184,2039
2171,2073
2160,2040
2152,2008
2139,2055
2127,2033
2112,2073
2104,2063
2092,2059
2077,2016
2076,2057
2059,2058
2047,2087
2026,2012
2028,2059
2015,2029
2004,2041
2001,2021
1991,2024
1974,2058
1959,2093
1960,2057
1955,2056
1960,2027
1947,2021
1935,2048
1947,2038
1951,2040
1941,2025
1943,2029
1933,2043
1943,2025
1946,2051
1945,2057
1947,2006
1951,2034
1968,2035
1959,2047
1972,2063
1987,2067
1992,2088
2005,1992
2012,2040
2015,2051
2026,2019
2041,2030
2043,2052
2064,2088
2072,2075
2080,2025
2092,2074
2103,2055
2111,2048
2120,2069
2128,2019
2137,2076
2133,2040
2144,2033
2147,2048
2164,2034
2172,2023
2182,2059
2185,2071
2192,2083
2199,2042
2199,2059
2207,2069
2211,2048
2216,2025
2218,2053
2212,2063
2223,2058
2217,2035
2214,2057
2209,2032
2206,2036
2197,2056
2185,2065
2183,2055
2175,2072
2155,2067
2157,2015
2152,2067
2139,2039
2134,2015
2123,2084
2126,2057
2105,2035
2107,2063
2092,2041
2089,2026
2075,2009
2080,2108
2063,2031
2060,2035
2047,2068
2039,2063
2023,2037
2021,2040
2021,2088
2013,2040
2001,2035
2002,2041
1989,2097
1981,2059
1991,2073
1975,2044
1984,2045
1975,2029
1975,2015
1984,2063
1984,2055
1975,2034
1976,2029
1989,2075
1994,2033
1994,2041
1996,2071
1989,2038
2007,2056
1997,2063
2007,2046
2017,2021
2018,2035
2011,2034
2027,2047
2034,2081
2025,2061
2040,2068
2051,2021
2057,2043
2061,2009
2071,2058
2076,2092
2078,2032
2083,2044
2087,2048
2094,2035
2093,2080
2108,2036
2105,2017
2120,2024
2117,2067
2115,2011
2129,2056
2136,2063
2133,2037
2138,2056
2144,2017
2150,2072
2149,2028
2152,2012
2154,2047
2151,2048
2152,2046
2160,2025
2161,2020
2149,2004
2156,2010
2155,2042
2151,2053
2151,2023
2148,2040
2150,2017
2143,2069
2139,1994
2127,2068
2132,2048
2117,2024
2117,2043
2115,2019
2093,2023
2099,2041
2091,2048
2082,2021
2080,2066
2073,2046
2071,2076
2065,2046
2054,2063
2043,2042
2040,2093
2031,2015
2025,2044
2016,2019
2013,2034
2007,2040
1997,2030
1998,2088
1989,2039
1981,2028
1975,2056
1971,2041
1974,2069
1966,2043
1963,2043
1964,2019
1955,2044
1964,2038
1960,2020
1953,2043
1963,2035
1960,2065
1963,2040
1966,2063
1964,2063
1975,2044
1981,2003
1987,2074
1995,2010
1993,2077
2003,2091
2003,2044
2016,2025
2023,2035
2028,2039
2033,2080
2043,2044
2055,2042
2063,2029
2065,2044
2077,2037
2081,2004
2090,2066
2111,2023
2116,2021
2115,2044
2133,2041
2134,2044
2152,2047
2153,2077
2171,2025
2184,2028
2173,2060
2189,2020
2200,2057
2200,2021
2201,2021
2214,2064
2203,2021
2217,2041
2215,2084
2227,2082
2216,2017
2218,2063
2216,2023
2212,2092
2207,2028
2207,2041
2204,1995
2194,2037
2197,2026
2188,1996
2187,2011
2183,2044
2172,2045
2157,2036
2159,2013
2147,2039
2133,2024
2129,2019
2135,2041
2107,2041
2108,2039
2095,2032
2089,2059
2081,2057
2068,2017
2053,2109
2038,2035
2028,1991
2028,2012
2023,2018
2008,2079
1997,2025
1993,2056
1995,2043
1994,2001
1988,2073
1993,2019
1979,2042
1981,2052
1983,2044
1979,2035
1977,2068
1974,2028
1978,2046
1975,2011
1973,2026
1982,2037
1961,2040
1992,2066
1999,2081
2000,2040
2007,2025
2004,2023
2017,2021
2025,2080
2036,2035
2042,2029
2055,2068
2059,2011
2072,2075
2077,2055
2084,2048
2091,2025
2099,2024
2107,2064
2124,2011
2131,2053
2123,2011
2143,2071
2146,2071
2159,2056
2173,2023
2176,2056
2184,2003
2186,2015
2200,2036
2205,2043
2202,2058
2217,2041
2211,2056
2215,2026
2215,2061
2228,2019
2224,2023
2220,2033
2221,2041
2229,2029
2216,2046
2204,2015
2200,2043
2200,2023
2194,2075
2185,2007
2180,2074
2165,2070
2170,2064
2160,2025
2139,2053
2143,2065
2132,2059
2119,2065
2107,2007
2101,2067
2100,2044
2084,2073
2076,2063
2068,2044
2053,2081
2035,2060
2025,2035
2020,2082
2017,2023
1997,2007
1999,2071
1990,2059
1977,2069
1973,2027
1969,2057
1963,2073
1965,2039
1960,2056
1964,2066
1957,1996
1957,2079
1953,2058
1952,2039
1952,2015
1945,2036
1957,2037
1960,2083
1965,2055
1971,2076
1977,2072
1979,2055
1996,2066
1993,2023
2003,2068
2009,2041
2017,2062
2017,2036
2030,2043
2037,2040
2047,2007
2060,2042
2067,2058
2078,2011
2081,2027
2093,2040
2099,2039
2109,2035
2121,2053
2129,2044
2137,2029
2139,2070
2149,2055
2163,2063
2157,2029
2176,2055
2182,2068
2184,2037
2192,2072
2184,2043
2189,2056
2199,2035
2197,2070
2197,2013
2200,2041
2199,2037
2194,2008
2198,2037
2195,2076
2187,2054
2173,2003
2165,2057
2168,2033
2161,2041
2153,2052
2151,2009
2135,2085
2124,2024
2115,2044
2107,2075
2108,2008
2087,2032
2075,2054
2071,2068
2059,2010
2055,2035
2027,2024
2027,2065
2026,2073
2011,2080
2005,2027
2001,2077
1995,2035
1987,2032
1984,2060
1964,2015
1961,2068
1960,2007
1945,2033
1951,2037
1945,2029
1948,2076
1935,2020
1952,2071
1940,2036
1939,2065
1937,2071
1947,2051
1948,2033
1948,2026
1958,2064
1956,2044
1968,2072
1963,2052
1971,2051
1983,2043
1993,2082
1987,2054
1991,2067
2011,2045
2009,2011
2024,2035
2032,2043
2037,2063
2051,2087
2059,2028
2065,2063
2065,2010
2080,2066
2083,2053
2084,2074
2096,2079
2104,2041
2111,2025
2120,2055
2123,2027
2136,2033
2138,2068
2147,1991
2150,2039
2159,2053
2153,2007
2168,2071
2164,2056
2168,2063
2166,2012
2171,2039
2179,2032
2178,2040
2163,2039
2171,2080
2163,2029
2167,2069
2157,2023
2157,2067
2151,2007
2138,2004
2140,2084
2136,2008
2123,2047
2125,2019
2113,2009
2101,2061
2101,2065
2088,2022
2083,2035
2085,2075
2075,2023
2069,2057
2055,2068
2048,2037
2037,2041
2040,2075
2013,2033
2021,2072
2008,2063
2009,2025
2001,2056
1987,2040
1976,2072
1978,2063
1971,2063
1976,2077
1971,2057
1960,2040
1963,2063
1963,2053
1961,2033
1964,2021
1967,2027
1967,2033
1959,2033
1966,2063
1971,2046
1967,2079
1963,2043
1969,2071
1971,2024
1973,2056
1991,2045
1989,2032
1997,2071
2004,2032
2009,2039
2019,2063
2025,2067
2028,2025
2035,2063
2053,2045
2041,2036
2063,2039
2071,2043
2068,2063
2073,2094
2092,2048
2103,2040
2105,2015
2103,2043
2104,2071
2115,2018
2125,2071
2128,2033
2140,2023
2144,2059
2156,2028
2163,2012
2167,2057
2165,2044
2171,2064
2168,2039
2173,2063
2176,2063
2171,2041
2176,2036
2171,2055
2171,2043
2187,2041
2169,2035
2164,2026
2164,2087
2160,2023
2143,2021
2139,2021
2143,2032
2124,2027
2133,2056
2131,2021
2109,2073
2103,2046
2096,2063
2092,2043
2080,1991
2073,2018
2063,2026
2063,2035
2043,2027
2040,2017
2027,2047
2025,2043
2019,2071
2008,2048
2000,2067
1991,2061
1983,2027
1978,2033
1969,2021
1965,2074
1955,2063
1956,2068
1952,2033
1943,2015
1947,2060
1946,2015
1939,2015
1944,2079
1939,2069
1937,2013
1941,2031
1946,2040
1943,2037
1951,2079
1954,2017
1964,2029
1969,2057
1963,2056
1975,2021
1981,2080
1984,2029
1989,2031
2004,2040
2001,2017
2008,2025
2023,2063
2031,2055
2052,2017
2052,2047
2063,2063
2065,2092
2077,2054
2081,2031
2089,2038
2105,2048
2105,2046
2109,2029
2131,2041
2136,2039
2137,2007
2148,2041
2156,2064
2157,2024
2167,2029
2185,2040
2176,2032
2184,2031
2181,2073
2191,2029
2189,2076
2187,2047
2193,2038
2195,2066
2192,2074
2187,2019
2184,2037
2187,2055
2174,2069
2168,2068
2169,2043
2162,2019
2153,2054
2143,2019
2144,2045
2137,2025
2127,2053
2123,2071
2123,2007
2117,2063
2103,2088
2098,2029
2084,2025
2080,2019
2074,2032
2065,2027
2054,2040
2048,2043
2037,2035
2027,2001
2026,2069
2013,2041
2008,2051
1997,2029
1995,2035
1979,2040
1984,2011
1977,2063
1982,2025
1978,2067
1979,2068
1979,2056
1973,2009
1981,2070
1973,2068
1977,2044
1975,2080
1988,2029
1984,2025
1987,2022
1996,2048
2005,2035
1995,2068
2008,2058
2015,2025
2025,2040
2029,2053
2032,2063
2053,2051
2057,2039
2065,2039
2074,2061
2083,2048
2085,2080
2103,2053
2101,2067
2119,2066
2117,2019
2131,2035
2137,2023
2140,2063
2147,2023
2155,2035
2163,2072
2171,2044
2191,2044
2189,2053
2200,1995
2202,2067
2199,2069
2208,2026
2204,2028
2218,2027
2217,2055
2221,1999
2217,2059
2211,2006
2219,2035
2215,2055
2213,2025
2208,2080
2189,2012
2200,2069
2194,2019
2190,2030
2175,2043
2172,2068
2168,2076
2160,2059
2151,2069
2146,2039
2139,2083
2133,2060
2108,2025
2110,2101
2104,2071
2093,2063
2091,2048
2077,2033
2069,2024
2064,2065
2056,2044
2033,2054
2021,2044
2019,2045
2015,2027
2005,2024
1997,2079
1996,2063
1994,2080
1979,2063
1978,2056
1988,2009
1982,2080
1975,2011
1969,2069
1976,2048
1979,2057
1976,2053
1978,2032
1980,2019
1980,2048
1990,2035
1987,2011
1992,2055
1995,2031
2007,2055
1991,2055
2009,2063
2022,2064
2025,2088
2023,2041
2040,2059
2035,2063
2043,2052
2065,2024
2072,2072
2080,2056
2088,2011
2092,2067
2097,2025
2111,2080
2107,2036
2125,2045
2121,2066
2139,2015
2145,2024
2151,2019
2152,2060
2164,2030
2167,2090
2175,2079
2186,2070
2188,2023
2195,2056
2199,2042
2197,2033
2202,2048
2203,2017
2199,2039
2198,2063
2195,2043
2197,2021
2199,2059
2192,2048
2189,2045
2184,2056
2176,2023
2167,2085
2168,2035
2151,2019
2153,2063
2148,2099
2135,2053
2137,2056
2123,2043
2119,2033
2101,2040
2099,2021
2096,2063
2077,2071
2079,2035
2072,2088
2063,2019
2043,2055
2025,2042
2027,2047
2025,2063
2015,2007
2007,2009
2000,2019
1979,2077
1981,2067
1977,2054
1961,2068
1965,2041
1965,2072
1963,2061
1959,2045
1955,2037
1958,2063
1952,2070
1952,2060
1953,2063
1955,2035
1963,2041
1961,2055
1957,2005
1963,2056
1977,2056
1971,2041
1976,2008
1990,2015
1992,2020
1999,2088
1996,2064
2009,2065
2019,2065
2028,2075
2035,2032
2039,2029
2051,2066
2055,2027
2067,2055
2067,2047
2075,2071
2095,2063
2098,2039
2094,2053
2112,2030
2109,2002
2123,2064
2129,2029
2140,2012
2151,1999
2147,2042
2158,2037
2164,2030
2164,2065
2173,2027
2182,2040
2163,2025
2180,2017
2183,2053
2189,2056
2183,2036
2181,2047
2181,2066
2171,2039
2164,2027
2171,2078
2163,2060
2157,2043
2156,2016
2148,2093
2135,2068
2137,2044
2129,2029
2125,2036
2107,2021
2104,2104
2093,2040
2095,2062
2089,2076
2081,2017
2072,2057
2057,2006
2054,2064
2043,2044
2023,2051
2021,2009
2007,2073
2011,2062
2004,2064
1989,2055
1984,2078
1982,2051
1965,2063
1965,2068
1959,2057
1964,2043
1966,2074
1964,2063
1959,2063
1964,2011
1953,2015
1957,2074
1964,2036
1947,2073
1964,2077
1961,2057
1968,2069
1973,2030
1976,2023
1979,2075
1987,2009
1987,2076
1999,2048
1997,1987
2011,2079
2009,2043
2021,2007
2028,2039
2036,2043
2040,2080
2053,2048
2069,2024
2071,2023
2077,2032
2088,2018
2095,2065
2095,2055
2108,2003
2116,2093
2117,2007
2127,2023
2132,2040
2137,1994
2148,2055
2161,2075
2165,2033
2161,2011
2172,2068
2173,2038
2176,2053
2169,2055
2191,2048
2188,2088
2185,2011
2186,2072
2187,2057
2173,2059
2187,2036
2184,2038
2177,2071
2165,2066
2161,2079
2157,2043
2145,2025
2141,2063
2143,2047
2131,2088
2121,2019
2113,2064
2111,2059
2093,2037
2089,2047
2087,2067
2080,2020
2067,2069
2067,2091
2041,2072
2044,2055
2032,2019
2024,2025
2015,2056
2011,2037
2001,2075
2002,2025
1989,2063
1972,2013
1975,2066
1971,2063
1961,2080
1959,2025
1959,2045
1957,2035
1955,2036
1960,2025
1957,2051
1957,2064
1949,2009
1960,2071
1962,2012
1964,2056
1966,2027
1968,2075
1961,2033
1976,2096
1973,2037
1983,2040
1991,2009
1993,2076
2008,2090
2005,2077
2011,2007
2022,2045
2029,2005
2029,2064
2053,2067
2043,2033
2066,2044
2072,2044
2079,2019
2085,2059
2089,2039
2099,2048
2103,2076
2103,2015
2115,2053
2126,2040
2128,2048
2139,2064
2144,2040
2151,2017
2158,2070
2155,2059
2167,2071
2165,2056
2181,2033
2173,2024
2173,2052
2176,2043
2173,2034
2167,2063
2161,2059
2169,2019
2167,2028
2168,2080
2151,2061
2151,2043
2144,2060
2136,2054
2135,2048
2112,2074
2119,2044
2107,2061
2103,2033
2095,2027
2085,2028
2089,2042
2063,2046
2068,2006
2044,2017
2044,2039
2032,2027
2019,2065
2024,2008
1999,2028
2004,2043
1996,2024
1987,2011
1969,2034
1961,2028
1964,2056
1945,2021
1950,2072
1938,2063
1942,2024
1939,2040
1933,2048
1936,2071
1934,2051
1932,2036
1938,2029
1936,2040
1929,2041
1936,2054
1932,2013
1944,2033
1952,2055
1945,2078
1951,2004
1965,2033
1972,2045
1975,2068
1976,2029
1995,2039
1999,2041
2008,2044
2009,2080
2027,2007
2036,2025
2047,2056
2055,2017
2067,2048
2074,2037
2085,2019
2083,2015
2105,2043
2110,2069
2117,2039
2132,2001
2133,2038
2143,2075
2158,2038
2159,2011
2163,2048
2184,2056
2187,2024
2195,2048
2188,2066
2207,2033
2208,2063
2217,2042
2204,2055
2224,2061
2219,2040
2201,2019
2204,2067
2215,2019
2216,2077
2203,2060
2207,2070
2198,2088
2185,2069
2184,2033
2180,2079
2167,2033
2157,2029
2160,2077
2151,2043
2151,2009
2147,2039
2132,2021
2121,2040
2120,2057
2109,2055
2103,2056
2092,2071
2083,1976
2074,2043
2055,2009
2061,2035
2056,2080
2042,2029
2032,2040
2019,2035
2020,2024
2012,2038
2012,2045
2000,2005
1989,2023
1997,2020
1991,2043
1993,2063
1984,2033
1981,2017
1989,2023
1979,2061
1973,2037
1979,2035
1992,2056
1992,2041
1996,2029
1991,2066
1999,2051
2011,1995
2008,2008
2016,2075
2028,2052
2033,2079
2041,2072
2043,2045
2039,2035
2054,2026
2069,2080
2077,2031
2073,2027
2072,1997
2089,2063
2093,2031
2111,2051
2119,2068
2123,2021
2129,2025
2135,2029
2144,2052
2148,2035
2151,2074
2166,2057
2169,2048
2181,2029
2171,2007
2192,2063
2188,2038
2199,2069
2204,2040
2208,2063
2201,2030
2207,2011
2206,2040
2202,2059
2199,2060
2197,2042
2196,2079
2187,2040
2188,2065
2187,2083
2168,2015
2169,2027
2161,2068
2153,2018
2151,2021
2141,2019
2139,2013
2125,2079
2121,2026
2103,2047
2091,2035
2083,2024
2085,2076
2071,2043
2063,2063
2058,2084
2035,2035
2035,2048
2020,2056
2016,2045
2006,2061
1999,2063
1995,2048
1975,2057
1976,2056
1965,2071
1963,2039
1960,2067
1957,2065
1955,2040
1952,2031
1954,2065
1951,2074
1951,2039
1945,2066
1943,2025
1947,2039
1952,2066
1947,2037
1951,2044
1952,2033
1964,2068
1960,2021
1971,2071
1980,2077
1984,2059
1988,1996
2000,2039
2001,2067
2007,2067
2021,1995
2027,2021
2025,1995
2044,2071
2045,2039
2063,2039
2072,2041
2078,2069
2084,2056
2098,2039
2099,2012
2111,2093
2122,2044
2127,2027
2125,2022
2144,2080
2152,2076
2155,2036
2160,2059
2165,2041
2175,2041
2179,2041
2184,2021
2185,2063
2183,2073
2193,2040
2197,2053
2191,2058
2195,2055
2184,2045
2188,2025
2187,2021
2184,2047
2173,2017
2171,2063
2167,2079
2149,2041
2158,2026
2157,2082
2138,2063
2136,2056
2129,2055
2120,2069
2107,2076
2107,2063
2091,2063
2085,2009
2072,2011
2072,2063
2057,2037
2056,2007
2043,2053
2033,2063
2024,2033
2016,2080
2007,2029
2004,2063
2001,2074
1987,2015
1978,2056
1969,2080
1973,2011
1968,2072
1961,2009
1957,2059
1963,2021
1960,2065
1951,2017
1955,2044
1943,2063
1953,2023
1952,2019
1960,2088
1960,2044
1955,1976
1968,2046
1961,2060
1975,2083
1973,2085
1971,2095
1979,1938
1995,2016
1995,2011
2010,2063
2013,2053
2017,2055
2021,2040
2036,2097
2048,2042
2038,1944
2067,2009
2069,2084
2080,2085
2092,2026
2107,1991
2105,2053
2116,2075
2123,2033
2131,2039
2135,2056
2154,2035
2161,2054
2163,2012
2171,2025
2185,2063
2187,2068
2181,2055
2199,2054
2193,2003
2203,2063
2201,2038
2201,2019
2201,2035
2210,2071
2195,2040
2199,2025
2187,2056
2184,2011
2186,2039
2179,2059
2172,2076
2167,2019
2160,2074
2141,2071
2143,2038
2124,2055
2121,2032
2117,2041
2099,2029
2095,2063
2090,2072
2076,2028
2057,1991
2053,2055
2042,2071
2024,2022
2019,2057
2006,2080
1988,2030
1984,2028
1971,2033
1959,2034
1954,2029
1929,2035
1928,2035
1913,2046
1914,2043
1912,2075
1896,2008
1903,2063
1897,2077
1894,2009
1896,2048
1889,2029
1896,2065
1895,2029
1900,2011
1900,2066
1901,2019
1912,2003
1913,2043
1920,2015
1927,2019
1939,2017
1946,2073
1949,2022
1962,2069
1973,2031
1989,2061
1991,2053
2009,2032
2016,2047
2028,2024
2033,2053
2055,2060
2066,2029
2073,2030
2090,2023
2099,2069
2111,2028
2115,2043
2123,2023
2131,2064
2144,1996
2162,2074
2164,1999
2175,2023
2181,2025
2187,2040
2192,2071
2193,2034
2197,2025
2207,2043
2208,2047
2215,2054
2211,2024
2207,2059
2210,1997
2203,2041
2203,2063
2199,2065
2188,2025
2188,2060
2169,2009
2172,2075
2160,2024
2155,2067
2146,2056
2139,2033
2135,2057
2117,2063
2112,2043
2099,2078
2099,2072
2090,2008
2079,2057
2072,2068
2063,2079
2055,2067
2038,2057
2034,2023
2032,2036
2024,2072
2011,2055
2008,2072
2003,2067
1992,2088
1997,2072
1984,2063
1984,2054
1977,2054
1973,2022
1984,2033
1981,2055
1975,2057
1980,2087
1977,2063
1980,2075
1985,2035
1975,2042
1988,2024
1992,2063
1992,2068
1991,2041
2004,2080
2006,2027
2012,2059
2024,2060
2026,2037
2026,2007
2044,2047
2042,2024
2053,2051
2063,2075
2073,2075
2079,2017
2087,2060
2092,2044
2095,2043
2094,2065
2103,2003
2120,2025
2120,2035
2128,2020
2123,2055
2135,2041
2135,2056
2139,2015
2137,2038
2160,2025
2168,2056
2163,2084
2179,2087
2186,2112
2192,2040
2194,2040
2199,2051
2205,2041
2206,2067
2208,2011
2209,2056
2207,2074
2198,2024
2199,2057
2193,2035
2184,2017
2182,2097
2184,2021
2179,2017
2172,2080
2168,2078
2166,2011
2156,2037
2155,2027
2151,2035
2154,2056
2139,2021
2136,2056
2129,2039
2127,2025
2109,2037
2109,2071
2089,2058
2091,2028
2075,2019
2072,2063
2063,2029
2060,2063
2044,2072
2039,2057
2028,2039
2035,2063
2032,2047
2023,2071
2021,2058
2016,2023
2018,2019
2009,2033
2005,2052
1999,2043
1987,2019
1979,2071
1979,2069
1972,2010
1960,2005
1963,2072
1953,2026
1952,2009
1947,2031
1953,2032
1952,2058
1959,2053
1948,2043
1967,2024
1987,2009
1979,2056
1975,2080
1988,2023
1992,2056
2004,2025
2003,2009
2017,2041
2011,2057
2027,2063
2039,2055
2041,2029
2058,2029
2063,2027
2067,2078
2080,2019
2099,2035
2105,2043
2121,2057
2143,2063
2145,2077
2162,2064
2170,2056
2192,2060
2200,2040
2211,2053
2221,2073
2226,2067
2231,2036
2236,2056
2236,2055
2245,2028
2246,2025
2246,2055
2250,2069
2255,2059
2247,2021
2248,2077
2248,2044
2229,2033
2229,2043
2225,2056
2215,2055
2210,2069
2204,2044
2187,2040
2185,2031
2176,2063
2168,2075
2161,2010
2148,2057
2133,1995
2127,2067
2107,2021
2093,2063
2087,2080
2073,2056
2048,2007
2035,2064
2031,2063
2012,2063
1993,2041
1985,2067
1969,2036
1964,2063
1959,2057
1956,2080
1944,2039
1943,2063
1941,2009
1943,2055
1933,2063
1936,2044
1927,2066
1933,2040
1941,2068
1933,2037
1935,2021
1941,2076
1940,2023
1955,2060
1964,2043
1963,2056
1971,2037
1979,2023
1977,2071
1980,2040
2008,2021
2012,2071
2023,2027
2033,2026
2037,2024
2039,2031
2059,2053
2077,2073
2085,2044
2095,2053
2107,2041
2121,2045
2125,2040
2139,2055
2140,2058
2160,2029
2168,2045
2173,2056
2171,2053
2179,2037
2194,2064
2193,2060
2200,2076
2201,2037
2205,2021
2202,2068
2210,2046
2209,2036
2195,2073
2195,2003
2195,2059
2184,2039
2187,2064
2184,2056
2167,2040
2167,2036
2155,2043
2139,2064
2143,2037
2126,2040
2117,2056
2097,2019
2090,2030
2072,2072
2072,2077
2055,2043
2038,2029
2028,2071
2013,2096
2003,1979
1994,2058
1978,2059
1967,2015
1957,2032
1949,2041
1944,2067
1939,2079
1929,2063
1923,2087
1918,2070
1901,2035
1904,2005
1893,2064
1900,2064
1893,2055
1883,2041
1895,2071
1894,2021
1891,2072
1897,2024
1900,2073
1901,2069
1910,2040
1909,2035
1915,2005
1929,2040
1931,2053
1944,2057
1947,2028
1963,2065
1976,2038
1992,2059
2001,2098
2004,2033
2018,2056
2025,2060
2032,2056
2041,2029
2056,2029
2063,2027
2066,2037
2076,2055
2077,2072
2091,2060
2099,2065
2101,2043
2115,2021
2117,2028
2125,2070
2140,2033
2144,2057
2146,2080
2157,2040
2166,2037
2161,2041
2171,2071
2169,2054
2176,2044
2176,2001
2173,2067
2179,2036
2172,2004
2171,2027
2165,2007
2160,2025
2158,2063
2149,2082
2137,2033
2143,2025
2133,2068
2131,2040
2127,2073
2124,2070
2119,2040
2115,2062
2104,2065
2102,2021
2091,2073
2095,2045
2076,2034
2075,2029
2074,2077
2055,2003
2056,2043
2040,2028
2040,2024
2032,2093
2029,2023
2017,2036
2005,2012
2008,2053
2003,2057
1995,2063
1992,2040
1991,2059
1990,2075
1987,2055
1991,2024
1993,2051
1991,2052
1992,2057
1992,2048
1999,2035
1987,2003
1992,2053
1987,2026
1990,2040
1973,2056
1989,2063
1991,2066
1996,2063
1999,2043
1989,2035
2005,2068
2006,2011
2009,2053
2013,2037
2019,2019
2027,2042
2032,2045
2032,2067
2036,2044
2048,2019
2053,2039
2065,2039
2065,2045
2071,2007
2078,2047
2083,2072
2089,2020
2095,2036
2091,2028
2107,2027
2109,2011
2120,2045
2121,2063
2119,2023
2135,2015
2140,2076
2132,2046
2144,2018
2147,2007
2160,2039
2159,1995
2155,2027
2160,2043
2165,2071
2167,2037
2164,2053
2155,2029
2152,2035
2153,2024
2148,2027
2151,2060
2137,2029
2131,2063
2123,2058
2119,2051
2103,2052
2115,2057
2108,2039
2104,2072
2096,2029
2091,2053
2082,2067
2071,2067
2069,2032
2068,2078
2052,2027
2044,2048
2040,2038
2028,2036
2025,1991
2015,2032
2007,2059
1993,2027
1993,2042
1979,2075
1973,2023
1971,2048
1966,2064
1955,2044
1944,2074
1948,2057
1947,2063
1945,2037
1946,2065
1937,2019
1933,2039
1943,2017
1933,2024
1945,2080
1945,2009
1944,2045
1952,2062
1957,2040
1961,2048
1962,2043
1976,2039
1977,2071
1976,2057
1977,2056
1992,2032
1991,2056
2008,2074
2006,2041
2009,2071
2021,2015
2040,2057
2041,2068
2048,2055
2055,2076
2075,2017
2084,2021
2091,2041
2099,2025
2111,2022
2108,2070
2121,2066
2130,2052
2135,2019
2154,2048
2156,2063
2157,2027
2169,2019
2172,2028
2176,2045
2172,2061
2183,2019
2189,2034
2192,2068
2183,2037
2180,2031
2185,2077
2187,2066
2180,2051
2173,2025
2172,2019
2167,2020
2157,2075
2159,2079
2153,2030
2144,2041
2140,2088
2131,2040
2132,2071
2117,2024
2103,2091
2103,2015
2094,2009
2088,2044
2076,2056
2065,2058
2058,2027
2041,2057
2039,2017
2029,2018
2024,1997
2016,2067
2013,2044
2005,2040
1992,2036
1987,2043
1983,2055
1980,2054
1973,2060
1963,2056
1967,2042
1967,2063
1965,2056
1967,2033
1957,2015
1961,2043
1959,2039
1966,2013
1963,2080
1972,2036
1976,2066
1976,2067
1984,2056
1984,2043
1989,2021
1993,2064
2003,2080
2009,2063
2009,2060
2013,2077
2028,2026
2041,2017
2045,2033
2046,2039
2064,2021
2065,2027
2075,1999
2085,2025
2091,2033
2096,2063
2100,2089
2111,2063
2112,2072
2126,2022
2124,2066
2131,2043
2145,2068
2152,2007
2155,2055
2162,2053
2169,2023
2168,2039
2179,2075
2169,2043
2173,2023
2180,2028
2182,2063
2167,2020
2172,2060
2174,2052
2163,2076
2163,2035
2171,2068
2160,2046
2157,2053
2157,2058
2149,2065
2144,2048
2136,2055
2123,2063
2121,2008
2123,2047
2109,2076
2104,2057
2099,2051
2081,2057
2086,2032
2072,2063
2067,2063
2063,2093
2042,2022
2039,2069
2035,2084
2015,2001
2009,2060
2008,2039
1995,2053
1980,2066
1988,2073
1971,2036
1968,2042
1968,2063
1959,2010
1963,2079
1960,2043
1948,2058
1965,2039
1962,2071
1957,2028
1952,2067
1952,2063
1947,2075
1957,2031
1952,2074
1956,2027
1968,2096
1976,2079
1977,2042
1977,2023
1984,2056
1994,2072
2000,2060
2011,2080
2015,2036
2021,2027
2025,2044
2040,2019
2045,2058
2053,2053
2072,2065
2079,2044
2079,2076
2097,2045
2099,2068
2104,2039
2116,2048
2127,2055
2136,2073
2143,2076
2155,2040
2167,2069
2170,2011
2184,2017
2186,2069
2189,2033
2193,2033
2200,2035
2195,2033
2199,2037
2206,2056
2207,2011
2199,2025
2201,2027
2195,2063
2189,2100
2199,2068
2187,2027
2181,2055
2172,2040
2165,2063
2155,2063
2152,2069
2138,2041
2130,2056
2129,2024
2116,2080
2107,2057
2097,2039
2088,2045
2077,2077
2063,2011
2058,2063
2041,2072
2034,2041
2023,2076
2017,2011
2000,2009
1984,2048
1980,2044
1968,2041
1965,2028
1956,2039
1939,2071
1937,2034
1935,2044
1925,2060
1920,2041
1927,2055
1920,2070
1897,2063
1913,2021
1914,2015
1920,2068
1909,2021
1913,2043
1919,2066
1920,2040
1928,2039
1927,2096
1937,2044
1944,2015
1947,2073
1947,2055
1955,2058
1966,2033
1972,2065
1971,2028
1981,2088
1988,2038
2000,2069
2008,2051
2024,2061
2024,2060
2039,2039
2036,2032
2054,2017
2055,2024
2073,2018
2080,2021
2086,2042
2081,2071
2087,2067
2103,2024
2103,2023
2105,2035
2125,2029
2133,2066
2142,2045
2143,2069
2143,2053
2143,2067
2155,2075
2151,2039
2153,2033
2159,2029
2155,2047
2158,2061
2152,2058
2155,2043
2149,2041
2143,2083
2140,2055
2131,2089
2141,2043
2136,2071
2119,2063
2125,2099
2105,2065
2104,2039
2106,2088
2101,2055
2093,2041
2079,2072
2073,2015
2069,2023
2068,2026
2057,2057
2053,2041
2037,2063
2039,2043
2028,2077
2024,2087
2020,2041
2016,2058
2009,2037
1996,2029
2000,2036
1993,2079
1977,2041
1987,2040
1980,2063
1971,2035
1976,2019
1976,2083
1976,2063
1975,2043
1972,2005
1975,2019
1975,2021
1975,2043
1973,2056
1973,2044
1972,2063
1981,2071
1991,2044
1988,2012
1995,2035
2008,2023
2009,2025
2017,2040
2024,2065
2027,2093
2039,2041
2037,2011
2056,2066
2058,2020
2059,2042
2072,2015
2077,2036
2079,2019
2087,2068
2093,2043
2108,2055
2108,2040
2117,2063
2125,2060
2125,2072
2131,2043
2136,2015
2151,2011
2155,2042
2164,2040
2164,2026
2166,2042
2179,2043
2179,2045
2168,2043
2190,2036
2185,2035
2185,2057
2181,2074
2179,2017
2169,2075
2165,2025
2172,2083
2165,2017
2166,2071
2161,2023
2147,2047
2156,2043
2145,2011
2137,2063
2135,2007
2126,2048
2115,2040
2116,2025
2103,2048
2092,2042
2087,2068
2081,2076
2079,2067
2071,2030
2055,2043
2039,2054
2033,2029
2023,2062
2024,2023
2007,2097
2007,2026
1993,2021
2002,2059
1977,2063
1978,2023
1972,2063
1967,2057
1960,2024
1964,2005
1960,2063
1949,2047
1957,2066
1938,2069
1951,2065
1943,2035
1948,2064
1956,2041
1957,2043
1958,2043
1953,2021
1955,2040
1967,1995
1976,2062
1976,2033
1963,2005
1984,2027
1993,2077
1995,2044
2007,2041
2007,2029
2016,2042
2027,2065
2030,2064
2033,2007
2041,2053
2056,2040
2067,2063
2076,2015
2084,2041
2092,2067
2097,2054
2097,2063
2107,2080
2115,2009
2123,2067
2133,2025
2139,2029
2152,2043
2153,2063
2158,2043
2166,2040
2163,2029
2169,2065
2169,2062
2183,2039
2173,2040
2184,2067
2186,2044
2181,2053
2173,2056
2165,2027
2167,2070
2163,2089
2167,2068
2167,2006
2155,2067
2151,2032
2144,1997
2144,2029
2131,2068
2128,2053
2108,2061
2113,2020
2105,2040
2095,2075
2092,2009
2077,2025
2075,2069
2071,2041
2063,2054
2038,2044
2039,2053
2028,2053
2024,2071
2008,2064
2009,2021
2004,2033
1996,2047
1980,2027
1987,2075
1972,2034
1976,2073
1976,2044
1971,2055
1963,2067
1977,2019
1973,2044
1968,2056
1961,2017
1970,2088
1979,2034
1972,2079
1980,2039
1981,2035
1989,2077
1989,2037
1992,2082
2008,2078
2003,2021
2021,2040
2019,2015
2036,2024
2040,2067
2041,2036
2058,2038
2065,2072
2073,2065
2081,2024
2092,2045
2108,2075
2100,2023
2124,2077
2131,2063
2137,2021
2145,2064
2151,2029
2157,2028
2166,2018
2171,2051
2168,2077
2181,2061
2189,2022
2211,2019
2205,2046
2211,2052
2205,2020
2220,2046
2225,2017
2223,2053
2228,2058
2215,2021
2221,2033
2215,2025
2219,2031
2219,2088
2201,2004
2204,2057
2203,2034
2189,2048
2180,2028
2177,2044
2168,2075
2163,2056
2154,2071
2147,2056
2137,2043
2121,2022
2122,2026
2109,2039
2097,2068
2096,2040
2071,2053
2071,2021
2063,2044
2043,2040
2031,2013
2027,2074
2024,2063
2013,2057
2001,2007
1995,2044
1997,2064
1983,2063
1976,2088
1963,2046
1961,2011
1957,2080
1959,2018
1956,2023
1953,2057
1953,2057
1951,2045
1947,2063
1949,2037
1947,2029
1941,2063
1960,2062
1959,2063
1956,2043
1963,2054
1969,2040
1982,2063
1980,1993
1994,2088
2002,2032
1995,2019
2007,2036
2016,2021
2025,2001
2030,2080
2041,2063
2041,2022
2059,2060
2069,2060
2079,2038
2080,2057
2095,2063
2098,2016
2108,2005
2120,2064
2125,2022
2132,2048
2139,2040
2143,2003
2160,2076
2164,2076
2168,2009
2179,2035
2182,2027
2184,2015
2194,2052
2189,2066
2196,2040
2200,2023
2204,2037
2194,2065
2201,2029
2203,2067
2199,2053
2191,2066
2186,2040
2169,2056
2179,2053
2169,1987
2165,2005
2168,2052
2162,2039
2152,2059
2141,2063
2136,2036
2120,2041
2122,2062
2117,2073
2106,2054
2095,2077
2087,2037
2085,2079
2077,2022
2068,2036
2063,2003
2053,2063
2043,2040
2029,2011
2027,2028
2016,2043
2007,2063
2003,2019
1998,2088
1999,2027
1991,2035
1976,2072
1977,1995
1976,2072
1968,2075
1976,2079
1965,2040
1966,2053
1961,2024
1956,2040
1965,2025
1958,2063
1964,1995
1963,2051
1964,2070
1975,2007
1984,2063
1975,2016
1988,2037
1987,2073
1992,2041
1989,2041
1998,2033
2008,2079
2012,2053
2011,2034
2017,2037
2015,2031
2032,2072
2027,2015
2039,2088
2055,2033
2052,2026
2055,2018
2072,2071
2080,2068
2080,2071
2080,2059
2096,2029
2094,2027
2101,2029
2108,2027
2113,2068
2122,2045
2120,2008
2135,2051
2123,2059
2137,2025
2144,2043
2150,2056
2139,2068
2153,2005
2137,2044
2150,2045
2149,2009
2156,2072
2148,2026
2152,2088
2126,2035
2133,2051
2132,2060
2136,2044
2129,2011
2119,2021
2117,2068
2105,2007
2115,2021
2104,2072
2092,2041
2091,2040
2082,2063
2080,2041
2072,2068
2057,2065
2041,2065
2039,2044
2036,2103
2029,2012
2018,2024
2005,2031
1993,2025
1989,2080
1977,2027
1977,2027
1961,2072
1961,2037
1956,2068
1952,2065
1947,2039
1946,2025
1940,2077
1931,2028
1939,2005
1934,2076
1936,2025
1933,2015
1928,2035
1945,2027
1943,2063
1933,2039
1943,2017
1945,2036
1954,2063
1957,2019
1949,2065
1965,2063
1971,2043
1984,2020
1989,2088
2001,2011
2008,2072
2018,2044
2017,2068
2025,2054
2043,2035
2055,2045
2072,2062
2081,2001
2089,2043
2093,2007
2103,2019
2115,2039
2128,2045
2135,2043
2139,2063
2153,2044
2166,2035
2169,2056
2178,2045
2173,2037
2188,2031
2199,2043
2196,2056
2191,2021
2199,2029
2200,2071
2200,2040
2193,2060
2195,2040
2185,2025
2183,2043
2183,2063
2168,2040
2157,2021
2157,2065
2143,2021
2140,2025
2137,2045
2121,2029
2121,2027
2097,2017
2100,2072
2088,2039
2083,2061
2073,2