2044,2027
2055,2040
2067,1991
2065,2017
2079,2059
2092,2041
2105,2072
2108,2023
2115,2039
2123,2023
2128,2045
2144,2073
2145,2043
2156,2067
2157,2007
2157,2034
2171,2040
2168,2010
2180,2029
2191,2053
2196,2027
2200,2043
2194,2055
2201,2029
2199,2071
2195,2007
2189,2021
2199,2075
2171,2071
2184,2088
2167,2021
2168,2025
2166,2048
2156,2033
2149,2041
2143,2065
2136,2041
2123,2026
2112,2069
2107,2023
2095,2007
2074,2033
2075,2060
2053,2063
2055,2037
2031,2009
2027,2058
2016,2064
1993,2043
1984,2064
1969,2007
1967,2028
1952,2039
1943,2045
1947,2037
1944,2079
1927,2019
1930,2015
1924,2027
1917,2072
1924,2028
1916,2063
1916,2055
1918,2080
1920,2053
1917,2025
1927,2096
1931,2024
1944,2068
1945,2023
1956,2048
1965,2043
1972,2040
1981,2043
1981,2056
2005,2037
2016,2042
2024,2052
2035,2025
2056,2072
2071,2053
2078,2040
2088,2019
2108,2024
2123,2071
2131,2055
2139,2041
2155,2045
2163,2099
2171,2041
2183,2044
2200,2054
2215,2055
2215,2025
2224,2040
2229,2019
2240,2015
2252,2005
2249,2019
2256,2041
2264,2042
2251,2039
2259,2071
2251,2021
2250,2055
2235,2018
2240,2068
2227,2061
2224,2061
2213,2054
2208,2063
2196,2004
2188,2087
2173,2072
2155,2033
2158,2056
2151,2036
2129,2023
2124,2044
2117,2081
2103,2034
2085,2037
2071,2021
2071,2028
2040,2041
2040,2030
2024,2039
2024,2020
2010,2072
1999,2075
1979,2067
1975,2021
1972,2056
1972,2053
1967,2080
1961,2037
1964,2074
1945,2039
1955,2035
1960,2043
1950,2063
1963,2027
1965,2024
1963,2036
1963,2063
1970,2055
1967,2029
1969,2028
1975,2077
1987,2033
2001,2053
2003,2066
2007,2011
2008,2041
2024,2055
2027,1997
2028,2024
2039,2009
2058,2030
2067,2017
2075,2023
2077,2035
2090,2079
2092,2028
2098,2035
2108,2027
2119,2021
2121,2025
2129,2055
2124,2043
2141,2072
2135,2033
2146,2079
2151,2060
2149,2027
2160,2039
2162,2063
2163,2005
2159,2029
2172,2028
2163,2025
2172,2022
2171,2048
2169,2031
2172,2068
2161,2015
2171,2048
2161,2046
2155,2025
2148,2069
2152,2075
2149,2040
2143,2035
2135,2065
2129,2037
2119,2040
2115,2056
2113,2039
2103,2053
2099,2035
2092,2036
2088,2069
2079,2063
2075,2063
2076,2043
2057,2028
2063,2038
2039,2042
2044,2044
2040,2057
2027,2032
2023,2095
2023,2019
2012,2076
2008,2069
2009,2068
1991,2021
1989,2021
1991,2029
1989,2043
1982,2070
1977,2067
1984,2056
1978,2046
1982,2056
1987,2046
1975,2025
1977,2040
1981,2056
1980,2012
1984,2076
1980,2027
1981,2039
1994,2025
1999,2035
1991,2038
2004,2065
2005,2056
2006,2065
2007,2059
2022,2088
2019,2019
2023,2007
2039,2084
2037,2031
2035,2004
2041,2028
2057,2042
2055,2025
2071,2056
2071,2031
2075,2036
2090,2069
2093,2057
2104,2058
2097,2057
2107,2011
2119,2041
2122,2053
2131,2025
2129,2019
2140,2030
2140,2031
2155,2040
2156,2027
2157,2056
2157,2045
2167,2043
2163,2072
2176,2044
2171,2037
2168,2017
2175,2060
2182,2065
2173,2072
2167,2046
2165,2080
2169,2077
2155,2011
2160,2051
2157,2019
2148,2045
2152,2058
2135,2001
2136,2065
2135,2055
2120,2059
2131,2023
2115,2065
2104,2025
2101,2079
2099,2035
2087,2033
2077,2039
2075,2043
2055,2017
2055,2074
2056,2073
2045,2017
2034,2073
2029,2039
2024,2062
2011,2044
2003,2003
2007,2017
1999,2025
1990,2045
1996,2001
1989,2027
1993,2065
1990,2066
1981,2039
1984,2069
1978,2056
1979,1995
1983,2053
1975,2055
1984,2029
1991,2037
1992,2037
1993,2053
1991,2067
2003,2039
2008,2087
2007,2063
2015,2040
2016,2035
2023,2040
2028,2038
2037,2068
2039,2033
2045,2037
2045,2077
2063,2077
2073,2025
2071,2068
2079,2039
2085,1997
2097,2075
2103,2012
2112,2059
2119,2069
2116,2048
2140,2035
2139,2025
2149,2080
2163,2040
2159,2041
2169,2071
2169,2042
2179,2071
2181,2058
2192,2064
2189,2041
2195,2023
2200,2017
2201,2032
2187,2045
2185,2006
2193,2041
2192,2050
2189,2042
2179,2026
2184,2043
2169,2059
2169,2060
2162,2063
2156,2063
2145,2033
2146,2065
2135,2057
2125,2043
2120,2074
2107,2079
2097,2011
2091,2048
2073,2063
2063,2008
2067,2038
2052,2068
2042,2066
2033,2004
2019,2096
2012,2071
2008,2039
2001,2061
1981,2071
1977,2067
1965,2059
1967,2084
1947,2043
1955,2063
1951,2063
1943,2037
1948,2048
1940,2072
1935,2019
1932,2031
1935,2040
1934,2071
1935,2066
1932,2041
1940,2071
1944,2076
1944,2037
1949,2019
1951,2011
1965,2027
1968,2073
1969,2063
1975,2057
1987,2045
1996,2023
2007,2077
2013,2040
2027,2063
2035,2058
2039,2029
2063,2023
2063,2058
2071,2037
2081,2026
2091,2080
2097,2037
2107,2035
2125,2021
2131,2073
2137,2060
2150,2044
2153,2080
2163,2029
2171,2009
2176,2048
2187,2057
2192,2066
2201,2009
2200,2075
2205,2033
2207,2029
2208,2075
2206,2078
2197,2079
2195,2039
2187,2073
2197,2019
2193,2043
2184,2023
2171,2028
2172,2071
2159,2052
2153,2064
2146,2027
2135,2041
2136,2083
2109,2010
2107,2037
2099,2033
2093,2088
2080,2063
2072,2035
2066,2044
2043,2027
2040,2055
2023,2068
2019,2056
2013,2076
1987,2075
1981,2035
1984,2072
1973,2025
1957,2044
1949,2039
1954,2068
1943,2033
1944,2040
1933,2024
1936,1999
1928,2054
1935,2076
1937,2072
1940,2076
1938,2037
1929,2017
1945,2040
1945,2005
1945,2048
1952,2007
1952,2013
1955,2071
1967,2066
1976,2040
1981,2063
1999,2006
1995,2059
2011,1997
2027,2041
2030,2029
2029,2036
2055,2072
2066,2069
2073,2041
2081,2023
2093,2011
2104,2059
2112,2053
2122,2005
2134,2045
2136,2048
2149,2063
2151,2025
2163,2057
2171,2081
2179,2066
2183,2029
2195,2044
2196,2039
2207,2048
2207,2027
2214,2060
2199,2019
2220,2019
2213,2035
2220,2048
2216,2019
2211,2039
2213,1998
2211,2023
2197,2065
2195,2017
2196,2077
2188,2092
2172,2021
2165,2079
2156,2071
2159,2044
2147,2056
2144,2072
2135,2056
2122,2035
2115,1995
2105,2044
2093,2045
2088,2043
2071,2021
2070,2063
2063,2011
2041,2025
2033,1999
2021,2001
2027,2069
2003,2017
2003,2043
1991,2021
1992,2044
1973,2047
1973,2035
1969,2030
1959,2055
1960,2068
1962,2018
1961,2038
1964,2065
1960,2058
1966,2067
1963,2021
1969,2073
1968,2003
1967,2059
1972,2069
1979,2021
1968,2060
1986,2073
1991,2019
2003,2056
2006,2063
2009,2088
2018,2027
2039,2048
2038,2045
2043,2007
2064,2048
2067,2044
2066,2074
2073,2029
2093,2043
2093,2001
2108,2055
2116,2019
2123,2072
2134,2036
2145,2047
2143,2023
2155,2073
2157,2073
2163,2044
2177,2025
2172,2063
2191,2029
2184,2035
2199,2065
2199,2027
2200,2055
2207,2020
2215,2017
2216,2063
2209,2048
2216,2043
2213,2069
2216,2022
2211,2058
2208,2035
2203,2060
2206,1997
2197,2058
2193,2036
2185,2056
2187,2069
2168,2063
2168,2029
2165,2037
2158,2054
2152,2059
2141,2079
2135,2040
2136,2058
2107,2076
2109,2043
2105,2029
2094,2075
2092,2035
2083,2017
2080,2095
2065,2043
2053,2044
2048,2044
2035,2048
2037,2043
2032,2055
2017,2057
2013,2035
2011,2043
2005,2024
1999,2043
2007,2027
2001,2052
1999,2071
1995,2068
2000,2080
1993,2063
1992,2035
2001,2035
2001,2070
2000,2063
1998,2040
2004,2068
2007,2089
2005,2031
2001,2078
2012,2033
2022,2065
2020,2027
2022,2027
2032,2083
2040,1994
2043,2035
2056,2070
2055,2028
2067,2088
2079,2063
2083,2035
2081,2028
2090,2005
2093,2076
2108,2069
2109,2063
2124,2003
2129,2043
2125,2003
2141,2039
2145,2033
2143,2024
2165,2071
2165,2023
2167,2036
2184,2045
2191,2067
2193,2028
2198,2075
2193,2001
2203,2056
2204,2055
2197,2077
2207,2066
2205,2081
2195,2032
2201,2025
2199,2026
2196,2063
2189,2067
2181,2089
2183,2039
2173,2027
2174,2063
2164,2003
2149,2089
2147,2035
2150,2017
2138,2009
2135,2047
2117,2042
2112,2072
2099,2071
2091,2045
2088,2084
2087,2039
2076,2057
2065,2021
2059,2079
2041,2011
2029,2037
2028,2042
2024,2043
2013,2063
2008,2040
1996,2080
1995,2025
1987,2078
1971,2063
1978,2054
1974,2041
1966,2065
1976,2056
1967,2035
1961,2057
1967,2054
1959,2059
1965,2076
1975,2065
1971,2043
1980,2043
1971,2045
1981,2035
1975,2044
1991,2080
1999,2082
1997,2071
2008,2056
2009,2019
2021,2055
2031,2077
2033,2013
2041,2067
2063,2041
2066,2075
2072,2023
2083,2064
2085,2080
2089,2040
2107,2096
2107,2053
2129,2026
2129,2033
2139,2007
2148,2035
2149,2063
2153,2027
2171,2044
2179,2009
2189,2042
2188,2013
2200,2011
2200,2067
2207,2068
2203,2080
2203,2028
2215,2045
2205,2024
2212,2065
2213,2072
2208,2053
2205,2040
2197,2023
2199,2052
2194,2055
2187,2063
2180,2068
2176,2072
2164,2013
2163,2059
2151,2011
2139,2044
2150,2063
2129,2096
2127,2081
2109,2076
2104,2053
2093,2055
2078,2043
2085,2040
2069,2003
2055,2009
2055,2080
2040,2037
2025,2027
2024,2091
2009,2019
2011,2040
2005,2040
1992,2072
1992,2040
1980,2078
1980,2040
1977,2071
1972,2011
1969,2056
1975,2041
1966,2020
1969,2063
1952,2025
1966,2027
1969,2056
1973,2011
1976,2066
1971,2025
1984,2012
1987,2019
1991,2043
1993,2058
1993,2035
2007,2065
2016,2030
2025,2063
2024,2077
2036,2025
2041,2031
2055,2040
2066,2027
2076,2063
2076,2081
2091,2035
2102,2029
2107,2067
2115,2045
2125,2076
2136,2028
2137,2044
2152,2036
2156,2071
2153,2078
2172,2026
2184,2058
2190,2040
2195,2064
2199,2043
2197,2045
2199,2044
2208,2021
2201,2056
2208,2021
2208,2071
2212,2019
2209,1993
2201,2017
2205,2024
2203,2037
2192,2005
2190,2080
2183,2053
2180,2063
2176,2026
2167,2026
2157,2070
2152,2071
2141,2029
2131,2009
2135,2069
2119,2078
2112,2075
2098,2092
2089,2081
2082,2019
2076,2029
2065,2018
2056,2089
2040,2066
2033,2071
2017,2032
2007,2055
2008,2068
2007,2038
1990,2040
1987,2031
1973,2040
1975,2047
1960,2043
1968,2044
1955,2052
1962,2068
1957,2035
1947,2021
1945,2048
1953,2005
1947,2027
1957,2068
1953,2077
1960,2015
1961,1993
1955,2021
1968,2066
1969,2025
1983,2073
1983,2041
1981,2023
2007,2087
2010,2068
2001,1997
2016,2048
2033,2035
2033,2039
2040,2041
2043,2035
2040,2041
2068,2043
2074,2040
2081,2039
2087,2009
2096,2059
2104,2043
2109,2035
2121,2075
2124,2040
2132,2080
2138,2034
2145,2056
2162,2044
2157,2070
2172,2063
2163,2059
2176,2048
2187,2056
2184,2009
2187,2024
2192,2052
2196,2042
2200,2040
2192,2021
2196,2064
2201,2017
2195,2044
2184,2048
2176,2067
2184,2076
2165,2073
2157,2019
2167,2071
2151,2017
2151,2048
2144,2039
2132,2023
2132,2065
2127,2041
2123,2005
2111,2003
2108,2065
2092,2055
2095,2074
2073,2071
2077,2064
2069,2045
2063,2025
2041,2011
2039,2040
2037,2039
2032,2006
2020,2010
2018,2074
2001,2024
2005,2048
2000,2066
1999,2023
1984,2079
1981,2055
1979,2070
1991,2063
1979,2075
1984,2059
1988,2041
1991,2068
1992,2072
1989,2035
1993,2023
1995,2059
1996,2056
2013,2077
2012,2077
2011,2056
2021,2015
2021,1991
2034,2039
2037,2040
2053,2041
2063,2027
2055,2017
2071,2063
2077,2017
2075,2056
2091,2025
2092,2018
2109,2056
2112,2035
2117,2011
2129,2021
2137,2068
2148,2045
2151,2070
2156,2044
2167,2007
2172,2038
2173,2072
2191,2079
2200,2063
2199,2039
2199,2080
2215,2014
2216,2063
2215,2039
2220,2036
2224,2047
2224,2035
2224,2048
2224,2024
2217,2067
2229,2064
2220,2061
2213,2033
2210,2015
2209,2021
2197,2043
2199,2023
2193,2065
2191,2069
2173,2010
2163,2041
2163,2007
2160,2052
2154,2086
2150,2065
2137,2019
2136,2065
2131,2039
2123,2029
2112,2040
2099,2058
2102,2038
2091,2046
2079,2024
2071,2036
2069,2072
2062,2071
2052,2029
2033,2056
2031,2029
2027,2004
2011,2068
2011,2041
2010,2068
2002,2063
1995,2065
1990,2035
1976,2085
1982,2076
1971,2001
1975,2031
1964,2076
1976,2083
1971,2100
1971,2003
1973,2032
1975,2009
1982,2056
1979,2040
1987,2053
1991,2068
1987,2063
1995,2030
1993,1975
2003,2024
2008,2080
2008,2076
2014,2072
2019,2082
2023,2075
2024,2027
2037,2043
2041,2063
2064,2100
2071,2067
2085,2027
2088,2027
2093,2029
2101,2032
2112,2071
2123,2012
2135,2088
2137,2049
2154,2047
2152,2025
2156,2043
2169,2027
2184,2005
2192,2019
2199,2072
2203,2032
2220,2030
2225,2051
2231,1996
2235,2075
2233,2029
2233,2044
2245,2061
2235,2015
2238,2084
2243,2057
2231,2056
2225,2058
2224,2075
2215,2017
2205,2017
2206,2056
2205,2078
2193,2041
2181,2059
2171,2053
2163,2071
2157,2063
2150,2029
2138,2047
2132,2080
2121,2063
2105,2044
2094,2043
2088,2080
2072,2067
2056,2091
2056,2023
2044,2088
2027,2069
2015,2079
2011,2053
1995,2070
1995,2071
1993,2025
1985,2080
1975,2029
1973,2044
1967,2053
1971,2071
1969,2042
1976,2040
1977,2070
1962,2063
1977,2093
1973,2065
1984,2127
1979,2069
1996,2028
1991,2009
2010,2068
2014,2087
2019,1991
2035,1965
2039,1995
2048,2029
2063,2072
2075,2080
2084,2093
2087,2091
2104,2099
2108,1968
2123,2004
2137,2037
2143,2080
2157,2047
2184,2020
2200,2030
2211,2056
2224,2032
2231,2097
2239,2080
2256,2035
2264,2034
2261,1945
2259,2031
2261,2072
2257,2071
2251,2005
2253,2069
2253,2056
2235,2011
2243,2015
2237,2032
2249,2013
2237,2081
2240,2024
2249,2027
2237,2043
2232,2042
2227,2039
2207,2064
2195,2040
2166,1975
2161,2011
2133,2033
2122,2027
2107,2048
2088,2075
2072,2024
2069,2035
2065,2071
2041,2006
2040,2039
2027,2043
2015,2039
2007,2055
1985,2080
1968,2057
1948,2045
1931,2063
1906,2011
1892,2065
1873,2076
1851,2027
1846,2056
1825,2041
1828,1996
1829,2039
1825,2071
1832,2060
1833,2039
1843,2063
1868,2007
1880,2035
1888,2063
1897,2022
1908,2009
1906,2019
1916,2040
1915,2019
1936,2087
1943,2060
1949,2012
1962,2065
1973,2026
1999,1993
2019,2024
2044,2037
2065,2035
2079,2005
2100,2067
2112,2065
2129,2080
2139,2071
2155,2036
2161,2011
2174,2057
2176,2039
2186,2076
2196,2055
2195,2046
2190,2010
2196,2019
2203,2023
2202,2067
2203,2063
2197,2026
2203,2055
2208,2037
2204,2021
2209,2089
2195,2033
2221,2063
2217,2035
2208,2035
2207,2057
2196,2056
2183,2011
2157,2040
2155,2056
2136,2076
2109,2074
2093,2072
2088,2056
2067,2055
2063,2041
2045,2089
2040,2023
2037,2027
2037,2039
2033,2070
2036,2080
2025,2080
2028,2042
2024,2023
2027,2072
2019,2042
2007,2027
2012,2041
2005,2068
2007,2071
2004,2068
2011,2039
2019,2075
2016,2063
2020,2010
2021,2079
2024,2072
2028,2056
2023,2043
2032,2071
2040,2069
2039,2060
2040,2025
2047,2029
2044,2080
2053,2029
2069,2074
2068,2066
2079,2032
2084,2043
2088,2024
2093,2041
2093,2036
2105,2056
2093,2020
2081,2035
2092,2027
2099,2059
2097,2005
2096,2035
2091,2014
2098,2043
2096,2051
2104,2043
2112,2040
2116,2037
2127,2037
2132,2043
2131,2040
2139,2025
2148,2074
2152,2032
2151,1997
2147,1997
2152,2032
2147,2003
2147,2027
2146,2070
2163,2058
2165,2066
2156,2040
2169,2058
2165,1989
2173,2008
2171,2035
2181,2036
2173,2041
2179,2015
2177,2029
2183,2066
2175,2052
2174,2072
2175,2068
2170,2040
2168,2059
2170,2069
2163,2026
2167,2061
2162,2021
2158,2001
2158,2063
2145,2041
2140,2076
2138,2034
2121,1997
2121,2052
2115,2020
2104,1995
2099,2052
2083,1996
2075,2037
2076,2024
2044,2043
2037,2057
2039,2048
2024,2045
2024,2040
2011,2027
2001,2036
2005,2040
1999,2021
1991,2048
1984,2018
1980,2055
1972,2043
1979,1999
1954,2013
1957,2061
1957,2009
1958,2064
1951,2017
1941,2037
1945,2080
1950,2056
1941,2043
1944,2052
1946,2039
1949,2037
1941,2056
1960,2059
1961,2048
1965,2068
1969,2035
1992,1998
1991,2040
1992,2076
2004,2029
2004,2035
2020,2029
2024,2047
2029,2031
2053,2018
2055,2029
2063,2024
2075,2039
2076,2058
2083,2021
2092,2065
2103,2056
2120,2018
2121,2053
2136,2041
2145,2040
2160,2067
2173,2063
2172,2028
2191,2063
2193,2037
2208,2075
2211,2026
2216,2045
2217,2019
2232,2071
2225,2079
2228,2018
2230,2089
2223,2019
2220,2058
2218,2026
2219,2033
2220,2044
2211,2040
2205,2079
2199,2029
2193,2043
2196,2037
2185,2063
2185,2047
2184,2080
2170,2035
2169,2076
2160,2076
2143,2041
2141,2068
2131,2053
2125,2080
2107,2055
2099,2092
2089,2041
2078,2075
2073,2031
2041,2037
2031,2041
2026,2021
2015,2068
2003,2055
1996,2072
1977,2027
1977,2079
1977,2058
1976,2035
1979,2067
1974,2080
1973,2053
1963,2019
1963,2076
1972,2019
1963,2083
1977,2040
1972,2011
1977,2067
1978,2056
1981,2029
1989,1989
1992,2067
2000,2043
2000,2075
2012,2048
2016,2080
2026,2063
2030,2075
2040,2085
2059,2075
2074,2026
2084,2065
2089,2023
2100,2072
2119,2056
2132,2035
2133,2019
2137,2029
2155,2088
2158,2025
2169,2027
2185,2022
2199,2031
2192,2056
2196,2043
2205,2025
2205,2056
2215,2060
2220,2038
2213,2012
2219,2025
2224,2071
2224,2048
2221,2063
2209,2071
2213,2020
2215,2069
2202,2031
2199,2025
2193,2057
2185,2030
2171,2029
2161,2023
2151,2036
2143,2069
2124,2023
2120,2015
2099,2019
2093,2068
2077,2027
2068,2067
2063,2057
2047,2036
2032,2072
2019,2034
2007,2056
2000,2029
1991,2023
1976,2035
1975,2075
1963,2015
1954,2003
1951,2041
1943,2064
1943,2065
1933,2019
1929,2023
1927,2043
1911,2009
1919,2073
1914,2068
1913,2036
1914,2001
1917,2040
1913,2063
1916,2040
1911,2029
1917,2024
1927,2025
1935,2033
1940,2068
1946,2057
1947,2043
1968,2030
1972,2041
1987,2036
1979,2071
1995,2071
2005,2071
2014,2037
2023,2022
2022,2041
2032,2063
2040,2058
2037,2076
2055,2029
2067,2075
2065,2037
2072,2036
2075,2044
2085,2025
2100,1997
2100,2071
2105,2045
2115,2043
2135,2043
2135,2045
2147,2027
2152,2067
2151,2029
2154,2033
2164,2032
2163,2027
2155,2075
2167,2066
2155,2024
2164,2039
2163,2047
2162,2043
2158,2058
2157,2056
2152,2035
2151,2046
2141,2071
2134,2063
2136,2091
2123,2056
2131,2058
2118,2063
2121,2056
2113,2051
2100,2028
2091,2001
2087,2071
2088,2019
2077,2029
2072,2056
2065,2040
2053,2072
2039,2029
2032,2035
2019,2039
2023,2076
2012,2011
2007,2079
1995,2011
1993,2060
1987,2039
1977,2005
1965,2067
1973,2082
1965,2023
1959,2042
1971,2003
1965,2063
1966,2075
1968,2021
1963,2063
1967,2080
1966,2035
1965,2019
1965,2027
1978,2080
1975,2023
1975,2063
1979,2019
1995,2075
2000,2023
2004,2059
2003,2056
2014,2033
2023,2076
2034,2063
2039,2015
2041,2041
2057,2036
2068,2076
2072,1991
2080,2063
2085,2037
2089,2063
2093,2051
2106,2035
2105,2027
2115,2007
2119,2069
2136,2019
2138,2043
2131,2025
2148,2072
2152,2063
2151,2027
2161,2025
2168,2019
2168,2060
2170,2057
2171,2067
2171,2082
2179,2056
2184,2056
2176,2009
2176,2053
2169,2058
2167,2009
2161,2023
2158,2043
2155,2025
2149,2025
2147,2021
2132,2017
2128,2019
2121,2006
2112,2067
2103,2041
2103,2045
2095,2056
2089,2039
2084,2040
2070,2011
2072,2036
2059,2017
2056,2056
2046,2041
2040,2028
2032,2017
2017,2042
2014,2048
2005,2071
1999,2024
2001,2023
1984,2060
1981,2035
1971,2042
1973,2056
1966,2053
1962,2048
1960,2019
1947,2079
1953,2057
1953,2038
1952,2007
1959,2088
1950,2020
1945,2011
1956,2035
1959,2063
1956,2054
1953,2053
1962,2023
1955,2072
1965,2015
1969,2019
1977,2027
1975,2040
1986,1997
1992,2068
1996,2035
1999,2092
1999,2024
2008,2020
2011,2059
2016,2067
2026,2077
2029,2030
2036,2019
2038,2075
2039,2069
2055,2079
2063,2003
2065,2057
2066,2063
2072,2019
2072,2043
2086,2041
2092,2041
2094,2041
2093,2038
2102,2063
2101,2068
2100,2044
2109,2033
2120,2083
2117,2023
2125,2057
2129,2060
2120,2029
2121,2053
2129,2029
2122,2047
2123,2043
2117,2068
2117,2064
2112,2044
2110,2076
2107,2080
2105,2025
2099,2041
2092,2063
2089,2043
2073,2061
2083,2077
2075,2026
2074,2072
2068,2039
2059,2042
2055,2096
2048,2029
2042,2060
2038,2017
2032,2072
2024,2075
2016,2076
2013,2065
2011,2055
2001,2060
1998,2060
1992,2068
1979,2081
1977,2066
1973,2080
1975,2064
1966,2052
1955,2036
1962,2079
1961,2048
1955,2067
1956,2076
1956,2077
1952,2068
1947,2036
1945,2057
1960,2056
1947,2009
1948,2099
1947,2051
1960,2017
1953,2064
1961,2041
1976,2036
1979,2063
1982,2023
1987,2082
1992,2056
1998,2084
2006,2035
2009,2007
2015,2023
2021,2059
2021,2032
2031,2011
2041,2074
2043,2019
2068,2029
2071,2067
2080,2003
2075,2042
2095,2075
2102,2071
2104,2072
2107,2048
2124,2066
2135,2039
2130,2046
2139,2069
2144,2060
2158,2023
2160,2038
2156,2005
2169,2065
2167,2023
2179,2072
2179,2029
2184,2063
2176,2076
2171,2041
2171,2079
2164,2041
2168,2044
2169,2037
2151,2019
2156,2029
2153,2063
2137,2041
2135,2071
2137,2024
2130,2046
2118,2071
2112,2039
2109,2057
2100,2032
2082,2036
2083,2026
2071,2044
2066,2056
2056,2028
2039,2029
2035,2040
2019,2035
2007,2071
1997,2064
1989,2072
1987,2051
1973,2027
1968,2017
1965,1996
1948,2027
1955,2031
1955,2011
1948,2021
1937,2033
1939,2020
1937,2041
1937,2064
1940,2036
1938,2063
1936,2040
1931,2043
1943,2069
1942,2048
1943,2035
1952,2045
1948,1991
1956,2065
1963,2026
1972,2058
1976,2003
1980,2063
1987,2021
1996,2030
2004,2026
2008,2036
2016,2023
2028,2015
2035,2065
2036,1974
2057,2057
2065,2047
2067,2012
2076,2037
2085,2040
2089,2008
2107,2021
2117,2025
2120,2025
2132,2064
2139,2058
2144,2072
2154,2036
2163,2021
2155,2017
2161,2035
2173,2037
2173,1995
2171,2011
2179,2033
2183,2021
2173,2024
2184,2035
2176,2068
2176,2035
2171,2063
2158,2071
2157,2005
2151,2042
2143,2005
2149,2028
2140,2055
2129,2056
2126,2007
2121,2080
2115,2030
2102,2035
2095,2037
2091,2028
2084,2058
2079,2068
2065,2027
2055,2082
2039,2015
2041,2063
2027,2076
2017,2069
2023,2064
2007,2009
2001,2030
1994,2048
1984,2053
1980,2071
1971,2061
1972,2041
1972,2067
1961,2065
1966,2064
1973,2063
1955,2056
1968,2060
1957,2064
1964,2041
1961,2012
1967,2039
1976,2065
1977,2068
1976,2078
1984,2032
1992,2064
1989,2056
1995,2077
2004,2087
2011,2041
2021,2029
2015,2056
2027,1991
2032,2029
2042,2058
2047,2063
2059,2077
2068,2040
2076,2037
2071,2026
2089,2025
2090,2071
2093,2045
2104,2027
2105,2039
2112,2007
2121,2053
2121,2017
2135,2070
2139,2027
2152,2035
2159,2067
2157,2067
2159,2038
2164,2011
2167,2021
2171,2040
2170,2043
2165,2033
2170,2039
2165,2005
2168,2063
2167,2031
2162,2042
2158,2032
2151,2019
2143,2020
2133,2076
2140,2039
2132,2021
2125,2067
2107,2033
2104,2035
2104,2037
2104,2024
2095,2011
2087,2019
2076,2088
2076,2075
2063,2033
2056,2078
2039,2053
2039,2039
2039,2059
2018,2063
2012,2037
2010,2025
2008,2074
2000,2047
1991,2024
1993,2044
1982,2076
1976,2080
1965,2065
1971,2071
1960,2073
1965,2019
1959,2056
1963,2029
1955,2005
1955,2031
1967,2069
1961,2058
1964,2033
1961,2023
1973,2067
1971,2055
1976,2079
1980,2018
1984,2045
1989,2048
1997,2033
1994,2041
2009,2009
2015,2039
2027,2073
2025,2005
2033,2063
2051,2041
2039,2048
2055,2008
2072,2027
2078,2026
2085,2044
2093,2065
2096,2065
2108,2047
2105,2059
2119,2089
2128,2071
2129,2011
2144,2052
2154,2059
2157,2071
2164,2043
2167,2054
2180,2030
2173,2026
2183,2017
2189,2021
2193,2042
2201,2063
2199,2035
2207,2011
2202,2064
2200,2073
2196,2037
2196,2039
2196,2071
2187,2054
2191,2043
2187,2075
2173,2011
2170,2013
2173,2103
2166,2080
2152,2064
2143,2027
2142,2043
2132,2051
2127,2072
2120,2028
2108,2035
2099,2040
2090,2080
2085,2029
2071,2080
2067,2052
2055,2027
2044,2041
2032,2060
2027,2063
2019,2080
2013,2063
2005,2051
1996,2056
1978,2025
1976,2048
1963,2021
1947,2040
1960,2028
1960,2056
1952,2029
1948,2036
1947,2013
1943,2035
1948,2047
1944,2055
1943,2065
1945,2021
1951,2041
1941,2051
1953,2033
1956,2063
1956,2023
1947,2045
1961,2091
1972,2063
1965,2032
1980,2019
1988,2045
1992,1992
1993,2012
2010,2039
2014,1999
2020,2047
2024,2025
2035,2053
2042,2071
2056,2058
2064,2065
2063,2039
2067,2063
2076,2025
2081,2029
2090,2040
2091,2019
2105,2033
2112,2034
2117,2027
2124,2024
2123,2069
2125,2084
2125,2056
2137,2057
2137,2035
2139,2053
2139,2082
2147,2059
2150,2063
2146,2039
2135,2053
2145,2076
2135,2039
2133,2023
2131,2062
2128,2080
2108,2011
2112,2064
2109,2037
2104,2021
2089,2063
2083,2060
2079,2027
2073,2076
2063,2072
2063,2038
2044,2056
2032,2079
2019,2023
2020,2064
2007,2028
2000,2035
1994,2074
1983,2043
1970,2033
1966,2011
1962,2028
1952,2043
1941,2027
1942,2074
1925,2063
1913,2065
1917,2035
1916,2063
1914,2059
1907,2005
1917,2040
1912,2021
1913,2063
1905,2040
1915,2040
1909,2063
1912,2091
1915,2048
1918,2027
1929,2044
1927,2011
1944,2021
1941,2027
1937,1992
1949,2029
1957,2037
1960,2047
1973,2048
1987,2079
1989,2071
1991,2002
2004,2015
2008,2065
2024,2015
2030,2021
2033,2037
2043,2008
2063,2038
2065,2015
2079,2078
2084,2037
2091,2060
2097,2027
2118,2031
2112,2080
2119,2040
2136,2068
2135,2023
2151,2039
2146,2060
2143,2030
2149,2068
2167,2072
2162,2069
2161,2064
2164,2025
2167,2028
2163,2023
2168,2030
2160,2008
2156,2015
2153,2024
2135,2059
2141,2027
2142,2039
2135,2017
2132,2085
2123,2039
2125,2023
2107,2063
2100,2063
2089,2074
2088,2024
2080,2029
2069,2043
2063,2065
2063,2027
2048,2047
2029,2039
2032,2057
2025,2003
2024,2043
2007,2006
2014,2063
2008,2029
2007,2068
1981,2039
1980,2073
1979,2078
1963,2039
1967,2040
1971,2076
1969,2033
1965,2019
1975,1995
1973,2035
1983,2071
1988,2034
1979,1996
1996,2056
1992,2044
1993,2043
1988,2011
2001,2057
2007,2060
2021,2071
2020,2019
2040,2055
2033,2063
2054,2048
2066,2057
2073,2032
2079,2063
2071,2043
2077,2056
2094,2048
2091,2027
2101,2037
2105,2029
2105,2017
2105,2056
2101,2041
2116,2009
2112,2072
2113,2026
2120,2032
2119,2066
2107,2017
2123,2039
2127,2035
2125,2037
2121,2021
2138,2029
2134,2056
2127,2017
2132,2024
2143,2031
2136,2036
2140,2063
2141,2068
2139,2055
2131,2056
2127,2025
2121,2032
2107,1995
2103,2033
2100,2046
2094,2059
2094,2067
2085,2044
2087,2027
2080,2047
2077,2023
2079,2024
2073,2027
2075,2032
2077,2047
2073,2011
2067,2029
2071,2048
2063,2063
2057,2043
2053,2042
2045,2035
2037,2064
2037,2041
2039,2067
2039,2036
2029,2043
2028,2061
2020,2001
2023,2071
2007,2068
2005,2063
2016,2071
2008,2045
2012,2088
2003,2058
2001,2015
1997,2054
1999,2032
1989,2071
1987,2053
1991,2023
1997,2084
1996,2041
1994,2042
1987,2063
1989,2066
1992,2027
1992,2029
1993,2069
1994,2068
1996,2076
1980,2041
1997,2040
1995,2007
2007,2088
2011,2009
2008,2058
2016,2070
2027,2024
2035,2023
2035,2056
2063,2075
2055,2029
2063,2070
2076,2065
2073,2072
2083,2021
2088,2069
2087,2080
2099,2033
2120,2045
2123,2005
2128,2031
2131,2019
2141,2019
2152,2063
2156,2048
2158,2069
2155,2013
2168,2041
2175,2022
2176,1979
2173,2071
2169,2072
2171,2073
2172,2043
2167,2027
2183,2080
2171,2027
2174,2065
2161,2094
2167,2077
2158,2066
2160,2043
2155,2079
2151,2071
2143,2008
2133,2048
2135,2031
2117,2013
2112,2037
2101,2072
2094,2025
2092,2075
2083,2029
2073,2023
2056,2051
2056,2047
2048,2027
2040,2056
2017,2001
2019,2053
2010,2079
1995,2071
1992,2064
1971,1995
1977,2072
1961,2034
1968,2035
1965,2063
1955,2036
1963,2011
1954,2057
1953,2039
1944,2052
1939,2071
1937,2039
1941,2063
1955,2029
1947,2032
1939,2045
1941,2053
1948,2080
1958,2030
1955,2033
1971,2052
1965,2055
1964,2056
1981,2047
1983,2035
1989,2064
1979,2005
2001,2026
2006,2072
2011,2035
2023,2038
2021,2017
2025,2047
2042,2005
2057,2063
2063,2063
2072,2079
2076,2041
2085,2009
2088,2027
2103,2019
2119,2041
2128,2048
2130,2096
2138,2044
2143,2053
2145,2040
2145,2063
2147,2011
2146,2035
2165,2068
2151,2023
2152,2015
2156,2033
2149,2037
2136,2069
2144,2057
2132,2023
2139,2054
2125,2044
2124,2023
2120,2033
2102,2043
2108,2026
2097,2064
2087,2057
2085,2034
2081,2043
2063,2065
2053,2043
2055,2025
2027,2039
2019,2071
2020,2058
2011,2040
1999,2069
1989,2035
1981,2080
1969,2053
1957,2071
1949,2057
1945,2044
1935,2026
1924,2065
1915,2053
1908,2027
1909,2072
1911,2056
1904,2066
1897,2075
1904,2075
1910,2041
1906,2063
1903,2064
1906,2039
1911,2039
1914,2044
1915,2042
1914,2024
1912,2039
1913,2076
1924,2063
1931,2034
1941,2031
1937,2001
1954,2046
1956,2074
1966,1997
1971,2074
1990,2022
1998,2063
2006,2035
2009,2076
2022,2007
2021,2028
2031,1992
2033,2070
2052,2024
2061,1999
2063,2075
2071,2058
2075,2053
2082,2015
2083,2043
2089,2008
2095,2019
2106,2026
2107,2044
2112,2030
2113,2023
2127,2053
2124,2077
2124,2044
2128,2040
2120,2045
2123,2025
2113,2080
2127,2035
2108,1989
2103,2044
2107,2041
2104,2075
2093,2041
2089,2039
2091,2072
2083,2032
2076,2029
2075,1979
2051,2005
2055,2069
2039,2025
2052,2028
2029,2001
2031,2024
2025,2040
2015,2048
2011,2053
2008,2022
1995,2063
1987,2035
1991,2060
1981,2040
1978,2034
1973,2027
1961,2027
1964,2026
1960,2073
1952,2039
1943,2074
1945,2032
1944,2068
1949,2069
1945,2027
1945,2073
1947,2080
1950,2017
1950,2060
1951,2073
1944,2055
1951,2087
1948,2037
1963,2076
1968,2071
1965,2011
1979,2075
1980,2028
1990,2063
1990,2072
2000,2045
1998,2042
2008,2023
2009,2035
2023,2004
2032,2064
2027,2046
2033,2056
2039,2041
2039,2071
2057,2019
2064,2041
2071,2078
2074,2070
2089,2077
2093,2023
2099,2065
2108,2039
2110,2054
2116,2076
2123,2039
2127,2037
2148,2056
2143,2015
2145,2063
2156,2023
2159,2063
2161,2015
2158,2009
2156,2023
2166,2023
2164,2046
2158,2086
2156,2053
2155,2079
2162,2034
2159,2070
2151,2044
2143,2025
2139,2024
2140,2042
2127,2028
2133,2068
2130,2063
2124,2041
2107,2092
2105,2025
2103,2040
2099,2045
2095,2032
2072,2073
2073,2036
2072,2043
2057,2069
2043,2035
2033,2063
2029,2039
2017,2053
2015,2040
2012,2072
2002,2061
1991,2063
1983,2042
1980,2078
1965,2027
1964,2025
1959,2056
1962,2066
1958,2066
1949,2040
1956,2029
1956,2029
1943,2065
1944,2075
1943,2063
1945,2088
1947,2047
1945,2069
1944,2079
1955,2045
1960,2027
1961,2044
1968,2041
1969,2020
1974,2068
1984,2045
1989,2021
1992,1992
1992,2080
2003,2052
2014,2057
2021,2037
2021,2039
2027,2071
2035,1995
2043,2007
2058,2061
2063,2069
2072,2034
2071,2025
2083,2072
2089,2035
2097,2030
2104,2075
2115,2055
2119,2039
2131,2055
2124,2017
2143,2063
2144,2075
2149,2001
2156,2074
2155,2042
2161,2057
2161,2035
2169,2039
2164,2064
2162,2028
2160,2057
2161,2035
2155,2066
2159,1993
2155,2052
2152,2088
2143,2041
2139,2039
2140,2056
2135,2029
2136,2065
2132,2047
2121,2031
2121,2080
2112,2011
2101,2047
2101,1992
2103,2033
2082,2025
2088,2066
2082,2011
2071,2057
2067,2063
2035,2008
2052,2042
2044,2005
2029,2029
2028,2063
2029,2063
2028,2070
2013,2063
2013,2057
2007,2063
2008,2056
2003,2075
2008,2057
2007,2041
1996,2025
1987,2013
1997,2071
1988,2026
1992,2034
1988,2066
1992,2041
1991,2068
1992,2017
1998,2048
1997,2073
2004,2062
2011,2058
2015,2027
2015,2066
2016,2035
2015,2032
2024,2019
2024,2046
2025,2003
2028,2032
2029,2031
2029,2063
2038,2084
2041,2035
2042,2021
2056,2089
2065,2035
2071,2029
2073,2070
2087,2018
2089,2030
2092,2029
2100,2066
2101,2041
2108,2007
2107,2063
2106,2034
2107,2003
2119,2074
2122,2079
2119,2040
2135,2023
2133,2048
2142,2044
2151,2063
2135,2037
2145,2063
2152,2040
2152,2025
2147,2027
2147,2040
2152,2040
2147,2025
2145,2076
2149,2035
2143,2056
2139,2072
2137,2015
2122,2032
2128,2021
2115,2035
2111,2056
2097,2074
2087,2033
2077,2053
2071,2067
2068,2053
2063,2048
2064,2008
2043,2036
2035,2072
2030,2055
2025,2040
2019,2029
2012,2072
2007,2039
1993,2068
1976,2057
1965,2073
1953,2056
1953,2021
1941,2039
1939,2030
1931,2005
1929,2066
1933,2060
1917,2062
1932,2076
1915,2053
1923,2036
1927,2043
1925,2063
1920,2029
1925,2082
1928,2022
1930,2039
1937,2024
1943,2068
1948,2074
1952,2034
1952,2056
1964,2040
1968,2048
1987,2054
1993,2038
1995,2071
2007,2058
2020,2068
2017,2043
2033,2042
2043,2067
2043,2035
2071,2063
2071,2048
2091,2013
2094,2058
2111,2037
2124,2037
2136,2072
2147,2027
2151,2074
2157,2057
2166,2047
2173,2072
2167,2060
2171,2029
2182,2029
2181,2027
2183,2063
2188,2043
2176,2063
2173,2048
2171,2035
2163,2035
2165,2039
2160,2080
2151,2039
2147,2044
2135,2096
2129,2046
2127,2068
2118,2080
2107,2053
2091,2067
2092,2021
2091,2021
2074,2039
2068,2048
2057,2065
2043,2079
2028,2039
2021,2044
2005,2071
1995,2037
1991,2077
1965,2055
1959,2059
1956,2058
1937,2057
1936,2019
1925,2096
1920,2065
1909,2068
1912,2071
1909,2012
1908,2031
1909,2063
1909,2075
1913,2054
1898,2080
1912,2092
1909,2065
1903,2007
1919,2056
1912,2020
1920,2029
1927,2063
1932,2077
1937,2079
1943,2027
1941,2041
1958,2066
1963,2015
1971,2048
1975,2087
2000,2080
2006,2066
2024,2072
2030,2021
2035,2041
2056,2075
2072,2045
2078,2075
2089,2042
2099,2074
2111,2056
2115,2071
2129,2044
2127,2027
2143,2074
2149,2074
2163,2079
2172,2001
2185,1988
2183,2021
2181,2036
2195,2021
2208,2048
2215,2029
2203,2065
2207,2079
2215,2059
2213,2017
2217,2002
2215,2047
2214,2008
2209,2020
2203,2035
2187,2063
2187,2024
2172,2060
2164,2029
2151,2075
2144,2037
2133,2074
2124,2025
2105,2066
2089,2017
2085,2057
2073,2053
2059,2073
2051,2041
2032,2057
2008,2011
2008,1997
1993,2085
1982,2088
1975,2015
1958,2015
1953,2036
1938,2002
1925,2011
1916,2069
1901,2011
1899,2040
1892,2060
1884,2023
1876,2066
1876,2036
1868,2009
1867,2033
1867,2027
1871,2029
1871,2042
1867,2071
1867,2037
1875,2065
1879,2056
1885,2035
1891,2012
1890,2033
1904,2015
1912,2039
1916,2072
1925,2021
1940,2041
1939,2017
1956,2015
1959,2035
1976,2019
1975,1993
1984,2076
1996,2041
2008,2066
2015,2063
2023,2029
2028,2001
2045,2043
2064,2026
2063,2038
2076,2035
2071,2019
2089,2041
2096,2040
2099,2035
2116,2069
2117,2036
2123,2063
2120,2037
2127,2063
2133,2044
2135,2039
2131,2051
2131,2017
2137,2064
2135,2056
2121,2037
2131,2064
2126,2068
2116,2015
2123,2079
2118,2035
2119,2072
2106,2040
2109,2037
2103,2041
2096,2066
2089,2043
2089,2037
2079,2035
2080,2079
2068,2072
2066,2023
2057,2015
2056,2071
2035,2053
2035,2025
2032,2079
2028,2017
2023,2065
2016,2020
2005,2052
2005,2089
1995,2030
1997,2036
1998,2044
1989,2001
1996,2107
1989,2093
1991,2071
1995,2055
1991,2041
1995,2035
1995,2063
1996,2057
2000,2047
1998,2080
1984,2053
1985,2060
1979,2043
1984,2044
1982,2063
1977,2032
2001,2073
2007,2078
2015,2089
2024,2043
2028,2055
2040,2025
2053,2023
2059,2038
2063,1993
2067,2076
2075,2071
2088,2045
2091,2072
2091,2071
2112,2011
2120,2040
2132,1991
2138,2021
2147,2067
2159,2024
2159,2025
2165,2013
2161,2075
2173,2017
2171,2070
2188,2068
2202,2023
2219,2055
2224,1993
2233,2057
2248,2067
2253,2043
2254,2019
2255,2020
2256,2023
2262,2038
2249,2044
2253,2029
2245,2084
2229,2023
2228,2019
2216,2028
2204,2009
2189,2063
2183,2045
2168,2003
2151,2011
2138,1987
2125,2058
2099,2031
2096,2080
2075,2040
2056,2041
2041,2021
2028,2055
2011,2035
1999,2007
1991,2053
1979,2044
1972,2065
1953,2053
1952,2045
1939,2035
1920,2039
1909,2036
1896,2040
1883,2043
1881,2071
1867,2043
1861,2056
1867,2060
1851,2063
1870,2034
1869,2036
1880,2042
1884,2023
1891,2075
1907,2008
1905,2064
1915,2052
1930,2072
1935,1994
1951,2065
1952,1997
1968,2068
1988,2053
1995,2068
2007,2040
2024,2037
2037,2047
2043,2053
2069,2073
2076,2063
2071,2073
2088,2077
2096,2053
2099,2023
2108,2043
2117,2077
2119,2030
2123,2041
2129,2029
2133,2071
2130,2044
2129,2076
2137,2055
2131,2039
2137,2057
2133,2069
2147,2029
2150,2068
2144,2015
2148,2055
2146,2043
2138,2042
2136,2035
2133,2073
2133,2059
2127,2055
2120,2025
2121,2072
2124,2029
2121,2071
2115,2041
2116,2091
2110,2037
2111,2063
2111,2021
2108,2044
2103,2071
2108,2073
2107,2060
2106,2064
2111,2053
2109,2083
2106,2036
2112,2087
2112,2064
2120,2034
2117,2040
2112,2017
2110,2045
2108,2044
2105,2083
2100,2024
2093,2035
2092,2069
2089,2040
2092,2072
2085,2042
2084,2042
2083,2035
2073,2059
2063,2027
2065,2040
2059,2085
2048,2061
2051,2074
2047,2069
2044,2045
2040,2037
2027,2007
2025,2047
2025,2008
2019,2048
2015,2040
2010,2066
2005,2024
2014,2077
2001,2035
2003,2053
1993,1997
2000,2035
1997,2063
2000,2060
2002,2009
2007,2033
2010,1979
2004,2055
2003,2038
2009,2037
2020,2060
2011,2073
2019,2011
2023,2031
2027,2041
2029,2051
2042,1991
2044,2036
2042,2034
2053,2038
2055,2039
2063,2063
2063,2035
2079,2063
2085,2078
2088,2023
2092,2011
2097,2019
2108,2054
2106,2067
2112,2054
2124,2042
2117,2033
2122,2043
2127,2033
2129,2069
2127,2011
2128,2072
2128,2072
2123,2029
2123,2045
2117,2028
2116,2026
2115,2043
2116,2031
2110,2024
2105,2073
2105,1993
2102,2071
2089,2068
2088,2007
2092,2064
2083,2021
2085,2020
2075,2063
2072,2058
2063,2003
2057,2027
2041,2059
2044,2048
2029,1993
2027,2063
2019,2027
2023,2052
2014,2030
2004,2072
2001,2063
1993,2038
1979,2058
1984,2073
1983,2075
1975,2039
1980,2070
1979,2067
1975,2015
1967,2069
1973,2057
1972,2079
1978,2063
1971,2073
1975,2019
1978,2027
1978,2053
1972,2030
1975,2089
1993,2029
1979,2065
1993,2041
2003,2033
1999,2029
2008,2059
2007,2035
2018,2025
2025,2069
2023,2043
2035,2064
2044,2039
2058,2035
2057,2035
2072,2074
2077,2061
2088,2080
2094,2041
2113,2089
2117,2059
2119,2056
2134,2067
2137,2019
2153,2027
2163,2043
2169,2033
2169,2039
2188,2063
2190,2029
2196,2003
2201,2063
2198,2007
2201,2037
2214,2087
2212,2056
2201,2043
2212,2046
2204,2037
2209,2043
2197,2024
2195,2054
2187,2029
2188,2012
2171,2061
2168,2051
2161,2045
2155,2069
2144,2079
2135,2017
2124,2037
2107,2009
2097,2037
2083,2044
2078,2067
2068,2027
2039,2064
2028,2055
2029,2044
2009,2015
1995,1989
1989,2041
1973,2041
1968,2080
1958,2041
1944,2063
1944,2043
1928,2044
1918,2042
1923,2051
1909,2051
1918,2029
1908,2055
1902,2020
1903,2017
1911,2076
1909,2043
1912,1988
1912,2025
1911,2055
1911,2036
1915,2066
1937,2056
1944,2063
1942,2078
1958,2080
1947,2063
1977,2039
1989,2017
1994,2057
2015,2065
2011,2027
2027,2035
2043,2052
2041,2058
2063,2007
2078,2024
2088,2017
2099,2048
2105,2048
2102,2053
2120,2020
2125,2040
2140,2048
2139,2075
2143,2053
2143,1985
2163,2008
2151,2033
2170,2033
2171,2044
2184,2048
2183,2032
2184,2021
2186,2035
2191,2037
2191,2029
2184,2059
2191,2019
2173,2074
2176,2033
2176,2047
2166,2019
2153,2068
2156,2080
2145,2040
2131,2043
2136,2037
2119,2034
2118,2011
2112,2036
2097,2040
2093,2029
2090,2065
2086,2048
2077,2059
2072,2039
2056,2040
2044,2030
2051,2072
2039,2035
2023,2019
2027,2001
2016,2047
2003,2019
1996,2019
2000,2040
1989,2076
1995,2018
1977,2024
1975,2027
1976,2044
1965,2059
1974,2068
1972,2066
1963,2055
1970,2060
1968,2046
1976,2043
1971,2041
1969,2053
1971,2019
1979,2058
1978,2051
1972,2035
1976,2010
1984,2043
1989,2043
1989,2031
1997,2071
2005,2059
2001,2062
2008,2029
2012,2019
2016,2072
2019,2018
2023,2040
2031,2059
2037,2040
2040,2058
2043,2051
2045,2033
2055,2047
2057,2048
2071,2078
2076,2041
2084,2025
2087,2052
2095,2068
2100,2047
2104,2039
2099,2076
2113,2025
2124,2024
2131,2042
2133,2017
2125,2009
2137,2044
2139,2058
2131,2019
2144,2038
2145,2025
2152,2028
2139,2037
2143,2044
2152,1995
2155,2066
2138,2036
2139,2017
2140,2023
2139,2088
2131,2023
2131,2039
2125,2035
2124,2071
2117,2044
2107,2080
2107,2042
2097,2029
2093,2032
2094,2035
2077,2004
2080,2027
2071,2056
2069,2071
2064,2045
2048,2055
2035,2024
2029,2080
2031,2040
2019,2059
2015,2076
2005,2034
2013,2034
2004,2064
1999,2033
1987,1995
1988,2053
1973,2066
1975,2042
1979,2052
1976,2080
1965,2035
1971,2027
1972,2026
1967,2057
1969,2045
1964,2056
1977,2057
1975,2063
1983,2041
1982,2099
1984,2017
1981,2036
1992,2028
1989,1997
2003,2072
1997,2063
2008,2063
2009,2028
2025,2019
2020,2056
2025,2053
2025,2035
2044,2032
2044,2072
2045,2019
2063,2033
2065,2053
2071,2015
2075,2020
2085,2034
2091,2088
2102,2063
2106,2033
2112,2048
2120,2056
2130,2034
2136,2009
2131,2045
2149,2035
2149,2044
2151,2023
2155,2035
2160,2073
2167,2034
2165,2048
2180,2080
2175,2030
2172,2077
2161,2048
2175,2019
2173,2077
2171,2013
2168,2066
2163,2019
2167,2021
2161,2051
2163,2056
2155,2032
2149,2019
2137,2063
2128,2075
2125,2039
2132,2043
2119,2042
2116,2080
2103,2077
2089,2044
2094,2025
2088,2072
2079,2048
2069,2059
2055,2030
2051,2063
2043,2007
2027,2024
2027,2055
2024,2021
2009,2060
2007,2067
2004,2056
1991,2017
1979,2065
1988,2027
1987,2037
1981,1997
1972,2012
1965,2063
1963,2070
1961,2056
1957,2067
1961,2036
1964,2062
1964,2020
1968,2060
1968,2021
1977,2013
1977,2063
1984,2029
1998,2057
1989,2047
2003,2021
1995,2021
2009,2009
2012,1997
2010,2043
2019,2069
2023,2067
2020,2017
2032,2031
2041,2080
2060,2074
2063,2007
2079,2031
2087,2011
2089,2056
2099,2001
2112,2017
2115,2071
2128,1993
2131,2065
2141,2068
2143,2033
2149,2057
2151,1992
2149,2039
2165,2025
2167,2005
2179,2072
2180,1993
2185,2024
2179,2009
2185,2044
2180,2009
2173,2021
2184,2043
2169,2031
2172,2068
2156,2041
2164,2079
2156,2039
2149,2005
2150,2020
2135,2041
2136,2065
2132,2057
2121,2055
2099,2023
2104,2059
2088,2042
2083,2063
2067,2071
2065,2055
2048,2080
2035,2025
2025,2044
2028,2040
2012,2071
2016,2068
2008,2058
2006,2060
1994,2058
1991,2040
1982,2040
1979,2021
1979,2074
1972,2073
1964,2027
1971,2028
1971,2039
1973,2063
1955,2029
1980,2072
1971,2027
1976,2029
1982,2063
1963,2043
1980,2070
1966,2041
1979,2037
1984,2063
1988,2057
1987,2029
2000,2032
2004,2091
2018,2010
2024,2043
2028,2017
2042,2063
2055,2021
2068,2053
2072,2071
2076,2072
2088,2023
2097,2007
2091,2063
2107,2030
2117,2056
2121,2036
2125,1991
2138,2051
2137,2068
2144,2044
2149,2025
2156,2061
2160,2066
2167,2009
2172,2026
2181,2054
2171,2017
2173,2072
2187,2100
2187,2027
2201,2065
2208,2080
2208,2028
2212,2066
2213,2041
2212,2072
2205,2027
2209,2040
2205,2079
2197,2056
2207,2036
2199,2040
2193,2034
2174,2025
2175,2027
2163,2041
2159,2072
2149,2077
2149,2056
2145,2039
2139,2080
2131,2068
2115,2065
2120,2015
2111,2030
2093,2036
2096,2043
2080,2038
2073,2071
2053,2036
2045,2077
2039,2006
2030,2047
2019,2025
2009,2020
2007,2074
1989,2043
1988,2056
1973,2023
1972,2063
1965,2036
1956,2027
1946,2073
1952,2021
1950,2065
1949,2080
1945,2037
1948,2086
1946,2029
1949,2037
1945,2095
1952,2025
1955,2040
1960,2040
1960,2044
1968,2057
1969,2071
1963,2041
1975,2066
1977,2055
1980,2026
1991,2043
1991,1997
2004,2017
2019,2011
2021,2010
2040,2037
2033,2035
2041,2067
2057,2063
2071,2080
2085,2067
2087,2057
2097,2069
2099,2064
2109,2060
2123,2029
2131,2057
2133,2041
2143,2009
2152,2019
2159,2032
2166,2024
2164,2055
2161,2044
2161,2068
2168,2053
2163,2025
2168,2067
2164,2037
2168,2048
2164,2080
2152,2032
2153,2052
2143,2058
2142,2039
2138,2084
2130,2007
2133,2075
2117,2071
2126,2080
2099,2028
2099,2088
2096,2042
2093,2036
2077,2035
2072,2032
2068,2101
2053,2067
2040,2075
2036,2056
2021,2059
2012,2079
2007,2019
1995,2059
1992,2047
1984,2057
1976,2031
1969,2027
1970,2013
1952,2056
1951,2053
1947,2025
1953,2015
1951,2062
1941,2019
1945,2055
1947,2048
1950,2079
1944,2043
1949,2027
1947,2075
1945,2035
1952,2069
1956,2030
1959,2058
1963,2048
1975,2082
1971,2033
1987,2045
1984,2023
1997,2063
2005,2055
2002,2009
2011,2034
2023,2009
2035,2070
2043,2017
2045,2045
2062,2009
2063,2055
2071,2056
2080,2047
2085,2020
2091,2020
2106,2056
2115,2033
2104,1991
2115,2080
2126,2071
2124,2071
2141,2060
2151,2075
2145,2009
2157,2065
2155,2044
2167,2054
2171,2065
2183,2052
2167,2063
2184,2072
2187,2046
2184,2056
2185,2028
2182,2024
2170,2043
2169,2020
2163,2025
2157,2031
2153,2018
2144,2063
2145,1997
2131,2072
2117,2037
2107,2072
2111,2079
2105,2043
2093,2022
2088,2005
2085,2076
2079,2048
2065,2013
2051,2025
2045,2063
2033,2088
2025,2065
2025,2073
2007,2025
2008,2027
2000,2035
1989,2071
1984,2031
1969,2027
1963,2025
1965,2037
1953,2059
1951,2023
1943,2017
1943,2048
1942,2044
1944,2035
1939,2027
1942,2044
1940,2039
1941,2047
1944,2024
1939,2017
1948,2065
1952,2060
1955,2022
1957,2029
1955,2029
1966,2065
1973,2060
1972,2053
1991,2073
1999,2009
2003,2030
2007,2042
2024,2048
2030,2039
2023,2088
2042,2040
2043,2011
2063,2013
2067,2041
2077,2046
2091,2033
2097,2033
2107,2039
2115,2041
2123,2027
2141,2029
2137,2023
2148,2030
2162,2028
2168,2066
2179,2039
2176,2036
2181,2015
2187,2039
2190,2063
2197,2063
2199,2043
2205,2037
2205,2017
2208,2039
2201,2071
2206,2028
2205,2033
2199,2073
2201,2046
2199,2009
2189,2003
2183,2044
2176,2057
2176,2068
2161,2019
2155,2055
2152,2072
2143,2056
2132,2034
2119,2023
2127,2032
2103,2080
2104,2035
2096,2044
2079,2017
2075,2020
2058,2057
2059,2072
2044,2063
2042,2059
2030,2043
2021,2033
2015,2037
2015,2052
2009,2040
1995,2018
1996,2064
1989,2025
1983,2035
1973,2068
1979,2059
1978,2021
1978,2029
1978,2067
1977,2066
1973,2072
1973,2042
1966,2023
1975,2040
1980,2031
1987,2036
1995,2053
1993,2069
2000,2045
2003,2018
2012,2064
2016,2039
2017,2057
2025,2040
2041,2063
2056,2045
2063,2042
2063,2007
2073,2027
2085,2063
2091,2003
2104,2058
2105,2057
2119,2065
2125,2057
2139,2079
2137,2075
2149,2042
2155,2046
2153,2041
2169,2023
2184,2019
2192,2056
2206,2015
2204,2019
2207,2077
2216,2056
2211,1996
2216,2067
2233,2033
2237,2043
2233,2037
2221,2004
2236,2067
2227,2089
2219,2088
2225,2040
2224,2048
2215,2031
2201,2027
2203,1971
2196,2045
2192,2052
2187,2047
2173,2033
2173,2074
2166,2027
2151,2043
2137,2068
2136,2007
2127,2040
2120,2043
2105,2036
2103,2043
2087,2018
2088,2056
2075,2063
2056,2043
2056,1992
2035,2062
2041,2003
2030,2053
2019,2060
2007,2063
2004,2068
1999,2068
1993,2041
1985,2037
1987,2047
1988,2048
1971,2043
1979,2043
1971,2040
1976,2028
1977,2029
1977,2068
1977,2071
1979,2071
1987,2057
1987,2056
1993,2044
1999,2025
2004,2036
2007,2065
2008,2040
2017,2015
2026,2071
2033,2025
2029,2037
2037,2033
2048,2040
2065,2015
2072,2057
2080,2043
2087,2044
2096,2023
2103,2005
2110,2074
2115,2027
2117,2087
2123,2029
2144,2027
2137,2077
2147,2072
2160,2069
2164,2025
2175,2003
2179,2072
2186,2059
2196,2061
2195,2021
2201,2056
2200,2055
2197,2060
2209,2056
2208,2043
2208,2056
2201,2029
2205,2048
2200,2021
2202,2068
2203,2027
2197,2062
2184,2015
2185,2079
2171,2053
2173,2027
2166,2033
2161,2063
2147,2066
2151,2067
2140,2015
2131,2041
2119,2029
2117,2043
2105,2040
2099,2003
2091,2040
2092,2037
2073,2068
2065,2058
2063,2065
2057,2040
2043,2037
2035,2074
2027,2060
2017,2021
2011,2055
2005,2037
2000,2078
1987,2040
1980,2002
1991,2063
1975,2053
1979,2074
1979,2072
1979,2010
1977,2056
1981,2059
1967,2039
1980,2040
1972,2032
1982,2080
1978,2011
1993,2035
1981,2029
2001,2055
1997,2045
2006,2003
2008,2032
2015,2021
2024,2077
2026,2066
2033,2037
2037,2034
2035,2021
2056,2032
2063,2067
2071,2027
2076,1996
2079,2059
2083,2035
2091,2055
2103,2040
2119,1993
2115,2069
2117,2019
2135,2037
2142,2064
2138,2040
2148,2023
2159,2057
2166,2048
2165,2017
2174,2041
2182,2078
2171,2019
2191,2020
2187,2028
2185,2039
2194,1992
2181,1989
2183,2044
2185,2026
2187,2040
2180,2055
2175,2007
2157,2066
2173,2047
2158,2038
2159,2053
2149,2044
2142,2058
2136,2019
2129,2013
2129,2063
2112,2040
2099,2027
2100,2068
2092,2068
2077,2064
2075,2074
2072,2076
2056,2043
2041,2044
2032,2005
2033,2012
2019,2039
2007,2037
1996,2063
1997,2038
1992,2076
1989,2063
1978,2071
1971,2063
1973,2057
1959,2030
1963,2080
1960,2027
1956,2039
1964,2007
1959,2057
1960,2068
1963,2071
1963,2057
1953,2015
1957,2039
1970,2017
1973,2052
1968,1992
1977,2024
1987,2034
1990,2067
1991,2071
2007,2066
2018,2068
2022,2047
2023,2051
2035,2056
2031,2075
2057,2003
2063,2043
2072,2039
2074,2067
2089,2035
2094,2061
2106,2069
2101,2065
2109,2065
2122,2008
2136,2041
2129,2087
2145,2035
2158,2036
2164,2043
2168,2005
2171,2010
2186,2044
2185,2046
2195,2063
2187,2041
2187,2067
2205,2053
2197,2044
2204,2055
2197,2048
2191,2037
2196,2011
2185,2044
2192,2054
2176,2025
2176,2025
2168,2011
2157,2008
2152,2037
2159,2031
2148,2037
2133,2005
2138,2073
2121,2067
2116,2019
2113,2023
2093,2042
2087,2020
2091,2032
2080,2019
2071,2026
2062,2040
2053,2056
2039,1995
2023,2043
2024,2043
2008,2039
2005,2073
1995,2009
1987,2048
1976,2065
1977,2067
1957,2021
1952,2056
1961,2060
1955,2041
1961,2048
1958,2068
1949,2017
1953,2076
1948,2025
1952,2069
1952,2063
1951,2041
1956,2036
1960,2040
1960,2080
1965,2068
1968,2091
1969,2015
1976,2017
1984,2038
1992,2041
1997,2057
2004,2044
2013,2075
2024,2077
2020,2056
2033,2033
2037,2034
2055,2041
2061,2053
2045,2048
2075,2032
2088,2038
2087,2021
2097,2066
2110,2084
2122,2020
2119,2071
2126,2048
2139,2044
2151,2046
2161,2035
2167,2067
2167,2025
2184,2007
2174,2070
2192,2055
2189,2065
2195,2024
2198,2039
2204,2068
2209,2043
2197,2009
2204,2079
2199,2026
2200,2030
2191,2003
2196,2042
2181,2043
2183,2080
2172,2067
2171,2045
2165,2027
2163,2009
2155,1995
2147,2055
2144,2039
2136,2088
2119,2047
2115,2068
2106,2024
2099,2080
2092,2041
2081,2076
2074,2044
2063,2007
2054,2063
2039,2006
2026,2068
2027,2027
2024,2040
2009,2076
2009,2036
2004,2088
2001,2038
1995,2029
1992,2059
1995,2074
1995,2073
1981,2030
1992,2068
1986,2069
1976,2043
1977,1975
1981,2057
1988,2054
1987,2060
1984,2069
1999,2077
2004,2045
2001,2048
2011,2063
2024,2080
2026,2011
2029,2055
2038,2057
2054,2072
2059,2059
2068,2042
2071,2055
2079,2063
2080,1995
2088,2019
2089,2029
2104,2025
2107,2039
2101,2080
2123,2025
2124,2024
2124,2071
2129,2066
2126,2011
2125,2020
2125,2011
2124,2065
2137,2057
2138,2044
2136,2056
2138,2066
2131,2018
2124,2055
2131,2007
2136,2042
2139,2044
2132,2032
2133,2041
2132,2069
2123,2059
2120,2018
2123,2076
2114,2009
2112,2037
2109,2048
2099,2057
2097,2057
2085,2019
2088,2053
2080,2033
2075,2031
2069,2033
2063,2073
2066,2056
2053,2056
2059,2020
2048,2039
2037,2039
2040,2054
2035,2044
2025,2023
2029,2037
2021,2056
2023,2044
2015,2065
2003,2057
2006,2021
2007,2035
1995,2015
1993,2040
1992,2056
1976,2087
1971,2032
1977,2028
1978,2022
1977,2063
1967,2072
1978,2031
1978,2058
1972,2057
1957,2076
1962,2026
1956,2019
1956,2076
1963,2027
1959,2076
1948,2076
1965,2059
1970,2070
1978,2095
1977,2015
1990,2026
1991,2056
2004,2009
2008,2059
2015,2065
2016,2025
2021,2040
2020,2053
2011,2023
2015,2080
2009,2056
2015,2044
2020,1995
2016,2073
2015,2056
2023,2055
2025,2055
2038,2043
2059,2022
2067,2057
2080,2040
2093,2080
2112,2063
2131,2069
2138,2072
2151,2067
2163,2025
2167,2025
2184,2023
2196,2063
2191,2078
2204,2044
2207,2015
2206,1993
2203,2043
2216,2026
2216,2070
2203,2072
2217,2071
2218,2021
2223,2022
2224,2073
2219,2080
2217,2003
2224,2033
2220,2040
2223,2023
2216,2033
2213,2024
2208,2069
2196,2039
2188,2053
2165,2034
2156,2074
2139,2068
2116,2079
2087,2021
2077,1991
2054,2055
2019,2073
2005,2033
1976,2074
1965,2043
1952,2048
1931,2015
1925,2039
1913,2071
1898,2063
1885,2019
1888,2041
1877,2019
1873,2027
1868,2035
1868,2044
1865,2027
1867,2044
1871,1997
1873,2023
1867,2037
1883,2059
1883,2040
1894,2032
1903,2051
1914,2068
1917,2070
1933,2068
1935,2026
1949,2027
1965,2027
1984,2028
2005,2034
2016,2065
2036,2059
2060,2045
2080,2031
2093,2027
2109,2007
2135,2070
2141,2042
2160,2037
2180,2079
2183,2005
2203,2009
2217,2021
2232,2009
2246,2056
2243,2028
2251,2055
2256,2022
2258,2020
2256,2007
2251,2057
2244,2040
2235,2037
2228,2060
2210,2009
2201,2011
2186,2068
2175,2067
2154,2029
2138,2065
2123,2025
2110,2071
2097,2021
2074,2021
2063,2041
2051,2024
2028,2025
2015,2080
2008,2063
1995,2065
1973,2048
1975,2036
1965,2068
1960,2037
1955,2053
1944,2015
1951,2053
1944,2069
1941,2056
1939,2037
1935,2035
1943,2076
1947,2039
1956,2028
1945,2019
1964,2063
1953,2043
1970,2021
1977,2056
1975,2003
1996,2072
2007,2040
2018,2052
2018,2056
2030,2068
2040,2027
2051,2060
2059,2053
2051,2019
2075,2029
2071,2053
2077,2040
2085,2048
2091,2039
2093,2044
2096,2066
2091,2027
2109,2065
2108,2046
2108,2036
2108,2019
2108,2075
2101,2068
2109,2037
2102,2056
2109,2056
2111,2063
2108,2043
2110,2045
2116,2057
2105,2033
2105,2005
2115,1980
2119,2005
2123,1991
2126,2028
2133,2053
2125,2025
2144,2039
2144,2057
2147,2037
2151,2065
2151,2029
2153,2071
2161,2021
2160,2042
2167,2060
2176,2012
2176,2072
2186,2073
2173,2029
2188,2071
2173,2025
2192,2033
2188,2021
2185,2040
2179,2035
2184,2060
2174,2067
2168,2071
2163,2047
2160,2080
2152,1995
2145,2063
2132,2070
2134,2047
2120,2057
2103,2019
2096,2063
2090,2053
2077,2065
2067,2041
2048,2084
2039,2040
2023,2022
2009,2054
2008,2080
1993,2058
1984,2021
1973,2043
1961,2078
1960,2045
1945,2028
1934,2041
1937,2040
1927,2009
1924,2039
1923,2043
1911,2019
1911,2030
1914,2063
1909,2041
1907,2009
1912,2063
1915,2062
1923,1993
1928,2033
1932,2017
1943,2065
1946,2076
1944,2080
1955,2080
1971,2007
1979,2055
1987,2063
1995,2073
2008,2027
2016,2035
2025,2005
2044,2040
2053,2079
2056,2019
2063,2024
2082,2046
2087,2027
2089,2035
2105,2069
2110,2079
2115,2028
2129,2040
2126,2044
2145,2064
2137,2044
2152,2038
2154,2043
2151,2023
2161,2053
2155,2021
2160,2027
2160,2062
2162,2053
2160,2024
2160,2055
2153,2035
2156,2030
2146,2039
2147,2057
2140,2079
2145,2031
2144,2043
2138,2034
2129,2090
2132,2068
2129,2035
2121,2068
2120,2053
2123,2079
2115,2079
2105,2074
2102,2072
2093,2085
2088,2080
2088,2011
2067,2063
2071,2067
2057,2068
2046,2028
2041,2067
2035,2040
2024,2034
2019,2074
2010,2023
1991,2042
1991,2069
1990,2040
1979,2074
1963,2090
1966,2058
1961,2025
1962,2055
1947,2035
1947,2080
1955,2037
1941,2034
1937,2024
1936,2045
1943,2068
1932,2009
1930,2022
1933,2029
1934,2060
1927,2069
1927,2029
1925,2072
1937,2068
1931,2034
1943,2025
1950,2039
1949,2076
1959,2022
1967,1997
1976,2027
1984,2043
1990,2069
1996,2072
2003,2027
2013,2025
2017,2053