2015,2075
2016,2057
2021,2033
2040,2060
2044,2072
2062,2056
2067,2041
2065,2023
2079,2063
2087,2058
2083,2025
2096,2063
2106,2061
2106,2025
2109,2065
2123,2071
2129,2053
2136,1995
2139,2056
2141,2037
2152,2075
2147,2055
2153,2029
2151,2040
2155,2011
2152,2020
2153,1995
2150,2042
2139,2037
2148,2132
2131,2067
2142,2028
2135,2040
2144,2035
2143,2027
2131,2023
2136,2055
2125,2035
2120,2063
2112,2032
2105,1997
2093,2026
2085,2092
2075,2063
2068,2068
2053,2029
2045,2013
2040,2032
2033,2021
2023,2039
2021,2032
2004,2071
2004,2041
2005,2027
1996,2060
1984,2080
1976,2013
1965,2063
1959,2099
1963,2039
1967,1990
1963,2005
1952,2072
1960,2044
1954,2057
1948,2071
1944,2080
1935,2063
1931,2066
1940,2044
1931,2047
1939,2055
1944,2035
1946,2044
1952,2032
1958,2037
1965,2063
1977,2083
1981,2033
1993,2065
1993,2077
2005,2088
2002,2041
2026,2032
2026,2004
2047,2057
2061,2041
2067,2029
2075,2029
2088,2017
2096,2089
2115,2032
2122,2058
2123,2051
2140,2073
2152,2038
2151,2074
2157,2031
2167,2025
2173,2048
2171,2028
2177,2039
2191,2019
2195,2019
2206,2069
2205,2052
2206,2027
2204,2041
2208,2023
2203,2043
2208,2039
2210,2075
2205,1986
2195,2071
2188,2009
2175,2048
2165,2039
2155,2036
2155,1997
2147,2097
2133,2025
2120,2015
2107,2063
2087,2011
2083,2012
2075,2068
2059,2029
2037,2075
2027,2069
2024,2077
2007,2056
2000,2033
1987,2023
1971,2023
1959,2046
1966,2054
1951,2006
1943,2048
1936,2040
1931,2027
1927,2071
1911,2043
1912,2069
1914,2072
1903,2073
1900,2035
1901,2069
1900,2027
1891,2033
1908,2054
1902,2056
1900,2015
1912,2076
1905,2052
1918,2043
1915,2025
1936,2047
1937,2027
1952,2032
1958,2001
1965,2015
1971,2009
1979,2060
1992,2036
1989,2080
2001,2051
2015,2025
2017,2025
2032,2041
2033,2062
2048,1977
2063,2067
2065,2056
2069,2020
2069,2043
2081,2003
2089,2035
2089,2065
2105,2028
2108,2063
2107,2072
2129,2035
2120,2076
2145,2075
2152,2009
2155,2035
2149,2072
2157,2077
2164,2048
2161,2041
2168,2080
2160,2063
2161,2072
2160,2048
2158,2070
2151,2041
2144,2055
2138,2024
2135,2023
2134,2057
2120,2068
2122,1992
2119,2072
2105,2021
2103,2077
2089,2041
2086,2059
2079,2053
2072,2071
2057,2030
2053,2021
2053,2001
2040,2019
2033,2085
2022,2080
2008,2072
1995,2051
2000,2089
1987,2028
1983,2057
1969,2053
1975,2080
1957,2072
1952,2071
1951,2040
1931,2055
1943,2057
1945,2035
1941,2028
1931,2072
1937,2009
1944,2022
1943,2025
1939,2080
1945,2061
1941,2043
1950,2075
1948,2022
1947,2040
1959,2011
1961,2066
1968,2047
1961,2008
1976,2037
1988,2019
1980,2048
1996,2064
2003,2037
2008,2037
2015,2027
2027,2056
2033,2026
2054,2026
2043,1992
2057,2053
2063,2047
2071,2034
2083,2067
2095,2045
2087,2023
2099,2057
2112,2026
2099,2043
2117,1980
2115,2025
2127,2041
2136,2068
2135,2063
2142,2024
2143,2030
2151,2021
2150,2064
2155,2057
2163,2023
2157,2007
2159,2009
2155,2041
2156,2035
2153,2070
2145,2005
2151,2035
2136,2072
2145,2076
2131,2043
2133,2019
2127,2063
2124,2034
2105,2041
2107,2071
2099,2072
2088,2037
2076,2040
2077,2030
2063,2068
2067,2043
2045,2011
2039,2063
2031,2071
2028,2053
2012,2006
2011,2063
1995,2027
1991,2072
1992,2020
1981,2064
1970,2041
1967,2083
1964,2011
1954,2024
1944,2023
1935,2067
1936,2041
1932,2076
1929,2025
1921,2007
1927,2053
1920,2068
1899,2017
1920,2064
1913,2026
1928,2074
1915,2022
1915,2055
1913,2017
1929,2028
1936,1995
1933,2077
1942,2027
1952,2027
1951,2034
1947,2008
1966,2077
1972,2060
1975,2035
1975,2034
1987,2040
1999,2027
2005,2016
2011,2059
2024,2008
2024,2062
2032,2048
2043,2076
2055,2043
2063,2035
2069,2030
2085,2039
2097,2059
2098,2041
2115,2036
2128,2056
2127,2021
2140,2020
2149,2008
2149,2035
2152,2033
2155,2056
2171,2019
2171,2021
2172,2019
2171,2031
2176,2040
2176,2018
2169,2040
2183,2035
2167,2005
2168,2005
2166,2044
2156,2035
2160,2079
2157,2067
2143,2063
2131,2015
2135,2056
2121,2071
2124,2080
2109,2056
2093,2019
2095,2043
2088,2032
2082,2064
2071,2063
2053,2023
2035,2041
2024,2060
2024,2070
2011,2056
1999,1995
1990,2024
1991,2017
1969,2041
1970,2052
1955,2072
1952,2061
1945,2026
1939,2072
1927,2022
1923,2021
1928,2056
1928,2041
1915,2072
1920,2053
1919,2071
1916,2053
1899,2043
1912,2077
1917,2069
1920,2035
1917,2039
1925,2039
1944,2021
1939,2064
1939,2035
1956,2038
1961,2063
1965,1999
1976,2019
1977,2033
1984,2043
1988,2043
2007,2069
2024,2042
2029,2037
2029,2037
2046,2056
2043,2021
2063,2030
2073,2005
2080,2016
2081,2037
2096,2046
2102,2067
2105,2015
2117,2039
2125,2056
2137,2072
2143,2041
2149,2021
2151,2019
2160,2024
2164,1973
2164,2078
2167,2048
2184,2035
2172,2075
2184,2017
2170,2042
2176,2069
2171,2029
2165,2037
2172,2073
2161,2005
2156,2043
2153,2041
2144,2056
2140,2015
2130,2025
2121,2045
2116,2023
2103,2024
2108,2042
2097,1987
2089,2004
2084,2070
2068,2063
2069,2020
2053,2024
2043,2039
2035,2021
2029,2069
2010,2047
2009,2037
1999,2072
1993,2088
1984,2040
1986,2058
1975,2057
1958,2021
1955,2030
1950,2063
1948,2040
1935,2056
1943,1995
1940,2071
1940,2064
1937,2079
1936,2040
1939,2022
1929,2084
1938,2027
1937,2056
1940,2063
1943,2029
1944,2037
1947,2020
1948,2075
1954,2026
1968,2061
1977,2024
1979,2036
1973,2043
1988,2045
1993,2054
1996,2056
2014,2042
2011,2005
2026,2068
2033,2037
2033,2015
2047,2030
2065,2001
2068,2013
2072,2055
2084,2063
2087,2075
2096,2033
2091,2088
2104,2067
2116,2066
2121,2063
2128,2048
2131,2017
2138,2007
2143,2031
2151,2029
2152,2019
2154,2027
2155,2007
2158,2021
2155,2021
2160,2041
2160,2035
2155,2039
2149,2068
2150,2055
2137,2013
2142,2033
2139,2041
2123,2023
2126,2033
2116,2024
2108,2072
2101,2067
2100,2033
2093,2031
2088,2060
2067,2041
2065,2031
2055,2076
2048,2052
2036,2023
2026,2062
2022,2030
2005,2079
1995,2015
2000,2078
1983,2057
1983,2015
1969,2053
1960,2042
1959,2037
1952,2038
1944,2031
1929,2076
1932,2067
1929,2063
1917,2022
1915,2078
1927,2040
1911,2015
1915,2055
1919,2009
1916,2054
1915,2056
1913,2077
1913,2073
1919,2038
1927,2071
1937,2039
1939,2059
1933,2076
1944,1997
1950,2053
1948,2022
1964,2072
1970,2069
1966,2023
1978,2072
1996,2063
2002,2011
2013,2078
2019,2028
2021,2068
2032,2023
2039,2068
2048,2047
2063,2073
2071,2032
2071,1995
2087,2036
2085,2044
2096,2047
2108,2068
2112,2028
2124,2040
2121,2072
2131,2067
2143,2017
2148,2051
2152,2040
2149,2021
2162,2056
2153,2042
2160,2043
2160,2069
2160,2072
2164,2028
2160,2080
2159,1999
2152,1999
2150,2041
2148,2028
2144,2023
2131,2026
2131,2063
2127,2031
2120,2065
2118,2056
2107,2034
2104,2024
2085,2005
2085,2033
2069,2035
2071,2048
2067,2009
2043,2009
2040,2067
2035,2017
2021,1991
2016,2048
2001,2053
1979,1995
1984,2071
1992,2078
1976,2037
1963,2029
1967,2065
1958,2020
1951,2029
1951,2021
1948,2039
1939,2058
1951,2037
1943,2056
1935,2025
1942,2043
1932,2033
1933,2039
1944,2051
1948,2073
1945,2063
1951,2074
1952,2021
1958,2027
1959,2004
1966,2068
1976,2079
1971,2027
1990,2026
1997,2063
1998,2089
1994,2060
2013,2023
2016,1991
2027,2031
2023,2038
2042,2075
2041,2064
2062,2041
2072,2024
2075,2037
2081,2044
2091,2026
2093,2034
2103,2036
2111,2053
2120,2055
2125,2024
2140,2054
2146,2063
2147,2017
2147,2025
2153,2029
2164,2071
2168,2028
2177,2051
2172,2011
2168,2048
2172,2017
2171,2075
2169,2072
2173,2023
2170,2068
2167,2040
2156,2027
2155,2080
2151,2025
2151,2066
2145,2027
2136,2063
2131,1997
2121,2048
2117,2067
2115,2052
2099,2019
2100,2063
2089,2036
2082,2029
2071,2069
2068,2073
2063,2048
2041,2029
2029,2056
2017,2037
2015,2063
2016,2006
2002,2032
1993,2040
1977,2042
1976,2083
1964,2065
1955,2047
1955,2023
1947,2041
1951,2031
1944,2073
1937,2044
1943,2030
1929,2056
1937,2011
1932,2045
1932,2043
1933,2047
1932,2072
1934,2041
1931,2029
1943,2011
1947,2013
1944,2064
1948,2011
1956,2007
1960,2023
1965,2033
1975,2087
1970,2029
1991,2071
1997,2035
2005,2053
2004,2035
2011,2021
2025,2039
2031,1995
2036,2057
2044,2056
2056,2037
2063,2027
2073,2021
2080,2033
2080,2069
2090,2023
2105,2043
2104,2039
2105,2021
2125,2027
2130,2037
2135,2011
2141,2023
2133,2035
2140,2019
2141,2024
2148,2019
2159,2027
2162,2040
2157,2001
2153,2003
2155,2021
2152,2019
2149,2073
2151,2017
2144,2010
2138,2017
2136,2039
2128,2066
2120,2025
2112,2017
2107,2055
2093,2029
2085,2074
2081,2033
2088,2045
2068,2055
2066,2019
2059,2039
2035,2063
2030,2017
2030,2024
2024,2035
2009,2047
2000,2044
1995,2041
1984,2048
1971,2029
1968,2037
1960,2063
1956,2009
1941,2048
1949,2027
1939,2020
1940,2055
1942,2074
1946,2029
1941,2043
1952,2081
1943,2046
1939,2033
1953,2048
1953,1995
1944,2073
1947,2034
1943,2023
1956,2055
1959,2009
1964,2075
1965,2033
1975,2002
1978,2035
1989,2053
2008,2093
2007,2068
2016,2024
2031,2076
2036,2067
2041,2058
2057,2075
2068,2037
2075,2012
2090,2041
2090,2017
2100,2055
2101,2064
2107,2043
2122,2039
2129,2008
2137,2043
2133,2025
2141,2040
2144,2042
2147,2035
2152,2079
2143,2071
2161,2071
2152,2046
2153,2035
2157,2063
2149,2087
2149,2023
2148,2021
2143,2035
2139,2015
2143,2039
2145,2036
2140,2040
2140,2020
2117,2065
2119,2056
2123,1995
2108,2076
2094,2057
2104,2021
2096,2065
2088,1992
2073,2059
2067,2036
2048,2040
2043,2052
2029,2009
2011,2029
2010,2059
2005,2033
1999,2074
1998,2056
1999,1992
1993,2023
1997,2067
1989,2048
1991,2053
1992,2080
1984,2043
1977,2011
1971,2068
1966,2063
1955,2055
1955,2070
1949,2055
1952,2063
1949,2065
1951,2024
1957,2080
1960,2025
1957,2034
1963,2052
1969,2055
1971,2019
1981,2076
1976,2041
1988,2068
2008,2007
2011,2071
2024,2073
2040,2033
2024,2055
2055,2079
2053,2024
2064,2056
2071,2005
2071,2076
2076,2023
2076,2065
2085,2071
2083,2025
2088,2044
2087,2028
2089,2001
2091,2009
2099,2071
2092,2056
2104,2033
2107,2055
2115,2088
2124,2040
2119,2068
2135,2039
2137,2055
2152,2024
2149,2013
2165,2029
2164,2060
2152,2026
2169,2007
2161,2001
2158,2019
2155,2015
2149,2065
2153,2036
2151,2092
2148,2052
2145,2074
2132,2027
2136,2067
2130,2029
2120,2037
2127,2040
2123,2059
2121,2026
2125,2043
2119,2071
2119,2008
2123,2037
2117,2044
2119,2048
2117,2033
2104,2062
2091,2039
2091,2069
2091,2039
2078,2043
2067,2007
2064,2035
2063,2060
2053,2055
2040,2078
2031,2019
2032,2047
2032,2036
2023,2066
2020,2033
2016,2053
2019,2069
2012,1995
2017,2043
2008,2008
2011,2029
2008,2040
2008,2071
2000,2063
1995,2055
1992,2058
1992,2025
1984,2061
1979,2015
1991,2035
1979,2015
1971,2048
1979,2023
1980,2024
1966,2048
1982,2037
1984,2053
1996,2038
1995,2034
1993,2039
1997,2023
2010,2063
2016,2076
2032,2080
2034,2023
2043,2001
2063,2028
2068,2067
2073,2056
2078,2048
2071,2037
2077,2043
2083,2022
2091,2033
2103,2053
2107,2031
2120,2005
2129,2037
2124,2017
2132,2066
2139,2064
2145,2060
2155,2039
2155,2035
2156,2040
2172,2057
2167,2043
2170,2071
2167,2056
2179,2025
2169,2040
2156,2055
2164,2022
2162,2056
2153,2056
2146,2081
2131,2027
2135,2056
2124,2035
2119,2035
2105,2067
2101,2001
2095,2080
2088,2017
2076,2068
2071,2063
2067,2053
2058,2071
2045,2035
2039,2051
2035,2043
2031,2060
2026,2046
2021,2054
2014,2039
1994,2035
1997,2033
1991,2057
1981,2071
1981,2069
1957,2027
1960,2003
1961,2069
1964,2055
1954,2036
1956,2052
1957,2029
1961,2043
1961,2033
1974,2073
1969,2017
1981,2091
1984,2039
2000,2003
2007,2068
2010,2033
2022,2072
2023,2028
2029,2024
2032,2040
2044,2023
2056,2034
2063,2035
2068,2068
2072,2020
2072,2041
2079,2060
2085,2034
2096,2067
2104,2059
2119,2053
2125,2027
2136,2026
2136,2088
2151,2042
2160,2023
2169,2017
2173,2056
2185,2039
2195,2063
2197,2055
2205,2053
2208,2031
2216,2059
2203,2080
2208,2003
2205,2071
2208,2019
2201,2003
2199,2009
2201,2042
2197,2059
2194,2023
2179,2076
2179,2057
2179,2054
2171,2075
2155,2063
2150,1996
2152,2056
2139,2034
2139,2074
2119,2023
2125,2031
2108,2039
2107,2022
2089,2035
2077,2041
2072,2035
2055,2016
2042,2007
2032,2058
2011,2055
2011,2065
1995,2029
1985,2087
1973,2063
1976,2041
1960,2042
1952,2019
1939,2035
1920,2059
1932,2056
1937,2017
1928,2060
1926,2048
1908,2065
1920,2063
1913,2044
1918,2070
1918,2030
1916,2024
1897,2025
1919,2066
1908,2021
1925,2027
1914,2030
1929,2040
1940,2021
1931,2032
1947,2040
1955,1980
1959,2056
1969,2032
1984,2055
1989,2083
1993,2032
2004,2039
2020,2046
2027,2028
2033,2004
2043,2043
2053,2011
2063,2089
2078,2079
2077,2035
2092,2040
2103,2066
2104,2086
2111,2061
2104,2071
2119,2039
2121,2005
2136,2025
2143,2054
2143,2027
2151,2022
2151,2066
2158,2068
2161,2044
2167,2029
2163,2043
2184,2027
2174,2005
2172,1997
2163,2040
2160,2045
2155,2006
2148,2039
2139,2092
2140,2022
2136,2035
2124,2029
2124,2044
2116,2019
2104,2043
2104,2032
2081,2042
2083,2018
2077,2080
2074,2040
2063,2033
2060,2063
2051,2044
2038,2021
2027,2035
2029,2035
2019,2063
2008,2033
2006,2067
1989,2033
1992,2055
1987,2022
1976,2067
1963,2035
1961,2058
1960,2066
1955,2056
1951,2063
1949,2056
1947,2021
1945,2068
1947,2015
1944,2018
1943,2040
1952,2043
1951,2028
1945,2032
1951,2039
1957,2067
1961,2063
1959,1995
1965,2063
1972,2009
1969,2039
1974,2036
1982,2029
1995,2063
1999,2060
1993,2021
1997,2068
2007,2037
2015,2003
2024,2053
2026,2005
2039,1993
2043,2039
2052,2071
2052,2017
2063,2059
2076,2057
2087,2045
2079,2052
2095,2044
2093,1981
2100,2019
2108,2036
2119,2040
2124,2048
2123,2005
2134,2056
2129,2020
2137,2063
2131,2044
2144,2044
2143,2012
2144,2029
2146,2033
2143,2039
2146,2005
2143,2039
2143,2043
2142,2028
2139,2007
2140,2060
2127,2007
2135,2068
2116,2018
2119,2036
2106,2027
2111,2075
2093,2020
2094,2043
2088,2087
2083,2041
2069,2038
2063,2072
2063,2005
2051,2080
2042,2025
2029,2007
2019,2067
2018,2015
2010,2071
1997,2056
1995,2063
1993,2040
1984,2069
1971,2038
1973,2056
1968,2056
1959,2055
1943,2021
1950,2060
1951,2057
1939,1987
1947,2063
1947,2072
1936,2055
1940,2065
1944,2029
1938,2089
1939,2055
1945,2037
1944,1997
1945,2021
1951,2024
1960,2029
1958,2031
1974,2024
1963,2072
1978,2041
1975,2015
1995,2025
1991,2070
1997,2025
2008,2051
2018,2070
2017,2068
2031,2061
2039,2077
2051,2063
2056,2064
2065,2033
2070,2024
2080,2063
2087,2079
2093,2041
2104,2042
2100,2033
2121,2028
2128,2043
2139,2063
2133,2067
2153,1999
2153,2043
2153,2039
2169,2034
2153,2029
2175,2072
2172,2063
2172,2048
2169,2067
2168,2040
2165,2037
2170,2063
2158,2034
2168,2004
2159,2080
2159,2001
2152,2072
2153,2075
2137,2029
2139,2027
2121,2019
2130,2011
2129,2043
2120,2066
2103,2027
2107,2064
2085,2057
2083,2055
2077,2068
2071,2039
2068,2056
2048,2037
2029,2011
2024,2011
2023,2035
1997,2036
2008,2063
1997,2065
1990,2060
1984,2078
1978,2063
1968,2076
1959,2030
1960,2064
1959,2057
1949,2011
1945,2029
1947,2048
1947,2030
1941,2060
1946,2025
1944,2063
1939,2069
1943,2084
1940,2065
1943,2025
1940,2023
1951,2080
1961,2063
1959,2023
1973,2025
1976,2023
1981,2041
1994,2057
1993,2055
2009,2063
2008,2005
2019,2065
2031,2040
2040,2021
2055,2032
2057,2070
2065,2044
2077,2041
2088,2028
2089,2043
2101,2052
2110,2024
2112,2058
2124,2056
2133,2065
2149,2056
2147,2025
2157,2071
2157,1999
2155,2027
2176,2031
2179,2057
2181,2067
2191,2011
2195,2048
2196,2063
2196,2038
2197,2089
2189,2055
2180,2043
2191,2036
2183,2036
2171,2044
2173,2022
2159,2043
2160,2041
2148,2068
2153,2055
2144,2040
2133,2017
2129,2065
2108,2036
2099,2035
2091,2044
2092,2062
2084,2040
2072,2028
2069,2054
2040,2042
2035,2063
2025,2012
2008,2011
2008,2040
1991,2004
1979,2071
1978,2055
1967,2043
1957,2062
1947,2019
1940,2072
1927,2029
1917,2017
1920,2069
1915,2013
1916,2037
1905,2025
1911,2020
1909,2023
1901,2066
1912,2074
1902,2071
1903,2011
1909,2055
1913,2023
1910,2040
1920,2078
1929,2061
1931,2025
1931,2072
1944,2045
1949,2031
1961,2093
1964,2037
1974,2059
1984,2032
1984,2079
2003,2023
2005,2027
2014,2063
2022,2026
2032,1995
2036,2063
2063,2031
2063,2075
2075,2003
2084,2063
2089,2012
2095,2023
2105,2002
2120,2023
2123,2021
2136,2078
2135,2024
2152,2029
2147,2041
2152,2007
2165,2012
2168,2053
2165,2040
2176,2075
2176,2004
2169,2064
2180,1999
2172,2001
2173,2039
2163,2027
2161,2037
2155,2068
2153,2009
2151,2060
2139,2078
2141,2040
2136,2023
2123,2019
2118,2063
2107,2036
2107,2023
2095,2019
2096,2068
2088,2063
2068,2039
2067,2058
2048,2033
2025,2065
2017,2082
2009,2063
1999,2059
1995,2017
1987,2024
1971,2045
1972,2025
1963,2008
1960,2039
1943,2023
1941,2038
1931,2055
1930,1992
1912,2056
1916,2067
1916,2073
1911,2040
1903,2055
1895,2031
1901,2067
1907,2056
1888,2079
1900,2054
1901,2047
1898,2067
1898,2037
1904,2076
1895,2025
1912,2056
1911,2065
1916,2020
1937,2087
1944,2008
1941,2011
1962,2015
1967,1991
1983,2067
1988,2057
2007,2020
2011,2028
2032,2025
2042,2077
2059,2058
2057,2071
2080,2033
2091,2043
2101,2079
2110,2029
2119,2035
2128,2025
2139,1997
2156,2044
2149,2023
2168,2043
2170,2041
2173,2021
2187,2027
2197,2039
2199,2056
2193,1971
2208,2008
2213,2019
2214,2026
2213,2072
2201,2020
2202,2010
2209,2042
2195,2042
2195,2055
2181,2040
2168,2042
2149,2009
2138,2053
2129,2024
2121,2017
2108,2027
2093,2063
2085,2073
2074,2039
2075,2041
2057,2063
2052,2040
2026,2036
2015,2035
2007,2011
1999,2068
1983,2037
1974,2043
1968,2044
1960,2017
1953,2001
1943,2060
1927,2045
1917,2064
1910,2053
1901,2040
1908,2037
1904,2054
1904,2068
1903,2015
1908,2044
1908,2072
1901,2021
1899,2083
1915,2078
1925,2069
1925,2068
1933,2045
1939,2029
1949,2023
1961,2070
1964,2030
1981,2034
1984,2068
1993,2054
2001,2017
2014,2056
2021,2043
2023,2033
2035,2031
2040,2023
2056,2015
2041,2003
2069,2071
2074,2037
2080,2024
2094,2084
2097,2009
2104,2025
2120,2019
2127,2063
2123,2043
2135,2025
2143,2016
2147,2019
2149,2011
2149,2040
2155,2029
2163,2002
2168,2060
2163,2024
2163,2085
2164,2035
2168,2055
2165,2035
2164,2079
2152,2037
2154,2094
2147,2027
2142,2077
2139,2047
2124,2017
2135,2063
2128,2069
2118,2071
2109,2031
2102,2061
2091,2028
2091,2063
2080,2060
2073,2024
2068,2074
2055,2033
2046,2088
2032,2075
2024,2036
2016,2069
2009,2070
1987,2056
1985,2043
1976,2042
1968,2069
1963,2037
1949,2017
1954,2065
1949,1999
1932,2035
1939,2088
1920,2078
1927,2037
1925,2043
1927,2040
1926,2021
1916,2065
1918,2080
1911,2056
1914,2061
1913,2063
1915,2058
1911,2072
1917,2056
1912,2011
1928,2080
1912,2035
1935,2041
1927,1993
1947,2031
1952,2059
1958,2037
1964,2032
1963,2079
1971,2074
1984,2027
1987,2072
2004,2023
2016,2095
2019,2041
2025,2057
2034,2057
2039,2029
2056,2060
2065,2009
2063,2030
2069,2005
2081,2041
2085,2035
2083,2032
2093,2075
2104,2069
2112,2080
2115,2053
2128,2041
2131,2046
2131,2071
2137,2047
2159,2080
2156,2037
2161,2035
2155,2043
2157,2031
2164,2063
2153,2029
2166,2011
2156,2051
2158,2041
2149,2035
2152,2064
2143,2045
2144,2055
2135,2066
2127,2075
2110,2079
2123,2042
2103,2043
2106,2072
2095,2031
2089,2056
2088,2040
2085,2007
2076,2075
2067,2013
2067,2035
2056,2072
2035,2033
2032,2079
2025,2086
2024,2044
2011,2070
2011,2080
1996,2041
1996,2022
1973,2057
1975,2033
1963,2041
1967,2091
1957,2015
1961,2057
1958,2066
1952,2043
1952,2025
1951,2024
1947,2080
1951,2069
1947,2021
1945,2056
1947,2040
1952,2015
1947,2017
1965,2071
1953,2036
1959,2063
1968,2019
1971,2088
1975,2057
1980,2034
1984,2029
1992,2042
1991,2055
2002,2024
2007,2071
2009,2063
2012,2056
2030,2071
2029,2076
2048,2079
2057,2003
2057,2029
2073,2037
2074,2052
2088,2024
2101,2068
2099,2036
2118,2009
2115,2018
2120,2072
2129,2021
2138,2040
2142,2007
2149,2039
2147,2071
2155,2005
2163,2054
2168,2044
2167,2023
2175,2036
2172,2040
2164,2067
2171,2026
2167,2001
2164,2039
2158,2039
2159,2094
2157,2088
2145,2039
2141,2035
2135,2011
2135,2045
2122,2023
2113,2055
2101,2078
2095,2056
2091,2048
2076,2063
2074,1999
2063,2053
2055,2040
2039,2033
2025,2048
2016,1991
2003,2027
1995,2027
1992,2011
1981,2072
1971,2073
1955,2043
1952,2053
1945,2071
1939,2024
1931,2043
1923,2026
1928,2072
1927,2017
1907,2057
1914,2072
1912,2056
1907,2056
1911,2041
1906,2053
1911,2042
1919,2044
1911,2017
1920,2043
1913,2039
1935,2053
1940,2030
1943,2029
1949,2048
1959,2025
1968,2072
1965,2044
1984,2057
1984,2056
2000,2057
2010,2025
2017,2033
2026,2071
2029,2043
2047,2038
2063,2063
2071,2039
2071,2022
2085,2080
2096,2052
2097,2037
2102,2048
2117,2037
2129,2047
2136,2077
2146,2067
2151,2003
2156,2042
2164,2031
2171,2025
2175,2045
2182,2067
2187,2066
2173,1989
2185,2064
2191,2034
2179,2026
2171,2056
2169,2031
2176,2038
2174,2017
2165,2021
2153,2036
2152,2026
2145,2073
2133,2035
2128,2057
2124,2040
2119,2071
2110,2057
2103,2053
2083,2072
2088,2075
2078,2061
2072,2007
2063,2045
2053,2038
2043,2024
2023,2076
2020,2021
2009,2068
2007,2068
1995,2063
1987,2066
1980,2039
1970,2009
1962,2057
1962,2021
1954,2051
1944,2033
1937,2013
1941,2020
1945,2072
1945,2021
1948,2070
1939,2005
1946,2058
1944,2073
1949,2041
1941,2088
1947,2003
1961,2053
1961,2078
1963,2015
1971,2066
1971,2041
1975,2039
1992,2029
2003,2063
2000,2031
2012,2011
2011,2039
2021,2080
2035,2040
2042,2072
2056,2027
2065,2027
2080,2065
2088,2032
2087,2077
2092,2075
2103,2063
2116,2019
2121,2055
2121,2024
2139,2057
2136,2027
2151,2029
2156,2040
2161,2041
2169,2071
2171,2024
2180,2011
2192,2059
2187,2011
2196,2064
2198,2007
2202,2029
2197,2032
2199,1996
2200,2043
2191,2043
2195,2019
2192,2043
2184,2056
2181,2065
2173,2067
2166,2100
2151,2033
2149,2040
2146,2056
2139,2063
2125,2023
2115,2015
2112,2077
2105,2088
2088,2043
2091,2088
2080,2011
2074,2072
2065,2057
2057,2059
2048,2052
2040,2079
2020,2012
2021,2057
2005,2053
2009,2023
1991,2015
1992,2056
1991,2013
1973,2052
1973,2068
1965,2072
1963,2035
1959,2073
1961,2029
1961,2067
1964,2029
1964,2075
1960,2058
1950,2083
1958,2017
1957,2076
1968,2028
1971,2041
1973,2040
1978,2061
1976,2007
1979,2041
1996,2063
1999,2052
2005,2045
2010,2023
2012,2045
2021,2065
2021,2063
2036,2038
2035,2068
2055,2036
2060,2075
2067,2045
2077,2027
2085,2045
2083,2035
2093,2065
2101,2077
2112,2037
2111,2029
2127,2056
2131,2034
2137,2034
2133,2070
2151,2040
2159,2063
2157,2056
2167,2071
2172,2001
2176,2027
2184,2029
2183,2024
2189,2066
2190,2071
2190,2067
2191,2075
2189,2024
2173,2003
2187,2063
2167,2068
2172,2003
2168,2021
2168,2064
2153,2052
2153,2040
2152,2072
2143,2062
2143,2068
2134,2034
2128,2021
2122,2072
2103,2053
2109,2020
2089,2005
2090,2047
2073,2054
2068,2037
2067,2080
2056,2037
2055,2035
2031,2024
2032,2041
2026,2084
2016,2078
2012,2009
2007,2073
1993,2063
1992,2023
1976,2043
1972,2052
1977,2064
1971,2045
1976,2063
1973,2080
1967,2051
1962,2054
1957,2055
1964,2044
1963,2022
1963,2080
1964,2015
1969,2059
1977,2063
1964,2040
1975,2017
1976,2055
1992,2048
1984,2075
1992,2007
2004,2008
2008,2022
2006,2069
2016,2015
2024,2037
2031,2043
2036,2054
2033,2075
2053,2040
2061,2055
2063,2041
2069,2041
2075,2069
2091,2027
2090,2047
2097,2088
2095,2063
2111,2079
2111,2027
2129,2019
2127,2007
2139,2054
2150,2043
2151,2030
2149,2017
2151,2051
2165,2048
2169,2060
2163,2064
2170,2063
2172,2056
2170,2076
2169,2042
2164,2072
2167,2040
2157,2054
2161,2037
2152,2072
2154,2044
2144,2045
2146,2058
2135,2057
2133,2043
2116,2073
2119,2037
2108,2072
2100,2074
2103,2003
2088,2037
2084,2039
2069,2053
2065,2039
2061,2039
2043,2053
2032,2063
2021,2023
2027,2055
2017,2037
1999,2019
1993,2057
1991,2039
1986,2037
1965,2028
1967,2040
1959,2021
1954,2063
1955,2036
1941,2040
1943,2058
1943,2035
1939,2033
1939,2068
1943,2037
1931,2074
1943,2044
1940,2039
1938,2067
1949,2071
1947,2005
1948,2063
1949,2057
1955,2074
1953,2024
1972,2037
1977,2033
1974,2072
1989,2064
1993,2060
2004,2065
2008,2048
2020,2033
2027,2040
2031,2046
2041,2024
2048,2053
2055,2035
2072,2067
2072,2034
2088,2032
2093,2080
2092,2073
2103,2063
2116,2023
2127,2005
2136,2008
2139,2059
2147,2041
2148,2072
2147,2046
2164,2040
2163,2017
2168,2043
2169,2019
2182,2038
2174,2057
2173,2048
2180,2048
2165,2073
2174,2041
2162,2067
2153,2074
2153,2006
2153,2037
2155,2037
2140,2055
2132,2003
2131,1997
2123,2011
2123,2071
2109,2045
2103,2015
2087,2064
2084,2043
2081,2084
2067,2072
2057,2026
2055,2009
2035,2072
2030,2075
2024,2063
2007,2053
2007,2071
1996,2040
1988,2067
1981,2035
1965,2048
1965,2056
1951,2039
1947,2063
1947,2023
1941,2055
1941,2091
1937,2044
1940,2064
1932,2021
1940,2025
1940,2043
1933,2033
1940,2061
1940,2056
1943,2036
1943,2063
1941,2029
1955,2044
1957,2042
1967,2057
1974,2038
1975,2055
1976,2072
1979,2086
2000,2041
2004,2071
2003,2009
2016,2039
2027,2035
2032,2032
2043,2032
2053,2025
2068,2031
2073,2071
2081,2055
2090,2040
2100,2021
2108,2063
2127,2026
2120,2018
2121,2017
2129,2021
2139,2014
2152,2061
2164,2034
2165,2043
2169,2024
2169,2043
2188,2041
2189,2036
2184,2025
2197,2039
2183,2048
2199,2063
2200,2053
2187,2013
2193,2024
2188,2056
2173,2025
2169,2080
2172,2080
2171,2080
2155,2074
2156,2025
2143,2012
2146,2015
2133,2051
2121,2004
2128,2059
2108,2028
2109,2007
2104,2056
2082,2037
2075,2027
2075,2079
2067,2007
2055,2055
2052,2038
2036,2028
2027,2033
2021,2019
2016,2065
2005,2048
1999,2044
1987,2040
1979,2033
1971,2071
1961,2072
1971,2015
1971,2061
1964,2043
1956,2011
1962,2060
1958,2019
1964,2063
1963,2072
1965,2055
1961,2055
1968,2056
1968,2064
1975,2069
1976,2070
1981,2039
1982,2079
1989,2010
1989,2066
2007,2038
2003,2001
2016,2001
2023,2036
2023,2056
2032,2076
2045,2035
2040,2073
2063,2035
2063,2071
2077,2072
2088,2039
2091,2053
2097,2035
2113,2031
2107,2068
2121,2075
2130,2027
2125,2073
2133,2051
2137,2053
2152,2040
2156,2009
2168,2017
2181,2059
2175,2030
2169,2008
2188,2034
2192,2066
2193,2028
2190,2076
2188,2059
2187,2080
2185,2025
2189,2067
2180,2071
2171,2021
2177,2045
2172,2040
2164,2036
2150,2056
2154,2067
2145,2035
2135,2038
2142,2070
2135,2048
2119,2041
2123,2005
2109,2019
2093,2046
2099,2019
2095,2063
2083,2092
2080,2097
2071,2055
2069,2027
2035,2055
2042,2065
2038,2072
2032,2069
2023,2056
2019,2041
2011,2007
2009,2048
2003,2011
1987,2075
1990,2074
1987,2064
1983,2055
1979,2060
1989,2019
1990,2055
1986,2040
1979,2063
1991,2043
1987,2056
1987,2044
1985,2017
1987,2087
1981,2011
2001,2065
2001,2036
2007,2057
2005,1999
2017,2037
2025,2076
2027,2076
2029,2039
2035,2039
2056,2057
2042,2037
2063,2056
2067,2022
2072,2057
2075,2046
2083,2059
2087,2016
2097,2007
2109,2063
2107,2029
2123,2070
2121,2056
2123,2074
2133,2055
2144,2059
2139,2063
2163,2045
2166,2040
2157,2033
2168,2067
2167,1992
2184,2063
2171,2072
2179,2071
2185,2084
2189,2007
2184,2068
2180,2037
2181,2057
2176,2080
2173,2009
2168,2063
2164,2061
2157,2067
2153,2044
2144,2057
2141,2048
2129,2048
2120,2042
2119,2037
2112,2040
2105,2042
2092,2077
2083,2072
2080,2091
2070,2039
2065,2076
2048,2055
2035,2041
2028,2041
2023,2056
2009,2071
2008,2073
2003,2051
1992,2071
1975,2035
1972,2059
1959,2070
1957,2072
1947,2068
1943,2020
1941,2066
1931,2025
1929,2039
1932,2037
1929,2063
1915,2011
1926,2042
1927,2041
1922,2041
1924,2075
1926,2063
1932,2044
1944,2066
1944,2045
1929,2005
1949,2007
1948,2019
1969,2032
1959,2027
1970,2045
1983,2053
1988,2060
1987,2063
2007,2041
2014,2080
2015,2089
2027,2069
2030,2006
2029,2096
2062,2063
2067,2067
2067,2071
2073,2017
2090,2035
2089,2051
2101,2072
2120,2009
2124,2056
2135,2056
2141,2065
2154,2029
2152,2037
2160,2043
2163,2039
2176,2059
2173,2068
2171,2023
2185,2040
2185,2026
2188,2057
2189,2053
2183,2024
2176,2065
2179,2080
2171,1996
2167,2071
2155,2021
2168,2048
2159,2043
2152,2045
2145,2041
2142,2036
2134,2047
2125,2078
2124,2027
2116,2048
2100,2036
2090,2024
2085,2020
2081,2065
2067,2056
2064,2085
2056,2044
2044,2035
2024,2039
2022,2061
2017,2035
2003,2036
1995,2064
1992,2053
1986,2045
1976,2039
1968,2044
1967,2009
1960,2028
1959,2072
1956,2039
1945,2071
1941,2058
1951,2032
1950,2065
1947,2073
1943,2008
1943,2052
1943,2053
1952,2063
1951,1994
1951,2017
1962,2037
1969,2032
1973,2072
1981,2057
1981,2043
1992,2045
1993,2010
2001,2003
2016,2048
2012,2065
2019,2033
2024,2007
2029,2040
2054,2012
2063,2029
2063,2040
2084,2056
2080,2047
2087,2007
2099,2055
2103,2058
2107,2053
2107,2068
2131,2048
2132,2057
2134,2043
2143,2042
2149,2017
2160,2068
2157,2015
2165,2045
2167,2061
2180,2040
2175,2067
2176,2040
2176,2033
2174,2055
2167,2003
2173,2071
2171,2017
2163,2071
2157,2036
2153,2027
2146,2088
2144,2077
2136,2056
2136,2069
2117,2024
2112,2011
2115,2088
2107,2007
2091,2057
2089,2033
2072,2048
2077,2052
2065,2037
2055,2005
2043,2079
2039,2054
2021,2030
2016,2011
2014,2065
1995,2064
1999,2045
1987,2063
1980,2041
1977,2057
1959,2071
1957,2071
1955,2040
1959,2054
1956,2041
1943,2023
1948,2079
1952,2027
1939,2056
1951,2071
1942,2036
1946,2073
1952,2054
1959,2015
1960,2007
1960,2033
1956,2041
1975,2058
1971,2065
1980,2023
1992,2029
1992,2025
2008,2063
2003,2019
2021,2077
2022,2040
2031,1987
2043,2029
2048,2035
2062,2040
2072,2044
2079,2019
2082,2044
2093,2040
2105,2023
2114,2043
2115,2043
2123,2072
2137,2088
2146,2072
2152,2068
2162,2042
2161,2063
2171,2032
2185,2019
2186,2072
2191,2041
2195,2021
2201,2071
2197,2048
2208,2055
2210,2044
2207,2023
2212,2034
2207,2069
2203,2035
2205,2029
2199,2035
2193,2034
2191,2023
2189,2009
2184,2077
2172,2090
2161,2068
2153,2072
2153,2052
2144,2065
2151,2043
2136,2030
2125,2037
2121,2042
2109,2056
2101,2011
2096,2086
2091,2068
2089,2041
2072,2029
2066,2072
2055,2067
2041,2019
2040,2037
2030,2071
2029,2048
2024,2066
2012,2076
2010,2057
2005,2025
1999,2076
1995,2048
1993,2075
1991,2028
1994,2058
1993,2052
1989,2044
1987,2069
1981,2096
1991,2055
1987,2036
1996,2085
1999,2009
2000,2049
2007,2067
2011,2054
2013,2063
2015,2043
2023,2017
2033,2043
2035,2040
2049,2017
2043,2068
2059,2022
2072,2039
2071,2067
2081,2066
2081,2042
2092,2033
2100,2048
2103,2044
2107,2046
2121,2024
2127,2039
2136,2019
2133,2070
2148,2021
2147,2059
2160,2065
2168,2038
2169,2056
2176,2043
2187,2015
2188,2039
2185,2071
2191,2065
2197,2023
2200,2037
2203,2066
2204,2048
2202,2060
2198,2057
2200,2080
2187,2017
2187,2041
2187,2068
2184,2025
2176,2041
2175,2040
2163,2043
2159,2076
2155,2071
2151,2057
2140,2040
2132,2037
2127,2056
2130,2045
2118,2038
2105,2059
2091,2041
2091,2029
2081,2069
2071,2063
2066,2028
2059,2063
2043,2039
2040,2064
2034,2075
2023,2011
2013,2056
2005,2063
2006,2024
1993,2068
1994,2063
1987,2067
1982,2080
1981,2021
1980,2027
1979,2035
1972,2029
1981,2055
1971,2066
1979,2011
1969,2023
1971,2031
1971,2084
1983,2045
1989,2015
1979,2032
1995,2030
1995,2024
2007,2080
2002,2027
2012,2048
2015,2063
2021,2019
2026,2068
2036,2076
2042,2072
2057,2015
2064,2035
2065,2031
2076,2029
2086,1995
2093,2009
2095,2029
2107,2055
2108,2024
2128,2058
2129,2067
2139,2009
2151,2064
2147,2063
2154,2073
2167,2100
2181,2037
2195,2021
2189,2105
2204,2071
2219,2054
2222,2030
2235,2067
2235,2007
2237,2029
2233,2040
2251,2068
2249,2096
2245,2100
2225,2072
2219,2005
2215,2075
2225,2063
2219,2053
2219,2075
2211,1991
2213,2039
2208,2029
2193,2040
2199,2071
2191,2083
2181,2056
2173,2064
2172,2045
2169,2039
2167,2074
2171,2013
2167,2057
2166,2012
2155,2055
2136,2039
2129,2054
2109,2044
2083,2071
2073,2003
2056,2080
2035,2068
2038,2108
2035,2036
2031,2007
2031,2082
2040,2047
2035,2004
2039,2039
2015,2025
2004,2037
2001,2023
1976,2043
1971,2025
1957,2071
1951,2040
1946,2005
1956,2071
1963,2057
1970,2007
1987,2039
1989,2013
1993,2001
2004,2035
2014,2039
2010,2067
2015,2094
2016,2072
2008,2032
2004,2043
2004,2037
2000,2039
2004,2072
2004,2043
2001,2027
1995,2022
2003,2030
1996,2005
2010,2017
2007,2072
2012,2080
2011,2063
2023,2011
2027,2048
2043,2039
2048,2034
2064,2037
2072,2048
2080,2078
2080,2068
2091,2039
2085,2011
2087,2067
2085,2037
2083,1979
2071,2040
2083,2055
2065,2027
2068,2065
2053,2043
2040,2040
2036,2039
2037,2045
2033,2036
2040,2091
2033,2035
2039,2079
2031,2068
2041,2055
2034,2074
2027,2039
2011,2060
2011,2025
2008,2009
1995,2053
1992,2066
1980,2044
1971,2022
1961,2041
1965,2101
1960,2072
1958,2064
1951,2053
1946,2038
1937,2040
1933,2037
1923,2035
1915,2070
1913,2053
1909,2063
1915,2082
1900,2007
1911,2069
1911,2063
1912,2072
1911,2043
1917,2081
1913,2075
1916,2037
1920,2046
1937,2065
1928,2068
1927,2071
1936,2058
1929,2057
1932,2080
1937,2073
1931,2081
1941,2052
1943,2019
1955,2088
1976,2043
1987,2066
2005,2048
2025,2074
2035,2037
2054,2063
2068,2023
2073,2055
2091,2063
2092,2065
2106,2069
2121,2043
2133,2037
2145,2087
2154,2041
2166,2055
2184,2067
2191,2064
2208,2036
2219,2032
2220,2040
2220,2021
2243,1991
2245,2042
2253,2035
2249,2066
2255,2056
2255,2046
2268,2010
2271,2037
2274,2040
2280,2045
2275,2043
2269,2052
2265,2008
2271,2039
2268,2070
2258,2063
2244,2036
2231,2067
2224,2063
2211,2037
2202,2007
2195,2063
2183,1966
2172,2075
2154,2056
2136,2039
2135,2021
2123,2037
2116,2024
2103,2079
2095,2041
2087,2064
2073,2035
2063,2056
2048,2048
2039,2019
2017,2068
2016,2038
2010,2015
1994,2023
1993,2019
1977,2031
1963,2005
1966,2032
1960,2023
1955,2011
1952,2057
1946,2041
1949,2072
1942,2035
1941,2072
1955,2063
1958,2038
1955,2035
1965,2068
1977,2055
1979,2029
1987,2021
2001,2077
1991,2029
2012,2003
2013,2056
2018,2071
2019,2024
2032,2035
2033,2058
2038,2025
2053,2007
2058,2065
2066,2052
2067,2030
2085,2005
2093,2041
2096,2011
2110,2028
2123,2029
2129,2022
2144,2048
2155,2019
2166,2025
2167,2023
2173,2044
2187,2002
2195,2011
2200,2060
2199,2009
2208,2031
2203,2019
2212,2044
2201,2009
2202,2032
2188,2019
2193,2033
2190,2071
2188,2025
2182,2079
2170,2100
2171,2027
2176,2060
2158,2027
2157,2044
2164,2078
2159,2078
2151,2067
2147,1991
2144,2063
2137,2069
2135,2033
2119,1996
2117,2060
2101,2063
2094,2088
2085,2024
2073,2072
2053,2059
2051,2032
2040,2040
2027,2080
2023,2075
2015,2039
2008,2073
2005,2044
1999,2039
1993,2039
1988,2028
1996,2107
1991,2077
1996,2033
1998,2030
1999,2033
1990,2043
1989,2035
1992,2071
1979,2009
1979,2025
1983,2044
1977,2043
1975,2040
1992,2019
1991,2017
1995,2082
1997,2041
2006,2021
2009,2084
2012,2080
2022,2053
2026,2028
2043,2071
2061,2056
2056,2064
2071,2024
2079,2076
2079,2044
2096,2006
2099,2072
2105,2068
2104,2038
2112,2064
2103,2039
2123,2048
2127,2023
2132,2041
2137,2040
2143,2056
2145,2064
2152,2059
2164,2063
2179,2061
2171,2034
2181,2025
2190,2055
2195,2040
2187,2003
2193,2058
2204,2019
2200,2040
2189,2039
2193,2040
2192,2023
2182,2024
2167,2030
2165,2067
2157,2044
2153,2011
2151,2065
2143,2028
2127,2084
2128,2024
2123,2064
2120,2078
2105,1992
2105,2029
2097,2053
2093,2056
2093,2086
2089,2043
2073,2069
2071,2072
2071,2036
2056,2082
2053,2054
2039,2057
2028,2068
2026,2033
2018,2030
2009,2033
1999,2065
1988,2044
1975,2063
1976,1993
1977,2067
1976,2045
1971,2008
1976,2071
1971,2063
1976,2028
1975,2029
1973,2040
1980,2021
1977,2056
1987,2029
1991,2063
1995,2041
2000,2079
1998,2001
2004,2021
2007,2043
2003,2075
2016,2065
2016,2063
2024,2053
2028,2056
2032,2087
2030,2031
2041,2031
2061,2057
2063,2021
2075,2070
2077,2072
2089,2015
2105,2059
2115,2037
2107,2058
2128,2040
2131,2035
2135,2042
2139,2039
2159,2068
2163,2040
2163,2039
2169,2055
2167,2020
2184,2071
2176,2027
2191,2019
2192,2041
2193,2069
2188,1991
2201,2011
2203,2071
2207,2059
2201,2003
2212,2034
2208,2001
2208,2052
2208,2096
2207,2084
2208,2071
2199,2016
2189,2021
2188,2045
2183,2063
2172,2063
2165,2055
2163,2083
2157,2060
2153,2038
2136,2019
2123,2063
2119,2011
2111,2032
2096,2071
2077,2007
2073,2021
2072,2056
2055,2033
2066,2070
2064,2063
2063,2032
2048,2079
2040,2069
2039,2037
2031,2045
2017,2017
2011,2031
2003,2053
1979,2023
1983,2046
1977,2069
1976,2050
1973,2075
1976,2053
1977,2043
1984,2056
1989,2054
2002,2067
2004,2011
2009,2066
1995,2079
2007,2068
2000,2077
2007,2037
2011,2071
2018,2041
2022,2080
2024,2007
2034,2008
2044,2079
2057,2017
2075,2017
2086,2008
2093,2069
2109,2037
2121,2019
2130,2058
2148,2068
2155,2007
2172,2065
2173,2078
2193,2015
2200,2040
2212,2072
2221,2011
2235,2019
2246,2064
2252,2041
2263,2003
2259,2044
2264,2065
2265,2008
2265,2052
2273,2059
2265,2075
2280,2052
2267,2063
2271,2043
2277,2065
2272,2034
2268,2051
2268,2073
2259,2063
2249,2051
2253,2039
2233,2043
2228,2045
2219,2023
2208,2078
2194,2033
2157,2013
2165,2073
2148,2026
2143,2088
2135,2047
2115,2059
2108,2072
2096,2073
2084,2027
2073,2056
2064,2088
2043,2027
2039,2075
2023,2025
2011,2025
2000,2042
1995,2021
1979,2063
1977,2023
1973,2068
1966,2063
1964,2079
1957,2024
1959,2073
1960,2019
1953,2069
1959,2039
1955,2019
1952,2063
1949,2037
1948,2020
1960,2063
1962,2033
1969,2012
1978,2021
1977,2071
1988,2028
1996,2040
2015,2024
2027,2032
2037,2080
2039,2053
2043,2071
2060,2043
2045,2019
2072,2080
2072,2068
2094,2072
2093,2063
2099,1987
2108,2027
2118,2082
2128,2009
2136,2073
2139,2019
2146,2068
2151,2013
2155,2019
2161,2041
2167,2040
2170,2037
2171,2074
2181,2012
2181,2040
2189,2029
2181,2032
2196,2042
2200,2057
2200,2063
2196,2077
2185,2063
2185,2007
2176,2053
2181,2056
2173,2003
2153,2077
2147,2041
2140,2047
2139,2027
2131,2016
2122,2072
2107,2071
2097,2021
2097,2080
2088,2048
2080,2039
2074,2091
2063,2039
2063,2072
2039,2064
2035,2029
2025,2083
2015,2029
1997,2015
2000,2064
1989,2058
1980,2068
1977,2021
1968,2056
1963,2076
1955,2056
1955,2003
1948,2058
1942,2023
1933,2037
1932,2011
1940,2063
1943,2034
1948,2027
1938,2011
1946,2076
1953,2034
1952,2069
1959,2029
1955,2043
1965,2027
1965,2056
1976,2005
1989,2063
1978,2066
1992,2027
1993,2093
2003,2080
2017,2037
2027,2023
2027,2067
2030,2015
2047,2059
2062,2045
2074,2062
2077,2040
2085,2067
2093,2041
2101,2037
2111,2041
2123,2031
2136,2027
2140,2067
2148,2067
2140,2005
2149,2073
2152,2078
2155,2025
2161,2027
2171,2045
2170,2061
2184,2060
2184,2017
2179,2056
2193,2091
2184,2004
2194,2071
2193,2028
2198,2017
2195,2061
2197,2019
2189,2047
2193,2045
2192,2057
2185,2017
2183,1994
2184,2007
2165,2033
2168,2064
2159,2076
2151,2007
2148,2060
2145,2039
2141,2044
2131,2069
2125,2039
2124,2012
2109,2015
2109,2072
2099,2021
2100,2069
2088,2068
2084,2040
2073,2013
2065,2048
2063,2020
2057,2063
2055,2019
2035,2015
2035,2065
2029,2029
2029,2048
2015,2029
2011,2063
2005,2044
2008,2001
2006,2072
2003,2015
2001,2061
1996,2035
1992,2072
1998,2079
1995,2029
1989,2019
2001,2064
2000,2041
2008,2019
2001,2030
2005,2008
2019,2031
2015,2067
2012,2035
2029,2040
2032,2032
2027,2040
2027,2044
2037,2031
2039,2039
2061,2080
2059,2045
2068,2064
2073,2063
2079,2076
2082,2043
2091,2023
2105,2063
2108,2003
2107,2046
2127,2047
2123,2066
2127,2027
2148,2059
2149,2041
2158,2075
2157,2009
2173,2037
2168,2017
2184,2028
2181,2009
2176,2064
2198,2021
2196,2055
2197,2029
2188,2056
2194,2009
2200,2032
2193,2019
2189,2017
2192,2035
2185,2040
2184,2068
2188,2043
2171,2069
2163,2061
2160,1991
2147,2007
2146,1995
2140,2028
2143,2032
2128,2025
2120,2056
2110,2022
2093,2078
2086,2035
2075,2075
2072,2067
2055,2044
2055,2026
2039,2044
2028,2060
2024,2072
2011,2052
2007,2073
2002,2032
1981,2007
1984,2063
1976,2065
1972,2071
1961,2023
1968,2056
1959,2041
1963,2011
1953,2037
1958,2063
1955,2041
1956,2054
1948,2035
1951,2010
1956,2054
1960,2075
1961,2063
1959,2069
1971,2063
1976,2059
1987,2046
1981,2083
1992,1995
2004,2036
2016,2057
2016,2035
2028,2025
2033,2011
2058,2065
2044,2043
2067,2067
2084,2056
2079,2030
2093,2025
2106,2071
2122,2023
2124,2068
2132,2041
2148,2067
2147,2071
2160,2034
2167,2063
2168,2058
2188,2056
2198,2052
2204,2055
2203,2054
2216,2021
2217,2060
2231,2063
2234,2040
2236,2065
2244,2029
2245,2027
2243,2063
2243,2070
2246,2072
2231,2035
2232,2056
2227,2069
2219,2015
2213,2057
2211,2023
2205,2054
2204,2019
2197,2015
2196,2064
2185,2041
2171,2023
2167,2064
2160,2072
2156,2079
2147,2001
2139,2073
2132,2032
2119,2021
2106,2043
2103,2020
2085,2035
2091,2015
2080,2067
2073,2025
2065,2063
2065,2072
2039,2029
2040,2035
2025,2064
2032,2072
2018,2059
2018,2037
2022,2044
2016,2029
2018,2058
2018,2052
2013,2080
2020,2066
2020,2041
2011,2060
2031,2038
2023,2054
2023,2007
2035,2073
2034,2067
2040,2029
2043,2046
2041,2065
2063,2025
2069,2072
2072,2071
2080,1997
2085,2011
2097,1997
2097,2025
2103,2031
2116,2048
2123,2076
2135,2027
2148,2045
2162,2062
2168,2003
2175,2023
2176,2021
2192,2036
2195,2022
2200,2072
2203,2073
2217,2031
2224,2054
2231,2037
2231,2056
2240,2035
2236,2021
2245,2027
2250,2029
2256,2071
2247,2055
2251,2057
2256,2008
2259,2066
2255,2023
2256,2072
2252,2066
2254,2072
2240,2035
2232,2021
2236,2073
2224,2073
2223,2089
2216,2044
2211,2067
2200,2072
2200,2025
2188,2056
2171,2053
2158,2037
2157,2041
2153,2074
2136,2053
2135,2041
2124,2051
2118,2056
2108,2039
2094,2027
2085,2042
2080,2071
2069,2041
2059,2088
2045,2041
2041,2076
2035,2029
2021,2023
2027,2036
2006,2063
2016,2068
2009,2032
2010,2058
2009,2075
2015,2074
2003,2057
2008,2053
1999,2044
2008,2067
2003,2026
2002,2080
2008,2055
2015,1993
2012,2036
2011,2019
2020,2035
2017,2040
2033,2088
2041,2029
2037,2037
2041,2015
2055,2055
2068,2075
2067,2026
2075,2057
2080,2063
2088,2039
2089,2075
2107,2063
2105,2023
2116,2043
2121,2079
2117,2020
2136,2089
2142,2076
2137,2066
2145,2028
2155,2071
2160,2048
2166,2057
2175,2035
2181,2065
2184,2054
2184,2063
2184,2007
2186,2072
2175,2048
2191,2074
2185,2028
2191,2024
2184,2077
2169,2072
2174,2039
2171,2066
2167,2044
2163,2036
2156,2007
2147,2069
2147,2067
2136,2065
2133,2057
2124,2045
2109,2012
2109,2007
2099,2024
2087,2060
2080,2042
2075,2068
2059,2080
2065,2055
2037,2029
2031,2027
2032,2029
2024,2035
2011,2037
1993,2027
1999,2072
1981,2017
1977,2066
1973,2051
1970,2022
1960,2063
1949,2079
1952,2039
1939,2035
1929,2007
1944,2048
1935,2054
1937,2039
1935,2046
1927,2009
1928,2027
1937,2056
1937,2024
1935,2068
1936,2073
1944,2047
1939,2063
1945,2059
1950,2075
1951,2048
1960,2063
1959,2027
1959,2075
1976,2009
1980,2027
1987,2063
1995,2033
1992,2055
2010,2068
2012,2042
2024,2025
2019,2008
2029,2018
2035,2071
2055,2008
2062,2074
2058,2091
2065,2023
2077,2011
2075,2024
2095,2075
2100,2053
2108,2047
2112,2073
2119,2063
2120,2025
2131,2021
2136,2035
2130,2047
2136,2010
2143,2019
2146,2048
2150,2021
2148,2063
2146,2072
2145,2039
2141,2055
2143,2068
2137,2075
2139,2048
2136,2074
2127,2047
2115,2028
2113,2069
2109,2005
2108,2073
2099,2063
2100,2073
2087,2009
2085,2078
2080,2040
2077,2043
2076,1991
2061,2055
2041,2073
2043,2036
2037,1997
2024,2063
2019,2057
2015,2069
1997,2048
1992,2012
1987,2040
1977,2040
1976,1994
1965,2063
1964,2080
1964,2037
1961,2055
1960,2045
1955,2033
1961,2019
1952,2056
1955,2069
1953,2057
1946,2079
1955,2027
1956,2041
1953,2043
1958,2071
1959,2009
1964,2072
1963,2046
1976,2064
1975,2085
1981,2017
1995,2076
2002,2048
1997,1992
2004,2070
2015,2003
2023,2080
2027,2035
2040,2080
2057,2043
2063,2043
2067,2009
2078,2047
2086,2052
2092,2038
2106,2041
2105,2059
2107,2031
2132,2024
2135,2056
2144,2024
2157,2043
2159,2066
2173,2045
2179,2075
2181,2040
2191,2052
2185,2069
2200,2048
2206,2039
2208,2044
2204,2064
2211,2096
2205,2063
2202,2079
2204,2058
2203,2063
2204,2063
2199,2055
2185,2066
2192,2066
2189,2079
2171,2068
2180,2019
2170,2079
2157,2056
2151,2063
2144,2043
2143,2038
2134,2087
2120,2053
2115,2053
2107,2034
2099,2040
2096,2019
2089,2079
2078,2076
2063,2040
2060,2067
2053,2055
2043,2017
2035,2068
2015,2056
2011,2076
2012,2043
2002,2039
1993,2024
1989,2020
1980,2008
1992,2034
1981,2038
1976,1996
1978,2040
1979,2031
1975,2068
1980,2044
1983,2039
1977,2072
1984,2069
1987,2073
1995,2051
1998,2058
2002,2033
1993,2060
2011,2055
2017,2021
2017,2056
2031,2035
2038,2036
2041,2023
2053,2018
2063,2011
2070,2012
2077,2021
2084,2007
2092,2058
2093,2072
2104,2041
2107,2028
2128,2080
2136,2055
2137,2086
2139,2025
2155,2077
2163,2059
2161,2017
2176,2041
2187,2067
2189,2063
2191,1996
2198,2003
2205,2005
2199,2029
2211,2063
2208,2029
2209,2023
2216,2047
2204,2044
2201,2041
2211,2019
2197,2054
2201,2038
2187,2035
2191,2041
2183,2015
2176,2059
2175,2066
2169,2059
2147,2015
2154,2068
2145,2036
2131,2034
2127,2008
2119,2060
2111,2044
2103,2063
2083,2078
2075,2063
2063,2027
2063,2067
2055,2025
2035,2068
2027,2011
2027,2072
2015,2067
2005,2032
1997,2027
1994,2075
1975,2063
1971,2025
1979,2063
1974,2070
1960,2021
1964,2048
1961,2053
1962,2075
1957,2020
1953,2035
1960,2041
1959,2046
1963,2041
1960,2073
1957,2023
1973,2071
1972,2055
1974,2034
1987,2035
1979,2072
1996,2011
1998,2054
2003,2012
2017,2042
2012,2030
2013,2036
2033,2011
2040,2063
2043,2084
2064,2061
2067,2021
2069,2056
2080,2071
2092,2066
2103,2071
2103,2008
2120,2071
2119,2072
2121,2074
2133,2048
2139,2042
2148,2041
2156,2033
2163,2009
2166,2065
2173,2029
2184,2035
2184,2011
2175,2015
2191,2017
2192,2067
2192,2055
2189,2037
2192,2039
2193,2063
2181,2011
2187,2053
2186,2033
2181,2011
2167,2032
2165,2072
2153,2021
2149,2056
2152,2025
2140,2037
2137,2067
2132,2023
2123,2068
2116,2071
2110,2019
2094,2039
2087,2028
2080,2063
2073,2063
2067,2066
2059,2065
2046,2059
2040,2032
2031,2021
2011,2017
2020,2019
2010,2079
2000,2063
1995,2038
1979,2041
1981,2063
1967,2035
1969,2030
1965,2059
1963,2037
1963,2037
1967,2070
1966,2056
1960,2033
1953,2051
1963,2080
1963,2040
1961,2071
1968,2012
1960,2046
1963,2003
1973,2063
1977,2056
1984,2030
1995,2043
2004,2034
1992,2042
2010,2087
2013,2025
2015,2030
2020,2040
2040,2009
2037,2030
2048,2021
2064,2069
2059,2003
2073,2079
2080,2009
2091,2043
2091,2041
2103,2078
2103,2039
2116,2080
2125,2043
2131,2059
2137,2056
2137,2048
2152,2077
2153,2053
2157,2065
2163,2067
2158,2009
2169,2011
2173,2058
2171,2074
2175,2039
2165,2021
2164,2051
2165,2056
2173,2041
2169,2025
2174,2077
2161,2065
2147,2091
2157,2072
2153,2067
2139,1989
2135,2002
2132,1997
2120,2027
2119,2075
2109,2044
2104,2040
2088,2025
2088,2043
2079,2074
2072,2028
2056,2075
2043,2082
2040,2080
2032,2063
2027,2025
2022,2064
2005,2042
2008,2043
1993,2019
1989,2033
1979,2043
1973,2019
1957,2072
1965,2040
1960,2069
1951,2017
1950,2038
1952,2065
1940,2060
1945,2037
1947,2013
1939,2066
1942,2072
1947,2092
1945,2027
1947,2063
1943,2039
1948,2072
1956,2068
1955,2027
1962,2039
1960,2068
1972,2041
1977,2063
1990,2020
1991,2076
1997,2071
2006,2043
2012,2040
2023,2057
2023,2021
2032,2023
2044,2074
2059,2041
2060,2056
2073,2039
2072,2001
2084,2027
2096,2077
2102,2060
2103,2029
2120,2053
2124,2013
2124,2035
2135,2029
2148,2056
2149,2055
2155,2008
2154,2041
2163,2048
2169,2063
2169,2059
2175,2069
2169,2015
2176,2045
2169,2056
2167,2001
2181,2056
2168,2043
2163,2060
2151,2030
2153,2025
2156,2068
2137,2005
2139,2091
2132,2056
2129,2065
2116,2005
2107,2029
2115,2063
2097,2051
2087,2019
2086,2041
2078,2071
2063,2040
2062,2075
2044,2047
2040,2055
2032,2035
2020,2063
2011,2008
2005,2043
2004,2031
1988,2027
1988,2033
1973,2071
1969,2032
1964,2043
1957,2024
1957,2040
1952,2017
1947,2021
1943,2028
1948,2034
1951,2063
1948,2062
1951,2046
1947,1995
1948,2038
1950,2063
1947,2036
1956,2069
1968,2075
1965,2072
1971,2009
1974,2036
1980,2054
1987,2023
2000,2039
2000,2043
2013,2047
2010,2011
2026,2032
2029,2075
2033,2084
2043,2033
2063,2059
2070,2009
2075,2071
2091,2052
2096,2077
2108,2041
2103,2060
2119,2063
2119,2004
2136,2044
2144,2048
2147,2044
2160,2037
2166,2059
2165,2043
2172,2025
2179,2063
2185,2064
2196,2017
2187,2026
2193,2047
2193,2028
2195,1979
2193,2057
2184,2028
2191,2045
2185,2021
2173,2038
2183,2026
2176,2069
2167,2037
2171,2024
2166,2056
2152,2041
2153,2035
2143,2003
2136,2071
2129,2015
2127,2031
2123,2080
2106,2032
2099,2077
2097,2044
2086,2040
2076,2060
2068,2040
2062,2015
2056,2023
2039,2076
2032,2078
2024,2070
2011,2015
2012,2039
2007,2038
1994,2072
1994,2045
1979,2030
1979,2019
1992,2057
1983,2017
1979,2048
1973,2043
1975,2079
1980,2065
1979,2046
1973,2033
1973,2020
1975,2010
1989,2009
1992,2016
1991,2038
1993,2026
2008,2067
2007,2005
2010,2052
2023,2071
2021,2036
2030,2042
2035,2029
2041,2019
2041,2055
2065,2075
2071,2080
2081,2057
2088,2005
2088,2019
2100,2031
2115,2026
2120,2041
2128,2087
2137,2105
2145,2041
2151,2044
2155,2024
2168,2022
2181,2035
2189,2063
2196,2063
2197,2075
2205,2041
2208,2071
2209,2057
2220,2055
2225,2066
2231,2075
2225,2063
2233,2015
2231,1997
2232,2086
2227,2042
2217,2055
2224,2096
2213,2068
2215,2063
2212,2045
2199,2063
2201,2031
2195,2029
2190,2018
2185,2060
2175,1999
2164,2063
2158,2053
2145,2063
2136,2029
2137,2038
2125,2044
2105,2079
2099,2048
2096,2044
2085,2081
2063,2055
2063,2036
2039,2063
2040,2058
2021,2033
2024,2071
2009,2054
1997,2056
1992,2079
1984,2065
1975,2071
1968,2047
1957,2033
1960,2041
1960,2041
1955,2011
1960,2063
1957,2069
1951,2077
1949,2035
1958,2032
1956,2041
1961,2056
1963,2055
1960,2040
1972,2080
1979,2028
1982,2044
1989,2027
1997,2040
2004,2025
2012,2011
2016,2063
2023,2035
2022,2055
2037,2021
2043,2024
2060,2043
2071,2035
2076,2040
2088,2040
2089,2023
2098,2027
2103,2025
2103,2055
2107,2043
2117,2076
2127,2027
2125,2043
2135,1993
2147,2072
2152,2036
2154,2056
2153,1996
2143,2045
2165,2033
2163,2019
2159,2043
2155,2030
2153,2032
2152,2008
2156,2040
2138,2032
2135,2040
2129,2076
2123,2075
2117,2087
2107,2009
2089,2028
2085,2041
2075,2020
2074,2063
2067,2073
2048,2056
2042,2089
2028,2035
2021,2063
2018,2023
2007,2043
2005,2042
1998,2001
1989,2053
1971,2035
1977,2028
1962,2041
1947,2025
1952,2023
1943,2043
1937,2024
1940,2029
1926,2080
1924,2025
1919,2080
1917,2008
1916,2080
1920,2009
1919,2071
1930,2021
1923,2037
1923,2025
1927,2060
1932,2075
1929,2060
1937,2022
1935,2069
1942,2075
1945,2042
1946,2077
1949,2063
1953,2030
1959,2005
1973,2060
1983,2078
1993,2058
1991,2048
1997,2056
2005,2043
2012,2023
2019,2063
2023,2067
2037,2064
2039,2058
2042,2053
2060,2072
2068,2028
2073,2040
2084,2025
2087,2011
2097,2057
2097,2072
2116,2063
2117,2077
2126,2044
2136,2015
2145,2035
2139,2030
2147,2038
2160,2035
2167,2080
2165,2079
2169,1991
2180,2057
2196,2026
2189,2063
2187,2019
2194,2043
2188,2027
2191,2072
2186,2028
2187,2071
2174,2065
2179,2067
2181,2020
2171,2039
2172,2072
2159,2037
2151,2040
2158,2072
2147,2014
2152,2044
2140,2028
2137,2080
2129,2009
2117,2033
2112,2021
2101,2017
2098,2036
2088,2038
2072,2088
2072,2001
2055,2027
2047,2095
2029,2019
2039,2076
2028,2040
2020,2063
2011,2066
1997,2033
1991,2038
1989,2035
1984,2021
1987,2035
1987,2084
1981,2043
1992,2024
1997,2065
1987,2023
1981,2024
1982,2051
1977,2040
1984,2059
1973,2028
1978,2075
1979,2054
1973,2012
1984,2038
2000,2027
1995,2063
2016,2033
2026,2064
2027,1993
2040,2054
2037,2072
2045,2045
2055,2051
2056,2036
2069,2074
2072,2035
2079,2007
2088,2011
2101,2067
2101,2072
2115,2004
2128,2058
2139,2025
2135,2021
2153,2029
2152,2024
2151,2045
2159,2071
2165,2048
2171,2008
2172,2007
2175,2069
2174,2021
2174,2040
2173,2039
2164,2065
2165,2024
2173,2085
2155,2011
2163,2058
2152,2045
2153,2077
2143,2023
2133,2035
2131,2006
2121,2023
2124,2036
2102,2053
2105,2037
2102,2069
2091,2055
2083,2040
2078,2060
2071,2083
2067,2080
2046,2009
2037,2054
2020,2020
2016,2068
2001,2035
1997,2068
1984,2021
1977,2068
1979,2065
1972,2063
1970,2056
1967,2036
1959,2067
1952,2067
1945,2057
1939,2068
1944,2047
1943,2009
1942,2054
1944,2056
1937,2019
1938,2063
1935,2035
1944,2064
1944,2063
1938,2074
1945,2037
1948,2078
1956,2069
1956,2019
1965,2003
1966,2025
1964,2003
1980,2027
1983,2039
1991,2070
1995,2059
1997,2048
2014,2023
2019,2075
2030,2080
2031,2078
2047,2037
2063,2079
2068,2067
2067,2063
2072,2024
2086,2037
2095,2035
2093,2091
2096,2039
2104,2043
2103,2008
2117,2059
2121,2063
2131,2036
2135,2025
2143,2031
2153,2063
2163,2074
2166,2033
2168,2057
2164,2003
2171,2029
2168,2063
2167,2009
2167,2004
2171,2043
2161,2048
2167,2065
2160,2076
2157,2055
2152,2060
2152,2098
2152,2035
2144,2028
2132,2003
2121,2064
2116,2042
2107,2021
2099,2027
2097,2055
2095,2027
2086,2024
2076,2029
2069,2071
2055,2058
2055,2041
2042,2063
2040,2076
2023,2035
2020,2054