1960,2056
1964,2068
1964,2080
1963,2081
1959,2027
1962,2019
1961,2044
1963,2060
1967,2080
1963,2039
1963,2044
1959,2069
1968,2019
1967,2088
1975,2029
1972,2020
1976,2068
1977,2063
1989,2067
1984,2080
1993,2077
2000,2056
2007,2003
2005,2076
2015,2063
2018,2064
2023,2041
2026,2042
2035,2007
2046,2041
2051,2072
2059,2063
2057,2078
2067,2072
2076,2048
2087,2033
2089,2057
2093,2047
2101,2064
2105,2060
2117,2080
2128,2073
2133,2040
2135,2042
2140,2047
2136,2063
2145,2038
2160,2053
2158,2025
2165,2040
2165,2015
2168,2032
2158,2046
2171,1993
2167,2015
2160,2067
2167,2074
2165,2037
2155,2068
2156,2036
2149,2057
2152,2044
2141,2037
2135,2037
2123,2067
2130,2065
2120,2025
2115,2036
2108,2048
2089,2072
2091,2027
2088,2040
2077,2068
2065,2067
2058,2073
2044,2064
2032,2066
2024,2053
2022,2043
2008,2044
2011,2041
1997,2024
1977,2015
1972,2025
1971,2021
1963,2022
1955,2039
1963,2052
1956,2057
1943,2053
1947,2040
1942,2071
1948,2009
1939,2017
1944,2071
1941,2043
1948,2036
1940,2041
1952,2069
1950,2072
1949,2056
1957,2022
1963,2021
1970,2029
1969,2019
1985,2057
1988,2019
1996,2021
2001,2066
2001,2011
2016,2064
2024,2001
2025,2011
2033,2035
2053,2043
2055,2090
2067,2037
2077,2063
2084,2042
2089,2036
2094,2079
2101,2023
2110,2057
2118,2036
2131,2037
2140,2043
2140,2072
2153,2057
2155,2064
2159,2080
2164,2073
2183,2056
2181,2057
2173,2017
2181,2058
2180,2056
2171,2017
2171,2056
2171,2064
2163,2009
2159,2032
2153,2043
2149,2048
2144,2074
2133,2003
2131,2057
2125,2057
2123,2063
2115,2069
2103,2075
2107,2055
2095,2041
2096,1991
2083,2011
2084,2025
2071,2019
2056,2080
2041,2003
2019,2089
2012,2068
2000,2045
1991,2073
1980,2072
1975,2080
1965,2018
1969,2044
1961,2027
1963,2048
1963,2041
1963,2060
1952,2041
1957,2076
1952,2091
1947,2056
1941,2043
1953,2029
1952,2056
1951,2037
1960,2030
1960,2087
1971,2041
1965,2030
1977,2059
1979,2008
1989,2056
2004,2041
2007,2013
2025,2055
2032,2039
2059,2035
2065,2060
2079,2038
2095,2029
2110,2079
2117,2021
2133,2037
2135,2039
2156,2028
2155,2012
2167,2037
2183,2054
2189,2031
2193,2056
2193,2077
2197,2063
2201,2001
2207,2057
2203,2007
2203,2059
2203,2021
2204,2053
2211,2052
2203,2092
2207,2063
2208,2059
2204,2076
2201,2013
2200,2074
2196,2037
2185,2056
2184,2047
2173,2001
2167,2005
2164,2075
2150,2060
2144,2041
2136,2067
2131,2035
2117,2065
2103,2034
2097,2066
2089,2027
2079,2056
2067,2039
2064,2054
2043,2077
2044,2003
2040,2027
2035,2064
2031,2080
2013,2066
2029,2037
2026,2051
2021,2035
2015,2076
2016,2051
2015,2003
2019,2008
2016,2071
2021,2055
2011,2043
2011,2040
2010,2038
2011,2055
2017,2054
2023,2041
2021,2041
2021,2024
2023,2065
2025,2037
2024,2040
2019,2044
2027,2063
2024,2024
2031,2053
2026,2035
2023,2005
2025,2091
2026,2001
2031,2019
2032,2071
2024,2051
2022,2010
2027,2035
2028,2038
2030,2053
2028,2055
2026,2011
2033,2023
2031,2043
2029,2026
2033,2077
2021,2061
2027,1981
2036,2029
2036,2068
2045,2033
2047,2036
2048,2038
2053,2011
2057,2055
2071,2058
2069,2033
2071,2039
2087,2079
2096,2063
2084,2011
2092,2011
2101,2071
2110,2083
2109,2054
2118,2060
2121,2007
2123,2017
2128,2037
2136,2071
2125,2017
2135,2059
2127,2001
2137,2037
2131,2038
2134,2042
2139,2071
2133,2073
2123,2036
2135,2040
2128,2040
2124,2020
2121,2073
2127,2063
2115,2052
2122,2061
2110,2066
2101,2055
2099,2080
2091,2023
2087,2029
2075,2024
2071,2063
2065,2078
2057,2027
2063,2040
2046,2044
2043,2075
2025,2027
2021,2030
2024,2017
2009,2033
2008,2038
2003,2040
1994,2011
1994,2042
1996,2041
1980,2023
1977,2025
1990,2044
1980,2042
1972,2003
1987,2072
1978,2077
1982,2076
1980,2022
1984,2025
1990,2019
1981,2026
1984,2030
1995,2063
1996,2053
2002,2044
2006,2023
2008,2041
2007,2058
2020,2039
2024,2072
2019,2033
2025,2019
2038,2029
2051,2071
2048,2032
2057,2041
2069,2068
2063,2019
2075,2036
2075,2020
2088,2056
2091,2057
2104,2040
2117,2031
2124,2059
2129,2079
2136,2055
2133,2025
2151,2074
2149,2021
2163,2075
2167,1997
2168,1989
2159,2053
2181,2063
2179,2008
2171,2031
2167,2024
2168,2077
2172,2071
2174,2063
2167,2021
2161,2039
2153,2034
2157,2039
2151,2040
2141,2080
2144,2012
2140,2040
2129,2040
2128,2021
2121,2058
2112,2032
2106,2068
2091,2011
2091,2044
2077,2035
2075,2046
2065,2073
2053,2001
2056,2063
2039,2034
2025,2057
2024,2024
2020,2070
2008,2047
1999,1999
1991,2056
1982,2037
1965,2071
1963,2029
1961,2043
1960,2080
1961,2056
1953,2015
1953,2057
1935,2053
1949,2020
1947,2045
1954,2063
1957,2031
1953,2037
1961,2067
1966,2068
1969,2013
1973,2063
1975,2066
1992,2020
1998,2024
2005,2039
2007,2037
2025,2021
2032,2046
2042,2071
2044,2076
2063,2030
2059,2081
2072,2034
2088,2041
2092,2044
2096,2037
2111,2036
2127,2066
2120,2042
2125,2021
2123,2065
2144,2035
2159,2069
2160,2047
2165,2077
2167,2024
2180,2080
2183,2025
2188,2039
2194,2024
2198,2035
2193,2064
2200,2047
2200,2071
2192,2068
2184,2017
2173,2065
2183,2024
2168,2059
2168,2034
2160,2017
2156,2056
2144,2071
2130,2025
2132,2029
2124,2043
2112,2010
2107,2003
2094,2061
2085,2033
2073,2041
2076,2088
2063,2019
2053,2089
2051,2041
2031,2001
2029,2068
2023,2019
2014,2045
2008,2040
1999,2043
1992,2015
1993,2063
1978,2063
1982,2077
1972,2027
1977,2042
1976,2078
1963,2019
1968,2103
1959,2029
1961,2024
1971,2071
1973,2077
1976,2011
1979,2076
1975,2056
1992,2031
1989,2071
1995,2044
1991,2077
2001,2035
2008,2056
2011,2025
2019,2092
2019,2063
2029,2080
2035,2027
2036,2023
2027,2059
2048,2024
2059,2031
2057,2056
2072,2021
2079,2057
2082,2066
2087,2072
2098,2036
2097,2035
2101,2071
2107,2072
2112,2013
2127,2069
2124,2074
2129,2039
2124,2043
2139,2063
2145,2005
2161,2054
2152,2061
2157,2048
2161,2063
2173,2038
2176,2023
2181,2046
2185,2056
2191,2044
2187,2069
2188,2042
2185,2032
2183,2026
2184,2045
2182,2069
2177,2025
2162,2023
2159,2043
2162,2045
2151,2021
2152,2076
2137,2035
2131,2043
2127,2013
2126,2032
2120,2072
2106,2041
2093,2067
2089,2029
2085,2056
2079,2037
2063,2005
2063,2025
2058,2076
2038,2018
2036,2040
2025,2059
2015,2047
1997,2023
2008,2080
1981,2023
1976,2041
1978,2053
1970,2024
1963,2072
1955,2019
1948,2009
1951,2037
1952,2042
1944,2033
1947,2041
1953,2029
1951,2017
1953,2053
1951,2044
1952,2039
1953,2027
1960,2063
1967,2012
1963,2071
1973,2046
1978,2025
1990,2039
1989,1979
2004,2063
2006,2051
2011,2055
2019,2048
2032,2076
2040,2056
2053,2001
2056,2043
2063,2005
2071,2032
2077,2056
2087,2042
2103,2077
2111,2027
2119,2032
2122,2042
2135,2033
2135,2029
2144,2065
2157,2073
2157,2071
2168,2060
2171,2034
2184,2039
2173,2021
2183,2063
2193,2047
2200,2066
2187,2027
2198,1993
2201,2065
2195,2052
2200,2073
2194,2011
2195,2069
2191,2095
2189,2076
2181,2001
2176,2043
2163,2080
2164,2027
2152,2020
2144,2048
2136,2017
2136,2063
2127,2045
2117,2069
2112,2001
2101,2087
2096,2057
2092,1997
2091,2068
2094,2015
2087,2035
2075,2088
2073,2069
2063,2035
2056,2058
2035,2013
2040,2063
2024,2060
2005,2055
1995,2035
1989,2044
1989,2039
1980,2041
1979,2069
1988,2023
1973,2074
1976,2032
1975,2037
1963,2042
1966,2065
1959,2021
1967,2063
1954,2071
1960,2037
1953,2001
1959,2063
1956,2041
1960,2077
1958,2011
1961,2067
1958,2056
1953,2029
1960,2052
1966,2073
1962,2030
1966,2040
1968,1999
1965,2032
1982,2024
1988,2021
1996,2064
2005,2076
2016,2034
2028,2020
2035,2058
2053,2019
2057,2071
2075,2041
2081,2009
2099,2033
2111,2029
2125,2076
2129,2045
2136,2070
2152,2056
2149,1995
2166,2056
2169,2044
2176,2035
2187,2008
2190,2062
2194,2015
2195,2033
2189,2063
2201,2039
2199,2035
2203,2045
2197,2063
2201,2047
2189,2029
2195,2055
2185,2041
2185,2055
2176,2021
2167,2001
2160,2003
2155,2063
2139,2057
2131,2058
2115,2069
2113,2009
2100,2073
2080,2053
2072,2040
2053,2056
2041,2017
2027,2039
2012,2015
2007,2039
1993,2060
1973,2007
1973,2063
1951,2025
1954,2088
1943,2043
1930,2064
1930,2088
1918,2055
1912,2080
1910,2028
1909,2071
1908,2043
1906,2043
1907,2039
1901,2058
1899,2033
1916,2093
1911,2080
1927,2067
1930,2053
1941,2030
1939,2076
1952,2024
1960,2021
1979,2064
1979,2024
1993,2047
2004,2051
2015,2031
2031,2057
2053,2053
2066,2087
2080,2063
2088,2051
2093,2031
2107,2009
2120,2073
2134,2076
2142,2048
2151,2040
2159,2030
2179,2039
2175,2065
2188,2066
2200,2017
2204,2033
2203,2003
2217,2036
2228,2075
2213,2073
2228,2053
2221,2054
2223,2064
2233,2027
2232,2056
2230,2071
2221,2066
2224,2056
2219,2044
2209,2076
2201,2035
2189,2040
2183,2005
2184,2072
2167,2078
2160,2045
2152,2071
2140,2024
2121,2003
2125,2015
2107,2092
2108,1993
2088,2019
2079,2025
2072,2040
2068,2063
2057,2025
2039,2044
2033,1988
2019,2055
2004,2053
1996,2038
1984,2066
1982,2056
1968,2067
1956,2044
1948,2023
1943,2068
1936,2038
1919,2021
1933,2021
1925,2038
1928,2011
1923,2065
1911,2027
1918,2035
1912,2035
1920,2053
1913,2051
1923,2068
1919,2072
1931,2070
1935,2024
1931,2041
1944,2080
1945,2063
1947,2019
1959,2033
1965,1992
1976,2019
1986,2043
1983,2028
1993,2035
1998,2063
2006,2023
2016,2011
2019,2017
2036,2035
2053,2027
2052,2025
2068,2068
2065,2043
2077,2025
2094,2056
2101,2040
2112,2008
2116,2069
2119,2039
2129,2034
2139,2048
2148,2067
2136,2008
2155,2032
2155,2071
2145,2027
2168,2056
2167,2073
2179,1999
2165,2005
2172,2053
2163,2036
2166,2087
2163,2027
2168,2024
2149,2023
2150,2033
2152,2054
2137,2027
2137,2079
2135,2043
2119,2037
2108,2011
2104,2058
2101,2076
2083,2021
2074,2039
2069,2056
2066,2019
2043,2065
2041,2083
2027,2023
2022,2063
2011,2096
2008,2072
2001,2065
1981,2032
1984,2063
1971,2035
1968,2023
1956,2062
1957,2067
1937,2033
1944,2091
1940,2031
1937,2043
1929,2029
1939,2011
1913,2055
1931,2041
1923,2072
1933,2040
1928,2068
1916,2009
1933,2033
1937,2041
1927,2029
1932,2010
1937,2055
1950,2033
1945,2068
1955,2017
1956,2015
1972,2060
1963,2039
1979,2063
1994,2056
1997,2021
2003,2025
2013,2033
2016,2043
2029,2072
2032,2029
2043,2034
2054,2019
2063,2033
2069,2052
2071,2047
2088,2044
2085,2031
2098,2015
2097,2035
2111,2038
2122,2033
2128,2021
2129,2075
2143,2039
2137,2039
2153,2056
2148,2043
2160,2019
2164,2032
2164,2043
2165,2019
2168,2017
2159,2039
2172,2040
2164,2037
2162,2023
2164,2087
2156,2084
2148,2037
2147,2067
2146,2032
2133,2052
2134,2068
2128,2032
2124,2042
2108,2032
2104,2047
2097,2063
2090,2021
2083,2036
2065,2070
2070,2058
2041,2025
2047,2071
2028,2053
2029,2062
2015,2027
2013,2066
2005,2047
1996,2053
1977,2033
1976,2046
1961,2063
1960,2037
1947,2025
1945,2043
1933,2028
1938,2028
1937,2058
1943,2040
1927,2058
1936,2056
1924,2064
1932,2048
1931,2081
1932,2039
1927,2033
1933,2090
1929,2071
1941,2063
1943,2011
1946,2015
1960,2045
1963,2046
1962,2041
1971,2015
1984,2079
1990,2043
1987,2032
1992,2073
1997,2043
2016,2063
2027,2035
2032,2011
2047,2035
2059,2072
2073,2039
2076,2019
2088,2073
2089,2017
2103,2019
2112,2071
2107,2038
2129,2033
2135,2073
2151,2069
2145,2064
2161,2025
2164,1995
2165,2079
2171,2068
2185,2079
2187,2063
2184,2067
2194,2063
2192,2037
2192,2065
2191,2025
2190,2019
2175,2043
2180,2019
2183,2067
2165,2046
2171,2080
2165,2063
2154,2046
2153,2021
2137,2063
2138,2027
2132,2076
2123,2029
2120,2076
2108,2033
2094,2057
2080,2048
2084,2053
2073,2053
2069,2036
2059,2063
2044,2060
2019,2024
2029,2064
2017,2055
2003,2076
2004,2075
1988,2029
1987,2055
1974,2041
1969,2063
1966,2063
1962,2051
1957,2072
1948,2040
1953,2054
1956,2066
1945,2056
1947,2075
1955,2015
1952,2060
1945,2053
1956,2067
1959,2063
1962,2060
1959,2038
1959,2028
1976,2068
1978,2035
1979,2055
1994,2030
2000,2024
1999,2036
2013,2084
2024,2023
2031,2011
2032,2075
2035,2022
2048,2010
2065,2039
2077,2033
2085,2080
2085,2080
2096,2007
2100,2063
2115,2080
2132,2063
2129,2026
2139,2072
2147,2041
2155,2071
2159,2055
2174,2046
2171,2011
2183,2056
2190,2048
2187,2040
2200,2023
2193,2061
2203,2029
2205,2078
2207,2056
2204,2045
2201,2091
2199,2080
2193,2069
2188,2033
2190,2028
2191,2057
2181,2021
2179,2035
2171,2035
2160,2042
2150,2070
2143,2085
2140,2058
2127,2080
2121,2071
2108,2040
2107,2063
2096,2083
2088,2042
2077,2079
2068,2042
2068,2063
2040,2027
2033,2077
2029,2065
2018,2024
2013,2073
2005,2070
1999,2078
1992,2007
1968,2023
1976,2019
1965,2032
1959,2024
1947,2042
1959,2039
1948,2059
1947,1987
1951,2008
1952,2041
1952,2043
1952,2053
1955,2059
1951,2074
1949,2009
1962,2055
1963,2055
1968,2056
1963,2041
1975,2023
1979,2045
1989,2054
1990,2053
2002,2038
2001,2037
2017,2009
2023,2045
2027,2045
2038,2056
2044,2047
2044,2034
2054,2075
2067,2039
2075,2080
2081,2028
2093,2098
2091,2030
2104,2007
2099,2079
2119,2067
2129,2057
2128,2048
2144,2060
2146,2071
2153,2025
2156,2056
2161,2048
2165,2015
2172,2068
2173,2025
2184,2032
2179,2020
2183,2083
2184,2029
2179,2040
2180,2071
2168,2033
2170,2040
2168,2067
2157,2067
2165,2067
2152,2036
2145,2057
2139,2088
2135,2048
2130,2040
2123,2020
2108,2056
2104,2079
2099,2065
2089,2057
2079,2021
2072,2024
2072,2039
2045,2063
2051,2037
2040,2055
2028,2060
2019,2044
2007,2011
2011,2051
2004,2063
1995,2076
1982,2068
1981,2063
1961,2073
1968,2005
1960,2069
1957,2037
1947,2067
1953,2039
1952,2039
1933,2067
1945,2044
1952,2027
1951,2039
1943,2079
1947,2056
1944,2022
1952,2055
1949,2096
1955,2030
1959,2030
1955,2017
1974,2031
1963,2069
1979,2063
1987,2060
2000,2019
2007,2041
2004,2007
2017,2065
2024,2027
2027,2053
2029,2040
2033,2064
2040,2039
2043,2019
2056,2067
2063,2077
2069,2058
2072,1989
2081,2025
2090,2080
2096,2071
2106,2037
2119,2041
2122,2067
2129,2019
2140,2073
2147,2055
2143,2040
2156,2071
2155,2041
2151,2035
2154,2013
2160,2079
2165,2021
2167,2063
2165,2029
2169,2072
2168,2077
2163,2021
2167,2029
2163,2023
2167,2028
2168,2085
2168,2044
2165,2051
2155,2069
2167,2068
2163,2046
2157,2041
2156,2042
2147,2037
2143,2069
2135,2025
2115,2035
2115,2037
2111,2089
2094,2015
2091,2030
2073,2043
2065,2091
2056,2023
2030,2077
2031,2060
2016,2048
2003,2028
1987,2088
1973,2037
1966,2040
1955,2021
1955,2055
1947,2019
1947,2037
1939,2029
1915,2033
1932,2003
1928,2028
1915,2048
1911,2039
1899,2074
1912,2068
1903,2009
1910,2052
1911,2083
1897,2017
1911,2037
1909,2055
1923,2023
1920,2043
1927,1981
1939,2055
1939,2044
1953,2075
1962,2029
1975,2020
1991,2039
1993,2026
2009,2048
2031,2040
2030,2052
2055,2025
2075,2047
2075,2063
2094,2036
2104,2017
2118,2091
2123,2026
2136,2067
2151,2019
2153,2077
2169,2028
2173,2017
2193,2037
2194,2011
2201,2007
2213,2023
2208,2025
2211,2027
2205,2040
2204,2011
2199,2035
2201,2024
2200,2035
2184,2007
2185,2072
2174,2025
2167,2022
2156,2076
2147,2018
2137,2036
2128,2045
2119,2065
2094,2003
2094,2046
2080,2022
2071,2051
2063,2074
2053,2071
2033,2080
2026,2063
2010,2063
2008,2033
1996,2058
1988,2041
1973,2028
1960,1995
1963,2057
1956,2024
1948,2080
1942,2040
1927,2063
1930,2043
1927,2076
1925,2077
1928,2019
1929,2060
1933,2055
1939,2039
1931,2063
1941,2025
1950,2072
1949,2068
1952,2079
1959,2073
1969,2021
1965,2023
1984,2065
1987,2043
1995,2068
2003,2053
2017,2064
2012,2075
2025,2069
2033,2033
2041,2065
2056,2029
2065,2063
2077,2095
2083,2048
2086,2021
2085,2067
2103,2071
2112,2056
2115,2019
2123,2037
2123,2010
2136,2039
2147,2039
2149,2026
2152,2011
2153,2071
2157,2040
2163,2025
2174,2011
2185,2067
2191,2043
2188,2008
2180,2029
2192,2067
2192,2056
2189,2063
2194,2056
2191,2044
2193,2062
2187,2063
2189,2028
2182,2053
2173,2036
2171,2007
2161,2039
2171,2072
2174,2066
2149,2021
2151,2031
2144,2058
2132,2024
2131,2054
2128,2013
2127,2045
2107,2080
2105,2072
2103,2024
2086,2035
2081,2059
2071,2013
2064,2068
2047,2015
2035,2005
2036,2042
2031,2044
2017,2057
2011,2003
1999,2080
2001,2044
1991,2060
1979,2071
1973,2056
1978,2076
1973,2063
1963,2011
1973,2063
1959,2017
1973,2023
1961,2027
1968,2045
1959,2079
1965,2011
1965,2064
1971,2032
1971,2027
1968,2028
1975,2039
1980,2060
1979,2060
1997,2005
2007,2052
1999,2065
2013,2031
2022,2011
2025,2043
2038,2015
2048,2071
2041,2058
2068,1997
2071,2072
2085,2030
2091,2027
2091,2053
2107,2044
2109,2046
2119,2064
2123,2017
2129,2033
2143,2053
2140,2057
2152,2063
2161,2048
2172,2068
2179,2027
2172,2039
2189,2071
2192,2021
2187,2031
2201,2051
2199,2040
2195,2037
2200,2041
2202,2030
2195,2088
2200,2035
2200,2043
2185,2056
2191,2037
2187,2025
2182,2048
2182,2071
2164,2033
2161,2025
2149,2043
2155,2063
2139,2015
2146,2055
2133,2069
2128,2065
2123,2039
2120,2055
2108,2042
2104,2071
2099,2039
2083,2076
2080,2011
2075,2060
2071,2009
2065,2063
2059,2080
2046,2088
2041,2024
2031,2041
2022,2005
2020,2063
2003,2003
2008,2035
2001,2065
1995,2017
2001,2020
1993,2029
1993,2036
1987,2024
1982,2027
1984,2076
1987,2037
1983,2055
1981,2005
1979,2037
1983,2034
1979,2040
1988,2033
1981,2025
1987,2045
1992,2033
1996,2057
1993,2042
2005,2027
2008,2019
2010,2027
2011,2065
2023,2025
2029,2021
2028,2039
2040,2058
2047,2055
2056,2059
2066,2056
2067,2040
2075,2024
2085,2021
2092,2037
2096,2023
2110,2073
2103,2040
2120,2021
2132,2048
2140,2087
2151,2075
2152,2048
2156,2035
2157,2018
2167,2024
2167,2058
2167,2019
2180,2047
2185,2040
2185,2053
2179,2039
2171,2031
2171,2029
2179,2045
2171,2061
2169,2020
2168,2053
2157,2035
2155,2037
2152,2101
2144,2080
2135,2068
2132,2028
2124,2077
2117,2029
2099,2021
2105,2039
2088,2038
2075,2039
2079,2057
2062,2066
2041,2035
2033,2031
2028,2040
2020,2075
2007,2026
1995,2009
1992,2056
1980,2045
1969,2009
1963,2082
1963,2068
1947,2024
1945,2080
1948,2038
1939,2044
1933,2009
1938,1999
1939,2043
1929,2051
1936,2065
1939,2072
1936,2072
1941,2088
1943,2060
1943,2063
1939,2019
1955,2036
1956,2065
1965,2073
1964,2060
1978,2037
1984,2037
1993,2063
2003,2058
2008,2018
2023,2062
2029,2009
2040,2065
2056,2074
2057,2064
2074,2068
2073,2003
2089,2063
2096,2043
2108,2040
2109,2015
2124,2036
2135,2087
2133,2022
2146,2084
2156,2064
2161,2059
2169,2048
2184,2048
2185,2064
2188,2015
2193,2035
2199,2065
2199,2041
2206,2033
2205,2043
2207,2059
2199,2016
2205,2042
2205,2069
2195,2039
2187,2079
2183,2028
2188,2070
2176,2080
2175,2065
2157,2043
2153,2063
2149,2024
2144,2027
2144,2043
2123,2072
2124,2043
2120,2057
2107,2036
2093,2063
2087,2043
2072,2029
2075,2007
2057,2011
2041,2028
2048,2080
2035,2045
2024,2012
2007,2023
2007,2073
2001,2021
1994,2053
1982,2044
1977,2078
1968,2027
1971,2043
1959,2021
1968,2068
1966,2023
1959,2034
1964,2076
1953,2015
1961,2024
1949,2056
1964,2041
1966,2052
1959,1997
1952,2060
1974,2069
1976,2023
1970,2060
1978,2041
1989,2032
1992,2035
2007,2036
2008,2059
2016,2003
2023,2003
2024,2067
2032,2071
2043,2037
2043,2072
2063,1995
2072,2063
2069,2075
2080,2068
2093,2021
2093,2025
2108,2025
2111,2027
2125,2015
2124,2063
2135,2030
2142,2029
2143,2061
2145,2040
2164,2001
2158,2030
2155,2038
2174,2065
2175,2056
2168,2071
2173,2040
2174,2026
2169,2036
2169,2071
2168,2013
2170,2030
2165,2055
2160,2035
2156,2046
2152,2069
2135,2033
2137,2021
2132,2051
2128,2037
2122,2040
2109,2071
2108,2056
2088,2015
2091,2040
2077,2058
2071,2047
2066,2025
2063,2037
2052,2077
2037,2066
2025,2023
2023,2023
2013,2004
2001,2075
2001,2069
1987,2044
1980,2080
1981,2025
1967,2051
1961,2043
1955,2064
1956,2062
1943,2033
1937,2021
1943,2056
1939,2078
1942,2051
1933,2003
1944,2069
1940,2060
1940,2072
1937,2039
1939,2066
1948,2024
1951,2043
1947,2063
1960,2041
1957,2011
1972,2044
1974,2032
1981,2045
1984,2058
1995,2068
1992,2035
2005,2043
2014,2063
2024,2080
2022,2041
2029,2063
2039,2029
2043,2048
2054,2048
2063,2039
2077,2036
2076,2066
2090,1993
2089,2041
2098,2056
2110,2038
2120,2048
2124,2019
2131,2029
2135,2021
2137,2021
2149,2059
2150,2074
2152,2040
2149,2056
2167,2036
2159,2028
2169,2023
2167,2035
2167,2044
2160,2043
2167,2067
2161,2040
2159,2056
2151,2063
2151,2045
2158,2045
2143,2005
2136,2009
2125,2071
2122,2052
2119,2041
2116,2080
2107,2056
2093,2038
2090,2039
2090,2007
2076,2056
2074,1987
2063,2001
2056,2015
2044,2027
2023,2020
2032,2035
2021,2063
2024,2024
2005,2063
2007,2043
1994,2059
1993,2043
1989,2027
1976,2021
1971,2051
1968,2040
1963,2034
1960,2069
1961,2079
1961,2040
1959,2011
1955,2035
1947,2068
1961,2027
1960,2034
1962,2055
1957,2060
1968,2063
1962,2067
1976,2056
1975,2069
1979,2037
1977,2025
1996,2071
1996,2003
2003,2021
2008,2059
2014,2052
2009,2073
2021,2025
2035,2008
2045,2040
2041,2009
2042,2052
2063,2037
2068,2033
2079,2041
2084,2041
2087,2075
2095,2026
2104,2068
2105,2043
2119,2047
2123,2023
2119,2024
2136,2024
2135,2025
2147,2079
2151,2070
2156,2091
2158,2064
2152,2068
2165,2042
2171,2069
2163,2024
2173,2021
2170,2059
2175,2043
2162,1993
2171,2021
2155,2041
2164,2025
2160,2080
2152,1996
2147,2028
2147,2001
2140,2026
2140,2076
2125,2040
2125,2071
2115,2036
2112,2066
2104,2015
2098,2067
2092,2019
2083,2053
2072,2074
2070,2047
2065,2031
2052,2072
2040,2075
2031,2025
2026,2060
2001,2057
2007,2027
1997,2040
1998,2033
1987,2056
1989,2013
1977,2029
1975,2027
1972,2063
1970,2039
1973,2067
1970,2069
1965,2052
1957,2073
1955,2036
1956,2060
1960,2043
1961,2063
1963,2025
1965,2037
1961,2040
1963,2063
1971,2063
1971,2091
1977,1993
1991,2080
1988,2017
2001,2039
2008,2052
2005,2041
2009,2027
2024,2066
2032,2055
2040,2035
2056,2076
2066,2033
2063,2025
2069,2041
2076,2075
2090,2033
2101,2035
2115,2065
2117,2046
2125,2039
2137,2035
2148,2064
2155,2054
2165,2019
2161,2027
2165,2042
2168,2064
2171,2024
2184,2082
2184,2040
2187,2059
2192,2017
2190,2077
2186,2070
2193,2023
2185,2025
2192,2021
2184,2055
2192,1992
2187,2027
2185,2011
2176,2044
2171,2079
2163,2039
2160,2061
2156,2033
2146,2028
2130,2048
2125,2036
2116,2043
2103,2063
2096,2026
2085,2041
2080,2024
2065,2054
2058,2064
2043,2023
2029,2072
2023,2057
2008,2057
2000,2062
1995,2071
1979,2064
1976,2056
1960,2075
1945,2011
1947,2061
1938,2038
1925,2036
1926,2039
1912,2071
1909,2067
1904,2017
1893,2056
1899,2027
1896,2027
1888,2069
1891,1997
1901,2080
1904,2051
1905,2030
1916,2017
1918,2029
1930,2053
1944,2023
1947,2048
1964,2075
1973,2017
1979,2019
1995,2080
2009,2035
2021,2043
2036,2048
2059,2029
2057,1993
2077,2071
2091,2040
2096,2029
2101,2044
2117,2001
2127,2028
2144,2084
2153,2043
2167,2035
2168,2027
2189,2075
2196,2040
2208,2063
2222,2009
2235,2064
2221,2029
2221,2044
2240,2040
2249,2041
2252,2080
2249,2066
2244,2030
2238,2042
2235,2068
2234,2048
2225,2053
2217,2029
2203,2041
2196,2039
2196,2080
2179,1987
2168,2059
2156,2063
2151,2032
2144,2017
2125,2048
2105,2053
2105,2035
2089,2057
2086,2032
2069,2033
2066,2056
2056,2056
2034,2037
2027,2043
2023,2059
2004,2017
1999,2046
1995,2051
1990,2045
1979,1994
1989,2039
1977,2045
1965,2025
1969,2072
1957,2065
1961,2026
1966,2058
1968,2037
1959,2019
1969,2039
1968,2040
1970,2037
1982,2032
1984,2013
1990,2080
1997,2031
1991,2065
2002,2030
2017,1997
2023,2009
2021,1993
2032,2083
2039,2063
2048,2066
2041,2043
2068,2056
2069,2058
2077,2011
2080,2060
2090,2019
2089,2063
2104,2076
2103,2017
2116,2027
2123,2017
2123,2033
2129,2029
2133,2017
2138,1995
2139,2043
2142,2060
2149,2071
2151,2032
2157,2044
2159,2038
2168,2057
2167,2044
2169,2027
2169,2023
2177,2057
2172,2051
2172,2048
2170,2019
2165,2025
2163,1999
2163,2056
2161,2087
2155,2009
2159,2069
2152,2043
2148,2021
2143,2039
2133,2044
2124,2011
2124,2039
2120,2025
2112,2046
2105,2056
2095,2043
2090,2058
2076,2037
2078,2039
2068,2012
2063,2040
2059,2038
2043,2015
2045,2072
2025,2027
2025,2080
2020,2067
2004,2043
2005,2081
2000,2034
1990,2035
1992,2040
1984,2070
1969,2040
1967,2037
1968,2036
1957,2044
1963,2073
1960,2065
1964,2059
1951,2011
1965,2028
1961,2044
1958,2055
1957,2041
1965,2073
1972,2077
1972,2052
1971,2041
1976,2023
1978,2045
1977,2057
1991,2015
1994,2055
2003,2023
2012,2029
2018,2088
2024,2091
2029,2025
2032,2043
2033,2076
2043,2011
2048,2080
2058,2033
2063,2054
2073,2062
2080,2001
2088,2096
2095,2012
2103,2027
2106,2058
2107,2055
2107,2075
2124,2037
2134,2057
2137,2048
2144,2029
2152,2047
2148,2088
2154,2053
2160,2079
2166,2054
2171,2030
2173,2064
2168,2022
2173,2040
2171,2066
2167,2068
2165,2021
2166,2071
2167,2005
2166,2069
2164,2057
2157,2032
2157,2063
2155,1991
2152,2057
2147,2068
2143,2035
2136,2063
2136,2088
2123,2039
2117,2067
2107,2027
2100,2044
2093,2064
2095,2065
2079,2054
2071,2045
2067,2053
2053,2043
2040,2027
2043,2068
2021,2043
2021,2015
2011,2038
2007,2027
1996,2064
1987,2069
1981,2040
1971,2019
1968,2079
1964,2068
1957,2064
1960,2056
1952,2043
1951,2063
1944,2027
1947,2029
1943,2068
1943,2072
1937,2027
1937,2025
1937,2009
1945,2056
1944,2030
1941,2028
1945,2013
1947,2041
1959,2040
1964,2063
1967,2007
1976,2025
1985,2066
1981,2039
1998,2019
2008,2040
2010,2017
2019,2023
2021,2034
2029,2029
2053,2039
2055,2025
2071,2033
2080,2026
2085,2033
2096,2039
2098,2005
2120,2037
2131,2056
2136,2051
2145,2003
2140,2009
2159,2059
2164,2039
2168,2029
2171,2027
2185,2033
2187,2069
2176,2043
2196,2002
2184,2080
2183,2052
2193,2031
2183,2056
2186,2029
2171,2048
2171,2092
2174,2035
2163,2015
2151,2030
2151,2051
2146,2021
2136,2069
2125,2039
2121,2031
2116,2067
2101,2093
2093,2075
2076,2066
2076,2060
2063,2025
2048,2075
2042,2039
2029,2067
2018,1995
2008,2063
2000,2063
1987,2107
1985,2068
1971,2041
1963,2009
1953,2029
1952,2056
1939,2069
1939,2076
1933,2041
1933,2080
1927,2043
1925,2021
1933,2048
1918,2076
1929,2013
1937,2033
1931,2039
1936,2011
1933,2067
1949,2018
1947,2040
1951,2067
1959,2036
1966,2073
1972,2088
1979,2035
1980,2039
1993,2040
2008,2035
2012,2063
2020,2064
2035,2042
2037,2033
2048,2040
2066,2043
2073,1963
2072,2023
2085,2063
2091,2019
2105,2076
2113,2038
2127,2057
2135,2069
2144,2068
2152,2027
2163,2027
2169,2021
2180,2041
2185,2045
2188,2044
2196,2035
2201,2036
2195,2012
2204,2028
2208,2039
2201,2015
2205,2029
2199,2029
2197,2024
2201,2044
2199,2023
2185,2011
2181,2039
2167,2025
2173,2065
2174,2064
2163,2028
2152,2063
2139,2020
2141,2017
2123,2082
2127,2053
2117,2065
2112,2034
2104,2058
2089,2072
2084,2063
2067,2080
2075,2077
2055,2033
2039,2018
2036,2011
2033,2056
2024,2005
2014,2079
1999,2037
1995,2043
1993,2019
1982,2064
1969,2021
1965,2063
1971,2087
1964,2057
1964,2037
1963,1999
1953,2017
1962,2037
1953,2025
1965,2056
1964,2071
1960,2041
1963,2048
1976,2017
1975,2070
1980,2050
1987,2053
1991,2052
2001,2037
1995,2021
2009,2023
2016,2063
2024,2037
2029,2068
2037,2039
2039,2028
2060,2057
2069,2038
2075,1989
2089,2035
2082,2063
2096,2063
2111,2064
2118,2063
2121,2079
2128,2012
2136,2066
2145,2025
2143,2063
2149,2003
2155,2035
2167,2046
2176,2017
2184,2062
2179,2046
2194,2005
2193,2074
2196,2028
2200,2080
2195,2057
2197,2011
2203,2072
2200,2063
2192,2075
2191,2064
2187,2082
2171,2023
2176,2043
2177,2056
2163,2042
2160,2023
2155,2068
2145,2039
2142,2017
2127,2011
2128,2042
2107,2037
2105,2105
2097,2085
2092,2080
2083,2025
2091,2028
2059,2003
2063,2045
2056,2043
2037,2054
2038,2073
2027,2083
2025,2015
2022,2043
2003,2076
2007,2047
1998,2042
1989,2029
1991,2025
1984,2017
1982,2044
1975,2079
1969,2019
1964,2039
1972,2011
1976,2035
1972,2044
1975,2019
1972,2021
1968,2095
1976,2045
1976,2055
1969,2042
1978,2045
1973,2057
1989,2024
1992,2008
1999,2011
2008,2078
2003,2023
2017,2063
2016,2027
2025,2063
2031,2039
2040,2068
2035,2054
2057,2019
2060,2063
2059,2039
2074,2071
2080,2035
2083,2029
2097,2027
2099,2025
2107,2048
2111,2066
2112,2021
2115,2035
2121,2041
2133,2040
2136,2074
2140,2041
2155,2021
2159,2033
2166,2029
2168,2048
2172,2020
2165,2066
2182,2036
2173,2015
2176,2024
2186,2055
2172,2083
2176,2077
2176,2036
2173,2040
2168,2023
2158,2005
2153,2019
2155,2040
2147,2033
2140,2084
2139,2033
2137,2058
2121,2029
2123,2035
2121,2037
2115,2046
2107,2033
2092,2017
2087,2088
2086,2019
2078,2065
2067,2039
2070,2023
2060,2030
2044,2041
2029,2007
2037,2029
2028,2017
2023,2056
2018,2072
2010,2017
2003,2056
1998,2076
1993,2055
1992,2054
1979,2037
1984,2063
1984,2046
1981,2071
1973,2025
1981,2080
1983,2053
1987,2071
1980,2061
1987,2056
2000,2076
1999,2012
1991,2055
2008,2067
2008,2063
2005,2051
2007,2009
2011,2054
2029,2067
2023,2031
2040,2017
2042,2019
2057,2076
2055,2063
2063,1990
2067,2063
2081,2056
2086,2039
2093,2033
2107,1991
2116,2037
2119,2063
2133,2064
2140,2071
2151,2051
2158,2069
2157,2018
2175,2063
2178,2025
2179,2034
2191,2011
2192,2065
2187,2079
2199,2013
2200,2060
2208,2063
2208,2060
2201,2025
2208,2033
2207,2035
2207,2048
2201,1995
2197,2023
2196,2063
2196,2041
2188,2025
2185,2059
2180,2008
2174,2047
2157,2081
2156,2039
2152,2054
2137,2034
2139,2087
2127,2068
2119,2061
2108,1995
2101,2056
2096,2073
2085,2015
2069,2029
2068,2061
2041,2067
2041,2072
2031,2043
2019,2021
2012,2005
2007,2025
1992,2044
1982,2021
1974,2025
1968,2075
1964,2070
1949,2035
1950,2056
1953,2056
1948,2071
1944,2063
1932,2011
1940,2044
1930,2069
1936,2039
1931,2017
1929,2028
1938,2055
1944,2080
1943,2064
1949,2070
1940,2041
1961,2067
1960,2008
1957,2055
1970,2033
1979,2035
1985,2063
1991,2035
1991,2023
2003,1995
2012,2040
2023,2069
2011,2017
2028,2065
2041,2045
2041,2059
2063,2043
2072,2067
2080,2064
2081,2076
2088,2079
2104,2041
2109,2037
2109,2012
2121,2048
2132,2035
2136,2028
2145,2055
2139,2035
2149,2040
2155,2040
2160,2024
2167,2025
2166,2063
2168,2019
2163,2033
2167,2065
2163,2071
2159,2072
2153,2019
2151,2075
2136,1996
2137,2052
2137,2072
2129,2021
2123,2089
2117,2065
2101,2043
2091,2033
2092,2019
2087,2060
2079,2073
2067,2017
2067,2079
2058,2058
2045,2083
2038,2054
2029,2030
2017,2092
2011,2023
2003,2042
1984,2040
1979,2023
1981,2056
1961,2058
1964,2070
1960,2035
1946,2080
1937,2011
1947,2063
1945,2015
1940,2038
1943,2072
1935,2035
1929,2029
1936,2023
1929,2056
1941,2073
1939,2038
1939,2040
1949,2034
1944,2009
1950,2091
1954,2019
1966,2092
1968,2071
1972,2059
1969,2036
1980,2015
1989,2074
1990,2079
1998,2069
2003,2058
2012,2075
2019,2044
2031,2063
2033,2017
2053,2048
2067,2043
2067,2010
2091,2007
2103,2057
2113,2057
2129,2039
2125,2076
2142,2063
2152,2031
2153,2013
2163,2077
2165,2007
2168,2027
2167,2063
2180,2027
2189,2035
2191,2074
2205,2037
2219,2047
2212,2019
2219,2055
2219,2020
2225,2048
2219,2026
2224,2043
2219,2044
2218,2062
2210,2024
2203,2029
2195,2071
2190,2052
2174,2008
2182,2022
2165,2027
2170,2043
2167,2041
2156,2025
2148,2064
2129,2028
2139,2040
2125,2029
2108,2055
2096,2035
2081,2018
2070,2093
2055,2025
2040,2044
2021,2024
2012,2074
2002,2024
1981,2032
1961,2045
1951,2027
1933,2045
1933,2029
1928,2080
1927,2023
1912,2023
1901,2072
1897,2009
1910,2044
1899,2045
1905,2024
1899,2024
1901,2073
1907,2071
1905,2063
1897,2060
1899,2073
1907,2019
1902,2030
1913,2062
1917,2021
1931,2054
1942,2080
1951,2029
1953,2061
1969,2056
1980,2021
1996,2075
2003,2044
2024,2048
2031,1996
2044,2029
2063,2063
2075,2028
2080,2068
2096,2047
2105,2026
2107,2027
2120,2043
2141,2028
2152,2056
2156,2067
2168,2067
2173,2046
2186,2039
2193,2035
2191,2008
2199,2044
2206,2015
2204,2061
2209,2080
2199,2044
2208,2076
2193,2040
2193,2007
2199,2039
2198,2035
2179,2040
2173,2062
2170,2032
2157,2034
2159,2023
2149,2004
2136,2055
2131,2025
2104,2063
2100,2025
2083,2029
2077,2044
2063,2025
2040,2043
2029,2045
2030,2079
2011,2093
2003,2063
2001,2077
1992,2065
1969,2010
1971,2082
1965,2079
1952,2067
1953,2058
1937,2079
1928,2055
1923,2063
1911,2035
1922,2042
1911,2035
1916,2086
1912,2066
1911,2033
1907,2029
1908,2076
1919,2056
1916,2045
1928,2072
1911,2063
1928,2088
1931,2039
1931,2066
1937,2069
1952,2063
1964,2021
1976,2048
1977,2051
1991,2023
1999,2068
2016,2063
2023,2008
2027,2023
2040,2003
2057,2063
2068,2036
2076,2011
2073,2036
2085,2057
2103,2029
2103,2069
2125,2051
2134,2003
2137,2015
2143,2031
2152,2033
2159,2053
2163,2036
2182,2067
2192,2073
2199,2056
2189,2024
2199,2055
2208,2073
2203,2065
2215,2068
2219,2058
2216,2039
2207,2007
2203,2067
2199,2012
2195,2007
2193,2080
2185,2041
2169,2067
2171,2034
2155,2063
2151,2019
2150,2034
2136,2033
2132,2021
2122,2027
2121,2022
2103,2037
2104,2064
2096,2039
2083,2056
2077,2028
2072,2054
2063,2034
2040,2040
2041,2025
2023,2035
2023,2043
2003,2065
2001,2063
1995,2075
1977,2080
1977,2023
1969,2036
1971,2035
1965,2043
1961,2012
1962,2055
1955,2038
1961,2033
1967,2025
1970,2014
1961,2066
1964,2063
1966,2068
1973,2041
1975,2057
1973,2023
1982,2034
1979,2058
1992,2017
1989,2019
1989,2040
2005,2056
2000,2053
2007,2066
2007,2032
2019,2072
2024,2047
2028,2008
2037,2059
2029,2035
2053,2039
2055,2076
2057,2071
2068,2027
2076,2012
2085,2072
2089,2043
2103,2055
2101,2027
2105,2048
2107,2043
2112,2071
2107,2066
2120,2040
2136,2063
2139,2067
2147,2027
2139,2070
2151,2063
2148,2051
2157,2042
2169,2037
2168,2065
2172,2017
2172,2060
2171,2019
2168,2015
2183,2018
2171,2091
2179,2041
2167,2048
2173,2071
2168,2064
2163,2076
2167,2077
2161,2007
2154,2053
2140,2066
2146,2063
2133,2035
2139,2048
2121,2035
2127,2056
2118,2046
2112,2075
2102,2023
2104,2051
2096,2027
2090,2069
2073,2041
2071,2037
2070,2028
2058,2048
2057,2084
2034,2028
2025,2075
2016,2009
2011,2057
2009,2019
2000,2028
2000,2078
1995,2057
1979,2041
1982,2063
1980,2075
1980,2021
1975,2071
1968,2080
1972,2042
1971,2057
1963,2040
1973,2009
1969,2063
1979,2071
1973,2065
1973,2058
1983,2065
1990,2074
1979,2063
1992,2028
1989,2013
1995,2088
2011,2057
2002,2015
2009,2041
2023,2005
2035,2005
2037,2043
2040,2072
2063,2042
2067,2068
2080,2061
2092,2045
2104,2071
2108,2052
2109,2033
2121,2041
2133,2005
2145,2036
2148,2042
2167,2024
2169,2060
2176,2017
2184,1995
2190,2067
2189,2024
2199,2023
2196,2019
2197,2024
2203,2055
2202,2054
2199,2017
2200,2029
2188,2039
2187,2075
2193,2070
2181,2031
2184,2025
2179,2044
2176,2067
2157,2040
2157,2071
2151,2029
2139,2074
2137,2017
2124,2056
2113,2023
2111,2063
2096,2048
2080,2023
2077,2039
2071,2048
2044,2058
2040,2035
2023,2071
2024,2063
2012,2021
1995,2027
1991,2017
1977,2063
1976,2074
1958,2062
1964,2029
1951,2055
1939,2080
1939,2043
1947,2011
1929,2063
1931,2027
1936,2075
1925,2035
1920,2068
1927,2007
1924,2067
1929,2011
1935,2063
1937,2048
1941,2031
1948,2063
1948,2056
1957,2025
1965,2072
1973,1999
1980,2028
1987,2015
2007,2036
2007,2052
2018,2001
2024,2023
2027,2027
2047,2036
2064,2061
2063,2005
2071,2088
2081,2078
2100,2048
2093,2031
2107,2057
2129,2043
2129,2066
2138,2055
2148,2059
2156,2041
2171,2076
2169,2039
2169,2023
2184,2035
2195,2065
2200,2040
2200,2035
2197,2060
2203,2035
2201,2042
2201,2068
2199,2040
2197,2071
2195,2021
2192,2044
2189,2011
2184,1992
2181,2066
2167,2066
2158,2043
2149,2040
2147,2039
2135,2015
2131,2056
2124,2020
2118,2043
2100,2056
2093,2035
2092,2041
2069,2056
2073,2041
2056,1996
2033,2037
2040,2065
2024,2065
2017,2023
2007,2033
1989,2044
1980,2045
1980,2034
1975,2067
1967,2072
1951,2073
1955,2025
1941,2040
1939,2044
1938,2019
1931,2048
1937,2063
1929,2035
1933,2038
1936,2041
1931,2061
1931,2076
1931,2043
1931,2043
1947,2068
1938,2087
1951,2059
1947,2065
1963,2076
1960,2056
1969,2019
1984,2027
1992,2072
1998,2076
2003,2023
2009,2028
2012,2009
2026,2063
2033,2065
2044,2042
2063,2029
2070,2053
2067,2056
2084,2017
2093,2079
2093,2037
2108,2056
2107,2042
2124,2041
2131,2060
2143,2069
2146,2054
2154,2047
2153,1992
2173,2041
2172,2069
2175,2055
2170,2063
2189,2057
2187,2037
2195,2036
2188,2067
2196,2034
2188,2047
2189,2055
2186,2032
2184,2046
2175,2005
2169,2075
2156,2040
2163,2047
2157,2020
2139,2018
2146,2071
2136,2035
2123,2063
2124,2030
2120,2066
2109,2035
2101,2072
2091,2076
2080,2053
2076,2095
2066,2030
2052,2036
2047,2001
2027,2063
2027,2015
2016,2023
2016,2088
2003,2027
1993,1997
1992,2057
1977,2036
1976,2068
1969,2031
1960,2015
1956,2038
1952,2073
1951,2012
1949,2039
1948,2029
1944,2039
1943,2052
1950,2054
1946,2026
1954,2016
1948,2060
1946,2035
1953,2025
1962,2032
1964,2040
1967,2011
1964,2060
1975,2039
1992,2057
1996,2060
1995,2018
2007,2043
2016,2063
2029,2039
2032,2057
2039,2039
2045,2032
2063,1991
2073,2041
2075,2072
2079,2033
2088,2075
2098,2065
2100,2066
2115,2027
2117,2022
2129,2022
2135,2034
2140,2040
2145,2071
2155,2007
2158,2035
2161,2043
2165,2080
2170,2070
2172,2029
2171,2046
2172,2048
2176,2069
2179,2084
2176,2025
2173,2008
2172,2059
2169,2039
2167,2011
2156,2035
2148,2029
2152,2041
2139,2019
2139,2018
2137,2059
2130,2033
2122,2039
2104,2011
2104,2009
2096,2011
2092,2067
2085,2074
2074,2029
2069,2044
2065,2063
2063,2029
2035,2080
2040,2039
2021,2054
2022,2080
2011,2029
2011,2073
1997,2008
2000,2060
1979,2063
1979,2035
1979,2008
1976,2051
1971,2040
1966,2019
1968,2060
1965,2063
1961,2027
1960,2039
1967,2044
1964,2075
1963,2017
1961,2018
1971,2029
1968,2020
1973,2074
1978,2011
1985,2043
1990,2071
1991,2035
1999,2009
2001,2012
2012,2057
2016,2045
2024,2063
2019,2033
2029,2010
2040,2025
2042,2003
2067,2021
2066,2063
2068,2072
2079,2014
2088,2065
2087,2019
2101,2079
2106,2058
2110,2021
2117,2060
2128,2078
2135,2039
2131,2039
2139,2059
2145,2057
2160,2027
2163,2064
2169,2076
2175,2019
2183,2058
2186,2023
2188,2073
2193,2058
2194,2040
2196,2089
2192,2055
2183,2037
2187,2075
2181,2060
2176,2009
2176,2019
2161,2019
2168,2040
2167,2008
2158,2072
2147,2063
2139,2038
2133,2055
2140,2076
2119,2067
2119,2063
2105,2066
2111,2011
2092,2015
2093,1997
2089,2032
2081,2005
2076,2029
2059,2022
2071,2079
2047,2065
2042,2030
2029,2095
2023,2025
2013,2039
2017,2070
2011,2094
2002,2013
2003,2024
1995,2059
1987,2032
1995,2047
1993,2029
1986,2048
1991,2029
1979,2066
1995,2033
1991,2030
1995,2071
1989,2017
1996,2029
1992,2056
1995,2041
1991,2026
1996,2040
2000,2095
2004,2040
2008,2080
2007,2021
2015,2048
2015,2034
2026,2041
2027,2081
2029,2064
2039,2019
2055,2052
2060,2019
2066,2012
2072,2035
2076,2066
2085,2074
2081,2043
2081,2023
2083,2071
2091,2007
2088,2057
2097,2063
2101,2044
2111,2067
2121,2039
2128,2071
2123,2025
2133,2033
2139,2035
2148,2048
2147,2047
2146,2034
2143,2041
2148,2046
2139,2063
2137,2070
2141,2066
2135,2011
2139,2072
2137,2025
2136,2066
2133,2039
2135,2055
2136,2033
2121,2027
2135,2083
2135,2047
2136,2063
2131,2043
2131,2064
2129,2064
2132,2057
2127,2034
2122,2011
2103,2036
2108,2088
2099,2063
2089,2037
2076,2009
2071,2033
2065,2025
2057,2027
2043,2071
2029,2063
2022,2065
2009,2027
2011,2088
2008,2075
2003,2036
1997,2029
2003,2056
2004,2015
1999,2060
1995,2042
1991,2020
1987,2036
1976,2067
1967,2073
1972,2007
1956,2021
1960,2069
1957,2072
1963,2080
1957,2053
1963,2035
1965,2052
1966,2054
1981,2077
1981,2029
1979,2055
1984,2035
2000,2021
2008,2033
2014,2071
2020,2060
2027,2079
2029,2048
2043,2040
2052,2009
2067,2011
2075,2075
2081,2080
2091,2033
2103,2057
2120,2075
2121,2058
2139,2019
2136,2065
2153,2025
2163,2039
2157,2026
2171,2071
2182,2067
2197,2034
2201,2039
2203,2021
2213,2005
2219,2063
2223,2057
2217,2077
2223,2031
2221,2063
2217,2040
2213,2029
2203,2007
2208,2063
2200,2052
2187,2046
2183,2020
2173,2025
2155,2017
2157,2057
2151,2070
2142,2079
2132,2073
2120,2017
2110,2058
2097,2072
2096,2035
2083,2046
2078,2039
2055,2027
2047,2037
2033,2003
2033,2056
2021,2073
2007,2037
2008,2015
1991,2031
1979,2030
1972,2071
1953,2007
1951,2054
1948,2005
1944,2072
1929,2063
1918,2038
1933,2055
1913,2021
1920,2037
1915,2039
1912,2072
1920,2021
1928,2080
1920,2019
1935,2041
1929,2070
1942,2053
1948,2029
1947,2056
1948,2039
1955,2063
1962,2066
1969,2040
1983,2058
1987,2079
2002,2064
2008,2021
2012,2029
2018,2088
2027,2007
2033,2073
2039,2056
2063,2072
2074,2040
2077,2027
2095,2035
2096,2029
2108,2059
2118,2029
2120,2025
2140,2024
2152,2044
2153,2019
2153,2012
2167,2029
2172,2020
2184,2073
2184,2079
2180,2063
2187,2044
2184,2056
2189,2042
2185,2055
2181,2041
2173,2023
2176,2072
2170,2071
2167,2079
2163,2043
2156,2033
2147,2036
2141,2047
2139,2068
2128,2033
2110,2056
2117,2056
2105,2023
2091,2041
2092,2063
2075,2071
2055,2057
2055,2067
2043,2035
2023,2019
2020,2025
2011,2058
2000,2033
1992,2066
1983,2063
1964,2072
1968,2056
1959,2025
1955,2041
1952,2096
1948,2035
1939,2029
1945,2043
1947,2031
1948,2067
1947,2025
1940,2080
1947,2020
1937,2041
1948,2055
1944,2019
1955,2075
1952,2077
1957,2075
1963,2044
1965,2067
1972,1995
1983,2073
1983,2033
1990,2025
2003,2057
2020,2060
2024,2055
2034,2011
2029,2012
2035,2043
2063,2019
2072,2033
2075,2029
2087,2011
2091,2036
2097,2072
2104,2037
2109,2040
2123,2056
2113,2063
2125,2065
2131,1996
2136,2027
2135,2069
2146,2045
2152,2077
2155,2039
2164,2046
2162,2055
2169,2022
2167,2017
2164,2023
2170,2056
2169,2066
2181,2037
2165,2037
2163,2038
2164,1993
2163,2015
2153,2035
2152,2043
2144,2068
2129,2065
2129,2066
2123,2045
2107,2083
2112,2076
2108,2045
2103,2047
2095,2073
2092,2025
2084,2055
2083,2043
2077,2003
2066,2053
2067,2056
2063,2064
2048,2027
2038,2031
2035,2088
2023,2037
2024,2078
2011,2079
2013,2024
2003,2023
1972,2038
1992,2067
1981,2063
1983,2050
1982,2091
1978,2045
1979,2035
1978,2055
1976,1977
1976,2063
1976,2071
1976,2057
1979,2071
1980,2057
1980,2056
1979,2071
1979,2080
1997,1997
1987,2043
1998,2032
1996,2040
2000,2056
2008,2042
2012,2067
2009,2025
2016,1999
2024,2079
2028,2075
2027,2015
2041,2018
2055,2055
2063,2025
2069,2041
2069,2040
2075,2074
2083,2024
2096,2079
2104,2040
2105,2038
2117,2027
2135,2039
2132,2077
2136,2058
2144,2017
2151,2089
2155,2072
2157,2077
2161,2056
2167,2055
2169,2055
2172,2056
2176,2035
2185,2036
2179,2021
2183,2055
2193,2023
2191,2068
2183,2011
2179,2048
2184,2080
2179,2039
2182,2053
2169,2046
2168,2041
2155,2075
2161,2058
2152,2048
2152,2047
2145,2021
2124,2029
2123,2043
2122,2063
2115,2055
2106,2058
2096,2040
2089,2085
2073,2020
2073,2083
2071,2021
2056,2063
2055,2046
2040,2015
2025,2025
2019,2060
2016,2054
2013,2066
2007,2063
2000,2020
1986,2001
1992,2028
1984,2072
1967,2024
1976,2071
1976,2058
1976,2058
1972,2063
1969,2056
1960,2073
1959,2045
1965,2053
1969,2043
1976,2040
1957,2011
1981,2041
1977,2027
1989,2005
1986,2067
2002,2064
1996,2053
2013,2037
2005,2044
2023,2035
2024,2019
2030,2063
2045,2017
2057,2023
2068,2042
2065,2037
2076,2033
2088,2056
2093,2044
2097,2066
2109,2007
2119,2075
2124,2009
2139,2027
2135,2031
2155,2048
2155,2076
2170,2040
2187,2041
2176,2044
2183,2029
2187,2048
2196,2027
2193,2023
2200,2065
2205,2039
2200,2043
2195,2060
2197,2077
2196,2065
2197,2067
2197,2071
2193,2066
2183,2063
2187,2015
2181,2080
2174,2064
2168,2058
2153,2039
2161,2061
2147,2020
2135,2021
2136,2019
2117,1996
2120,2084
2107,2017
2099,2058
2095,2035
2086,2072
2065,2079
2063,2053
2048,2056
2039,2026
2027,2063
2024,2055
2017,2035
2005,2044
2000,2080
1998,2054
1989,2028
1976,2055
1974,2084
1974,2017
1972,2043
1971,2029
1970,2035
1969,2069
1956,2003
1961,2056
1961,2063
1961,2019
1962,2040
1957,2025
1960,2041
1975,2056
1978,2028
1979,2024
1976,2065
1992,2045
1991,2028
1996,2032
2005,2001
2023,2027
2016,2059
2025,2076
2037,2073
2043,2065
2043,2030
2063,2035
2063,2027
2082,2063
2089,2047
2089,2071
2099,2047
2112,2048
2113,2039
2125,2045
2131,2075
2135,2015
2152,2008
2156,2007
2168,2057
2168,2063
2176,2063
2186,2040
2183,2057
2195,2057
2199,2003
2201,2068
2202,2040
2199,2058
2200,2025
2200,2033
2199,2066
2201,2069
2187,2063
2187,2021
2184,2037
2175,2088
2170,2031
2161,2035
2154,2055
2143,2052
2144,2068
2123,2043
2117,2053
2124,2073
2114,2072
2093,2067
2087,2005
2081,2029
2076,2064
2055,2020
2043,2093
2040,2066
2029,2027
2025,2063
2011,2025
1997,2003
2000,2056
1979,2051
1972,2042
1967,2031
1957,2053
1948,2035
1953,2037
1944,2024
1946,2041
1937,2077
1943,2041
1944,2058
1943,2071
1945,2061
1940,2019
1942,2019
1945,2047
1949,2015
1948,2075
1955,2065
1955,2039
1964,2063
1959,2034
1970,2066
1975,2076
1979,2048
1996,2059
2004,2032
2004,2072
2024,2064
2029,2075
2024,2059
2041,2035
2064,2075
2063,2022
2076,2073
2075,2080
2089,2079
2099,2054
2112,2071
2112,2040
2119,2037
2133,2008
2137,2035
2137,2076
2153,2024
2163,2043
2168,2017
2173,2061
2173,2075
2172,2045
2179,2015
2185,2048
2190,2060
2191,2058
2184,2047
2179,2035
2172,2044
2184,2057
2169,2074
2161,2034
2167,2027
2159,2072
2145,2076
2144,2055
2123,2017
2117,2035
2119,2056
2112,2068
2097,2052
2098,2087
2094,2051
2081,2031
2080,2036
2079,1971
2063,2057
2057,2024
2056,2094
2040,2024
2025,2019
2007,2025
2005,2075
1987,2059
1978,2040
1959,2025
1962,2037
1950,2043
1929,2057
1932,2080
1934,2066
1923,2091
1937,2066
1931,2063
1943,2063
1940,2041
1948,2072
1953,2072
1952,2041
1956,2042
1968,2019
1973,2035
1976,2021
1969,2075
1979,2059
1991,2063
1995,2077
2003,2072
2023,2047
2019,2029
2029,2065
2044,2041
2063,2027
2071,2071
2087,2028
2096,2075
2108,2077
2112,2021
2128,2035
2135,2072
2147,2017
2156,2028
2162,2029
2168,2040
2165,2008
2175,2037
2172,2011
2173,2037
2167,2056
2161,2064
2162,2057
2149,2069
2154,2019
2150,2029
2143,2062
2135,1995
2123,2027
2119,2040
2115,2053
2107,2040
2104,2063
2096,2003
2073,2053
2078,2080
2063,2027
2058,2072
2063,2054
2063,2056
2030,2007
2023,2071
2027,2035
2012,2089
2007,2035
2005,2067
1991,2037
1992,2063
1984,2075
1990,2023
1963,2001
1983,2072
1971,2061
1969,2084
1976,2056
1975,2021
1971,2019
1983,2063
1973,2039
1984,2039
1998,2048
1999,2023
2011,2053
2012,2063
2015,2051
2020,2066
2025,2056
2033,2044
2035,2023
2051,2056
2055,2028
2056,2067
2063,2088
2051,2059
2069,2076
2055,2037
2057,2040
2063,2039
2059,2069
2055,2066
2048,2083
2040,2068
2035,2023
2036,2067
2027,2029
2031,2015
2033,2080
2020,2072
2024,2072
2019,2027
2008,2060
2015,2033
2010,2063
2001,2042
1995,2056
1999,2020
1996,2019
1989,2079
1983,2040
1981,2063
1995,2057
1991,2079
2000,2071
1995,2017
2005,2046
2003,2072
2020,2071
2019,2068
2031,2025
2043,2029
2066,2079
2072,2047
2085,2054
2096,2045
2106,2036
2119,2063
2132,2047
2140,2063
2152,2066
2156,2055
2165,2025
2171,2065
2172,2031
2174,2065
2183,2011
2185,2043
2199,2033
2200,2040
2205,2053
2197,2015
2206,2075
2206,2002
2205,2041
2200,2048
2203,2071
2195,2001
2200,2056
2183,2051
2179,2047
2167,2043
2160,2003
2155,2056
2145,2077
2135,1988
2115,2025
2105,2055
2093,2057
2084,2028
2070,2047
2046,1993
2035,2056
2029,2019
2023,2056
1993,2011
2000,2072
1988,2036
1975,2063
1973,2056
1963,2015
1962,2067
1949,2041
1947,2065
1949,2069
1943,2072
1931,2088
1935,2041
1942,2060
1929,2029
1938,2040
1939,2044
1947,2056
1955,2035
1950,2080
1955,2056
1960,2032
1968,2059
1965,2048
1983,2015
1981,2031
1997,2029
2007,2023
2023,2005
2030,2005
2041,2019
2055,2025
2067,2040
2075,2060
2091,2064
2104,2074
2116,2064
2121,2053
2131,2071
2147,2027
2160,2041
2166,2023
2164,2015
2180,1992
2194,2037
2201,2063
2201,2047
2203,2060
2217,2013
2216,2007
2216,2036
2216,2052
2215,2067
2211,2079
2202,2077
2206,2031
2201,2080
2193,2054
2194,2058
2183,2076
2171,1989
2171,2048
2163,2054
2150,2037
2144,2026
2132,2031
2120,2072
2107,2025
2087,2081
2081,2057
2071,2034
2044,2067
2035,2088
2035,2051
2021,1992
2013,2067
2003,2035
1991,2071
1971,2077
1963,2037
1961,2063
1948,2029
1933,2073
1932,2063
1920,2056
1918,2064
1916,2065
1913,2056
1897,2071
1907,2033
1903,2058
1901,2025
1891,2063
1891,2036
1904,2025
1907,2076
1911,2037
1911,2031
1916,2023
1919,2084
1949,2025
1951,2037
1961,2036
1972,2063
1976,2043
1997,2069
2013,2056
2021,2027
2037,2018
2045,2038
2064,2057
2072,2061
2085,2054
2103,2059
2116,2070
2121,2031
2125,2056
2139,2054
2145,2052
2157,2088
2161,2060
2184,2039
2187,2038
2199,1992
2197,2061
2213,2029
2216,2043
2216,2030
2223,2055
2226,2039
2228,2018
2232,2083
2219,2025
2217,2045
2219,2073
2208,2048
2199,2023
2186,2058
2186,1981
2165,2027
2163,2040
2152,2072
2140,2031
2133,2074
2112,2059
2107,2056
2092,2080
2083,2017
2080,2039
2071,2039
2063,2038
2044,2063
2030,2009
2023,2053
2020,2041
1993,2039
1983,2029
1979,2024
1968,2037
1961,2043
1962,2026
1948,2044
1947,2027
1941,2056
1940,2066
1943,2044
1939,2063
1936,2015
1931,2055
1943,2024
1935,2044
1952,2041
1958,2075
1953,2039
1965,2063
1960,2009
1980,2060
1980,2043
1997,2030
1999,2057
2007,2088
2007,2035
2018,2037
2027,2040
2030,2066
2047,2080
2043,2027
2065,2045
2057,2039
2079,2068
2083,2044
2088,2056
2092,2024
2082,2043
2113,2044
2119,2031
2117,2067
2127,2039
2136,2079
2140,2028
2142,2036
2143,2011
2135,2041
2143,2026
2143,2025
2152,2029
2152,2012
2147,2012
2153,2063
2151,2033
2153,2037
2160,2080
2163,2001
2155,2045
2150,2033
2156,2035
2149,2051
2153,2057
2145,2043
2146,2065
2141,2056
2131,2003
2132,2039
2135,2055
2124,2092
2120,2075
2107,2033
2110,2045
2102,2056
2091,2071
2088,2057
2095,2019
2077,2005
2079,2071
2063,2073
2073,2076
2069,2025
2056,2070
2051,2023
2045,2078
2037,2031
2028,2070
2025,2030
2018,2052
2015,2055
2015,2071
2008,2032
2003,2066
1989,2035
1999,2057
1992,2035
1988,2055
1983,2069
1984,2032
1973,2033
1976,2056
1976,2073
1965,2037
1971,2027
1979,2056
1968,2041
1969,2025
1965,2043
1975,2043
1973,2068
1978,2023
1980,2059
1971,2059
1979,2007
1984,2066
1991,2007
1993,2079
1994,2032
2000,2055
2014,2019
2009,2071
2015,2009
2021,2040
2018,2003
2023,2027
2025,2066
2040,2055
2048,2027
2057,2039
2063,2065
2075,2040
2075,1987
2073,2088
2088,2037
2090,2028
2098,2072
2103,2030
2116,2056
2118,2035
2120,2066
2128,2035
2132,2055
2136,2017
2138,2043
2142,2048
2140,2017
2137,2040
2140,2011
2143,2033
2151,2023
2139,2068
2141,2055
2139,2019
2133,2033
2136,2056
2136,2078
2132,2056
2129,2035
2123,2043
2120,2048
2120,2070
2108,2058
2108,2027
2094,2045
2096,2044
2087,2003
2075,2079
2071,2035
2073,2039
2067,2048
2057,2059
2045,2065
2037,2028
2035,2064
2033,2067
2030,2011
2019,2040
2007,2056
2007,2079
2005,2068
1995,2078
1995,2073
1992,2019
1991,2017
1981,2048
1973,2028
1961,2040
1964,2063
1958,2055
1954,2025
1953,2001
1950,2023
1952,2071
1954,2088
1956,2057
1962,2064
1971,2080
1981,2011
1980,2005
1997,2041
2001,2041
2004,2066
2009,2046
2013,2063
2022,2077
2028,2063
2027,2061
2025,2034
2032,2063
2035,2029
2032,2039
2043,2005
2054,2072
2062,1993
2063,2019
2076,2011
2080,2080
2087,2027
2095,2015
2112,2035
2123,2038
2136,2021
2143,2023
2145,2055
2148,2068
2143,2065
2157,2056
2157,2068
2153,2039
2151,2009
2161,2031
2153,2023
2148,2036
2145,2028
2139,2055
2141,2044
2139,2041
2133,2037
2125,2059
2143,2021
2137,2025
2135,2068
2133,2035
2127,2029
2131,2011
2138,2055
2137,2095
2134,2066
2124,2057
2121,2019
2120,2042
2116,2051
2108,2039
2104,2051
2090,2040
2095,2046
2079,2053
2075,2040
2063,2072
2053,2012
2047,2071
2035,2072
2026,2067
2021,2011
2007,2081
2007,2019
1999,2075
1995,2030
1992,2046
1979,2040
1982,2063
1969,2071
1980,2039
1971,2023
1968,2027
1961,2063
1964,2003
1951,2055
1955,2025
1953,2073
1955,2063
1952,2072
1952,2059
1948,2071
1951,2057
1960,2093
1961,2001
1957,2009
1967,2093
1961,2061
1977,2033
1976,2028
1992,2075
1991,2023
2008,2039
2011,2022
2031,2060
2040,2078
2052,2059
2073,2054
2076,2011
2087,2064
2109,2021
2128,2033
2140,2063
2148,2019
2163,2009
2169,2045
2187,2058
2196,2028
2207,2059
2220,2055
2228,2040
2235,2023
2242,2038
2250,2020
2248,2033
2255,2071
2259,2048
2252,2011
2250,2039
2247,2078
2248,2030
2240,2023
2221,2052
2224,2080
2209,2002
2209,2005
2197,2043
2185,2040
2172,2009
2153,2039
2148,2063
2132,2036
2105,2034
2103,2067
2075,2027
2069,2001
2056,2011
2033,2048
2020,2055
2003,2028
1991,2035
1982,2046
1963,2064
1960,2067
1947,2023
1940,2025
1927,2024
1917,2048
1909,2025
1898,2061
1897,2063
1900,2059
1883,2048
1887,2025
1895,2056
1887,2032
1895,2077
1893,2013
1896,2037
1905,2056
1904,2035
1924,2039
1932,2089
1936,2074
1945,2044
1959,2075
1963,2035
1972,2031
1982,2043
1995,2016
2010,2035
2019,2067
2030,2063
2048,2027
2063,2065
2075,2036
2088,2071
2103,2039
2101,2056
2129,2059
2137,2040
2143,2071
2147,2063
2160,2023
2170,2033
2180,2043
2193,2056
2193,2072
2195,2021
2199,2043
2217,2070
2211,2035
2215,2025
2223,2063
2224,2071
2224,2048
2227,2079
2213,2027
2216,2036
2210,2059
2209,2044
2201,2024
2173,1978
2192,2079
2188,2048
2174,2022
2163,2033
2159,2063
2152,2073
2123,2015
2132,2045
2124,2025
2105,2072
2098,2029
2086,2072
2074,2039
2063,2021
2059,2068
2028,2041
2021,2011
2016,2039
2012,2079
2001,2035
1987,2064
1984,2056
1980,2037
1975,2067
1967,2034