2003,2043
2005,2061
2007,2017
2015,2015
2021,2071
2015,2001
2020,1997
2034,2025
2032,2035
2035,2075
2035,2055
2044,2071
2063,2048
2065,2011
2070,2041
2071,2009
2074,2017
2090,2035
2087,2044
2087,2056
2096,2032
2094,2020
2109,2067
2107,2045
2116,2005
2123,2038
2129,2003
2121,2041
2130,2071
2141,2029
2130,2019
2147,2043
2146,2039
2150,2077
2149,2056
2147,2060
2136,2068
2151,2032
2151,2024
2144,2040
2137,2019
2141,2068
2140,2015
2139,2056
2136,2072
2135,2041
2129,2025
2122,2071
2122,2050
2112,2059
2107,2080
2105,2048
2101,2037
2100,2019
2089,2079
2089,2042
2072,2063
2071,2043
2067,2069
2055,2033
2053,2017
2039,2078
2035,2037
2036,2043
2025,2038
2027,2041
2020,2017
2016,2040
2011,2027
2009,2037
1991,2027
1999,2039
1993,2021
1987,2067
1996,2004
1995,2059
1984,2032
1989,2029
1993,2103
1989,2029
1991,2079
1992,2075
1993,2087
1995,2040
2001,2020
2004,2021
1998,1993
2008,2072
2013,2057
2013,2073
2005,2041
2016,2075
2026,2056
2025,2059
2023,2025
2040,2032
2036,2071
2048,2011
2041,2029
2060,1994
2063,2021
2066,2037
2077,2009
2081,2048
2088,2063
2077,2019
2080,2071
2091,2029
2099,2043
2106,2056
2115,2019
2107,2072
2116,2013
2124,2046
2123,2078
2129,2077
2128,2052
2139,2068
2133,2009
2137,2066
2128,2075
2134,2072
2131,2039
2132,2005
2123,2041
2134,2072
2135,2043
2129,2066
2120,2017
2117,2069
2120,2021
2118,2066
2108,2036
2107,2020
2101,2033
2097,2053
2099,2079
2088,2048
2081,2035
2085,2066
2079,2036
2074,2044
2063,2047
2059,2019
2064,2043
2056,2076
2053,2001
2035,2033
2041,2011
2040,2057
2035,2053
2025,2065
2027,2033
2023,2035
2017,2063
2023,2015
2024,2026
2019,2021
2018,2066
2024,2063
2017,2013
2021,2067
2016,2063
2016,2024
2018,2064
2025,2068
2028,2052
2027,2029
2029,2021
2032,2061
2032,2041
2039,2056
2040,2073
2037,2022
2052,2013
2063,2063
2067,2021
2059,2020
2068,2046
2072,2036
2071,2079
2084,2009
2090,2063
2088,2027
2086,2069
2093,2033
2108,2040
2109,2027
2116,2011
2125,2040
2120,2043
2124,2077
2121,2028
2134,2042
2140,2067
2144,2043
2152,2066
2138,2053
2146,2056
2151,2063
2154,2042
2153,2023
2156,2036
2158,2017
2167,2068
2153,2074
2159,2011
2151,2056
2158,2006
2151,2040
2151,2019
2148,2060
2144,2077
2135,2012
2137,2038
2133,2072
2120,2011
2117,2009
2119,2034
2120,2053
2109,2040
2103,2017
2101,2072
2096,2054
2081,2063
2082,2037
2078,2004
2068,2029
2055,2057
2053,2072
2048,2056
2043,2054
2040,2058
2021,2039
2023,2024
2020,2027
2003,2040
2013,2026
2008,2054
1995,2032
1993,2063
1999,2009
1991,2064
1991,2009
1993,2019
1978,2023
1991,2035
1979,2060
1982,2008
1992,2052
1977,2045
1988,2028
1984,2066
1988,2040
1987,2033
1984,2060
1996,2072
2000,2015
2004,2034
2006,2063
2012,2044
2005,2070
2008,2043
2019,2055
2024,2003
2024,2033
2033,2038
2040,2020
2039,2039
2045,2017
2057,2038
2067,2027
2057,2017
2079,2048
2075,2025
2080,2017
2083,2076
2081,2041
2092,2044
2100,2071
2100,2025
2104,2075
2111,2064
2109,2047
2117,1997
2127,2077
2117,2015
2123,2037
2127,2036
2116,2070
2123,2037
2124,2017
2127,2021
2130,2076
2122,2063
2120,2077
2125,2076
2120,2036
2105,2048
2107,2044
2101,2053
2104,2044
2098,1995
2093,2071
2095,2077
2088,1993
2087,2005
2075,2056
2069,2024
2075,2039
2067,2077
2045,2066
2041,2056
2040,2030
2040,2039
2028,2072
2021,2033
2027,2034
2021,2025
2014,2025
2005,2027
1995,2001
1998,2029
1987,2031
1980,2033
1991,2023
1977,2056
1980,2063
1972,2048
1974,2040
1972,2047
1973,2039
1972,2056
1972,2059
1974,2038
1961,2009
1963,2023
1963,2021
1961,2023
1968,2048
1965,2033
1992,2019
2001,2068
2009,2045
2025,2015
2041,2038
2063,2063
2073,1992
2072,2056
2075,2070
2069,2069
2040,2059
2021,2056
2013,2056
1989,2003
1986,2003
1979,2023
1987,2041
1999,2025
2018,2058
2020,2036
2033,1989
2058,2006
2053,2043
2056,1997
2070,2017
2056,2016
2063,1955
2053,1947
2052,1971
2072,2022
2087,2101
2121,2081
2144,2096
2152,2058
2173,2005
2205,2023
2193,2023
2213,2015
2193,2025
2172,1997
2155,2000
2139,2002
2110,2040
2092,2060
2053,2055
2039,2013
2023,2064
1994,2079
1984,2072
1982,2096
1959,2033
1973,1989
1957,2003
1963,1973
1964,2015
1964,1973
1968,2001
1977,2010
1983,2071
1984,2032
1996,2021
2001,2094
2011,2063
2015,2075
2039,2082
2055,2083
2072,2091
2083,2087
2090,2066
2088,2042
2083,2033
2065,2063
2056,2071
2052,2079
2020,2069
2008,2075
1993,2009
1968,2017
1947,2021
1933,2072
1899,2057
1887,2065
1871,2043
1869,1998
1876,1985
1879,2023
1899,2088
1931,2078
1947,2001
1977,1907
2008,1976
2023,1980
2044,2037
2058,2009
2079,1998
2081,2063
2084,2007
2117,2056
2135,2105
2151,2080
2168,2088
2192,2086
2208,2109
2225,2094
2224,2091
2241,2069
2231,2088
2217,2025
2209,2041
2201,2024
2176,2008
2157,1999
2141,2012
2119,2044
2106,2063
2087,2018
2081,2044
2071,2019
2075,2009
2069,1979
2075,2063
2083,2013
2097,2024
2115,2019
2123,2020
2123,2002
2143,2043
2145,2063
2155,2032
2160,2065
2160,2041
2159,2042
2163,2065
2170,2056
2169,2009
2171,2096
2172,2055
2168,2063
2173,2094
2158,2055
2163,2040
2144,2021
2136,2038
2119,2091
2111,2041
2089,2063
2074,2039
2053,2101
2022,2009
1987,2037
1969,2013
1956,2029
1944,1996
1927,2020
1932,2001
1935,2024
1935,2029
1934,2001
1945,2011
1958,2075
1969,2077
1977,2099
1989,2076
1996,2040
2009,2041
2021,2048
2035,2035
2060,2041
2071,2051
2089,2077
2095,2073
2120,2069
2119,2069
2132,2075
2136,2064
2131,2069
2131,2028
2129,2015
2122,1989
2111,2027
2106,2088
2085,2021
2080,2068
2063,2063
2055,2023
2051,2009
2048,2016
2044,1995
2055,2025
2062,1995
2071,2031
2076,2003
2093,2039
2104,2072
2109,2060
2123,2043
2144,2044
2164,2025
2179,2075
2204,2092
2224,2091
2240,2071
2255,2079
2261,2085
2266,2076
2268,2077
2264,2054
2251,2034
2240,2079
2221,2015
2201,1991
2199,2041
2179,2020
2168,2027
2152,2039
2122,2020
2106,2019
2094,2019
2084,2068
2079,2018
2077,2037
2076,2075
2073,1987
2072,2003
2067,2027
2080,2035
2085,2036
2083,2067
2080,2059
2076,2056
2081,2023
2084,2032
2089,2040
2100,2029
2105,2029
2119,2025
2126,2051
2123,2058
2125,2067
2131,2053
2135,2039
2117,2072
2112,2048
2091,2056
2091,2096
2077,2065
2072,2052
2060,2064
2037,2075
2031,2028
2011,2009
2007,2018
2001,2025
1991,2017
1997,2012
2008,1980
2009,1995
2013,1955
2035,2000
2063,2023
2065,2037
2088,2074
2104,2029
2109,2070
2125,2056
2143,2074
2163,2080
2181,2063
2203,2044
2211,2066
2220,2089
2236,2063
2227,2034
2235,2054
2233,2068
2224,2080
2207,2028
2187,2045
2179,2035
2157,2035
2143,2063
2137,2017
2123,2014
2104,2006
2104,1990
2083,2003
2092,2040
2092,1954
2092,2024
2105,1999
2093,1941
2120,2048
2117,2056
2125,2068
2140,2045
2147,2027
2143,1987
2152,2019
2157,2000
2153,2031
2172,2072
2167,2065
2175,2035
2174,2017
2172,2055
2172,2088
2158,2098
2149,2010
2136,2072
2121,2089
2103,2099
2088,2056
2072,2095
2052,2045
2032,1925
2012,1963
1993,1977
1973,2011
1953,1989
1947,1981
1944,2024
1927,2087
1935,2143
1936,2096
1944,2029
1946,2075
1952,2030
1960,1989
1964,2026
1988,2020
1999,2067
2008,2031
2031,2112
2037,2105
2063,2027
2087,2096
2095,2071
2114,2002
2124,2028
2133,2029
2137,2071
2139,2045
2135,2033
2133,2083
2123,2068
2107,1989
2108,2034
2089,2075
2084,2083
2067,2041
2065,1999
2060,2014
2039,1993
2039,1967
2051,2003
2044,2041
2060,2015
2067,2032
2078,2051
2091,2007
2104,2040
2128,2056
2131,2071
2154,2104
2165,2055
2176,2030
2195,2025
2208,2039
2217,2053
2231,2035
2253,2030
2263,2041
2273,2074
2274,2032
2263,2137
2268,2079
2251,2027
2254,2123
2237,2096
2218,2135
2204,2100
2196,2005
2172,1946
2151,1980
2128,2052
2111,1981
2080,2020
2072,2039
2059,2032
2043,2052
2027,1989
2019,1999
2026,1929
2027,2004
2024,2043
2045,2039
2043,2090
2060,2135
2056,2039
2083,2031
2088,2018
2099,2064
2122,2074
2129,2075
2144,2073
2141,2144
2150,2105
2147,2144
2149,2117
2145,2013
2143,2011
2129,2067
2107,2000
2092,1989
2089,1984
2063,2011
2057,2051
2040,2035
2016,1996
1999,1953
1995,1972
1989,2035
1984,2024
1995,1981
1989,2041
2003,2024
2013,1995
2021,1981
2037,2019
2063,2012
2087,2060
2099,2107
2111,2071
2137,2030
2151,2029
2167,2011
2201,2079
2219,2027
2227,2045
2247,2093
2255,2117
2262,2085
2263,1977
2256,1915
2250,2105
2252,2127
2247,2035
2238,1995
2219,2015
2209,2021
2213,2025
2195,2108
2181,2030
2163,1955
2155,2067
2149,2067
2153,2113
2139,2087
2137,2075
2149,2063
2140,2041
2147,2040
2159,1998
2167,2081
2169,1967
2171,2056
2193,2055
2191,2169
2207,2117
2227,2167
2227,2162
2245,2040
2257,1987
2255,1976
2251,2005
2254,2066
2247,2063
2233,1979
2219,2119
2201,2113
2195,2123
2160,2148
2160,2036
2131,2039
2114,2026
2095,2120
2073,2067
2047,1965
2029,2040
2023,2034
2015,2075
2019,1965
2012,2011
2011,2077
2026,1955
2032,1923
2029,1960
2047,1991
2065,1899
2072,2012
2079,1979
2091,2025
2107,2044
2132,2201
2151,2143
2169,2088
2171,2037
2179,2076
2200,2184
2195,2137
2189,2071
2206,2024
2193,2075
2173,2071
2171,2071
2173,2077
2161,2147
2154,2217
2151,2141
2137,2021
2124,1843
2124,1943
2117,2000
2115,2045
2117,2205
2117,1997
2137,1950
2143,1974
2145,1915
2168,2006
2187,2083
2179,2094
2201,2119
2215,2080
2224,2082
2252,2088
2268,2191
2283,2053
2303,2031
2312,2080
2327,2144
2324,2209
2328,2158
2336,2028
2322,2069
2314,2087
2327,2063
2301,2109
2285,2002
2281,1927
2263,1759
2230,1879
2221,2005
2202,2132
2168,2169
2169,2119
2148,2143
2145,2087
2134,2051
2123,2000
2117,1950
2119,1903
2121,1961
2117,1984
2127,2085
2125,2077
2139,2131
2133,2139
2141,2153
2147,2080
2155,2031
2165,2139
2173,2033
2186,2063
2195,2191
2185,2099
2191,2063
2185,2057
2182,2087
2168,1959
2165,2193
2143,2144
2137,2212
2117,2138
2109,2158
2104,2206
2083,2144
2070,2124
2057,1937
2024,1928
2038,1895
2033,1915
2024,1953
2039,1965
2025,1896
2043,1987
2051,2117
2063,2187
2080,2179
2080,1943
2109,1831
2116,1994
2117,2112
2135,2146
2175,2112
2184,1956
2208,1880
2221,1957
2216,1993
2233,2103
2252,2146
2244,1981
2249,2151
2237,2207
2232,2432
2230,2181
2221,1873
2221,1877
2208,1892
2194,1963
2180,1965
2155,1810
2143,1920
2132,2088
2125,2137
2118,2153
2126,2132
2117,2111
2107,2076
2135,2176
2124,2156
2132,1955
2140,1934
2145,1982
2155,2077
2151,2088
2167,1883
2168,2022
2184,2107
2192,2091
2200,2031
2195,1963
2211,2107
2201,2075
2203,2196
2199,2107
2184,2124
2176,2080
2149,1925
2142,1967
2129,2042
2103,2125
2089,2082
2071,2139
2041,1910
2024,2018
2017,1953
1984,2008
1996,1811
1973,1913
1965,1996
1985,1976
1968,2029
1976,2067
1995,2171
1992,2109
2012,2009
2017,1922
2011,1953
2033,1963
2041,1836
2059,1883
2087,2181
2103,2184
2106,2192
2139,2097
2136,2131
2135,1990
2140,2031
2153,1971
2143,2040
2145,2105
2135,2115
2127,2206
2129,2136
2107,2084
2105,2052
2101,2133
2083,2084
2071,2074
2083,2141
2063,2084
2079,2040
2082,1827
2071,1871
2092,1948
2089,2023
2108,1911
2119,1933
2139,1778
2153,2120
2153,2118
2167,2199
2195,2193
2193,2171
2215,2125
2240,2216
2245,2081
2256,2028
2269,2143
2260,2216
2264,2094
2273,2221
2252,2119
2240,2008
2228,1950
2207,1818
2207,1788
2182,1863
2159,1875
2145,2057
2119,2261
2102,2109
2088,2274
2063,2249
2063,2279
2044,2043
2040,2039
2034,1934
2022,2072
2023,1954
2030,1939
2035,2001
2028,2057
2051,2135
2038,1916
2056,1820
2063,1948
2069,1979
2083,2065
2088,2217
2088,2058
2101,2174
2105,2112
2075,2077
2105,1940
2092,1985
2090,1872
2084,1960
2047,2021
2063,2139
2055,2263
2023,1999
2015,1965
2019,1955
1992,2023
1988,1937
1981,2104
1971,2165
1967,2068
1989,1931
1972,2016
1984,2071
1989,1944
2007,2048
2019,1978
2033,2115
2041,2080
2068,2064
2080,2015
2092,1893
2120,2075
2131,2133
2151,2179
2168,2152
2189,2039
2201,2027
2206,2015
2203,2128
2223,2327
2224,2256
2210,1844
2224,1899
2187,1966
2192,2207
2199,2011
2159,1881
2184,1784
2153,1839
2132,2046
2129,2107
2104,2395
2099,2278
2096,2072
2088,2063
2083,1883
2088,2035
2081,2168
2087,2098
2080,2100
2092,1884
2107,1632
2108,2040
2109,2078
2119,2353
2139,2315
2139,2099
2168,1943
2163,1707
2179,1714
2180,2152
2167,2112
2184,2172
2157,2153
2157,1978
2138,2104
2129,2212
2120,2269
2100,2320
2092,2063
2065,1896
2068,1974
2017,1957
2007,2030
1989,2039
1971,2151
1959,2138
1949,2083
1950,1833
1944,2131
1943,1976
1952,2020
1955,1835
1968,1836
1977,1939
1977,2055
1995,2117
1993,2039
2024,1839
2041,1784
2056,2063
2089,2180
2094,2392
2100,2501
2128,2436
2133,2259
2139,1938
2150,1626
2140,1777
2137,2004
2140,2044
2132,1948
2128,1984
2123,2043
2108,2088
2103,2201
2088,2017
2063,1931
2075,2019
2041,1963
2045,1815
2051,1948
2009,1937
2044,1976
2041,1895
2039,1817
2072,1993
2065,2251
2083,2464
2104,2361
2089,2237
2121,2108
2135,1948
2153,2015
2183,1933
2192,1848
2205,1691
2227,1746
2222,2105
2217,1939
2236,2081
2225,2280
2219,2251
2215,2454
2200,2377
2192,2161
2168,1965
2152,1928
2136,2059
2108,2018
2091,1899
2068,1934
2057,2056
2016,2251
2020,2181
2000,1940
1989,1675
1996,1794
1979,1832
1973,1719
1980,1627
1973,1753
1987,2072
1993,2395
1979,2524
2015,2630
2023,2487
2019,2228
2048,1759
2048,1551
2053,1765
2063,2288
2057,2345
2071,2155
2072,1945
2065,1995
2066,2173
2056,2349
2035,2371
2027,2232
2011,2012
2001,1861
1980,1544
1975,1593
1960,1671
1931,2122
1924,2272
1917,2289
1907,2029
1904,1968
1899,2167
1904,2312
1911,2154
1923,1901
1918,1719
1941,1888
1946,2131
1968,2392
1975,2069
1993,1644
2022,1419
2024,1517
2060,1806
2086,2382
2095,2412
2112,2402
2105,2243
2129,2118
2129,1978
2131,1989
2132,1945
2131,1965
2119,2067
2127,1848
2121,1906
2107,1979
2099,1975
2085,1955
2075,2076
2063,2065
2042,2091
2033,2067
2028,2113
2027,2139
2021,2179
2023,2100
2019,1896
2036,1873
2040,2151
2029,2004
2040,1881
2056,1773
2065,1819
2073,1847
2075,1835
2097,1929
2104,2096
2123,2145
2117,2252
2122,1987
2124,2003
2105,2073
2119,2169
2118,2336
2096,2205
2079,2068
2073,2052
2041,2218
2040,2243
2027,2140
1991,1988
1975,1992
1955,1976
1939,2065
1931,1936
1903,1984
1892,1927
1903,1957
1888,1963
1897,1995
1897,1929
1889,1990
1905,2006
1911,2079
1915,2176
1929,2280
1935,2263
1935,2165
1953,2068
1969,2039
1991,2025
2001,2033
2011,2071
2027,2016
2025,2027
2031,2011
2035,2073
2029,2087
2032,2116
2025,2063
2028,2096
2017,2067
2005,2068
2014,2038
2003,2067
1995,2019
1985,2061
1985,2012
1968,2039
1969,2025
1971,2029
1973,2007
1969,2023
1983,1954
1993,2014
2003,1996
2015,2043
2024,2043
2039,2063
2056,2033
2072,2072
2075,2005
2094,2007
2123,2054
2125,2063
2141,2007
2145,2037
2160,2053
2155,2055
2167,2109
2159,2068
2149,2054
2135,2068
2124,1993
2103,1998
2091,2005
2088,2015
2071,2039
2056,2046
2039,2005
2010,2006
1992,2069
1975,2025
1960,2041
1949,1993
1945,1977
1939,2013
1939,2016
1944,2005
1948,1997
1935,2015
1945,2060
1952,2079
1949,2063
1959,2033
1977,2015
1975,2027
1985,2069
1991,2072
1989,2073
1996,2043
2006,2055
2007,2075
2003,2035
1996,2055
1991,2042
1976,2027
1971,2033
1956,2055
1947,2007
1934,2053
1923,2056
1909,2035
1896,2027
1887,2041
1871,2045
1871,2025
1871,2052
1875,1994
1880,2008
1886,2025
1883,2001
1896,2025
1908,2040
1926,2001
1929,2033
1943,2024
1965,2051
1976,2027
1991,2060
2016,2068
2035,2045
2039,2038
2069,2029
2085,2030
2101,2073
2101,2071
2112,2035
2110,2072
2112,2083
2099,2078
2093,2027
2091,2063
2087,1996
2075,2001
2066,2042
2056,2027
2032,2043
2013,2021
2006,2036
1997,2034
1995,2033
1990,2039
1987,2032
1989,2021
1991,1990
1995,2004
2004,2079
2008,2065
2007,2048
2013,2057
2028,2057
2031,2023
2029,2010
2063,2063
2070,2065
2063,2037
2077,2028
2080,2086
2067,2079
2063,2076
2063,2083
2053,2079
2035,2092
2021,2089
2012,2071
1999,2062
1968,2068
1964,2068
1938,2079
1915,2021
1899,2028
1872,2059
1873,2036
1859,2028
1852,1987
1843,2039
1852,2012
1837,2001
1851,2011
1853,2032
1855,2061
1874,2066
1887,2019
1893,2089
1904,2039
1918,2051
1932,2043
1952,2029
1957,2069
1971,2042
1996,2031
1997,2057
2007,2089
2024,2088
2026,2095
2029,2111
2017,2095
2019,2057
2011,2060
2005,2005
2009,2027
1999,2072
1984,2087
1979,2074
1961,2054
1955,2043
1955,2017
1952,2012
1955,1993
1955,1987
1951,2025
1969,2048
1978,2023
1994,1989
2001,2026
2018,2041
2019,2054
2035,2034
2039,2033
2063,2029
2069,2027
2089,2071
2101,2084
2124,2041
2131,2046
2132,2074
2139,2034
2134,2077
2132,2051
2132,2039
2120,2075
2104,2053
2084,2025
2067,2039
2041,2026
2039,2019
2021,2088
2004,2069
1979,2028
1968,2040
1951,2023
1940,2032
1940,2018
1920,2048
1923,2021
1917,2030
1911,2035
1917,2059
1923,2069
1920,2025
1933,2056
1917,2041
1934,2007
1943,2008
1943,2064
1955,2037
1961,2079
1975,2024
1980,2080
1993,2096
1981,2088
1980,2057
1992,2083
1984,2057
1975,2103
1956,2075
1953,2055
1944,2054
1943,2009
1925,2071
1916,2037
1900,2051
1891,2043
1881,2037
1877,1993
1879,2047
1885,1991
1887,2008
1895,2032
1902,2015
1912,2027
1925,2035
1935,2040
1949,2017
1961,2063
1967,2055
1993,2028
2013,2069
2035,2067
2041,2080
2072,2024
2088,2063
2097,2063
2101,2011
2122,2072
2121,2072
2128,2096
2129,2033
2121,2080
2120,2070
2104,2048
2099,2059
2097,2032
2075,2053
2076,2044
2055,2025
2041,2001
2027,1999
2028,2016
2029,2008
2023,1991
2011,1991
2019,1993
2017,2035
2019,2023
2029,2045
2028,2043
2030,2060
2041,2029
2053,2032
2056,2056
2057,2028
2077,2071
2088,2056
2091,2055
2096,2019
2099,2084
2094,2110
2088,2088
2091,2089
2076,2108
2067,2081
2056,2043
2035,2067
2017,2047
2000,2046
1981,2021
1971,2072
1945,2073
1926,2073
1912,2003
1893,2027
1892,2005
1888,2048
1883,2025
1887,1995
1881,2043
1891,1995
1899,2024
1901,2044
1908,2041
1915,2073
1928,2072
1935,2029
1948,2047
1963,2030
1992,2084
2008,2120
2019,2055
2036,2059
2039,2071
2048,2076
2051,2057
2053,2040
2063,2027
2063,2087
2053,2044
2044,2058
2027,2030
2032,2026
2015,2043
2011,2011
2004,2075
1981,1997
1982,2003
1983,2015
1987,1990
1990,1975
1980,1979
1999,2015
1996,1990
2016,2027
2009,2032
2036,2015
2039,2002
2072,2060
2067,2017
2077,2069
2104,2001
2123,2023
2148,2058
2147,2037
2151,2067
2171,2088
2171,2080
2176,2063
2167,2084
2164,2087
2163,2097
2152,2051
2143,2018
2135,2032
2121,2033
2093,2009
2082,2074
2063,2064
2035,2080
2018,2003
1999,1999
1982,2062
1976,2016
1961,2031
1960,1977
1961,1993
1952,2039
1956,2037
1951,2040
1963,2057
1955,2039
1957,2003
1963,2042
1971,2067
1977,2064
1992,2057
2008,2074
2003,2063
2020,2043
2021,2071
2023,2087
2032,2092
2023,2063
2017,2078
2009,2096
2008,2079
1989,2073
1982,2020
1968,2023
1959,2011
1937,2071
1931,2039
1911,2039
1897,1991
1883,2027
1887,2033
1881,2023
1883,1981
1889,2045
1895,2006
1883,2021
1917,2007
1926,2001
1939,2040
1941,2027
1965,2047
1973,2063
1989,2022
2025,2040
2040,2058
2070,2063
2083,2088
2093,2080
2120,2076
2123,2063
2135,2041
2129,2052
2134,2043
2137,2089
2137,2063
2132,2017
2124,2030
2112,2032
2104,2037
2089,2020
2081,2020
2066,2071
2056,2019
2045,2038
2036,1975
2035,1999
2032,2032
2019,2019
2027,1995
2035,2014
2041,2025
2040,2032
2043,2017
2060,2040
2065,2035
2063,2061
2075,2035
2085,2054
2099,2059
2099,2017
2119,2092
2125,2068
2119,2088
2115,2063
2112,2085
2108,2112
2092,2077
2073,2036
2066,2090
2037,2056
2028,2020
2011,1999
1993,2022
1961,2045
1956,2023
1921,2027
1914,2003
1893,2028
1894,1997
1888,2042
1880,2032
1879,2040
1887,1987
1888,2037
1902,2029
1900,2064
1905,2035
1911,2023
1924,2046
1944,2079
1952,2036
1967,2041
1989,2051
1997,2035
2015,2057
2026,2076
2039,2074
2040,2062
2054,2104
2048,2087
2051,2043
2044,2055
2027,2040
2032,2019
2022,2017
2027,2003
2019,2056
2011,2043
2003,2076
1992,2040
1991,2059
1984,2024
1984,2032
1994,2008
1995,2018
2008,2001
2007,2033
2024,2041
2040,2062
2041,2009
2063,1993
2071,2040
2080,2048
2081,2063
2101,2066
2121,2072
2136,2029
2149,2079
2147,2058
2161,2027
2165,2063
2160,2053
2159,2087
2152,2084
2147,2088
2136,2066
2109,2056
2101,2063
2077,1997
2077,2060
2055,2075
2032,2060
2013,2039
2000,2045
1988,2045
1975,2032
1960,2028
1956,2011
1947,2024
1954,2023
1946,1983
1946,2077
1942,2019
1950,1994
1948,2023
1951,2063
1946,2037
1960,2060
1966,2071
1974,2058
1980,2095
1989,2077
1999,2091
1997,2071
2002,2065
2000,2120
1985,2074
1987,2039
1977,2027
1970,2043
1963,2056
1951,2023
1948,2041
1934,2003
1920,2070
1909,2043
1889,2037
1883,2048
1886,1993
1884,2008
1887,2019
1879,2020
1891,1995
1900,2024
1912,2030
1923,2043
1936,2032
1940,2064
1951,2028
1963,2041
1981,2021
1993,2030
2016,2033
2025,2056
2064,2060
2073,2044
2085,2005
2092,2075
2107,2039
2111,2068
2108,2072
2115,2043
2112,2050
2111,2060
2101,2012
2097,2065
2086,2015
2069,2064
2071,2035
2057,2056
2035,2043
2027,2032
2011,2048
2008,2027
2007,1989
2009,2011
2005,2016
2009,2009
2018,2056
2019,2025
2024,1997
2033,2005
2039,1999
2042,1999
2059,2071
2063,2019
2073,2035
2082,2067
2094,2056
2101,2070
2104,2043
2111,2076
2099,2072
2103,2089
2085,2077
2086,2101
2072,2059
2061,2043
2040,2069
2027,2039
2007,2003
1991,2009
1972,2063
1960,2044
1933,1992
1931,2027
1918,1991
1913,2003
1911,2017
1911,2063
1911,2040
1921,2019
1909,2045
1935,2003
1937,2027
1944,2057
1960,2036
1967,2041
1980,2046
1998,2009
2009,2032
2030,2073
2053,2035
2071,2089
2077,2097
2073,2045
2094,2102
2097,2058
2087,2080
2095,2065
2082,2020
2091,2075
2073,2035
2063,2033
2067,2001
2057,1995
2035,2075
2035,2021
2013,2071
2011,2009
2020,2063
2020,2007
2024,2005
2029,1991
2032,2024
2051,2021
2056,2043
2063,2021
2079,2038
2085,2025
2093,2088
2112,2072
2128,2071
2149,2040
2169,2036
2183,2025
2182,2057
2200,2041
2201,2007
2200,2063
2206,2041
2199,2081
2200,2094
2181,2063
2176,2030
2160,2047
2144,2021
2125,2004
2120,2068
2096,2032
2086,2044
2057,2017
2040,2048
2032,2019
2021,2027
2009,2023
1997,2028
2008,2019
2001,1965
2002,2024
2004,2038
2001,2030
2009,2040
2005,2063
2012,2039
2020,2064
2023,2033
2027,2033
2037,2075
2051,2044
2056,2053
2071,2011
2071,2095
2065,2085
2071,2037
2067,2063
2064,2055
2039,2031
2042,2011
2024,2043
2021,2035
2012,2041
2000,2040
1980,2077
1977,2033
1964,2067
1958,2011
1952,2024
1947,2019
1947,2009
1961,2016
1949,1995
1973,2019
1971,2001
1977,2005
2005,2040
2008,1996
2029,2011
2041,2060
2064,2003
2078,2011
2093,2030
2119,2080
2138,2030
2150,2068
2166,2055
2175,2077
2165,2041
2191,2071
2195,2096
2192,2101
2185,2054
2183,2035
2176,2066
2166,2055
2162,2044
2156,2024
2138,2027
2129,2040
2121,2022
2105,2008
2093,2040
2100,2039
2099,1981
2089,1993
2096,2039
2093,2035
2093,2025
2104,2027
2104,2037
2112,2035
2109,2032
2123,2057
2123,2041
2136,2067
2146,2071
2152,2087
2157,2079
2166,2069
2163,2031
2165,2103
2150,2053
2145,2053
2151,2071
2133,2057
2117,2076
2093,2027
2089,2029
2072,2030
2057,2034
2029,2072
2005,2052
1981,2011
1965,2053
1957,1989
1937,2007
1927,1995
1923,2055
1918,2016
1920,2015
1915,2043
1917,2019
1936,2036
1939,2077
1949,2033
1952,2035
1965,2035
1977,2017
2000,2008
2012,2072
2028,2059
2040,2079
2071,2063
2067,2063
2073,2072
2089,2041
2091,2067
2092,2106
2090,2070
2079,2063
2081,2071
2071,2041
2067,2011
2055,2026
2039,2059
2039,2084
2028,2047
2006,2009
2007,2008
2011,2037
2015,1993
2023,2065
2026,1989
2023,1985
2029,2031
2048,2040
2065,2037
2080,2036
2100,2063
2111,2066
2120,2048
2136,2003
2155,2068
2181,2039
2185,2078
2212,2068
2212,2056
2224,2092
2219,2087
2229,2120
2221,2063
2223,2075
2215,2057
2203,2058
2197,2029
2179,2074
2167,2029
2148,2048
2132,2067
2113,2057
2096,2034
2076,2020
2054,2040
2041,1997
2035,2028
2027,2020
2024,2025
2016,2031
2012,2007
2013,2052
2024,2001
2021,2059
2033,2039
2027,2063
2052,2078
2043,2047
2063,2027
2072,2071
2088,2092
2095,2075
2089,2053
2088,2093
2094,2088
2083,2093
2083,2074
2072,2072
2065,2074
2056,2072
2040,2040
2027,2067
2023,2005
2007,2079
1989,2074
1989,2041
1979,2029
1971,2055
1963,2017
1957,1963
1959,2006
1964,2015
1960,2035
1961,2034
1971,2024
1987,1999
2019,2048
2032,2088
2047,2045
2075,2042
2088,2053
2097,2025
2104,2032
2120,2024
2119,2027
2121,2004
2121,2072
2123,2071
2115,2068
2111,2071
2107,2073
2122,2065
2120,2056
2118,2034
2107,2024
2105,2040
2111,2040
2105,2047
2105,2036
2089,2028
2091,2045
2091,2016
2087,1997
2091,2048
2094,2032
2097,2045
2105,1975
2116,2040
2117,2028
2124,2056
2135,2023
2130,2037
2127,2067
2129,2027
2115,2048
2108,2019
2097,2043
2091,2017
2085,2063
2080,2073
2077,2068
2080,2081
2072,2024
2071,2065
2059,2071
2049,2044
2039,2062
2030,2036
2023,2023
2015,2017
2011,2003
2007,2036
1995,2063
2000,2038
2008,2077
2006,2069
2020,2020
2024,2029
2027,2018
2032,2036
2033,2015
2029,2054
2025,2043
1997,2015
2007,2020
2008,2040
2008,2069
2004,2060
2008,2104
2001,2077
1999,2080
2011,2069
2021,2054
2021,2072
2033,2069
2021,2020
2019,2075
2025,2057
2027,2057
2025,2018
2027,2021
2040,2032
2033,2036
2056,2037
2063,2083
2080,2063
2091,2080
2102,2062
2122,2063
2129,2045
2127,2011
2139,2062
2131,1995
2152,2044
2140,2015
2149,2036
2148,2023
2156,2060
2153,2028
2147,2068
2154,2034
2154,2073
2157,1998
2153,2068
2156,2017
2137,2023
2139,2025
2130,2024
2136,2033
2132,2039
2127,2017
2133,2039
2135,2019
2140,2028
2146,2033
2147,2071
2138,2041
2150,2068
2144,2001
2147,2045
2135,2010
2135,2018
2134,2024
2127,2024
2117,2047
2114,2059
2099,2036
2102,2017
2096,2023
2087,2071
2071,2027
2071,2066
2058,2064
2057,2022
2042,2029
2040,2028
2027,2039
2019,2021
2020,2023
2019,2011
2008,2065
2001,2057
2005,2041
2007,2055
2011,2033
2007,2076
2015,2073
2007,2040
2007,2065
2013,2033
2011,2075
2007,2061
2008,2067
1997,2027
2008,2027
2008,2064
2007,2034
2008,2007
2008,2007
2005,2035
2005,2021
2016,2067
2011,2015
2020,2056
2029,2017
2024,2063
2036,2026
2036,2056
2048,2055
2045,2009
2052,2055
2072,2028
2073,2009
2080,2059
2088,2035
2098,2071
2093,2012
2103,2019
2104,2042
2108,2073
2112,2024
2111,2053
2124,2025
2120,2035
2126,2080
2132,2024
2129,2065
2121,2033
2120,2027
2124,2044
2119,2043
2122,2056
2118,2039
2121,2069
2107,2031
2110,2072
2109,2071
2101,2027
2094,2041
2099,2041
2097,2007
2087,2044
2096,2056
2082,2035
2088,2064
2087,2056
2084,2063
2084,2088
2084,2057
2076,2027
2075,2094
2072,2067
2063,2012
2062,2027
2043,2025
2039,2073
2035,2067
2032,2029
2014,2064
2022,2071
2005,2066
2009,2076
2003,2067
1996,2076
1977,2072
1988,2083
1980,2037
1979,2066
1976,2017
1970,2033
1965,2041
1972,2080
1965,2074
1971,2071
1961,2065
1974,2039
1964,2060
1971,2080
1982,2033
1984,2021
1999,2040
1998,2039
1996,2035
2008,2027
2019,2044
2025,2070
2036,2027
2037,2029
2044,2027
2066,2065
2065,2015
2075,2067
2081,2019
2081,2035
2100,2021
2102,2067
2103,2054
2109,2060
2112,2035
2117,2043
2104,2048
2113,2031
2123,2007
2119,2064
2109,2007
2123,2005
2118,2023
2124,2025
2124,2072
2135,2075
2129,2035
2127,2069
2139,2017
2137,2039
2137,1991
2147,2020
2155,2044
2160,2063
2153,2033
2163,2054
2168,2076
2161,2068
2165,2060
2167,2040
2160,2075
2160,2035
2152,2068
2154,2011
2138,2044
2142,2060
2135,2071
2127,2060
2120,2055
2112,2040
2104,2062
2085,2001
2090,2067
2074,2037
2055,2011
2039,2024
2029,2019
2023,2025
2023,2019
2020,2058
2011,2060
2011,2052
1997,2040
1999,2057
1995,2021
1996,2066
1991,2040
1991,2063
1994,2021
1992,2058
1992,2075
1994,2067
1992,2035
1995,2035
2001,2060
2001,2075
1995,2036
2005,2060
2009,2080
2007,2028
2007,2017
2011,2037
2010,2023
2011,2019
2003,2019
2015,2020
2015,2044
2003,2017
2009,2030
2011,2022
2020,2060
2016,2040
2011,2044
2020,2028
2026,2071
2025,2029
2026,2081
2038,2042
2055,2071
2053,2054
2068,2048
2071,2016
2085,2008
2088,2075
2093,2029
2104,2064
2109,2053
2119,2011
2120,2063
2123,2024
2135,2079
2130,2020
2140,2007
2132,2028
2141,2068
2140,2042
2138,2087
2137,2072
2143,2078
2139,2075
2139,2055
2128,2082
2120,2065
2115,2043
2115,2064
2112,2037
2116,2044
2097,2034
2098,2029
2091,2043
2092,2044
2092,2011
2093,2039
2092,2042
2084,2023
2082,2035
2081,2047
2081,2030
2075,2029
2073,2017
2075,2032
2068,2064
2063,2042
2055,2079
2064,2080
2041,2035
2041,2040
2041,2073
2035,2027
2040,2022
2038,2060
2032,2076
2036,2056
2031,2064
2019,2040
2024,2043
2019,2036
2016,2084
2022,2035
2018,2045
2016,2074
2019,2063
2009,2075
2020,2015
2024,2029
2017,2008
2023,2063
2028,2054
2032,2026
2032,2029
2040,2005
2045,2021
2052,2044
2045,2021
2043,2064
2063,2045
2063,2015
2067,2048
2073,2040
2084,2019
2086,2063
2083,2024
2085,2007
2089,2063
2095,2053
2091,2073
2091,2017
2100,2031
2110,2042
2108,2017
2107,2045
2116,2029
2107,2054
2117,2025
2120,2048
2120,2038
2123,2040
2117,2027
2113,2040
2125,1995
2115,2053
2116,2041
2123,2056
2107,2024
2106,2045
2114,2042
2118,2057
2106,2030
2103,1988
2093,2021
2096,2021
2096,2088
2082,2007
2090,2023
2085,2015
2073,2059
2085,2043
2082,2020
2071,2066
2069,2065
2068,2019
2048,2068
2044,2055
2044,2062
2035,2072
2029,2075
2025,2044
2016,2040
2014,2044
2001,2064
1993,2065
1995,2062
1996,2027
1972,2020
1977,2015
1983,2023
1971,2039
1975,2009
1977,2070
1979,2026
1980,2027
1977,2048
1979,2069
1980,2043
1971,2041
1973,2060
1981,2034
1988,2007
1987,2044
1991,2033
1988,2037
1995,2026
2011,2056
2011,2055
2003,2032
2022,2065
2013,2040
2024,2007
2011,2071
2038,2010
2033,2021
2033,2011
2024,2095
2029,2047
2039,2061
2069,2039
2063,2045
2073,1995
2077,2060
2075,2009
2076,2033
2089,2043
2092,2070
2101,2065
2110,2037
2114,2063
2109,2081
2111,2019
2120,2023
2109,2005
2123,2080
2119,2016
2124,2063
2139,2040
2131,2071
2141,2046
2144,2040
2129,2070
2143,2045
2138,2030
2121,2019
2128,2072
2119,2029
2124,2052
2125,2058
2108,2040
2104,2072
2093,2057
2106,2027
2105,2041
2092,2030
2097,2018
2093,2057
2079,2074
2067,2047
2055,2007
2058,2035
2053,2033
2056,2031
2024,2073
2039,2048
2029,2066
2022,1995
2012,2068
2006,2011
1998,2043
1997,2055
1987,2068
1989,2055
1987,2024
1969,2035
1963,2032
1987,2024
1975,2061
1974,2022
1981,2021
1975,2040
1978,2076
1993,2088
1983,2073
1984,2105
1984,2048
1987,2035
1973,2073
1992,2072
1987,2063
1995,2020
1976,2080
2008,2037
2003,2039
2008,2044
2003,2071
2014,2053
2005,2063
2024,2025
2014,2056
2007,2043
2023,2019
2021,2048
2032,2009
2039,2047
2032,1993
2042,2027
2063,2009
2065,2080
2063,2054
2079,2066
2064,1995
2072,2056
2082,2040
2080,2060
2095,2005
2081,2029
2095,2041
2093,2023
2104,2010
2094,2005
2092,2039
2108,1991
2093,2031
2084,2027
2085,2040
2104,2019
2099,2068
2081,1993
2081,2068
2089,2063
2067,2035
2083,2033
2073,2027
2040,2035
2047,2075
2029,2063
2032,2054
2046,2035
2045,2027
2040,2019
2011,2072
2024,2066
1995,2071
2014,2017
2010,2038
1992,2048
1981,2023
1967,2056
1965,2029
1988,2030
1964,2063
1968,2043
1952,2055
1964,2035
1952,2051
1943,2030
1955,2023
1949,2040
1950,2063
1965,2063
1936,2038
1941,2064
1941,2040
1956,2007
1953,2012
1947,2029
1958,2095
1952,2067
1963,2081
1958,2027
1959,2037
1969,2027
1963,2065
1980,2036
1993,2033
1973,2056
1989,2048
1965,2053
2000,2039
1999,2089
2007,2066
2011,2057
2011,2035
2021,2079
2028,2075
2035,2067
2043,2039
2063,2048
2067,2101
2079,2031
2069,2032
2088,2038
2087,2055
2104,2005
2101,2059
2107,2044
2125,2042
2126,2017
2131,2046
2122,2003
2130,2069
2121,2001
2125,2015
2138,2060
2139,2059
2144,2064
2149,2005
2139,2063
2151,2039
2151,2058
2144,2048
2137,2066
2140,2065
2135,2056
2131,2025
2129,2074
2122,2076
2124,2060
2118,2047
2120,2057
2109,2040
2104,2048
2103,2052
2103,2007
2101,2017
2092,2040
2093,2019
2079,2035
2081,2003
2077,2020
2070,2043
2069,2019
2065,2020
2044,2040
2055,2063
2043,2043
2039,2054
2037,2067
2034,2054
2019,2030
2026,2029
2025,2052
2015,2056
2007,2071
2017,2039
2009,2005
1995,2023
2007,2079
2007,2026
2001,2053
2001,2069
1996,2035
2003,2021
1999,2025
2009,2042
2010,2060
2008,2017
2011,2029
2015,2043
2023,2043
2027,2019
2022,2025
2034,2057
2029,2031
2040,2064
2044,2056
2051,2003
2063,2035
2064,2071
2072,2039
2073,2062
2067,1995
2078,2042
2083,2021
2085,2058
2089,2022
2105,2058
2103,2068
2108,2038
2108,2056
2118,2059
2116,2045
2124,2011
2125,2080
2127,2041
2121,2079
2134,2063
2128,2040
2136,2066
2133,2039
2133,2011
2131,2063
2135,2071
2132,2011
2131,2025
2132,2019
2122,2027
2123,2076
2124,2079
2124,2096
2117,2063
2107,2033
2112,2083
2104,2029
2097,2048
2096,2008
2089,2033
2087,2009
2085,2048
2080,2056
2065,2012
2072,2069
2072,2009
2064,2028
2037,2029
2039,2032
2040,2082
2027,2041
2027,2063
2016,2071
2016,2063
2011,2029
2001,2071
2003,2004
1995,2037
1993,2028
1991,2063
1992,2035
1995,2036
1988,2033
1979,2055
1987,2011
1987,2001
1979,2042
1989,2034
1984,2035
1991,2033
1991,2029
1993,2060
1994,2071
1997,2066
2007,2012
2005,2042
2010,2065
2021,2031
2023,2056
2026,2053
2024,2060
2025,2023
2039,2059
2040,2055
2047,2071
2056,2056
2068,1996
2071,2009
2072,2088
2074,2039
2085,2062
2086,2054
2094,2040
2096,2003
2094,2007
2093,2015
2105,2045
2112,2063
2118,2066
2108,2057
2125,2073
2121,2057
2131,2038
2135,2021
2137,2060
2133,2026
2135,2071
2139,2030
2133,2043
2152,2029
2144,2058
2144,2068
2146,2075
2139,2080
2133,2022
2136,2063
2132,2003
2125,2005
2121,2044
2123,2076
2120,2077
2112,2023
2109,2078
2104,2025
2099,2039
2083,2027
2080,2080
2080,2034
2078,2027
2071,2063
2063,2027
2063,1995
2045,2047
2043,2051
2035,2056
2028,2068
2029,2007
2027,2056
2016,2071
2026,2077
2016,2040
2005,2065
2007,2080
1998,2046
1996,2079
1993,2064
1993,2023
1987,2058
1995,2032
1996,2080
1991,2046
1992,2080
1989,2035
1995,2053
1993,2065
1992,2068
2003,2041
2001,2059
2005,2061
2008,2026
2005,2019
2009,2024
2006,2036
2009,2067
2021,1997
2027,2048
2028,2054
2023,2024
2046,1996
2044,2063
2048,2060
2060,2039
2063,2029
2073,2056
2073,2053
2078,2010
2083,2026
2088,2023
2095,2041
2098,2032
2100,2053
2095,2029
2110,2013
2119,2029
2124,2008
2121,2023
2136,2075
2121,2053
2131,2051
2133,2040
2140,2035
2135,2023
2131,2032
2137,2021
2135,2063
2141,2029
2137,2057
2138,2019
2135,2063
2124,2027
2123,2072
2126,2029
2122,2075
2116,2071
2114,2053
2109,2021
2111,2071
2094,2067
2096,2007
2091,2069
2091,2007
2080,2052
2074,2044
2072,1999
2072,2029
2054,2028
2041,2039
2057,2037
2038,2025
2040,2042
2024,2041
2032,2036
2026,2071
2016,2040
2014,2060
2011,2075
1995,2059
2003,2037
1992,2075
1998,2057
1999,2080
1995,2068
1993,2019
1992,2028
1981,2037
1981,2063
1989,2011
1992,2039
1996,2068
1996,2057
1995,2076
1999,2067
1987,2029
2000,2042
1995,2021
2012,2058
2007,2033
2020,2045
2023,2063
2019,2011
2027,2053
2024,2011
2036,2027
2043,1989
2053,2054
2056,2063
2061,2071
2074,2009
2075,2043
2079,2033
2084,2026
2089,2031
2099,2061
2101,2071
2107,2020
2101,2023
2112,2048
2122,2034
2127,2028
2135,2053
2133,2003
2127,2048
2140,2021
2135,2048
2131,2026
2143,2023
2138,2009
2141,2045
2146,2009
2136,2023
2136,2073
2137,2023
2133,2057
2129,2041
2133,2041
2131,2045
2131,2029
2131,2079
2126,2042
2121,2063
2116,2041
2120,2024
2107,2035
2104,2009
2107,2051
2099,2027
2099,2072
2099,2068
2087,2072
2092,2071
2088,2043
2081,2055
2073,2030
2068,2063
2065,2035
2057,2005
2053,2067
2058,2056
2054,2076
2055,2040
2041,2091
2041,2057
2029,2039
2029,2019
2035,2044
2027,2059
2027,2017
2023,2034
2028,2023
2013,2068
2019,2045
2024,2017
2026,2053
2024,2011
2019,2021
2030,2011
2025,2041
2025,2019
2029,2036
2037,2048
2043,2043
2039,2017
2037,2009
2053,2042
2053,2044
2058,2052
2063,2073
2063,2045
2068,2057
2071,2029
2077,2062
2082,2023
2080,2053
2092,2063
2091,2072
2096,2047
2099,2033
2107,2026
2102,2029
2101,2067
2117,2045
2116,2023
2120,2007
2115,2068
2127,2048
2124,2036
2129,2063
2124,2059
2119,2076
2133,2026
2137,2072
2124,2029
2131,2075
2130,2053
2130,2007
2126,2060
2121,2025
2123,2040
2125,2017
2121,2066
2105,2017
2109,2041
2107,2043
2094,2017
2100,2033
2088,2058
2103,2072
2080,2029
2087,2011
2074,2074
2077,2071
2063,2015
2068,2080
2045,2024
2038,2008
2063,2033
2035,2057
2032,2007
2032,2076
2027,2035
2032,2063
2018,2023
2007,2044
2022,2066
1991,2057
1984,2075
2000,2065
1998,2035
2004,2074
1996,2060
1981,2025
1992,2003
1987,2037
1993,2055
1979,2027
1976,2080
2002,2059
1993,2085
1995,2030
1996,2072
1993,2035
1987,1995
1993,2029
2012,2032
2015,2034
2015,2002
2025,2028
2029,2020
2027,2056
2040,2068
2048,2019
2039,2029
2064,2054
2063,2025
2068,2059
2066,2021
2076,2007
2093,2032
2093,2042
2087,2063
2107,2068
2097,2025
2112,2052
2124,1992
2131,2036
2126,2084
2142,2056
2148,2071
2122,2013
2138,2035
2144,2096
2155,2095
2133,2002
2145,2060
2147,2027
2144,2077
2149,2007
2150,2008
2148,2054
2143,2048
2148,2088
2155,2040
2136,2044
2129,2035
2129,2034
2136,2039
2116,2043
2123,2043
2125,2009
2122,2015
2105,2039
2115,2041
2087,2037
2103,2053
2082,2019
2085,2029
2069,2019
2088,2082
2071,2021
2041,2039
2042,2021
2029,2027
2027,2039
2033,2096
2029,2067
2011,2044
2013,2027
2004,2011
2002,2059
2001,2033
1999,2068
1994,2080
1992,2026
1982,2048
1978,2043
1971,2067
1987,2005
1987,2047
1971,2019
1968,2023
1980,2060
1967,2037
1981,1993
1974,2037
1984,2063
1977,2040
1984,2040
1999,2029
2009,2065
2011,2032
2000,2068
2011,2052
2010,2039
2027,2036
2025,2005
2024,2025
2035,2023
2036,2046
2055,2011
2066,2054
2063,2023
2069,2039
2077,2070
2097,2019
2095,2076
2092,2041
2087,2035
2117,2012
2091,2021
2118,2068
2124,2051
2111,2002
2118,2006
2127,1993
2129,2077
2129,2025
2143,2041
2144,2038
2133,2039
2143,2068
2135,2057
2144,2032
2137,2080
2140,2065
2131,2076
2135,2030
2115,2011
2126,2046
2122,2039
2120,2056
2130,2072
2105,2063
2091,2026
2106,2071
2097,2042
2104,2056
2091,2038
2088,2069
2075,2025
2071,2019
2075,2036
2059,2057
2059,2025
2060,2056
2032,2060
2025,2019
2034,2031
2017,2023
2029,2080
2005,2089
2024,2039
2007,2060
2018,2077
1995,2070
2011,2057
1996,2019
1984,2060
1980,2054
2000,2007
1991,2059
1985,2030
1984,2010
1997,2041
2001,2040
1992,2060
1998,2076
1987,2071
1999,2077
2002,2063
2009,2053
2007,2065
2015,2029
2008,2007
2025,2057
2025,2063
2021,2012
2039,2043
2039,2010
2041,2058
2056,2022
2063,2025
2071,2035
2075,2053
2080,2060
2080,2041
2095,2042
2093,2048
2105,2022
2111,2056
2109,2043
2121,2025
2121,2043
2128,2023
2136,2056
2133,2019
2151,2013
2149,2013
2148,2039
2148,2062
2156,2045
2168,2075
2151,2027
2155,1991
2169,2071
2167,2019
2164,2070
2153,2023
2158,2011
2164,2003
2151,2066
2147,1999
2149,1991
2137,2039
2141,2045
2137,2021
2135,2005
2125,2056
2130,2013
2124,2044
2104,2056
2089,2039
2100,2046
2099,2029
2094,2035
2088,2025
2083,2061
2078,2025
2072,2021
2068,2071
2055,2052
2045,2054
2042,2003
2027,2041
2027,2076
2026,2068
2020,2080
2014,2034
1995,2076
2003,2040
1999,2071
1983,2066
2001,2083
1985,2061
1989,2028
1984,2040
1990,2062
1978,2007
1984,2012
1981,2017
1977,2008
1975,2063
1984,2008
1987,2046
1992,2037
1979,2015
1989,2022
1999,2029
1989,2024
1993,2053
1994,2064
2009,2005
2007,2075
2013,2075
2015,2045
2016,2035
2019,2022
2025,2065
2032,2030
2041,2033
2045,2007
2059,2048
2056,2040
2059,2029
2070,2065
2069,2063
2071,2019
2082,2025
2075,2078
2093,2069
2083,2055
2095,2077
2092,2023
2104,2064
2108,2035
2104,2013
2107,2037
2115,2051
2108,2059
2114,2025
2123,2046
2108,2063
2107,2040
2117,2011
2115,2046
2114,2055
2108,2048
2115,2053
2091,2036
2103,2068
2096,2046
2091,2055
2089,2003
2092,2071
2081,2044
2069,2024
2080,2054
2079,2078
2065,2053
2066,2077
2057,2067
2056,2028
2043,2025
2037,2015
2027,2073
2030,2045
2029,2027
2021,2074
2021,2023
2008,2058
2003,2041
2009,2041
2008,2022
2000,2015
2003,2076
2001,2063
1996,2058
1999,2057
1993,2056
1987,2068
1993,2075
1989,2054
1992,2066
1991,2068
1993,2019
1996,2068
1999,2069
1995,2054
2003,2042
2001,2056
2003,2044
2008,2045
2002,2063
2015,2068
2008,2063
2016,2067
2016,2027
2025,2059
2026,2063
2037,2015
2035,2052
2039,2053
2043,2009
2048,2038
2041,2037
2053,2076
2068,2036
2071,2063
2071,2045
2076,2009
2076,2062
2080,2041
2089,2071
2091,2034
2088,2025
2098,2025
2096,2060
2091,2033
2098,2033
2105,2009
2097,2068
2105,2024
2110,2048
2099,2068
2108,2072
2104,2017
2096,2005
2101,2064
2093,2022
2084,2058
2093,2043
2083,2023
2083,2025
2077,2036
2073,2071
2074,2063
2072,2068
2071,2080
2061,2063
2060,2071
2056,2037
2044,2041
2037,2075
2033,2021
2021,2058
2015,2063
2019,2035
2013,2073
2003,2061
2000,2073
2003,2019
1995,2052
1984,2030
1983,2073
1971,2015
1975,2071
1971,2041
1968,2035
1961,2026
1963,2047
1963,2067
1965,2043
1965,2007
1963,2036
1967,2079
1954,2040
1966,2042
1965,2065
1963,2055
1966,2017
1968,2057
1976,2066
1973,2043
1977,2065
1988,2065
1990,2060
1991,2067
1995,2033
1993,2057
2008,2007
2008,2071
2012,1995
2009,2056
2023,2043
2023,2036
2032,2040
2039,2026
2047,2027
2041,2035
2068,2068
2068,2028
2063,2027
2081,2065
2075,2038
2085,2068
2087,2033
2096,2037
2098,2067
2106,2011
2108,2030
2115,2069
2112,2059
2106,2015
2120,2040
2120,2013
2118,2005
2128,2025
2120,2011
2129,2039
2131,2021
2127,2027
2131,2069
2129,2047
2127,2039
2121,2089
2122,2048
2112,2030
2108,2035
2107,2019
2105,2063
2096,2047
2091,2053
2096,2054
2091,2043
2087,2025
2083,2056
2075,2011
2072,2088
2063,2028
2065,2009
2060,2037
2051,2063
2039,2021
2027,2096
2026,2059
2029,2064
2020,2005
2011,2017
2013,2071
2005,2032
1993,2036
1998,2011
2000,2003
1996,2088
1993,2065
1996,2066
1984,2013
1991,2064
1989,2038
1987,2041
1997,2072
1979,2056
1992,2042
1995,2025
2002,2042
1995,2041
1991,2019
2000,1995
2008,2011
2009,2011
2011,2067
2015,2067
2015,2025
2019,2041
2029,2057
2027,2040
2041,2015
2040,2052
2048,2048
2056,2059
2057,2058
2066,2040
2074,2071
2069,2033
2079,2064
2081,2037
2093,2038
2088,2039
2104,2040
2104,2063
2110,2019
2114,2041
2120,2044
2125,2021
2128,2029
2135,2065
2139,2074
2145,2028
2139,2048
2140,2015
2148,2048
2143,2017
2137,2066
2148,2025
2151,2029
2147,2058
2135,2063
2137,2072
2135,2073
2137,2039
2129,2089
2133,2045
2125,2019
2124,2063
2120,2041
2120,2019
2111,2071
2101,2053
2091,2037
2096,2035
2087,2063
2088,2024
2085,2006
2077,2027
2067,2073
2068,2099
2068,2055
2056,2019
2053,2047
2041,2043
2033,2015
2035,2039
2033,2041
2029,2022
2028,2063
2032,2029
2031,2037
2027,2023
2029,2066
2023,2003
2031,2017
2039,2023
2030,2067
2036,2056
2031,2037
2037,2053
2033,2036
2037,2040
2040,2040
2033,2027
2035,1991
2044,2072
2041,2026
2044,2044
2053,2087
2048,2032
2055,2059
2053,1996
2068,2074
2072,2072
2075,2011
2087,2071
2088,2070
2089,2039
2088,2032
2107,2056
2110,2043
2107,2039
2124,2040
2117,2034
2125,2055
2135,2045
2135,2053
2143,2026
2144,2054
2144,2033
2146,2039
2149,2009
2150,2056
2151,2041
2159,2069
2156,2019
2163,2009
2151,2025
2163,2014
2155,2017
2160,2055
2155,2093
2155,2063
2155,2023
2151,2059
2151,2052
2152,2058
2146,2058
2143,2041
2140,2029
2129,2011
2128,2025
2123,2076
2112,2053
2107,2065
2104,2078
2091,2046
2088,2027
2083,2056
2077,2010
2081,2035
2063,2068
2052,2063
2051,2051
2057,2087
2037,2028
2037,2059
2041,2048
2030,2052
2036,2012
2030,2073
2024,2058
2025,2060
2005,2040
2012,2104
2013,2080
2003,2063
2001,2044
2000,1989
1997,2028
1988,2059
1990,2035
1981,2056
1983,2073
1978,2071
1980,2044
1992,2031
1997,2051
1995,2067
1999,2045
1995,2028
2011,2070
2015,2031
2003,2017
2028,2019
2021,2031
2037,2063
2028,2064
2029,2043
2033,2023
2033,2043
2043,1991
2044,2009
2043,1992
2064,2038
2068,2068
2071,2023
2084,2062
2083,2015
2097,2071
2100,2064
2107,2068
2108,2040
2123,2032
2130,2065
2125,2091
2136,2073
2135,1977
2141,2063
2151,2021
2144,1995
2148,1992
2143,1995
2133,2039
2148,2095
2145,2069
2153,2042
2139,2044
2140,2044
2136,2033
2135,2030
2140,2029
2135,1997
2131,2068
2135,2066
2131,2045
2139,2019
2135,2075
2133,2037
2135,2070
2127,2024
2128,2035
2117,2029
2116,2031
2112,2079
2108,2088
2103,2005
2100,2007
2092,2066
2083,2048
2085,2040
2077,2031
2076,2059
2067,2057
2071,2065
2061,2056
2059,2019
2045,2043
2048,2021
2041,2068
2041,2039
2051,2029
2036,2093
2037,2079
2043,2043
2035,2037
2035,2048
2040,2014
2040,2011
2041,2065
2039,2053
2046,2055
2040,2030
2037,2009
2037,1975
2048,2028
2045,2035
2043,2068
2060,2037
2067,2071
2065,2072
2074,2029
2080,2063
2077,2055
2081,2053
2093,2043
2097,2011
2111,2041
2115,2070
2123,2063
2124,2001
2131,2043
2132,2057
2137,2063
2144,1997
2135,1976
2144,2032
2143,2068
2157,2117
2161,2065
2153,2060
2168,1989
2167,1996
2173,2074
2191,2087
2176,1999
2181,1991
2181,1995
2199,2033
2184,2063
2181,2064
2189,2071
2192,2033
2189,2027
2191,2077
2184,1945
2181,1927
2164,1989
2165,2083
2161,2077
2161,2088
2165,2045
2159,2008
2156,2029
2153,2043
2145,2088
2147,2073
2144,2080
2137,2032
2141,2065
2143,2064
2140,2075
2125,2036
2118,1943
2117,2016
2099,2111
2104,2097
2100,2021
2092,2063
2085,2039
2071,2081
2067,2063
2063,1995
2071,2000
2068,1952
2043,2033
2065,2071
2066,2085
2060,2039
2071,1999
2063,2009
2056,2026
2068,2025
2057,2036
2065,2036
2073,2025
2067,2091
2081,2121
2086,2085
2084,1993
2086,2013
2095,1998
2096,2095
2097,2055
2094,2034
2108,1995
2117,2033
2117,2058
2122,1981
2131,1924
2135,1955
2137,1916
2141,1979
2158,2100
2157,2056
2165,1989
2161,2001
2170,2067
2187,2075
2187,2054
2192,2007
2196,2020
2207,2039
2201,2079
2212,2136
2209,2022
2216,1975
2219,2005
2225,2071
2217,2063
2229,2056
2221,2017
2226,1969
2232,1994
2224,2033
2219,2091
2225,2085
2219,2028
2213,2053
2224,2077
2219,2035
2205,2034
2211,2032
2216,2016
2202,2079
2200,2077
2188,2158
2204,2080
2187,1984
2183,1928
2171,1979
2172,2063
2159,2067
2157,2040
2141,2063
2154,2117
2137,2074
2129,2092
2137,2003
2125,1923
2129,1965
2123,2072
2119,2021
2107,2112
2107,2107
2101,2108
2100,2024
2099,2063
2096,2063
2091,2083
2105,1935
2091,1896
2097,2123
2096,2195
2092,2232
2091,2047
2096,1956
2104,2007
2089,2104
2099,1989
2104,1975
2112,1942
2110,1990
2120,2104
2128,2043
2132,2016
2137,1891
2137,1956
2145,2076
2137,2195
2156,2104
2160,1902
2155,1946
2165,2001
2167,2063
2171,2136
2173,2075
2195,1995
2185,1991
2200,2130
2203,2203
2201,2099
2208,1825
2221,1864
2228,1902
2228,2071
2237,2127
2229,2163
2248,1916
2256,1863
2247,1918
2250,2002
2259,2010
2257,2023
2257,2088
2259,2159
2260,2215
2265,2184
2259,2139
2257,2060
2258,1977
2256,1873
2248,1972
2249,1911
2233,1928
2240,1984
2229,2075
2228,2115
2225,2217
2229,2229
2215,2204
2223,2099
2217,1891
2204,1904
2210,1849
2183,1930
2191,2077
2173,2063
2172,2063
2172,2119
2170,2237
2163,2022
2164,1975
2153,1963
2132,2010
2135,2009
2134,2087
2133,2157
2123,2077
2115,2114
2104,2078
2109,2083
2112,2105
2106,2153
2104,2012
2099,2025
2095,2071
2094,1954
2104,2128
2107,2128
2091,2165
2100,2056
2088,2089
2108,2014
2103,2038
2097,2071
2103,2043
2116,1975
2107,2047
2105,2128
2106,1957
2124,2135
2112,2144
2129,2069
2133,2053
2124,1915
2136,1887
2139,1957
2159,1827
2148,1792
2161,1775
2161,1937
2151,2053
2175,2325
2168,2316
2176,2232
2181,2185
2175,2144
2176,2161
2176,2027
2181,1893
2171,1945
2185,1975
2187,2032
2193,2004
2201,2059
2210,2074
2199,2012
2200,2093
2209,2020
2202,1918
2199,1912
2196,1964
2193,1799
2211,1933
2203,1882
2203,1987
2209,1987
2206,2064
2213,2042
2208,2315
2200,2155
2201,2040
2196,2039
2198,1941
2205,2005
2188,2176
2187,2119
2190,2115
2183,2136
2187,2044
2165,2193
2166,2107
2175,2123
2171,2079
2158,1881
2157,2109
2141,2149
2133,1912
2141,1869
2131,1846
2131,1918
2120,2149
2112,2155
2124,2240
2087,2365
2097,2232
2101,2063
2096,1943
2101,1701
2087,1773
2073,2007
2104,1961
2077,2087
2085,2104
2094,2027
2073,2152
2089,2076
2092,2201
2079,2151
2087,1860
2089,1776
2091,1867
2099,2028
2090,2151
2091,2069
2103,2097
2096,2184
2099,1951
2107,1961
2101,2031
2101,2066
2115,2193
2116,2245
2126,2147
2124,2124
2117,2039
2131,1976
2140,2073
2138,1952
2147,1915
2154,2016
2157,2088
2159,2117
2173,2084
2165,2027
2169,2063
2199,1897
2186,2003
2196,2031
2205,2200
2203,2196
2193,2091
2209,1932
2201,2071
2196,2034
2210,1941
2209,2176
2208,2008
2191,2028
2206,2156
2203,2152
2199,2141
2199,2152
2181,2071
2200,1991
2171,1964
2181,1951
2173,2041
2163,2095
2168,1948
2163,2028
2157,2048
2157,2091
2146,2123
2141,2259
2139,2199
2124,2039
2121,1884
2105,1776
2096,1873
2088,1835
2075,1975
2075,2045
2067,2069
2070,2019
2047,2077
2040,2071
2031,2167
2039,2076
2020,2074
2023,2033
2029,2120
2017,1961
2011,1953
2019,1907
2012,1841
2024,1925
2009,1867
2015,2072
2009,2115
2004,2056
2023,2240
2009,2212
2022,2179
2029,2135
2032,1989
2021,2080
2028,1925
2041,1999
2035,2001
2043,2296
2063,2155
2037,2101
2071,1958
2063,1977
2063,2118
2081,2133
2080,1908
2080,1927
2098,1927
2098,2092
2104,2235
2131,2039
2111,2091
2123,2194
2143,2101
2123,2136
2147,2006
2137,1861
2139,1841
2162,1841
2152,2022
2170,2077
2165,1940
2173,2070
2173,1979
2174,2052
2184,2157
2164,2081
2182,2115
2176,2140
2180,2143
2184,2069
2169,1944
2176,1931
2161,1960
2164,2004
2180,2189
2144,2164
2163,2052
2151,1808
2140,1779
2148,2067
2123,2137
2125,2204
2117,2135
2105,1939
2105,1945
2101,1996
2095,2045
2083,2229
2075,2160
2063,2113
2072,2009
2065,1980
2044,1975
2057,1981
2023,2157
2027,2091
2027,2187
2011,2107
2016,2142
2017,2003
2005,2141
2019,2217
1998,2243
2010,2057
2010,2017
1999,1789
2007,1984
2010,2172
2000,2340
2003,2276
1995,2074
2008,1937
2016,1860
2007,1867
2016,2088
2016,2007
2016,1915
2035,1633
2020,1593
2029,1901
2041,2323
2034,2381
2045,2446
2061,2184
2040,2133
2059,2235
2063,2117
2039,1837
2065,1823
2069,1892
2065,1789
2092,1881
2075,1901
2091,1980
2089,2317
2093,2465
2107,2571
2103,2235
2112,1951
2123,1813
2103,1828
2131,1969
2124,2160
2117,2058
2123,1915
2117,1992
2123,2147
2131,2279
2115,2249
2120,2091
2130,2054
2104,1975
2106,1931
2111,2063
2096,2047
2092,1957
2096,1920
2091,1963
2091,2172
2086,2246
2079,2189
2076,2303
2067,2156
2067,1947
2039,1819
2059,1861
2056,2152
2033,2404
2029,2327
2027,2063
2013,1869
2013,1671
1999,1573
1995,1617
2001,1991
1983,2163
1977,2267
1975,2087
1971,2019
1966,1830
1961,1865
1964,1949
1968,2150
1944,2195
1949,2156
1952,2125
1943,2015
1948,1884
1947,1975
1929,2145
1949,2263
1944,2344
1936,2345
1944,2376
1943,2406
1944,1981
1947,1699
1943,1655
1948,1843
1947,1856
1951,1744
1960,1784
1956,1968
1951,2063
1960,1966
1968,1989
1965,2029
1977,2109
1981,2068
1984,2121
2004,2149
2003,2024
1996,1633
2015,1499
2007,1520
2008,1812
2035,2220
2024,2447
2031,2408
2037,2377
2035,2269
2044,2040
2058,1860
2044,1939
2059,1917
2063,2092
2057,2041
2063,1904
2072,1755
2072,1795
2081,1815
2079,1963
2075,2066
2084,1990
2079,1991
2077,2034
2079,1825
2079,1960
2073,2107
2071,2213
2072,2248
2071,2211
2068,2087
2071,2106
2043,2103
2041,2067
2051,1957
2040,2041
2040,1992
2040,1946
2024,1972
2033,1980
2032,2011
2022,2027
2015,2079
2015,2090
2011,2143
2017,2104
1994,2099
1998,2063
1995,2035
1995,2027
1987,1997
1979,2040
1977,2067
1981,2055
1971,2037
1966,2057
1971,2016
1966,2002
1970,2032
1975,2022
1962,2073
1959,2039
1960,2043
1957,2052
1960,2008
1961,2063
1966,2027
1966,2007
1969,2030
1978,2063
1976,2015
1984,2056
1980,2019
1989,2001
1984,2032
1989,2043
1987,2015
1991,2043
2001,2068
2001,2042
2008,2019
2008,2030
2003,2029
2011,2035
2015,2057
2011,2034
2011,2080
2025,2036
2028,2045
2027,2053
2032,2042
2032,2054
2033,2055
2043,2023
2041,2051
2045,2068
2052,2046
2063,2040
2045,2011
2056,2056
2056,2037
2063,2041
2064,2063
2065,2063
2062,2072
2064,2073
2054,2039
2067,2027
2044,2025
2058,2079
2043,2027
2056,2035
2036,2072
2039,2071
2033,2017
2026,2027
2028,2024
2024,2009
2019,2048
2009,2047
2012,2091
2010,2015
2001,2074
1996,2043
1991,2065
1984,2063
1984,2007
1971,2043
1975,2040
1961,2042
1955,2027
1955,2027
1945,2081
1948,2072
1949,2074
1935,2056
1947,2069
1940,2013
1927,2043
1933,2023
1928,2080
1936,2026
1937,2073
1931,2058
1928,2060
1920,2027
1925,2025
1928,2053
1917,2045
1920,2047
1923,2075
1924,2056
1917,2042
1923,2034
1935,2035
1935,2054
1937,2078
1945,2005
1941,2031
1949,1995
1947,2023
1960,2035
1966,2074
1969,2055
1973,2073
1985,2069
1979,2033
1981,2055
2002,2023
2008,2039
2007,2019
2020,2064
2022,2058
2016,2080
2021,2052
2038,2074
2047,2069
2043,2015
2043,2019
2055,2056
2071,2073
2057,2063
2074,2066
2083,2063
2088,2045
2092,2019
2083,2068
2091,2034
2108,2064
2091,2008
2099,2053
2099,2019
2106,2025
2101,2053
2104,2009
2104,2072
2102,2038
2100,2071
2095,2072
2091,2063
2092,2019
2082,2057
2083,2035