2025,2041
2038,2071
2041,2040
2055,2025
2063,2025
2053,2037
2065,2038
2073,2072
2079,2075
2084,2044
2077,2020
2085,2071
2096,2048
2104,2008
2104,2029
2103,2072
2103,2077
2110,2035
2117,2048
2117,2024
2120,2044
2119,2063
2124,2071
2119,2063
2114,2043
2109,2029
2122,2018
2113,2041
2116,2043
2107,2061
2104,2056
2095,2039
2106,2021
2099,2072
2093,2032
2095,2020
2088,2019
2088,2031
2084,2056
2084,2037
2067,2076
2067,2048
2070,2008
2063,2080
2047,2080
2046,2023
2039,2043
2029,2035
2033,2025
2028,2064
2014,2044
2012,2023
2013,2063
2007,2058
2001,2018
1991,2072
1987,1992
1988,2048
1989,2060
1980,2087
1981,2067
1976,2053
1987,2057
1979,2072
1976,2039
1981,2027
1975,2064
1978,2017
1982,2044
1987,2053
1979,2005
1992,2005
1996,2021
1989,2020
2001,2060
1999,2033
1997,1995
2010,2027
2009,2043
2011,2057
2019,2005
2025,2080
2036,2039
2040,2036
2035,2064
2053,2039
2055,2024
2057,2064
2079,2005
2072,2060
2082,2023
2083,2064
2091,2025
2096,2041
2104,2037
2111,2043
2123,2040
2121,2021
2131,2055
2133,2067
2135,2027
2140,2037
2143,2011
2144,2072
2159,2053
2151,2055
2160,2055
2163,2008
2160,2056
2160,2019
2157,2038
2156,2054
2149,2041
2151,2071
2155,2017
2146,2026
2149,2042
2139,2044
2138,2065
2130,2069
2128,2007
2115,2040
2113,2063
2110,2046
2101,2043
2089,2037
2095,2038
2091,2040
2079,2058
2073,2011
2065,2066
2063,2052
2040,2056
2042,2059
2021,2063
2025,2056
2023,2056
2019,2019
2012,2059
2001,2048
2000,2043
1995,2033
1999,2041
1993,2071
1992,2012
1979,2063
1983,2035
1965,2056
1973,2039
1976,2062
1973,2063
1971,2005
1968,2067
1972,2080
1972,2011
1976,2079
1978,2005
1971,2083
1975,2021
1979,2068
1977,2063
1990,1997
1989,2067
1999,2001
2008,2060
1997,2071
2007,2075
2016,2039
2024,2084
2026,2017
2032,2029
2031,2056
2045,2060
2054,2018
2060,2067
2063,2040
2071,2023
2071,2043
2075,2067
2088,2039
2096,2030
2099,2021
2103,2055
2104,2037
2112,2063
2111,2075
2105,2044
2104,2033
2124,2067
2107,2021
2124,2032
2126,2064
2128,2003
2127,2043
2123,2071
2123,2063
2120,2063
2121,2070
2109,2072
2117,2040
2112,2068
2103,2038
2099,2059
2087,2062
2096,2060
2085,2044
2079,2033
2077,2065
2074,2039
2071,2024
2069,2051
2055,2029
2048,2040
2041,2043
2040,2042
2030,2003
2024,2017
2017,2055
2017,2027
2018,2025
2001,2041
2007,2029
2003,2071
1998,2026
1989,2039
1991,2039
1988,2033
1977,2043
1984,2077
1979,2020
1977,2035
1975,2072
1979,2063
1975,2079
1977,2041
1977,2057
1984,2076
1981,2064
1992,2063
1990,2023
1993,2029
1993,2043
1999,2005
2000,2053
2008,2023
2007,2036
2011,2007
2020,2031
2022,2051
2035,2056
2032,2059
2039,2019
2040,2041
2059,2042
2067,2039
2068,2036
2073,2035
2079,2064
2077,2027
2081,2025
2091,2011
2096,2007
2091,2063
2101,2040
2107,2035
2104,2013
2103,2036
2111,2068
2115,2047
2109,2005
2121,2044
2127,2047
2119,2029
2120,2060
2115,2029
2123,2063
2121,2052
2125,2019
2112,2063
2120,2033
2109,2068
2103,2067
2101,2032
2093,2072
2099,2061
2088,2038
2084,2071
2076,2059
2072,2026
2071,2011
2063,2039
2059,2035
2047,2054
2044,2055
2040,2056
2036,2059
2032,1992
2024,2017
2016,2033
2020,2040
2003,2037
1995,2069
1996,2068
1994,2011
1989,2059
1983,2074
1975,2004
1971,2019
1959,2055
1957,2026
1959,2064
1955,2048
1952,2046
1959,2023
1947,2071
1959,2065
1959,2063
1956,2068
1957,2008
1960,2039
1947,2022
1961,2067
1965,2029
1957,2045
1965,2065
1970,2035
1971,2064
1971,2063
1975,2071
1979,2053
1985,2066
1995,2063
2003,2067
2008,2025
2011,2033
2019,2021
2027,2029
2028,2043
2032,2023
2034,2063
2046,2075
2054,2040
2057,2017
2065,2035
2073,2060
2076,2019
2078,2039
2085,2036
2093,2033
2099,2009
2099,2039
2103,1995
2108,2067
2112,2044
2125,2060
2135,2035
2137,2066
2135,2075
2131,2064
2140,2058
2138,2080
2144,2027
2147,2080
2148,2025
2135,2023
2136,2055
2141,2074
2146,2056
2137,2075
2143,2073
2139,2004
2123,2066
2131,2041
2130,2037
2126,2040
2125,2021
2116,2057
2116,1997
2116,2011
2107,2036
2104,2073
2096,2074
2086,2019
2088,2023
2079,2023
2073,2044
2076,2048
2065,2056
2069,2044
2045,2040
2063,2058
2044,2068
2042,2063
2040,2091
2040,2021
2032,2025
2030,2071
2029,2034
2025,2052
2023,2059
2027,1997
2017,2054
2015,2056
2021,2029
2021,2042
2019,2013
2016,2044
2020,2022
2018,2023
2011,2029
2024,2028
2021,2063
2029,2025
2031,2068
2028,2047
2031,2054
2037,2078
2037,2023
2037,2070
2048,2012
2053,2017
2061,2021
2056,2007
2066,2017
2065,2055
2068,2013
2072,2076
2083,2026
2080,2025
2085,2068
2086,2017
2083,2066
2085,2036
2104,2037
2103,2005
2100,2056
2101,2066
2109,2040
2117,2056
2105,2056
2113,2043
2108,2011
2121,2058
2113,2045
2112,2061
2112,2017
2111,2011
2105,1999
2112,2035
2096,2032
2103,2011
2092,2043
2096,2048
2093,2021
2091,2020
2089,2043
2087,2019
2071,2019
2073,2055
2063,2008
2063,2019
2065,2033
2056,2033
2055,2043
2040,2066
2036,2030
2021,2056
2023,2008
2014,2043
2001,2073
2004,2021
2000,2017
1991,2020
1971,2080
1983,2031
1975,2064
1973,2011
1970,2029
1959,2069
1961,2056
1968,2009
1963,2080
1959,2040
1959,2047
1955,2008
1951,2048
1957,2023
1952,2011
1956,2080
1959,2007
1953,2026
1960,2074
1960,2038
1966,2078
1965,2027
1973,2035
1969,2053
1973,2080
1976,2046
1987,2063
1995,2044
2000,2075
2007,2008
2007,2057
2016,2065
2020,2017
2015,2056
2027,2054
2033,2067
2036,2039
2042,2063
2053,2066
2057,2026
2071,2044
2071,2053
2087,2040
2088,2056
2094,2003
2097,2036
2104,2060
2103,2066
2103,2055
2120,2079
2119,2046
2125,2060
2125,2027
2121,2022
2139,2021
2127,2035
2138,2005
2135,2027
2133,2009
2128,2019
2121,2063
2123,2048
2128,2060
2131,2013
2123,2039
2123,2024
2115,2044
2107,2068
2108,1979
2099,2031
2096,2063
2095,2058
2088,2041
2074,2057
2079,2063
2072,2057
2063,2048
2063,2035
2052,2063
2056,2057
2035,1976
2038,2036
2033,2015
2019,2072
2016,2042
2014,2033
2001,2043
2005,2011
2002,2041
2001,2075
1994,2021
1990,2041
1988,2057
1978,2039
1983,2063
1973,2077
1981,2008
1977,2059
1975,2029
1979,2064
1975,2053
1975,2063
1977,2072
1983,2024
1984,1997
1991,2039
1992,2040
1989,2035
1993,2035
2002,2022
2007,2011
2004,2017
2019,2013
2009,2038
2023,2011
2028,2039
2029,2008
2033,2053
2057,2063
2058,2039
2062,2063
2054,2029
2069,2028
2071,2010
2085,2042
2089,2035
2093,2033
2093,2063
2097,2037
2110,2033
2107,2033
2115,2053
2121,2056
2119,2059
2120,2093
2122,2036
2129,2071
2134,2058
2131,2028
2120,2043
2127,2035
2121,2070
2135,2060
2128,2054
2123,2063
2127,2035
2125,2028
2120,2060
2117,2008
2104,2072
2101,2068
2094,2007
2088,2037
2094,2043
2088,2045
2081,2044
2079,2025
2076,2027
2065,2075
2063,2007
2057,2057
2042,2065
2033,2033
2033,2080
2027,2080
2021,2041
2011,2033
2019,2048
2009,2067
2009,2063
2001,2052
1995,2035
1989,2040
1987,2048
1991,2029
1984,2027
1979,2024
1988,2039
1977,2025
1979,2074
1981,2063
1977,2054
1976,2065
1983,2043
1981,2011
1981,2035
1987,2009
1981,2070
1995,2059
2000,2079
2004,2039
2011,2019
2002,2023
2005,2044
2016,2055
2029,2024
2023,2025
2027,2079
2035,2042
2039,2073
2059,2047
2063,2029
2068,2017
2074,2037
2082,2015
2088,2017
2095,2028
2095,2017
2105,2015
2099,2022
2105,2041
2116,2040
2122,2032
2130,2001
2127,2009
2135,2044
2139,2029
2140,2030
2152,2015
2147,2072
2154,2040
2157,2056
2153,2061
2159,2063
2152,2040
2155,2040
2151,2011
2157,2055
2159,2024
2158,2043
2152,2036
2150,2044
2137,2063
2141,2001
2138,1993
2138,2023
2132,2059
2129,2021
2116,2011
2107,2021
2111,2043
2103,2063
2104,2074
2103,2055
2076,2035
2079,2057
2075,2021
2067,2043
2071,2068
2063,1995
2043,2024
2040,2028
2031,2019
2033,2039
2031,2063
2027,2015
2011,2041
2012,2055
2017,2009
2008,2028
1997,2044
2001,2029
2003,2067
2003,2076
1999,2052
1995,2079
1994,2038
1988,2020
1996,2058
1996,2053
1991,2071
1996,2043
2001,2040
1996,2080
2003,2076
2004,1995
2010,2040
2009,2003
2008,2011
2007,2019
2023,2035
2029,2029
2022,2029
2031,2066
2028,2069
2037,2059
2037,2080
2055,2040
2046,2061
2063,2063
2057,2043
2072,2021
2067,2042
2071,2039
2088,2082
2080,2007
2091,2036
2096,1966
2099,2039
2108,2105
2103,2071
2104,2013
2112,2039
2117,2057
2121,2064
2117,2029
2129,2117
2132,2068
2136,2021
2132,2033
2132,2063
2139,2069
2137,2003
2142,2059
2147,2033
2139,2047
2148,2034
2147,2024
2148,2040
2148,2037
2139,2048
2144,2010
2141,2028
2136,2023
2129,2048
2125,2031
2123,2072
2117,2047
2116,2001
2100,2019
2084,2056
2087,2068
2080,2041
2071,2089
2077,2021
2071,2059
2063,2063
2060,2015
2063,2027
2057,2060
2055,2060
2046,2025
2045,2063
2043,2008
2031,2022
2032,2064
2026,2037
2019,2055
2015,2053
2023,2003
2015,2033
2012,2019
2016,2019
2011,2029
2005,2043
2003,2015
2003,2037
2012,2028
2013,2069
2007,2023
2011,2003
2018,1992
2024,2039
2023,2040
2017,2063
2026,2069
2028,2047
2030,2075
2038,2039
2029,2053
2037,2040
2035,2058
2057,2072
2063,2063
2056,2039
2067,2017
2068,2015
2072,2009
2072,2038
2075,2019
2080,2002
2084,2037
2087,2037
2094,1995
2099,2062
2102,2019
2103,2055
2109,2065
2121,2065
2130,2007
2127,2075
2135,2043
2137,2063
2139,1991
2137,2021
2137,2056
2148,2029
2142,2039
2135,2001
2136,2047
2132,2005
2129,2066
2121,2007
2118,2045
2112,2017
2103,2080
2104,2007
2097,2063
2102,2059
2095,2033
2087,2032
2090,2046
2087,2045
2083,2035
2077,2055
2080,2089
2078,2042
2073,2042
2071,2060
2063,2089
2066,2028
2055,2080
2041,2071
2035,2019
2027,2065
2029,2011
2025,2030
2028,2056
2019,2071
2023,2064
2015,2069
2024,2054
2024,2029
2024,2030
2024,2071
2026,2007
2015,2008
2023,2037
2023,2030
2035,2067
2041,2079
2033,2020
2035,2033
2029,2048
2040,2063
2047,2070
2043,2038
2043,2048
2055,2077
2053,2080
2056,2053
2063,2058
2065,2071
2067,2060
2071,2045
2080,2011
2080,2042
2085,2064
2100,2065
2093,2031
2113,2070
2124,2032
2122,2068
2127,2064
2131,2059
2143,2017
2141,2025
2147,2041
2143,2069
2150,2053
2155,2009
2153,2003
2149,2018
2149,2015
2165,2048
2171,2035
2169,2084
2162,2051
2167,2077
2163,2019
2169,2019
2155,2005
2155,2043
2141,2041
2156,2071
2148,2025
2151,2036
2150,2020
2143,2033
2143,2087
2136,2029
2128,2080
2117,2063
2120,2080
2112,2007
2112,2025
2115,2031
2100,2043
2098,2080
2093,2053
2086,2007
2071,2043
2068,2064
2075,2038
2063,1997
2063,2032
2069,2005
2063,2041
2060,2035
2041,2054
2052,2033
2045,2043
2059,2083
2056,2068
2056,2041
2057,2072
2043,2039
2053,2034
2060,2027
2037,2040
2058,2069
2056,2019
2048,2084
2043,2039
2053,2063
2056,1967
2064,2041
2072,2010
2071,2033
2075,2053
2087,2065
2085,2080
2089,2011
2097,2068
2103,2074
2115,2060
2119,2029
2113,2001
2104,1992
2121,2026
2136,2023
2141,2036
2143,2025
2148,2043
2155,2053
2158,2072
2168,2072
2172,2071
2167,2073
2182,2029
2189,2026
2197,1979
2196,1997
2204,2066
2193,2037
2211,2053
2213,2068
2213,2066
2213,2075
2214,2029
2215,2037
2208,2000
2212,2035
2214,2071
2211,2063
2200,2015
2208,2009
2198,2082
2196,2131
2197,2063
2200,2019
2197,2007
2191,2028
2195,1991
2185,2043
2184,2037
2176,2010
2167,2080
2172,2088
2155,2075
2160,2086
2155,2007
2147,2020
2147,1971
2141,1996
2136,1997
2128,2017
2123,2086
2124,2084
2120,2103
2112,2090
2110,2084
2109,2011
2107,2101
2098,2096
2099,1989
2092,2015
2095,1989
2091,2029
2082,2074
2083,2015
2082,2001
2083,2017
2088,2040
2089,2056
2088,2023
2087,2104
2092,2088
2083,2040
2089,2076
2104,2065
2104,2042
2105,1997
2104,1987
2109,1999
2105,2020
2115,1956
2122,1981
2125,2011
2123,2096
2136,2080
2137,1965
2145,2029
2148,2040
2153,2075
2152,2060
2168,2079
2174,2064
2175,2018
2190,2054
2192,2030
2198,2060
2208,2090
2203,2015
2209,2061
2213,2029
2222,2102
2221,2112
2217,2062
2221,2068
2227,2067
2227,2027
2221,2009
2232,2079
2229,2080
2232,2015
2231,2040
2240,2069
2225,2023
2239,2021
2238,1953
2216,2057
2228,2068
2217,1999
2217,2061
2219,2105
2212,2003
2216,2028
2205,2129
2207,2142
2197,2153
2200,2152
2193,2161
2191,2104
2172,2010
2181,2032
2174,2025
2165,2001
2160,1951
2159,2044
2141,1985
2143,2029
2142,2109
2130,2159
2132,2103
2123,2120
2123,2039
2116,2043
2104,2088
2102,2025
2103,1979
2093,2079
2104,2171
2100,2105
2096,2009
2092,1992
2085,2007
2090,2045
2089,2106
2088,2111
2085,2074
2089,1999
2097,2023
2101,2075
2100,2090
2099,2024
2105,2043
2099,1969
2116,2007
2115,2003
2120,2007
2121,2076
2127,2147
2137,2190
2135,2188
2137,2152
2155,2088
2143,2040
2158,2012
2155,1932
2164,1920
2175,1992
2168,2016
2168,2033
2179,2063
2174,2135
2184,2183
2191,2087
2200,2007
2197,1989
2202,2080
2199,2157
2208,2121
2207,2006
2215,2007
2217,2083
2216,2151
2213,2036
2216,2023
2215,2045
2205,1993
2215,2041
2214,2099
2200,2094
2212,2013
2195,2087
2208,2091
2195,2057
2192,2147
2192,2184
2180,2184
2174,1979
2176,1954
2169,1971
2157,2174
2158,2025
2144,2080
2156,2084
2137,1989
2137,2118
2137,1943
2118,2203
2125,2196
2107,2076
2112,2032
2091,2056
2100,1994
2093,1976
2080,2091
2082,2041
2074,2088
2063,2110
2053,2131
2054,2107
2056,2185
2033,2187
2041,2056
2057,2103
2039,2043
2027,2099
2029,2097
2025,1916
2031,1795
2031,1976
2021,2056
2028,2069
2027,1937
2029,1901
2031,2151
2029,2156
2038,2127
2032,2077
2037,1995
2043,1963
2040,2005
2029,1953
2039,2091
2055,2071
2044,2040
2067,2143
2057,1975
2065,1992
2072,2061
2073,2035
2091,1896
2091,1965
2087,1953
2112,2181
2100,2104
2126,2067
2131,2119
2127,2083
2135,1977
2140,2063
2144,2038
2168,2083
2157,2015
2167,1963
2184,2019
2175,2100
2195,2055
2200,2106
2191,2179
2201,2152
2205,2218
2207,2109
2208,1962
2201,1985
2219,2071
2201,2100
2211,2128
2205,2136
2205,2085
2209,2039
2202,2084
2205,2099
2195,1996
2202,2041
2200,1979
2200,1994
2191,1993
2185,2149
2187,2076
2173,2134
2188,1959
2168,2003
2161,1765
2155,1907
2153,1913
2149,2079
2148,2139
2136,2043
2144,2288
2128,2267
2112,2158
2121,2011
2106,2105
2110,2088
2097,2031
2084,2037
2091,2019
2085,2209
2071,2048
2072,2204
2081,2197
2058,2088
2071,1927
2056,2203
2043,2027
2071,2035
2053,1948
2056,1972
2039,2154
2045,2121
2053,1953
2043,2072
2063,2163
2042,2118
2066,2149
2065,2137
2063,1931
2063,2089
2065,2056
2088,2099
2088,2231
2080,1915
2104,1916
2083,1971
2101,2157
2107,1991
2107,2005
2129,1909
2119,2071
2140,1933
2133,1959
2144,1901
2143,1929
2137,1981
2152,2008
2149,2085
2159,1961
2157,2000
2168,2005
2157,2052
2169,2023
2165,2080
2165,2153
2179,2163
2173,2255
2167,2109
2171,2072
2168,1952
2161,1851
2167,1850
2158,1673
2160,1931
2144,2077
2159,2209
2145,2081
2124,2237
2140,2250
2129,2236
2120,2087
2119,1888
2117,1845
2111,1995
2105,2139
2083,2063
2093,2295
2077,2237
2068,2312
2072,2209
2044,2081
2047,2152
2068,2153
2044,2091
2022,2064
2053,1875
2017,1917
2028,2255
2025,2457
2019,2350
2014,1913
2024,1757
2013,1725
2015,1823
2009,2044
2008,2400
2015,2275
2002,2451
2015,2121
2014,1951
2005,1815
2012,1689
2016,1875
2019,2069
2023,2128
2019,2143
2036,1974
2038,2095
2041,2196
2044,2024
2063,1952
2069,2007
2070,1997
2082,2219
2073,2309
2075,2010
2104,1867
2102,1851
2121,1867
2105,1931
2121,1935
2129,1949
2128,2093
2147,1963
2156,1939
2155,1939
2145,2031
2160,2143
2154,2244
2161,2259
2167,2243
2168,2207
2192,1896
2180,1949
2179,1742
2189,1884
2183,2168
2173,2336
2199,2145
2184,2200
2183,2235
2184,2136
2184,2152
2184,2143
2174,2396
2179,2316
2167,2278
2171,1865
2153,1495
2160,1598
2149,2089
2139,2529
2144,2475
2134,2340
2132,1907
2127,1941
2124,1873
2115,1931
2107,1931
2103,1724
2104,1500
2090,1617
2096,1831
2079,2039
2072,1909
2079,1904
2064,1915
2070,2025
2060,2408
2044,2280
2037,2170
2037,2108
2033,2120
2028,2145
2027,2197
2029,2041
2016,1928
2030,1941
2027,1719
2026,1848
2013,2152
2029,2325
2015,2232
2014,2155
2016,2229
2027,2229
2016,2299
2013,2161
2019,1653
2020,1721
2016,1961
2024,2406
2024,2342
2030,1976
2035,1845
2035,1935
2043,2090
2040,1967
2044,2104
2046,2075
2043,2221
2055,2003
2039,1946
2045,1972
2060,2153
2052,2148
2068,2135
2062,2066
2059,2034
2065,1897
2066,1931
2068,1932
2075,1853
2063,1867
2075,2169
2075,2203
2072,2168
2076,2213
2067,2091
2071,1992
2077,1942
2071,1859
2069,1952
2076,2088
2073,2282
2067,2337
2071,2374
2065,2416
2063,2288
2063,2228
2068,2321
2052,2283
2053,2000
2043,1838
2039,1991
2045,2031
2033,2072
2028,2063
2023,2135
2012,2183
2013,2353
2009,2204
2005,1968
2003,1833
1991,2076
1993,2078
1991,2066
1985,2312
1990,2253
1965,2078
1968,1883
1971,1917
1959,2112
1960,2026
1951,1868
1954,1590
1949,1597
1944,1681
1938,2007
1938,2090
1937,2181
1932,2280
1933,2083
1917,2081
1920,2093
1927,2040
1915,1991
1924,1802
1912,1595
1915,1835
1917,2023
1925,2323
1924,2382
1933,2211
1934,2105
1942,2056
1947,2043
1939,2127
1952,2088
1961,1984
1957,1968
1975,1959
1976,2073
1971,2152
1982,2105
1995,2063
1996,2024
2010,1957
2018,2023
2025,2069
2036,2051
2051,2069
2051,2053
2068,2037
2070,2021
2066,2035
2071,2075
2080,2011
2088,2005
2098,2024
2106,2011
2108,2025
2104,2033
2126,2027
2128,2080
2123,2096
2133,2046
2134,2046
2136,2065
2144,2079
2136,1981
2148,1995
2143,2026
2146,2021
2140,2013
2139,2024
2139,2062
2135,2044
2129,2021
2119,2063
2116,2019
2116,2088
2103,2053
2100,2029
2085,2053
2090,2042
2087,2044
2083,2072
2072,2056
2058,2043
2061,2027
2037,2046
2038,2032
2024,1991
2024,2041
2019,2015
2005,2040
1997,2011
1991,2055
1988,2007
1974,2071
1976,2071
1963,2063
1968,2041
1953,2088
1957,2027
1951,2027
1947,2033
1948,2077
1939,2011
1931,2043
1936,2003
1939,2033
1932,2030
1931,2033
1927,2043
1917,2053
1936,2057
1931,2066
1931,2001
1936,2023
1933,2060
1913,1987
1937,2058
1943,2009
1939,2034
1949,2076
1958,2009
1961,2038
1952,2077
1962,2054
1969,2029
1973,2075
1966,2063
1979,2039
1984,2055
1993,2079
1996,2059
2000,2063
2005,2063
2004,2072
2005,2039
2007,2047
2011,2056
2019,2035
2017,2023
2023,2009
2025,2035
2040,2043
2037,2069
2041,2020
2041,2022
2039,1995
2041,2025
2034,2009
2036,2021
2041,2063
2040,2037
2041,2044
2035,2005
2035,2039
2025,2019
2030,2023
2024,2066
2021,2040
2023,2038
2017,2056
2016,2047
2020,2064
2005,2088
2008,2060
2000,2072
2001,2079
1997,2038
1976,2032
1982,2041
1972,2001
1974,2003
1971,2043
1955,2068
1961,2001
1957,2088
1950,2056
1952,2025
1945,2043
1944,2063
1927,2070
1936,2019
1927,2035
1931,2043
1926,2053
1935,2041
1933,2077
1928,2025
1937,2075
1916,2078
1925,2063
1933,2069
1941,2019
1940,1993
1928,2056
1939,2072
1939,2063
1943,2019
1955,2051
1960,2039
1960,2076
1963,2054
1971,2055
1969,2040
1975,2072
1982,2023
1977,2030
1991,2021
1989,2043
2000,2041
2005,2042
2003,2029
2017,2054
2030,2028
2033,2056
2038,2055
2039,2023
2042,2041
2056,2073
2063,2029
2070,2033
2075,2023
2079,2068
2088,2023
2079,2030
2094,2022
2090,2055
2100,2022
2099,2030
2103,2062
2103,2069
2101,2055
2105,2074
2112,2092
2103,2042
2108,2068
2105,2008
2105,2073
2108,2066
2095,2041
2100,2069
2110,1995
2104,2032
2100,2003
2085,1987
2088,2003
2073,2063
2073,2027
2073,2063
2070,2056
2059,2011
2043,2056
2040,2042
2029,2065
2031,2034
2019,2041
2011,2044
1997,2028
1995,2015
1997,2071
1984,2039
1974,2047
1974,2033
1961,2065
1949,2007
1949,2040
1948,2053
1943,2025
1935,2035
1928,2065
1926,2042
1916,2007
1910,2065
1915,2005
1909,2041
1912,2025
1906,2043
1903,2007
1896,2056
1893,2042
1897,2044
1890,2007
1896,2043
1889,2070
1901,2037
1891,2027
1899,2037
1907,2029
1908,2044
1901,2004
1906,2063
1907,2057
1925,2057
1923,2064
1928,2058
1936,2024
1937,2040
1933,2057
1945,2055
1947,2026
1963,2069
1967,2017
1963,2037
1965,2008
1979,2044
1981,2052
1991,1999
2007,2064
2003,2020
2007,2064
2003,2055
2013,2037
2020,2030
2016,2071
2024,2063
2028,2045
2031,2063
2032,2023
2020,2027
2027,2055
2027,2063
2024,2007
2028,2048
2027,2024
2034,2019
2024,1995
2031,2043
2021,2052
2019,2054
2020,2068
2011,2045
2007,2042
2007,2007
2004,2030
1993,1997
1995,2040
1994,2043
1990,2063
1984,2009
1973,2023
1973,2053
1968,2075
1962,2043
1963,2035
1965,2063
1955,2059
1948,2075
1949,2021
1948,2072
1943,2039
1939,2056
1942,2035
1936,2025
1929,2023
1930,2074
1939,2066
1940,2017
1942,2046
1941,2038
1943,2055
1941,2042
1941,2023
1948,2029
1952,2053
1959,2040
1953,2002
1964,2027
1963,2029
1965,2007
1971,2003
1975,2043
1989,2053
1987,2034
1991,2053
1995,2021
2001,2043
2009,2011
2013,2012
2026,1993
2029,2028
2027,2037
2027,2045
2043,2072
2040,2046
2045,2069
2063,2065
2063,2056
2065,2039
2078,2071
2075,2057
2080,2071
2090,2048
2092,2048
2095,2011
2097,2005
2099,2010
2088,2038
2097,2071
2105,2005
2104,2029
2105,2040
2093,2045
2107,2053
2096,2013
2095,2021
2087,1992
2095,2035
2092,2027
2080,2055
2085,2019
2079,2055
2068,2069
2068,2029
2064,2027
2060,2065
2053,2027
2046,2009
2044,2035
2029,2043
2028,2025
2018,2023
2013,2044
2015,2008
1997,2068
1999,2023
1989,2075
1989,2017
1988,2029
1980,2071
1979,2063
1975,2035
1965,2052
1962,2064
1959,2072
1951,2063
1954,2065
1948,2044
1950,2008
1949,2067
1945,2056
1943,2041
1944,2032
1944,2017
1943,2037
1941,2105
1951,2064
1943,2036
1945,2078
1949,1997
1952,2021
1960,2055
1966,2042
1965,2057
1965,2048
1977,2012
1976,2066
1975,2047
1975,2064
1992,1989
1996,2036
2003,2027
2008,2004
2003,2011
2009,2024
2020,2020
2029,2002
2035,2061
2027,2033
2042,2011
2053,2035
2045,2053
2067,2044
2063,2043
2067,2057
2075,2027
2080,2017
2091,2007
2091,2042
2089,2036
2089,2036
2099,2071
2105,2041
2104,2055
2104,2035
2104,2046
2101,2057
2108,2035
2112,2039
2105,2029
2104,2063
2103,2056
2104,2054
2098,2033
2100,2029
2095,2037
2084,2057
2091,2060
2083,2038
2086,2063
2075,2033
2079,2063
2085,2058
2075,2001
2067,2053
2071,2011
2053,2005
2063,2052
2055,2043
2035,2067
2033,2025
2027,2044
2025,2025
2019,2039
2021,2058
2015,2055
2004,2057
2003,2073
1992,2051
1993,2048
1995,2020
1984,2045
1984,2012
1977,2028
1984,2010
1975,2029
1975,2036
1977,2043
1980,2039
1978,2013
1975,2063
1982,2019
1979,2044
1978,2001
1979,2027
1979,2080
1980,2025
1975,2065
1977,2057
1992,2005
1981,2015
1992,2040
1998,2011
1992,2024
1994,2027
2006,2013
2011,2048
2023,2015
2011,2035
2021,2023
2027,2025
2029,2021
2028,2017
2032,2079
2041,2047
2045,2063
2037,2053
2043,2059
2056,1995
2057,2033
2056,2021
2063,1997
2067,2015
2067,2032
2063,2027
2071,2023
2071,2059
2067,2011
2072,2020
2069,2079
2076,2073
2071,2025
2072,2048
2072,2019
2065,2067
2068,2043
2066,2017
2065,2052
2063,2037
2053,2051
2034,2068
2057,2056
2044,2008
2039,2040
2037,2009
2037,2068
2024,2039
2023,2072
2020,2003
2011,2019
2009,2041
2001,2038
1997,2071
1995,2029
1994,2033
1984,2037
1975,2031
1976,2021
1972,2041
1963,2043
1963,2019
1952,2068
1947,2017
1947,2037
1950,2056
1946,2025
1947,2067
1945,2064
1944,2015
1941,2065
1936,2027
1937,2056
1942,2056
1937,2023
1938,2057
1936,2017
1937,2063
1939,2015
1948,2044
1943,2037
1960,2068
1950,2024
1957,2045
1962,2040
1971,2019
1956,2020
1965,2063
1972,2021
1978,2029
1978,2065
1984,2019
1984,2003
1991,2043
2000,2040
2001,2080
2002,2045
2007,2054
2015,2052
2016,2035
2024,2061
2030,1995
2028,2017
2028,2019
2039,2039
2029,2015
2046,2063
2053,2076
2056,2068
2063,2056
2065,2029
2068,2010
2070,2024
2071,2058
2073,2032
2076,2030
2069,2055
2072,2067
2059,2025
2072,2027
2074,2041
2068,2018
2063,2067
2067,2019
2068,2069
2060,2072
2057,2076
2044,2027
2042,2043
2040,2090
2037,2064
2033,2020
2025,2015
2024,2045
2016,2060
2005,2071
2008,2061
2007,2008
2006,2039
1995,2055
1984,2017
1977,2037
1976,2079
1963,2026
1968,2040
1972,2033
1964,2067
1955,2011
1950,2015
1939,2043
1937,2056
1940,2038
1943,2063
1936,2007
1928,2021
1943,2019
1929,2055
1934,2019
1935,2059
1927,2055
1932,2019
1935,2032
1937,2018
1943,2035
1941,2012
1944,2052
1935,2025
1950,2025
1952,2023
1948,2053
1957,2070
1968,2068
1967,2040
1973,2055
1976,2040
1980,2011
1992,2055
1991,2020
1991,2048
2010,2020
2008,2056
2017,2032
2012,2072
2026,2043
2024,2011
2039,2037
2052,2019
2048,2036
2055,2077
2062,2047
2071,2035
2065,2036
2077,2032
2072,2052
2075,2068
2082,2015
2085,2043
2088,2065
2101,2022
2096,2010
2103,2075
2103,2072
2101,2033
2107,2068
2111,2028
2104,2008
2101,2043
2091,2009
2088,2053
2096,2027
2091,2055
2086,2038
2085,2056
2087,2080
2076,2001
2076,2066
2073,2032
2076,2031
2055,2039
2068,2071
2056,2027
2051,2069
2044,2040
2038,2029
2033,2046
2028,2056
2025,2072
2027,2042
2024,2063
2017,2025
2019,2044
2003,2019
2008,2055
2004,2027
1996,2077
1993,2017
1993,2027
1998,2055
1995,2042
1993,2025
1992,1999
1997,2043
1992,2027
1996,2059
2001,2080
2000,2068
1998,2039
2008,2039
2007,2068
2016,2001
2019,2040
2026,2035
2027,2019
2028,2068
2032,2019
2040,1987
2040,2025
2055,2026
2060,2031
2063,2079
2065,2068
2073,2071
2071,2051
2073,2063
2091,2058
2091,2039
2104,2077
2106,2067
2119,2026
2117,2035
2121,2063
2126,2067
2123,2075
2140,2027
2149,2019
2147,2063
2152,1995
2152,2021
2158,2035
2160,2072
2161,2055
2161,2039
2163,2056
2157,2051
2165,2052
2167,2027
2160,2063
2163,2078
2156,2041
2149,2035
2156,2063
2149,2030
2151,2025
2149,2059
2134,2047
2123,2019
2135,2043
2132,2021
2125,2039
2115,2027
2119,2033
2107,2072
2097,2079
2096,2072
2090,2080
2086,2069
2082,2039
2081,2041
2067,2023
2072,2057
2043,2028
2053,2048
2044,2025
2028,2044
2036,2079
2027,2031
2023,2044
2022,2033
2011,2011
2009,2058
2014,2023
2008,2075
2011,2009
1995,2039
2007,2076
2005,2073
1995,2026
1994,2040
1996,2040
1999,2022
1999,2037
2002,2025
1997,2032
2007,2056
2013,2008
2016,2019
2017,2040
2015,2040
2015,2035
2019,2043
2031,2019
2032,2015
2023,2025
2041,2057
2051,2017
2055,2025
2045,2063
2056,2068
2067,2056
2070,2013
2069,2038
2075,2036
2085,2063
2097,2009
2093,2076
2073,2059
2098,2063
2093,2021
2112,2019
2099,2029
2110,2019
2115,2023
2119,2068
2124,2039
2123,2061
2127,2015
2119,2038
2120,2019
2123,2019
2135,2048
2130,2009
2119,2040
2129,2055
2127,2043
2109,2061
2116,2019
2103,2019
2103,2021
2107,2015
2104,2001
2091,2035
2100,2030
2098,2027
2088,2044
2080,2075
2082,2025
2073,2063
2072,2067
2063,2006
2051,2022
2055,2064
2048,2055
2034,2024
2029,2057
2029,2058
2028,2017
2021,2036
2018,2072
2015,2011
2004,2072
2008,2091
1992,2080
1991,2033
1989,2060
1987,2021
1982,2057
1981,2063
1971,2037
1975,2073
1981,2019
1975,2067
1969,2052
1975,2063
1981,2057
1975,2030
1984,2017
1976,2064
1991,2027
1992,2019
1991,2071
1998,2037
2004,2036
2003,2054
2010,2063
2016,2071
2016,2024
2026,2021
2028,2036
2036,2066
2039,2037
2054,2072
2059,2073
2053,2069
2067,2003
2075,2047
2074,2040
2077,2063
2081,2045
2096,2059
2100,2028
2106,2019
2112,2064
2115,2019
2115,2023
2124,2023
2133,2015
2130,2071
2139,2027
2143,2074
2152,2025
2143,2063
2149,2011
2150,2037
2156,2066
2153,2017
2156,2030
2145,2055
2152,2063
2153,1995
2153,2058
2148,2066
2151,2015
2149,2072
2144,2059
2136,2054
2133,2040
2135,2011
2121,2035
2125,2023
2117,2067
2103,2061
2107,2045
2093,2071
2104,2079
2094,2010
2084,2025
2071,2065
2071,2056
2071,2043
2065,2011
2058,2063
2057,2039
2037,2069
2036,2030
2024,2019
2021,2003
2023,2066
2023,2051
2014,2023
2004,2043
2009,2038
2009,2066
2009,2011
2003,2053
2005,2018
1996,2080
1999,2020
1987,2025
1987,2017
2001,2057
1991,2008
1991,2057
1991,2041
2003,2027
2001,2064
2003,2024
2004,2013
2003,2033
2009,2045
2009,2044
2017,2026
2021,1991
2019,2071
2021,2025
2023,2030
2037,2017
2040,2037
2041,2048
2057,2067
2052,2056
2053,2025
2068,2037
2081,2008
2075,2043
2075,2047
2083,2037
2088,2072
2086,2064
2091,2037
2093,2059
2103,2073
2107,2020
2105,2027
2118,2058
2119,2038
2109,2028
2121,2063
2123,2015
2117,2022
2120,2023
2120,2025
2120,2053
2118,2067
2116,2063
2109,2066
2100,2075
2101,2003
2103,2028
2101,2048
2099,2054
2097,2044
2087,2079
2085,2056
2081,2017
2075,2058
2076,2112
2075,2015
2068,2019
2063,2005
2044,2001
2043,2007
2048,2027
2036,2057
2029,2046
2032,2011
2021,2053
2029,2071
2021,2063
2016,2005
2011,2021
2013,2063
2009,2044
2001,2041
2003,2055
2004,2019
2006,2041
2011,2027
2001,2011
2004,2019
2001,2072
2001,2044
1997,2041
2012,1999
2008,2043
2007,2071
2019,2064
2027,2021
2024,2015
2021,2057
2032,2045
2040,2068
2044,2063
2043,2066
2064,2026
2066,2057
2068,2055
2076,2040
2084,2015
2088,2009
2087,1996
2093,2029
2097,2041
2105,2044
2113,2028
2122,2040
2129,2043
2136,2044
2143,2031
2145,2041
2145,2007
2145,2053
2157,2044
2155,2040
2153,2039
2162,2044
2170,2023
2170,2043
2184,2056
2188,2054
2186,1993
2181,2011
2185,2009
2186,2009
2187,2066
2188,2039
2181,2037
2182,2057
2181,2071
2176,2067
2174,2068
2170,2028
2167,2067
2165,2080
2158,2051
2148,2017
2152,2018
2152,2073
2137,2061
2132,2056
2133,2060
2128,2036
2117,2009
2109,2035
2109,2017
2104,2023
2097,2069
2089,2076
2087,2053
2085,2021
2075,2095
2076,2005
2068,2040
2053,2051
2056,2041
2047,2020
2039,2052
2033,2020
2040,2055
2036,2069
2032,2043
2028,2018
2024,2023
2025,2052
2023,2041
2019,2037
2016,2041
2020,2069
2024,2029
2020,2035
2024,2041
2026,2019
2026,2037
2025,2046
2026,2053
2028,2038
2027,2068
2027,2042
2037,2054
2038,2052
2046,2011
2052,2048
2060,2039
2063,2046
2064,2062
2070,2007
2066,2041
2071,2063
2073,2001
2073,2025
2092,2003
2092,2023
2087,2056
2103,2019
2106,2020
2108,2027
2112,2071
2119,2037
2115,2038
2115,2025
2126,2035
2126,1993
2124,2027
2129,2011
2124,2067
2143,2040
2144,2031
2129,2011
2136,2056
2138,2073
2136,2066
2137,1997
2132,2010
2133,2031
2124,2025
2117,2023
2120,2035
2112,2060
2112,2042
2107,2039
2108,2069
2101,2002
2100,2022
2093,2047
2087,2063
2088,2039
2080,2044
2075,2001
2076,2072
2065,2052
2066,2015
2057,2045
2058,2058
2037,2063
2037,2019
2043,2075
2035,2011
2021,2064
2013,2063
2020,2012
2020,2035
2012,2048
2011,2035
2010,2053
2005,2027
2011,2072
2007,2011
2005,2008
2001,2036
2007,2023
2007,2031
2003,2077
2012,2065
2013,2038
2014,1987
2011,2060
2011,2040
2024,2021
2017,2056
2024,2035
2029,2027
2032,2005
2037,2021
2039,2079
2048,2058
2054,2007
2060,2019
2069,2008
2071,2060
2078,2029
2075,2053
2087,2069
2095,2077
2104,2035
2101,2077
2115,2037
2105,2041
2112,2007
2119,2017
2119,2034
2129,2067
2134,2019
2143,2040
2140,2007
2153,2025
2143,2015
2149,2040
2151,2068
2160,2079
2163,2018
2155,2032
2155,2063
2166,2063
2158,2011
2162,2017
2160,2033
2153,2073
2151,2054
2147,2044
2150,1996
2144,2042
2140,2029
2140,2026
2131,2031
2130,2040
2107,2069
2109,2056
2115,2056
2109,2041
2099,2034
2099,2033
2095,2029
2086,2069
2080,2055
2075,2025
2071,2057
2062,2055
2059,2029
2053,2008
2046,2007
2038,2067
2029,2048
2021,2064
2018,2072
2015,2043
2012,2034
1997,2056
1994,1996
1995,2064
1994,2067
1994,2068
1999,2038
1994,2053
1992,2072
1981,2007
1991,2059
1995,2044
1993,2068
1999,2052
1996,2048
1997,2063
1994,2034
2008,2048
2009,2068
2010,2017
2015,2009
2022,2007
2024,2036
2024,2027
2032,2035
2029,2005
2042,2055
2044,2065
2046,2033
2056,2063
2064,1988
2065,2028
2069,2055
2079,2059
2083,2065
2087,2009
2095,2035
2105,2027
2100,2059
2108,2063
2107,2072
2120,2047
2132,2063
2115,2075
2129,2039
2137,2024
2144,2055
2147,2041
2152,2027
2152,2039
2160,2039
2156,2073
2156,2073
2154,2072
2151,2063
2156,2069
2153,2029
2152,2012
2142,2037
2139,2023
2152,2066
2139,2021
2127,2063
2145,2003
2139,2036
2131,2057
2139,2012
2128,2025
2120,2042
2123,2040
2107,2034
2112,2007
2115,2048
2102,2011
2095,2043
2096,2063
2093,2056
2085,2039
2083,2056
2080,2058
2065,2019
2069,2029
2063,2063
2064,2063
2053,2041
2053,2056
2057,2063
2042,2027
2041,2028
2038,2043
2040,2067
2032,2045
2027,2063
2029,2030
2034,2040
2021,2053
2024,2063
2035,2027
2037,2044
2029,2043
2040,2034
2040,2021
2040,2053
2045,2066
2055,2056
2047,2011
2053,2029
2055,2062
2045,2069
2056,1981
2067,2039
2063,2030
2075,2039
2072,2024
2073,2079
2072,2033
2071,2007
2072,2069
2092,2055
2091,2043
2093,2024
2100,2036
2104,2056
2099,2034
2103,2055
2112,2015
2111,2056
2107,2040
2114,2045
2113,2029
2121,2033
2120,2027
2117,2019
2121,2021
2114,2067
2115,2069
2121,2037
2108,2037
2113,2071
2111,2064
2103,2052
2103,2069
2105,2055
2099,2003
2090,2004
2089,2077
2091,2079
2088,2080
2075,2041
2071,2044
2065,2027
2063,2060
2055,2055
2041,2036
2054,2072
2039,2038
2025,2019
2023,2047
2024,2021
2026,2054
2013,2010
2001,2010
2005,2011
1997,2058
1999,2023
1991,2039
1984,2034
1973,2062
1972,2043
1971,2060
1955,2029
1961,2075
1962,2075
1953,2041
1956,2056
1955,2067
1956,2025
1949,2063
1960,2073
1954,2042
1948,2043
1953,2065
1959,2009
1955,2039
1960,2043
1961,2044
1965,2028
1974,2072
1976,2017
1973,2072
1980,2040
1994,2063
1993,2040
1998,2035
2003,2031
2005,2073
2003,2053
2016,2031
2015,2019
2024,2073
2032,2009
2039,2042
2044,2069
2043,2035
2060,2027
2068,2008
2065,2071
2079,2046
2076,1991
2085,2040
2093,2080
2095,2073
2096,2065
2105,2045
2111,2028
2112,2021
2105,2068
2114,2079
2112,2036
2123,2044
2116,2053
2128,1997
2131,2033
2120,2029
2117,2042
2115,2011
2112,2027
2116,2056
2109,2020
2111,2037
2107,2039
2104,2041
2088,2055
2089,2069
2092,2024
2091,2041
2081,2064
2079,2024
2065,2043
2063,2077
2055,2011
2047,2039
2043,2061
2035,2058
2029,2034
2028,2063
2029,2068
2017,2005
2013,2056
2005,2029
2009,2066
1996,2009
1992,2043
1989,2055
1979,2059
1973,2067
1973,2079
1973,2053
1973,2029
1975,2026
1971,2052
1959,2027
1955,2040
1960,2069
1960,2011
1967,2063
1955,2019
1965,2041
1967,2048
1963,2023
1973,2063
1968,2019
1971,2065
1976,2044
1978,2027
1977,2015
1979,2067
1987,2045
1996,2055
1995,2040
1995,2008
2008,2035
1993,2023
2015,2019
2011,2021
2023,1995
2029,2034
2018,2066
2029,2047
2037,2063
2041,2024
2038,2035
2041,2012
2041,2055
2058,2039
2059,2009
2068,2002
2074,2068
2075,2063
2071,2032
2071,2057
2076,2041
2080,2075
2079,2044
2075,2069
2079,2019
2082,2053
2079,2042
2076,2027
2076,2021
2065,2040
2070,2069
2065,2071
2063,2059
2067,2025
2057,2076
2055,2015
2053,2015
2039,2051
2035,2012
2040,2029
2033,2025
2023,2043
2024,2020
2023,2044
2007,2065
2008,2067
2007,2015
1993,2021
1996,2009
1989,2036
1984,2009
1979,2055
1965,2063
1987,2048
1976,2088
1971,2037
1959,2064
1969,2025
1956,2073
1966,2008
1959,2041
1968,2035
1955,2038
1963,2015
1963,2067
1964,2043
1964,2056
1957,2048
1968,2018
1972,2023
1979,2040
1978,2053
1984,2025
1987,2037
1994,2021
1997,2041
1995,2017
2003,2068
2015,2061
2016,2030
2017,2039
2021,2066
2038,2039
2040,2080
2056,2057
2057,2071
2064,2024
2071,2029
2069,2017
2082,2027
2083,2035
2085,2070
2100,2029
2096,2040
2104,2021
2115,2040
2109,2041
2121,1997
2124,2027
2135,2025
2124,2040
2144,2043
2143,2073
2152,2056
2152,2002
2149,2036
2146,2063
2147,2043
2145,2057
2152,2066
2151,2053
2148,2029
2148,2007
2137,2048
2141,2026
2139,2035
2133,2051
2140,2063
2132,2073
2115,2075
2122,2030
2122,2036
2117,2043
2104,2079
2105,2008
2099,2032
2093,2045
2090,2060
2085,2063
2080,1989
2075,2041
2068,2040
2055,2068
2063,2041
2051,2039
2042,2044
2027,2019
2035,2044
2023,2057
2023,2078
2012,2045
2009,2028
2005,2068
2003,2077
2008,2063
1993,2056
2006,2060
1999,2027
1998,2017
2002,2021
1995,2036
1995,2029
1992,2035
1991,2060
1996,2060
1999,2040
1995,2066
2004,2067
2004,2047
2008,2066
2007,2005
2007,2021
2013,2053
2015,2072
2021,2017
2022,2017
2019,2024
2029,2034
2029,2033
2038,2054
2037,2058
2044,2028
2039,2057
2056,2059
2055,2008
2060,2017
2066,2029
2067,2063
2071,2044
2067,2063
2065,2026
2088,2003
2086,2017
2091,2007
2096,2025
2096,2020
2093,2080
2088,2020
2103,2078
2102,2044
2101,2042
2093,2076
2096,2042
2089,2045
2101,2037
2095,2015
2101,2054
2094,2069
2095,1999
2083,2039
2088,2021
2081,2009
2073,2096
2067,2040
2073,2043
2063,2065
2063,2058
2045,2068
2056,2025
2039,2023
2039,2051
2038,2055
2027,2042
2025,2080
2019,2024
2021,2019
2013,2040
1999,2059
2001,2019
1989,2060
1994,2030
1995,2063
1982,2044
1977,2071
1971,2076
1965,2071
1965,2048
1975,2039
1961,2048
1976,2059
1965,2067
1963,2024
1971,2053
1962,2068
1961,2048
1961,2071
1959,2064
1966,2019
1967,2055
1967,2063
1963,2076
1981,2038
1979,2027
1984,2037
1983,2022
1991,2038
1997,2063
2005,2025
2004,2056
2011,2055
2014,2025
2015,2037
2025,2068
2025,2040
2025,2057
2035,2071
2035,2056
2057,2025
2058,2051
2065,2025
2056,2025
2070,2017
2080,2035
2080,2003
2080,2058
2085,2063
2095,2073
2102,2047
2104,2033
2099,2055
2111,2080
2111,2067
2108,2028
2112,2016
2117,2017
2118,2071
2112,2045
2123,2058
2108,2003
2121,2043
2112,2035
2113,2042
2102,2035
2107,2018
2096,2064
2089,2063
2091,2067
2084,2015
2077,2056
2079,2066
2073,2054
2057,2064
2063,2030
2043,2042
2041,2087
2039,2003
2032,2070
2026,2023
2021,2059
2009,2080
2011,2040
2003,2023
1987,2070
1980,2063
1987,2058
1975,2019
1976,2045
1963,2007
1969,2067
1965,2055
1941,2067
1945,2067
1951,2028
1944,2025
1948,2024
1944,2023
1948,2023
1944,2022
1944,2043
1940,2029
1944,2029
1944,2063
1945,2009
1947,2010
1947,2022
1960,2021
1946,2027
1964,2026
1965,2040
1965,2022
1973,2070
1970,2015
1979,2027
1983,2029
1991,2035
1992,2063
2003,2078
2007,2067
2013,2045
2012,2029
2024,2027
2029,2021
2039,2033
2041,2041
2035,2017
2057,2067
2063,2023
2067,2035
2070,2008
2078,2047
2087,2065
2073,2054
2091,2075
2087,2043
2094,2019
2102,2019
2110,2056
2110,2063
2112,2027
2108,2021
2117,2011
2117,2037
2119,2058
2118,2070
2112,2029
2107,2053
2100,2022
2112,1995
2111,2066
2095,2023
2093,2075
2098,2019
2085,2021
2093,2028
2092,2045
2085,2041
2080,2064
2071,2025
2067,2063
2063,2080
2059,2027
2044,2057
2053,2027
2035,2035
2030,2027
2032,2073
2032,2066
2021,2037
2017,2027
2011,2038
2008,2023
1988,2063
1995,2019
1989,2002
1989,2022
1979,2045
1983,2079
1977,2063
1979,2038
1975,2067
1975,2035
1976,2037
1973,2029
1973,2056
1979,2060
1979,2063
1981,2056
1979,2044
1991,2060
1981,2063
1981,2007
2002,2030
1997,1995
1991,2017
2009,2044
2013,2017
2011,2017
2015,2056
2019,2056
2025,2039
2029,2056
2029,2008
2040,2039
2056,2023
2053,2064
2055,2020
2065,2029
2067,2004
2076,2022
2076,2044
2076,2017
2087,2035
2087,2028
2087,2056
2104,2025
2109,2071
2111,2044
2107,2037
2129,2015
2128,2023
2121,2067
2135,2040
2125,2005
2132,2064
2136,2070
2144,2056
2145,2010
2135,2031
2138,2060
2138,2025
2139,2063
2131,2029
2135,2062
2137,2048
2132,2041
2134,2068
2131,2025
2133,2019
2127,2036
2123,2055
2129,2076
2120,2064
2120,2064
2104,2027
2099,2067
2101,2056
2102,1989
2100,2027
2088,2023
2085,2047
2081,2044
2085,2019
2077,2029
2072,2043
2071,2023
2057,2079
2056,2028
2056,2025
2040,2043
2041,2073
2039,2017
2039,2029
2027,2063
2028,2045
2030,2037
2024,2055
2024,2041
2017,2036
2021,2072
2015,2048
2015,2075
2019,2042
2019,2043
2023,2038
2020,1997
2019,2010
2017,2055
2024,2064
2021,2043
2027,2047
2028,2043
2034,2040
2029,2067
2025,2079
2033,2042
2044,2075
2037,2056
2056,2043
2051,2040
2056,2037
2044,2043
2063,2030
2067,2067
2071,2039
2073,2028
2078,2075
2079,2015
2084,2032
2086,2055
2098,2035
2089,2003
2091,2065
2105,2052
2097,2011
2108,2072
2107,2038
2108,2037
2109,2019
2119,2009
2113,2007
2117,2046
2124,2035
2119,2015
2117,2076
2117,2048
2120,2068
2119,2032
2109,2057
2105,2044
2112,2053
2108,2015
2104,2044
2099,2075
2101,2079
2091,2007
2085,2044
2082,2065
2083,2008
2076,2053
2070,2023
2072,2057
2072,2023
2063,2056
2063,2079
2046,1997
2043,2003
2035,2088
2040,2078
2028,2056
2017,2040
2017,2072
2011,2041
2013,2076
2012,2055
2011,2023
1995,2027
2001,2037
2004,2018
1993,2027
2001,2037
1992,2063
1999,2076
1996,2056
1991,2063
1995,2068
1992,2048
2001,2072
1999,2060
2013,2080
1997,2071
2012,2012
2015,2075
2007,2078
2021,2069
2024,2023
2027,2077
2024,2064
2040,2035
2047,2107
2045,2046
2063,2009
2059,2029
2071,2027
2073,2045
2073,2029
2080,2065
2089,2057
2092,2048
2103,2056
2093,2063
2104,2035
2111,2021
2110,2057
2127,2028
2124,2041
2124,2025
2136,2052
2135,2043
2132,2045
2140,2076
2143,2045
2135,2043
2139,2043
2137,2019
2144,2063
2143,2037
2148,2042
2135,2011
2139,2019
2136,2017
2135,2051
2121,2012
2123,2021
2115,2065
2117,2041
2104,2040
2103,2072
2094,2025
2096,2063
2087,2030
2077,2011
2073,2072
2071,2021
2065,2024
2061,2009
2043,2039
2040,2019
2036,2039
2026,2005
2001,2055
2009,2056
2011,2018
2007,2028
1998,2046
1985,2029
1992,2017
1976,2027
1985,2063
1965,2040
1977,2051
1976,2015
1976,2052
1969,2056
1974,2019
1969,2040
1966,2060
1976,2011
1978,2041
1974,2103
1978,2003
1979,2008
1983,2037
1981,2071
1985,2076
1997,2057
1989,2043
1993,2046
2001,2003
2007,1995
2019,2027
2025,2030
2025,2029
2028,1996
2032,2017
2040,2020
2041,2058
2057,2072
2068,2034
2071,2043
2077,2058
2080,2019
2089,2028
2091,1994
2091,1987
2107,2044
2104,2039
2107,2051
2125,2009
2121,2015
2129,2053
2130,2007
2132,2023
2129,2023
2138,2030
2132,2035
2140,2027
2150,2036
2147,2015
2137,2001
2144,2029
2143,2065
2144,2044
2135,2046
2144,2026
2124,2053
2132,2031
2125,2019
2133,2045
2120,2037
2107,2038
2119,2029
2105,2043
2099,2035
2097,2076
2088,2065
2088,2036
2088,2017
2078,2031
2073,2044
2065,2035
2067,2074
2055,2012
2034,2075
2043,2035
2043,2072
2033,2019
2023,2053
2025,2043
2024,2045
2015,2009
2012,2071
2017,2031
2015,2021
2018,2066
2011,2077
2009,2043
2011,2019
2020,2080
2005,2015
2007,2004
2016,1999
2012,2019
2012,2024
2018,2029
2016,2069
2026,2059
2036,2038
2033,2017
2037,2039
2040,2024
2048,2033
2057,2044
2064,2027
2067,2063
2070,2011
2072,2001
2082,2040
2081,2079
2092,2067
2099,2028
2099,2045
2116,2040
2108,2072
2119,2036
2123,2048
2131,2074
2135,1995
2139,2040
2135,2047
2146,2063
2151,2061
2151,2041
2163,2039
2160,2021
2165,2030
2163,2033
2173,2071
2174,2030
2173,2033
2170,2028
2176,2023
2184,2056
2176,2078
2171,2048
2183,2044
2181,2019
2175,1999
2166,2073
2161,2077
2161,2079
2160,2023
2155,2019
2156,2027
2155,2084
2136,2048
2137,2041
2136,2003
2127,2076
2122,2007
2107,2027
2115,2005
2104,2064
2096,2001
2090,2057
2089,2065
2084,2041
2073,2044
2068,2029
2057,2076
2056,2037
2045,2027
2035,2015
2040,2047
2029,2067
2027,2056
2015,2021
2008,2040
2011,2001
2007,2056
2003,2068
2000,2057
2004,2005
1996,2007
1991,2015
1995,2011
1993,2029
1981,2043
1992,2005
1995,2020
1992,2046
1997,2080
1993,2077
1998,2065
2004,2015
2003,2001
2006,2024
2005,2048
2015,2071
2011,2039
2021,2011
2025,2064
2029,2037
2025,2063
2032,2035
2035,2007
2043,2017
2056,2021
2056,2040
2045,2028
2072,2007
2069,2056
2080,2023
2077,2017
2075,2043
2089,2043
2099,2026
2101,2027
2101,2071
2112,2052
2117,2040
2117,2056
2126,2027
2128,2009
2136,2058
2129,2070
2136,2023
2142,2051
2141,2075
2140,2073
2146,2039
2140,2058
2131,2047
2137,2063
2137,2066
2137,2048
2129,2057
2125,2035
2135,2059
2132,2035
2128,2063
2119,2073
2112,2075
2107,2063
2108,2040
2109,2023
2097,2056
2091,2058
2093,2063
2091,2056
2085,2024
2079,2053
2079,2031
2074,2046
2071,2091
2045,2075
2043,2027
2041,2038
2043,2063
2039,2027
2028,2039
2038,2067
2025,2060
2031,2007
2028,1995
2017,2040
2021,2044
2022,2048
2011,2068
2021,2025
2011,2015
2011,2053
2016,2059
2016,2064
2017,2065
2011,2063
2020,2058
2009,2013
2029,2044
2024,2005
2023,2011
2022,2063
2028,2077
2023,2043
2036,1992
2032,2024
2043,2041
2051,2047
2062,2064
2055,2048
2063,2058
2071,2107
2075,2103
2080,2088
2086,2075
2090,2089
2095,2012
2093,2063
2103,2063
2104,2009
2103,2009
2123,2031
2127,2032
2135,2045
2123,2017
2136,2009
2137,1982
2153,2026
2147,2045
2159,2010
2151,2011
2158,2042
2159,2064
2157,2024
2153,2040
2151,2066
2151,2032
2139,2071
2144,2025
2139,2033
2136,2059
2131,2029
2123,2065
2128,2020
2120,2015
2109,2020
2112,2035
2104,2021
2105,2038
2091,2029
2091,2019
2089,2046
2090,2040
2077,2024
2067,2029
2070,2011
2056,2033
2041,2043
2040,2063
2041,2066
2031,2036
2023,2067
2017,2025
2019,2035
2007,2067
2005,2063
2005,2037
1996,2017
2004,1995
2001,2035
1995,2067
2007,2069
1991,2021
2004,2060
1995,2024
2000,2037
1995,2005
2007,2023
2002,2067
2010,2045
2003,2041
2006,2045
2010,2012
2019,1995
2019,2041
2023,2028
2024,2038
2021,2054
2027,2025
2037,2069
2042,2003
2040,2045
2055,2001
2051,2029
2057,2023
2076,2035
2069,2037
2086,2037
2089,2069
2091,2039
2104,2068
2104,2075
2104,2047
2109,2027
2115,2069
2122,2031
2123,2041
2127,2057
2139,2071
2144,2011
2135,2043
2139,2010
2143,2033
2150,2054
2152,2043
2154,2073
2151,2027
2156,2023
2152,2064
2155,2040
2151,2030
2154,2021
2158,2033
2150,2026
2152,2008
2148,2072
2149,2056
2133,2055
2137,2033
2135,2063
2131,2053
2124,2080
2118,2072
2107,2001
2104,1999
2110,2052
2091,2035
2097,2043
2095,2054
2089,2035
2084,2041
2085,2039
2075,2048
2080,2001
2072,2043
2072,2084
2071,2017
2069,2025
2063,2072
2067,2078
2063,2076
2056,2076
2043,2036
2041,2056
2046,2025
2043,2007
2039,2023
2037,2067
2053,2080
2046,1995
2039,2056
2057,2063
2055,2078
2061,2077
2055,2057
2065,2063
2069,2064
2069,2063
2075,2084
2079,2003
2091,2061
2087,2057
2094,2037
2099,2033
2099,2066
2105,2022
2118,2056
2121,2048
2134,2023
2129,2038
2135,2025
2147,2037
2149,2042
2147,2085
2159,2044
2164,2048
2171,2075
2173,2023
2179,2076
2189,2044
2187,2009
2196,2027
2201,2054
2204,2025
2196,2066
2212,2055
2203,1981
2213,2007
2214,2008
2211,2043
2212,2046
2204,2036
2201,2026
2211,2025
2206,2037
2197,2037
2200,2077
2192,2064
2188,2042
2188,2020
2173,2017
2167,2008
2169,2036
2160,2072
2160,2040
2160,1997
2154,2073
2139,2035
2141,2001
2134,2040
2135,2017
2125,2027
2117,2080
2110,2011
2094,2040
2091,2063
2079,2041
2084,2079
2069,2031
2063,2071
2065,2060
2063,2041
2041,2080
2039,2041
2040,1979
2035,2056
2029,2066
2032,2041
2037,2071
2019,2079
2028,2071
2018,2054
2021,2028
2024,2032
2027,2072
2021,2035
2019,2017
2025,1995
2012,2011
2030,2003
2035,2027
2031,2073
2041,2065
2044,2080
2046,2071
2055,2080
2057,2045
2072,2021
2071,2020
2079,2032
2077,2025
2087,2041
2092,2010
2104,2017
2107,2034
2118,2059
2123,2023
2121,2045
2134,2063
2138,2039
2139,2043
2147,2001
2141,2025
2158,2001
2167,2009
2156,2073
2173,2052
2170,2068
2175,2053
2184,2014
2187,2029
2187,2034
2195,2042
2195,2028
2193,2067
2193,2040
2200,2055
2192,1975
2190,2017
2187,2007
2183,2087
2171,2125
2173,2102
2182,2028
2169,1984
2167,2055
2151,2041
2151,2022
2144,1969
2151,1987
2138,2083
2130,2044
2125,2068
2112,2057
2108,2051
2103,2045
2091,2040
2099,2010
2088,1973
2083,1977
2067,2060
2068,2091
2055,2088
2053,2056
2040,2073
2037,2073
2037,2076
2032,2063
2028,1963
2011,1979
2018,2017
2009,2044
2007,2027
1999,2029
2007,1999
1994,2011
1997,2023
2007,2017
2003,2076
2006,1979
2003,2061
2011,2089
2012,2091
2014,2071
2016,2012
2023,2020
2021,2000
2024,2023
2033,2047
2031,2034
2041,2031
2033,2017
2045,2028
2053,2021
2055,1991
2065,1999
2074,1979
2083,2030
2080,2085
2088,2079
2093,2019
2100,2078
2106,2112
2105,2109
2120,2068
2115,1992
2123,1971
2133,2011
2141,2104
2140,2121
2155,2120
2150,2103
2148,2021
2155,2021
2143,2027
2151,1997
2157,1972
2164,1994
2163,2098
2171,2097
2162,2101
2160,2070
2165,2057
2163,2056
2155,1965
2165,1975
2155,1943
2160,1991
2167,2063
2148,2097
2141,2091
2143,2104
2143,2138
2134,2104
2132,2066
2128,2033
2119,2043
2107,2083
2115,2009
2107,2013
2105,2036
2103,2015
2096,2025
2096,2071
2096,2035
2088,1991
2088,1993
2079,2072
2077,2074
2074,2071
2072,2023
2063,1991
2057,2070
2058,2080
2064,2033
2042,1999
2063,2007
2056,2036
2057,2019
2037,2027
2053,2042
2048,2018
2037,2073
2055,2123
2048,2076
2045,2063
2062,2031
2066,2031
2068,2029
2058,2040
2071,2003
2076,1997
2080,2025
2080,2027
2088,2030
2089,2056
2091,1953
2094,1975
2107,1946
2105,2059
2111,2097
2125,2098
2129,2077
2134,2053
2137,2067
2145,2039
2143,2027
2153,2056
2164,2007
2166,2129
2166,2171
2176,2170
2176,2126
2185,2096
2186,2089
2187,2003
2189,2072
2203,2125
2204,2080
2217,1959
2208,1935
2220,1905
2210,1945
2211,1979
2219,1954
2223,1976
2212,2069
2222,2057
2221,2124
2216,2189
2216,2100
2208,2101
2208,2014
2210,2108
2203,2099
2201,1981
2200,1888
2200,1941
2195,1843
2193,1908
2185,1876
2184,1931
2181,2038
2168,2011
2168,2155
2161,2165
2149,2208
2152,2140
2145,2017
2132,1939
2137,1954
2132,1948
2117,1943
2119,2043
2109,2032
2109,2016
2105,1977
2097,1837
2103,1942
2100,2279
2094,2183
2100,2207
2092,2043
2081,1830
2088,1882
2085,2053
2086,2032
2090,2104
2080,1941
2087,1943
2087,2044
2079,2203
2080,2282
2090,2169
2088,2017
2098,1927
2096,2028
2099,2030
2103,1999
2099,2115
2112,2073
2109,2162
2116,2033
2126,1981
2131,1952
2132,1960
2132,2008
2143,1971
2142,1960
2143,1907
2149,2040
2145,2197
2160,2188
2155,2063
2166,2039
2168,2010
2165,2062
2176,2101
2172,2140
2184,2008
2187,1971
2195,2000
2190,2188
2196,2015
2193,1999
2200,1940
2195,2105
2205,2315
2200,2220
2191,2107
2191,2123
2183,2093
2187,1999
2181,1899
2181,1933
2189,1893
2173,1996
2181,1827
2170,1893
2155,1979
2165,2005
2145,2261
2156,2129
2145,2261
2148,2117
2130,2125
2143,1956
2131,1915
2132,1952
2127,1969
2099,2107
2115,1975
2096,1990
2091,1941
2091,2044
2087,2128
2088,2167
2077,2106
2070,2063
2067,1925
2055,1963
2053,2024
2065,2035
2043,2148
2042,2133
2048,2184
2055,2030
2040,1953
2039,2005
2039,2091
2047,1996
2032,1952
2042,2016
2035,2165
2044,2228
2059,2197
2052,2089
2043,1879
2064,1912
2071,1689
2067,1996
2067,2076
2071,2092
2080,2099
2080,2158
2092,2032
2090,1984
2101,1997
2101,2072
2107,2185
2115,2076
2117,2036
2119,2078
2119,2004
2135,1910
2127,1880
2143,1904
2148,2011
2146,2227
2145,2184
2155,2156
2159,2212
2160,2159
2170,2086
2179,2027
2168,1945
2182,1940
2175,1900
2179,1950
2181,1890
2179,1967
2176,1912
2186,1977
2187,2224
2184,2271
2170,2139
2172,2033
2180,1928
2163,1938
2168,2040
2172,2159
2170,2075
2149,1849
2161,1837
2143,1959
2141,1967
2137,2024
2132,2055
2137,2268
2128,2176
2126,1961
2124,1929
2107,2209
2107,2127
2100,2133
2092,2236
2090,2223
2080,2008
2073,2148
2075,1879
2053,1773
2056,1836
2036,2027
2031,2107
2048,1942
2023,1947
2024,2099
2039,2250
2009,2188
2024,1913
2016,1835
2015,2115
2012,1906
2008,2036
2012,2071
2024,2097
2013,2155
2023,2392
2021,2200
2016,2331
2031,2329
2025,2247
2027,1861
2027,2020
2035,1973
2028,2088
2036,1913
2035,1877
2053,2104
2029,2328
2057,2245
2041,1939
2065,1705
2067,1839
2072,2117
2068,1788
2077,1837
2089,1697
2084,1867
2099,1931
2099,2013
2104,1920
2112,2045
2102,2195
2135,2136
2123,2056
2129,1843
2136,1837
2148,1702
2143,1896
2148,2208
2149,2432
2151,2573
2158,2203
2152,1803
2157,1612
2151,1875
2144,2065
2153,2307
2147,2073
2141,1765
2147,1655
2139,1571
2138,2073
2143,2584
2131,2424
2136,2264
2137,1835
2120,1764
2125,2015
2120,2271
2112,2249
2125,2047
2104,1767
2102,1707
2093,2171
2088,2465
2085,2331
2080,2164
2072,1685
2055,1753
2055,1943
2055,2067
2035,1964
2041,2104
2032,1943
2015,2239
2019,1976
2005,1760
2013,1804
2007,1933
1998,1852
2001,1720
1991,1897
2003,1923
1989,1952
1991,2039
2004,1907
1989,2089
1995,2484
1989,2493
1991,2457
1987,2253
1991,1895
1989,1749
1997,2130
1989,2424
1996,2572
2010,2216
1992,1901
2005,1836
2017,2280
2005,2557
2020,2699
2018,2406
2017,1936
2021,1339
2020,1063
2035,1295
2040,1636
2024,2025
2048,2513
2065,2178
2059,2009
2067,2032
2075,2001
2068,1705
2089,1465
2080,1441
2084,1634
2103,1796
2087,1896
2099,2089
2118,1975
2104,2519
2127,2523
2120,2252
2122,1998
2123,2089
2128,2156
2123,2231
2123,2035
2123,1839
2125,1467
2145,1427
2124,1744
2131,2363
2129,2883
2121,2535
2135,1844
2112,1659
2122,2207
2113,2676
2106,2525
2105,2131
2092,2008
2102,1733
2103,1621
2093,1681
2091,1852
2084,2076
2065,2067
2078,1772
2071,1815
2063,1987
2064,2312
2036,2603
2040,2667
2041,2419
2035,2040
2021,1886
2020,1759
2002,1691
2019,1449
1993,1305
2003,1657
2003,1901
1981,2019
1993,2134
1990,2355
1976,2616
1984,2480
1975,2184
1971,2036
1973,1933
1973,2032
1979,2192
1975,2395
1968,2405
1979,1998
1979,1820
1975,1424
1980,1527
1976,2060
1981,2400
1984,2293
1979,2040
1992,1646
1984,1738
1987,2489
2000,2696
1981,2347
1994,2090
1988,1776
1991,1849
2012,2041
2008,1989
2012,1932
2026,1939
2027,1773
2026,2001
2029,2206
2024,2168
2032,2207
2045,2250
2042,2280
2056,2133
2055,2153
2043,2257
2077,2326
2067,2040
2069,1810
2079,1743
2074,1737
2080,1837
2080,1856
2063,1733
2074,1864
2083,2065
2075,2145
2080,2211
2079,2248
2076,2191
2087,2152
2079,2073
2071,2003
2071,1991
2073,2035
2072,2022
2073,1963
2063,1970
2071,2030
2067,2058
2062,1995
2063,1987
2043,2016
2039,2013
2041,2095
2025,2094
2033,2088
2026,2036
2011,2064