1987
2001
1993
1993
1997
2001
2004
2001
1995
1994
1991
1991
1989
1996
1992
1983
1995
1991
1992
1996
1989
1987
1989
1988
1976
1980
1979
1974
1968
1975
1974
1977
1975
1971
1976
1971
1964
1971
1974
1965
1965
1965
1969
1960
1967
1961
1965
1957
1963
1951
1957
1961
1967
1959
1959
1971
1965
1966
1959
1976
1972
1977
1977
1968
1965
1975
1977
1983
1971
1977
1976
1975
1980
1977
1976
1971
1975
1978
1981
1971
1976
1975
1979
1965
1972
1976
1979
1975
1979
1975
1976
1971
1977
1972
1968
1971
1976
1975
1962
1970
1965
1964
1961
1971
1965
1968
1966
1965
1972
1972
1973
1972
1971
1971
1979
1979
1971
1978
1968
1989
1981
1978
1987
1991
1992
1992
1989
1998
1993
1995
1991
1995
1991
1995
1995
1995
1993
1989
1998
1995
1990
1992
2001
2007
2000
1993
2005
1996
2004
1997
1997
2009
2004
2003
1997
2011
2007
2005
2003
2003
2004
2011
2011
2007
2007
2001
2014
2011
2022
2013
2011
2010
2009
2013
2005
2012
2010
2003
2004
2007
2008
2007
1997
2003
2003
2009
1998
1995
1996
1984
1995
1988
1980
1979
1987
1973
1987
1979
1981
1980
1975
1973
1975
1977
1977
1979
1971
1983
1977
1975
1977
1977
1979
1987
1984
1989
1984
1994
1984
1991
1995
1992
1992
1993
2002
2000
2004
2003
2002
2004
2007
2008
2011
2011
2013
2011
2011
2013
2013
2017
2019
2011
2017
2021
2021
2016
2014
2019
2018
2012
2017
2020
2013
2008
2009
2008
2019
2008
2007
2011
2011
2011
2000
2005
2017
2007
2008
2001
2005
2007
2003
2017
2019
2012
2007
2022
2011
2012
2011
2013
2014
2013
2019
2023
2016
2017
2023
2015
2021
2018
2017
2020
2010
2015
2016
2015
2021
2017
2007
2019
2006
2004
2010
2010
2007
2009
2002
2000
2003
2001
2001
1991
1992
1995
1993
1987
1983
1983
1976
1982
1979
1979
1977
1973
1975
1976
1975
1976
1972
1979
1980
1976
1980
1981
1990
1984
1993
1993
2007
2005
2007
2010
2015
2011
2009
2012
2022
2019
2026
2035
2026
2021
2035
2035
2039
2039
2052
2040
2043
2040
2039
2029
2043
2041
2031
2037
2037
2025
2033
2024
2015
2025
2024
2013
2013
2015
2011
2011
2009
2003
2003
1989
2001
1993
1984
2003
1991
1983
1992
1983
1995
1985
1991
1989
1991
1992
1992
1981
1999
2005
1998
1992
1998
2001
2000
2000
2009
2007
2008
2008
2009
2007
2009
2011
2008
2019
2020
2025
2017
2024
2020
2029
2025
2021
2021
2016
2023
2024
2029
2023
2024
2021
2024
2025
2027
2025
2022
2023
2021
2036
2009
2027
2025
2022
2023
2025
2019
2024
2025
2023
2027
2029
2027
2025
2029
2024
2025
2031
2028
2035
2041
2037
2028
2039
2040
2039
2037
2044
2037
2058
2043
2051
2040
2041
2041
2043
2055
2053
2045
2047
2030
2057
2055
2056
2039
2039
2037
2039
2032
2055
2037
2037
2032
2039
2029
2031
2029
2025
2024
2015
2017
2010
2013
2011
1997
1997
1999
1996
1992
1984
1997
1997
1987
1984
2001
1991
1989
1991
1984
1991
1988
1989
1980
1981
1992
2000
1984
2007
1996
1990
2001
2005
2007
2009
2011
2009
2009
2005
2019
2016
2020
2019
2026
2021
2031
2029
2023
2025
2036
2025
2022
2025
2039
2032
2025
2037
2032
2029
2039
2044
2037
2056
2036
2032
2051
2056
2045
2041
2039
2053
2047
2043
2046
2041
2055
2054
2057
2044
2043
2040
2041
2043
2039
2038
2039
2037
2045
2044
2036
2023
2026
2032
2032
2041
2029
2023
2021
2029
2018
2020
2015
2013
2011
2013
1998
2013
2007
2017
1997
2004
2006
1995
1997
1984
1987
1989
1984
1997
1990
1977
1981
1992
1989
1990
1996
1995
1983
1993
1994
1991
1996
1980
2001
1997
1995
1993
1997
1997
2007
1993
2018
2005
2008
2009
2013
2017
2013
2013
2013
2016
2007
2025
2020
2016
2017
2026
2021
2015
2029
2025
2024
2021
2028
2029
2026
2019
2021
2039
2012
2028
2029
2025
2024
2023
2030
2019
2020
2020
2028
2025
2024
2024
2025
2023
2012
2013
2029
2029
2020
2016
2010
2018
2014
2008
2008
2019
2010
2011
2011
2004
2017
2011
2008
2013
2017
2006
2005
2008
2011
2010
1996
2008
2003
1995
2001
2008
2008
2008
1993
2008
2007
2003
2009
2008
2003
2005
2001
2011
2004
2005
2007
2011
1989
1997
2013
2009
2011
2013
2004
2023
2006
2000
2021
2005
2013
2007
2007
2019
2011
2012
2010
2020
2014
2008
2012
2019
2017
2013
2011
2007
2017
2012
2013
2015
2007
2019
2018
2012
2012
2013
2025
2007
2009
2008
2009
2020
2012
2013
2008
2019
2012
2023
2014
2009
2017
2013
2013
2016
2010
2021
2023
2013
2018
2015
2015
2009
2015
2016
2024
2019
2016
2007
2013
2005
2020
2014
2023
2019
2008
2010
2010
2007
2005
1995
2005
1997
1993
1991
1983
1978
1979
1982
1973
1976
1976
1980
1970
1973
1964
1965
1963
1962
1957
1956
1963
1961
1959
1951
1957
1960
1943
1962
1956
1952
1952
1956
1959
1962
1955
1956
1955
1957
1950
1957
1957
1959
1964
1955
1963
1965
1976
1965
1965
1965
1969
1973
1965
1973
1975
1968
1979
1982
1971
1973
1979
1975
1979
1980
1977
1982
1981
1989
1978
1999
1987
1989
1997
1991
2002
1994
1991
2001
2000
1999
2004
1995
2002
2008
1997
1997
2001
2002
1997
2003
2001
1997
2006
2006
2004
2003
2013
2004
2012
2011
2012
2010
2011
2007
2011
2005
2012
2007
2009
1992
2013
2010
2004
2003
2008
2005
2003
2000
1997
2005
1992
2003
1987
1993
1996
1989
1990
1981
1991
1979
1981
1979
1987
1983
1984
1979
1989
1976
1981
1975
1972
1979
1981
1976
1976
1979
1979
1975
1984
1974
1981
1989
1981
1983
1989
1989
2001
1991
1990
1979
1991
2005
1992
1992
1981
1995
1989
1996
1999
2002
1994
2004
1995
1993
1995
1995
1989
1980
1997
1998
1993
1983
1993
1993
1991
1991
1989
1989
1992
1992
1981
1991
1995
1990
1992
1983
1993
1993
2001
1989
1995
1995
2002
1992
1995
1999
2004
2005
1999
2001
2002
2017
2003
2003
2009
2008
2013
2008
2009
2006
2011
2022
2018
2014
2017
2023
2008
2009
2004
2008
2014
2004
2007
2019
2001
2005
2005
2003
2005
1999
1994
1993
1996
1989
1988
1979
1978
1977
1979
1981
1987
1971
1976
1975
1976
1975
1979
1967
1969
1975
1971
1975
1971
1967
1972
1970
1977
1975
1976
1989
1979
1979
1980
1979
1981
1989
1994
1991
1999
1993
1992
2005
1995
1997
2008
2008
2001
2007
2005
1993
2005
2005
2008
1999
2007
2004
1994
1992
1991
1995
1995
1989
1993
1993
1989
2002
1984
1987
1994
1991
1991
1992
1993
2001
1996
1993
1984
2003
2001
2000
1999
2006
2004
2000
2006
2021
2019
2009
2013
2013
2023
2023
2015
2025
2020
2029
2016
2023
2021
2022
2022
2025
2019
2017
2021
2013
2015
2019
2010
2007
2007
2004
2007
2005
2003
2003
1999
1999
1981
1991
1983
1992
1993
1991
1993
1989
1980
1981
1977
1988
1991
1981
2003
1997
1995
1997
1996
1997
2001
2000
2007
2004
2021
2020
2011
2023
2016
2021
2023
2023
2025
2035
2027
2039
2041
2036
2039
2038
2035
2039
2039
2039
2027
2035
2040
2028
2021
2028
2025
2025
2026
2022
2016
2019
2023
2016
2013
2019
2016
2008
2011
2011
2009
2006
1997
1997
2001
1999
1999
2001
1997
1993
1984
1997
2001
2001
2005
1995
1984
1991
1989
1992
1996
1997
1992
1994
1992
1997
1995
1999
1997
1995
1997
2003
2007
1997
2000
2007
2001
2003
2004
2013
2009
2013
2004
2012
2006
2003
2019
2014
2020
2012
2021
2029
2023
2031
2025
2021
2027
2034
2022
2022
2027
2040
2027
2027
2015
2031
2028
2025
2021
2022
2010
2023
2010
2013
2009
2009
2013
2007
2004
2011
2004
2003
2004
2008
2003
2009
2011
2007
2005
2006
2009
2007
2009
1998
2003
1997
1999
2005
2003
2002
2005
2006
2008
1995
2005
2005
2004
2009
2021
2006
2009
2011
2007
2008
2017
2017
2010
2017
2023
2018
2009
2016
2019
2022
2013
2022
2027
2019
2012
2013
2005
2013
2008
2008
2016
2013
2019
2021
2023
2020
2027
2021
2013
2021
2027
2026
2023
2029
2032
2026
2025
2040
2037
2039
2040
2045
2040
2043
2053
2057
2057
2045
2055
2059
2069
2068
2063
2068
2069
2063
2065
2061
2063
2069
2058
2063
2063
2059
2056
2041
2054
2043
2039
2039
2035
2029
2037
2028
2028
2023
2021
2017
2020
2009
2016
2013
2007
2009
2020
2012
2017
2009
2021
2019
2013
2020
2016
2023
2017
2020
2011
2018
2026
2027
2023
2035
2039
2029
2041
2041
2035
2032
2039
2039
2053
2039
2039
2028
2055
2039
2032
2029
2027
2027
2031
2029
2029
2020
2011
2017
2017
2013
2013
2008
2009
2003
1994
1997
1993
1995
2005
1996
1987
1997
1993
1991
1997
1991
1992
2001
1987
1997
1993
2005
2000
2007
2003
2013
2011
2012
2008
2011
2011
2010
2013
2014
2029
2016
2019
2015
2016
2009
2021
2016
2022
2018
2015
2008
2013
2013
2006
2006
1996
2018
2003
2003
1999
2005
1993
1991
1991
1981
1981
1992
1978
1975
1981
1975
1974
1969
1963
1971
1971
1971
1963
1961
1967
1971
1960
1963
1971
1969
1965
1972
1971
1964
1972
1962
1977
1982
1987
1991
1993
1989
1995
1993
1991
2003
2002
2004
2004
2000
2005
2007
2007
2007
2010
2017
2009
2006
2009
2021
2008
2015
2017
2012
2023
2021
2013
2013
2009
2019
2016
2015
2017
2016
2005
2025
2017
2008
2017
2013
2007
2014
2011
2015
2015
2021
2011
2016
2020
2020
2019
2024
2021
2031
2021
2029
2027
2016
2031
2023
2012
2020
2019
2024
2017
2021
2012
2005
2007
2013
2008
2011
2008
2003
2010
2011
2003
2001
2003
2003
1995
1992
1992
1995
2001
1994
1991
1996
1989
1992
2003
1997
1990
1983
1983
1993
1988
1994
1983
1995
1993
1995
1996
1999
2002
2001
1997
1996
1996
2004
2005
2008
1999
2017
2017
2005
2009
2009
2006
2008
2015
2012
2013
2019
2014
2015
2015
2019
2013
2029
2016
2015
2021
2025
2024
2020
2011
2027
2019
2023
2015
2019
2025
2028
2007
2021
2017
2015
2005
2017
2020
2012
2012
2017
2009
2005
2007
2003
2007
2004
2011
2002
2007
2003
2007
2003
1998
1999
1997
1983
1999
1996
1997
1999
1995
1993
1992
1995
1993
1993
1992
1981
1997
2001
1983
2001
1995
1994
1995
1996
1995
2005
2003
2000
1996
1994
1993
2005
2002
2002
2007
1997
2010
2005
1994
2003
2001
2008
1992
2003
2000
1995
2002
2009
1998
1995
1997
1995
2006
2003
2005
1994
2004
2000
2007
2007
2009
2000
2005
1999
2003
2003
1996
2002
2002
2011
2007
2003
2015
2003
2010
2008
2015
2009
2005
2004
2011
2007
2008
2003
2008
2003
2008
2014
2012
2011
2011
2011
2011
2017
2011
2009
2007
2007
2013
2011
2014
2021
2015
2017
2016
2014
2020
2023
2024
2025
2031
2035
2031
2025
2035
2031
2029
2031
2041
2032
2055
2041
2037
2043
2053
2032
2043
2039
2035
2034
2025
2029
2027
2027
2023
2016
2021
2021
2013
2013
2011
2014
2011
2005
2003
2001
2000
1997
2005
1997
1997
2001
1977
1997
1996
1997
1993
1993
1996
2001
1995
1999
2007
2001
2009
2008
2004
2015
2010
2017
2012
2019
2019
2011
2025
2028
2016
2025
2013
2023
2027
2027
2029
2035
2023
2023
2019
2021
2022
2016
2023
2017
2023
2015
2021
2009
2007
2010
2013
1995
2006
2007
1999
2008
2000
1998
2005
1996
1997
1999
1996
2001
2001
1996
1997
1996
1997
1996
1989
2005
1998
2005
2005
1999
2001
2003
1997
1995
2001
1993
2005
2007
1996
1993
1999
1991
1993
1984
1995
1992
1981
1991
1983
1981
1975
1989
1979
1973
1977
1967
1963
1971
1960
1957
1960
1949
1955
1945
1950
1947
1957
1949
1948
1947
1958
1955
1950
1949
1955
1952
1952
1955
1956
1952
1961
1963
1965
1971
1966
1973
1976
1973
1975
1975
1981
1981
1979
1979
1989
1984
1981
2003
1988
1991
1992
1996
2003
2001
2003
2005
1995
2006
2001
2009
2006
1997
2009
2001
2009
2009
1999
1995
2005
2003
2001
2015
2003
2017
2003
2004
2009
2007
2003
2004
2008
2011
2008
2011
2010
2009
2011
2007
2000
2007
2015
2016
2011
2017
2017
2017
2014
2021
2013
2009
2019
2010
2017
2019
2017
2007
2020
2016
2013
2025
2016
2011
2019
2017
2016
2011
2017
2013
2014
2008
2007
2019
2012
2009
2011
2009
2008
2021
2011
2019
2013
2017
2009
2006
2011
2009
2015
2005
2012
2013
2009
2001
2013
2011
2013
2020
2019
2016
2009
2012
2025
2023
2012
2015
2028
2020
2016
2031
2027
2024
2024
2024
2023
2026
2023
2027
2027
2020
2025
2023
2024
2025
2023
2024
2018
2023
2018
2019
2010
2005
2015
2012
2009
2003
2017
2014
2007
2018
2003
2001
2005
2000
2003
2008
2004
2005
2005
1999
1993
2005
1997
1994
2000
2001
1992
1992
2005
1995
1992
1991
1997
1995
1992
1995
1982
1993
1989
1993
1989
1979
1988
1982
1976
1977
1989
1989
1983
1980
1989
1989
1980
1975
1979
1981
1992
1979
1989
1982
1983
1979
1993
1997
1995
1995
1996
1995
1995
2001
1999
2007
2008
2010
2012
2005
2011
1999
2013
2013
2021
2017
2023
2019
2019
2012
2023
2022
2020
2029
2025
2016
2021
2023
2025
2016
2029
2025
2020
2019
2031
2029
2019
2015
2030
2027
2024
2016
2017
2017
2023
2011
2004
2025
2016
2024
2008
2015
2023
2020
2020
2018
2021
2024
2019
2023
2025
2019
2022
2021
2010
2028
2027
2019
2015
2027
2021
2019
2021
2035
2035
2014
2005
2027
2027
2024
2027
2027
2029
2025
2023
2027
2031
2036
2031
2023
2034
2031
2026
2028
2027
2019
2028
2016
2019
2014
2013
2019
2021
2016
2011
2017
2011
2009
2005
2009
2009
2007
2013
2010
2012
2012
2011
2011
2003
2008
2011
2010
2011
2019
2021
2015
2020
2022
2030
2030
2022
2026
2026
2037
2035
2026
2037
2037
2035
2036
2037
2036
2029
2039
2037
2038
2033
2039
2028
2035
2030
2031
2024
2029
2023
2015
2019
2015
2019
2004
2006
2005
2004
2004
2005
1996
1996
2003
1995
1976
1992
1981
1979
1968
1979
1977
1964
1972
1976
1965
1977
1983
1979
1983
1981
1983
1983
1994
1991
1996
1991
1998
1995
1981
2002
2003
1993
1997
2009
1996
1993
2007
2007
2003
2005
2001
1993
2004
2005
2004
1996
1992
1991
1979
1995
1981
1983
1978
1984
1991
1981
1979
1981
1976
1973
1974
1979
1975
1967
1971
1969
1973
1972
1973
1962
1968
1976
1975
1975
1975
1981
1972
1988
1987
1981
1989
1980
1995
2001
1989
1991
2001
2001
2005
2000
2007
2008
2011
2007
1995
2010
2008
2009
2008
2001
2000
2003
2000
1995
1997
1993
2001
1981
1987
1981
1991
1992
1991
1976
1983
1972
1963
1971
1966
1973
1975
1967
1961
1971
1971
1971
1969
1967
1979
1975
1977
1973
1973
1968
1965
1977
1983
1982
1980
1991
1992
1991
1995
1993
1996
2002
1993
1995
2009
2005
1994
1999
2003
2009
2005
1998
2007
2009
2005
1996
1999
2002
1992
1992
1997
1993
1995
1995
1995
1981
1993
1989
1985
1991
1978
1988
1983
1979
1984
1983
1982
1993
1980
1987
1980
1993
1980
1997
1997
2000
1992
2005
2007
2006
2008
2009
2021
2019
2016
2013
2024
2013
2025
2027
2025
2024
2029
2025
2027
2026
2023
2027
2023
2016
2025
2023
2027
2008
2007
2011
2008
2009
1999
2001
1999
1995
1994
1989
1997
1984
1979
1979
1973
1989
1983
1989
1976
1972
1977
1979
1978
1972
1975
1975
1975
1987
1978
1975
1977
1976
1989
1989
1976
1989
1992
1987
1987
1996
1995
2001
2003
1995
2008
1998
2000
2000
2005
2007
2006
2007
2007
2007
2003
1995
2001
1996
2003
2007
1999
1997
1991
1991
1991
1993
1992
1989
1979
1997
1988
1977
1984
1982
1975
1978
1981
1979
1987
1995
1988
1981
1987
1983
1991
1982
1981
2001
1997
1993
2007
1998
1998
2007
2004
2007
2011
2019
2007
2008
2019
2018
2022
2023
2016
2016
2025
2023
2016
2021
2028
2027
2028
2027
2029
2023
2022
2022
2025
2024
2029
2025
2027
2021
2027
2023
2021
2027
2027
2021
2021
2024
2025
2029
2021
2013
2013
2015
2013
2021
2011
2012
2016
2019
2023
2009
2013
2011
2011
2021
2019
2019
2019
2017
2013
2018
2013
2011
2021
2012
2016
2023
2017
2025
2020
2013
2019
2013
2016
2019
2025
2009
2020
2016
2013
2017
2018
2009
2024
2024
2015
2019
2016
2020
2013
2017
2021
2017
2014
2029
2017
2017
2023
2014
2011
2022
2015
2012
2023
2010
2013
2011
2019
2008
2006
2008
2009
2009
2010
1997
1998
2005
1998
1997
2004
2003
2001
1995
1991
2007
1984
1997
1998
1987
1999
1995
1981
1991
1978
1981
1983
1989
1979
1984
1988
1989
1979
1980
1979
1979
1979
1987
1989
1974
1987
1977
1967
1987
1977
1979
1982
1971
1976
1976
1979
1973
1972
1977
1974
1976
1983
1987
1989
1966
1984
1979
1981
1978
1987
1981
1981
1983
1991
1979
1980
1978
1987
1990
1990
1983
1979
1992
1991
1977
1990
1976
1981
1983
1972
1981
1977
1977
1981
1981
1972
1965
1973
1974
1967
1966
1979
1979
1967
1961
1973
1964
1964
1961
1971
1965
1971
1965
1973
1973
1965
1967
1975
1973
1968
1976
1963
1980
1976
1977
1992
1983
2002
1990
1999
1993
1994
2003
2003
2003
2011
2002
2006
2001
2012
2010
2012
2019
2017
2013
2013
2008
2002
2001
2009
2003
2003
1991
2007
2003
2001
1989
1991
1995
1983
1977
1993
1989
1979
1982
1979
1980
1977
1973
1983
1980
1979
1981
1976
1981
1991
1989
1980
1984
1991
1983
1989
1991
1989
1996
1999
2001
2000
2003
2007
2001
2012
2018
2011
2009
2012
2015
2009
1997
2011
2011
2016
2003
2009
2017
2013
2013
2015
2013
2004
2018
2009
2004
2013
2007
2009
2001
2003
2015
2007
2002
2008
2002
1997
2001
2005
2003
2007
1991
2003
2004
2009
1998
2011
2009
2008
2011
2013
2007
2006
2009
2013
2008
2010
2015
2006
2013
2013
2021
2005
2005
2011
2004
2009
2009
2017
2008
2000
2005
1995
2001
1997
1996
2005
2011
2008
2009
2023
2032
2041
2047
2073
2092
2109
2120
2129
2152
2168
2188
2198
2217
2229
2244
2261
2260
2261
2275
2281
2276
2275
2273
2259
2257
2235
2229
2201
2182
2155
2136
2104
2077
2039
2014
1991
1950
1920
1888
1849
1827
1789
1771
1737
1715
1687
1676
1654
1639
1641
1629
1632
1637
1652
1649
1667
1686
1716
1739
1775
1801
1830
1875
1895
1938
1965
2005
2043
2079
2107
2140
2163
2195
2208
2229
2248
2251
2260
2256
2240
2248
2243
2211
2210
2197
2157
2151
2120
2097
2075
2041
2013
1981
1945
1926
1901
1876
1856
1835
1829
1802
1792
1785
1781
1769
1771
1779
1773
1788
1806
1815
1839
1851
1864
1891
1904
1920
1955
1972
2005
2014
2055
2065
2098
2112
2123
2141
2152
2163
2173
2181
2197
2188
2195
2199
2186
2187
2173
2157
2145
2138
2121
2105
2089
2075
2061
2029
2003
2003
1965
1946
1939
1925
1905
1899
1893
1883
1873
1867
1867
1873
1873
1869
1875
1895
1892
1911
1909
1929
1949
1957
1979
1996
1998
2017
2039
2035
2063
2087
2088
2096
2095
2102
2104
2125
2124
2123
2131
2124
2123
2120
2115
2105
2094
2091
2085
2073
2069
2056
2041
2039
2019
2027
2010
2005
1993
1997
1993
1984
1973
1979
1975
1976
1977
1975
1975
1984
1977
1993
2003
1999
2000
2011
2021
2021
2025
2031
2035
2041
2052
2046
2044
2045
2059
2056
2063
2063
2054
2059
2057
2048
2054
2047
2053
2055
2039
2039
2035
2037
2027
2053
2043
2041
2053
2053
2044
2055
2067
2065
2065
2065
2072
2074
2077
2075
2073
2092
2088
2072
2083
2085
2080
2065
2073
2067
2045
2057
2052
2029
2023
2018
2011
2001
1976
1975
1963
1948
1939
1919
1912
1903
1893
1893
1886
1871
1870
1865
1853
1877
1856
1875
1869
1872
1875
1889
1879
1908
1911
1913
1937
1945
1970
1989
1977
2009
2017
2031
2032
2063
2071
2075
2084
2099
2087
2104
2108
2109
2104
2107
2110
2099
2107
2099
2093
2076
2071
2063
2045
2032
2019
2013
1992
1983
1963
1957
1943
1937
1929
1904
1904
1899
1894
1888
1879
1880
1899
1882
1883
1880
1885
1899
1904
1925
1918
1931
1943
1956
1975
1977
1993
2007
2012
2025
2040
2045
2063
2072
2071
2072
2090
2087
2091
2086
2099
2096
2093
2089
2079
2084
2075
2078
2071
2063
2058
2057
2043
2029
2025
2013
2021
2012
2005
2005
1998
2001
2003
2000
2003
1997
2005
2016
2019
2025
2012
2027
2035
2033
2037
2044
2061
2058
2073
2074
2088
2086
2089
2091
2103
2104
2101
2093
2089
2096
2099
2089
2078
2085
2067
2069
2063
2063
2063
2044
2053
2039
2026
2024
2013
2008
2004
2011
2004
1980
1984
1976
1988
1979
1975
1979
1981
1977
1975
1989
1989
1992
1993
2001
2005
2005
2015
2011
2019
2021
2024
2026
2028
2052
2041
2055
2056
2044
2055
2065
2063
2065
2072
2071
2068
2055
2071
2063
2063
2056
2060
2059
2057
2047
2045
2037
2045
2030
2031
2027
2029
2030
2025
2033
2024
2023
2019
2019
2013
2012
2008
2002
2008
2005
2002
2000
1997
1996
1997
1990
2005
1993
1997
1995
1996
1992
1984
2001
1981
1983
1979
1989
1993
1980
1983
1977
1990
1983
1981
1991
1977
1977
1975
1980
1975
1976
1967
1977
1976
1971
1983
1970
1981
1981
1989
1993
1997
1993
2001
2007
1996
2016
2019
2025
2027
2030
2045
2043
2046
2063
2065
2063
2059
2072
2072
2070
2071
2077
2067
2074
2067
2077
2087
2073
2075
2075
2073
2067
2070
2067
2055
2040
2045
2039
2030
2014
2021
2013
2009
2000
2003
1991
1991
1989
1989
1990
1981
1968
1981
1981
1972
1979
1976
1979
1983
1983
1992
1990
2003
2010
2009
2011
2021
2029
2025
2044
2036
2043
2055
2071
2071
2068
2071
2084
2095
2091
2089
2089
2104
2089
2105
2099
2099
2095
2093
2091
2091
2077
2083
2087
2072
2071
2071
2063
2055
2046
2045
2039
2026
2024
2010
2010
2013
2007
2003
1991
1999
1993
2005
1998
1997
2003
2004
2001
2003
1998
2008
2010
2011
2012
2020
2027
2035
2029
2040
2040
2041
2063
2055
2063
2069
2059
2071
2072
2069
2076
2085
2071
2077
2071
2065
2071
2065
2063
2060
2045
2057
2036
2053
2033
2025
2023
2021
2010
2008
1997
1997
1991
1992
1980
1973
1959
1958
1958
1963
1965
1955
1950
1960
1952
1965
1952
1949
1955
1965
1967
1974
1973
1981
1979
1992
1990
1992
1998
2013
2008
2024
2028
2035
2038
2031
2027
2040
2043
2051
2053
2048
2055
2053
2035
2040
2041
2041
2032
2037
2021
2021
2016
2011
1999
1991
1983
1979
1975
1963
1965
1957
1949
1956
1952
1941
1941
1940
1947
1935
1939
1937
1939
1933
1944
1957
1944
1942
1955
1952
1964
1955
1971
1966
1981
1977
1989
1991
1993
2011
2004
2008
2011
2025
2035
2031
2032
2052
2040
2044
2055
2069
2059
2063
2059
2074
2069
2070
2067
2077
2067
2072
2077
2075
2083
2073
2072
2065
2071
2063
2063
2052
2065
2056
2061
2058
2066
2057
2055
2043
2040
2038
2037
2043
2032
2036
2035
2035
2032
2027
2028
2020
2036
2035
2035
2039
2039
2040
2026
2041
2039
2039
2040
2037
2043
2055
2056
2063
2056
2048
2058
2066
2064
2067
2072
2071
2068
2071
2066
2069
2071
2071
2063
2066
2068
2069
2052
2065
2048
2051
2043
2054
2038
2035
2027
2028
2026
2023
2021
2019
2011
2007
2008
2006
1997
1989
1997
1983
1987
1980
1975
1976
1972
1975
1966
1966
1965
1963
1959
1961
1960
1967
1965
1954
1963
1965
1968
1967
1967
1967
1975
1977
1988
1977
1983
1977
1984
1991
1999
1993
2001
1999
1981
1995
2005
2000
2003
1993
2004
2005
1997
1993
1997
1984
1996
1992
1987
1993
1971
1968
1979
1979
1973
1979
1964
1970
1965
1973
1971
1968
1960
1967
1975
1963
1966
1961
1963
1971
1965
1976
1965
1961
1969
1975
1977
1978
1979
1987
1981
1991
1979
1995
1992
1982
1997
1996
1996
2004
1994
2001
2006
2005
1995
1998
1998
2004
2001
2003
1998
2008
2007
2009
2007
2001
1997
2007
2003
2008
2007
2008
1997
2003
2007
2006
2005
2011
1999
2001
2005
2007
2008
2009
2008
2009
2011
2012
2015
2016
2008
2020
2022
2035
2031
2029
2043
2042
2041
2032
2043
2051
2045
2043
2040
2051
2056
2045
2036
2039
2035
2034
2035
2039
2029
2022
2028
2019
2020
2009
2007
2017
2008
2009
2007
2003
2001
1998
1999
1993
1996
1994
2001
2012
1999
2001
1997
1992
1996
2009
2008
2007
2017
2007
2023
2011
2025
2027
2024
2024
2029
2031
2026
2035
2030
2029
2029
2024
2037
2031
2031
2027
2027
2037
2023
2021
2035
2029
2024
2036
2037
2029
2022
2019
2024
2011
2012
2023
2017
2023
2006
2023
2011
2025
2013
2004
2017
2011
2010
2011
2009
2003
2017
1992
2009
2001
2008
2005
2011
2019
2007
2004
2001
2015
2015
2009
2014
2017
2009
2012
2023
2031
2024
2023
2035
2036
2029
2021
2041
2041
2041
2044
2044
2044
2044
2036
2051
2055
2048
2041
2045
2037
2033
2055
2039
2031
2019
2027
2020
2009
2025
2013
2009
2001
2005
2004
2004
2001
1997
1984
1989
1995
1991
1988
1984
1975
1987
1984
1980
1981
1978
1988
1981
1981
1996
1989
1994
1991
1983
1993
2000
2001
2003
1997
2004
2009
2007
2009
2003
2002
2012
2015
2013
2007
2013
2007
2017
2004
2012
2007
2007
2007
2005
1997
1996
1993
2011
2005
2004
1993
1986
2003
1992
1997
1998
1995
1982
1992
1991
1984
1997
1980
1982
1987
1993
1989
1992
1995
1992
1995
1995
1998
2003
1997
1991
1997
1995
2000
2007
2008
2013
2016
2011
2017
2017
2015
2025
2026
2013
2015
2031
2020
2023
2015
2023
2014
2008
2009
2012
2021
2007
1995
2008
2013
2007
1999
1995
1993
1989
1984
1997
1990
1982
1991
1983
1993
1983
1971
1981
1980
1984
1987
1978
1979
1991
1981
1981
1978
1980
1989
1992
1997
1991
1998
1998
1997
1991
2003
2006
1998
2003
2007
2012
2005
2011
2011
2007
2009
2008
2005
1995
2009
2005
2006
1999
2000
1998
1991
2003
1989
1993
1993
1993
1981
1989
1988
1981
1987
1971
1982
1971
1975
1975
1974
1968
1976
1971
1975
1981
1987
1976
1979
1973
1982
1987
1984
1991
1993
2001
1987
1983
1987
1999
1995
1995
1992
2001
1997
1995
1992
1995
1996
1998
2000
1991
2001
1993
2001
1988
1988
1981
1987
1984
1981
1981
1982
1973
1978
1973
1975
1975
1972
1973
1975
1977
1973
1980
1973
1977
1983
1979
1977
1968
1979
1987
1984
1988
1997
1991
1997
1995
2008
2005
1997
2011
2007
2000
2011
2005
2007
2000
1995
2005
2005
2007
1999
1981
1992
1992
1991
1989
1989
1976
1991
1977
1975
1981
1967
1976
1975
1966
1974
1965
1965
1974
1977
1975
1981
1987
1977
1986
1993
1991
1993
1997
2005
1996
1999
2011
2012
2008
2011
2013
2017
2029
2028
2029
2032
2029
2041
2039
2043
2034
2043
2043
2035
2039
2041
2032
2044
2045
2041
2041
2031
2037
2023
2032
2029
2021
2025
2023
2009
2008
2006
2005
2003
2007
2004
2003
2003
2007
1992
1997
1993
1995
1983
1992
1990
1993
1993
1983
1981
1993
1989
1979
1984
1987
1991
1992
1984
1980
1983
1987
1989
1983
1992
1979
1977
1981
1981
1983
1981
1991
1981
1975
1973
1987
1979
1978
1980
1987
1977
1978
1975
1968
1987
1971
1976
1979
1981
1983
1980
1984
1977
1997
1991
1995
1993
1998
1998
2003
1997
2011
2007
2010
2021
2021
2014
2020
2027
2021
2029
2027
2031
2027
2031
2021
2027
2023
2018
2012
2019
2018
2015
2018
2011
2011
2015
2015
2004
2011
2005
2001
2003
2005
2000
1992
1984
1997
1997
1993
1999
1996
1995
2004
1983
2002
1995
1996
2005
2011
2008
2013
2011
2015
2013
2012
2019
2016
2021
2022
2023
2027
2030
2033
2029
2029
2029
2029
2024
2025
2032
2027
2027
2019
2019
2027
2023
2019
2011
2010
2012
2007
2020
2006
2001
1995
2003
2005
2005
2003
1996
2000
2004
2007
2011
2006
2007
2019
2011
2003
2004
2002
2008
2004
2009
2009
2019
2017
2014
2023
2011
2015
2019
2014
2011
2011
2008
2000
2004
2005
2001
1992
2003
1992
1984
1977
1991
1983
1977
1967
1978
1982
1978
1976
1981
1983
1972
1976
1976
1977
1980
1976
1995
1982
1981
1993
1984
1993
2001
1991
1996
1999
2008
2001
1998
2003
2000
1998
2005
2001
2000
2005
2003
1991
1994
1981
1991
1980
1979
1978
1969
1963
1955
1965
1952
1951
1941
1949
1938
1936
1930
1929
1926
1913
1915
1917
1915
1900
1910
1915
1909
1911
1912
1901
1912
1915
1912
1917
1913
1917
1913
1932
1931
1939
1941
1943
1941
1943
1947
1947
1951
1954
1945
1951
1948
1947
1957
1955
1948
1959
1949
1963
1952
1952
1954
1951
1950
1955
1955
1941
1943
1948
1948
1945
1955
1948
1951
1953
1952
1944
1952
1970
1964
1971
1971
1961
1969
1975
1993
2001
2002
2003
2003
2019
2013
2024
2020
2027
2031
2036
2032
2032
2038
2041
2032
2047
2056
2041
2035
2036
2034
2037
2028
2024
2031
2010
2017
2017
2011
2003
1994
1991
1990
1988
1971
1974
1975
1968
1963
1969
1955
1955
1957
1961
1952
1951
1957
1959
1962
1959
1961
1967
1969
1967
1970
1981
1977
1979
1989
1981
1997
1992
2005
2013
2004
2009
2006
2009
2019
2007
2012
2013
2012
2016
2007
2013
2016
2009
2013
2003
2011
2011
2005
2001
1998
1997
1995
1995
1991
1989
1992
1989
1993
1996
1976
1982
1975
1979
1976
1980
1983
1995
1992
1992
1979
1990
1984
1997
1997
1989
2003
1999
2004
2015
2004
2013
2011
2017
2012
2021
2020
2019
2013
2013
2021
2024
2012
2027
2023
2014
2021
2011
2010
2020
2021
2017
2017
2010
2017
2011
2010
2008
2005
2007
2003
2003
1996
1992
1992
1997
1984
1995
1996
1992
1992
1991
2003
1984
1993
1990
1988
1989
1983
1981
1992
1991
1997
1992
1989
1992
2003
1993
1989
1991
2000
1999
1991
1994
1997
1998
1993
2003
1997
1996
2000
1997
2003
2000
2003
1997
1996
1991
2001
1997
1995
2003
2007
2002
2008
2003
2005
2001
2007
2013
2007
2009
2010
2019
2013
2007
2019
2021
2025
2005
2023
2016
2016
2011
2021
2028
2031
2029
2041
2032
2029
2041
2041
2043
2039
2055
2044
2053
2040
2043
2044
2044
2041
2056
2048
2055
2057
2053
2041
2040
2041
2040
2032
2037
2024
2031
2024
2016
2021
2018
2005
1997
1995
2007
1984
1983
1996
1987
1981
1991
1991
1983
1981
1976
1976
1983
1980
1984
1985
1975
1981
1984
1984
1993
2001
1996
2008
2003
2004
2012
2021
2015
2029
2029
2033
2035
2038
2027
2043
2037
2059
2055
2053
2052
2043
2045
2043
2039
2043
2043
2037
2039
2039
2032
2030
2037
2023
2029
2023
2011
2011
2017
2017
2007
2008
2011
2011
2005
2007
2001
2005
1996
1998
1997
2011
2007
2008
2009
2007
2012
2012
2012
2011
2007
2011
2017
2007
2022
2012
2013
2025
2012
2016
2019
2019
2011
2007
2008
2006
2003
2001
2003
2001
2003
2001
1980
1988
1991
1983
1977
1975
1961
1975
1967
1968
1964
1961
1960
1967
1952
1952
1951
1949
1955
1955
1955
1947
1952
1959
1959
1960
1958
1971
1961
1965
1974
1965
1973
1968
1975
1977
1971
1975
1971
1983
1984
1988
1985
1990
1976
1982
1994
1984
1981
1991
1979
1984
1984
1989
1983
1985
1977
1981
1990
1984
1981
1977
1987
1991
1991
1995
1995
1997
1996
1992
1990
1999
2003
2003
2012
2005
2008
2001
2012
2008
2017
2003
2021
2014
2013
2025
2024
2012
2019
2015
2027
2019
2021
2015
2021
2008
2015
2019
2014
2020
2010
2005
2008
2005
2007
2003
2001
2001
2003
1996
1996
1997
1993
1982
1996
1998
1991
1997
1991
2005
1991
1992
1996
2003
1997
2000
2000
2005
2006
2008
2012
2013
2017
2019
2013
2021
2013
2016
2012
2008
2014
2021
2019
2019
2013
2024
2012
2005
2003
2009
2008
2006
2005
1999
2003
1995
1992
1997
2007
1984
1999
1996
1992
1981
1984
1983
1991
1979
1999
1992
1992
1991
1991
1998
1984
1999
1991
1995
1994
2005
2005
1997
2001
1992
2011
1997
2003
2009
2005
2009
1997
2001
2009
2004
2000
1997
1997
1987
1995
2001
1994
1987
1989
1993
1984
1992
1992
1982
1977
1989
1972
1979
1973
1977
1980
1968
1973
1976
1974
1968
1981
1979
1976
1973
1972
1972
1973
1961
1969
1971
1969
1966
1961
1962
1959
1967
1965
1960
1967
1961
1950
1962
1951
1952
1961
1960
1959
1959
1967
1955
1962
1960
1952
1957
1959
1964
1960
1971
1967
1966
1960
1963
1961
1975
1975
1978
1991
1981
1978
1984
1973
1991
1983
2001
1997
2001
2000
2009
2013
2008
2015
2017
2013
2016
2011
2025
2030
2020
2025
2009
2023
2024
2021
2028
2021
2019
2024
2023
2009
2019
2019
2022
2025
2012
2013
2012
2011
2008
2019
2007
2011
2007
2015
2005
2005
2003
2003
2005
2007
2009
2013
2011
2013
2007
2008
2014
2019
2013
2012
2007
2019
2019
2023
2017
2017
2025
2021
2024
2031
2025
2037
2029
2025
2025
2035
2026
2025
2029
2027
2030
2035
2031
2030
2020
2020
2020
2024
2015
2021
2016
2012
2009
2011
2021
2007
2001
1995
2004
1999
2001
1981
1992
1995
1997
1993
1987
1993
1995
1990
1989
1979
1989
1984
1979
1995
1993
1981
1992
1987
1987
1995
1991
1984
1988
1992
1987
1999
1991
1994
1992
1984
1990
1984
1983
1984
1992
1991
1994
1989
1987
1980
1995
1981
1991
1991
1980
1983
1980
1972
1980
1976
1978
1981
1973
1965
1974
1967
1949
1973
1962
1970
1965
1971
1949
1960
1959
1959
1964
1949
1958
1952
1952
1958
1949
1959
1957
1958
1960
1963
1957
1959
1961
1967
1963
1965
1963
1963
1971
1973
1983
1973
1973
1973
1977
1973
1965
1979
1981
1973
1973
1981
1976
1979
1978
1965
1981
1977
1975
1981
1981
1973
1965
1979
1959
1967
1960
1970
1965
1967
1962
1960
1952
1960
1964
1960
1967
1955
1954
1945
1959
1960
1955
1956
1952
1967
1949
1959
1949
1952
1958
1965
1962
1961
1967
1961
1971
1976
1969
1972
1970
1968
1967
1988
1977
1972
1976
1976
1984
1987
1984
1977
1982
1984
1983
1989
1991
1993
1995
1995
1992
1995
1983
1995
1995
1992
1995
1991
1993
1989
2009
2005
2003
2005
2001
2005
1993
2011
2009
2007
2006
2005
2017
2007
2011
2013
2007
2007
2013
2011
2010
2002
2011
2012
2011
2003
2010
1995
2007
2004
2003
2005
2011
2009
1998
2001
1996
1992
2000
2005
1995
1996
1992
1998
1999
1996
2005
2003
1987
1997
1995
1995
1992
1993
1997
2005
2004
2003
2000
1994
1995
2005
2003
1999
2003
2005
1992
2003
2003
2000
1993
1997
1998
2001
2001
1998
1991
1995
1999
1996
1992
1995
2001
1996
1996
2003
1995
2000
1997
2009
1997
2011
1999
2011
2013
2004
2011
2011
2011
2008
2011
2011
2007
2021
2016
2019
2021
2021
2025
2023
2019
2018
2010
2023
2021
2025
2021
2015
2011
2012
2013
2029
2019
2014
2017
2014
2010
2012
2017
2014
2017
2007
2006
2009
2004
2007
2004
2003
2003
2017
2019
2001
2004
2012
2012
2015
2011
2008
2023
2019
2010
2019
2015
2020
2021
2021
2024
2021
2019
2019
2023
2022
2013
2020
2014
2009
2024
2017
2011
2019
2013
2014
2003
2003
2011
2005
2003
1995
1984
1984
2001
1991
1984
1982
1988
1983
1977
1985
1977
1981
1988
1983
1990
1981
1977
1997
2002
1996
1999
2001
1992
2013
2002
2017
2015
2021
2030
2026
2034
2035
2032
2039
2037
2035
2052
2056
2048
2041
2055
2053
2048
2045
2055
2044
2055
2045
2058
2043
2031
2053
2043
2041
2031
2036
2032
2028
2032
2027
2025
2027
2015
2027
2021
2023
2021
2019
2015
2015
2009
2019
2015
2023
2015
2014
2013
2028
2025
2024
2024
2035
2025
2024
2028
2029
2035
2038
2032
2043
2039
2043
2033
2033
2037
2040
2031
2029
2027
2030
2021
2027
2031
2035
2028
2015
2019
2007
2015
2004
2001
2005
2007
2002
2006
2000
1997
1993
2007
1992
1991
1995
1988
1995
1991
1995
1995
1992
2001
1989
1994
1997
2003
2009
2005
1995
2008
2011
2012
2007
2011
2022
2016
2027
2027
2022
2022
2027
2024
2033
2035
2028
2030
2026
2027
2035
2031
2025
2016
2017
2013
2024
2021
2011
2007
2007
2003
2001
1993
1994
2000
1992
1995
1989
1981
1989
1981
1981
1981
1973
1981
1988
1979
1991
1982
1982
1984
1984
1995
1994
1989
1995
1992
1993
2003
2001
2008
1997
2009
2002
2011
2012
2007
2011
2011
2001
2012
2013
2017
2015
2021
2008
2003
2017
2014
2011
2012
2009
2007
2011
2007
2005
2003
2012
1995
2003
1996
1992
1995
2003
1997
1999
2000
1992
2005
1999
2005
2004
2001
1996
2011
2011
2017
2017
2017
2010
2009
2015
2011
2013
2019
2019
2021
2016
2024
2025
2026
2026
2027
2022
2023
2025
2023
2017
2014
2021
2025
2026
2012
2025
2019
2007
2015
2008
2011
2007
2005
2009
1989
2003
1993
2003
1995
1991
1999
1995
1988
1994
1991
1995
2003
1995
2007
1993
2003
2000
2005
2005
2012
2011
2018
2008
2009
2007
2027
2010
2020
2013
2014
2034
2037
2030
2029
2027
2023
2035
2025
2028
2021
2023
2013
2027
2015
2015
2023
2009
2007
2008
2012
2008
2006
2005
1999
1998
1999
1977
1982
1991
1991
1989
1989
1989
1992
1979
1981
1975
1987
1991
1984
1989
1998
1992
1984
1995
1992
1995
1995
2001
2007
2003
2013
2007
2005
2013
2019
2015
2007
2025
2023
2016
2021
2025
2026
2016
2012
2027
2020
2024
2021
2029
2025
2021
2033
2025
2021
2016
2019
2017
2021
2011
2013
2023
2015
2019
2009
2020
2013
2011
2008
2014
2001
2013
2008
2007
2011
2013
2008
2008
2017
2005
2008
2007
2013
2007
2004
1997
2004
2009
1997
2011
2005
1998
1996
2005
1997
1999
1997
1997
2007
2008
1991
2003
1993
1997
1995
2004
2001
1997
2004
2007
2008
2000
2002
2006
2007
2012
2005
2006
2009
2015
2008
2019
2023
2017
2021
2019
2024
2027
2029
2027
2017
2029
2025
2025
2026
2027
2024
2024
2027
2024
2025
2020
2019
2027
2019
2023
2024
2013
2029
2010
2008
2011
2013
2009
2008
2007
2003
2007
2004
2000
2007
2011
2007
2005
2001
2007
2001
1995
2005
1997
2007
2001
2007
2007
2017
2017
2006
2012
2007
2007
2009
2021
2013
2012
2008
2003
2011
2014
2013
2011
2010
2019
2021
2013
2013
2011
2005
2019
2011
2011
1999
2009
2000
2000
2002
2007
2005
1995
1997
2004
1993
1993
2003
1997
1998
1987
2003
1994
1997
1993
1999
2006
2003
2005
1995
2006
2006
2001
2002
2007
2008
2009
2001
2011
2011
2008
2003
2014
2008
2007
2015
1995
2004
2005
1999
1987
1995
1996
1997
1996
1983
1995
1989
1989
1984
1974
1979
1976
1976
1975
1970
1973
1975
1976
1975
1971
1981
1977
1975
1971
1981
1968
1979
1979
1977
1981
1983
1984
1980
1977
1981
1995
2003
1993
2007
1993
1999
1977
1997
1992
1997
1996
1997
2001
2007
1981
1996
1993
1992
1997
1989
1981
1985
1976
1983
1969
1968
1963
1963
1950
1951
1955
1955
1947
1945
1943
1941
1920
1918
1929
1929
1920
1931
1935
1930
1939
1933
1928
1933
1936
1945
1941
1933
1935
1955
1944
1953
1960
1964
1960
1963
1966
1971
1975
1967
1975
1977
1977
1983
1978
1976
1980
1979
1977
1976
1983
1981
1968
1973
1975
1967
1967
1976
1963
1967
1963
1965
1965
1964
1965
1966
1963
1962
1970
1960
1965
1963
1965
1964
1973
1969
1969
1976
1981
1971
1980
1973
1977
1987
1982
1990
1999
1997
1992
1995
2007
2003
1999
2011
2011
1997
2007
2009
1993
2005
1999
1995
2003
2007
1997
2001
2003
1993
1992
1982
1989
1977
1983
1989
1982
1977
1975
1972
1977
1974
1982
1981
1976
1977
1975
1976
1974
1980
1983
1984
1992
1993
1995
1995
2005
1998
2007
2016
2024
2021
2020
2025
2023
2025
2029
2029
2035
2040
2038
2037
2045
2040
2041
2031
2043
2038
2039
2035
2028
2035
2027
2030
2020
2023
2021
2025
2013
2006
2005
2007
1993
1995
1991
1992
1993
1992
1982
1975
1981
1977
1989
1982
1987
1993
1979
1975
1984
1992
1995
1977
1995
2005
1997
1988
2000
1987
2008
1996
2005
2001
2008
2006
2011
2008
2007
2000
2013
2009
2008
2007
2007
2013
2004
2008
2004
2009
2009
1993
1997
2008
2009
2003
1999
1993
2001
2001
1994
1995
1997
1997
1993
1991
1991
1997
1989
1997
1995
1991
1996
1997
1997
2003
1999
2007
2002
2004
2009
1995
2007
2011
2015
2001
2021
2018
2011
2024
2017
2012
2037
2024
2025
2023
2009
2027
2025
2020
2016
2022
2021
2019
2008
2013
2019
2011
2005
2008
2003
2009
2005
2003
2000
2007
2009
2007
2001
2004
2009
2009
1998
2007
2001
2006
2011
2013
2007
2002
2012
2017
2004
2011
2017
2017
2011
2020
2021
2013
2017
2024
2016
2017
2019
2010
2011
2010
2012
2007
2009
2010
2011
2005
2005
2009
2008
2004
2004
1996
1997
1993
1997
1993
1989
1987
1995
1997
1989
1992
1984
1984
1993
1993
1994
2001
2003
2003
2003
2000
2010
2008
2005
2009
2010
2016
2019
2020
2014
2026
2020
2023
2017
2022
2023
2023
2024
2023
2023
2025
2020
2031
2019
2008
2012
2021
2009
2024
2013
2019
2011
2011
2017
2020
2007
2014
2007
2013
2007
2008
1995
2005
2008
2000
2009
2005
2002
2013
2002
2005
2008
2005
2009
2008
2010
2006
2012
2008
2012
2008
2009
2011
2017
2007
2019
2013
2014
2021
2012
2023
2003
2015
2013
2011
2007
2009
2000
2011
2010
2012
2017
2008
2014
2000
2008
2002
2007
2005
2004
2003
2007
2008
2005
2004
2003
2007
2005
2008
1993
2011
2005
2009
2007
2005
2010
2015
2012
2009
2013
1999
2009
2011
2009
2007
2011
2009
2019
2015
2011
2017
2007
2011
2013
2017
2007
2017
2012
2011
2008
2013
2013
2011
2008
2009
2008
2010
2008
2005
2004
2011
2005
2007
2009
2011
2003
2004
2004
2008
2009
2008
2009
2006
2007
2019
2017
2004
1999
1995
2007
2001
2011
2003
2005
2001
2003
1997
1997
1997
1999
1981
2001
1991
1992
1991
1994
1997
1991
1984
1982
1979
1991
1979
1981
1981
1987
1973
1979
1971
1973
1967
1973
1972
1977
1982
1977
1979
1979
1978
1981
1982
1979
1978
1982
1977
1987
1991
1997
2003
1996
1999
2004
2001
1997
2001
2003
2011
2015
2019
2009
2027
2018
2021
2012
2015
2013
2019
2014
2016
2024
2008
2026
2018
2014
2023
2017
2012
2008
2017
2019
2000
2005
2011
2001
2007
2009
1992
1999
1995
2005
1993
1997
1996
1998
2005
1995
2005
1996
1991
2012
2006
2005
2004
2013
2005
2014
2010
2023
2011
2012
2013
2016
2021
2024
2023
2022
2013
2026
2019
2013
2023
2025
2019
2016
2007
2011
2021
2008
2003
2018
2001
2009
2006
2012
2011
2004
2007
2000
1993
2009
1999
1998
1983
2001
1996
1997
1984
1989
1997
1980
2003
1993
1993
2002
1995
2003
2000
1993
2005
2003
2009
2009
2011
2005
2007
2009
2010
2012
2005
1998
2015
2009
2009
2021
2012
2012
2021
2014
2010
2019
2005
2014
2008
2004
2003
2007
2000
2001
1995
1999
1995
1999
2003
1995
1993
1996
1993
2001
2002
1998
2001
2003
1999
2012
2012
1996
2009
2019
2011
2013
2012
2009
2015
2019
2014
2015
2013
2008
2016
2025
2025
2016
2018
2013
2011
2001
2005
2007
2000
1992
1991
1989
1995
1982
1991
1981
1984
1976
1987
1977
1969
1975
1975
1963
1975
1961
1965
1976
1973
1968
1966
1981
1973
1967
1975
1981
1987
1982
1991
1983
1990
1997
1992
1999
2000
2005
2001
2003
2007
2001
2015
2017
2016
2013
2025
2015
2017
2015
2016
2023
2021
2016
2019
2017
2009
2010
2011
2009
2007
2009
2010
1992
2001
2003
1997
1993
2003
1995
1990
1997
1989
1993
1991
1980
1993
1989
1984
1990
1981
1981
1983
1991
1983
1995
1987
1984
1984
1988
1995
1993
1999
1999
1992
1993
1989
1992
1997
2005
1994
1997
1992
1995
2003
1993
1993
2001
1984
1993
2001
1992
1992
1991
1983
1991
1984
1984
1983
1981
1983
1989
1981
1977
1981
1980
1977
1975
1973
1976
1977
1978
1975
1968
1981
1979
1974
1976
1975
1981
1983
1968
1977
1981
1992
1977
1979
1989
1981
1979
1991
1996
1990
1995
1997
2003
1991
2003
2002
1991
2005
2003
1995
1995
1991
2008
2005
2000
2007
1995
2006
2001
1998
1999
1993
1995
1991
1999
1994
1981
1981
1989
1993
1982
1983
1986
1979
1977
1977
1968
1979
1987
1977
1976
1982
1979
1981
1983
1974
1978
1991
1983
1983
1973
1993
1981
1983
1979
1990
1984
1993
2003
1992
2003
1996
1997
2004
1997
2003
2007
2008
2004
2013
2010
2001
2013
2012
2007
2012
2007
2007
2009
2003
2009
2001
2009
1997
2007
1993
2004
1998
1999
1995
2008
1998
2005
2007
2000
1991
1997
1992
2002
2004
2003
1997
2011
2009
1998
2021
2009
2003
2009
2016
2019
2021
2017
2023
2027
2025
2019
2022
2024
2029
2027
2028
2033
2021
2026
2024
2029
2021
2029
2022
2025
2019
2026
2020
2035
2023
2013
2017
2010
2021
2003
2009
2007
2007
2003
2003
1997
1995
2003
2006
1995
1991
1997
1989
1994
1981
1997
1994
1999
1989
1999
2007
1993
2004
1991
2004
1997
1998
2012
2011
2013
2015
2013
2011
2013
2015
2016
2022
2011
2016
2019
2015
2017
2025
2027
2037
2020
2029
2027
2016
2032
2026
2024
2016
2026
2020
2023
2016
2025
2025
2027
2020
2013
2007
2020
2007
2007
2019
2018
2023
2016
2012
2009
2016
2012
2011
2016
2019
2019
2011
2011
2012
2015
2016
2019
2019
2025
2019
2024
2025
2028
2020
2020
2037
2037
2029
2025
2041
2026
2031
2037
2037
2026
2035
2027
2029
2037
2035
2031
2028
2028
2024
2025
2023
2023
2017
2014
2005
2010
2004
2003
2004
2000
2003
1995
1999
1992
1999
1993
1983
1981
1988
1979
1983
1976
1976
1975
1978
1976
1975
1961
1969
1979
1977
1972
1974
1975
1980
1977
1977
1982
1982
1995
1983
1992
1997
1997
1986
1998
1997
2004
2001
2004
1993
2011
2008
2017
2019
2010
2008
2011
2012
2007
2014
2009
2008
2009
2011
2004
2011
2007
2012
1999
1997
1995
2001
1996
2003
1994
1992
1989
1984
1991
1984
1984
1990
1981
1976
1981
1977
1971
1991
1989
1976
1987
1983
1995
1981
1995
1996
2005
1995
2002
2005
2013
2016
2013
2011
2013
2024
2017
2024
2027
2019
2029
2024
2028
2027
2020
2036
2032
2027
2025
2025
2031
2029
2028
2013
2009
2017
2012
2011
2019
2011
2015
2013
2009
2003
2007
1999
1995
2001
2004
1995
1994
1993
2002
1997
1989
1992
1992
1989
2002
1999
1992
2001
2005
2009
2003
2001
2013
2001
2008
2014
2011
2015
2012
2016
2021
2021
2011
2021
2025
2027
2022
2014
2024
2021
2023
2013
2020
2012
2021
2017
2013
2012
2008
2006
2008
2011
2008
1995
1996
2001
1995
1995
1996
1994
1996
1981
1983
1996
1993
1989
1989
1981
1979
2002
1978
2001
1997
1999
1999
1998
2008
2011
2002
2013
2009
2024
2014
2020
2018
2031
2037
2031
2025
2031
2043
2039
2032
2035
2041
2040
2029
2043
2040
2040
2031
2039
2031
2027
2020
2019
2019
2020
2009
2008
2019
2003
2007
1995
1997
1997
1993
1984
1979
1977
1981
1968
1975
1977
1974
1968
1973
1962
1974
1977
1973
1979
1975
1977
1968
1977
1987
1980
1976
1987
1990
1992
1987
1995
2005
1994
1992
2001
2009
2007
2001
2008
2009
2011
2013
2021
2009
2015
2013
2017
2007
2005
2017
2007
2009
2005
2005
2003
1996
1995
1993
1995
1999
1988
1986
1997
1988
1976
1991
1982
1981
1971
1976
1976
1969
1976
1976
1983
1976
1976
1976
1980
1982
1975
1979
1976
1971
1977
1996
1993
1996
1989
1995
2003
2001
1996
2001
2009
2007
2002
2007
2011
2007
1995
2010
2005
2009
2013
2007
2013
2015
2011
2007
2000
2005
2010
2011
2010
2003
2010
2013
2015
2005
2005
2011
2011
2006
2007
2008
2008
2001
2011
2007
2009
2005
2010
2000
2005
2010
2013
2009
2009
2013
2016
2005
2013
2019
2011
2007
2013
2019
2011
2011
2020
2011
2028
2014
2014
2019
2023
2013
2014
2003
2021
2015
2016
2012
2019
2011
2016
2008
2008
2006
2008
2008
2011
2007
2011
2007
2012
2019
2017
2007
2005
1997
2001
2011
1999
2007
2000
2007
2007
2010
2005
2014
2011
2013
2013
2019
2013
2014
2011
2015
2009
2023
2021
2030
2028
2041
2025
2041
2028
2028
2041
2039
2043
2043
2054
2040
2055
2051
2052
2045
2057
2057
2055
2063
2053
2055
2055
2057
2053
2051
2041
2045
2036
2043
2038
2029
2028
2033
2028
2015
2025
2009
2018
2003
2006
2009
2009
2003
1996
1989
1995
1997
1991
1991
1997
2001
1995
1989
1993
1983
1995
1999
2004
2005
2005
2006
2005
2010
2021
2023
2021
2023
2028
2031
2028
2028
2035
2035
2026
2035
2037
2032
2029
2027
2025
2026
2021
2027
2019
2013
2013
2013
2009
2009
2004
2003
2006
2001
1991
1980
1988
1981
1976
1979
1968
1981
1982
1980
1979
1979
1979
1979
1982
1983
1981
1973
1989
1979
1980
1989
1994
1995
1998
1997
2002
2000
1997
2005
1999
1999
2013
2005
2012
2013
2011
2010
2005
2007
1997
2007
2007
1994
1995
2002
1994
1998
2008
2004
2000
2001
1995
2003
1999
1999
1984
1995
1999
1989
1991
1994
1985
1983
1984
1992
1982
2003
1980
1992
1980
2001
1993
1984
1979
1981
1975
1983
1990
1979
1992
1977
1992
1991
1991
1989
1991
1988
1978
1984
1981
1991
1981
1988
1981
1987
1982
1979
1983
1987
1989
1990
1983
1987
1979
1976
1977
1989
1974
1977
1976
1973
1979
1981
1981
1974
1987
1983
1976
1975
1977
1977
1977
1977
1983
1979
1977
1988
1981
1981
1984
1989
1982
1981
1997
2000
1999
1997
1999
2004
2003
2005
2011
2001
2001
2017
2013
2021
2017
2022
2021
2029
2029
2020
2024
2021
2024
2029
2033
2038
2025
2031
2033
2022
2026
2028
2026
2037
2029
2023
2020
2017
2021
2021
2013
2023
2015
2011
2011
2007
2000
2007
1995
2000
2005
2005
2001
2002
1996
2005
2000
1997
2005
2002
1997
1997
1984
1997
2002
2003
1992
2009
2001
2000
2004
2007
2011
2001
2005
2004
2004
2006
2007
2011
2003
2007
2007
1998
2011
2003
2007
2000
2019
2009
2009
2009
1997
2005
2005
2010
2008
2008
2013
2009
2004
2005
2003
2003
2008
2000
2009
2003
2005
2013
2009
2011
2013
2014
2009
2021
2013
2023
2021
2016
2017
2033
2023
2032
2033
2029
2024
2035
2035
2032
2037
2035
2036
2039
2035
2039
2031
2043
2029
2036
2040
2032
2053
2033
2036
2037
2035
2033
2037
2032
2030
2029
2030
2024
2023
2026
2023
2013
2019
2007
2021
2015
2010
2012
2005
2012
2001
2000
2005
2003
2002
1998
1998
2011
1997
2005
2001
1995
1996
1992
1999
2009
2003
2007
2004
2007
2003
2001
2009
2008
2009
1999
2009
2004
2000
2015
2013
2006
2009
1996
2000
2009
2007
2008
2007
2009
2007
2013
2004
2005
2001
2009
2003
2000
1999
1997
2008
1993
1991
1999
2001
1996
1996
1989
1994
1994
2003
1995
1994
1999
1991
1995
1993
1993
1995
1995
1999
1997
1995
1992
2005
2008
2011
2007
2009
2007
2001
2014
2011
2007
2012
2018
2017
2026
2017
2017
2022
2024
2024
2015
2021
2021
2020
2013
2025
2020
2015
2021
2025
2008
2012
2017
2015
2011
2019
2004
2011
2005
1991
2011
1998
2004
1993
1993
1997
1992
1984
1991
1993
1981
1995
1995
1991
1995
1995
1981
2001
1997
1992
1991
2001
2000
1997
2005
2000
2009
1997
1997
1998
2000
1997
2007
2011
2005
2007
2003
2011
2005
2009
2009
2008
1996
2000
2003
2005
1997
2004
2003
2005
2003
2004
2000
2004
1993
1995
1999
2003
2005
2001
2007
1992
1998
2000
2003
1995
1993
2005
1994
2001
2005
2003
2001
2007
2005
1998
2003
2009
2011
2013
2009
2019
2021
2005
2007
2006
2007
2010
2015
2011
2018
2013
2011
2009
2009
2005
2005
2005
2011
2019
2011
2008
2001
2004
1999
2011
2005
2006
1998
1999
1995
1989
1995
1984
1989
1993
1993
1988
1993
1979
1987
1995
1972
1979
1980
1995
1991
1983
1983
1984
1987
1993
1979
1979
1983
1991
1994
1996
1992
2007
1992
1995
1997
1992
2007
1995
1999
2004
2005
2008
2001
2007
2005
2004
2005
2008
1999
2005
2009
2005
1999
2011
2009
1992
2007
2001
1996
2001
2003
1995
1989
1998
2003
1998
1999
2004
2002
2001
1992
1989
1995
1995
1989
1992
1992
1999
1996
1995
1984
1995
1989
1999
1979
2003
1995
1996
1997
2001
1992
1993
2003
1995
2003
1984
1995
1997
1993
1993
1982
2003
1997
1984
1993
1992
1995
1983
1993
1993
1984
1993
1993
1981
1984
1978
1984
1991
1981
1984
1993
1992
1983
1976
1979
1990
1990
1983
1993
1995
2001
1995
1995
2001
1999
2001
2001
2000
2000
2005
2005
2004
1992
1997
1997
2005
2001
1993
2007
2002
1994
1984
2003
1999
1992
1996
1992
1995
1990
1989
1984
1991
1980
1989
1981
1973
1975
1963
1973
1977
1967
1966
1963
1961
1959
1967
1974
1967
1965
1971
1973
1971
1968
1971
1968
1967
1979
1977
1975
1976
1987
1991
1987
1989
1997
1993
1995
2000
1995
1998
1993
2003
2006
2007
2000
2006
2004
2008
2005
2001
2003
2005
1995
2005
2001
1997
1984
1983
1997
1990
1993
1989
1991
1991
1991
1983
1979
1983
1979
1983
1972
1983
1976
1973
1983
1977
1977
1984
1975
1987
1991
1980
1977
1991
1985
2001
2002
1992
2007
2001
2001
2003
2000
2003
2009
2008
2003
2009
2013
2017
2010
2016
2023
2023
2013
2027
2013
2023
2019
2025
2016
2025
2028
2020
2023
2024
2027
2029
2025
2029
2025
2038
2019
2028
2029
2032
2025
2027
2030
2029
2041
2035
2032
2027
2034
2036
2030
2031
2041
2031
2032
2040
2040
2024
2032
2029
2034
2027
2043
2035
2031
2024
2029
2031
2026
2027
2017
2035
2027
2023
2016
2023
2017
2013
2009
2009
2003
1998
2005
1997
1994
1997
1988
1997
1991
1990
1983
1993
1988
1981
1980
1977
1987
1983
1984
1979
1995
1987
1981
1981
1981
1993
1983
1984
1991
2001
2001
1996
1996
2005
2005
2009
2003
2008
2008
2003
2007
2019
2015
2003
2007
2009
2011
2009
2012
2012
2018
2009
2008
2011
2007
2005
2005
2007
2011
2008
2009
1997
2004
1992
2005
2004
2001
1993
1997
2003
2003
1997
2008
2009
1997
2004
2003
2012
2001
2010
2013
2020
2025
2021
2016
2023
2023
2021
2026
2036
2035
2027
2027
2031
2031
2034
2025
2027
2025
2031
2031
2023
2028
2020
2024
2014
2013
2013
2014
2012
2011
1999
1993
2001
1997
2001
1990
1978
1981
1979
1973
1976
1979
1973
1977
1967
1970
1975
1967
1966
1965
1965
1977
1975
1975
1972
1967
1975
1977
1974
1976
1971
1979
1979
1981
1975
1987
1978
1980
1995
1996
1997
1989
1993
2003
1995
1998
2010
2008
1999
2011
2004
2007
2021
2012
2023
2021
2016
2015
2026
2024
2021
2010
2013
2021
2023
2024
2021
2007
2013
2009
2019
2014
2021
2006
2008
2012
2002
2019
2008
2011
2009
2012
2015
2011
2014
2013
2004
2011
2015
2015
2023
2021
2020
2022
2023
2020
2027
2031
2027
2021
2027
2039
2019
2039
2037
2027
2035
2029
2039
2037
2035
2025
2041
2037
2039
2035
2027
2029
2024
2028
2029
2031
2013
2021
2011
2021
2013
2010
2008
2004
2007
2007
2003
1994
2007
2001
2005
1991
1984
2009
1996
2009
2002
2000
1999
1996
2008
1997
2003
2003
2003
2005
2013
2007
2009
2007
2025
2018
2017
2016
2022
2021
2026
2025
2025
2029
2037
2039
2036
2036
2040
2041
2039
2044
2037
2041
2043
2043
2041
2040
2035
2039
2036
2039
2028
2028
2031
2035
2029
2024
2024
2023
2019
2019
2010
2019
2019
2015
2009
2007
2007
2009
2000
2000
2004
2005
1992
1995
1995
2005
2000
2002
2003
2001
1992
1983
1995
1989
1989
1992
1989
1991
1990
1984
1981
1976
1965
1979
1973
1976
1980
1981
1976
1971
1961
1972
1974
1968
1968
1977
1979
1981
1979
1973
1973
1979
1976
1976
1981
1977
1972
1987
1979
1976
1978
1979
1983
1982
1994
1983
1991
1983
1991
1990
1992
2000
1997
2001
2000
2002
2005
2003
2003
2009
2004
2005
2012
2009
1997
1997
2008
2013
2017
2009
2019
2016
2012
2012
2010
2010
2012
2011
2005
2010
2005
2023
2018
2012
2013
2011
2012
2013
2015
2009
2011
2015
2003
2007
2013
2012
2018
2017
2009
2023
2015
2012
2021
2027
2019
2023
2035
2025
2025
2024
2037
2031
2023
2029
2035
2040
2025
2037
2038
2039
2031
2043
2043
2039
2035
2036
2034
2037
2037
2037
2025
2032
2024
2027
2029
2022
2024
2023
2026
2023
2015
2018
2013
2009
2021
2017
2016
2011
2005
1998
2001
2007
1997
2007
2005
2003
2001
2005
2008
2008
1997
1995
2005
2001
2001
2007
2005
2009
1993
2007
2005
1997
2004
2009
2007
2007
2007
2021
2013
2015
2009
2023
2016
2016
2026
2024
2023
2024
2027
2020
2016
2013
2029
2021
2024
2020
2022
2025
2027
2023
2021
2023
2023
2037
2021
2023
2023
2014
2023
2023
2019
2024
2017
2016
2016
2001
2017
2009
2009
2009
2009
2003
1995
2007
1996
2009
2008
1995
2005
2001
2003
2007
2000
1984
1997
1984
1990
1991
1993
2001
1992
1989
1997
1995
1992
1974
1984
1979
1987
1989
1979
1984
1987
1977
1979
1984
1975
1979
1990
1989
1972
1976
1980
1979
1975
1976
1963
1981
1977
1973
1981
1983
1975
1979
1978
1982
1980
1978
1995
1989
1991
1995
1995
1987
1996
1997
1993
1991
1996
1997
1999
1997
1992
1995
2008
1995
2001
2005
2003
2003
1998
2005
1997
1996
1996
1992
2001
1996
1993
2003
1996
1997
1980
1984
1989
1989
1983
1988
1991
1983
1983
1977
1973
1976
1975
1983
1981
1975
1979
1977
1968
1977
1988
1987
1986
1987
1979
1980
1981
1976
1981
1990
1979
1984
1993
1984
1988
1995
1995
1992
1990
1995
1998
1996
2001
1997
1997
1993
1989
1997
1980
1994
1996
1991
1995
1979
1991
1982
1983
1977
1983
1981
1983
1979
1968
1974
1971
1973
1974
1968
1975
1975
1975
1968
1964
1965
1975
1979
1965
1977
1978
1976
1979
1997
1977
1969
1989
1975
1979
1983
1982
1989
1981
1987
1992
1989
1997
1984
1992
1993
1987
1983
1983
1985
1989
1987
1989
1977
1980
1981
1987
1979
1978
1975
1976
1967
1961
1976
1964
1965
1976
1973
1968
1963
1971
1973
1950
1960
1961
1965
1963
1965
1965
1960
1965
1965
1971
1969
1975
1974
1973
1980
1975
1987
1989
1984
1984
1991
1980
1994
1992
1983
2005
2001
2000
1993
2001
1997
2007
1994
2003
1997
1998
1993
1995
1993
1984
1991
1977
1991
1987
1989
1989
1976
1981
1989
1989
1978
1979
1977
1981
1977
1975
1975
1989
1963
1976
1975
1981
1981
1981
1977
1987
1988
1989
1989
1984
1991
1999
1989
1998
1991
1997
2003
2005
2003
2006
2007
2009
2011
2011
2009
2015
2015
2011
2009
2011
2011
2009
2019
2013