1944,2043
1943,2021
1944,2008
1938,2059
1949,2043
1947,2072
1948,2002
1959,2044
1960,2088
1970,2011
1965,2036
1980,2024
1996,2063
1984,2017
1999,2037
2016,2073
2024,2092
2023,2039
2035,2043
2051,2038
2063,2037
2063,2033
2073,2048
2088,2009
2093,2041
2091,2023
2104,2070
2112,2068
2122,2072
2128,2027
2141,2044
2133,2040
2145,2061
2157,2009
2163,2020
2168,2007
2169,2033
2169,2072
2186,2054
2185,2041
2192,2028
2188,2056
2194,2011
2185,2035
2195,2001
2184,2003
2183,2040
2181,2026
2171,2005
2172,2021
2161,2035
2153,2063
2154,2021
2144,1993
2143,2017
2131,2052
2121,2038
2113,2068
2109,2043
2104,2045
2089,2073
2088,2057
2081,2043
2072,2072
2069,2073
2045,2008
2035,2020
2034,2021
2024,2039
2020,2023
2016,2043
2001,2039
1992,2046
1985,2073
1971,2048
1967,2021
1967,2025
1965,2045
1963,2069
1952,2031
1964,2056
1952,2072
1960,2040
1960,2048
1954,2009
1959,2040
1961,2080
1957,2027
1965,2064
1968,2027
1975,2039
1980,2035
1979,2019
1992,2039
2000,2068
2008,2008
2013,2077
2023,2028
2024,2056
2027,2019
2036,2053
2039,1995
2052,2040
2063,2061
2067,2067
2075,2035
2087,2025
2091,2063
2103,2035
2104,2058
2121,2027
2132,2019
2136,2066
2143,2063
2153,2056
2163,2025
2165,2059
2184,2066
2169,2043
2186,2042
2195,2036
2189,2037
2199,2067
2201,2046
2201,2027
2204,2028
2205,2044
2201,1999
2205,2072
2187,2023
2197,2086
2192,2054
2182,2056
2173,2007
2179,1997
2163,2065
2161,2019
2157,2025
2149,2058
2140,2035
2131,2063
2129,2037
2119,2045
2104,2030
2097,2011
2090,2071
2079,2057
2066,2041
2070,2045
2057,2065
2052,2028
2031,2063
2024,2071
2016,2073
2003,2032
1999,2066
1991,2035
1981,2055
1976,2056
1976,2055
1968,2022
1963,2021
1957,2029
1960,2015
1959,2068
1957,2078
1953,2055
1952,2030
1960,2033
1949,2069
1958,2031
1960,2079
1960,2024
1964,2059
1965,2028
1976,2025
1976,2021
1981,2024
1984,2020
1987,2053
1999,2071
1999,2033
2012,2065
2024,2060
2025,2023
2025,2042
2041,2063
2056,2012
2066,2060
2071,2037
2071,2035
2081,2021
2085,2041
2099,2073
2103,2067
2118,2035
2122,2056
2129,2041
2135,2061
2143,2019
2152,2073
2149,2063
2161,2028
2169,2036
2169,2013
2184,2025
2185,2057
2183,2041
2192,2068
2192,2057
2195,2063
2183,2038
2192,2005
2181,2084
2180,2021
2173,2043
2172,2007
2169,2043
2163,2056
2156,2038
2153,2053
2140,2048
2135,2029
2127,2069
2127,2021
2119,2029
2107,2021
2103,2029
2097,2055
2085,2027
2075,2029
2072,2037
2060,2072
2048,1991
2039,2039
2032,2055
2029,2079
2015,2058
2008,2041
1998,2056
1992,2026
1978,2023
1963,2077
1960,2037
1962,2052
1960,2093
1956,2029
1954,2029
1951,2035
1948,2056
1943,2072
1945,2019
1947,2027
1939,2074
1944,2057
1931,2096
1951,2077
1952,2040
1951,2024
1961,2058
1960,2018
1964,2040
1968,2029
1981,2088
1981,2034
1993,2062
1995,2007
2006,2054
2015,2035
2019,2033
2027,2068
2036,2068
2048,2040
2044,2019
2056,2023
2076,2088
2080,2088
2083,2055
2093,2011
2101,2121
2107,2548
2121,2415
2123,1323
2141,1360
2135,2464
2148,2316
2149,1861
2158,1672
2167,2168
2175,2448
2176,1893
2179,1357
2184,2297
2192,2629
2187,1932
2179,1763
2173,1505
2171,2023
2176,2412
2174,1559
2181,1633
2160,2581
2163,2366
2163,1800
2149,2016
2139,2155
2132,1904
2131,2002
2125,2143
2116,2187
2101,2303
2101,1928
2092,1704
2084,2152
2081,2253
2065,2033
2068,1979
2060,1997
2039,2063
2017,2043
2011,1871
2003,2021
1999,2258
1980,2194
1976,1925
1973,1892
1964,2100
1957,2104
1944,2040
1940,2037
1939,2071
1944,2040
1938,2023
1931,2023
1927,2044
1925,2152
1931,2105
1933,2009
1933,1991
1932,2092
1942,2058
1940,1973
1938,2043
1937,2039
1945,2093
1959,2045
1961,2015
1972,2057
1965,2056
1984,2035
1987,2007
1997,2040
2007,2072
2010,2061
2017,2063
2034,2034
2040,2025
2060,2067
2069,2093
2073,2069
2092,2024
2091,2080
2106,2023
2115,2021
2115,2041
2124,2040
2137,2053
2141,2053
2147,2057
2151,2057
2153,2065
2163,2048
2168,1997
2173,1987
2179,2020
2183,2015
2180,2026
2192,2055
2197,2028
2197,2069
2193,2053
2187,2054
2187,2074
2184,2039
2173,2045
2165,2019
2163,2033
2152,2055
2153,2037
2151,2025
2138,2029
2125,2024
2119,2068
2114,2063
2093,2025
2099,2075
2077,2065
2073,2072
2063,2068
2060,2011
2036,2039
2031,2025
2024,2071
2011,2019
2014,2045
2005,2069
1993,2057
1991,2088
1975,2065
1969,2068
1966,2062
1959,2065
1952,2045
1944,2040
1943,2063
1945,2018
1942,2023
1944,2076
1938,2063
1929,2008
1939,2066
1943,2043
1941,2063
1933,2024
1945,2044
1943,2046
1950,2071
1955,2023
1947,2044
1969,2058
1969,2075
1980,2068
1990,2037
1993,2019
1993,2024
2011,2033
2015,2071
2016,2026
2028,2047
2026,2024
2037,2040
2044,2041
2053,2040
2066,2040
2069,2045
2081,2003
2083,2035
2094,2015
2091,2004
2104,2024
2117,2068
2111,2056
2132,2009
2133,2023
2147,2068
2154,2060
2160,2024
2160,2035
2168,2003
2161,2035
2171,2047
2176,2054
2180,2005
2167,1998
2167,2044
2163,2041
2159,2075
2155,2039
2159,2055
2153,2035
2153,2015
2144,2041
2135,2053
2129,2044
2133,2053
2127,2023
2119,2068
2107,2035
2107,2044
2100,2053
2091,2041
2088,2035
2071,2024
2063,2044
2062,2060
2055,2045
2040,2065
2027,2020
2027,2077
2015,2064
2003,2003
2003,2065
1987,2087
1988,2021
1970,2051
1966,2044
1957,2023
1945,2025
1948,2037
1950,2070
1952,2019
1955,2063
1947,2029
1941,2027
1946,2036
1945,2079
1951,2071
1947,2047
1947,2080
1948,2043
1947,2054
1953,2033
1959,2009
1960,2017
1968,2023
1975,2063
1978,2036
1980,2047
1991,2023
2000,2027
2011,2065
2008,2055
2026,2088
2031,2008
2044,2025
2056,2024
2066,2013
2073,2035
2083,2032
2087,2027
2097,2043
2105,2044
2114,1997
2117,2011
2123,2040
2125,2015
2140,2065
2147,2025
2153,2026
2159,2054
2158,2063
2170,2075
2172,2021
2182,2027
2192,2036
2191,2063
2191,2063
2189,2021
2195,2032
2199,2032
2192,2037
2195,2028
2188,1927
2179,1725
2180,2155
2168,2389
2168,1935
2164,1915
2159,2143
2151,1897
2134,1725
2125,1771
2127,2201
2117,2440
2101,1814
2097,1679
2091,2248
2083,2088
2076,1825
2072,1879
2063,2059
2045,2362
2031,2208
2028,1689
2018,1781
2015,2311
2009,2074
2004,1854
1991,2156
1982,2225
1974,2057
1974,1897
1961,1815
1959,2123
1953,2278
1957,1997
1951,1968
1950,2109
1953,2117
1951,1991
1951,1877
1963,2033
1962,2240
1959,2097
1971,1982
1976,2020
1974,2033
1987,2152
1996,2029
2000,1998
2009,2083
2011,2121
2027,1992
2031,2039
2029,2096
2040,2069
2057,2063
2068,2019
2057,2028
2074,2056
2075,2088
2084,2036
2091,2072
2098,2055
2103,2021
2120,2001
2121,2028
2145,2021
2143,2083
2154,2024
2164,2043
2171,2071
2181,2030
2193,2007
2190,2047
2195,2051
2200,2024
2201,1995
2198,2025
2205,2086
2201,2040
2197,2072
2199,2074
2188,2029
2183,2074
2171,2039
2171,2015
2184,2096
2173,2065
2169,2009
2167,2044
2161,2048
2161,2043
2163,2024
2152,2044
2143,2018
2137,2034
2129,2029
2125,2076
2107,2043
2099,2019
2083,2072
2075,2065
2063,2015
2057,2056
2044,2037
2039,2029
2025,2068
2022,2064
2007,2021
1997,2065
1994,2058
1979,2037
1986,2037
1978,2065
1979,2072
1973,2055
1972,2029
1969,2040
1965,2071
1964,2068
1961,2051
1959,2043
1959,2064
1956,2024
1956,2058
1953,2043
1955,2056
1952,2029
1953,2067
1962,2056
1958,2035
1971,2030
1959,2079
1981,2073
1981,2057
1981,2027
1993,2073
1997,2052
2015,2068
2018,2053
2024,2066
2035,2078
2031,2041
2057,2052
2057,2019
2071,1991
2077,2044
2083,2063
2088,1993
2092,2015
2093,2023
2103,2041
2115,2017
2115,2080
2127,2065
2135,2071
2146,2035
2152,2035
2151,2040
2166,2055
2170,2001
2175,2027
2173,2009
2179,2068
2186,2062
2195,2017
2188,2023
2185,2032
2185,2055
2181,2083
2166,2019
2165,2039
2167,2055
2157,2028
2151,2043
2151,2072
2143,2009
2134,2015
2133,2057
2120,2021
2104,2077
2101,2036
2101,2054
2080,2088
2067,2035
2067,2057
2063,2040
2061,2100
2043,2031
2031,2035
2024,2021
2016,2066
2005,2047
2003,2057
1985,2041
1982,2045
1980,2035
1955,2034
1955,2044
1952,2060
1948,2029
1939,2076
1933,2040
1930,2077
1933,2075
1933,2040
1939,2019
1929,2056
1931,2027
1939,2037
1936,2066
1947,2074
1945,2037
1952,2040
1960,2011
1962,2039
1962,2036
1965,2046
1981,2076
1987,2043
1992,2056
1997,2028
1991,2019
2007,2029
2008,2067
2023,2027
2033,2034
2039,2073
2039,2063
2057,2038
2069,2057
2082,2043
2081,2031
2093,2079
2105,2012
2105,2063
2113,2023
2130,2056
2143,2071
2144,2071
2151,2031
2164,2079
2161,2032
2172,2025
2171,2029
2182,2080
2167,2056
2173,2011
2185,2056
2174,2057
2174,2011
2180,2011
2175,2035
2164,2030
2163,2071
2166,2041
2165,2064
2157,1997
2143,2054
2145,2027
2135,2015
2130,2035
2121,2056
2124,2001
2106,2056
2104,2011
2101,2076
2084,2050
2075,2051
2068,2063
2045,2053
2043,2073
2035,2059
2021,2097
2017,2048
2012,2047
1999,2038
2001,2033
1979,2035
1977,2021
1969,2063
1959,2041
1975,2052
1962,2071
1958,2024
1949,2041
1949,2056
1953,2056
1955,2033
1958,2011
1952,2063
1948,2067
1952,2070
1955,2056
1947,2037
1953,2063
1948,2036
1965,2055
1958,2063
1963,2009
1976,2017
1980,2009
1977,2035
1995,2065
2007,2068
2010,2069
2017,2066
2021,2044
2027,2040
2040,2033
2044,2011
2041,2029
2069,2041
2074,2069
2078,2040
2092,2063
2101,2052
2101,2028
2099,2041
2115,2064
2115,2055
2129,2053
2143,2027
2145,2047
2150,2056
2153,2042
2157,2057
2171,2041
2169,2073
2174,2059
2189,2057
2185,2040
2188,2041
2185,1997
2181,1996
2184,2072
2191,2067
2179,2067
2171,2011
2163,2040
2168,2043
2153,2043
2155,2027
2142,2023
2140,2082
2138,2042
2131,2009
2115,2040
2115,2076
2106,2063
2097,2078
2091,2076
2082,2053
2071,2032
2072,2078
2061,2080
2048,2084
2036,2024
2030,2053
2016,2060
2005,2064
2003,2018
2000,2041
1992,2015
1983,2066
1965,2036
1965,2044
1963,2076
1953,2005
1946,2063
1948,2063
1941,2032
1944,2073
1945,2053
1945,2071
1944,2030
1946,2021
1950,2023
1952,2008
1947,2028
1952,2029
1960,2042
1967,2078
1964,2036
1978,2059
1982,2026
1973,2052
1987,2061
1998,2042
1997,2045
2009,2080
2021,2063
2025,2045
2036,2031
2046,2040
2051,2023
2057,2043
2075,2039
2079,2063
2093,2040
2100,2071
2110,2011
2112,2051
2124,2075
2127,2072
2138,2033
2149,2017
2157,2057
2163,2032
2171,2066
2169,2005
2180,2063
2185,2042
2184,2072
2183,2031
2191,2048
2195,2040
2199,2027
2199,2016
2189,2017
2197,2077
2192,2071
2192,2059
2188,2052
2185,2009
2179,2012
2171,2064
2156,2072
2153,2037
2152,2069
2139,2053
2139,2053
2131,2053
2122,2063
2105,1993
2108,1987
2091,2027
2083,2041
2073,2053
2067,2069
2063,2038
2055,2031
2039,2023
2035,2074
2021,2064
2023,2068
2009,2023
2009,2045
1988,2054
1995,2073
1984,2065
1976,2068
1976,2030
1963,2035
1957,2074
1960,2039
1955,2029
1961,2017
1957,2071
1949,2056
1960,2012
1959,2008
1963,2055
1966,2029
1968,2047
1964,2006
1969,2021
1971,2034
1987,2019
1988,2029
1997,2025
2009,2056
2011,2063
2007,2028
2027,2053
2032,2068
2040,2072
2044,2063
2055,2044
2057,2012
2074,2037
2076,2029
2088,2048
2100,2078
2103,2088
2112,2047
2116,2088
2129,2003
2141,2063
2140,2080
2146,2055
2153,2025
2168,2023
2169,2048
2182,2027
2173,2021
2185,2088
2195,2042
2196,2030
2199,2071
2202,2058
2203,2063
2205,2035
2193,2045
2189,2029
2195,2017
2194,2035
2189,2040
2183,2021
2181,2091
2177,2030
2166,2011
2156,2026
2154,2048
2145,2063
2135,2017
2131,2033
2127,1999
2115,2011
2105,1989
2103,2008
2088,2039
2086,2039
2074,2052
2068,2058
2056,2021
2035,2042
2032,2056
2024,2055
2015,2076
2011,2074
2009,2053
1988,2040
1976,2067
1971,2054
1969,2068
1968,2076
1961,2058
1957,2035
1956,2021
1949,2053
1947,2077
1948,2033
1949,2041
1947,2083
1948,2071
1949,2063
1955,2043
1960,2063
1960,2013
1957,2023
1965,2071
1971,2017
1974,2041
1981,2025
1989,2038
1993,2047
1987,2040
2006,2067
2003,2048
2016,2058
2024,2040
2032,2045
2051,2087
2053,2023
2064,2036
2059,2023
2069,2030
2086,2040
2094,1995
2103,2060
2102,2043
2109,2059
2120,2091
2129,2043
2138,2235
2143,2450
2152,1777
2156,1328
2157,2354
2157,2657
2163,1995
2176,1576
2185,1879
2185,2324
2184,2053
2185,1335
2185,2273
2184,3060
2179,2352
2178,1648
2164,1896
2161,2153
2155,2508
2156,2041
2150,1525
2151,2192
2139,2555
2133,1712
2126,1664
2120,2288
2109,2085
2108,1965
2094,2192
2090,2187
2080,2255
2072,2075
2063,1627
2056,1993
2043,2395
2033,2109
2027,1915
2022,1973
2012,1975
2003,2074
1981,2015
1977,1956
1966,2144
1964,2265
1947,2019
1952,1761
1949,1964
1939,2237
1936,2181
1925,2019
1929,1984
1935,1965
1935,2041
1931,2072
1935,2030
1932,2079
1937,2172
1945,2020
1937,1936
1952,2072
1955,2077
1963,2041
1968,2007
1975,2069
1984,2083
1977,2093
1991,1985
1993,2016
2007,2095
2005,2041
2011,1979
2024,2015
2039,2072
2037,2088
2063,2094
2065,2063
2075,1997
2097,1995
2098,2079
2107,2063
2122,2019
2128,2066
2138,2057
2144,2072
2153,2024
2151,2010
2165,2016
2181,2082
2175,2044
2188,2014
2179,2063
2192,2057
2197,2020
2196,2026
2193,2020
2198,2059
2200,2063
2192,2044
2185,2033
2195,2067
2181,2033
2184,2044
2171,2073
2165,2056
2163,2055
2157,2085
2153,2056
2150,2028
2138,1993
2122,1996
2117,2072
2115,2041
2099,1973
2083,2072
2083,2041
2071,2019
2057,2025
2056,2009
2040,2041
2016,2061
2015,2064
2003,2051
1997,2060
1993,2039
1979,2064
1971,2075
1963,2055
1962,2026
1957,2063
1950,2023
1953,2065
1953,2035
1939,2019
1943,2037
1946,2038
1944,2027
1941,2060
1939,2033
1944,2072
1939,2063
1942,1993
1945,2069
1947,2087
1956,2044
1949,2071
1960,2031
1964,2088
1976,2012
1984,2015
1989,2019
1994,2066
1995,2028
2011,2077
2014,1993
2018,2063
2031,2023
2033,2035
2037,1991
2055,2055
2063,2008
2069,2029
2079,2068
2084,2063
2091,2076
2091,2023
2097,1995
2125,2072
2107,2072
2122,2044
2132,2044
2136,2058
2137,2035
2148,2021
2152,2032
2157,2015
2151,2011
2160,2076
2163,2048
2165,2039
2168,2025
2167,2055
2166,2033
2164,2032
2159,2041
2163,2021
2151,2071
2149,1989
2146,2021
2137,1987
2131,2066
2117,2063
2115,2079
2099,2048
2092,2067
2098,2023
2096,2046
2081,2021
2074,2045
2063,2075
2058,2017
2053,2039
2040,2084
2029,2040
2024,2070
2016,2011
2007,2068
2002,2013
1995,2039
1988,2053
1976,2024
1965,2041
1959,2046
1947,2072
1947,2035
1944,2065
1932,2041
1928,2042
1937,2028
1927,2063
1929,2008
1935,2021
1929,2027
1929,2029
1942,2048
1931,2068
1943,2079
1944,2052
1947,2080
1949,2071
1952,2003
1954,2021
1959,2073
1964,2043
1976,2054
1988,2039
1992,2053
1992,2039
2003,1978
2011,2079
2020,2043
2028,2007
2035,2013
2056,2068
2063,2040
2063,2040
2073,2021
2087,2056
2096,2054
2104,2083
2105,2033
2119,2023
2123,2078
2129,2053
2147,2035
2152,2053
2164,2037
2157,2048
2167,2040
2167,2008
2184,2072
2171,2074
2191,2048
2190,2056
2193,2053
2191,2045
2191,2052
2188,2040
2190,2072
2189,2089
2187,2063
2176,2071
2169,2057
2168,2020
2167,2065
2157,2039
2151,2051
2145,2045
2137,2015
2123,2059
2121,2035
2120,2044
2112,2079
2096,2021
2094,2033
2084,2053
2075,2044
2069,2066
2060,2036
2043,2041
2033,2057
2020,2060
2021,2043
2005,2045
2008,2035
1995,2025
1989,2070
1975,2073
1980,2040
1973,2040
1973,2072
1961,2040
1963,2040
1959,2064
1948,2016
1960,2101
1956,2029
1958,2034
1949,2037
1959,2055
1953,2035
1965,2084
1963,2066
1979,2025
1973,2035
1973,2035
1977,2021
1998,2022
2004,2035
2013,2021
2011,2088
2023,2026
2023,2035
2037,2080
2043,2027
2056,2013
2063,2094
2072,2021
2073,2025
2091,2011
2096,2018
2103,2072
2108,2053
2120,2011
2127,2040
2130,2063
2136,2034
2144,2038
2152,2045
2165,2064
2170,2055
2171,2019
2169,2019
2186,2043
2196,2029
2194,2076
2201,2025
2200,2035
2197,2029
2193,2035
2191,2026
2189,2039
2192,1988
2192,2054
2188,2079
2181,2067
2169,2007
2161,2034
2157,2043
2149,2023
2147,2042
2143,2029
2131,2048
2134,2076
2123,2011
2117,2039
2108,2037
2098,2023
2083,2039
2077,2043
2076,2027
2067,2028
2052,2045
2031,2056
2033,2060
2023,2063
2011,2040
2007,2076
1993,2065
1995,2056
1975,2019
1976,2070
1967,2034
1962,2073
1960,2033
1963,2036
1956,2084
1944,2041
1947,2038
1952,2072
1944,2056
1943,2041
1951,2076
1949,2033
1941,2043
1943,1981
1956,2051
1960,2005
1965,2036
1961,2065
1970,2069
1971,2042
1988,2041
1992,2044
1998,2063
2000,2076
2001,2001
2007,2043
2017,2007
2033,2027
2038,2031
2041,2044
2064,2080
2068,2069
2077,2078
2081,2015
2096,2055
2105,2030
2103,2071
2121,2072
2124,2071
2131,2057
2141,2035
2149,2039
2157,2015
2153,2056
2168,2053
2175,2065
2173,2028
2173,2063
2188,2023
2191,2011
2195,2007
2185,2058
2195,2032
2195,2076
2196,2068
2191,2010
2186,2030
2185,2068
2176,2076
2156,1995
2170,2029
2160,2029
2147,2071
2148,2062
2135,2024
2123,1994
2120,2027
2103,2079
2101,2039
2096,2060
2089,2007
2076,2063
2067,2029
2056,2042
2045,2058
2041,2030
2027,2043
2025,2025
2016,2068
2012,1999
2005,2036
1989,2063
1987,2072
1971,2041
1967,2039
1963,2029
1963,2023
1953,2039
1954,2059
1949,2024
1952,2059
1957,2011
1943,2045
1945,2080
1949,2055
1947,2080
1952,2077
1958,2027
1961,2040
1964,2023
1968,2060
1976,2039
1977,2023
1977,2053
1987,2057
1992,2015
2001,2057
2011,2033
2011,2036
2025,2065
2025,2027
2040,2056
2052,2012
2057,2039
2065,2025
2067,2037
2087,2075
2092,2075
2101,2060
2103,2035
2119,2055
2125,2041
2132,2092
2136,2054
2144,2019
2143,2036
2159,2017
2169,2035
2173,2020
2176,2054
2176,2046
2184,1993
2188,2022
2191,2043
2189,2057
2193,2043
2197,2071
2183,2080
2189,2069
2184,2057
2179,2075
2167,2032
2169,2027
2157,2041
2159,2035
2151,2025
2146,2076
2138,2044
2134,2046
2124,2040
2118,2091
2108,2040
2093,2029
2085,2041
2075,2045
2074,2035
2063,2067
2063,2052
2043,2031
2036,2027
2024,2026
2018,2065
2011,2039
2001,2072
1996,2056
1984,2070
1977,2018
1968,2080
1962,2037
1962,2036
1952,2056
1943,2043
1947,2037
1937,2026
1939,2030
1939,2015
1944,2023
1947,2055
1944,2026
1945,2057
1933,2027
1950,2065
1949,2033
1953,2057
1947,2041
1958,2056
1959,2079
1963,2003
1976,2027
1984,2060
1992,2077
1992,2036
2008,2079
2007,2023
2009,2073
2021,2055
2034,2079
2035,2055
2048,2037
2059,2017
2071,2039
2072,2023
2075,2021
2092,2038
2094,2036
2092,2009
2103,2003
2115,2064
2121,2039
2131,2027
2139,2056
2150,2060
2152,2039
2155,2042
2155,2028
2165,2071
2167,2063
2168,2063
2170,2069
2165,2039
2174,2012
2167,2064
2168,2017
2165,2063
2159,2085
2163,2057
2153,2031
2147,2029
2148,2069
2129,2071
2124,2057
2115,2013
2117,2069
2112,2010
2103,2056
2103,2068
2091,2042
2081,2068
2076,2025
2066,2027
2067,2055
2041,2021
2039,2023
2024,2009
2022,2053
2013,2063
2004,2041
1998,2084
1978,2059
1983,2071
1972,2079
1965,2087
1958,2088
1949,2023
1939,2020
1943,2070
1944,2048
1937,2078
1943,2042
1929,2065
1935,2009
1935,2041
1936,2068
1934,2028
1931,2065
1936,2072
1937,1993
1941,2080
1949,2012
1943,2065
1958,2011
1961,2045
1971,2024
1976,2015
1984,2044
1982,2015
1987,2036
2001,1997
2003,2088
2020,2122
2021,2204
2040,1959
2044,1626
2058,2062
2069,2320
2067,2073
2073,2223
2088,2297
2096,2277
2096,2109
2109,1627
2116,1883
2117,2492
2134,2071
2140,1968
2148,2375
2151,2248
2152,2008
2167,1797
2165,1582
2173,2032
2172,2427
2184,2063
2180,1912
2181,2246
2171,2123
2176,1976
2172,1994
2169,2158
2161,2355
2155,2191
2157,1811
2151,1933
2152,2140
2144,2038
2137,1928
2131,1969
2117,2217
2120,2197
2112,1827
2109,1819
2099,2027
2099,2139
2081,2069
2080,1957
2067,1993
2071,2187
2061,2058
2057,1899
2040,2029
2029,2136
2025,2065
2009,2019
2007,1941
2000,2003
1981,2127
1979,2073
1971,1979
1961,2042
1955,2118
1961,2092
1961,2024
1952,2036
1953,2063
1954,2094
1960,2015
1953,2056
1963,2070
1959,2068
1970,2015
1968,1979
1965,2041
1975,2107
1980,2029
1979,2056
1979,2035
1981,2007
1984,2065
1990,2064
1992,2001
1998,2025
2001,2038
2012,2057
2022,2078
2036,2034
2042,2008
2047,2080
2069,2041
2076,2014
2080,2063
2099,2080
2104,2021
2110,2072
2125,2039
2124,1981
2129,2027
2134,2002
2144,2041
2156,2079
2162,2051
2163,2058
2167,2055
2176,2008
2181,2043
2184,2026
2187,2044
2185,2072
2196,2028
2199,2053
2200,2055
2205,2072
2200,2037
2197,1997
2198,2028
2193,1995
2190,2073
2186,2036
2176,2044
2169,2061
2155,2053
2153,2072
2149,2019
2131,2029
2130,2025
2120,2059
2112,2075
2093,2024
2092,2064
2084,2068
2074,2027
2071,2064
2063,2047
2041,2035
2036,2053
2030,2017
2016,2088
2011,2080
2008,2040
1999,2054
1988,2001
1984,2013
1973,2066
1965,2060
1962,2011
1953,2071
1959,2072
1959,2039
1947,2019
1944,2022
1947,2023
1937,2058
1943,2067
1947,2077
1943,2067
1956,2065
1960,2063
1963,2068
1962,2040
1959,2079
1969,2070
1987,2079
1992,2044
2001,2008
2008,2041
2021,2064
2027,2047
2035,2028
2042,2040
2056,2036
2062,2005
2065,2084
2077,2036
2075,2035
2093,2080
2103,2053
2101,2023
2114,2076
2109,2040
2120,2035
2136,2058
2141,2025
2151,2063
2155,2024
2158,2001
2164,2021
2172,2059
2187,2073
2187,2053
2194,2021
2203,2041
2197,2080
2204,2027
2203,2045
2201,2074
2193,2021
2187,2076
2192,2063
2176,2081
2172,2060
2158,2055
2157,2037
2157,2035
2143,2045
2136,2027
2135,2017
2130,2027
2122,2044
2111,2066
2111,2072
2105,2041
2097,2021
2083,2063
2079,2071
2070,2040
2066,2021
2057,2028
2037,2068
2021,2035
2009,2041
2012,2073
1992,2066
1990,2019
1979,2029
1965,2042
1963,2071
1949,2072
1949,2063
1957,2030
1948,2053
1952,2054
1944,2037
1946,2043
1939,2024
1948,2071
1952,2027
1955,2031
1958,2055
1956,2005
1953,2035
1960,2019
1960,2027
1965,2067
1968,2040
1968,2038
1980,2044
1983,2068
1984,2077
1992,2082
2001,2025
2007,2043
2007,2044
2013,2038
2029,2056
2036,2035
2041,2036
2063,2063
2071,2042
2076,2044
2088,2067
2096,1995
2099,2072
2114,2010
2120,2063
2124,2067
2135,2068
2137,2068
2136,2055
2155,2066
2149,2055
2162,2033
2168,2059
2168,2057
2175,2023
2182,2040
2171,1987
2186,2080
2189,2080
2188,2088
2184,2035
2188,2023
2172,2058
2171,2039
2180,2053
2173,2076
2167,2071
2160,2076
2159,2032
2146,2088
2140,2034
2125,2072
2123,2027
2117,2025
2107,2043
2101,2040
2093,2048
2080,2080
2079,2089
2072,2067
2058,2080
2055,2095
2035,2028
2029,2063
2019,2025
2011,2029
2009,2080
2004,2019
1997,2063
1984,2079
1982,2055
1983,2032
1963,1997
1959,1993
1954,2067
1949,2063
1956,2075
1949,2080
1952,2041
1943,2063
1941,2067
1946,2071
1948,2047
1947,2043
1950,2066
1953,2017
1949,2027
1952,2023
1963,2023
1973,2065
1980,2040
1987,2029
1993,2075
1997,2072
2011,2041
2016,2058
2024,2063
2030,2042
2040,2035
2044,2030
2048,2029
2068,2054
2067,2063
2075,2035
2087,2027
2093,2056
2093,2029
2111,2069
2107,2033
2124,2060
2136,2068
2143,2071
2148,2033
2153,2027
2163,2026
2163,2068
2172,2063
2173,2004
2171,2023
2172,2028
2188,2058
2188,2080
2192,2037
2189,2063
2184,2025
2176,2070
2173,2033
2165,2045
2157,2028
2165,2069
2155,2069
2145,2033
2146,2035
2131,2048
2133,2018
2122,2028
2124,2043
2107,2043
2109,2037
2084,2041
2093,2041
2089,2068
2073,2072
2069,2001
2056,2069
2040,2001
2029,2030
2024,2072
2015,2031
2007,2053
1998,2056
1988,2063
1982,2044
1969,2073
1966,2021
1963,2056
1952,2065
1952,2057
1954,2047
1948,2019
1947,2071
1948,2044
1946,2041
1946,2031
1943,2055
1947,2043
1947,2001
1939,2058
1943,2036
1948,2045
1952,2043
1959,2041
1961,2072
1961,2046
1971,2027
1975,2021
1978,2025
1993,2029
1977,2041
2000,2031
2011,2064
2013,2057
2017,2007
2032,2058
2043,2032
2056,2063
2055,2025
2071,2030
2080,2062
2086,2069
2088,2029
2091,2041
2112,2045
2112,2036
2119,2062
2129,2075
2137,2042
2143,1992
2137,2021
2149,2050
2160,2044
2163,2043
2181,2027
2165,2005
2180,2075
2187,2027
2171,2043
2169,2057
2179,2019
2179,2064
2176,2015
2168,2037
2165,2046
2168,2040
2157,2068
2157,2035
2150,2056
2140,2027
2133,2015
2126,2025
2113,2043
2108,2086
2104,2063
2103,2060
2083,2065
2077,2001
2069,2054
2055,2015
2057,1997
2047,2030
2031,2079
2021,2058
2013,2071
2008,2063
2000,2064
1993,2019
1987,2019
1980,2067
1967,2055
1955,2065
1947,2059
1949,2035
1943,2048
1945,2044
1950,2067
1944,2063
1944,2059
1942,2052
1941,2011
1932,2063
1943,2068
1946,2072
1946,2062
1949,2051
1953,2074
1957,2035
1959,2071
1964,2075
1964,2029
1971,2035
1985,2037
1993,2063
2004,1997
2011,2068
2013,2025
2023,2023
2032,2074
2041,2025
2053,2031
2057,2029
2069,1999
2080,2051
2085,2068
2092,2043
2104,2051
2107,2055
2118,2007
2133,2024
2133,2045
2141,2015
2153,2048
2159,2065
2164,2066
2171,2044
2179,2044
2171,2046
2179,2041
2187,2039
2200,2015
2193,2041
2193,2047
2195,2029
2195,2032
2187,2062
2193,2037
2186,2040
2192,2067
2188,2040
2171,2077
2171,2046
2168,2023
2147,2046
2151,2072
2141,2039
2135,2009
2127,2058
2124,2056
2112,2069
2104,2004
2099,2076
2089,2007
2067,2003
2071,2067
2057,2027
2056,2023
2044,2005
2028,2063
2024,2087
2023,2029
2008,2064
2008,2012
1993,2041
1992,2035
1980,2073
1972,2056
1975,2019
1966,2054
1967,2021
1965,2017
1951,2019
1961,2039
1960,2011
1955,2060
1952,2035
1955,2026
1951,2054
1962,2025
1960,2063
1961,2018
1974,2027
1973,2076
1979,2015
1996,2076
1995,2015
2005,2060
2001,2033
2015,2068
2021,2057
2029,2018
2039,2029
2041,2052
2041,2009
2056,2017
2071,2038
2071,2056
2083,2056
2096,2065
2107,2044
2112,2068
2120,2045
2117,2039
2129,2043
2140,2058
2146,2039
2149,2043
2161,2035
2167,2030
2173,2053
2179,2017
2179,2037
2187,2048
2190,2068
2200,2043
2199,2021
2189,2063
2188,2043
2199,2063
2185,2071
2189,2015
2186,2029
2187,2071
2173,2063
2171,2003
2168,2084
2159,2044
2159,2070
2144,2037
2135,2053
2137,2056
2120,2056
2119,2087
2102,2042
2115,2025
2091,2063
2081,2036
2076,1995
2071,2054
2063,2063
2045,2066
2036,2060
2029,2088
2018,2098
2011,2038
1997,2015
2000,2056
1995,2015
1979,1993
1974,2040
1965,2071
1962,2070
1960,2056
1951,2043
1955,2027
1961,2041
1952,2052
1943,2077
1943,2039
1950,2067
1950,1997
1944,2071
1951,2055
1953,2084
1956,2063
1964,2029
1964,2019
1961,2056
1975,2023
1977,2015
1985,2079
1991,2040
2017,2023
2003,2067
2012,2074
2017,2043
2031,2041
2032,2039
2055,2003
2053,2070
2068,2063
2068,2071
2069,2019
2083,2068
2087,2077
2102,2060
2106,2029
2115,2063
2120,2043
2121,2071
2139,2060
2144,2072
2151,2077
2160,2017
2157,2046
2163,2053
2168,2023
2167,2057
2175,2072
2187,2075
2171,2063
2189,2039
2188,2025
2176,2054
2181,2023
2164,2051
2172,2073
2159,2088
2151,2144
2157,1545
2151,1809
2151,2726
2140,2703
2133,1996
2124,1792
2119,2166
2105,2143
2097,1800
2096,1520
2092,2521
2080,2524
2073,1708
2065,1874
2063,2127
2048,2327
2027,2477
2023,1932
2016,1896
2009,2528
2004,2169
1996,1579
1991,1836
1976,2183
1972,1920
1963,2066
1951,2280
1959,2263
1961,2093
1956,1813
1955,1781
1945,2195
1954,2296
1952,2063
1960,1979
1952,2067
1944,2104
1951,1981
1952,1934
1957,2043
1958,2184
1958,2101
1966,1921
1973,1877
1971,2072
1977,2185
1982,2052
1994,1959
2000,2080
2008,2044
2007,2032
2024,2019
2039,2012
2040,2055
2043,2100
2071,1984
2072,1989
2068,2063
2083,2099
2095,2021
2093,2040
2109,2092
2115,2081
2123,2041
2123,1997
2136,2044
2143,2091
2145,2056
2156,2016
2158,2001
2161,2047
2163,2009
2187,2070
2184,2079
2189,2039
2188,2063
2195,2080
2196,2043
2201,2024
2206,2061
2193,2080
2193,2059
2188,2080
2171,2053
2175,2056
2165,2069
2161,2023
2147,2029
2143,2027
2136,2056
2136,2027
2104,2029
2107,2085
2105,2024
2085,2069
2085,2043
2084,2029
2075,2079
2063,2048
2053,2023
2041,2043
2027,2035
2026,1996
2018,2037
2008,2021
2000,2004
1991,2025
1982,2028
1967,2063
1960,2021
1955,2044
1953,2064
1952,2066
1948,2024
1945,2023
1947,2024
1947,2025
1941,2030
1939,2040
1943,2048
1940,2072
1943,2072
1943,2015
1945,2079
1945,2066
1952,2040
1962,2053
1968,2041
1971,2087
1971,2067
1987,2077
1995,2040
1993,2041
2008,2043
2016,2027
2032,2027
2029,2026
2029,2059
2055,2041
2058,2076
2067,2029
2076,2053
2085,2001
2092,2028
2104,2003
2108,2048
2115,2039
2128,2057
2127,2088
2133,2043
2147,2013
2159,2024
2165,2017
2162,2011
2169,2010
2179,2076
2187,2061
2187,2045
2185,2023
2174,2056
2185,2017
2187,2039
2182,2054
2173,2021
2165,2039
2164,2080
2164,2058
2155,2011
2145,2037
2152,2080
2137,2043
2137,2042
2135,2056
2123,2024
2120,2027
2111,2045
2104,2057
2093,2078
2080,2023
2078,2040
2069,2017
2064,2070
2051,2066
2044,2086
2024,2044
2016,2068
2009,2048
2007,2075
1987,2057
1980,2041
1967,2041
1963,2062
1961,2033
1957,2040
1952,2071
1939,2015
1947,2007
1939,1993
1943,2068
1942,1997
1937,2075
1943,2028
1944,2040
1943,2065
1943,2064
1939,2059
1949,2083
1943,2042
1947,2033
1952,2053
1960,2063
1967,2046
1968,2055
1972,2051
1983,2048
1981,2075
2003,2035
1997,2055
2009,2027
2020,2033
2029,2037
2027,2029
2048,2065
2057,2037
2067,2040
2079,2036
2086,2051
2091,2009
2093,2021
2113,2072
2107,2001
2123,2056
2128,2072
2133,2027
2146,2041
2143,2017
2153,2017
2160,2060
2161,2044
2169,2048
2170,2044
2185,2057
2191,2036
2191,2043
2190,2038
2196,2007
2195,2029
2183,2063
2191,2020
2186,2030
2183,2040
2176,2065
2172,2037
2164,2048
2156,2019
2157,2011
2144,2063
2141,2094
2136,2072
2124,2042
2117,2037
2104,2023
2093,2058
2099,2015
2100,2040
2084,2024
2068,2088
2067,2080
2057,2037
2040,2055
2037,2045
2032,2029
2024,2041
2020,2115
2007,2235
2000,1947
1992,1672
1989,2001
1971,2293
1975,2100
1972,2185
1957,2296
1967,2229
1958,2001
1960,1693
1959,2123
1940,2517
1945,1995
1961,1783
1961,2203
1953,2155
1961,2078
1970,1842
1968,2026
1977,2385
1977,2420
1989,1872
1991,1869
2005,2229
2005,1984
2003,1720
2011,1968
2022,2069
2026,2215
2040,2264
2047,1787
2058,1952
2067,2279
2069,2086
2080,1940
2087,2072
2097,2112
2110,2042
2116,1883
2123,1909
2129,2117
2135,2211
2151,2001
2153,1933
2169,2033
2181,2072
2188,2023
2196,1971
2200,2108
2206,2065
2201,2055
2209,1917
2212,2004
2207,2103
2199,2123
2203,2058
2199,2003
2195,2025
2191,2126
2181,2053
2179,2016
2185,2063
2172,2070
2163,2020
2167,2024
2165,2043
2155,2052
2145,2005
2137,2041
2137,2055
2132,2080
2117,2055
2107,2066
2098,2060
2080,2066
2065,2043
2059,2025
2042,2056
2027,2007
2022,2057
2008,2035
2000,2041
2000,2040
1997,2021
1990,2065
1984,2021
1972,2037
1969,2034
1973,2063
1958,2084
1963,2037
1955,2064
1955,2079
1957,2040
1957,2029
1946,2080
1949,2053
1950,2079
1947,2015
1947,2019
1956,2007
1947,2065
1960,2060
1965,2065
1964,2054
1969,2091
1975,2016
1992,2043
2001,2032
2005,2059
2016,2025
2025,2032
2022,2019
2047,2096
2048,2041
2064,2037
2071,2064
2077,2056
2083,2037
2085,2007
2097,2063
2096,2084
2108,2074
2115,2071
2115,2040
2120,2024
2133,2029
2133,2053
2152,2066
2156,2021
2164,2070
2163,2063
2172,2055
2174,2039
2184,2009
2181,2021
2179,2080
2185,2080
2188,2034
2179,2028
2186,2069
2184,2015
2172,2060
2165,2053
2157,2056
2166,2004
2159,2068
2145,2079
2139,2057
2133,2086
2127,2073
2127,2032
2120,2053
2108,2040
2089,2035
2091,2076
2079,2079
2081,2028
2079,2019
2068,2078
2048,2028
2054,2059
2036,2043
2034,2021
2023,2076
2015,2054
2003,2066
2009,2027
1993,2047
1989,2023
1974,2059
1965,2063
1961,2063
1940,2037
1956,2011
1947,2035
1953,2040
1950,2012
1950,2019
1947,2063
1953,2055
1944,2039
1941,1993
1949,2025
1957,2035
1962,2040
1950,2060
1966,2055
1964,2018
1982,2068
1981,2024
1994,2043
2000,2063
2001,2037
2013,2039
2007,1997
2017,2037
2024,2064
2028,2072
2036,2028
2036,2059
2057,2028
2065,2077
2074,2039
2077,2021
2085,2011
2100,2007
2101,2063
2119,2065
2123,2030
2130,2056
2139,2057
2145,2056
2155,2040
2169,2056
2168,2080
2165,2063
2171,2037
2165,2036
2174,2047
2176,2066
2183,2059
2161,2025
2176,2035
2182,2079
2173,2093
2171,2027
2167,2027
2169,2055
2162,2033
2157,1991
2153,2051
2145,2015
2144,2031
2131,2057
2135,2044
2119,2079
2115,2039
2107,2068
2104,2015
2093,2046
2087,2036
2065,2029
2066,2025
2041,2033
2035,2036
2031,2055
2017,2070
2001,2040
1996,2079
1995,2073
1975,2071
1972,2055
1967,2028
1955,2080
1959,2033
1955,2053
1952,2041
1948,2056
1951,2030
1949,2043
1944,2039
1943,2055
1913,2072
1940,2042
1931,2051
1931,2021
1931,2027
1941,2067
1929,2040
1939,2039
1950,2038
1955,2070
1961,2063
1961,2040
1973,2039
1978,2047
1988,1997
1991,2020
2007,2036
2008,2075
2021,2021
2027,2001
2041,2080
2044,2035
2063,2062
2070,2043
2068,2037
2080,2070
2088,2046
2087,2067
2105,2059
2111,2073
2116,2068
2121,2057
2131,2040
2135,2039
2150,2066
2154,2065
2160,2035
2161,2065
2167,2023
2179,1992
2183,2064
2184,2063
2184,2044
2188,2056
2188,2072
2173,2037
2180,2023
2181,2030
2182,2007
2173,2071
2160,2036
2151,2040
2149,2067
2143,2073
2147,2037
2135,2023
2127,2023
2120,2043
2115,2039
2105,2029
2090,2031
2085,2017
2079,2046
2076,2065
2070,2072
2061,2058
2055,2072
2041,2057
2029,2040
2019,2025
2007,2079
1999,2068
2000,2017
1993,2024
1977,2015
1963,2069
1957,2091
1960,2044
1957,2085
1950,2065
1950,2011
1943,2066
1944,2069
1941,2067
1947,2072
1950,2077
1948,2015
1939,2040
1948,2071
1945,2019
1959,2043
1956,2058
1962,2063
1958,2063
1967,2028
1964,2048
1981,2060
1983,2072
1992,2080
1997,2073
2008,2076
1995,2068
2011,2032
2025,2080
2028,2019
2041,2025
2053,2030
2071,2064
2074,2027
2078,2046
2090,2071
2096,2012
2107,2035
2118,2027
2123,2030
2123,2029
2129,2009
2140,2017
2152,2020
2147,2057
2160,2056
2163,2072
2173,2088
2175,2011
2173,2006
2181,2029
2188,2048
2190,2041
2187,2029
2181,2035
2190,2028
2175,2005
2185,2007
2180,1999
2172,2040
2168,2043
2154,2029
2158,2011
2152,2048
2152,2015
2137,2040
2136,1991
2127,2053
2115,2039
2107,2045
2090,2071
2086,2071
2080,2072
2069,2045
2064,2063
2058,2025
2039,2029
2025,1996
2027,2021
2011,2044
2015,2011
2005,2065
1992,2054
1993,2066
1979,2033
1978,2068
1963,2076
1965,2057
1965,2021
1953,2061
1947,2067
1952,2073
1954,2015
1944,2038
1951,2063
1944,2041
1953,2043
1947,2086
1952,1989
1958,2063
1960,2067
1969,2021
1967,2029
1971,2027
1971,2081
1985,2072
1992,2057
2003,2063
2011,2001
2010,2024
2024,2047
2028,2048
2040,2071
2044,2058
2063,2059
2053,2023
2071,2035
2084,2027
2088,2041
2091,2071
2104,2025
2117,2084
2119,2040
2119,2021
2132,2074
2133,2063
2155,2070
2155,2059
2163,2033
2172,2033
2175,2045
2180,2056
2181,2021
2184,2008
2195,2060
2203,2037
2199,2059
2196,2028
2195,2063
2201,2043
2185,2062
2190,2013
2191,2068
2179,2074
2180,2055
2170,2014
2168,1997
2153,2023
2147,2005
2145,2069
2133,2064
2132,2031
2123,2063
2127,2043
2109,2073
2105,2040
2102,2068
2085,2046
2084,2065
2067,2080
2063,2072
2056,2039
2035,2036
2027,2065
2024,2057
2020,2077
2011,2027
1989,2043
1998,2080
1989,2041
1977,2033
1975,2082
1971,2051
1968,2003
1967,2069
1966,2040
1963,2038
1963,2080
1962,2068
1962,2027
1957,2055
1964,2039
1963,2072
1964,2027
1975,2019
1972,2020
1975,2071
1983,2043
1976,2048
1991,2052
1999,2017
1995,2064
2003,2037
2015,2063
2024,2068
2032,2074
2032,2025
2043,2063
2065,2044
2067,2071
2080,2027
2081,2066
2090,2043
2096,2043
2106,2063
2107,2023
2119,2063
2125,2009
2131,2019
2131,1995
2139,2058
2147,2043
2160,2069
2172,2048
2163,2037
2182,2039
2176,2054
2188,2055
2185,2039
2196,2048
2198,2060
2193,2065
2200,2010
2195,2027
2196,2027
2192,2038
2193,2059
2184,2040
2179,2027
2169,2043
2165,2066
2158,2060
2156,2088
2145,2013
2144,2035
2135,2095
2128,2065
2121,2079
2105,2052
2105,2025
2091,2076
2077,2003
2073,2077
2065,2063
2055,2039
2057,2015
2033,2027
2029,2057
2021,2076
2008,2039
2001,2083
2003,2070
2001,2033
1981,2076
1976,2067
1965,2053
1966,2063
1961,2064
1960,2058
1957,2031
1955,2080
1952,2063
1952,2039
1955,2063
1952,2025
1960,2012
1954,2043
1953,2023
1951,2063
1948,2046
1961,2048
1966,2053
1971,2037
1980,1981
1977,2039
1992,2015
2001,2067
2003,2037
2012,2073
2019,2071
2020,2044
2035,2029
2044,2067
2056,2071
2041,2043
2063,2035
2080,2044
2085,2078
2096,2086
2100,2051
2115,2053
2121,1917
2120,1421
2128,1959
2140,2924
2145,2447
2151,1640
2164,1929
2155,2319
2171,2065
2173,1660
2184,1558
2188,2536
2195,2406
2187,1605
2187,1879
2169,2304
2185,2339
2187,2336
2191,1849
2181,1815
2169,2417
2175,2158
2170,1539
2161,1902
2160,2263
2155,1879
2148,1843
2129,2245
2115,2268
2122,2003
2109,1880
2108,1853
2104,2169
2092,2265
2084,2096
2075,1847
2071,2112
2057,2176
2045,2010
2032,1847
2029,2095
2016,2259
1995,2187
2004,1941
1981,1787
1975,2019
1971,2236
1960,2104
1947,1939
1940,2007
1938,2023
1944,2044
1938,2039
1933,2016
1939,2111
1933,2187
1943,2041
1943,1963
1948,2030
1943,2135
1948,2029
1943,2010
1960,2068
1949,2098
1959,2105
1957,2011
1964,2027
1963,2081
1969,2096
1982,1958
1984,2004
1995,2022
2001,2056
2005,2075
2014,2051
2035,2044
2041,1979
2053,2029
2064,2081
2075,2020
2088,2026
2091,2091
2107,2071
2100,2055
2120,2034
2115,2057
2128,2062
2133,2036
2143,1971
2153,2039
2146,2057
2161,2051
2160,2059
2169,2023
2167,2015
2182,2040
2185,2030
2184,2027
2185,2029
2179,2003
2183,2048
2171,2053
2179,2079
2170,2029
2173,2041
2161,2026
2160,2107
2156,2021
2149,2003
2129,2065
2134,2106
2120,2044
2109,2017
2105,2063
2099,2091
2089,2065
2077,2044
2074,2015
2057,2055
2055,2068
2035,2068
2035,2056
2027,2019
2008,2043
2003,2019
2006,2007
1999,2020
1979,2009
1983,2040
1974,2039
1963,2080
1960,2051
1954,2072
1955,2057
1947,2023
1949,2029
1939,2027
1944,2011
1948,2040
1936,2055
1945,2094
1937,2005
1944,2074
1940,2039
1954,2039
1950,2001
1948,2029
1953,2075
1965,2019
1959,2065
1976,2052
1981,2041
1979,2069
2001,2075
2006,2039
2009,1994
2018,1997
2015,2067
2024,2063
2038,2055
2044,2031
2054,2055
2063,2017
2067,2009
2076,2023
2069,2063
2088,2005
2092,2027
2097,2058
2108,2038
2118,2092
2119,2063
2131,2053
2139,2067
2152,2024
2149,2035
2149,2044
2153,2032
2168,2036
2173,2034
2176,2027
2169,2027
2179,2056
2183,2019
2163,2036
2167,2030
2171,2031
2163,2044
2163,2007
2153,2033
2153,1989
2143,2013
2135,2076
2132,2064
2135,2096
2128,2011
2109,2063
2105,2043
2103,2047
2099,2073
2093,2040
2090,2036
2071,2021
2074,2011
2070,2003
2053,2037
2039,2033
2028,2018
2019,2027
2006,2045
2003,2043
1993,2068
1983,2063
1977,2044
1966,2066
1964,2015
1956,1996
1951,2043
1953,2047
1941,2040
1944,2063
1949,2064
1948,2044
1949,2075
1948,2003
1948,2055
1943,2060
1955,2056
1941,2028
1949,2096
1952,2039
1958,2070
1959,2048
1953,2057
1970,2044
1972,2065
1979,2055
1989,2036
1992,2071
1998,2020
1997,2036
2003,2003
2024,2043
2019,2056
2036,2077
2053,2024
2053,2012
2066,2017
2083,2056
2087,2057
2096,2017
2101,2055
2105,2031
2120,2044
2117,2071
2131,2041
2130,2039
2139,2040
2148,2040
2158,2024
2161,2056
2167,2037
2167,2069
2169,2065
2184,2053
2187,2011
2189,2018
2183,2027
2185,2015
2185,2023
2192,2053
2183,2037
2180,2060
2174,2055
2168,2039
2168,2024
2160,2054
2149,2060
2140,2040
2133,2007
2109,2079
2126,2048
2119,2025
2107,2096
2103,2011
2090,2025
2080,2027
2074,2041
2069,1990
2043,2027
2044,2037
2027,2053
2021,2036
2016,2066
2012,2055
2005,2067
1997,2053
1989,2067
1969,2035
1975,2040
1959,2029
1955,2026
1949,2042
1952,2092
1949,2058
1956,2037
1943,2037
1951,2038
1946,2017
1939,2036
1948,2057
1954,2020
1943,2020
1949,2059
1960,2028
1961,2033
1969,2043
1963,2048
1969,2072
1984,2039
1994,1995
2002,2043
2011,2044
2007,2033
2007,2039
2023,2035
2027,2039
2038,2027
2056,2021
2059,2071
2063,2041
2076,2039
2079,2063
2087,2045
2103,2025
2112,2004
2107,2033
2119,2030
2132,2022
2139,2030
2145,2040
2155,2038
2154,2019
2169,1997
2171,2063
2184,2068
2189,2058
2187,2039
2201,2041
2200,2047
2195,2029
2200,2045
2199,2008
2199,2025
2188,2018
2184,2029
2183,2008
2186,2009
2169,2036
2172,2071
2165,2076
2158,2041
2155,2029
2149,2063
2143,2047
2121,2066
2131,2033
2123,2041
2116,2078
2100,2079
2095,2043
2086,2056
2077,2066
2067,2006
2057,2068
2042,2039
2029,2056
2022,1991
2016,2026
2003,2053
2004,2024
1987,2039
1984,2048
1975,2036
1968,2040
1965,2041
1960,2073
1957,2071
1959,2018
1952,2033
1958,2057
1947,2076
1943,2052
1945,2062
1951,2045
1947,2043
1948,2055
1956,2040
1947,2083
1958,2043
1958,2063
1970,2045
1969,2088
1975,2024
1980,2023
1987,2022
1991,2021
2008,2033
2012,2041
2015,2017
2031,2048
2039,2031
2040,2065
2059,2055
2071,2018
2066,2027
2075,2039
2085,2053
2093,2071
2095,2053
2107,2080
2119,2011
2126,2015
2127,2064
2133,2035
2154,2056
2152,2043
2160,2037
2167,2067
2179,2084
2176,2325
2184,2255
2188,1763
2190,1824
2192,2123
2191,1880
2185,1966
2183,2082
2201,2276
2183,2344
2172,1911
2169,1823
2159,2405
2165,2312
2151,2067
2149,2187
2146,2171
2133,2340
2136,2095
2129,1587
2118,1643
2108,2292
2096,2259
2099,1953
2087,2119
2071,2256
2057,2003
2048,2000
2040,1881
2027,2085
2028,2387
2016,2144
2008,1870
1995,2009
1993,2142
1978,2075
1963,1937
1957,2036
1960,2198
1952,2041
1949,1905
1949,1983
1952,2094
1955,2129
1947,2024
1951,1990
1960,2093
1952,2112
1952,1997
1954,1937
1961,2043
1968,2075
1960,2071
1959,1976
1955,1956
1953,2063
1975,2105
1975,1973
1976,1991
1976,2076
1987,2069
1997,2036
2001,1966
2019,2063
2025,2063
2040,2058
2055,2077
2061,2005
2071,2064
2075,2077
2084,2039
2091,2029
2097,2058
2092,2035
2100,2005
2112,2023
2117,2033
2124,2055
2126,2093
2135,2063
2137,2021
2143,2024
2143,2018
2149,2060
2160,2056
2169,2068
2167,2075
2176,2080
2176,2037
2188,2052
2181,2073
2172,2017
2173,2051
2180,2104
2180,2053
2173,2054
2163,2020
2155,2042
2152,2054
2147,2044
2136,2024
2128,2072
2131,2029
2116,2035
2105,2012
2101,2053
2101,2035
2091,2043
2085,2024
2080,2079
2072,2059
2065,2041
2059,2069
2040,2072
2035,2056
2022,2063
2027,2026
2015,2061
2007,2063
1992,2074
1996,2068
1984,2067
1975,2037
1967,2004
1963,2071
1952,2009
1953,2052
1952,2019
1947,2032
1943,2032
1948,2055
1950,2067
1947,2071
1949,2058
1953,2003
1951,2036
1957,2071
1955,2058
1947,2080
1958,2063
1961,2055
1969,2029
1964,2064
1986,2033
1991,2079
1992,2072
1995,2031
2005,2035
2020,2063
2024,2041
2031,2045
2029,2059
2039,2065
2055,2048
2057,2001
2066,2035
2073,2067
2072,2028
2098,2039
2102,2025
2105,2056
2117,2041
2135,2077
2139,2054
2137,2065
2154,2035
2157,2057
2165,2076
2175,2041
2183,2007
2176,2046
2173,2045
2184,2053
2188,2068
2184,2041
2179,2029
2169,2029
2181,2053
2180,2056
2172,2025
2150,2031
2160,2066
2154,2005
2147,2015
2139,2072
2135,2068
2133,2004
2125,2080
2123,2035
2120,2072
2104,2067
2102,2045
2083,2024
2088,2040
2072,2056
2057,2063
2053,2034
2035,2048
2027,2096
2016,2064
2007,2019
1998,2035
1982,2005
1982,2023
1979,2038
1963,2079
1953,2071
1960,2057
1939,2012
1937,2067
1946,2027
1941,2065
1945,2042
1945,2025
1941,2078
1937,2031
1931,2044
1944,2034
1934,2055
1939,2071
1940,2040
1933,2017
1939,2039
1948,2056
1951,2043
1945,2033
1956,2043
1959,2068
1979,2048
1982,2065
1992,2026
2000,2040
2005,2071
2024,2061
2032,2066
2039,2071
2041,2041
2056,2047
2072,2070
2079,2071
2087,2019
2085,2053
2092,2080
2103,2041
2104,2039
2113,1995
2115,2031
2133,2078
2137,2043
2150,2003
2149,2041
2163,2011
2161,2063
2171,2070
2180,2037
2184,2030
2182,2041
2187,2037
2192,2068
2196,2085
2189,2079
2187,2053
2187,2022
2179,2033
2173,2027
2173,2069
2161,2048
2157,2075
2153,2027
2139,2029
2131,2077
2129,2080
2123,2065
2115,2046
2103,2038
2097,2091
2093,2027
2087,2080
2080,2024
2071,2010
2067,2067
2057,2071
2043,2036
2043,2070
2029,2057
2018,2058
2019,1995
2008,2015
1999,2075
1994,2005
1988,2069
1976,2090
1975,2021
1964,2084
1964,2066
1967,2036
1959,2023
1960,2003
1953,2077
1960,2072
1955,2031
1963,2091
1955,2073
1960,2045
1960,2057
1967,2057
1971,2079
1975,2068
1982,2008
1989,2027
1995,2072
2002,2030
2007,2026
2015,2075
2012,2039
2027,2063
2034,2030
2037,2056
2056,2054
2067,2018
2071,2005
2067,2028
2083,2087
2095,2041
2107,2037
2111,2029
2122,2067
2131,2063
2135,2021
2146,2054
2147,2072
2159,2044
2169,2020
2176,2005
2183,2041
2190,1997
2190,2036
2196,2063
2196,2017
2189,2028
2203,2052
2200,2048
2183,2025
2203,2077
2205,2028
2199,2037
2200,2063
2199,2025
2192,2048
2184,2076
2173,2071
2167,2079
2170,2077
2161,2024
2152,2043
2151,2037
2137,2056
2120,2063
2124,2043
2117,2058
2100,2009
2092,2043
2091,2041
2080,2017
2068,2034
2056,2059
2055,2063
2027,2075
2029,2068
2023,2074
2008,2046
2005,2044
2005,2042
1995,2072
1989,2062
1978,2043
1973,2068
1961,2058
1958,2041
1965,2027
1955,2056
1952,2017
1965,2033
1959,2017
1958,2044
1949,2037
1964,2064
1960,2076
1960,2073
1960,2068
1967,2035
1957,2047
1975,2043
1983,2043
1980,2063
1996,2068
2009,2034
2002,2035
2015,2067
2024,2021
2024,2055
2040,2036
2053,2034
2041,2037
2057,2063
2072,2060
2077,2048
2087,2053
2096,2070
2104,2034
2111,2056
2119,2068
2115,2060
2131,2072
2142,2073
2142,2069
2163,2075
2156,2073
2167,2055
2176,2074
2167,2063
2187,2036
2189,2025
2197,2057
2192,2056
2193,2072
2195,2063
2184,2027
2192,2003
2187,2079
2191,2026
2176,2038
2183,2027
2168,2011
2157,2073
2161,2067
2149,2046
2152,2039
2144,2068
2138,2043
2131,2025
2127,2019
2120,2039
2115,2080
2104,2054
2095,2082
2084,2041
2073,2037
2063,2053
2067,2063
2043,2017
2036,2065
2029,2076
2015,2031
2011,2027
1999,2041
1998,2009
1984,2020
1984,2027
1974,2010
1969,2044
1965,2023
1956,2035
1959,2065
1956,2023
1947,2034
1957,2015
1952,2017
1945,2039
1964,2043
1945,2069
1957,2040
1958,2052
1954,2037
1961,2060
1961,2040
1977,2057
1976,2079
1971,2048
1989,2099
1994,2059
2004,2072
2003,2031
2019,2068
2023,2037
2024,2057
2035,2060
2048,2060
2043,2029
2064,2026
2063,2040
2080,2040
2091,2043
2094,2041
2101,2017
2106,2043
2121,2035
2132,2021
2131,2054
2118,2007
2139,2022
2159,2017
2168,2006
2167,2048
2167,2071
2179,2044
2173,2023
2181,2023
2187,2019
2192,2053
2198,2056
2195,2079
2195,2027
2183,2060
2183,2077
2193,2075
2180,2032
2171,2059
2167,2015
2166,2023
2155,2077
2147,2075
2136,2023
2133,2057
2130,2035
2124,2012
2105,2025
2109,2080
2091,2032
2088,2019
2082,2095
2074,2056
2069,2080
2041,2015
2037,2035
2025,2027
2024,2060
2007,2025
1999,2067
1995,2071
1989,2075
1984,2053
1974,2030
1972,2011
1962,2039
1955,2076
1948,2039
1948,2027
1947,2037
1933,2041
1933,2075
1939,2064
1937,2048
1929,2046
1937,2063
1927,2068
1931,2055
1944,2039
1949,2041
1962,2050
1955,2056
1960,2043
1962,2039
1966,2057
1973,2041
1983,2035
1984,2060
1999,2072
1995,2027
2007,2051
2023,2068
2023,2071
2027,2083
2035,2075
2056,2150
2065,2606
2071,2547
2076,1274
2091,1266
2088,2301
2101,2412
2105,1866
2107,1655
2126,2264
2129,2579
2141,1721
2143,1401
2162,2381
2164,2491
2157,1717
2183,1808
2176,1847
2171,1959
2183,2460
2181,1778
2193,1471
2185,2560
2184,2408
2187,1785
2182,2085
2165,2043
2167,1787
2157,1966
2162,2002
2159,2190
2151,2360
2143,1824
2136,1900
2134,2154
2123,1969
2115,2085
2103,2091
2104,1861
2094,2002
2080,2181
2075,1983
2068,1883
2045,2155
2037,2163
2025,2071
2017,1940
1995,1978
1999,2117
1991,2035
1981,2088
1976,2088
1968,1981
1960,2055
1952,2094
1951,2013
1943,2033
1948,2121
1948,2068
1945,2035
1943,2042
1935,2011
1940,2056
1939,2057
1931,2032
1937,2120
1939,2078
1939,2047
1943,2064
1939,2085
1951,2061
1953,2032
1960,2068
1968,2029
1975,2055
1981,2060
1993,2088
1996,2017
2017,2015
2031,2078
2023,2069
2039,2001
2048,2056
2060,2033
2067,2069
2072,2054
2086,2007
2086,2072
2096,1992
2101,2021
2103,2043
2107,2023
2117,2009
2121,2019
2133,2046
2146,2017
2151,2063
2157,2015
2161,2047
2163,2016
2177,2088
2184,2023
2181,2031
2187,2036
2173,2023
2194,2077
2184,2066
2187,2056
2176,2057
2173,2017
2168,2031
2166,2036
2155,2042
2152,2022
2134,2040
2137,2023
2132,2055
2126,1995
2117,2069
2107,2067
2100,2032
2094,2079
2090,2080
2080,2063
2073,2075
2063,1999
2041,2063
2037,2048
2034,2013
2018,2025
2016,2029
2001,2021
1995,2079
1989,1995
1981,2043
1979,2068
1965,2019
1959,2048
1960,2037
1952,2059
1944,2041
1944,2009
1943,2054
1947,2015
1944,2033
1946,2039
1933,2041
1943,2043
1933,2028
1943,2077
1940,2033
1947,2071
1951,2092
1956,2031
1961,2010
1969,2025
1962,2025
1976,2065
1984,2065
1992,2048
1980,2063
2004,1999
2003,2035
2011,2037
2019,2019
2027,2072
2033,2029
2040,2036
2045,2042
2067,2046
2073,2036
2077,2071
2087,2062
2089,2028
2104,2067
2107,2023
2109,2028
2120,2039
2138,2015
2141,2040
2147,2059
2155,2010
2160,2076
2153,2039
2169,2032
2167,2033
2171,2017
2176,2064
2181,2019
2182,2045
2184,2056
2174,2084
2167,2031
2168,2067
2162,2038
2157,2007
2160,2035
2157,2009
2151,2032
2147,2011
2145,2068
2139,2009
2125,1999
2121,2032
2115,2005
2119,2037
2108,2028
2104,2009
2083,2067
2076,2037
2072,2043
2056,2025
2051,2040
2029,2037
2029,2056
2021,2009
2007,2009
2011,2079
1992,2055
1992,2043
1991,2044
1977,2075
1972,2042
1969,2035
1971,2064
1966,1989
1959,2080
1961,2063
1962,2027
1958,2065
1951,2080
1958,2071
1949,2031
1945,2034
1951,2025
1953,2071
1960,2077
1953,2036
1966,2040
1963,2072
1976,2039
1979,2065
1984,2053
1992,2080
2003,2056
2012,2069
2021,2039
2027,2059
2039,2064
2045,2023
2058,2029
2071,2040
2068,2069
2080,2054
2087,2017
2091,2037
2108,2041
2117,2012
2124,2088
2133,1993
2131,2041
2140,2017
2147,2048
2158,2037
2160,2045
2167,2029
2185,2007
2191,2028
2194,2058
2199,2036
2204,2037
2203,2076
2199,2040
2212,2076
2201,2040
2204,2027
2205,2055
2186,2001
2195,2024
2192,2068
2191,2077
2182,2023
2165,2041
2161,2056
2159,2041
2154,2063
2147,2043
2141,2069
2125,2037
2123,2067
2121,2069
2112,2043
2107,2041
2089,2067
2093,2039
2076,2068
2072,2078
2055,2056
2044,2021
2033,2035
2021,2072
2017,2035
2003,2040
1999,2039
1995,2056
1988,2019
1979,2063
1969,2068
1964,2092
1955,2071
1960,2070
1961,2019
1949,2008
1947,2003
1947,2043
1952,2072
1947,2063
1957,2075
1952,2063
1951,2063
1959,2011
1962,2037
1959,2040
1975,2063
1971,2037
1976,2071
1977,2057
1984,2077
2000,2009
1997,2047
1997,2063
2015,2066
2023,2019
2021,2056
2034,2007
2047,2083
2040,2044
2068,2055
2074,2001
2084,2043
2085,2068
2089,1994
2111,2053
2120,2066
2117,2033
2121,2022
2136,2044
2142,2011
2152,2044
2147,2039
2155,2047
2164,2041
2159,2029
2169,2060
2181,2027
2184,2053
2193,2069
2188,2025
2193,2012
2180,2008
2183,2072
2179,2068
2180,2056
2169,2055
2171,2061
2165,2035
2149,2063
2163,2068
2151,2077
2136,2053
2138,2011
2130,2066
2123,2033
2109,2037
2099,2079
2100,2069
2087,2045
2079,2064
2069,2034
2065,2019
2040,2080
2041,2068
2033,2063
2025,2036
2003,2079
2001,2080
2003,2077
1993,2046
1980,2068
1977,2072
1964,2027
1959,2012
1953,2045
1949,2067
1947,2068
1937,2060
1947,2039
1945,2063
1946,2034
1939,2040
1943,2021
1933,2068
1937,2047
1943,2072
1949,2042
1952,2033
1949,2025
1967,2019
1959,2056
1976,2055
1981,2042
1979,2019
1994,2017
2005,1992
2005,2023
2006,2027
2019,2040
2031,2032
2029,2029
2038,2027
2045,2039
2065,2015
2067,2063
2071,2021
2083,2072
2101,2044
2101,2079
2112,2071
2125,2047
2131,2031
2139,2037
2148,2011
2151,2015
2160,2046
2169,2059
2172,2053
2171,2044
2185,2053
2190,2039
2199,2024
2198,2054
2200,2042
2196,2037
2193,2040
2199,2043
2192,2080
2191,2023
2183,2039
2182,2067
2171,2035
2171,2029
2157,2041
2154,2039
2143,2041
2135,2063
2136,2069
2120,2043
2121,2035
2117,2003
2101,2042
2093,2040
2085,2048
2083,2054
2067,2079
2063,2041
2055,2041
2045,2017
2032,2079
2024,2025
2010,2077
2003,2073
2000,2071
1984,2043
1980,2054
1974,2054
1972,2023
1967,2065
1959,2053
1955,2021
1959,2080
1952,2063
1955,2039
1955,2068
1948,2060
1945,2020
1953,2072
1957,2003
1952,2069
1953,2019
1962,2035
1957,2032
1964,2033
1972,2028
1972,2052
1979,2045
1979,2043
1994,2079
2004,2040
2004,2009
2015,2040
2023,2071
2035,2039
2029,2021
2041,2072
2053,2039
2063,2041
2074,2068
2085,2032
2088,2071
2097,2063
2108,2057
2118,2068
2123,2047
2131,2028
2135,2048
2140,2061
2143,2077
2158,2061
2160,2062
2166,2053
2170,2056
2169,2033
2173,2024
2184,2056
2193,2063
2181,2003
2183,2013
2192,2007
2191,2066
2181,2037
2184,2027
2185,2026
2173,2058
2169,2068
2163,2032
2151,2055
2152,2025
2146,2080
2139,2059
2124,2030
2130,2064
2117,2009
2105,2057
2099,2027
2099,2055
2083,2053
2073,2040
2073,2058
2063,1968
2053,1964
2037,2360
2036,2321
2024,1854
2015,1974
2007,1915
2008,1699
1987,1917
1990,2063
1971,2385
1967,2650
1960,1772
1957,1553
1944,2023
1944,1747
1956,1779
1952,1773
1946,2092
1939,2682
1937,1993
1941,1277
1940,1785
1941,2186
1951,2135
1951,1947
1947,2035
1959,2452
1965,2264
1966,1635
1976,1541
1963,2167
1981,2408
1977,2058
1996,1877
1992,2105
2005,2239
2017,1913
2024,1659
2034,2075
2040,2387
2056,2186
2067,1897
2079,1879
2077,2101
2093,2160
2100,1893
2112,2008
2127,2166
2127,2140
2139,2042
2144,1995
2149,1989
2158,2206
2161,2115
2163,1925
2168,2003
2171,2090
2181,2072
2176,2071
2184,2043
2190,2114
2179,2095
2185,1962
2197,1981
2192,2048
2199,2097
2179,2037
2183,2041
2186,2040
2176,2063
2162,2030
2164,2013
2146,2075
2131,1979
2129,2078
2126,2081
2112,2008
2101,2047
2095,2083
2086,2071
2073,2052
2071,2056
2063,2081
2041,2081
2039,2037
2029,2055
2027,2080
2019,2096
2020,2011
2001,2009
2004,2063
2001,2022
1989,2039
1979,2036
1972,2039
1957,2063
1955,2042
1947,2027
1939,2063
1937,2047
1943,2003
1937,2041
1945,2029