1957,2009
1952,2080
1951,2063
1951,2035
1947,2044
1940,2019
1944,2017
1951,2024
1950,2076
1952,2023
1945,2036
1960,2037
1967,2067
1961,2046
1965,2047
1971,2041
1977,2048
1990,2053
1991,2029
2005,2073
2007,2063
2015,2007
2021,2046
2037,2015
2041,2063
2048,2048
2063,2033
2071,2066
2073,2009
2081,2013
2095,2076
2100,2061
2116,2079
2105,2058
2126,2063
2119,2041
2139,2027
2146,2058
2156,2027
2155,2066
2163,2028
2171,2076
2171,1769
2183,1517
2188,2200
2188,3025
2194,2199
2195,1465
2197,1844
2191,2352
2185,1945
2187,1648
2188,1968
2184,2849
2176,2073
2176,1289
2161,1979
2149,2420
2148,2193
2148,1895
2144,1681
2135,2148
2121,2699
2124,1992
2109,1365
2091,1976
2091,2348
2091,1770
2075,1904
2059,2297
2063,2146
2037,1865
2037,1655
2028,1928
2020,2468
2010,2253
2007,1768
1991,1965
1987,2243
1979,2172
1972,1949
1959,1885
1956,2107
1952,2195
1948,1971
1944,1830
1944,2081
1931,2275
1937,1968
1924,1863
1928,2052
1917,2134
1927,2079
1925,1981
1931,2012
1931,2088
1946,2037
1953,2017
1960,1979
1959,2054
1965,2171
1977,2024
1987,1975
1981,2080
1992,2109
2003,2023
2009,2013
2003,2008
2013,2127
2023,2119
2029,2025
2037,2040
2045,2025
2067,2007
2073,1981
2086,2075
2089,2033
2101,2040
2112,2080
2117,2025
2121,1992
2141,2039
2150,2067
2161,2029
2166,2045
2163,2017
2172,2040
2167,2063
2179,2038
2184,2036
2173,2019
2173,2027
2180,2020
2173,1995
2186,2064
2169,2040
2172,2062
2171,2072
2171,2025
2161,2039
2151,2035
2153,2039
2139,2076
2144,2074
2135,2057
2132,2011
2115,2088
2112,2065
2101,2060
2085,2056
2086,2074
2076,2070
2071,2024
2053,2075
2051,2060
2032,2039
2024,2042
2012,2088
1998,2011
1994,2060
1977,2039
1977,2083
1976,2043
1965,2054
1960,2046
1952,2053
1947,2063
1943,2027
1943,2003
1931,2053
1946,2035
1933,2005
1932,2025
1944,2061
1940,2073
1937,2081
1939,2040
1943,2072
1944,2076
1941,2065
1957,2037
1956,2029
1957,2060
1959,2035
1965,2021
1977,2055
1978,2033
1993,2057
2003,2056
2011,2056
2016,2039
2017,2027
2035,2048
2040,2020
2054,2029
2063,2083
2072,2032
2072,2039
2083,2041
2088,2015
2095,2035
2120,2044
2115,2028
2126,2079
2119,2008
2131,2008
2136,2043
2152,2060
2151,2071
2150,2060
2156,2044
2163,2065
2167,2079
2167,2029
2168,2074
2167,2069
2171,2068
2171,2040
2172,2056
2179,2067
2174,2040
2169,2041
2163,2041
2153,2027
2156,2086
2145,2035
2144,2063
2137,2043
2127,2055
2120,2056
2104,2029
2104,1988
2096,2091
2089,2065
2072,2052
2072,2043
2069,2019
2054,2029
2046,2041
2041,2036
2036,2029
2019,2057
2016,2023
2013,2042
2005,2039
2000,2068
1994,2033
1992,2053
1965,2057
1961,2035
1955,2027
1961,2061
1943,2071
1945,2032
1941,2043
1943,2037
1943,2044
1945,2048
1929,2017
1944,2044
1942,2027
1933,2080
1952,2055
1949,1994
1952,2015
1955,2057
1963,2023
1961,2046
1968,2012
1980,2021
1990,2057
2000,2057
2007,2067
2007,2065
2005,2011
2016,2071
2019,2063
2035,2035
2037,2023
2037,2066
2060,2019
2057,2053
2075,2027
2088,2067
2091,2064
2091,2022
2109,2041
2112,2042
2117,2035
2137,2019
2139,2041
2152,2036
2149,2015
2160,2071
2168,2005
2171,2044
2171,2017
2184,2046
2188,2059
2184,2043
2185,2021
2179,2041
2188,2009
2185,2029
2171,2003
2173,2072
2176,2077
2161,2054
2167,2059
2160,2029
2153,2078
2161,2036
2151,2041
2145,2015
2136,2028
2123,2063
2119,2056
2112,2037
2103,2076
2096,2071
2088,2073
2076,2068
2072,2062
2061,2029
2052,2027
2031,2064
2019,2056
2009,2025
2005,2029
2008,2024
1992,2038
1989,2072
1971,2037
1971,2054
1968,2058
1964,2040
1955,2029
1953,2023
1951,2027
1944,2046
1958,2013
1959,2017
1956,2072
1950,2053
1952,2078
1952,2068
1952,2055
1952,2017
1958,2061
1967,2048
1965,2040
1969,2062
1978,2079
1989,2083
1992,2033
1998,2063
2009,2039
2014,2039
2023,2063
2035,2035
2042,2024
2052,2075
2063,1987
2063,2027
2079,2032
2081,2090
2091,2054
2103,2040
2112,2020
2120,2023
2128,2015
2127,2040
2140,2048
2140,2023
2154,2058
2155,2035
2165,2035
2186,2054
2183,2043
2183,2052
2190,2067
2198,2035
2201,2026
2202,2067
2206,2036
2205,2048
2203,2009
2200,2019
2195,2073
2203,2063
2199,2027
2183,2034
2184,2057
2181,2063
2169,2032
2167,2029
2153,2021
2157,2058
2145,2071
2143,2019
2123,2029
2125,2056
2118,2048
2105,2007
2100,2019
2092,2052
2083,2036
2083,2003
2067,2057
2063,2034
2056,2051
2033,2015
2015,2024
2033,2041
2011,2040
2007,2012
1997,2015
1996,2037
1976,2027
1971,2039
1972,2037
1972,2041
1969,2080
1963,2041
1964,2063
1965,2031
1969,2023
1948,2066
1967,2035
1961,2052
1961,2043
1959,2041
1970,2025
1961,2039
1979,1992
1978,2033
1984,2003
1992,2056
1996,2066
2005,2048
2007,2044
2005,2027
2010,2015
2027,2029
2025,2029
2040,2043
2047,2057
2055,2327
2072,2461
2076,2078
2075,1709
2100,1861
2096,1760
2107,1783
2113,2057
2125,2129
2126,2356
2130,2193
2140,2012
2151,2148
2151,2063
2153,1895
2163,2115
2163,2038
2180,2051
2186,2109
2189,1853
2187,1719
2194,2036
2187,2244
2183,2127
2188,2285
2185,2354
2186,1912
2181,1950
2164,1985
2176,1993
2168,2168
2160,2170
2152,1984
2146,2053
2135,2037
2129,2027
2121,1909
2112,2000
2111,2099
2089,2096
2090,1995
2085,1995
2080,2085
2069,2161
2071,2027
2068,1975
2056,2068
2046,2069
2037,2033
2019,1974
2019,2032
2015,2067
2001,2101
1991,2037
1978,1987
1972,2040
1961,2068
1951,2059
1945,2019
1940,2030
1942,2095
1937,2025
1944,2003
1943,2029
1941,2063
1947,2080
1945,2043
1955,1997
1961,2080
1947,2063
1959,2066
1967,2094
1971,2011
1965,1993
1974,2062
1973,2017
1979,2028
1983,2084
1977,2096
1990,2023
1995,2041
2006,2039
2018,2039
2024,2015
2027,2022
2041,2076
2065,2073
2067,2096
2076,2055
2093,2019
2104,2047
2106,2088
2112,2031
2123,2007
2125,2019
2138,2036
2143,2037
2148,2028
2160,2078
2160,2019
2167,2025
2167,2021
2173,2080
2176,2056
2180,2013
2188,2064
2185,2063
2195,2053
2192,2027
2196,2017
2196,2055
2192,2072
2183,2015
2188,2040
2184,2063
2171,2071
2169,2029
2163,2094
2158,2071
2137,2037
2138,2071
2131,2043
2124,2069
2107,2034
2103,2040
2091,2056
2083,2057
2079,2069
2073,2084
2063,2076
2058,2066
2037,2056
2024,2030
2010,2042
2008,2043
2001,2009
2002,2044
1992,2056
1976,2035
1965,2017
1963,2071
1967,2044
1960,2070
1968,2029
1947,2056
1951,2073
1955,2019
1952,2053
1955,2071
1956,2059
1943,2045
1945,2055
1944,2056
1954,2080
1959,2039
1957,2042
1965,2033
1968,2009
1975,2076
1979,2044
1991,2057
2005,2072
2003,2024
2011,2024
2019,2063
2033,2035
2043,2066
2057,2006
2063,2040
2069,2040
2080,2047
2081,2029
2088,2067
2104,2007
2102,2020
2103,2031
2118,2045
2124,2023
2122,2060
2128,2043
2138,2027
2143,2084
2153,2051
2163,2037
2162,2063
2179,2063
2175,1995
2185,2019
2191,2048
2189,2076
2192,2031
2196,2042
2187,2066
2179,2063
2179,2053
2176,2041
2169,2007
2156,2017
2157,2063
2147,2079
2144,2063
2141,1993
2129,2057
2107,2037
2112,2040
2100,2063
2091,2011
2088,2025
2081,2021
2076,2017
2075,2040
2065,2036
2059,2067
2047,2075
2037,2039
2033,2035
2007,2019
2005,2003
2003,2001
1997,2023
1977,2015
1977,2046
1959,2048
1953,2035
1952,2035
1940,1997
1932,2019
1932,2007
1931,2027
1932,2039
1931,2042
1929,2044
1926,2030
1933,2038
1929,2021
1929,2056
1941,2074
1935,2061
1939,2025
1950,2038
1952,2063
1960,2019
1956,2048
1965,2031
1959,2059
1969,2035
1975,2042
1976,2020
1981,2053
1999,2002
1999,2042
2003,2051
2020,2061
2017,2039
2041,2047
2040,2032
2059,2035
2069,2035
2079,2044
2085,2029
2096,2040
2104,2039
2109,2044
2120,2072
2124,2058
2136,2060
2142,2003
2144,2055
2140,2003
2158,2068
2161,2007
2157,2046
2168,2056
2158,2035
2163,2041
2168,2037
2170,2078
2172,2064
2168,2063
2168,2072
2168,2041
2161,2040
2155,2015
2151,2045
2155,2068
2136,2040
2139,2023
2125,2076
2124,2037
2120,2074
2111,2054
2108,2045
2099,2047
2091,2068
2078,2048
2072,2063
2057,2047
2058,2060
2053,1991
2037,2053
2024,2043
2016,2029
2005,2092
1995,2033
2003,2039
1994,2060
1973,2023
1977,2037
1968,2035
1955,2025
1955,2024
1957,2003
1943,2015
1945,2019
1941,2063
1947,2063
1948,2063
1948,2080
1946,2067
1944,2013
1947,2035
1951,2012
1955,2039
1953,2023
1959,2040
1963,2059
1973,2023
1974,2033
1977,2044
1989,2033
2007,2036
2010,2039
2016,2056
2021,2067
2035,2083
2041,2060
2048,2065
2043,2080
2069,2010
2075,2027
2086,2076
2087,2033
2098,2075
2108,2040
2112,2002
2121,2048
2131,2011
2132,2023
2149,2011
2149,2042
2164,2045
2176,2033
2173,2029
2184,2055
2193,2019
2193,2058
2197,2040
2199,2059
2200,2040
2202,2064
2199,2029
2191,2063
2200,2063
2191,2010
2187,2035
2184,2024
2180,2043
2173,2072
2173,2047
2169,2012
2149,2041
2155,2088
2152,2070
2146,2089
2141,2044
2127,2023
2117,2031
2116,2005
2104,2043
2096,2063
2089,2003
2073,2029
2065,2024
2068,2067
2053,2035
2037,2013
2021,2072
2026,2031
2011,2034
2005,2061
1995,2095
1993,2084
1991,2084
1979,2018
1975,2083
1977,2033
1964,2058
1971,2048
1969,2024
1968,2041
1969,2039
1972,2027
1965,1981
1961,2056
1961,2067
1975,2071
1972,2064
1972,2039
1975,2065
1980,2071
1984,2023
1984,2063
1999,2097
2008,2056
2010,2042
2016,2019
2019,2035
2033,2084
2027,2037
2044,2080
2063,2027
2072,2068
2075,2067
2083,2044
2088,2069
2103,2066
2106,2051
2101,2061
2111,2039
2124,2027
2131,2081
2139,2030
2144,2023
2157,2019
2160,2072
2168,2037
2165,2048
2184,2029
2180,2030
2195,2017
2200,2019
2197,2021
2200,2023
2202,2061
2205,2012
2195,2074
2199,2040
2199,2079
2198,2058
2194,2052
2188,2067
2180,2072
2183,2044
2169,2048
2164,2063
2157,2033
2152,2052
2139,2075
2129,2029
2131,2029
2119,2048
2112,2043
2103,2021
2098,2063
2092,2040
2080,2072
2071,2038
2063,2060
2043,2063
2037,2056
2031,2084
2022,2065
2009,2072
2003,2060
1998,2063
1995,2055
1976,2043
1976,2012
1963,2041
1967,2066
1960,2017
1953,2044
1958,2078
1952,2044
1959,2008
1947,2039
1943,2063
1953,2058
1947,2043
1960,2037
1960,2037
1960,2035
1965,2053
1961,2036
1975,2088
1978,2060
1986,2015
1980,2003
1995,2036
2005,2043
2005,2045
2016,2037
2024,2088
2029,2039
2035,2033
2051,2043
2045,2027
2068,2037
2072,2021
2080,2051
2087,2055
2100,2072
2106,2041
2116,2053
2117,2041
2128,2076
2127,2074
2151,2033
2147,2021
2149,2028
2169,2028
2166,2046
2170,2018
2169,2072
2175,2063
2191,2041
2189,2072
2185,2068
2193,1993
2185,2051
2183,2056
2173,2041
2184,2069
2168,2023
2171,2027
2167,2027
2164,2053
2151,2069
2152,2067
2143,2043
2141,2017
2136,2088
2127,2022
2116,2063
2103,2031
2103,2063
2092,2088
2080,2074
2075,2037
2068,2032
2052,2080
2044,2072
2038,2031
2023,2076
2009,2057
2011,2040
1993,2063
1997,2065
1983,2060
1977,2033
1963,2047
1968,2068
1955,2032
1953,2065
1947,2075
1953,2253
1942,1489
1948,1744
1941,2675
1943,2672
1944,1739
1933,1619
1939,2224
1940,2351
1945,1845
1945,1264
1955,2419
1952,2939
1960,2022
1964,1569
1971,1976
1965,2260
1977,2562
1993,1836
2000,1415
2009,2307
2004,2496
2024,1649
2025,1592
2029,2232
2039,2164
2056,1855
2063,1957
2072,2312
2077,2356
2088,1875
2093,1612
2104,2069
2115,2364
2109,2167
2122,1785
2132,1984
2144,2292
2149,2113
2147,1799
2154,2015
2161,2243
2168,2174
2173,1960
2173,1752
2167,2033
2167,2324
2157,2029
2166,1919
2168,1963
2165,2056
2153,1997
2161,1959
2163,1957
2157,2121
2151,2198
2140,1973
2144,1928
2143,2034
2136,2164
2123,2059
2120,1932
2113,2024
2097,2104
2091,2068
2075,1973
2073,1995
2070,2103
2056,2082
2043,1978
2039,1987
2025,2041
2022,2075
2017,2035
2015,2023
2008,2023
1999,2018
1989,2076
1992,2075
1988,2065
1976,2033
1968,2072
1961,2063
1955,2055
1956,1993
1960,2037
1949,2070
1944,2043
1951,2029
1952,2043
1948,2039
1947,2071
1947,2032
1947,2057
1948,2067
1947,2017
1955,2025
1967,2022
1965,2044
1977,2035
1980,2053
1983,2029
1989,2045
2007,2056
2003,1987
2018,2070
2027,2075
2027,2036
2032,2043
2039,2073
2041,2034
2056,1970
2068,2085
2075,2048
2071,2007
2076,2008
2093,2071
2093,2052
2101,2072
2103,2053
2122,2030
2135,2029
2138,2029
2144,2047
2149,2063
2159,2037
2159,2030
2163,2018
2165,2007
2171,2043
2171,2064
2183,2031
2172,2057
2168,2022
2173,2040
2171,2078
2172,2025
2163,2045
2165,2080
2150,2011
2151,2029
2139,2055
2133,2017
2132,2071
2121,2031
2108,2036
2104,2011
2101,2042
2094,2060
2081,2052
2081,2011
2072,2040
2065,2032
2059,2058
2053,2080
2038,2019
2028,2040
2013,2053
2001,2076
1995,2023
1984,2080
1981,2035
1965,2029
1952,2075
1945,2074
1938,2011
1931,2048
1929,2020
1924,2075
1927,2031
1918,2025
1915,1999
1917,2051
1911,2039
1917,2024
1911,2088
1907,2037
1915,2027
1913,2036
1934,2037
1938,2027
1944,2039
1939,2056
1948,2047
1958,2051
1960,2086
1967,2007
1968,2067
1979,2056
1978,1988
1995,2041
1993,2005
2011,2030
2015,2072
2018,2036
2029,2033
2051,2001
2054,2034
2063,2092
2075,2012
2091,2053
2101,2044
2105,2072
2109,2077
2115,2003
2128,2018
2136,2012
2133,2026
2152,2030
2151,2041
2152,2063
2161,2011
2155,2021
2167,2042
2167,2057
2170,2033
2162,2007
2168,2011
2174,2040
2171,2039
2165,2015
2154,2087
2167,2023
2158,2063
2153,2044
2147,2048
2143,2007
2129,2015
2131,2072
2121,2021
2118,2063
2105,2021
2086,2017
2094,2035
2080,2037
2071,2046
2066,2027
2056,2079
2045,2019
2028,2035
2027,2008
2020,2056
2013,2086
2007,2067
2007,2043
1984,2033
1981,2060
1988,2007
1973,2015
1976,2053
1975,2035
1959,2080
1961,2055
1956,2027
1955,2070
1956,2044
1952,2019
1956,2021
1953,2065
1952,2058
1953,2072
1947,2046
1956,2057
1966,2003
1972,2057
1976,2095
1973,2017
1979,2037
1992,2078
1993,2031
2015,2074
2017,2068
2019,2007
2032,2041
2037,2059
2046,2054
2065,2074
2057,2041
2075,2037
2080,2052
2091,2059
2093,2048
2105,2070
2112,2066
2107,2036
2119,2041
2134,1977
2144,2040
2150,2071
2156,2045
2165,2067
2176,2056
2186,2060
2190,2024
2195,2071
2206,2056
2209,2037
2207,2025
2205,2023
2216,2071
2210,2037
2208,2008
2201,2067
2209,2039
2204,2042
2201,2019
2191,2001
2183,2027
2184,2047
2173,2053
2184,2034
2161,2067
2168,2031
2158,2068
2147,2084
2145,2039
2138,2065
2123,2032
2120,2069
2108,2066
2103,2011
2088,2063
2084,2055
2073,2062
2063,2058
2063,2079
2044,2015
2033,2054
2032,2063
2024,2064
2000,2057
2005,2069
1999,2009
1988,2033
1975,2043
1974,2025
1973,2067
1972,2063
1973,2056
1968,2054
1965,2043
1963,2018
1968,2036
1968,2039
1968,2064
1963,2040
1961,2019
1959,2055
1972,2011
1971,2074
1981,2035
1977,2063
1990,2063
1989,2035
2007,2055
2001,2008
2016,2029
2023,2071
2021,2028
2035,2029
2041,2011
2052,2015
2055,2053
2073,2089
2076,2032
2085,2007
2091,2043
2103,2023
2108,2079
2120,2053
2127,2032
2127,2024
2139,2058
2143,2056
2146,2057
2159,2076
2165,2035
2163,1995
2173,2035
2176,2029
2179,2043
2184,2068
2187,1988
2179,2072
2185,2037
2185,2024
2193,2056
2190,2067
2191,2017
2182,2029
2171,2037
2168,2027
2167,2053
2155,2013
2153,2027
2144,2076
2136,2033
2136,2058
2117,2068
2111,2023
2107,2036
2098,2089
2087,2029
2080,2055
2071,2073
2063,1993
2055,2035
2043,2023
2035,1957
2024,1869
2016,2336
2008,2328
2004,1931
1999,1997
1986,2080
1955,1848
1960,1835
1961,1799
1947,2319
1943,2440
1953,1773
1944,1871
1944,2250
1943,1782
1933,1633
1933,1873
1933,1965
1939,2280
1942,2001
1942,1750
1935,2108
1947,2152
1941,1905
1951,2039
1953,2375
1956,2341
1960,2022
1969,1651
1978,1888
1976,2275
2000,2154
2008,1923
2007,1961
2011,2183
2015,2184
2024,1904
2029,1794
2053,2104
2051,2219
2063,2022
2087,1992
2088,2000
2089,2143
2109,2173
2119,1899
2124,1984
2137,2174
2139,2103
2157,1953
2163,2016
2171,2034
2175,2114
2165,2099
2167,1927
2181,2006
2184,2133
2183,2082
2172,1989
2187,2000
2182,2071
2174,2079
2176,2004
2181,2011
2180,2068
2171,2088
2184,2027
2171,2007
2168,2091
2168,2088
2162,2071
2155,2077
2150,2067
2140,2080
2121,2031
2115,2042
2106,2090
2089,2038
2079,2092
2074,2036
2057,2064
2063,2035
2037,2011
2025,2056
2029,2089
2023,2056
2009,2063
2009,2044
1995,2042
1998,2032
1994,2021
1982,2029
1979,2025
1976,2040
1964,2039
1953,2067
1959,2073
1960,2032
1957,2071
1949,2056
1939,2039
1941,2056
1939,2057
1937,2075
1944,2043
1946,2018
1955,2060
1959,2101
1963,2025
1968,2003
1968,2071
1984,2076
1977,2080
1992,2042
2001,2063
2008,2044
2007,2024
2015,2038
2031,2051
2031,2055
2040,2024
2053,2059
2041,2037
2063,2009
2071,2058
2073,2065
2081,2017
2096,2052
2093,2063
2103,2069
2107,2053
2117,2042
2130,2024
2134,2037
2133,2043
2143,2022
2154,2017
2170,2044
2168,2046
2167,2067
2169,2023
2179,2027
2179,2029
2181,2045
2173,2019
2171,2054
2181,2038
2176,2044
2173,2040
2168,2041
2164,2063
2155,2013
2152,2015
2143,2037
2125,2071
2121,2072
2128,2069
2118,2026
2116,1987
2104,2072
2097,2080
2092,2043
2083,2071
2080,2071
2076,2063
2071,2063
2056,2032
2055,2063
2032,2069
2026,2067
2015,2072
2003,2041
2003,2025
1987,2019
1979,2028
1967,2043
1960,2045
1947,2039
1952,2063
1944,2047
1942,2073
1931,2045
1931,2043
1935,2061
1938,2056
1936,2037
1929,2055
1935,2041
1935,2019
1937,2066
1939,2030
1937,2020
1956,2070
1947,2066
1947,2053
1952,2008
1960,2042
1969,2019
1962,2021
1976,2058
1973,2043
1978,2040
1992,2056
1995,2055
2001,2025
2015,2071
2031,2060
2028,2029
2039,2024
2056,1997
2070,2029
2071,2033
2083,2030
2087,2046
2104,2037
2111,2069
2120,2009
2124,2070
2124,2040
2137,2056
2143,1997
2144,2039
2147,2060
2157,2084
2158,2048
2160,2072
2161,2071
2160,2068
2169,2042
2168,2063
2165,2075
2165,2019
2168,2063
2166,2018
2163,2068
2161,2063
2154,2048
2141,2080
2153,2079
2139,2073
2135,2055
2132,2033
2121,2019
2105,2073
2099,2063
2087,2047
2084,2008
2074,2053
2067,2067
2054,2055
2042,2034
2039,2056
2023,2023
2011,2021
2009,2027
2003,2055
1996,2063
1989,2044
1977,2071
1981,2071
1974,2069
1961,2071
1961,2009
1959,2057
1951,2080
1940,2063
1943,2096
1943,2053
1937,2072
1945,2021
1941,2036
1937,2024
1929,2027
1945,2028
1941,2037
1949,2048
1947,2078
1957,2023
1965,2047
1964,2040
1975,2063
1980,2037
1992,2040
1998,2044
2008,2057
2015,2029
2017,2044
2032,2037
2039,2048
2047,2059
2056,2039
2068,2044
2072,2036
2083,2035
2085,2047
2097,2071
2103,2043
2107,2037
2119,2075
2131,2066
2131,2019
2149,2009
2156,2076
2168,2044
2165,2039
2169,2054
2180,2009
2189,2025
2185,2025
2191,2027
2206,2033
2203,2047
2201,2021
2201,2011
2204,2064
2197,2045
2189,2063
2199,2063
2192,2029
2190,2027
2187,2071
2167,2073
2174,2017
2163,2037
2150,2055
2147,2029
2144,2060
2141,1995
2135,2060
2122,2040
2118,2039
2110,2075
2096,2041
2094,2036
2083,2059
2078,2033
2065,2048
2040,2030
2043,2072
2038,2041
2026,2031
2016,2072
2011,2057
2003,2059
1989,2071
1984,2060
1979,2069
1971,2051
1971,2007
1968,2067
1965,2059
1975,2084
1968,2044
1968,2046
1963,2070
1968,2053
1961,2043
1970,2031
1966,2027
1961,2067
1963,2063
1973,2057
1976,2066
1981,2065
1982,2042
1981,2011
2005,2030
2006,2041
2012,2042
2016,2027
2018,2017
2031,1997
2052,2041
2063,2035
2063,2048
2069,2055
2079,2061
2089,2053
2097,2037
2107,1995
2108,2019
2127,2048
2121,2041
2143,1999
2143,2075
2147,2043
2155,2064
2157,2043
2169,2027
2184,2066
2192,2035
2194,2079
2195,2033
2200,2071
2200,2045
2204,2023
2205,2066
2211,2029
2200,2024
2209,2040
2199,2064
2201,2067
2200,2038
2188,2025
2183,2057
2190,2056
2169,2021
2173,2041
2151,2063
2149,2028
2150,2011
2140,2024
2135,2018
2115,2053
2115,2057
2111,2046
2091,2038
2089,2059
2079,2037
2072,2075
2065,2044
2056,2036
2043,2069
2032,2046
2021,2058
2023,2019
2011,2041
2003,2007
1988,2080
1973,2043
1966,2041
1967,2029
1963,2043
1964,2027
1953,2042
1960,2063
1958,2058
1948,2020
1954,2029
1945,2059
1947,2020
1947,2037
1957,2047
1963,2056
1966,2040
1969,2028
1968,2055
1968,2056
1973,2055
1977,2013
1988,2023
1997,2067
2001,1775
2007,1496
2020,2182
2025,2901
2025,2216
2037,1493
2040,2039
2063,2201
2071,2063
2079,1753
2087,1805
2097,2620
2095,2279
2112,1514
2115,1944
2119,2256
2129,2261
2136,2267
2148,1962
2148,1975
2161,2506
2164,2040
2173,1461
2181,2013
2176,2203
2187,1761
2191,2083
2184,2287
2184,2192
2199,1956
2183,1845
2194,1841
2183,2263
2185,2255
2183,1938
2183,1925
2181,2140
2169,2098
2161,1961
2156,2051
2145,2166
2140,2131
2122,1955
2119,1887
2112,2011
2103,2240
2093,2081
2083,1887
2076,2023
2070,2136
2051,2029
2046,2033
2033,2039
2027,2012
2018,2071
2010,2044
2001,1961
1993,2056
1987,2157
1992,2003
1970,1979
1969,2036
1968,2080
1960,2013
1952,2063
1951,2040
1944,2088
1947,2089
1933,2032
1944,2036
1937,2068
1927,2037
1931,2022
1932,2076
1941,2043
1944,2033
1947,2079
1953,2075
1960,2040
1967,2023
1969,2071
1983,2072
1979,2086
1995,2072
2000,2071
2007,2065
2005,2057
2020,2023
2012,2067
2029,2077
2032,1991
2035,2018
2045,2064
2051,2067
2068,2055
2080,2033
2087,2037
2096,2040
2101,2023
2105,2035
2116,1991
2118,1993
2129,2015
2140,2060
2135,2039
2156,2030
2163,2037
2163,2054
2168,2051
2168,2005
2168,2034
2168,2035
2173,2024
2168,2040
2176,2023
2167,2074
2174,2063
2177,2053
2167,2039
2163,2023
2160,2063
2155,2048
2147,2039
2150,2088
2139,2067
2139,2068
2128,2058
2107,2029
2115,2033
2103,2072
2107,2036
2091,2052
2089,2035
2073,2005
2067,2036
2057,2039
2044,2039
2039,2056
2030,2041
2024,2029
2013,2056
2009,2056
1997,2079
1992,2072
1991,2017
1977,2024
1963,2048
1965,2008
1963,1990
1956,2042
1954,2025
1952,2064
1945,2087
1946,2063
1951,2051
1952,2043
1947,2037
1945,2033
1950,2053
1945,2060
1956,2012
1941,2056
1960,2033
1952,2007
1964,2057
1963,2060
1968,2042
1972,2040
1981,2015
1988,2067
1996,2038
2003,2031
2008,2053
2011,2026
2018,2033
2032,2026
2040,2068
2054,2011
2063,2067
2072,2053
2073,2077
2089,2023
2094,2091
2094,2035
2103,2015
2107,2026
2113,2041
2130,2031
2133,2072
2133,2027
2140,2063
2154,2064
2159,2057
2159,2040
2166,2041
2165,2055
2166,2025
2165,2015
2184,2043
2179,2016
2180,2021
2181,2056
2171,2064
2167,2045
2168,2074
2168,2072
2160,2041
2156,2041
2144,2030
2135,2045
2132,2024
2121,2018
2120,1979
2095,2031
2097,2041
2091,2072
2077,2073
2067,2039
2064,2033
2070,2023
2045,2019
2037,2025
2017,2046
2021,2024
2012,2063
2002,2024
1987,2056
1975,2059
1977,2021
1968,2027
1949,2063
1954,2015
1941,2029
1929,2040
1936,2009
1930,2043
1937,2078
1928,2072
1927,2003
1927,2063
1913,2039
1917,2071
1920,2040
1931,2029
1933,2055
1930,2034
1935,2034
1939,2033
1945,2032
1947,2063
1957,2029
1963,2040
1965,2075
1976,2088
1979,2063
1977,2041
1991,2048
2000,2062
2004,2037
2024,2032
2021,2065
2036,2063
2037,2068
2041,2009
2051,2028
2072,2015
2076,2021
2077,2066
2091,2045
2097,2005
2108,2063
2117,2013
2127,2079
2140,2069
2137,2011
2147,2015
2147,2053
2153,2060
2160,2041
2161,2009
2165,2029
2165,2024
2167,2017
2161,2080
2170,2064
2159,2043
2162,2041
2159,2047
2143,2055
2144,2005
2150,2056
2144,2055
2131,2006
2128,2046
2128,2072
2116,2009
2103,2027
2105,2030
2096,2038
2085,2063
2084,2029
2079,2076
2072,2039
2057,2030
2044,2072
2036,2063
2026,2075
2021,2070
2001,2029
1998,2080
1987,2063
1981,2093
1979,2066
1971,2065
1972,2037
1960,2037
1960,2063
1952,2041
1947,2046
1941,2059
1955,2036
1946,2039
1945,2063
1941,2030
1949,2064
1945,2067
1950,2056
1943,2056
1948,2067
1951,2071
1947,2033
1965,2080
1960,2053
1975,2030
1975,2040
1984,2029
1997,2054
2003,2003
2007,2036
2020,2043
2027,2044
2032,2048
2037,2057
2058,2045
2065,2084
2069,2023
2077,2071
2085,2063
2095,2080
2092,1999
2109,2039
2125,2004
2132,2044
2141,2035
2139,2059
2152,2011
2163,2028
2168,2027
2176,2017
2187,2055
2190,2074
2191,2063
2202,2063
2200,2027
2203,2079
2204,2066
2208,2043
2211,2052
2214,2053
2203,2052
2197,2063
2208,2031
2204,2037
2196,2073
2190,2029
2185,2017
2184,2072
2165,2043
2153,2027
2153,2031
2145,2068
2141,2059
2139,2035
2121,2069
2120,2025
2104,2071
2104,2046
2097,2011
2088,2055
2084,2061
2074,1997
2066,2056
2046,2079
2046,1996
2032,2065
2025,2035
2009,1992
2005,2071
2005,2042
1993,2061
1978,2043
1977,2074
1969,2038
1966,2040
1976,2056
1965,2047
1963,2019
1970,2075
1961,2063
1960,2045
1963,2025
1970,2073
1968,2031
1973,2047
1980,2058
1971,2068
1979,2041
1991,2034
1996,2023
1999,2028
2001,2004
2012,2041
2009,2045
2019,2027
2030,2036
2036,2048
2033,2027
2056,2096
2063,2040
2072,2059
2077,2056
2081,2027
2091,2061
2099,2037
2111,1987
2121,2071
2127,2072
2125,2048
2135,2087
2142,2041
2155,2037
2159,2058
2159,2024
2171,2053
2178,2037
2171,2013
2173,2061
2191,2033
2192,2030
2194,2063
2199,2069
2199,2035
2185,2031
2199,2051
2189,2029
2187,2091
2184,2019
2179,2020
2164,2090
2167,2061
2157,2039
2139,2029
2143,2032
2142,2028
2128,2070
2122,2047
2116,2029
2108,2027
2099,2075
2092,2045
2075,2067
2072,2056
2056,2002
2042,2028
2033,2067
2028,2035
2020,1991
2005,2056
2003,2041
1999,2023
1984,2071
1972,2029
1975,2057
1967,2037
1955,2021
1952,2084
1947,2065
1939,2033
1937,2060
1945,2039
1943,2071
1935,2027
1933,2069
1937,2009
1931,1986
1947,2057
1937,2053
1944,2063
1943,2021
1957,2044
1957,2067
1964,2003
1968,2048
1973,2021
1975,2024
1990,2037
1995,2031
1997,2059
2009,2068
2021,2038
2019,2028
2025,2027
2031,2071
2043,2072
2045,2007
2069,1989
2076,2011
2081,2053
2087,2043
2103,2032
2108,2077
2121,2025
2115,2055
2131,2040
2132,2035
2147,2039
2157,2023
2162,2077
2162,2039
2167,2063
2176,2040
2171,2031
2183,2025
2184,2072
2181,2033
2184,2067
2188,2021
2181,2071
2183,2080
2190,2053
2184,2033
2175,2024
2157,2027
2165,2043
2160,2086
2158,2037
2139,2008
2140,2064
2132,2042
2125,2043
2119,2039
2109,2026
2108,2068
2093,2024
2085,2066
2080,2043
2078,2051
2075,2056
2063,2025
2047,2029
2028,2072
2032,2080
2017,2034
2007,2038
2009,2036
1995,2039
1981,2067
1971,2035
1967,2055
1963,2040
1960,2070
1959,2057
1962,2071
1952,2068
1947,2054
1951,2057
1956,2047
1943,2071
1948,2037
1953,2053
1957,2044
1949,2011
1953,2007
1955,2020
1963,2067
1971,2027
1972,2029
1976,2037
1987,2060
1980,2056
2002,2071
2006,1999
2011,2023
2016,2001
2019,2063
2035,2041
2040,2071
2039,2043
2065,2055
2063,2019
2075,2064
2085,2040
2091,2009
2100,2037
2110,2008
2119,2071
2121,2027
2132,2066
2138,2061
2143,2036
2153,2043
2154,2041
2167,2033
2161,2027
2169,2051
2184,2075
2171,2041
2186,2053
2185,2040
2190,2055
2193,2029
2171,1997
2187,2038
2181,2015
2176,2005
2165,2035
2161,2040
2151,2063
2160,2054
2146,2019
2135,2052
2129,2021
2123,2003
2122,2030
2118,2044
2104,2039
2101,2069
2091,2027
2076,2005
2076,2045
2059,2065
2048,2063
2042,2079
2034,2043
2017,2053
2007,2046
2001,2072
1996,2052
1994,2021
1981,2038
1972,2015
1968,2054
1956,2023
1945,2032
1945,2088
1940,2077
1935,2057
1936,2056
1935,2038
1933,2062
1925,2047
1926,2073
1928,2072
1927,2048
1929,2047
1932,2080
1940,2035
1929,2041
1929,2040
1937,2003
1944,1994
1940,2037
1953,2047
1960,2075
1969,2044
1979,2037
1992,2033
1992,2034
1993,2055
2012,2075
2012,2071
2020,2033
2030,2019
2038,2022
2055,2052
2053,2037
2067,2052
2081,2063
2092,2056
2087,2033
2105,2011
2110,2065
2123,2074
2121,2024
2127,2044
2143,2071
2152,2038
2155,2036
2157,2060
2162,2041
2171,2027
2174,2046
2172,2088
2176,2060
2174,2039
2179,2053
2171,2056
2167,2071
2171,2041
2169,2056
2165,2040
2152,2035
2157,2031
2147,2005
2145,2025
2131,2011
2132,2040
2121,2042
2117,2017
2104,2022
2103,2047
2092,2029
2087,2058
2080,2048
2063,2024
2064,2080
2060,2019
2033,2029
2032,2021
2021,1997
2015,2063
2005,2027
1982,2040
2001,2026
1989,2017
1974,2063
1968,2057
1967,2061
1955,2080
1952,2040
1960,2072
1949,2059
1951,2069
1953,2003
1943,2083
1945,2043
1952,2029
1950,2060
1950,2028
1952,2021
1965,2042
1963,2075
1963,2055
1966,2007
1970,2011
1980,2029
1977,2069
1993,2006
1996,2063
2000,2020
2015,2061
2016,2039
2031,2052
2041,2041
2041,2001
2056,2033
2067,2043
2072,2027
2083,2018
2091,2025
2100,2040
2111,2032
2115,2036
2121,2038
2136,2052
2143,2075
2143,2077
2153,2064
2166,2021
2172,2064
2176,2043
2183,2043
2185,2056
2192,2057
2199,2018
2197,2033
2201,2074
2205,2056
2197,2028
2205,2077
2210,2024
2206,2018
2198,2005
2189,2008
2183,2017
2189,2031
2182,2069
2174,2042
2161,2009
2159,2094
2151,2078
2153,2065
2140,2042
2133,2036
2127,2066
2117,2071
2099,2036
2091,2075
2091,2011
2084,2040
2072,2070
2055,2080
2055,2091
2037,2064
2035,2021
2015,2025
2016,2060
2011,2056
2001,2039
1998,2044
1987,2033
1973,2042
1976,2025
1959,2053
1959,2068
1965,2063
1964,2027
1955,2019
1953,2036
1952,2059
1958,2033
1955,2053
1959,2040
1957,2080
1964,2034
1969,2023
1963,2033
1976,2044
1979,2080
1976,1995
1996,2058
1998,2067
2000,2040
2010,2021
2011,2059
2020,2063
2028,2037
2035,2009
2048,2068
2039,2051
2066,2088
2075,2079
2080,2012
2081,2033
2101,2043
2107,2027
2104,2058
2123,2057
2127,2039
2129,2072
2139,2003
2151,2044
2160,2063
2167,2010
2169,2033
2167,2027
2184,2003
2185,2043
2193,2024
2193,2048
2199,2057
2200,2009
2201,1995
2201,2056
2199,2063
2200,2035
2191,2056
2195,2059
2184,2041
2185,2067
2169,2028
2174,2066
2163,2079
2155,2019
2154,2042
2151,2056
2143,2047
2130,2015
2121,2054
2115,2025
2099,2029
2103,2027
2082,2058
2083,2046
2076,2080
2068,2059
2056,2027
2039,2044
2029,2025
2023,2071
2025,2080
2002,2029
2006,2043
1995,2047
1984,2055
1980,2042
1976,2043
1968,2065
1971,2047
1964,2071
1967,2056
1960,2065
1954,2057
1963,2043
1960,2058
1960,2017
1953,2043
1962,2082
1955,2068
1966,2017
1967,2017
1961,2009
1976,2071
1980,2075
1989,2063
1996,2021
2000,2048
2003,2041
2011,2036
2019,2075
2027,2070
2029,2022
2039,2077
2056,2067
2071,2067
2065,2060
2075,2028
2089,2056
2096,1979
2101,2036
2102,2039
2120,2032
2128,2017
2129,2020
2139,2058
2151,2023
2160,2040
2157,2008
2172,2055
2183,2017
2182,1989
2187,1949
2184,1770
2194,2279
2187,2296
2201,1982
2203,1984
2200,2095
2202,1788
2200,1838
2185,1878
2192,2185
2187,2360
2169,1765
2173,1669
2168,2174
2165,2056
2147,1920
2148,1873
2139,2056
2133,2249
2134,2125
2127,1612
2109,1865
2104,2311
2087,2104
2085,1809
2073,2099
2068,2253
2064,2202
2043,1923
2029,1696
2029,2017
2007,2377
2009,2096
2007,1832
1987,1969
1983,2098
1965,2127
1963,1965
1957,1989
1957,2182
1952,2167
1947,2007
1953,1931
1952,2073
1949,2145
1949,2028
1963,1998
1964,2070
1959,2110
1963,2038
1965,2030
1961,2039
1965,2093
1973,2072
1967,1995
1971,1990
1968,2064
1981,2083
1989,1982
1995,2040
1989,2065
1996,2075
2010,2038
2021,2043
2020,2039
2035,2021
2045,2067
2057,2039
2077,2071
2083,2089
2079,2041
2083,2007
2096,2035
2092,2017
2112,2024
2107,2026
2120,2071
2117,2067
2119,2024
2131,1989
2133,1998
2144,2067
2147,2027
2157,2039
2159,2060
2157,2057
2163,2051
2171,2041
2187,2037
2187,2024
2187,2073
2187,2072
2172,2025
2173,2036
2173,2048
2161,2043
2167,2079
2147,2045
2147,2025
2139,2053
2127,2035
2130,2044
2123,2039
2101,2039
2101,2024
2091,2031
2091,2027
2079,2071
2073,2036
2066,2003
2059,2041
2059,2043
2056,2027
2038,2068
2032,2031
2017,2021
2018,2021
2008,2027
2002,2064
1993,2039
1977,2024
1969,2063
1965,2088
1964,2062
1956,2037
1951,2064
1945,2064
1939,2053
1943,2009
1932,2058
1942,2068
1939,2065
1941,2017
1931,2056
1942,2064
1946,2052
1942,2027
1951,2032
1949,2035
1949,2055
1962,2039
1970,2047
1961,2040
1980,2025
1976,2008
1981,2046
1995,2057
2011,2019
2009,2057
2025,2062
2027,2072
2028,2054
2033,2043
2056,2063
2057,2029
2073,2065
2077,2015
2094,2047
2099,2077
2104,2017
2112,2020
2126,2058
2133,2058
2143,2056
2156,2069
2155,2047
2168,2071
2169,2065
2183,2043
2189,2060
2182,2021
2197,2056
2194,2019
2196,1993
2188,2036
2188,2073
2186,2056
2181,2023
2180,2011
2171,2077
2163,2076
2163,2009
2155,2019
2153,2084
2144,2076
2138,2060
2127,2027
2126,2007
2104,2026
2105,1991
2103,2041
2091,2079
2080,2039
2071,2078
2071,2070
2056,2029
2037,2076
2031,2026
2011,2055
2003,2001
1990,2039
1983,2080
1973,2039
1963,2032
1965,2069
1949,2036
1947,2042
1949,2027
1943,2041
1939,2071
1939,2063
1933,2039
1939,2035
1929,2055
1939,2061
1935,2071
1936,2054
1928,2024
1934,2019
1927,2021
1936,2018
1942,2035
1944,2040
1939,2043
1946,2041
1952,2057
1962,2030
1963,2053
1976,2018
1981,2044
1989,2069
1994,2042
2005,2074
2015,2073
2020,2056
2032,2059
2043,2045
2055,2022
2069,2036
2069,2038
2080,2084
2087,2071
2102,2021
2105,2057
2103,2023
2116,2044
2120,2069
2117,1991
2136,2001
2135,2002
2143,2048
2145,2019
2156,2057
2157,2024
2163,2015
2167,2033
2173,2011
2169,2039
2184,2016
2171,2065
2175,2056
2172,2054
2183,2029
2172,2072
2168,2072
2156,2063
2147,2031
2148,2039
2139,2054
2131,2048
2125,2009
2113,2039
2103,2059
2097,2011
2085,2056
2082,2067
2075,2040
2075,2023
2055,2028
2053,2088
2043,2037
2037,2070
2040,2028
2024,2084
2016,2042
2011,2052
2006,2051
1991,2057
1987,2035
1983,2033
1968,2011
1953,2029
1965,2037
1952,2057
1951,2008
1941,2072
1960,2029
1954,2056
1947,2076
1952,2027
1945,2040
1951,2053
1948,2057
1949,2076
1960,2096
1963,2067
1963,2048
1971,2075
1981,2011
1975,2036
1993,2034
1992,2078
2004,2046
2008,2074
2014,2075
2007,2029
2031,2052
2029,2036
2040,2071
2050,2005
2063,2027
2074,2035
2075,2011
2092,2076
2092,2063
2105,2015
2104,2055
2109,2037
2130,2079
2143,2034
2152,2019
2161,2036
2157,2033
2169,2048
2167,2033
2184,2043
2182,2041
2185,2035
2184,2070
2189,2058
2200,2047
2195,2015
2200,2063
2195,2039
2195,2029
2198,2043
2187,2046
2188,2063
2193,2032
2183,2025
2172,2039
2177,2072
2163,2056
2158,2064
2157,2040
2147,2040
2139,2063
2129,2051
2131,2015
2112,2044
2103,2065
2098,2079
2083,2075
2071,2040
2063,2036
2068,2057
2043,2023
2036,2037
2029,2064
2025,2065
2011,2021
2011,2069
2000,2063
1981,2026
1991,2040
1978,2056
1964,2019
1965,2055
1968,2084
1966,2056
1967,2017
1959,2039
1963,2023
1955,2075
1951,2069
1961,2040
1960,2065
1952,2063
1966,2022
1960,2041
1963,2085
1965,2034
1969,2073
1980,2041
1975,2029
1989,2019
1993,2035
2005,2025
2013,2074
2020,2076
2025,2007
2039,2040
2041,2028
2055,2012
2072,2039
2069,2025
2077,2059
2088,2043
2103,2036
2093,2051
2112,2063
2120,2041
2114,2023
2125,2026
2130,2071
2144,2053
2151,2029
2153,2043
2161,2027
2167,2021
2170,2062
2180,2053
2191,2064
2192,2073
2195,2036
2195,2058
2196,2076
2193,2033
2193,2045
2187,2023
2179,2071
2184,2035
2174,2028
2166,2011
2161,2043
2157,2063
2156,2084
2144,2061
2141,2084
2125,2033
2136,2062
2115,2078
2107,2021
2112,2063
2104,2038
2087,2066
2084,2082
2067,2088
2055,2023
2043,2066
2042,2065
2027,1979
2020,1977
2007,2127
2009,2065
1999,2040
1992,2073
1977,2072
1977,2027
1959,1981
1960,2003
1951,2103
1952,2095
1951,2011
1949,2068
1947,2108
1948,2057
1949,2021
1944,2001
1951,2011
1943,2120
1949,2120
1956,2003
1952,2015
1956,2100
1964,2068
1957,2005
1971,2008
1984,2075
1986,2081
1987,2039
1999,1981
2003,2017
2010,2029
2016,2079
2024,2079
2037,2021
2037,2045
2055,2001
2065,2021
2074,2041
2077,2072
2089,2042
2100,2016
2101,2035
2116,2039
2123,2061
2128,2005
2129,2045
2143,2023
2155,2040
2155,2039
2168,2022
2173,2011
2183,2040
2186,2056
2191,2041
2189,2015
2196,2042
2201,2068
2193,2042
2207,2009
2189,1995
2203,2088
2200,2077
2192,2068
2188,2074
2184,2083
2179,2040
2169,2025
2171,2020
2165,2076
2159,2062
2147,2063
2133,2065
2137,2033
2129,2096
2121,2038
2116,2045
2098,2071
2096,2048
2094,2035
2075,2037
2069,2064
2063,2048
2048,2063
2043,2065
2027,2027
2023,2077
2009,2056
2011,2055
2002,2074
1992,2044
1977,2021
1972,2027
1973,2022
1965,2028
1963,2059
1965,2041
1963,2024
1949,2038
1963,2027
1949,2058
1952,2039
1955,2005
1948,2057
1961,2029
1960,2041
1961,2063
1966,2064
1964,2071
1977,2039
1985,2036
1984,2065
1990,2008
2001,2036
2010,2067
2013,2036
2011,2064
2030,2003
2028,2038
2053,2048
2056,2019
2043,2024
2069,2037
2079,2072
2073,2024
2092,2044
2091,2056
2107,2048
2118,2007
2119,2047
2128,2047
2137,2079
2143,2020
2160,2047
2167,2003
2168,2055
2170,2068
2173,2021
2183,2040
2187,2044
2181,2025
2187,2044
2190,2030
2191,2035
2196,2041
2187,2032
2185,2036
2184,2071
2184,2061
2174,2052
2168,2030
2168,2039
2149,2026
2156,2079
2144,2026
2133,1993
2135,2051
2126,2072
2120,2058
2104,2035
2088,2080
2094,2076
2071,2075
2069,2056
2063,2072
2043,2056
2051,2023
2035,2054
2026,2041
2005,2039
1999,2064
2004,2045
1983,2053
1981,2026
1971,2045
1959,2028
1961,2076
1952,2064
1951,2042
1949,2019
1940,2007
1945,2031
1947,2019
1935,2037
1939,2035
1939,2023
1937,2005
1935,2092
1945,2060
1945,2025
1950,2066
1945,2494
1952,2554
1960,1422
1963,1264
1977,2476
1967,2719
1990,2077
1999,1704
1999,2191
2011,2455
2011,1615
2023,1211
2035,2474
2035,2643
2051,1859
2068,1930
2063,2030
2076,2441
2083,2543
2092,1635
2104,1672
2097,2724
2116,2448
2124,1642
2131,1849
2138,2260
2148,1987
2155,1744
2163,1987
2168,2443
2171,2507
2163,1842
2184,1544
2187,2017
2192,2380
2188,2196
2184,1852
2190,1871
2191,2339
2179,2249
2173,1765
2174,1759
2170,2153
2160,2319
2151,2112
2150,1705
2139,1963
2135,2276
2128,2124
2117,1977
2107,2003
2107,2071
2096,2083
2074,1991
2087,1887
2079,2025
2071,2191
2068,2095
2059,1956
2044,1993
2035,2109
2024,2021
2022,2026
2009,2037
1995,2134
1991,2027
1975,2007
1972,2011
1962,2088
1956,2102
1959,2071
1952,2003
1949,2093
1945,2043
1951,2103
1947,2066
1954,2007
1953,2048
1955,2065
1952,2066
1955,2027
1957,2035
1963,2041
1968,2043
1959,2033
1971,2007
1975,2056
1976,2079
1979,2009
1974,2009
1992,2072
1996,2063
1996,2006
2012,2036
2019,2055
2025,2023
2028,2018
2053,2081
2053,2025
2052,2009
2076,2056
2088,2025
2093,2072
2099,2071
2101,2036
2107,2033
2124,2077
2119,2077
2129,2033
2137,2084
2143,2005
2151,2048
2155,1979
2164,2031
2155,2036
2159,2057
2181,2088
2175,2026
2182,1998
2188,2104
2173,2037
2181,2069
2187,2017
2187,2015
2188,2043
2174,2055
2173,2069
2163,2032
2171,2068
2167,2087
2155,2061
2145,2067
2140,2047
2135,2081
2121,2057
2120,2059
2116,2017
2104,2056
2105,2008
2086,2030
2080,2058
2076,2066
2068,2042
2061,2072
2047,2067
2039,2069
2024,2032
2021,2035
2011,2055
2002,2013
1997,2035
1991,2051
1981,2067
1976,2048
1963,2029
1963,2005
1955,2033
1957,2033
1949,2045
1954,2053
1952,2072
1943,2073
1937,2023
1949,2027
1939,2024
1931,2028
1941,2021
1941,2076
1957,2007
1947,2037
1953,2021
1957,2003
1956,2043
1976,2040
1973,1989
1979,2055
1983,2080
2005,2015
2011,2046
2016,2078
2011,2026
2029,2036
2042,2062
2044,2035
2061,2099
2053,2043
2065,1995
2080,2068
2087,2029
2088,2027
2097,1999
2093,2036
2116,2061
2120,2040
2134,2029
2143,2036
2152,2056
2153,2017
2164,2017
2173,2040
2172,2012
2182,2074
2173,2067
2179,2057
2185,2018
2183,2024
2190,2023
2182,2065
2171,2007
2171,2042
2167,2077
2160,2063
2156,2072
2148,2063
2141,2017
2137,2076
2139,2023
2128,2059
2122,2079
2107,2043
2111,2055
2106,2009
2093,2058
2087,2027
2080,2029
2073,2019
2067,2094
2054,2063
2044,2040
2036,2017
2021,1977
2005,2025
1995,2037
2000,2074
1984,2055
1980,2029
1969,2048
1960,2072
1953,2033
1950,2011
1947,2019
1944,2043
1945,2053
1946,2041
1944,2045
1945,2088
1947,2063
1948,2011
1947,2028
1947,2061
1947,2040
1953,2024
1954,2061
1960,2003
1964,2024
1961,2023
1963,2035
1961,2003
1983,2063
1992,2080
1994,2071
1993,2027
2008,2071
2016,2058
2024,2019
2028,2055
2035,2088
2056,2057
2076,2007
2065,2012
2083,2032
2085,2068
2104,2031
2104,2036
2112,2080
2117,2048
2117,2066
2123,2025
2139,2053
2152,2058
2154,2067
2161,2058
2164,2063
2163,2038
2165,2045
2179,2056
2181,2079
2183,2003
2188,2040
2185,2030
2184,2057
2179,2039
2187,2057
2185,2072
2181,2080
2176,2058
2170,2055
2167,2041
2152,2028
2153,2015
2147,2005
2147,2046
2130,2076
2116,2036
2120,2072
2116,2027
2093,2017
2087,2008
2088,2035
2079,2063
2063,2023
2065,2074
2055,2074
2044,2075
2035,2032
2033,2021
2022,2027
2014,2048
1993,2011
1996,2062
1991,2064
1987,2019
1975,2056
1965,2063
1966,2076
1957,2041
1960,2011
1957,2025
1953,2029
1958,2023
1951,2067
1955,2041
1952,2040
1954,2072
1953,2053
1956,2053
1961,2024
1963,2036
1972,2038
1981,2069
1978,2051
1989,2072
1988,2021
2000,2045
2004,2005
2007,2038
2020,2004
2029,2028
2036,2003
2033,2039
2054,2036
2066,1980
2068,1999
2079,2036
2079,2019
2097,2069
2107,2026
2115,2055
2117,2015
2128,2053
2133,2052
2150,2027
2155,2069
2161,2063
2163,2042
2176,2034
2184,2040
2183,2067
2189,2030
2199,2037
2200,2042
2193,2048
2207,2038
2201,2064
2202,2025
2197,2071
2197,2024
2197,2044
2192,2035
2184,2027
2171,2081
2165,2019
2161,2029
2165,2063
2155,2029
2149,2069
2139,2029
2138,2067
2135,2025
2124,2069
2116,2035
2104,2038
2099,2066
2093,1993
2071,2041
2067,2091
2055,2008
2040,2033
2040,2020
2027,2075
2009,2055
2008,2038
2005,2040
1995,2046
1980,2063
1966,2029
1973,2040
1962,2072
1963,2042
1959,2025
1959,2020
1953,2021
1947,2002
1955,2018
1947,2009
1941,2037
1948,2054
1949,2060
1945,2080
1948,2021
1945,2066
1948,2031
1966,2042
1963,2037
1965,2017
1976,2017
1982,2029
1984,2023
1993,2048
2001,1973
1999,1965
2016,2424
2023,2222
2035,1767
2042,1929
2056,2004
2066,1768
2067,1792
2078,1951
2073,2327
2087,2282
2092,1864
2101,2068
2111,2199
2108,1820
2121,1862
2130,2048
2145,2041
2152,2151
2153,1975
2159,1703
2167,2004
2170,2144
2167,1987
2179,2181
2182,2343
2185,2065
2171,1863
2190,1952
2188,2058
2184,2211
2184,2116
2172,1947
2170,2123
2157,2075
2155,1970
2155,1914
2139,1991
2142,2167
2135,2093
2124,1984
2127,1965
2131,2073
2117,2099
2100,2027
2111,1939
2096,2071
2096,2160
2089,2032
2071,1979
2069,2034
2058,2076
2040,2109
2028,2007
2020,2056
2009,2021
2002,2099
1979,2046
1979,2005
1967,2028
1962,2098
1964,2069
1956,2040
1947,2041
1957,2025
1950,2027
1951,2026
1952,2072
1949,2058
1943,2044
1953,2029
1950,2007
1944,2033
1945,2071
1944,2037
1939,2071
1948,2067
1952,2029
1949,2084
1951,2072
1968,2056
1967,2070
1973,2040
1980,2027
1991,2019
1995,2021
2008,2068
2020,2059
2026,2075
2032,2019
2041,2023
2057,2035
2059,2042
2073,2045
2081,2065
2088,2060
2087,2042
2104,2022
2089,2011
2112,2056
2121,2015
2128,2047
2133,2059
2144,2002
2144,2048
2145,1995
2162,2071
2167,2043
2171,2068
2186,2053
2183,2043
2192,2060
2191,2027
2191,2024
2191,2034
2183,2043
2179,2070
2181,2053
2174,2037
2168,2057
2164,2043
2156,2056
2145,2035
2142,2039
2134,2020
2129,2025
2119,2073
2103,2023
2089,2055
2096,2044
2088,2071
2080,2082
2071,2042
2064,2027
2037,2077
2042,2015
2031,2029
2019,2021
2009,2035
2001,2036
1992,2075
1994,2071
1980,2023
1974,2033
1967,2052
1952,2072
1945,2005
1941,2035
1941,2037
1939,2058
1939,2002
1934,2027
1932,2019
1928,2027
1928,2068
1927,2005
1927,2005
1935,2043
1940,2057
1943,2013
1937,2088
1957,2045
1957,2063
1963,2035
1973,2051
1979,2041
1987,2057
1987,2063
2000,2020
2015,2026
2016,2058
2011,1995
2031,2067
2037,2076
2053,2046
2045,2035
2063,2041
2068,2025
2077,2070
2087,2032
2091,2007
2101,2037
2111,2060
2120,2071
2127,2068
2136,2045
2144,2009
2159,2044
2162,2071
2171,2072
2169,2048
2174,2068
2171,2027
2188,2030
2169,2033
2191,2056
2186,2037
2185,2011
2172,2037
2187,2042
2182,2073
2167,2053
2168,2063
2160,2087
2152,2040
2149,2041
2153,2071
2146,2071
2144,1997
2135,2074
2121,2021
2128,2035
2120,2033
2103,2041
2097,2027
2092,2070
2088,2064
2067,2063
2069,2068
2063,2071
2043,2041
2023,2029
2023,2067
2012,2072
2006,2061
1995,1998
1992,2038
1984,2072
1974,2027
1959,2040
1968,2064
1961,2043
1960,2088
1956,2076
1959,2023
1960,2043
1953,2023
1949,2051
1952,2076
1948,2068
1953,2071
1952,2028
1952,2029
1951,2028
1955,2063
1955,2045
1960,2024
1963,2071
1977,2069
1990,2037
1981,2029
1989,2068
2004,2011
2015,2027
2016,2067
2032,2038
2028,2019
2039,2023
2057,2074
2070,2043
2074,2018
2075,2031
2085,2037
2103,2043
2111,2025
2115,2048
2127,2019
2133,2071
2136,2056
2144,2041
2145,2046
2153,2063
2167,2037
2172,2064
2175,2035
2187,2007
2191,2068
2189,2046
2200,2076
2195,2076
2202,2063
2197,2068
2201,2067
2203,2037
2203,2074
2204,2047
2192,2075
2189,2028
2184,2075
2179,2013
2169,2023
2161,2043
2155,2008
2149,2048
2136,1999
2123,2034
2117,2063
2120,2009
2114,2027
2103,2065
2095,2072
2080,2082
2071,2039
2059,2024
2063,2027
2047,2039
2044,2065
2032,2021
2017,2027
2011,2015
2008,2063
1995,2063
1980,2035
1971,2068
1964,2040
1967,2036
1965,2042
1963,2025
1956,2066
1944,2051
1945,2057
1948,2056
1947,2074
1947,2056
1947,2041
1953,2057
1951,1989
1954,2025
1955,2088
1962,2006
1975,2080
1966,2080
1978,2033
1984,2040
1994,2027
2000,2031
2004,2063
2007,2041
2014,2026
2021,2019
2031,2055
2038,2084
2044,2035
2056,2033
2065,2041
2075,2064
2080,2075
2086,2003
2097,2019
2108,2021
2115,2035
2123,2018
2125,2011
2139,2048
2145,2046
2155,2056
2151,2040
2163,2027
2171,2077
2169,2067
2181,2042
2171,2039
2187,2008
2193,2057
2195,2015
2197,2024
2192,2039
2191,2055
2189,2029
2188,2044
2176,2003
2169,2022
2165,2008
2163,2005
2167,2060
2149,2021
2155,2027
2148,2091
2143,1987
2130,2007
2119,2072
2127,2055
2105,2063
2104,2088
2097,2033
2083,2006
2070,2011
2073,2060
2064,2067
2053,2021
2043,2027
2031,2045
2017,1997
2011,2022
2005,2080
2004,2063
1997,2059
1991,2072
1978,2040
1973,2035
1968,2068
1965,2089
1969,2056
1964,2060
1967,2080
1961,2068
1955,2024
1957,2036
1949,2011
1963,2078
1960,2011
1957,2041
1954,2028
1970,2044
1977,2064
1977,2048
1975,2037
1988,2033
1993,2044
2003,2023
2012,2056
2016,2073
2017,2041
2021,2065
2039,2048
2056,2040
2053,2092
2071,2069
2065,2025
2077,2071
2086,2074
2096,2034
2104,2039
2106,2066
2118,2037
2123,2029
2127,2003
2141,2048
2148,2029
2158,2079
2164,1981
2171,1561
2176,2143
2186,2920
2189,2140
2194,1626
2198,1973
2201,2183
2205,2029
2207,1771
2211,1591
2201,2612
2200,2365
2195,1558
2195,1828
2179,2185
2184,2349
2161,2391
2173,1906
2158,1924
2163,2512
2147,2238
2152,1491
2140,1896
2132,2147
2119,1864
2119,2033
2106,2287
2100,2244
2100,2038
2082,1833
2072,1845
2074,2231
2063,2288
2056,2024
2033,1912
2032,2100
2019,2127
2003,1963
2006,1944
1979,2070
1981,2205
1963,2051
1959,1896
1959,1917
1952,2107
1952,2172
1944,1961
1946,1996
1947,2104
1944,2080
1943,2027
1937,2037
1941,2056
1944,2071
1949,2063
1947,1984
1957,2039
1952,2123
1963,2109
1964,2023
1965,2039
1978,2019
1983,2021
1990,2021
1992,2032
1993,2072
2001,2078
2009,2067
2018,2032
2031,2011
2040,2079
2047,2068
2065,2064
2065,1989
2083,1975
2093,2005
2104,2013
2116,2039
2128,2014
2123,2041
2130,2053
2146,2067
2148,2043
2155,1997
2163,2019
2163,2063
2170,2024
2174,2065
2176,2027
2185,2044
2181,2001
2184,2037
2187,2025
2184,2067
2187,2058
2184,2048
2184,2072
2185,2080
2163,2024
2174,2040
2156,2007
2158,2027
2152,2019
2151,2030
2132,2025
2132,2047
2121,2024
2110,2055
2100,2079
2091,2037
2079,2072
2073,2043
2063,2057
2041,2019
2041,2069
2030,2033
2024,2037
2013,2065
2008,2071
1992,2027
1981,2025
1981,2046
1976,2022
1960,2029
1960,2023
1959,2085
1941,2015
1944,2057
1935,2071
1936,2030
1939,2072
1932,2055
1933,2063
1931,2074
1929,2035
1935,2045
1933,2039
1931,2085
1940,2027
1944,2036
1935,2055
1940,2023
1951,2060
1957,2065
1964,2042
1976,2063
1979,2066
1984,2063
1994,2037
2001,2027
2015,2031
2015,2053
2026,2077
2032,2072
2055,2035
2055,2041
2063,2024
2072,2037
2072,2023
2079,2035
2093,2063
2087,2039
2104,2075
2112,2011
2105,2056
2119,2035
2133,2053
2140,2068
2145,2007
2147,2001
2149,2019
2155,1995
2163,2057
2165,2072
2176,2047
2171,2009
2184,2075
2176,2025
2165,2017
2169,2019
2180,2060
2167,2035
2163,2009
2164,2051
2154,2031
2151,2039
2142,2056
2137,2058
2128,2063
2119,2021
2118,2087
2103,2053
2095,2032
2100,2029
2091,2044
2083,2038
2074,2037
2067,2033
2059,1987
2039,2035
2035,2040
2027,2037
2023,2039
2023,2065
2007,2072
2001,2025
1992,2072
1984,2048
1971,2060
1948,2019
1958,2023
1950,2065
1939,2066
1947,2025
1944,2036
1944,2024
1943,2037
1939,2042
1939,2023
1931,2055
1939,2012
1944,2009
1944,2043
1950,2011
1946,2029
1947,2076
1958,2060
1963,2048
1964,2074
1972,2075
1978,2056
1983,2057
1989,2063
1991,2017
1994,2020
2007,1993
2016,2077
2021,2071
2022,2021
2042,2063
2043,2020
2063,2068
2063,2063
2071,2053
2088,2031
2093,2065
2104,2039
2111,2042
2119,2018
2123,2066
2135,2046
2139,2073
2149,2069
2152,2029
2159,2071
2160,2038
2169,2085
2163,2026
2175,2040
2179,2037
2171,2036
2166,2017
2176,2023
2179,2027
2175,2028
2178,2064
2160,2039
2165,1995
2164,2061
2158,2015
2149,2079
2136,2035
2141,2024
2121,2054
2123,2024
2119,2058
2108,2071
2095,2043
2090,2039
2085,2031
2073,2033
2069,2009
2060,2023
2056,2072
2040,2022
2023,2063
2022,2029
2013,2057
1997,2024
1991,2011
1981,2012
1979,2017
1975,2040
1963,2029
1963,2029
1959,2070
1951,2053
1947,2009
1953,2056
1950,2029
1948,2011
1948,2069
1945,2067
1947,2009
1930,2048
1941,2063
1945,2025
1950,2042
1953,2030
1956,2055
1949,2007
1961,2026
1959,2055
1971,2046
1977,1996
1993,2029
1998,2044
2007,2035
2017,2065
2019,2019
2029,2071
2041,2027
2052,2064
2059,2011
2070,2020
2079,2061
2085,1996
2087,2039
2103,2003
2109,2063
2116,2056
2115,2057
2135,2079
2131,2011
2147,2041
2163,2003
2161,2041
2182,2073
2176,2071
2183,2027
2183,2040
2196,2069
2197,2025
2195,2041
2201,2029
2200,2035
2197,2019
2203,2036
2197,1995
2200,2021
2188,2023
2184,2039
2186,2072
2181,2035
2176,2028
2157,2072
2159,2025
2155,1999
2152,2030
2135,2040
2133,2063
2129,2017
2127,2025
2104,2039
2106,2007
2103,2044
2085,2060
2077,2040
2070,2053
2058,2022
2049,2025
2031,2008
2024,2067
2015,2063
2012,2045
1993,2040
2000,2036
1984,2064
1974,2072
1976,2067
1976,2065
1968,2071
1962,2021
1963,2019
1963,1991
1955,2055
1959,2066
1956,2052
1959,2009
1949,2055
1965,2080
1960,2103
1964,2039
1967,2023
1965,2017
1975,2040
1970,2025
1973,2007
1991,2048
1991,2048
2003,2072
2001,2033
2010,2039
2017,2023
2030,2027
2028,2028
2041,2012
2060,2019
2068,2095
2071,2024
2073,2041
2085,2030
2099,2028
2108,2065
2116,1981
2122,2078
2129,2047
2125,2056
2140,2019
2149,2021
2159,2065
2161,2075
2169,2035
2166,2057
2171,2030
2183,2067
2193,2069
2195,2068
2171,1993
2188,2037
2193,2021
2196,2048
2196,2071
2189,2043
2188,2026
2171,2037
2176,2041
2163,2066
2161,2057
2159,2019
2156,2020
2148,2068
2139,2032
2130,2032
2124,2045
2120,1981
2105,2023
2097,2017
2091,2027
2082,2003
2075,2080
2063,2010
2060,2011
2043,2046
2027,2068
2015,2033
2015,2040
2010,2060
1999,2075
1995,2066
1980,2055
1981,2029
1968,2046
1975,2068
1952,2069
1951,2060
1954,2021
1944,2021
1950,2066
1951,2029
1947,2026
1943,2035
1947,2060
1945,2007
1947,2048
1952,2032
1950,2023
1952,2007
1964,1993
1963,2045
1976,1952
1984,1894
1984,2278
1994,2236
2000,1843
2000,1941
2008,2033
2018,1759
2026,1846
2024,1938
2040,2307
2039,2393
2056,1817
2068,1778
2073,2204
2080,1888
2085,1779
2102,2072
2103,2123
2108,2339
2125,2232
2132,1696
2144,1900
2136,2200
2153,1995
2153,1869
2165,2123
2164,2173
2188,2096
2168,1889
2187,1727
2188,2016
2191,2283
2183,2083
2199,2023
2191,2053
2193,2131
2168,2004
2168,1879
2176,2030
2173,2235
2167,2193
2168,2015
2147,1928
2160,2011
2155,2173
2147,2030
2137,1936
2140,2073
2136,2179
2125,2078
2115,2000
2101,2007
2092,2089
2088,2116
2075,2055
2068,1984
2053,2042
2029,2112
2021,2013
2015,1998
2008,2064
2003,2082
1993,2093
1996,2023
1991,2021
1981,2020
1972,2035
1971,2066
1963,2063
1961,2040
1961,2028
1959,2024
1960,2072
1956,2037
1952,2009
1949,2023
1943,2084
1945,2018
1943,2011
1947,2040
1941,2080
1955,2024
1960,2072
1964,2036
1968,2041
1973,2034
1980,2032
1993,1993
1997,2024
2015,2041
2005,2026
2030,2072
2035,2045
2052,2032
2056,2060
2064,2029
2065,2092
2081,2021
2082,2063
2083,1997
2097,2032
2096,2005
2099,2045
2109,2021
2125,2041
2117,2040
2137,2046
2141,2007
2156,2063
2163,2057
2170,2017
2179,2053
2179,2043
2184,2061
2192,2047
2187,2056
2199,2078
2187,2041
2195,2030
2186,2019
2183,2023
2180,2039
2167,2021
2167,2033
2163,2060
2150,2035
2137,2090
2135,2019
2123,2055
2124,2072
2120,2039
2105,2037
2096,2035
2089,1999
2092,2063
2073,2068
2071,2048
2059,2028
2045,2072
2045,2075
2035,2057
2006,2066
2011,2071
1997,2066
1991,2087
1984,2080
1971,2057
1963,2035
1966,2070
1947,2037
1947,2063
1943,2023
1940,2039
1933,2045
1938,2068
1936,2079
1931,2052
1929,2076
1924,2032
1935,2046
1937,2021
1937,2043
1944,2009
1944,2063
1943,2021
1947,2077
1962,2030
1962,2044
1968,2058
1973,2063
1983,2045
1984,2021
1983,2041
1995,2063
2009,2041
2015,2048
2016,2055
2021,2052
2029,2036
2029,2005
2057,2077
2063,2035
2081,2063
2080,2036
2084,2071
2100,2061
2102,2043
2107,2072
2122,2042
2127,2021
2135,2063
2152,2056
2155,2052
2155,2065
2163,2063
2169,2061
2167,2063
2176,2046
2176,2069
2167,2013
2171,2041
2180,2023
2176,2007
2180,2058
2169,2033
2179,2