2071
2037
1961
2001
2071
2026
2055
2090
1993
2069
2023
1983
1987
2057
2012
1993
1973
2056
1997
2087
2079
2033
2085
2005
2015
1994
1955
2041
2043
2007
2068
1985
1997
1975
1961
1999
2076
2013
1993
2056
1981
2009
2076
2032
2043
1978
2008
2071
2025
2040
1990
2085
2027
1957
2032
1989
2058
1979
2066
2013
2073
2035
2046
2073
2065
2043
2080
2031
1989
2008
1975
2055
1972
2039
2032
2074
2003
2039
1979
2031
1997
2005
1974
2033
2048
1979
2063
2029
1997
2080
2066
2067
2017
2017
2058
2065
1991
2007
2093
2023
2065
2095
2059
2021
2031
2003
2005
2046
2039
2055
1983
1993
2016
1995
2082
1964
1992
2071
2053
1959
2071
2046
2069
2055
2001
2005
2094
2076
2032
1976
2060
2011
2053
1967
2058
2044
2021
2083
2085
2046
2067
2029
1992
2035
2103
1995
2074
1991
2079
2039
2055
1979
1983
2085
2063
2011
1989
2054
1957
1974
2055
1937
2039
2056
2041
2029
2051
2037
2044
2063
2003
1983
2037
2071
2065
1993
2027
2035
1997
2073
2055
2025
2072
2063
1973
2037
1987
2027
2024
2040
1965
2071
1963
2035
2076
2087
2044
1993
2077
2029
2032
2003
2053
2076
1995
1989
2083
2015
2039
2067
2067
1982
2077
1964
2059
2035
1999
2057
2009
2016
1957
1991
2023
2021
1965
2024
1996
2071
2069
2057
2087
2017
2074
1981
2066
1988
2023
2032
1995
2065
2011
2057
2088
1991
1979
1989
1979
1979
2023
1969
2004
2029
2029
2059
1977
2040
1991
2092
1965
1989
2007
2027
2035
1979
2075
2081
2101
2032
2063
1971
2077
2069
2055
1999
2037
2068
2003
2036
1959
1999
2052
1987
2060
2031
2086
2055
2071
2063
2025
2032
2055
2017
2057
2059
2011
2048
2003
2029
2074
1999
2068
1982
2090
2013
2065
2036
2074
2015
2037
2072
1979
2060
2025
1961
1979
2057
2100
1977
2037
2038
1998
2065
1997
2081
1993
2011
2031
2001
2001
2071
2093
2016
2024
1987
2068
2070
2041
2025
2007
2083
2027
2037
2053
1987
2059
2057
2053
2027
1976
2047
2069
1975
2053
2029
2039
2039
2052
1973
2085
2037
1982
2056
1963
2071
2048
2028
2022
2015
2043
2001
2048
1996
2075
1977
2063
1971
2063
2005
2023
1980
1976
2077
2003
2074
2040
1955
2029
2063
2018
2088
2011
2076
2041
2058
2015
2041
2072
1979
2023
2039
2011
2037
2031
2084
2009
2047
2009
2086
2069
2058
2087
2091
2083
2072
2005
2005
2057
2043
2008
2012
2056
2007
2007
2015
1987
2072
2007
2001
2063
2063
1963
2087
1963
2063
1995
2047
2038
2053
2063
2035
2067
2024
2013
2001
2048
2005
2057
2029
2077
2023
2009
2019
2075
1997
2029
1991
2017
2057
2069
1980
1977
2068
2065
2007
2039
2024
2060
2068
2066
2004
2055
2007
2025
2057
2053
2053
2029
2084
1965
2037
2039
2013
2015
2068
2007
1991
2055
2021
2063
2003
1993
2043
2055
2027
1983
2075
2080
1991
2077
2092
2011
2031
2030
1975
2024
1981
2063
1991
2084
2058
2019
1987
2027
2005
2063
2003
2066
2041
2019
1991
2044
2009
2017
1981
2021
2085
2067
2012
2053
2087
1995
1975
2043
2063
2069
2059
2072
2014
2071
2025
2035
2077
2032
2080
1993
2015
2075
1999
2028
1981
1977
2033
1989
2041
2043
1999
2093
2036
2070
1993
2056
1979
2063
2095
2074
2047
2001
2087
2032
2011
2007
2006
2007
2077
2056
2044
1977
2065
2055
2057
2040
2073
2058
2066
2027
2090
1989
2005
2072
2023
1973
2042
1981
1947
2025
1993
1978
2024
2093
2068
2072
2003
2065
2063
2041
2072
1989
1943
2039
2011
2031
2024
1961
2007
2038
2104
1994
1963
2041
1960
2039
2016
2019
2047
2063
2005
2091
1979
2021
1977
2061
2078
2031
2079
2037
2044
2071
2072
2059
2011
2063
2041
2024
2025
2025
1991
2024
2016
2047
1995
2093
2101
2062
2055
2064
2011
2066
1973
2028
2011
2058
2017
2004
2085
2097
2039
2024
1981
2071
2072
1975
2043
1971
2039
2035
2055
1995
2007
2027
2071
2041
1995
2061
2037
2088
1993
1995
2067
1971
2040
2026
1996
1962
2067
1965
1983
2013
2066
2023
2066
1981
2009
2033
2043
1961
2067
2073
1981
2009
1993
2041
2057
2021
2083
2045
2035
1963
2082
2006
2039
2025
1964
2043
2025
2080
2027
2093
2043
2025
1967
2053
1981
1995
2063
2019
2015
2025
2031
2007
2071
2019
2066
2058
1995
2088
2063
2033
1997
1989
2085
2043
2029
1967
2069
2073
2011
1961
2032
2029
2042
2101
2028
2040
2043
1997
2044
2019
1993
2067
2020
2060
2040
2069
2019
2027
1997
2008
2063
2004
2023
2066
1997
2080
2060
2007
1997
2016
2067
1977
2063
1996
1993
1989
2035
2057
2056
1947
2003
2104
1996
2023
2057
2025
2081
1981
2041
2060
2063
2053
2053
2044
2101
2057
2040
2059
1989
2032
2085
2032
2063
2089
1991
2056
2014
2052
2054
1992
2024
2048
2003
2057
2087
1995
2035
2080
2025
1965
2003
2063
1993
2077
2041
2079
1969
2041
2059
2045
2007
2023
2046
2067
2011
2011
2001
2013
2083
2037
2067
1997
2077
2013
2032
1982
2041
2077
2028
2009
2021
2011
2069
1983
2032
2013
2016
2043
2086
1963
2041
2065
1979
2082
2031
1993
2038
2031
2083
2007
2076
2072
2073
2005
1973
2060
2071
2029
1963
2010
1965
2048
2040
1995
2072
2083
2045
2039
2064
2055
1974
2063
2075
2059
2027
2007
2053
1976
2035
1997
2031
2056
2030
1988
1950
2015
2017
1979
2042
2003
2071
2019
1949
2063
2008
2080
1987
2055
1981
2003
2019
2037
1989
2069
1971
2071
1979
2071
1973
2063
2005
2074
2013
2005
2031
1997
2069
2016
2039
2041
2011
2076
1963
2044
2051
2056
2016
1970
1965
2076
1995
2029
2025
2015
2096
2041
2086
2043
2065
2045
2007
2040
2063
2057
2007
2057
1931
2075
2024
2039
1981
1991
2057
2019
2075
2071
2037
1977
2039
1993
2073
1949
2055
2003
2027
2078
2015
2080
2029
2069
2066
1981
2068
2073
1979
2003
2019
1983
2059
1973
2009
2090
1989
1992
2063
2092
2037
1989
2013
2035
2041
2025
2025
2025
2063
1944
2005
2033
2003
1998
2041
1977
2041
2053
2048
1995
2063
2083
2017
1991
2029
2075
2023
2073
1991
2021
2040
1987
2011
2039
2075
2029
2020
2036
2051
2041
2047
2001
2055
1969
2059
2008
2011
2007
2013
2009
2058
2023
2009
2080
1979
2033
1975
2061
2013
2066
1989
2002
1963
2084
1972
2067
2012
2076
2085
2007
2011
2039
2056
2073
2009
1993
1971
2071
2086
2088
2077
2023
2020
2015
1949
2042
2075
2079
2082
1993
2071
2035
2088
2071
2057
2012
2039
2024
2009
1989
2007
2059
2066
2013
2073
1969
2084
2074
2083
1991
2069
1995
2061
2006
2032
2063
2071
2055
1976
2041
1999
2056
2048
2053
2035
2057
2063
2031
2078
2065
2063
1995
2065
2063
2043
2025
1991
2086
1993
2032
2007
2027
1973
2070
2073
1997
2040
1991
2063
2063
2033
2005
2023
2026
1963
2088
2009
2069
1987
1979
2056
2068
2024
2069
2063
1991
2106
2047
1993
2034
2055
2015
1991
2032
2061
2042
2077
2037
2114
2099
1997
2048
1981
2043
2012
2043
1961
2003
1981
2002
1997
1972
2073
2045
2087
2043
2078
1963
2024
2070
2046
1987
2090
1979
1959
1981
2015
2066
2080
1959
2040
1971
1996
2056
2083
2017
2003
2070
2077
1973
2003
2037
2072
2147
1888
1423
1168
593
77
0
0
0
1189
2001
3472
4095
4095
4095
4095
4095
4095
3471
1397
925
490
1056
2568
4095
4095
4095
4095
4095
3102
0
0
0
0
0
0
0
0
4095
4095
4095
4095
4095
4095
4095
4095
1075
0
0
0
0
0
1269
2859
3355
3748
3321
3060
1891
521
397
54
0
0
1033
1757
2812
3419
3547
3448
3067
2356
2164
2259
2667
3044
2703
2575
2205
1576
1208
947
848
1004
1240
1681
1880
2159
2267
2291
2024
2023
1927
1992
2220
2331
2597
2871
3067
3092
2927
2547
2063
1515
1253
1087
1117
1181
1238
1231
1243
1357
1651
1885
2307
2643
2688
2641
2467
2346
2104
2039
1813
1771
1795
1736
1739
1888
1961
2233
2023
1853
1559
1511
1749
1861
2151
2421
2235
2155
2043
1655
1647
1578
1595
1747
2020
2234
2662
2746
2864
2675
2397
1992
1580
1383
1311
1450
1591
1996
2213
2165
2232
2120
1931
1896
1869
1949
2133
2216
2377
2483
2469
2414
2377
2161
2078
2023
1934
1863
1851
1809
1871
1938
1928
2010
2081
2104
2047
2009
1955
1888
1760
1739
1767
1771
1944
2036
2168
2299
2288
2265
2147
1993
1959
1889
1920
1911
2083
2183
2191
2255
2227
2085
2131
2083
1959
2091
2087
2139
2138
2073
2017
2054
1993
2045
2051
1973
2023
2019
1966
2014
1901
1967
1823
1905
1873
2080
2267
2347
2455
2513
2429
2342
2236
2018
1763
1707
1834
1883
1972
2060
2201
2233
2159
2091
2023
1979
1906
1896
1741
1842
1825
1967
2027
1997
2119
2069
2148
2157
2213
2103
2059
2143
2019
2093
2045
2031
2040
2168
2189
2185
2185
2243
2281
2231
2207
2071
2090
1977
1971
1917
1884
1767
1825
1846
1914
1898
2005
2032
2139
2085
2157
2132
2093
2104
2025
2011
2073
2076
2151
2160
2175
2093
2121
2040
2015
1906
1981
1961
2016
1977
2097
2146
2151
2189
2181
2153
2201
2107
2137
2071
2063
1959
1976
1971
1941
1901
1974
2007
2043
2023
2102
2043
2107
2013
2092
2102
2042
2095
2043
2099
2086
2089
2069
2043
1947
1945
1908
1987
1993
2043
2063
2039
2119
2123
2144
2135
2095
1945
2063
2058
2058
1995
1971
2008
2041
1959
1956
2059
1965
2037
2031
1976
2034
2032
2017
2016
2008
2103
2096
2107
2066
2063
2009
2030
2063
1948
1948
1915
1917
1920
1851
1901
1964
1933
1973
1943
2043
1975
2075
1991
2039
2008
2045
2012
2072
2017
2009
2031
2024
2020
1955
1984
1939
1924
1943
1951
2027
2003
2081
2037
2042
1997
1993
2030
1949
1949
1941
1965
1967
1887
1943
1934
1926
1928
2017
1980
2006
1991
2001
2003
2044
2063
1975
1982
1995
2011
2053
2013
1993
2024
2076
2041
2059
2076
2099
2026
2060
1977
2085
2007
2082
2020
1982
2025
2043
2015
1976
1992
1961
2013
1911
2013
2030
2015
1976
2084
2037
2067
2063
2101
2072
2084
2056
2038
1945
2027
2065
2023
2107
2043
1992
2033
1991
1959
2027
2005
2020
1975
1996
2085
1979
2091
1977
2083
2087
2071
2025
2080
1979
2063
1997
2063
2031
2053
2131
2063
2023
2009
2001
2073
2005
2067
1973
2061
2076
2057
2066
2101
2072
2027
2017
2073
2035
2031
2057
2069
2045
2003
2013
2005
2035
2072
2063
2001
2097
2077
2116
2030
1997
1999
2129
1993
2136
2063
2104
2047
2107
2082
2055
2094
2001
2068
2072
2080
1976
2033
1960
2066
2060
2105
1979
2066
1983
2005
1989
2009
2043
2035
2037
1975
2045
2041
2035
1961
2002
2044
1956
2053
2044
2013
2072
2072
1997
2003
2047
2047
2081
2025
2040
2005
2069
2041
2040
2021
2035
1971
1973
2054
2015
1974
1979
2006
2029
2073
2029
1953
2041
1967
1987
1989
1976
2024
1981
2035
2040
1989
2076
2041
2001
2003
2010
2062
2021
1971
2052
1999
2064
1997
1960
1993
2072
1991
2053
1994
2031
2031
2041
2011
2017
2057
2070
2100
2007
1994
1951
2027
2065
2024
2027
1981
2024
2007
2070
1987
2069
2035
2036
1957
1979
2047
1975
1965
2043
2025
2059
2024
2023
1989
2070
1977
1977
2065
2053
2055
2019
2053
2095
2031
2043
2047
2071
1989
2095
2027
2125
2041
2107
2003
2063
2065
2091
2003
2007
2037
2071
2070
2089
2048
2071
1965
2077
2021
2069
2045
1993
2094
2072
2023
1991
2065
2088
1979
2010
2053
2039
2012
2065
1987
2100
2056
2065
2086
2068
2077
2093
2080
2105
1976
2106
2003
2015
2095
2099
2025
2068
2011
2021
2057
2067
2059
1993
2003
2039
2052
2093
2099
2095
1979
2040
2027
2058
2005
2051
1987
1979
2107
2096
2070
2019
1990
2069
2005
2020
2073
2083
2073
1983
2005
2056
2099
2007
2101
2076
2095
2019
2035
2061
2080
2089
2029
1993
2056
2078
2063
2073
1991
2067
2065
2021
1991
1995
2071
1992
2029
1975
2053
2015
2068
2001
2027
1989
2025
2039
2063
2009
2005
2053
1965
2035
2091
2040
2030
2011
1980
2084
2026
2071
2007
2011
2008
2027
2032
2016
2067
2063
2025
2024
2019
2027
1964
2037
2001
1993
1997
2027
2057
2001
2002
2042
1967
1970
2057
2053
2007
2023
2029
2001
2027
2053
1964
1997
2044
1973
1962
2044
1964
2012
2057
2027
2016
2016
1970
2057
2040
1953
2040
2025
2057
2044
2077
1963
2021
2016
1979
2037
2032
2027
1976
2043
2057
2004
2057
2011
2009
2032
2047
1963
2040
2019
2063
2005
1955
1975
1931
2056
2063
1975
2011
2015
1991
2018
1995
2009
2044
2023
2023
2000
1997
1983
2059
1980
1960
2029
2026
1947
1987
2001
2067
1967
1959
2024
2053
2016
2003
1979
2031
2042
1975
2024
2063
1991
1959
1943
2027
1971
1991
2016
1979
2032
2003
1947
2032
1967
1997
2060
1989
2090
2055
1995
2075
1956
2044
1979
2043
2044
2079
1995
2059
2046
1977
2040
2075
2057
1979
2025
2004
2089
2033
2035
2063
1989
2031
2060
2055
1989
2016
2017
2057
2083
2044
2015
2068
2021
2039
2070
1997
2058
2085
2055
1959
2073
2027
2067
1975
1997
2027
2100
2027
1965
2044
2044
2093
2008
2053
2064
2094
2013
2099
2093
2034
2099
2003
2063
2068
2054
2125
2083
2021
2041
2111
2085
2079
2121
2081
2088
2048
2093
2033
2063
2019
2059
2092
2121
2109
2076
2039
2027
2102
2063
2104
2069
2033
2029
2091
2019
2035
2001
2071
2091
2089
2077
2043
2096
2025
2088
2023
2079
2076
1989
1995
2118
1996
2105
2027
2080
2035
2035
2117
2085
2059
2091
2089
2103
2057
2005
2095
2022
2037
2005
2080
2035
2023
2088
2073
2067
2080
2089
2072
2087
1971
2085
2036
2075
2071
2040
2056
1999
2063
2069
2089
2033
2083
2009
2079
1997
2068
1997
2019
2057
1977
2021
2086
2057
2057
2071
2073
2075
2082
2007
1957
2004
2075
1987
2064
1955
2067
2077
2069
1937
2057
2000
2068
1992
1997
2040
1981
2054
2065
1985
2066
2011
2045
2031
1967
2023
2007
1961
2077
2005
2025
1987
1979
1949
1977
2024
2008
2035
2025
2048
2047
1987
2033
1979
2035
2015
2055
2017
2021
1980
2066
2063
2035
2021
2043
1991
2038
1965
2035
1993
2016
1961
1989
1975
1991
2023
2063
2039
2053
2084
2040
1957
2030
2001
2011
1967
2063
1937
2007
2057
2040
1965
2040
1997
2070
1991
1938
1997
2053
1975
2041
2035
1944
1990
2055
2007
2044
2033
1976
2071
2022
2024
2025
1992
2003
2065
2053
2001
2053
2071
2021
1995
2064
2071
2024
2048
1944
1987
2021
2075
2016
1971
2064
2079
2011
2055
2004
1963
1965
2056
2032
2055
2031
2048
2053
2022
1957
2086
1975
2035
1983
2080
2059
1966
1993
1963
2028
2036
2045
2015
2026
1959
2005
2053
2032
1958
2065
1975
2003
2033
1993
2043
2076
2065
2007
2021
2024
1988
2106
2060
2073
2034
2053
2017
1962
2005
2058
1961
2085
2078
1976
2013
2077
2084
1995
2085
1981
1992
2088
1975
2080
2015
2023
2045
2045
2045
2045
1996
2086
2027
2030
2002
2007
2085
1975
2027
1959
2019
2103
2105
2011
2065
2076
2043
2097
2087
2035
2068
2019
2005
2063
2018
2089
1975
2017
2068
1991
2077
2010
2083
2059
1977
2040
2005
1997
2043
2106
1987
2087
2012
2003
2063
2037
2063
2071
2035
2005
2098
2001
2005
2109
2027
2024
2040
1993
2007
1995
2097
2005
2009
2009
2053
1981
2043
1995
2082
2011
2089
2072
2068
2109
2087
2076
2003
2045
2005
2056
2073
2047
2017
2021
1990
2074
2007
2009
2059
2063
2067
2003
2093
2025
2091
1987
2064
2007
1999
2028
2068
2063
2024
2087
2081
2072
2084
1992
2072
2038
1993
1998
1997
2068
2083
2072
2063
2065
2040
2120
2066
2024
2037
2066
2005
2003
2057
2078
2065
2069
1971
2041
2068
1997
2039
1953
2043
2003
2023
1975
2007
2055
2024
2023
1965
2029
2063
2011
1961
1975
1983
2047
2045
2013
1975
2080
2017
2072
1981
2031
1978
2063
1971
2065
2029
2088
2031
2001
2041
1989
2041
2005
2057
2027
2023
2011
2042
1941
1959
2068
1964
2004
1971
2071
2083
2004
1961
2023
2060
1989
2071
2073
2021
2025
2073
2053
1979
2027
2043
2003
2060
2031
2003
1962
2078
2040
2015
2044
2107
2017
2018
2032
2073
2035
1981
1995
2063
2088
1991
2083
2040
2063
1977
2033
1990
1965
1977
1941
2009
2068
2035
2036
2023
2081
2039
2072
2057
2022
2001
2040
2044
2075
1992
2056
2080
1997
1963
2093
2041
1987
1982
2069
2011
2027
2083
1999
2025
2026
2009
2013
2002
2057
2002
2006
2013
2024
2084
1992
2059
2068
1981
2032
2021
2063
2075
2005
2059
2003
2016
1965
2070
2072
2001
2035
2011
2044
2001
2022
2023
2031
2063
2088
2084
2104
2043
2093
2015
2061
1995
2045
2043
2044
2016
2017
1993
2041
2023
2011
2089
2015
2071
1995
2045
1979
2063
2053
2042
1989
1995
1979
2072
2025
2005
1983
2065
2067
2027
1995
2005
2055
1965
2060
2075
1981
2029
1965
2055
1983
1979
2054
2071
2063
2006
2083
1987
2067
1993
1997
2013
2016
2053
1997
1997
1972
2056
2067
1988
2028
2005
2071
2039
1993
2029
2017
2071
1997
2053
2058
1956
1954
2056
1997
2024
1951
2069
1991
1989
1976
2023
2013
2030
2017
2075
1995
2046
2087
1991
2117
1957
2096
2027
2029
2029
2016
2021
2015
2032
2005
2012
2008
1959
2019
2084
2071
2003
2055
1959
1971
2013
2024
2077
2073
1993
2019
2021
2043
2031
2040
2075
2007
2087
2017
2016
1989
2003
2068
1997
2065
1993
2025
1981
2074
2083
2071
2075
2027
2088
2015
2068
1971
2009
2075
2029
2045
2088
2053
1983
2064
2065
2039
1967
2069
2066
2063
1975
2099
2013
1957
2082
2041
2034
2069
2001
2057
2025
1971
1991
2058
2036
2003
1979
2013
2003
2071
2071
2076
2087
2015
2087
2077
1977
2016
1989
2071
2068
1998
2039
1991
2015
2025
2029
2003
2059
2022
2003
1991
2079
2065
2076
2089
2066
2071
2021
2003
1997
2058
1970
2009
2081
2012
2083
1987
2065
1992
2016
2056
2008
2100
2077
2024
2075
2040
2063
2014
2052
1989
1949
2035
1995
2057
2073
2024
2072
2098
1991
1979
1971
1993
2069
2023
1993
1971
2063
1983
2024
1961
2054
2032
2013
2041
2041
2068
2051
2079
2007
1981
1975
2067
2043
2072
2015
2008
2078
2023
2088
2087
1993
2075
2041
1971
2057
2045
1995
2076
2057
2071
2042
2019
2065
2025
2026
2062
2063
2037
1991
2009
2100
2016
2052
1981
2041
2005
2027
2043
2077
2029
2017
2056
2008
2071
2040
1991
2003
1979
2033
2009
2051
2055
2001
2045
1995
2007
1999
1974
1999
2042
2043
2067
2016
2070
1971
2072
2060
2009
2013
2063
2084
1993
2031
2037
2007
2081
2041
1994
2057
1972
2071
2011
2088
2079
1993
2027
2057
2043
1987
2046
2009
1961
1959
2063
1994
2072
1959
2007
1959
2027
2071
2016
2003
1951
1989
2040
2057
2008
2071
2067
1993
2076
2074
1964
2024
2024
2078
1977
2035
2027
1967
1981
1999
2009
2029
2008
2032
2008
1965
1965
2055
2066
2048
2095
2029
2037
1961
1976
2005
2069
1981
2057
2059
1965
2040
2055
1980
2074
2104
2045
2023
2055
2042
2011
2066
2015
1953
2029
1974
2047
2056
2016
2057
2011
2035
2016
2041
2040
2063
1979
2040
1989
2067
2011
2060
2028
1971
2059
2027
2037
1989
2046
1991
2002
2052
2055
2037
2076
1979
2027
2040
2031
2063
1977
2072
1977
2023
1997
2023
2045
2072
2017
1992
2021
2066
1987
2083
2056
2039
1976
2027
2067
2094
2036
2011
2062
1987
2068
2023
2053
2043
2035
2060
2063
1990
2071
2060
2073
2057
2063
2073
2048
2087
2035
2075
2071
2067
1982
2091
2043
2041
2069
2030
1982
2068
2063
2072
2057
2042
1973
2024
2037
2077
2005
2022
2007
2071
2075
2085
1990
2043
2065
2003
1999
2005
2068
1983
2077
2044
2056
2045
2024
2088
2073
2085
2011
2040
2083
2014
1963
2043
1981
2036
2090
2045
2013
2077
2020
2081
2041
2024
2035
2087
2021
2086
2043
1994
2048
2025
2069
2001
2059
2039
1995
2069
2071
2037
2042
2087
1982
2035
2003
2066
2003
1991
1993
2025
1993
2072
2045
2056
2077
2090
2031
2066
1976
2034
2014
2084
2042
1993
2053
1964
2032
2066
2059
2073
1979
1981
2087
2057
2055
1959
1993
2063
1977
2056
2053
2024
2087
1991
2031
1988
1965
2056
1997
2052
2001
2063
2055
2008
2071
1995
2029
2063
2073
2063
1945
2068
2087
2007
2035
2063
1979
2043
2014
2011
2032
2059
2053
2021
2011
2063
2005
2060
1983
1955
2033
2007
1997
2058
1975
1981
2065
2019
2007
1981
2057
1954
2013
2057
1963
2026
2007
2071
2012
1991
1993
2027
2001
1997
2067
1993
2003
2059
2031
2053
2015
2035
2039
2025
1993
2074
1992
2005
2045
2041
2071
1981
2063
2040
2007
2009
1960
2072
1983
2059
1989
1989
1992
2060
1972
2001
1991
2048
1991
2046
2021
2021
2032
2071
2007
2028
2039
2003
2074
2036
2037
2001
2043
1991
2069
2071
2029
2001
1973
2068
1992
2065
2038
1981
2042
2011
1961
2065
2067
2045
2041
2063
2033
2012
1999
2048
2016
2023
2004
1989
2037
2058
2017
1977
2036
2068
2065
2059
1983
2072
2089
2007
2043
2007
2019
2063
2090
2011
2043
2055
2084
2009
2064
2014
2068
2007
2053
2071
2045
1993
2079
2056
2070
2073
2028
1965
1997
1981
2024
2071
1988
1979
2064
2077
2011
2077
2110
1964
2068
2088
1992
1975
2083
2021
2059
2076
1991
2044
1988
2058
2031
1996
1987
2043
1977
2063
2063
2060
2069
2091
2005
2058
2089
1997
2093
2057
2040
1970
1997
2067
2031
2027
2011
2003
2035
2019
2025
1973
2060
2080
2025
2081
2041
2011
2072
1963
2035
2039
2100
2047
1997
2059
2007
2072
2081
1989
2039
2043
2011
2028
2031
2027
2041
1988
2039
2056
1993
2015
1988
2065
1993
2066
2053
2026
2009
2073
2003
1977
1989
2007
2041
2001
2035
2025
2013
2081
2039
2069
2016
2019
1953
2065
2009
2032
1953
1961
2037
2003
1991
2055
2045
2045
2071
1981
2027
2041
2061
2059
2045
2104
2025
2095
2023
2056
2005
2087
2007
1965
2001
2060
2041
2045
2032
2073
1977
1991
2027
1943
1987
2091
2031
2077
2062
2063
2076
1983
2019
2057
2009
2053
2083
2069
1983
2080
1971
2048
1997
1959
2060
1981
2037
2079
2067
2043
2077
2073
2009
2077
2085
1992
2056
2029
2073
1971
1997
1995
2077
2091
1971
1956
2067
2096
2001
1971
2029
2067
2077
2027
2032
1993
2009
2013
2072
1971
1995
2063
1993
2054
2041
2043
2041
2066
2056
1998
1965
2043
1981
2041
2040
2057
2013
2062
2004
1995
2005
1994
1950
1961
2007
2002
1980
2074
2047
2025
2023
2003
2070
2013
2073
2071
2009
2065
2029
1991
2037
2055
1979
2040
1973
2071
2080
2073
2069
2005
2065
1949
2042
2008
2029
2028
2001
2033
1973
2043
2008
2036
1995
2063
2072
1972
2003
2030
1975
2068
2035
1993
2067
1997
2056
2075
2055
2041
1988
2077
2072
2037
1967
2019
2039
2053
2088
2036
1995
1988
1973
2063
2087
1979
2073
2025
2019
2075
2020
2004
2068
1993
2056
2007
2056
2075
2024
1959
2016
2005
2073
1987
1989
2008
2059
1991
1971
1966
2055
1977
1977
2035
1961
1957
2015
2029
1971
2044
2003
2034
2015
1989
2023
2079
2065
2013
2023
2063
2003
2032
1979
1973
2012
2065
2047
1966
2085
2055
2029
1991
2016
2028
2032
2037
2071
2037
1971
2054
1993
1989
2083
2048
1992
1984
2099
1991
2071
2007
2011
2073
2040
1989
2019
2072
1997
2017
2079
1977
1995
2076
2071
2101
1979
2067
1977
2065
1991
2045
2032
2028
1999
1987
2048
1997
2046
2021
2043
2018
2025
2027
2009
2040
2011
2007
2015
2054
2063
2005
2075
1989
2007
2023
2081
1993
2053
2060
2029
1970
2068
1965
2007
2052
2076
2039
2078
2021
1979
2013
2067
1979
1965
2071
2095
2051
2060
1981
1953
1971
1991
2063
2053
1989
2083
2047
2051
2007
2037
1995
2093
2067
2010
2073
2073
1975
2091
1989
2048
1977
2099
1975
2079
2005
2070
1996
2053
1989
2071
2011
2071
1997
2022
2080
2093
2028
2063
2029
2040
2027
1949
2065
1987
2076
2070
2041
2048
2079
1993
2056
2058
1989
1991
2007
2084
2071
2011
2029
2072
1981
2046
2007
2032
1992
2069
1996
2024
2011
1969
2078
2053
2041
2089
2037
1979
2015
2065
2045
2059
2085
2044
2016
2028
2001
2068
2072
2054
2063
1973
2002
2046
2063
2031
2075
1981
2019
2015
2043
2076
2019
2019
2068
2071
2075
2040
2021
1982
2041
2027
2032
1977
1973
2104
1991
1994
2065
1971
2039
2045
1950
2029
2069
2027
2045
1976
2059
2068
1982
2019
2005
2056
2066
2011
2077
2009
2057
2012
2076
2067
2025
2024
2027
2025
2072
2088
2087
2069
1991
2007
2059
2082
2071
2041
2071
2047
1989
1979
2071
2055
1995
1960
1961
2057
2040
2011
2103
2003
2071
2031
2085
2009
2080
2025
2029
2074
1979
2041
1981
1941
2063
2087
1983
1976
2013
2065
2010
2005
2007
2032
2072
2053
2032
1973
1961
2020
2020
2035
2071
2011
2044
2065
2031
2082
1982
1965
2003
1941
2083
2055
2043
2036
2074
1963
2072
2077
2005
1961
2065
2011
1981
2031
2076
2060
2007
2016
2078
1997
2043
2082
2029
1972
2068
2031
2036
1995
2025
2037
1969
1979
1987
2041
2011
2042
2054
1991
2013
2038
2017
2083
2072
1979
2055
2037
1999
2031
2073
2029
2076
1981
1997
2051
1961
2042
2011
2063
1997
2063
2011
2036
2079
2072
2017
2068
2093
2038
1995
2083
2048
2109
2056
2053
2029
2039
2065
1997
2055
2044
1978
2048
2015
1997
2079
2009
2087
2007
1989
2057
2057
2007
2020
1993
1992
2078
1991
1981
1974
2063
2059
2055
2067
2040
1990
2060
1969
2060
2019
2031
2024
2007
2071
2068
2088
2005
2084
2004
2007
1959
2001
2058
2016
2071
2041
2073
1995
2041
2063
2005
2032
1979
2061
2064
2069
2073
2066
1971
1977
2065
2064
2047
1979
2059
2039
2091
2035
2064
2059
2063
2009
2015
2021
2024
2055
2069
2055
2067
2083
2021
2041
2043
2086
2073
2015
2011
2059
2014
2013
2023
2041
2075
2030
2025
2016
2011
2080
2021
2059
2084
2007
2043
2009
1979
2043
2048
2069
1991
2053
2009
2032
2066
2015
2083
2016
2075
2059
2091
2003
2042
2035
2053
1981
2006
2075
2040
2067
2011
2019
2058
2072
1983
1991
2052
1997
2031
2093
2024
2069
1979
2057
1975
2057
2021
2011
1997
2076
2066
2003
1981
2027
2024
2065
1965
2016
2025
2068
2038
2039
2088
1963
2029
2079
2067
2045
2065
2045
2043
2030
2083
2016
2077
2060
2021
2055
2095
1989
2009
2036
2053
2053
2037
1964
2087
2043
1995
2003
2063
1975
2019
2069
2032
2063
2023
2090
1989
2084
2073
2044
1955
2043
2040
2077
2019
2060
1979
2028
2060
1973
2040
2009
2022
2060
2008
2029
2037
2016
2071
2039
2088
2034
2061
2057
2047
1997
2063
1991
2013
2044
2007
2069
2057
1967
2063
2012
2031
2048
2018
2041
2044
1993
2055
2040
2065
2068
1997
2063
2029
2076
1996
2019
1971
1992
2079
1979
2020
2069
2055
1995
2035
1977
2068
2048
1987
2025
2029
2073
2016
2029
2005
2071
2063
2031
2076
2078
2045
1965
1927
1999
2031
2048
2073
2036
1995
2009
2067
2005
1957
2071
1962
2041
1991
2065
1947
1979
1955
2067
2035
2002
2044
2060
1993
2039
1973
2018
2072
2076
1977
2092
2016
1969
2060
2057
2001
2040
2019
1989
2076
1965
2047
2043
2019
2085
1969
2066
1964
2021
2073
2044
2072
2063
2003
2097
1997
2075
2020
1979
2023
1997
2001
2074
2023
2087
2090
1983
2012
2001
1979
2077
2075
2085
2043
2005
1993
2055
1991
2024
2069
2089
2007
1993
2007
2083
2017
2053
1987
2063
1987
2052
2028
1961
2039
2029
2012
2063
2024
2084
2067
2005
1995
2024
2011
2025
1997
2075
2077
2048
2009
2057
2018
2029
2091
2072
1993
2085
2025
2024
1989
2031
2063
2011
1999
2055
2052
2059
1999
1997
2031
2003
1995
2035
2005
2090
2077
2023
2056
1957
1945
2073
1959
2039
1995
2080
2060
2019
2066
2040
2063
2020
2013
2055
2013
2080
1980
1995
2034
2045
2031
2053
2068
2058
1961
1961
1965
2056
1957
2066
2052
2056
2084
1996
2053
2013
2077
1993
2066
1971
2072
2059
2033
2001
1979
2044
2046
2073
2075
2021
2019
1976
2071
2016
2029
2023
1981
2045
2059
2023
2083
2023
2013
1965
2059
1988
2008
2099
2072
2084
1987
2077
2084
1994
2044
1993
2003
2057
2069
2048
1999
2064
2043
2056
2085
1956
2035
2009
2017
2055
2016
2048
2084
2075
2023
2071
2032
2037
2072
2037
2009
2084
2031
1959
2048
2084
2035
2037
1983
2005
2027
2009
2024
2071
2077
2069
2006
2029
2026
2048
2056
2016
2065
2009
2058
1999
2057
2032
2077
2031
2091
2087
2021
2021
1991
2032
1973
2023
1971
2067
2029
1996
2075
2024
1983
2037
1971
2063
1992
1973
2067
2087
2008
2088
2037
2024
2088
1980
2067
2003
2046
1993
1981
2023
2031
2076
1975
2068
1987
2016
1988
2025
2040
2076
1997
2072
1984
2016
2032
1997
2014
1997
2085
2042
2025
2003
2069
2073
2031
2016
2053
2005
2023
2033
2028
2041
2013
2063
2027
2032
2019
2015
2023
2065
2071
2037
2009
2084
2009
2057
1993
2024
1977
2037
1995
2073
2051
2003
2039
2055
1959
2047
1963
2063
2013
2035
2059
2032
1979
2060
2067
1991
2058
2091
2068
2088
2027
2073
1992
2041
1993
2010
2033
2077
1965
2072
1981
2063
1987
2018
2030
2067
2041
1975
2060
2003
2048
2059
2001
2026
2056
1971
2063
2035
2018
2056
1961
2009
2035
2058
2015
2059
1971
2003
2067
1989
1973
2005
2025
2024
1970
2085
2024
2087
1955
2084
1988
2058
1979
2059
2085
2040
1957
2032
1965
1997
1995
1996
2054
2092
2039
1987
2043
2068
2020
2032
2048
2057
2056
2056
2079
1987
2039
2074
2016
1963
2037
1997
2063
2024
2075
1981
2025
1973
2067
2017
2001
2019
2069
1981
2040
1997
2095
2001
1987
2017
2015
2058
2032
2045
1995
2061
2025
2059
2079
2076
2055
2028
2078
2043
2007
2057
2063
1995
2057
2044
2032
2015
2039
2069
1962
2044
2057
2027
2047
2088
1997
1992
1961
2001
2031
2009
2062
2040
2081
2070
2001
1979
2075
2025
2071
2059
2013
2072
2069
1965
2072
1979
2043
1991
1993
1987
2075
2031
2016
2078
2087
1975
1967
2063
2011
2009
2003
1993
1997
2060
2005
2055
1995
2007
2003
2005
2069
2042
1973
2015
1993
2085
2077
2087
2027
1928
2055
2009
2007
1983
2057
2070
2072
1976
1993
2058
2011
1976
2067
1991
2073
2024
2076
1973
2067
2048
2043
1991
2033
2071
1973
2038
2037
2043
2071
2042
2040
2026
2075
2019
1997
1989
2040
1973
2067
2072
1997
2056
2071
2057
2066
2068
1963
2024
2013
2073
1977
2053
2089
2010
2043
2083
2070
2059
2052
2018
2039
2057
1983
2063
2075
1976
2024
1995
2043
2076
2087
1961
2052
2086
1992
2003
1995
2073
1971
2078
2005
1979
2032
1979
1999
2001
2069
1988
1979
2023
2008
1995
1965
2063
2056
1975
1995
2080
2028
2068
1979
2072
2058
1989
2047
2021
2037
2022
2080
1993
2003
2003
2031
2091
2007
2045
1965
2073
1979
2056
2076
2074
1991
2025
2026
2067
2029
2023
2001
2032
2063
1971
2088
2063
2059
2035
2036
2048
2027
2037
2043
2040
2066
2060
2045
2007
1965
1977
2027
2003
2048
1958
2053
2063
2080
2071
2061
2069
2011
1993
2048
1973
2043
2048
2003
2068
2067
2009
2060
2095
2078
1997
2085
1996
2029
1979
2063
2025
2048
2043
1997
2036
2067
2003
1987
2029
2047
2053
1959
2076
1997
2032
2039
1996
1977
1962
2023
2004
1975
2003
2024
1963
2028
2066
2067
2019
2037
2039
2007
2055
2071
1977
2032
2008
2069
2078
2063
2029
2084
2016
1993
2083
2075
2023
2063
2054
1993
2078
2057
2007
1995
2057
2027
2041
1983
2030
1993
1983
2016
2072
2043
2092
2067
2057
2090
2035
2030
2063
2092
2007
1993
2019
2090
2031
2017
2071
2073
1977
2043
2042
2003
2069
2015
1995
2059
2059
2063
2084
2071
2067
2013
2003
2040
1978
2058
1933
2041
2087
2012
1971
1977
2003
2004
2023
1963
2035
2011
2091
2007
1973
1995
2045
2009
2087
2096
2029
2056
2011
2054
1997
2048
2019
2076
1991
2074
2056
2074
2060
1997
2054
2025
2037
2048
2069
2015
2054
2057
2043
2031
1999
2005
2069
2003
2067
2045
2035
2039
1955
2063
1981
2075
2060
2041
2007
2043
2071
2007
2063
1993
2024
2041
2060
2066
2035
2040
2085
2079
2067
2071
2023
2031
2009
2053
1991
2040
1980
2079
2056
2065
2071
1967
2059
2031
2073
2039
2040
2092
2023
2069
2007
2053
2043
2003
2016
1991
2056
2040
2081
1995
2069
2071
2033
2081
1975
2064
2001
2055
2043
2069
2044
2065
2029
2066
1979
2039
2024
2028
1997
2072
2035
1992
1991
2091
2012
1977
2027
2091
1991
2061
2063
2063
2072
2055
2005
2027
2058
2035
2058
2053
1995
2076
2037
2021
2001
2026
1977
2069
2018
2008
1981
2063
2011
2013
2063
1971
2056
2040
1996
1959
2047
2080
2088
2029
2043
2003
2058
2005
2037
1983
2067
2058
2008
2076
1971
2025
2067
2007
2074
2030
2061
1973
1979
2031
1980
2047
1988
2056
2027
1951
2053
2011
2024
2032
1995
2025
2041
2020
2014
2069
2036
2060
2071
1959
1967
2053
1972
1993
1959
2060
2067
2085
2079
2080
1963
2035
2011
2065
2009
2063
2013
2002
2029
2053
2023
2059
2039
2032
2070
2019
2063
1980
2017
2043
2080
2073
1995
2032
2015
1960
2063
2068
2041
1957
2009
2040
1977
2080
2019
2099
2004
2004
2063
2010
2065
2073
2017
1997
2063
1973
2053
1965
1997
2041
2086
1977
2029
1995
2035
1943
1991
2037
2048
1959
2045
2040
1965
2053
2021
2003
2024
1992
2011
2059
2045
2079
2037
2076
2021
2047
2048
2031
2063
1981
2040
2007
1974
2011
2039
2068
2071
1992
2037
2059
2001
2047
2001
2035
2071
2011
2072
2048
2067
2068
2040
1987
2073
2023
2056
2043
1975
2057
2009
2040
1993
1971
1965
2086
2035
2084
2013
2043
1965
2015
2031
2035
2070
2043
1991
2040
2080
2029
1989
1979
2057
2063
2005
1979
1997
1997
2035
2064
2039
2011
2023
1955
2095
2021
2085
2009
2054
1997
2066
1993
2075
1967
2037
2009
2064
2055
2056
2017
1996
2067
2107
2073
1981
1993
2015
2086
2003
2043
2068
2089
2055
2014
2094
2055
1992
2044
2007
2040
2059
2084
1991
2029
2001
2072
2023
2029
2003
1981
2041
2063
1976
2045
2072
2067
2013
2077
2006
2056
2056
1975
2040
2040
2003
2073
2005
2063
2079
2067
2055
1993
2055
1993
1967
2070
2001
2072
2055
2068
2072
1976
2023
2051
1995
2067
2005
2067
1975
1961
2066
2021
2040
1993
2053
2036
2007
2063
2017
2053
2039
2019
2031
1997
2025
1993
2043
2029
2051
2075
2087
2092
2060
2001
2039
2060
2037
2075
2011
2075
2029
2044
2056
2019
2076
2025
2029
2055
2088
2011
1992
2035
1979
2069
2041
1980
2011
2053
2063
1981
1981
2024
2040
2039
2048
2039
2034
2057
1993
2071
2063
2066
2072
2024
2068
1974
2003
2095
1989
1960
2060
2068
2077
2071
2074
2060
2073
2073
2103
1965
1995
1957
2047
2079
2071
2039
1997
2071
2075
1996
2080
2013
1993
2036
2034
2056
2056
1981
2037
2005
2058
2076
2027
2075
2039
2011
1959
1973
2016
1979
2031
2045
2041
1973
1981
2071
2073
2063
2039
2068
2011
2065
1991
2029
2065
1972
2066
2014
2029
1981
2068
2063
2043
2090
2053
1997
2073
2057
2047
2035
1995
2035
1969
2073
2032
2025
2041
2003
2065
1997
2037
2011
1983
2001
1997
2059
2065
2019
2029
2011
2063
2080
2075
2063
1971
2063
1953
2073
2035
1991
2024
1980
2060
2017
2068
2007
2083
2019
2073
2058
1965
1998
2086
2041
1989
2023
2085
2035
2093
1999
2007
2042
2041
1973
2071
2085
1977
2073
1976
1975
2072
1995
2029
1991
2045
1978
2044
1979
2047
2021
2076
1981
1981
2009
1981
2056
2071
2005
2053
2021
2079
2009
2029
2085
2056
1989
1999
2007
1993
2083
2025
2001
2088
2040
2057
2084
1971
2007
1993
2010
2013
1951
2037
2025
2044
2061
1995
1976
2059
2043
2032
1996
2064
2068
2043
2032
2055
2089
2016
2067
2011
1989
2051
1991
2015
1959
2071
2060
1999
2034
2061
2055
2065
2003
2076
2015
2065
1995
2029
2085
1999
2045
1969
1995
2027
2068
2043
1984
2013
2080
1987
1967
2069
2039
2009
2008
2007
2069
1967
1999
1997
1993
2045
2043
2071
2069
2040
1989
1953
2057
2064
1987
2007
2055
1975
2001
2067
2007
2017
2093
2032
2041
2027
2071
2024
1983
2063
1969
2005
2053
2063
2031
2029
1978
2048
2024
2089
2087
2007
1997
2068
2003
2017
2032
2027
1956
2053
2068
2021
2074
2091
2063
2014
2039
1945
1976
1993
1997
2033
2039
1992
2088
2063
2063
2077
2063
2023
1975
2074
2016
2083
1971
2032
2063
2032
2005
2041
2068
2021
1962
1989
2011
1963
2039
2008
1981
2039
2012
1965
2065
2027
2068
1981
2008
2043
1989
2071
2059
2056
2090
2013
2040
2053
2029
2063
1971
2063
2005
1979
2042
2021
2058
2091
1995
2076
1991
2063
1979
2058
2023
2072
2011
2027
2003
2037
2052
2013
2041
2068
2085
2019
2085
2029
2039
2035
2075
1975
2043
1977
2021
2063
2017
2031
2037
2038
2024
2059
2079
2090
1991
2037
2019
2045
2036
1976
2021
2033
2072
1997
2075
2054
1993
2025
2063
2007
2077
1967
2031
2039
2007
2075
1975
2063
2005
2040
2036
2046
2056
2067
2008
1977
1949
1987
2072
2096
2071
2069
1982
1989
2089
2093
2014
2028
2089
2017
2055
1973
2020
2101
2059
2001
2063
1987
2063
2071
1955
2067
2038
1992
2085
2019
2063
2066
2011
2003
2043
2005
1979
2081
2005
2029
1980
2047
2068
2003
2043
1971
2084
2083
2031
2007
1967
2016
2069
2045
2004
2067
2075
2037
1973
1993
2063
2025
1973
2068
1982
2063
1955
2035
2059
2117
2040
2090
2056
2083
1987
2053
1997
2055
2069
1999
1969
2037
2015
2016
2059
1964
2063
2057
2013
2030
2031
1995
2025
2061
2073
2011
2059
1983
1975
2059
2027
2013
2043
2044
2057
2077
1997
2085
1995
2075
1993
2008
2055
2034
1995
1961
2029
2031
2009
1971
1997
2041
2058
2036
2030
1988
2005
1998
2055
2001
2079
1979
2047
1976
2064
2086
2009
2016
2075
1976
2053
2035
2009
2032
2057
2027
2087
2069
2023
2071
2083
2016
1980
2040
2078
1981
2036
1995
2021
1971
2059
2014
2040
2009
1989
2082
2012
1970
2056
2005
2019
2048
2065
2042
1983
2011
2069
2013
2059
2063
2028
2095
2045
2022
2040
2031
2074
1989
2063
2013
2037
2035
2087
2069
2067
2057
1958
2046
2052
2063
2067
2063
1995
2056
2063
2053
2060
2089
2083
2027
1979
2068
2015
2074
1970
2038
2029
2028
2007
2048
2059
1979
2032
2009
2063
2067
1977
1989
2079
2011
2065
2016
1997
2043
2075
1992
2019
2065
2068
2055
2022
2048
2015
2006
1997
2045
2048
2043
1973
2071
2016
2094
2021
2007
2066
2067
2021
2044
1993
1987
1995
2057
1989
2017
2099
2063
2040
1993
2007
2026
1991
2057
2057
2019
2093
2027
2065
2040
2067
2042
2063
1995
2075
2008
2039
2071
2057
2009
1991
2084
1999
2011
2043
1973
2031
2037
2048
1997
2009
2036
1995
1979
2063
1973
2043
2016
1971
2027
2063
2023
2031
2011
2007
1995
2011
2005
2083
2032
2077
1993
2016
2085
1977
1997
1961
2002
1991
2037
2023
1991
2076
1963
2041
1995
2039
1976
2028
1960
1997
2035
2044
2013
2063
2057
1991
2098
1973
1998
1945
1963
2056
2013
2069
2096
2011
2071
2076
2083
2001
2008
1977
2076
2045
1991
2045
2045
2009
1993
2063
2008
2028
2070
2012
1955
1979
2037
2063
1989
2043
2011
2029
2015
1995
2055
2057
2011
1979
2059
2068
2035
2007
2083
2002
2037
2073
2005
2005
2064
1949
2031
2011
2028
2065
1961
2036
2011
2012
2075
2017
1979
2079
2003
2007
2063
1987
1993
2019
2025
1990
2083
2013
2032
1973
2071
2063
2042
2067
1991
2075
1996
2053
2042
1987
2074
2063
2067
1997
2048
1997
2067
2005
2080
2019
2055
2073
1992
2043
2032
2009
1955
2031
2088
1991
2059
2014
2047
2072
1999
2019
2097
1997
2044
2106
2015
2003
1975
2067
2023
1971
2005
2028
2016
2039
2066
2063
2079
2065
2043
2025
2001
2047
2019
2048
2032
2071
1989
2032
2053
1971
2045
2063
2003
2001
2088
2007
2057
2005
1977
2048
2067
2075
2065
2075
2011
2073
1977
1977
1981
2053
2040
2053
2017
2035
1996
2040
2039
1975
2057
2013
2071
2068
2019
2023
2075
1981
2088
1967
2056
2041
1978
2063
2101
2027
2077
2001
2033
2091
2067
2039
2021
2075
2032
2089
1979
2038
2008
2019
1987
2012
2028
1993
2041
2021
1971
2069
2044
2072
2053
2011
2075
2024
2021
2042
2008
2033
2063
1995
2039
2027
2071
1972
2040
2023
2085
1995
2088
1976
2063
1967
2019
2007
2051
2027
2001
2027
2035
2076
1979
2056
2009
2037
2086
1989
2087
2079
2013
2033
1975
2065
2071
2043
2039
1961
2046
2067
1983
2008
2078
1992
2066
1979
2016
2043
2001
1975
2025
2076
2047
2067
2085
2088
2095
2033
2078
2080
1989
1999
1957
2059
1995
2038
2055
2039
2015
2043
1981
2029
2009
2046
2009
2056
2001
1995
2064
2035
2025
2025
2096
2021
2036
1991
2053
2009
2041
2013
2055
2069
2007
2048
2100
2055
2045
2015
2056
2068
2009
2072
2071
2029
2044
2017
2032
2063
1997
2040
2031
2015
2071
2001
1982
2069
2031
2071
2063
1983
2004
2043
2038
2087
2039
2071
1995
2003
2032
1996
2071
2055
2046
2025
2079
2039
2040
2071
2094
1983
2060
2060
2031
2090
2035
2065
2001
2085
1960
2055
2067
2055
2039
1961
1983
2096
2077
2063
2096
2055
2030
2056
2043
1964
2005
2043
2013
2004
2033
2067
1997
2039
2055
2068
2071
2031
2009
1997
2023
2059
2015
2002
2053
2039
2005
2045
2074
2020
2045
2023
2067
2029
2047
2009
2025
2087
2056
1988
2032
1979
2063
2053
2060
2025
2007
2063
2047
2095
2056
2035
1989
2042
1961
1993
2043
2043
2040
2056
2005
1981
2039
1993
1996
2076
2031
2093
2019
2056
2067
2043
2063
2005
2069
2024
2015
2091
2063
1999
2048
2071
2005
2057
1963
2085
2063
2029
2003
2056
1995
2063
2059
2033
2037
2027
2084
1996
2070
2079
2035
1980
1981
2047
2075
2055
1992
2040
2063
2009
2071
2066
2008
2036
2075
2015
1997
2002
2063
1979
2032
2007
2031
1975
2027
1973
2034
2063
1973
1989
1981
2021
2025
2101
2013
2075
2063
2009
2028
1996
2002
2051
2055
2041
2025
2058
2046
1983
2104
2079
1977
1973
1953
2083
1997
2071
2063
2063
2081
1991
1991
2063
1996
2015
2021
2063
2055
1989
2072
2048
1988
2029
2003
2060
2073
2039
1993
2076
2081
2013
2001
2041
1971
2016
2069
2023
2001
1979
2043
2087
2069
2016
2064
2081
2098
1987
2027
1973
2053
2024
2069
2069
1995
2079
2029
2037
2054
2021
2077
2073
1975
2027
2001
2003
2015
2073
2001
2025
2075
2073
2071
2019
2027
2009
2047
2055
2007
2094
2039
2005
2067
2063
2089
1979
1981
1977
2030
2083
2027
2040
2037
2045
2027
2083
1991
2027
2039
2068
2077
2017
2015
2073
2080
2065
2063
2003
2029
2017
2073
2056
1996
2011
2063
1979
2011
2037
2055
1979
2025
2044
2069
2088
2011
2068
2063
1978
2017
2040
2079
1987
2019
2078
2084
2102
2032
1963
1977
1989
2071
2037
2007
2025
2002
2044
1989
2060
2045
2055
2069
1993
1979
2056
2066
2068
2043
2078
2081
2033
1957
2059
2057
2044
2073
1977
2003
2063
1989
1995
2065
2016
2007
2047
2059
2029
1978
2018
2015
1996
2009
1987
1996
2033
1977
1997
2028
2092
2025
1976
2073
2082
2008
2076
1991
2025
2055
2011
1997
2063
2018
1969
2056
2065
2057
2039
2071
2015
2059
2081
2075
1995
2005
2013
2066
2056
2063
2057
2041
2001
2041
2011
1997
2068
2097
2073
2038
2013
2023
2055
1980
2069
1971
2103
2080
2019
2013
2025
2011
1993
2018
2048
1995
2023
2075
2066
2041
2024
2076
1967
2032
1997
2091
1976
2055
1995
2063
2032
2055
1979
1989
2009
2003
2057
2048
2059
2075
2023
2009
1995
2011
2013
2093
2045
2009
2040
2012
2037
1996
2065
1997
1975
2055
2055
2011
2063
2022
2058
2067
2024
1993
2071
2078
2024
2073
2025
2003
2043
1981
2029
2048
2067
2080
2064
2040
1944
2048
2033
2053
2056
2063
2071
2071
2100
1979
1971
2032
2057
1971
2062
2069
2005
2043
2007
2080
1992
2029
2059
2012
1997
1987
2057
2006
2083
1977
2048
2063
2057
2045
2057
2040
1991
1993
1975
2076
1979
2088
2033
1995
1975
2060
2071
2024
2072
1971
2009
2073
2052
2033
2063
2011
2047
2099
2007
2068
1997
2058
2060
1971
2053
1995
2073
2019
2021
2003
2043
2065
2063
1989
1997
2025
2019
2019
2087
2019
2059
2056
1997
2084
2041
2023
2043
2059
2007
1987
2035
1973
1971
2034
2045
2071
2005
2094
2031
1973
2068
2017
1991
2056
1966
2009
2078
1955
1995
2008
2010
2037
2007
2027
2072
1983
2077
2035
1955
2009
2053
2071
2003
2068
2016
2068
1969
2071
2047
2089
2023
2045
1989
2076
2005
2058
2031
2016
2072
1977
2019
2065
2057
2077
2023
2105
2014
2032
2039
2071
2003
1993
2028
2029
2083
2075
2038
2079
2057
2060
2045
2063
2029
2008
2039
2073
2071
1975
2076
2056
2085
2041
2063
1964
2031
1977
2039
2038
2080
2037
2003
2078
2074
1979
2071
2035
1995
2009
2087
2007
2009
2067
2040
2016
1959
2063
1998
2043
2041
1995
2022
1951
2043
1993
2011
2063
2088
1987
2011
2040
2003
2009
2071
2028
1995
1995
2041
2096
1969
2048
2031
2025
2083
2080
2040
2041
2070
1995
2063
2035
2069
2055
2015
2068
2067
2058
2076
2005
2069
2028
2003
2001
2063
2088
2089
2036
2024
2025
2057
2016
2015
2065
1975
1997
1991
2040
2005
2068
2004
2057
1963
1989
2010
2032
2035
1992
2001
2059
2052
1977
2075
2085
2007
2070
2068
2065
2019
1995
2067
2054
2088
2066
2056
2026
2067
2009
1989
1992
2077
1997
1976
2041
2036
2005
1995
2092
2019
2004
2027
1975
2056
2063
2033
2044
2071
2013
2072
2039
2021
2059
1963
2025
1992
2011
2063
1997
2037
1987
2035
1988
2043
2063
2059
2059
2002
1949
1973
2066
2036
1995
2055
2054
2003
1989
1957
2040
1993
1971
1971
2081
2067
1981
2053
2057
2080
2009
2059
1981
2064
2057
2029
2047
1999
2040
1941
2067
2080
2003
2078
2059
2039
1971
2053
2011
1991
2037
2021
2001
1999
2048
1983
2057
2007
2029
2041
2035
1981
2043
2021
2032
2055
2003
2021
1991
1971
2041
2067
2037
2087
2056
2055
1989
2003
2078
1963
2063
1975
2021
2066
2037
2021
2083
2055
2037
1974
1979
2071
2074
2055
1977
1988
2027
2031
2063
2016
2080
2015
1965
2067
2052
2045
2040
2070
2059
2039
2076
2045
2075
2001
2048
2076
2072
2009
2083
2090
2022
2054
2051
2041
2067
2007
1987
2040
2039
2039
1963
2064
2085
2003
2045
1973
2065
2079
2031
2005
2024
2048
2072
2029
2070
2037
1970
1977
2087
2052
1975
2032
2054
2031
1991
2020
2008
1999
2031
2063
2021
2073
2057
2016
2067
2060
2063
2057
2025
2028
2033
2005
2043
2003
1976
2006
2071
2087
2079
2008
2045
1979
2003
2027
2051
1971
2058
2016
2063
1995
2067
2056
2074
2063
2109
2083
1991
2055
2019
2048
2007
2063
1963
2023
2096
1992
2013
2077
2055
2016
1995
2096
2007
1975
2071
2088
2017
1987
2062
1993
1979
2079
2068
2090
1979
2032
2126
2097
2083
2064
2019
2064
2057
2025
2042
2017
2045
2053
2063
2046
1995
1977
2066
2075
2037
2039
2039
2045
1992
1961
2015
2011
2019
2017
2063
2053
2028
2066
1979
2083
2003
2080
2057
1951
2047
2059
2071
1971
2035
2027
2056
2016
2025
1948
2024
2072
2067
2044
1963
1995
1997
2027
1991
2011
2021
2082
2019
2021
1967
2065
2071
2011
2060
2063
2032
2076
1967
2063
1989
1987
2067
1997
1957
2025
2063
2057
1987
1993
2082
2035
1987
2009
2073
1993
2001
2035
2013
1975
2028
1978
2067
1965
2072
2017
2019
2073
2040
2057
2064
2097
2054
2005
1997
2001
2027
2041
1960
2009
1997
2008
2027
2043
2003
2076
2016
1998
2023
1975
2008
1975
2067
2068
2009
2073
2027
2080
2053
2047
2063
2027
2028
2007
2088
1976
2076
1997
2087
1977
1965
2024
2023
2048
2008
2011
1987
2009
2058
1991
2046
1977
2067
2025
2024
2072
2026
2081
2017
2075
1965
1995
2035
2084
2095
1973
2052
2019
2009
1976
2065
2040
1955
1981
1971
1955
2023
1994
1983
2045
2003
2084
2041
2076
2028
2083
2029
2044
2060
2031
2066
1983
2047
2046
2021
2029
2009
2071
2040
2059
2058
2053
2008
2066
2091
1997
2025
2083
1965
2009
2037
1996
2001
1999
2045
1981
1981
2035
2007
2067
2052
2039
2025
2073
2068
2058
2072
2009
2040
2067
1992
2070
1975
2088
1957
2029
2071
1980
2072
2067
1997
2059
2063
1990
2092
2068
1993
2067
2068
2056
2063
1977
2063
2083
2055
1991
2019
2041
2043
2003
2048
2043
2093
2065
2063
2040
2011
2063
2001
2001
2015
2057
2023
2063
2011
2035
2007
2023
2067
2083
2009
2029
1981
2028
2008
2085
2009
2010
2020
2076
2071
2068
2063
2008
2044
2087
1994
2009
2045
2011
2032
2068
2059
1993
2083
2038
2021
2069
2088
2026
2005
1989
2041
1996
2063
2023
2071
1976
1975
2063
2011
2019
2019
2009
2003
1965
2003
2007
2013
2053
1963
2067
2016
2009
2027
2083
2072
1991
2057
2016
2003
2067
1963
2060
1993
2063
2001
2059
2035
2011
1951
2042
2064
2063
2067
2017
2076
1975
2032
1995
2041
2017
2045
2016
2019
2059
2044
2061
2041
2088
1969
1997
2007
1967
2040
2041
2075
2010
2045
1977
2063
2042
2067
2057
2013
2007
2064
2005
2029
2063
2090
1992
2039
2027
2008
2048
2082
2060
2045
2043
2040
2053
2067
2016
2063
1969
1995
2068
2021
2029
2053
2045
1991
2075
2005
2007
2025
2068
2055
2048
2063
1975
2063
2084
1971
2073
2068
2021
1987
2078
2063
1989
2059
2001
2077
1977
1989
2023
2002
2003
2035
2055
2081
2083
2090
2041
2007
1991
2019
2061
2009
2068
2043
2027
1996
2076
2063
2091
2046
2035
2031
2057
2088
1993
2086
2027
2032
1980
2057
2003
2063
1955
2047
2063
2069
2003
2080
1991
2053
2017
2023
2077
1993
2058
2077
2016
1973
1981
2067
2075
2009
2056
2071
1983
2063
1963
2024
2009
2073
2068
2023
2075
2045
2032
1967
2065
2035
2029
2069
2041
2057
2040
1997
1957
2030
2016
2057
2037
1954
2063
2011
2057
1989
2085
1991
2099
2035
2030
2004
2039
2057
1963
2074
2078
2019
2027
2041
2035
2099
2011
2073
2077
2023
2077
2042
2035
2088
1993
2073
2037
2039
2014
2016
1963
2030
2031
2008
2087
2056
2047
1980
2029
2089
2007
2029
2025
2001
2091
2031
2023
2019
2080
1966
2043
2059
2072
1987
2068
2055
1996
2004
2063
2020
2063
2105
1981
2075
2040
2068
1972
2083
2006
2045
2034
1999
2024
2015
2037
1959
2043
2066
2011
1969
1973
2039
1992
2033
2043
2089
2009
2070
2089
1965
2063
2063
2055
1991
2005
2015
2071
2057
2044
1989
2041
1977
2045
2033
2027
1995
2072
2037
1980
2041
2031
2032
2008
2043
2003
1947
2047
2013
2063
2027
1993
2028
2058
2077
2060
2035
2005
1981
2019
2060
1993
2024
2067
2011
2056
2067
1997
2041
1995
1972
2030
2024
2039
2068
2021
2048
2018
2013
2083
2071
1995
2027
2021
2083
2084
2073
2007
2081
2008
1991
2051
2047
2063
2081
1976
1998
2027
1977
1993
2063
2035
2051
1987
2047
1965
2009
2076
1967
1973
2092
2019
1995
2016
2056
2012
1983
2013
2077
2001
1993
2086
2043
1973
2067
2043
2025
2024
1975
2063
1995
2025
2005
1988
2033
2055
2058
2077
2025
2003
2088
1981
2003
2063
2021
2090
2032
2085
2001
2019
2073
2035
2007
2087
2069
2015
1996
2009
2086
2025
2075
2067
2009
2024
1997
2037
2071
2065
1975
2074
2080
2035
2073
1987
2072
2064
2037
2099
2055
2047
1979
2011
2041
2036
2040
2023
2078
1971
1989
2035
1995
2105
2063
2031
2035
2063
2058
2089
2012
2009
1967
2047
2075
1970
2042
1993
2048
1991
2043
2071
2009
2053
1995
1965
1958
2051
1980
1973
2041
2006
2021
2083
1990
2066
2055
2001
2045
2066
2071
2009
2032
2025
2091
2067
2001
2075
2101
2037
2078
2027
2065
1956
2057
1995
2023
2037
2023
2007
2075
2044
1963
2031
2045
2063
2039
1997
1996
2039
2065
1987
2037
2007
2028
2044
2013
1955
2053
1987
1993
2005
2096
2099
2073
2039
1957
2052
2077
1994
1970
2058
2066
2009
2066
2060
1980
2041
2055
2007
2048
1987
2039
2037
2084
2015
2024
2007
2067
1963
1979
2067
2059
2035
1995
2067
2023
2043
2063
2041
2057
2017
2038
2057
2016
1989
2039
2051
2023
2014
1987
2040
2021
2073
2088
2059
2059
2003
2040
1999
2013
2023
2009
2041
2007
2042
2016
2035
2053
2007
2048
2009
2081
1991
2047
2009
2067
1987
2001
2045
2069
2037
2031
2040
2075
2027
2041
2035
2019
1997
2080
2033
2024
2057
2016
1995
1976
2040
2043
1993
2027
2066
1995
1993
2063
2039
1977
2053
1997
2015
2007
1995
2007
2080
2063
2091
2041
1959
1971
2069
2023
2035
2017
2013
2077
2025
2026
1963
2069
2077
1992
2056
1975
2072
2087
1977
2028
1994
2008
1989
2039
2048
2007
2063
2021
2087
2035
2027
2059
2024
1979
2078
2007
2065
2060
1951
2009
2094
1977
2056
2090
2008
1981
1979
2064
2071
1975
2084
2072
2003
2069
2078
2063
2083
2045
2016
2027
2057
2029
2087
2044
2057
2021
2080
2009
2047
2019
2013
2035
2008
2063
2056
1981
2015
2017
2029
2037
1995
2035
2051
2025
2065
1974
2063
1950
2057
1971
2048
2029
2079
1995
2013
2027
2001
1983
2060
2020
2059
2088
2039
2083
1987
2024
2047
1991
2075
2044
1973
2056
2063
2046
2043
1993
1993
2036
2024
2072
2089
2025
2016
2073
2011
1980
1956
2039
1971
1977
2057
2043
2035
1993
2078
2021
2063
2074
2019
2087
2055
2063
2036
2027
1979
2057
1976
2019
1963
1959
2063
2075
2096
2008
2044
2057
2005
2027
2078
2053
2056
2004
2083
2006
2044
2001
2027
2037
2009
2065
1983
2023
2069
1992
2040
2007
2073
2055
1960
2015
2063
2073
2089
1998
2048
1991
2037
2055
2063
2013
2046
2024
2063
1995
2003
2003
1972
2055
2015
1979
2057
1999
2058
2045
2023
1953
1995
2040
1998
2060
1992
2040
2084
2002
1981
2080
2025
2059
1972
1983
1991
2029
2073
1994
2008
2069
2053
1993
1976
1987
2045
2083
1987
2025
2021
2007
2063
1981
2053
2008
2071
2013
2025
2085
2068
2042
2059
2063
2009
1981
2053
2062
1974
2052
1975
2080
1997
2063
1989
2048
2063
2043
2007
2076
2027
2023
1956
2038
1955
2035
1977
2080
2067
2039
1994
2041
2063
2041
2053
2073
1955
2019
2074
1988
1975
2039
2031
2054
1972
1981
1972
2063
2093
2032
1991
2044
2027
2063
1987
2091
1977
2021
2013
2032
2043
1986
2069
2077
2008
2009
2055
2041
2075
2007
2007
2005
1988
1973
1979
1975
2011
2045
2080
2087
2071
1977
2071
2035
2005
2041
2009
2056
2040
1973
2044
1995
2027
2046
1998
1976
2076
2075
2011
2057
2033
2055
2086
1991
2033
2023
2007
1973
2020
2042
1969
2069
2017
2017
2093
2034
2026
2033
2025
2025
1993
2071
1977
1979
2048
2027
1988
2043
2080
2104
2019
2063
1983
1991
2081
2024
2065
2074
2089
1997
2077
1967
1963
2101
1997
1993
1971
2032
1994
2040
2035
2041
2001
1971
2053
2063
1999
2008
1994
2019
2007
2063
2061
1977
2044
2060
2005
2040
2091
1991
2057
2063
1971
2043
1972
1977
2060
2041
2027
2078
2035
2059
2059
2041
2052
1992
2029
2058
2039
1991
2063
1987
2059
2007
1981
2076
2068
2075
1995
2008
2062
2023
2003
2080
1993
2057
2009
1957
2035
2030
1983
2052
2072
2008
2009
2057
2044
2066
2023
2036
2075
2065
1993
1989
2044
2063
2021
2043
2069
1991
2058
2041
2028
2068
1991
2027
2069
2031
2041
2070
2031
2063
2080
2059
2037
1977
2079
1989
2056
2055
2009
2077
2011
2071
1977
1999
2077
2089
2009
1998
2058
1989
2003
2041
2027
2022
2046
1995
2027
2016
2072
2029
2040
1995
2005
2063
1973
2024
1989
2029
2033
2068
2040
2056
1988
1981
2061
2003
2038
1962
2011
2056
2065
1995
1989
2041
1977
1981
2062
2005
2005
2069
2009
2023
2083
2005
2024
2007
2057
2039
2078
1983
2008
2055
2041
2039
2041
2032
2072
2035
2010
2011
2025
2063
2078
1971
2092
2097
1997
2045
2074
1988
2027
2003
2041
2005
2058
1992
2007
2083
2041
2013
2064
2008
2089
2055
2057
2035
2016
2011
1993
2055
2005
2021
2026
2069
2063
2031
2073
1960
1995
2025
2026
2031
2066
2019
2087
2071
2005
2054
2055
2032
2053
2057
2071
2033
1977
2023
2071
1995
1987
2040
1977
2075
2044
2058
2085
2071
2005
2040
2032
2047
2063
1995
2013
2007
2059
1963
1947
2068
2072
1983
2025
1993
2044
2063
2083
2017
2001
2057
2021
2023
2082
2011
2025
2063
2080
2028
1973
2081
2011
2038
2046
1989
2071
1955
1993
2071
2089
2063
2016
1981
2071
1973
2044
2057
1991
2044
1975
2045
1995
2026
2075
1995
2068
2048
1977
2077
2059
1990
1981
2072
2024
2088
2003
2001
1977
1995
2073
1962
2019
1969
2062
2058
2013
2072
2055
2028
2073
2003
2019
2031
2063
2023
2063
1991
1975
2091
2013
2055
2083
2007
2040
2059
1991
2025
2010
2009
2071
2001
2008
1967
2046
1973
2074
2009
2030
2007
2036
2071
1993
2063
1981
2039
2055
2013
2006
2008
2082
2055
2077
1959
1995
2029
1973
1973
2017
1967
2093
2017
2071
2015
2087
2037
1981
2019
2057
1963
2057
2048
2051
2001
2063
2029
2059
2013
2040
2008
1971
2061
2081
1971
1973
1979
2081
2019
2069
2043
2021
2043
2060
2040
2040
2027
1963
2040
2099
2094
2045
2057
1993
1967
1988
2029
2057
2003
2065
2023
2048
1995
2057
2043
2001
2029
2035
2017
2032
2076
2025
1986
2060
1991
2065
2063
2016
2045
2029
2036
2080
2060
1990
2015
2088
1995
2025
2057
2009
2005
2057
2040
1989
2046
2071
1947
2047
2005
2059
1980
2053
2021
2056
2076
1970
2011
2024
2045
1991
2056
2060
1977
2041
2059
2038
2027
1972
2072
2101
2065
1981
2009
2003
2055
2065
1950
2045
2006
2013
2031
2030
2039
1981
2035
2039
2087
2040
2059
2005
1989
2027
1973
1993
2041
2094
1969
2068
1997
2065
2068
2091
2063
1996
2055
2008
2016
2030
2053
2033
1991
2068
2005
1989
2046
1975
1996
1975
1971
1991
1996
2095
2016
2029
2001
2011
1969
1982
1989
2059
2063
1993
1947
2063
2058
1995
1976
1965
2016
2015
2071
2021
1998
2063
2083
2023
2096
2041
1961
2006
2012
2071
2063
2023
2001
2026
2071
1961
1989
2093
2033
2077
2055
2020
2087
2075
2047
2075
2063
1979
2041
2017
2041
2099
2063
2079
2079
1981
2054
2041
2063
2013
2063
2041
2073
2083
2067
1995
2043
2024
2048
1975
2057
2069
2033
2081
2071
2014
2031
2040
2058
2023
2085
2019
2025
2076
2063
2003
2030
2023
2027
2053
2095
2035
2063
2073
2029
1993
2024
2063
1993
2085
2071
2055