2029
2079
2021
2043
2071
2005
1981
2069
2092
1976
2069
2013
2044
1975
2043
2041
2009
2053
2029
2060
2005
1997
2095
2072
2039
2075
2032
2024
1975
2060
2008
2046
2011
2047
2028
1979
2041
2016
1953
2005
2030
2016
2012
2006
2076
2032
2054
1971
2068
2026
2024
2017
2040
2071
1990
2057
1979
2055
2076
2023
2003
2036
2004
2030
2059
2055
2085
1991
2072
1996
2071
1957
2043
2037
1995
1946
1977
1981
2038
2044
2016
2007
2095
1993
1979
2028
1994
2003
2083
2077
2003
1997
2075
1949
2053
2084
1996
2075
1989
2009
2037
2079
2066
2005
2075
2043
2015
1997
2011
2003
2053
1989
2003
2019
2073
2083
1993
2041
1989
2001
2044
2096
1984
2003
2008
2072
2011
2043
1971
2056
2093
2023
2056
2088
2016
2055
2032
2063
1991
2040
2004
2062
2005
2101
2063
2072
2045
2061
2080
2005
2076
1991
2071
2017
2019
2008
2087
2059
2069
2013
2001
2040
2036
2055
2021
2005
2031
1987
2078
1979
2036
2041
2065
2076
2063
2028
1976
2075
2097
2028
2064
2023
2090
2043
2081
2027
1976
1959
2071
1977
2060
1993
2028
2015
1979
2055
2031
2067
2044
1992
1992
1975
2039
1971
2063
1989
2073
1995
2071
2024
1995
2073
2009
2056
2077
2055
1973
1975
2032
1973
2036
2103
2017
2024
2015
2013
2056
2043
2070
2041
2029
2093
2075
2054
2088
2092
2056
1996
1994
2019
2071
2007
2084
1999
1966
2081
1991
2077
2027
1967
2007
2041
2027
2003
2038
1947
1978
2075
2005
2031
2005
2087
2032
2043
1995
2065
2024
2043
2019
2027
2023
2067
2072
1988
2058
1966
2039
2072
2058
2025
2088
2015
1977
1997
1992
2072
2011
2075
2001
2025
2076
2089
2060
2025
2027
1993
1975
2080
2063
1986
2067
2035
2032
1967
1990
2003
2065
2056
2067
2089
2003
2076
2032
1989
2018
2075
2074
1973
2092
2025
1997
2041
2013
2013
2073
2013
2037
2003
1992
2099
2043
2069
2075
2063
2060
2011
2083
1991
2041
2029
2007
1978
2031
2099
2067
2016
2085
2022
2076
2026
2063
2063
2005
2017
2011
2084
1977
2037
2027
2065
2027
2032
2067
2043
2023
2045
2059
2083
2026
1979
2032
1983
2016
2075
2063
2075
2075
2074
2067
2029
2056
2003
2060
2065
2001
1980
2053
2023
2092
1974
1979
2071
2056
2053
1971
2075
1981
2068
2035
2083
2001
2037
1958
2063
2043
2043
1979
2068
1989
2009
2012
2078
2043
2066
1947
2040
1989
2083
2037
2009
2055
1995
2055
1977
2044
2032
2021
2023
2013
2107
2092
2071
2056
2047
1991
2039
2001
2045
2017
2043
1979
2045
2029
2067
1964
2021
2074
1997
2009
2048
2066
2041
2017
1977
1977
1995
2031
2069
1995
2037
1963
2056
2043
2040
2071
2077
2069
1994
2012
2024
2063
2069
2029
1949
2029
2039
2075
2017
2063
2025
2013
2029
2085
2003
2035
2003
2035
2076
2027
2007
1991
2077
2025
2095
2023
2088
2003
1969
2067
1961
2083
2067
2003
2071
2027
1963
2024
2003
1973
2074
2063
2076
2103
2011
2095
2073
2029
2080
2072
1995
2019
2068
1981
1965
2030
1991
2068
2015
2047
1983
1981
2039
2028
2003
2009
2063
2041
2060
2030
2019
2017
1945
2057
1997
2021
2063
1978
2013
2051
2073
2043
2074
2001
1995
2078
2071
1975
2064
2073
1993
2027
1991
2031
2022
2015
2016
1971
2044
2028
1960
1997
2073
1993
2013
1989
2068
1983
2029
2040
2019
2021
2071
2066
1961
2079
2075
2017
2063
2025
2053
2016
2016
2035
1961
2009
2053
2029
2040
1997
2048
2071
2043
2063
2035
1991
2039
1993
2063
2031
2088
2044
1951
2023
2056
1975
2041
2009
2028
2041
2003
2032
2057
2041
2029
1988
2076
2040
2005
2093
2077
2037
2063
2039
2009
2055
2031
1975
2087
2044
2019
2084
1967
2063
2019
2001
2053
2013
2072
2085
2080
2045
2056
2009
2087
2041
2063
2029
2057
2032
2075
1977
2057
2080
2079
2001
2031
2033
2072
2038
2011
2073
2043
2071
2023
2035
1967
2040
2005
2043
2030
2035
2045
2075
2037
2021
2067
1992
2030
2007
1953
1995
2053
2046
2066
1995
2005
2041
2065
2015
2063
1973
2075
1967
2069
1975
1979
2061
2109
1973
2040
2040
2005
2068
1963
2083
2079
2048
1991
1966
2076
2024
2017
2057
1998
2043
2107
1997
2045
2080
2060
2011
1980
2063
2029
2021
2023
2032
2066
2014
2044
2055
1975
2071
2030
1980
2031
2075
1979
2040
2063
2025
2070
1989
2027
2072
1975
2065
2016
2016
1977
2025
2077
2032
2005
2005
2040
1993
2035
2008
2031
2025
2020
2091
2087
2105
2019
1962
2063
2097
2024
2015
2073
1975
2067
1991
1991
2057
1999
2029
2016
2040
2093
2021
2052
1983
1993
2003
1979
1976
2080
2053
2056
2008
1950
2029
2084
2099
1977
1995
2083
1981
1961
2078
2095
2040
2087
1964
2048
2001
2039
1975
2071
2039
2027
2017
2001
2058
1975
2077
2071
1960
2044
1976
2045
2058
2023
2031
2033
1989
2051
1982
2012
2066
2041
2081
2053
2083
2027
2020
2011
2063
2040
2011
2059
2047
2025
2003
2079
2039
2029
2032
2035
1992
2068
2035
1971
1990
2059
2013
2019
2040
2013
1983
2045
1993
1973
2039
2056
2019
2075
2037
1975
1971
2003
2077
2003
1973
2033
2057
1981
2063
1961
2083
1991
2045
2055
2077
2011
2017
2060
2083
1975
1979
2017
2043
2009
2056
2032
2072
2013
2081
1972
2067
2027
1965
2057
1989
2007
2084
2022
1973
1995
2055
1992
2045
1967
2077
2019
1975
1970
2068
2040
2021
2088
2001
2005
2053
2031
1981
2058
2055
2077
2016
2024
2093
1989
2065
2068
2079
2094
2017
2053
2015
2101
1977
1966
1976
1983
2028
2041
2019
2028
1993
1975
2052
2044
2045
2011
2013
2001
2073
2047
2043
2024
2007
1997
2005
2017
2072
2007
2072
2042
2075
1990
2079
1996
2012
2056
2030
2057
1989
2063
1989
1981
1988
2021
2005
2096
2048
2003
2043
2029
2095
1981
1981
1969
2071
1997
1993
2057
2063
1957
2032
1975
2056
2045
2061
2057
1962
1979
2035
1979
2063
2034
2052
1973
2036
2059
1991
2009
2072
1989
2079
1989
2072
2021
2064
2046
2065
2013
2048
1995
2041
2087
2033
2073
1989
1997
2027
2035
2080
2014
2052
2003
2068
2070
2001
2077
1989
1995
1981
2086
2005
2016
2067
2045
2060
1991
2071
2067
2045
1961
2035
1979
2005
2066
2065
1959
2063
2002
2003
2025
2068
2076
2032
2085
2075
2023
2067
2060
1981
1997
2071
1991
2040
1975
2108
2019
2073
2059
2083
2005
2060
2011
2066
2024
2057
2051
2055
2030
2058
1961
2069
2047
2019
2057
2003
2003
2068
2011
2054
2024
1992
2003
1976
2054
2039
2021
1960
2058
2063
2009
2039
1959
2042
2055
2063
2056
2029
1973
2032
2091
2027
2042
2023
2037
2020
2043
2023
2067
2057
2068
2068
2040
1979
1975
1967
2026
2040
2005
1991
2048
2073
2040
2054
2037
2018
2088
2074
2069
2045
2073
1966
2019
2057
2059
2031
2063
2008
2020
2025
1960
2045
1975
2015
2023
2057
2021
2001
2008
2007
2065
2053
2013
2068
1981
2041
1989
2054
2023
2015
2009
2040
2067
2023
2027
1967
2040
1959
2053
1981
2013
2055
1991
2041
2038
2080
2010
2044
2059
1997
2041
2073
2005
2040
2026
2070
2099
2053
2025
2001
1995
2063
1995
2072
2005
1959
1963
2068
2029
2003
2063
2101
2023
2035
2070
2044
2079
2063
2039
2057
2059
2010
2059
2015
2017
1973
1993
1967
2053
2083
1992
2084
1995
2017
2048
2026
2088
2042
1983
2012
2057
2063
2011
2007
2018
2040
2021
2068
1969
2031
1976
2035
2087
2077
2073
1995
2021
2021
2048
2057
1989
2075
2041
2052
2071
2027
2059
2023
1977
2053
2005
2020
2005
2057
2095
2029
2044
2039
2058
1987
2065
2027
2028
2083
2001
2085
2007
2043
2041
2091
2005
1976
2069
1963
2072
1981
2073
2003
2016
1994
2052
2033
2022
2081
1979
2009
2038
2021
2083
1981
2019
2069
1977
2069
1979
2016
1959
2065
1977
2041
2016
2019
1971
2009
2039
1961
2048
1973
1981
2066
1989
2060
2011
1992
1981
2057
2041
2057
2092
2030
2063
1983
2100
2075
2045
2007
2072
2058
2039
2059
2025
2062
2056
1995
1963
2066
2051
2016
2020
2026
2029
2059
2083
2020
1993
2039
2002
2071
1975
2067
2021
1979
1977
2065
1992
2071
1959
2068
1997
2064
2048
2055
2039
2012
1991
2023
2056
2029
2005
1953
2029
2081
2059
2027
2001
2079
1983
2072
2070
1995
2036
2005
2044
2060
1998
2035
1964
2081
2003
2005
1993
2039
2104
2037
2066
1977
2044
2053
2063
2009
2017
1995
2043
2047
1999
2068
1977
2066
1998
2017
2071
2071
2058
2001
2005
2074
1979
2072
2037
1967
2063
1960
2057
2039
1963
2009
2039
2080
2011
1992
2035
2074
2065
2081
1987
2063
2026
1965
2005
2075
2011
1997
2071
1992
2078
2003
2063
2005
2084
2038
2024
2008
2011
2021
2029
2062
2046
1993
2065
2000
2083
2011
1973
2063
2009
2068
1987
2016
1963
2037
2069
2043
2005
2039
1973
2044
2057
2072
2039
2065
2071
2025
2088
2013
2075
2015
1943
2077
1967
2009
2025
1973
2060
2036
2016
2009
2027
2027
2013
2063
1967
2063
2012
2058
2030
2063
1979
2107
2005
2037
2063
2006
2005
2041
2003
2059
2007
2032
2013
2077
2056
2088
2040
1989
2028
2067
2021
1945
2077
2000
2056
1991
2056
2067
2065
2047
2003
2041
2023
1995
2032
2032
2033
1993
2056
2089
2027
1989
2053
1992
2065
2013
2045
1975
2042
2031
2008
2064
2055
2057
1977
2012
2003
2065
2065
2066
1979
1997
2060
1965
2081
2034
2074
2028
1979
2056
2089
2009
2003
2019
1993
2043
1988
2085
1999
2057
1967
2069
2072
2025
2037
2056
2078
2007
2072
2007
2039
1965
2039
1971
2015
2043
2047
2063
2054
1965
2059
2039
2037
2067
1993
2063
2081
1987
2041
2078
2016
2046
2005
2060
2024
2067
2003
2078
2043
2019
2069
2024
2076
2041
2071
2039
2060
2023
2039
1971
2000
2090
2023
2080
2077
2029
2035
2023
2040
2026
2039
2029
2009
2057
2031
2065
2006
2068
2040
2057
2040
2052
2055
2086
1991
2054
2015
2063
1995
2063
2003
2005
2060
2061
2007
2075
2039
2017
2072
2019
2075
2027
2013
2066
2026
2071
1992
2048
2001
2026
2029
2025
2059
2068
1955
2056
1987
2006
2033
1991
1992
2077
1991
2025
2072
2063
1995
1957
1989
2078
1979
2007
2040
2021
2023
2053
2063
1997
2060
1977
1965
2053
2065
2015
2010
2004
2065
2032
2046
2071
1993
2066
2003
2048
1981
2030
1959
2051
2053
2012
2076
2025
2029
2005
2077
2068
2059
2059
1989
2045
1995
1975
2005
2063
2072
2019
2055
2027
2066
2012
2063
2007
1993
2019
2060
2065
2055
2080
2068
2040
2027
2084
2043
2085
2030
2023
2023
2013
2041
2041
2057
2055
2024
2024
2015
2063
2025
2041
2037
1971
2051
2043
2030
2068
2011
2057
2009
2001
2055
2003
2074
1989
2063
2029
2019
2055
2067
2025
2071
2063
2032
2021
2053
2069
2023
1957
1982
2071
1983
1979
2027
2071
2065
2007
2035
2043
1995
2063
2029
2037
2020
2082
1983
2067
2095
2055
2059
2063
2013
2055
2013
2009
2048
2029
2039
1995
2047
1997
2086
1988
1987
2077
2004
2009
2007
2057
2047
1973
2071
2001
2088
2020
2013
2009
2076
2060
2001
2016
2003
2059
2047
2074
2040
2074
2055
2099
2072
1997
2003
2003
2067
2075
2015
1989
1990
2065
2031
2047
2011
1975
2065
2070
1993
2048
1989
2003
2071
1965
2093
2045
2019
2008
2046
2027
1989
2055
1981
1971
2004
2015
2054
1995
2056
2078
2067
2005
2041
2003
2060
2015
2045
2002
2074
2058
2055
1989
2037
1991
2035
2007
1976
2036
2069
2001
2085
2059
1957
2003
2031
2058
2040
2073
1949
2031
2039
2005
2072
2037
2068
2067
2013
2065
2077
2012
1973
2035
2039
2063
1999
2045
2002
2090
2040
2008
2069
2025
1949
1999
2072
2058
2003
2075
2011
2040
2100
2047
2073
2037
2028
2041
2005
2033
2045
2073
2011
1991
2024
2067
1995
2048
1987
2067
2048
2063
2017
2059
2008
2032
2009
2025
2009
2048
1983
2065
2012
2063
1979
2043
2043
2056
1993
2015
2048
1983
2037
1991
2015
1989
2067
1993
2069
1995
2029
2069
2053
2040
2043
2073
2001
2042
2091
2062
2060
2085
1998
2077
2018
1991
2068
2007
2063
2003
1987
2080
2017
2063
2041
1973
2057
1989
2061
2063
2063
2099
2040
2040
2032
2043
2008
2059
2002
2069
2063
2057
2064
2054
2021
2057
2045
2046
2093
2072
2043
1971
2032
2001
2055
2043
2009
1959
2008
2086
2003
2063
2017
2063
2011
2009
2083
2069
2021
2083
2075
1958
2031
2072
1981
2003
2073
2088
1976
2059
2018
2063
2007
2056
2067
2021
2063
2039
2024
2039
2047
1997
2031
2035
2029
2063
1981
2072
2093
1983
2045
2073
2071
1991
1991
2010
2019
2052
1991
2035
2012
2055
2084
1979
2063
2079
2023
2075
2088
2001
2090
2056
2072
2012
1961
2053
2065
2047
1983
2055
2006
1959
2019
2072
2071
1965
2067
2043
2046
2089
2043
2027
1993
1990
2023
2083
2006
2029
2013
2043
2002
2072
1973
2040
2007
1974
2009
2048
2083
2016
1993
2072
1965
2052
2003
2057
2057
2044
1972
2081
1987
2063
2053
2072
1981
2041
1963
2039
1965
1995
2079
2017
2053
2008
2043
2059
2096
1971
2069
2056
1989
2066
2043
2043
2063
2032
1997
2074
2021
2057
1972
2071
2067
1989
1997
2001
1976
2042
2007
2009
1998
2040
2042
2083
2041
2063
1991
2003
2070
2046
1981
2083
2034
1975
2071
2087
1983
2025
2063
2028
2063
1976
2072
2070
1983
2035
1993
2021
1995
2045
2015
2065
2063
2001
2076
2048
2072
2019
2084
2071
2063
2057
2035
2071
2023
1995
2045
1997
2014
2071
2072
2065
2031
1975
2063
1976
2068
2056
2012
2041
1991
2004
2065
2067
2068
1976
2082
2028
2024
2077
2077
1983
2071
2009
2063
1997
2021
2078
1999
2060
2075
2001
2064
2067
2093
2072
1994
2072
2032
2067
2044
2005
2011
2061
2118
2013
1981
1971
1995
2029
2055
2005
1995
2017
1963
2039
2067
1997
2091
2093
1971
2029
2081
2013
2084
2054
2040
2055
2067
2028
2028
2053
2072
2037
2066
2072
2016
2039
2059
1980
2063
1991
2069
2047
2025
2011
1997
2009
2035
1988
2029
2073
2085
2283
2117
2216
1983
1673
1107
397
0
0
0
0
1047
2395
4056
4095
4095
4095
4095
4095
4095
2451
1755
942
1733
3003
4095
4095
4095
4095
4095
1257
0
0
0
0
0
0
0
1828
4061
4095
4095
4095
4095
4095
4095
2221
309
0
0
0
0
1209
2489
3252
3571
3483
3263
2287
1231
597
77
0
0
355
984
2141
3253
3861
4095
3719
2984
2449
1867
1785
1764
1713
1745
1802
1968
2096
2139
2163
2030
1992
1720
1587
1309
1041
1103
1092
1465
1931
2223
2627
2921
3011
3220
3223
3149
2741
2451
1876
1383
1135
993
1059
1216
1327
1516
1653
1791
1919
2184
2408
2515
2555
2421
2287
2088
1905
1961
1833
2027
2068
2035
2171
2141
2146
2117
1917
1710
1515
1497
1579
1765
2097
2263
2343
2335
2123
2069
1904
1757
1761
1878
1867
2035
2229
2408
2543
2536
2290
2153
1884
1657
1426
1445
1479
1608
1739
1861
2063
2135
2149
2220
2232
2200
2123
2093
2073
2112
2103
2093
2164
2175
2149
2215
2271
2203
2037
1968
1893
1918
1929
1874
1929
2063
2096
2063
2084
2011
1929
1966
1853
1799
1854
1903
1874
1934
2036
2088
2011
2021
2065
2043
2024
2077
2069
2124
2173
2205
2119
2109
2088
2104
2072
2087
2108
2184
2215
2183
2198
2119
2003
2077
1949
1964
1929
1967
1895
1888
1871
1864
1803
1845
1932
1957
2095
2099
2347
2291
2411
2285
2300
2117
1991
1893
1909
1831
1978
1949
2063
2125
2099
2199
2137
2121
1939
1915
1845
1939
1897
1966
2008
2026
2134
2091
2171
2107
2153
2087
2136
2093
1960
1917
2045
2015
1981
2072
2089
2139
2256
2227
2280
2252
2260
2167
2087
2125
2078
1981
1996
1956
1976
1999
1973
2034
1901
1994
1963
1916
1963
1898
1931
1953
2040
1997
1991
2065
2085
2063
2005
2028
1997
2065
2063
1993
2086
2088
2150
2150
2103
2147
2141
2171
2202
2104
2109
2072
2131
2089
2096
2063
2001
2027
1971
1923
1979
2069
2009
2089
2104
2103
2031
2040
2090
2067
1973
1978
1941
1958
1924
1871
2004
1975
2007
1950
1959
2056
1987
2063
2019
2069
2117
2072
2158
2130
2055
2125
2048
1995
1967
2040
1883
1927
2000
2066
1995
2057
2053
2041
2077
1960
1976
2035
1981
2003
2044
1997
2024
2116
2039
2119
2052
2019
2055
2023
1998
1938
1936
1955
1983
1944
1983
1977
1995
1963
1984
1915
2035
2039
1987
2024
2059
1945
2032
1973
2067
1993
2040
2029
2019
2017
2037
1928
1951
1941
1952
1945
1988
2003
1970
2084
2015
2051
2104
2088
2075
2063
2017
1961
2008
2015
1955
2007
2029
2053
2009
1987
1975
1996
1963
2022
1992
2025
2063
2066
2009
2055
2052
2123
2108
2021
2128
2089
2056
2033
2119
2079
2037
2010
1991
2046
1975
1939
1973
1998
2028
2021
1988
2071
2079
2027
2003
1993
2085
2060
2083
2021
2098
2059
2037
2071
1944
2001
2003
1995
2005
1999
2023
2012
1990
2011
2069
2011
2086
1963
2059
2008
2018
2088
2065
2100
2093
2027
2069
2015
2031
2048
1997
2046
2069
2071
2041
2032
2029
2008
2029
2039
2073
2055
2115
2035
2029
2115
2029
2073
1965
1979
2063
2042
1992
2063
2067
1989
2028
2043
2028
2015
2059
2023
1964
2069
1976
2063
2085
2037
2063
2091
2026
2094
2108
2085
2100
2100
2085
2106
2005
2021
2039
2094
1996
2081
2067
2085
2022
2080
2056
2003
1999
2023
2033
1995
1981
2027
2044
2005
2042
1977
1981
1963
1992
2001
2040
1987
1977
2017
1975
1981
2005
2033
2000
1989
2020
1975
2005
2020
2005
1975
2027
2087
2043
2025
2020
2015
2057
2003
2013
2066
2005
2077
2040
1993
2072
2017
2059
1982
2075
2058
2015
1975
2031
1995
1960
2010
2052
2027
1975
2057
1973
1975
1963
2069
1961
2011
2051
1995
2032
2006
2051
2037
2013
2030
2003
2020
2071
2063
2027
2031
1989
1992
2072
2043
2008
2003
2080
2027
2056
2017
1999
1987
2048
2068
1995
1963
2009
1967
2007
2009
2014
1977
1975
2056
2055
2007
2035
2024
2037
1993
2041
2023
2085
2081
1973
1997
2075
2088
2010
2057
2088
2042
1993
2068
2037
2076
2045
2002
2104
2021
2089
2063
2077
1991
2073
2007
1997
2088
2013
2053
2068
1995
2071
2008
2087
1995
2103
2125
2079
2079
2033
2084
2085
2023
1949
1981
2099
2088
2059
2056
2039
2063
2069
2109
2025
1977
2110
2092
1979
1979
2040
2103
2013
2103
2057
2099
2057
1995
2095
2091
2088
2075
2085
2075
2001
2085
2063
2047
1997
2017
2092
2027
1993
1979
2092
2034
2104
2100
2023
2084
2089
1975
1989
2057
2060
2024
2067
1997
2037
2007
2032
2069
2041
2037
2073
2086
2045
2076
2011
2051
2008
2059
2077
2047
2063
2073
2079
2053
2055
2099
2044
2069
2063
2043
2053
1991
2067
2074
2071
1987
2054
1971
1995
2053
2029
2071
1993
2040
2071
2040
2015
2059
1945
2024
2063
1945
2028
2069
1981
2035
2010
2068
1959
2031
2011
2061
1972
2089
2008
2013
2068
2029
1997
1993
2090
2057
2000
2072
1961
2032
1949
2013
2040
2027
1971
1971
1964
2024
2039
1973
2013
2013
1991
2065
2063
2043
1979
2065
2011
1979
1953
2072
1960
2025
2005
1975
1986
1983
2079
2037
2029
2004
1951
2039
2037
2007
2045
2015
1973
2006
2053
1997
2071
2064
1945
2027
1987
1993
2013
2021
1993
1963
2011
2071
2019
2072
2013
1977
2010
2063
2023
2032
2003
2025
1993
2041
2014
1961
2024
2019
1995
2015
1949
2073
1996
2053
1981
1935
2040
1955
1991
1939
2024
1995
2109
1983
1989
1997
2007
1972
2055
2039
1999
2016
2003
2077
2033
2058
1955
2025
1987
1973
2056
2091
2077
2040
1983
1988
1979
1995
1967
2003
2063
2007
1997
2001
2071
2035
2008
1997
2009
2011
2059
2051
2075
2039
2011
1973
1973
1995
2024
2080
2003
2069
2096
2080
2007
2048
1977
2031
2061
2041
2076
2005
2085
2016
2040
2035
1982
2063
1997
2069
2015
2041
2039
2057
2065
2059
1994
2092
2071
2036
2053
2011
2029
2003
2073
2023
2027
2029
2035
2025
2091
2019
2033
2057
1997
2039
1980
2032
2031
2003
2035
2100
2053
2104
2100
2072
2017
2028
2011
2087
2021
2087
2019
2083
2077
2003
2037
2099
2067
2096
2021
2087
2081
2071
2079
2073
2039
2104
2069
2108
2055
2085
2013
2068
2065
1977
2027
2013
2025
2035
2069
2041
2055
2107
2029
2086
2029
2099
2009
1997
2084
2088
2059
2071
1963
1991
2107
2044
2087
2068
2081
2027
2009
2063
1997
2055
2040
2080
1997
2037
2027
2094
2063
2057
2104
1997
1957
2012
2055
2045
2035
2070
2063
1975
1989
2065
2024
2033
2082
2073
2041
1979
2075
2078
1976
2007
1974
2066
2039
2020
2040
2021
2041
2088
2073
2041
2037
1955
2013
2068
2065
1987
2045
2067
2060
1999
2072
1961
2057
2035
2077
2032
2056
2032
2093
1973
2027
1992
2031
2035
1979
2074
2055
1995
1965
2027
1971
2029
1971
2045
2035
2001
1966
2056
2009
2036
1971
2053
1982
2015
1973
1979
2045
2034
2007
2027
2032
1997
1959
1977
2055
2031
2001
2038
1962
2027
2007
1983
1995
2059
1971
1963
2016
2043
2008
1953
2063
2060
1989
2058
2011
1977
2063
2037
2032
2063
2027
1960
2039
2063
1983
2005
1989
2035
1965
2037
1976
2084
1977
2089
2046
1975
2015
1973
2058
2011
2057
2041
1993
1973
1979
2039
2002
2045
2027
2063
2089
2008
1997
1990
1973
2011
2007
2025
2059
2041
2073
2035
1997
2008
2055
2082
2035
2075
2016
2069
1972
1980
2047
2032
1990
2036
2027
2043
2063
1999
2060
2038
2058
2055
2047
2073
1963
1989
2026
2009
2032
2067
2022
1988
2035
1987
2021
2009
2001
2053
2027
2056
2053
1949
2069
2047
1979
1995
2027
2025
2031
2007
2028
2083
2087
1965
2077
1981
2039
2101
2072
2066
2055
2031
2057
2081
2028
2076
1993
1997
2120
1992
2063
1949
2139
2005
2079
1972
2043
1997
2080
2088
2020
2071
2094
2066
2063
2009
2041
2063
2040
1987
2084
2029
2063
1995
1986
2029
2081
2033
2027
2071
2071
2104
2096
2085
2017
2001
2070
2009
2046
2055
2059
1977
2005
2083
2001
1944
1993
2037
2088
2099
1995
2082
2104
2011
2032
2021
1983
2021
2053
2084
2007
2085
2063
2028
2023
2009
2072
1994
2083
2021
1999
2075
2073
2007
2106
2092
1996
2027
2040
2069
1962
2058
2032
2059
2007
2063
2059
2028
2075
2005
2062
2035
2005
2016
2068
1959
2060
2023
2034
1963
2017
2068
2041
2043
2023
2044
2087
2035
2018
2065
2091
2039
1965
1988
2071
2099
2037
2032
2015
2039
2033
2069
2075
2035
1959
2029
2066
2074
2045
1955
1967
1989
1971
2013
2063
2090
2056
2015
2077
2031
2024
1993
2017
2013
1957
2018
1991
2040
2025
1993
2009
2051
2074
2065
2025
2066
2015
2066
1997
2029
2001
2003
1981
2018
2023
2016
2069
1967
2067
2087
2005
1991
2009
2080
2025
2099
2044
2004
2071
1993
2047
2057
2079
2097
1957
1995
2046
1979
1977
2039
2043
2026
1992
1977
2032
1965
2072
2045
2064
2001
2072
1975
1961
2001
2024
2068
2015
2032
2043
2019
2094
2044
1989
2085
2012
2047
2040
1975
2076
2054
1989
2017
2039
2067
2011
2093
1947
2021
2013
2015
2023
2077
1973
1971
2076
1966
2063
2053
1973
2071
1981
2019
2063
1995
1972
2034
2077
2007
2085
2009
2047
2037
2031
2077
2011
2023
2093
2003
2117
2057
2048
2013
2013
2076
2060
2083
1989
2037
1981
1995
2060
2077
2047
2077
2057
2067
2008
2011
1977
2068
1967
2041
1991
2013
2058
2003
2072
2015
1993
2053
2015
2077
2063
1991
1965
2016
1997
2037
2067
2019
2003
2035
2053
2063
1976
2013
2039
1961
2067
2032
2027
2039
2072
2043
1987
1983
2064
2032
2037
2057
1965
2011
2043
2025
2025
2037
1995
2020
2039
2013
2009
2037
2063
2030
2068
2001
1972
2057
1973
1979
2013
2039
1981
1989
2030
2003
2005
2066
2071
2033
2095
2042
1976
2001
2020
2068
2086
1999
1992
2085
2060
2019
1979
1983
2067
2061
2088
2093
2078
2088
1975
1983
2003
2003
1992
2017
1981
2069
1993
2096
2040
2005
2001
2001
2045
2040
1977
1986
2015
2051
2060
2063
2015
2077
2071
2011
1989
2025
2009
2029
2071
2059
2048
2037
2015
2005
2021
1979
2060
2016
2087
2041
2001
2080
2085
2064
2043
2003
2043
2073
1977
1993
2063
2013
2063
2082
2075
2084
1977
2004
1981
2068
2073
2035
2026
2073
2011
2039
2014
1989
2005
2015
2037
2042
1993
1953
1970
2092
2087
1997
1993
2007
2039
2043
2012
2067
2066
1973
2021
2065
2071
2051
2043
2045
2057
2067
2072
2024
1991
2085
1991
2013
1961
2037
2069
2023
2040
1997
2021
2032
2098
2066
2073
2057
2043
2035
2030
2094
2040
2096
1989
2088
2075
1992
2069
1979
2009
2059
2009
2071
2055
2072
2007
2007
2045
2040
2016
2040
2023
1979
1996
2086
2025
2089
2055
2059
1979
1993
2087
2080
2019
2047
2055
2087
2023
1995
2011
1991
2071
1981
2059
2089
2061
2025
2002
2055
1973
2057
2039
2074
1995
2088
2039
2003
2027
2043
1991
2072
1979
2027
2069
2053
1992
1997
2079
2001
2019
1976
2021
1995
2031
1975
2084
2065
1975
2074
2020
2022
1951
1977
2040
2013
2057
2042
1965
2059
2047
2045
1975
2079
2071
2007
2007
2066
2005
2070
2060
1973
1963
2068
1975
2086
2057
2067
2045
2058
2011
2016
1975
2040
2013
2044
1987
2087
2045
1991
1965
2004
2063
2087
1989
1983
2063
2087
2071
2059
1967
2032
2009
2003
2065
2088
2037
2035
2008
1997
2009
2040
1971
2033
2006
2063
1999
2032
2010
1992
2075
2045
2072
2052
2021
2076
2013
2011
1992
2009
2075
2023
2040
1977
2015
2040
2004
1994
2055
2024
1975
2019
2005
2007
2063
2059
1995
2024
2038
1995
2063
2072
2016
2021
1993
2052
2041
2016
2042
2075
1963
2044
2080
2029
1961
1964
1977
1965
1975
2011
2013
1977
2055
2011
2048
1977
2041
2000
1997
2063
1995
1973
1931
2080
2013
2093
2009
2017
2067
2063
2019
2077
2068
2011
2033
1996
2030
2053
2021
1991
2086
1979
2042
2087
2021
2091
2074
2067
2008
2096
2023
2081
1977
2029
2043
2032
2041
1975
2060
2058
2013
2069
1947
2059
1996
2019
1963
2075
2011
1975
1997
2074
2064
2016
2016
2068
1981
2066
2003
2004
2065
2043
2067
1957
2055
2069
1987
2003
2084
2011
2011
2099
2079
2042
2015
2023
2023
2071
2059
2012
2067
2013
2077
1983
2055
1990
2007
2075
2031
1988
2039
1970
2092
2007
2013
2038
2025
2033
2087
2068
2045
1995
2063
2048
2041
2105
2043
2071
2019
2072
2040
2037
2068
2005
2069
2041
2058
2019
2077
2019
1997
2031
2021
2027
2017
2069
1979
2039
2032
2007
2075
1989
2012
2011
2068
2081
2059
2081
2090
2032
1960
1995
2035
2080
2055
2060
2069
2031
2078
2043
2044
1989
2037
2032
2056
2075
2053
2071
2009
2029
2083
2007
1971
2003
1996
2055
2045
1998
2011
2085
2027
2092
1977
1991
1977
2058
2063
2059
1989
1989
2072
2091
2031
2009
2063
1977
1958
2024
2019
2063
1991
1963
2040
2056
1981
2083
2001
2015
2054
2071
2010
1996
2031
2081
1989
2041
2027
2063
2017
1937
2019
1967
1991
2074
2072
2007
2028
2043
1975
2032
2065
2045
2004
2063
2055
2072
1939
1960
1955
2027
2066
2063
2083
2039
1991
2088
2063
2008
2087
2007
2073
2027
2044
2072
2019
2056
1961
2035
1977
1998
1973
2064
1993
2063
2032
2071
1981
1997
2011
2040
1965
2045
2059
1987
2081
2020
2033
1979
1981
2035
2044
1962
2039
1981
2060
1940
1987
2048
2014
2009
2083
1996
2078
2039
1965
2043
2010
1957
2015
1971
2087
2059
2027
2072
2070
2032
1964
2003
2022
2023
2088
2053
2031
2065
2001
2063
2048
2060
1988
1982
2100
2056
2063
2078
2008
2041
1980
2023
2009
2007
2003
2071
2063
2037
2059
2025
2017
2001
2044
2038
1965
2006
2025
1974
2011
2042
1933
2037
1983
1977
2032
2048
2075
2025
2036
2041
2031
2079
2008
2028
2038
2035
2105
2063
2071
2047
2001
2069
2003
2080
2063
2076
1995
2063
2087
1977
2017
2041
2011
2080
2065
2046
2063
2083
2053
1988
2027
2057
2031
2041
2030
1993
2072
2075
2053
2060
2065
2027
2034
2060
2039
2013
2054
2057
1961
2037
1991
2029
2072
2043
2003
2035
2040
2023
2071
1969
2070
1959
2027
2075
2027
2071
2021
2096
2033
2048
2036
2057
2031
2022
2013
2023
2039
1957
1981
2067
1974
2048
2027
2044
2075
1965
2076
2058
2017
2040
2085
2027
1994
2024
2031
2085
2072
2068
2077
1983
2043
2093
2048
2005
2027
2003
1993
1999
2027
1997
2071
2021
2032
2063
2088
1997
1992
1977
2040
2076
2073
2040
2045
1977
2063
2078
2037
2041
2078
2060
1978
2043
2040
1965
2039
1971
2013
2060
2093
2099
2067
2031
2086
2059
1937
2060
2072
1987
2067
1995
2013
2001
2080
1965
2037
2079
2044
2069
1993
1993
1997
2013
2071
2065
1963
1999
2052
2003
2001
1974
1971
2024
2053
1965
2078
1983
1988
2073
2074
2081
2053
2018
2055
2035
2029
2067
1964
2071
1993
2005
1989
1979
2066
2053
2092
2003
2013
1997
2065
2084
2005
2018
1997
2035
2015
1989
2007
2073
2078
2031
2023
2055
2071
2001
2073
2048
2047
2063
2044
1941
2057
2021
1978
2037
2007
2053
1971
2025
1989
2003
2028
2045
1989
2046
2029
2053
2081
2037
2031
2041
1993
2071
1987
2055
2017
2081
2010
2048
1971
2023
2045
2024
2079
1989
2024
2043
1973
2041
1981
1997
1993
2092
2101
2025
2043
1997
2067
2003
2025
1992
1995
2071
2078
2053
2046
2025
2013
2020
1980
2019
1987
2072
2013
2081
2036
2044
1973
2045
2009
2033
2063
2030
1983
2007
1993
2068
2005
2057
2013
1981
2017
2070
2023
2063
1958
2075
2042
2036
2063
1993
2089
2043
1991
2043
2079
2072
2087
1959
2024
2072
2068
2095
1987
2040
2055
2011
2026
2027
1999
2018
1979
2095
2007
2011
2065
1995
2007
2017
2067
2039
2025
2053
2009
2029
2040
2075
1979
2048
2038
2005
2067
2088
1971
2045
1941
2048
2065
2027
1953
1964
2021
1979
2032
1963
2062
2029
2071
2041
2058
2045
2031
2080
1945
2063
2051
2003
2074
1979
2035
2075
2067
1997
2043
2030
2073
2004
2025
2091
2074
2032
1991
2053
2005
2073
2090
2063
2027
2080
2015
2037
2003
2055
2063
2042
2019
2065
2009
1962
2056
1961
1950
2071
2065
2024
2019
2017
1981
1993
2017
2056
2024
2011
2056
2013
2024
2088
2028
2035
1995
2037
2011
2070
2007
2063
2030
1981
2013
2025
2075
2040
1993
2083
1959
2024
1965
1995
2057
1981
2053
1993
2052
2066
2059
2013
2040
2075
2035
2040
2059
2076
2117
1973
2003
2015
2059
1997
2065
2071
1958
2102
2090
2063
2052
2081
2045
2063
2072
2021
2047
2044
2001
2040
1977
1973
2043
1973
2071
2013
2021
1975
2013
2009
2019
1993
2065
1995
2019
2040
1989
2007
2013
2025
1971
2035
2012
2079
2027
2003
2043
2042
2079
1999
2073
1991
2065
2017
2019
2039
2087
2027
2024
2077
2069
1999
1973
2055
2038
2035
2003
2008
1971
2074
2073
2043
2096
2088
1983
2063
2087
2013
1981
2007
1991
2043
2059
2063
2059
2060
2075
2029
2076
1989
2067
2056
2004
2045
2087
1999
2009
2068
2012
2035
1992
2003
2001
2069
2001
2037
2036
1977
2036
2041
2025
2035
2019
1947
2058
2003
2027
1993
1997
1976
2026
2037
2063
2039
2009
1974
2066
2025
1977
2071
2065
1987
2029
1996
2069
2089
2021
1966
1963
2011
1975
2039
1963
1973
1989
2071
2067
2093
2039
2055
1996
2067
2009
1993
2060
2024
2010
2063
1983
2063
2063
1974
2057
2063
2009
2001
2045
2028
2035
1981
1960
2063
2058
2023
1955
2075
2008
2007
1995
2027
2040
1964
2035
2033
2031
1972
1991
1995
1989
2032
2077
2054
1997
2043
2011
2058
1981
2045
2025
1975
2056
2058
1991
2067
1961
2040
2017
1963
1981
1943
1989
2071
1981
2071
1987
2055
2036
1995
1947
2028
2044
2040
1980
2035
2030
2031
2005
2041
2037
2016
2001
2019
2057
2044
2057
2063
2055
2023
1995
2075
2023
1977
1992
2032
2025
2074
2035
2075
2034
2001
1958
2075
2008
2055
2091
2092
2025
2028
2010
1953
2029
1989
2016
2005
2067
1955
2043
2056
2071
2031
2025
2003
2058
1983
2066
2080
2071
2063
1995
2083
1991
2094
2059
2013
2040
2019
2039
2035
2015
1989
2053
2080
2091
2027
2092
2033
1979
1982
2068
2018
2019
1979
2066
1989
2063
1971
2078
2026
2013
2056
2066
2023
2056
2007
1973
1967
2033
2011
1979
2031
2016
2069
2044
2024
2007
2085
2091
2031
2079
1993
1989
2065
2041
2001
2011
1995
2039
2070
2005
2001
1993
1989
2088
1967
2057
1979
1993
2043
2047
2063
1965
2063
1956
2001
2065
1989
2001
2066
2075
2065
1998
1973
2040
2063
1989
2041
2048
1988
2087
1993
2077
2029
2021
2075
1995
2041
2061
2077
2001
2063
2017
2064
2036
2058
1980
2003
2056
2067
2011
2003
2083
2010
2005
2003
2076
2083
1980
2055
2020
2037
2044
1975
2040
2069
2080
2021
2008
2005
2034
2007
2029
2016
2077
1972
1953
2025
2056
2043
2031
2042
2043
2069
2033
2075
2040
1997
2025
2029
2024
2068
2030
1993
2063
2098
2007
2031
2091
2041
1972
2091
2003
2082
1976
2037
2072
2017
2039
2063
2058
1998
2051
1998
2029
2053
2037
2041
1993
2037
1979
2037
2003
2023
2069
2035
2040
1972
1995
1981
2027
2075
2024
2015
2048
2032
2067
1981
2056
2095
1981
2059
1981
2043
2028
1967
2011
2063
2055
2088
2009
2039
2028
2036
2016
2063
2058
2051
2075
2024
2053
2040
2008
2072
2019
1989
1995
2063
2006
2045
1975
1961
2015
2073
1997
2026
1960
2072
2048
2044
2004
2022
2021
2045
2052
2025
2001
2040
1967
2011
2043
2039
1983
2058
2023
2007
2048
2035
2067
2017
2058
2074
2019
2071
2085
2022
2011
2029
1977
2063
2002
1975
2063
2017
1992
2076
2010
2071
2024
2075
1981
2075
2003
2073
1974
2065
1989
2081
2041
2063
2057
2068
2075
2007
2071
2067
2044
2073
1975
2001
2063
1990
2063
2080
2024
2063
2023
2046
2056
2040
2052
2067
2065
1973
1983
2068
2005
1995
2016
1999
2024
2034
2021
2027
2063
2011
1995
1977
2019
2044
2023
2032
2046
2007
1991
2055
2016
1987
2021
2037
2005
2033
2040
2016
1997
2072
2092
2027
2037
2081
2021
2077
2023
2052
2067
2040
2019
2048
2009
1979
2055
2001
2040
2009
2031
2038
2048
1991
1993
2013
2057
2019
2083
2029
2040
2073
1996
2057
2039
2063
1998
2053
2058
2043
2027
2067
2048
2080
1965
1983
2059
2002
2063
2044
2067
2046
2067
1997
2038
2053
2025
1993
2025
2044
2035
1975
2055
2019
1979
2022
2024
2031
2003
2063
2017
2027
2007
1997
1973
1973
2080
2001
2069
2081
2009
2037
1957
2001
2040
1973
2077
1995
2077
2039
2016
2037
1962
2072
2009
2072
1996
2068
2016
1965
1981
2053
2016
2007
2001
2011
2044
1989
2069
2036
2077
2008
2076
2037
2069
2129
2015
2057
2040
2009
1979
2038
1971
2043
1993
2037
2004
1981
2054
1973
2075
1996
1982
2071
1999
2080
2031
2040
2069
2039
2076
2081
1997
2063
1963
2056
1991
1965
2063
1997
1995
2057
2003
1993
1987
2048
1976
2081
2090
2075
2043
2047
2007
1972
2055
2068
2031
2011
2076
2029
2016
2072
2072
2007
2083
2008
2039
2069
2007
2077
2063
1983
2023
2071
1962
1979
1991
2072
2043
2005
2023
2029
2069
1997
2071
2086
1997
2019
2035
1996
2032
2041
2067
2099
2091
2070
2027
2023
1973
2083
2063
2059
2003
1983
1993
2063
2057
2055
2005
2019
2087
1963
2007
1989
2027
2041
2028
2056
2085
2067
1977
1967
1976
2029
1975
2029
2007
1971
2033
2063
2040
2039
2085
2024
2045
2079
2056
2033
2083
1980
2007
2043
2067
2027
2027
1987
2070
1987
2009
2103
2063
2025
2055
2063
2027
1961
2003
2027
2054
2065
2076
2055
2055
1990
2048
2018
1973
2071
1971
2019
2077
1989
2007
2005
2011
2056
2025
2073
2011
2087
2051
2010
2056
2009
2035
2021
2063
2032
2082
2055
2011
2046
2032
2071
1994
2072
2041
1975
2044
2064
2011
1961
2069
2033
2055
2005
2066
2093
2074
1993
2045
1991
2024
1979
2045
2024
2055
2037
1975
2067
1983
2068
2038
2019
2063
2017
1961
1967
2033
2007
2021
2077
2011
2045
2009
1979
2067
2037
2032
2005
2065
2009
2029
2066
1979
2012
2055
1994
2066
1997
2071
2072
1987
2035
1957
2053
1987
2039
2041
2001
2003
2063
2086
1966
2054
2023
2012
2015
1989
2068
2071
2001
2043
2036
1995
2087
2071
2064
2011
1996
2056
2048
2046
1991
2066
2068
1987
2084
2079
2013
2029
2063
2084
2055
2041
1970
1975
2069
1995
1987
2024
2059
2029
2055
2071
1965
2027
2063
2024
1955
2027
2013
2067
2036
2059
2027
2067
2063
1957
1992
1981
2039
2040
2058
1979
2094
2080
2008
2073
1975
2015
1991
1992
2016
1993
2063
2003
2066
2023
1996
1949
2016
2019
2053
2071
2023
2067
1975
2088
2080
2045
2029
2072
2079
2088
2048
2058
2083
1993
2005
1987
2063
2072
2031
2067
1996
2028
1989
2041
2096
2039
2009
2031
2031
2064
2013
2078
1959
2056
2032
2004
2079
2029
1995
2071
2085
1965
2066
2067
2044
1981
2007
2008
2060
2011
2048
1988
2043
2009
2064
2063
2075
2045
2060
2063
2018
1965
2101
2023
1995
1991
2086
2101
2075
2032
2071
2001
2056
1997
2085
2071
2038
2063
2056
1975
2083
2003
2041
1957
1989
2053
2029
2046
2085
2023
2016
2063
1988
2066
2088
2043
1965
2068
2045
1995
1971
2085
2093
1975
2069
1975
2077
1973
1983
2067
1969
2011
1987
2063
2072
2027
1982
2070
2004
1979
2025
2025
2067
2088
2001
2005
1949
2075
2033
2100
2008
2069
2077
1993
2077
2083
2021
2074
2057
2017
2063
2015
2001
2045
1995
1997
2071
2027
2005
2044
2069
2003
1977
2042
2009
2055
2010
2070
2087
2005
2037
2065
1995
1981
2029
2067
1961
2044
2023
2036
2007
2011
2083
1981
2035
1981
1991
2041
2001
2015
2063
2044
2005
2003
2021
2068
2044
1991
2079
2065
1995
2072
2057
1971
2007
2042
2011
2016
1979
2037
2075
2053
2023
1981
2044
1981
1997
2005
2007
2072
2093
2027
1993
2011
2003
2065
2005
2044
1976
1973
2059
1991
2079
1998
1989
1993
2063
2043
2075
1962
2047
2039
2032
2012
1990
2057
1981
2067
2070
2069
2056
2001
2075
2007
2071
1997
2073
2057
1961
2007
1975
1977
2073
1963
2021
1997
2072
2074
2075
1993
2043
1974
2055
2065
1992
2056
2023
1961
2075
2055
2055
2007
2039
2041
2037
2076
2031
1954
2055
2076
2037
1960
1981
2007
1973
1979
2065
1967
2045
2013
2068
2023
2025
2066
2084
1971
2075
2043
2034
2019
1988
2076
2002
2044
2034
2064
1995
2076
1981
2042
2068
2077
2040
2070
2040
2025
2045
2065
2047
2024
1987
1966
2059
2071
2065
2015
1993
2053
1963
2024
2032
1998
2039
2088
2028
1991
2071
2016
2035
1975
2032
2065
2042
2065
2039
2066
2005
2006
2083
2071
1949
2038
1971
2004
2021
2073
2037
2035
2036
1991
2067
1997
2073
2057
2068
2092
2003
1993
2075
2057
1971
1993
1993
2044
2074
1984
1963
2063
2055
2067
2093
2053
2011
2029
2059
2003
2071
2007
2032
1991
2066
2015
1974
2021
2011
1993
1981
1976
1998
2038
2004
2022
2063
2065
2053
2003
2015
2058
2087
2079
1992
2072
2065
2057
2013
2063
2003
2063
2088
2004
1963
2010
2073
2003
2072
2040
2024
1975
2084
1997
1979
2063
2011
1991
2075
2001
1973
2043
2005
2070
1977
2043
1979
2053
2009
1937
2027
2073
1992
2092
1991
2065
2004
2027
1989
1991
1995
2037
2069
2010
2015
2063
2071
2039
2007
2102
1981
2029
1981
1993
2089
2003
2067
1980
1982
1989
2063
1995
2057
2029
2021
2027
1981
2028
2025
2023
2023
2023
2059
2084
2039
2029
1996
2063
2008
1995
1993
2053
2040
1995
2053
2059
2067
2048
1999
2001
1999
1961
2001
1967
2058
2044
2047
2031
2063
2017
2009
2046
2068
1979
2063
2091
2067
1993
2043
2031
2085
2094
2001
2075
2001
2035
1975
2071
1961
2071
2011
1992
2055
2026
2003
2084
1965
2039
2044
1965
1975
2060
1965
2022
1965
2059
1991
2059
2025
2073
2041
2057
1997
2020
2055
2024
2086
1991
2060
2063
2077
1983
2059
2071
2019
2087
2066
2011
2033
1970
2044
2045
1992
2073
1995
2025
2073
2020
1973
2073
2087
2067
2029
2043
2041
2063
1960
1962
1967
2058
2037
2037
1995
2011
2063
1992
2047
1989
1959
2044
1975
1971
2017
2023
1959
2025
2028
2077
2075
2083
2017
2057
2045
2031
2065
1999
2029
2068
2035
2041
2080
2004
1981
2069
2001
1979
1973
1993
2085
2029
2037
1999
1963
2041
2025
1982
2071
2044
2089
2071
2038
2063
1966
2076
2066
2008
2028
2027
2039
2025
1969
2039
2029
2037
1995
2009
2063
2065
2052
2064
1997
2033
1979
2072
2009
1969
2056
1983
2085
1964
2075
2058
2072
2056
2058
2021
2072
2025
2009
2008
2069
2039
1969
2073
2074
2067
2065
1992
2063
2043
2040
2033
2063
2013
1969
2063
2031
2035
1987
2072
2091
2057
2073
2001
2007
1973
2067
2072
2005
1995
2033
2016
2041
2011
1977
2057
1989
2051
1995
1977
1966
2041
2068
2007
2068
2083
2008
2047
2008
2047
1995
2063
2027
2007
2083
2036
2063
2031
2024
2077
2057
2019
2077
2013
2065
2085
2011
2083
2093
1975
2063
2067
2045
2073
2077
2083
1975
2072
2041
2027
2045
1988
2075
1991
2017
2080
2055
2063
2069
2053
2004
1995
1977
2031
2025
2068
2069
2007
2057
2071
2011
2071
2072
2057
2068
2006
2000
1995
2033
2059
2091
2016
1989
2013
1973
2087
1996
2009
2079
2028
2100
1990
2053
1995
2092
2103
2116
2055
2032
2032
2031
2076
2060
2007
2011
2067
2076
2067
1991
2027
2085
1979
2027
2041
2040
2010
2019
2094
2025
2033
2005
2037
2043
1956
2027
2069
2008
2041
2005
2019
2080
2057
2015
2045
2021
2031
2031
2059
2063
2011
1954
2056
2058
2007
1987
1989
2009
2031
1977
1996
2077
2040
1981
2011
2076
2071
2026
2013
2074
2038
2090
2075
2012
1980
1960
2097
2071
2011
2064
2007
2074
2027
1995
2083
2067
2055
2058
2063
2041
2057
1993
1981
2045
2080
2091
2029
1981
2067
2005
2036
1981
1990
2056
2013
2071
2035
2044
1989
1992
2041
2007
2013
2007
2027
2045
2040
2063
2073
2017
1971
2029
1999
2003
2089
1997
2039
2043
2073
1993
2086
2029
1991
1971
2063
2013
1976
1977
2011
2089
2071
2063
2036
2060
1993
2072
2071
2034
1971
2027
1997
2053
2017
2048
2011
1981
2087
2047
2083
2043
2063
2003
2025
2077
2063
2005
1996
2041
2044
2001
1966
1979
2044
2063
2021
2039
2011
2077
2056
2066
1990
2067
2067
2066
2048
1987
2075
2069
2039
2053
2040
1999
2065
1979
2048
2056
1988
1988
2083
2117
2083
1991
2069
1971
1991
2072
1941
2004
1979
2059
1975
1995
2079
1996
1981
2029
1990
2056
1997
2030
2086
1979
1996
2037
2084
2033
2078
1965
2058
2085
1996
2067
2016
2080
1973
2063
2099
2005
2075
2040
2007
1995
2041
2009
1970
2040
2057
2075
2076
1975
2065
2059
1971
2073
2004
2053
2007
2003
2007
2063
2067
1989
2063
1981
2020
1965
2028
1979
2001
1979
2089
2056
1972
2074
2085
2032
2056
2023
1977
1958
1980
2016
2045
2022
1973
2063
1991
1997
1993
1971
2071
2025
2039
2013
2059
2043
2083
2052
2066
2066
2004
2087
2001
2039
2015
2082
2031
2073
2021
1963
1973
2080
2060
1996
2067
2040
2001
2021
1995
2069
1970
2055
2057
2035
1995
2089
2099
2016
1975
2027
2044
2065
1966
2045
1965
2085
2072
2020
2076
2045
2057
2035
2005
2075
2085
2007
2005
1989
2063
2056
2059
2065
2009
2077
2025
2063
1979
2067
2085
2001
2055
2039
2078
1975
2035
2101
2058
2068
2045
2021
2073
1957
2009
2074
2074
2027
2019
2085
2041
2012
2063
2040
2071
1989
2044
1995
2063
2039
1977
2009
2068
2016
1969
2071
1963
2007
1996
2045
2072
2019
2088
2071
2005
2056
2040
2101
2093
1991
2055
2044
2013
2032
1995
2028
2073
1989
2012
1977
2057
1963
2075
2081
1959
2063
2011
2017
2053
2027
2025
2009
2054
2092
2088
1980
2077
2081
2013
2099
2003
2042
2055
1978
2046
1967
2011
2003
2070
1995
2047
1981
2088
2063
2031
1941
2032
1983
2055
1991
2001
2073
1969
2048
2003
2046
2033
1997
2012
2032
2032
2067
1991
2004
2037
2067
2059
2042
2048
2080
2067
2068
2011
1995
2005
1990
2039
2004
2030
1992
1977
2051
2065
2058
2055
2027
2027
2053
1991
2092
1978
2043
1997
1971
1965
1981
2039
2001
2071
2028
2040
2101
2054
2036
2063
2077
1995
2073
2055
2044
1972
1981
2074
2001
1991
2032
2092
1997
2085
2035
2037
1994
2047
1981
1989
2063
1989
2065
2043
2048
1995
2071
2006
2025
2015
1963
1995
2057
2063
2011
2027
1981
2032
1954
2041
2043
2058
2075
1999
2085
2009
1999
1995
2063
2039
2069
2048
2068
2043
2009
1977
2069
2007
2083
1979
1977
2088
1963
1971
2053
2044
1961
2051
1971
2077
1951
2055
1947
2080
1979
2039
2015
2090
1997
1969
1978
1947
2040
2022
1979
2025
2065
2003
2015
2061
2030
2029
2003
2066
2032
1981
2040
2077
1993
2039
2012
1967
2071
2024
1933
1975
2073
2045
2032
2029
2055
2017
2071
2012
2048
1992
2066
2088
2003
2083
2065
2059
2031
2039
2075
2053
2031
2069
2053
1997
2042
2040
2003
2065
2033
1993
2075
2077
2031
2055
1959
2063
2047
1995
2056
2040
2015
2048
2003
2065
2011
2048
2026
2103
2067
2021
2012
1989
1995
1982
2072
2051
2055
2045
2002
2073
2031
2059
2069
1991
2015
2003
2013
2091
2058
2029
2018
2015
2017
2013
2071
2067
2085
2003
2035
2013
2031
2003
2025
2016
1965
1957
2042
1981
2069
2017
2021
1961
2067
2013
2032
2057
1995
1987
2080
2091
2075
2052
2011
2059
2013
2032
2013
2044
2007
1993
2039
1995
2092
2072
2075
2032
1987
2048
2045
2003
1992
1999
2091
2085
1993
2067
2043
2060
2071
2012
1995
2029
2064
2044
2040
2067
2028
2004
1949
2037
2072
2003
2012
2043
1987
2071
2020
2030
2088
2007
2039
1979
2037
2015
2093
2001
1995
2041
2008
1990
2028
2027
2063
2043
1995
2070
2064
2045
2089
2072
2019
2017
1981
1979
2067
2067
2025
1979
2084
1997
1998
2040
2060
1991
2081
2007
2027
2020
1992
1992
2056
2062
2093
2072
2076
1988
2017
2023
2030
2059
1958
2001
2031
2037
1975
2063
2089
2099
2083
2029
2004
2083
2025
2052
2041
2055
2021
2085
2053
2065
2017
2083
2055
2017
1979
2040
2008
1979
1990
2063
2063
1995
1962
1997
2035
1971
2058
2069
2056
2076
2032
2039
1979
2063
2073
1957
2048
2048
2024
2103
2086
2056
1995
1997
2005
2059
2027
1967
2027
2073
2030
2032
2023
2103
2023
2045
2031
1995
1995
2037
2027
2056
2021
2005
2091
1977
2027
2043
1977
2035
2031
2038
2068
2003
2031
2034
2060
2054
2059
2035
1967
2055
2059
1993
2039
2021
2031
2027
2043
2018
1949
2055
2023
2007
2071
2077
2056
2055
2042
1989
2031
2039
2051
2027
1995
2074
1975
2040
2024
1980
2029
2021
2015
1997
2076
1972
2036
1983
2027
2024
2063
2001
2053
2065
1977
2071
2043
2077
2007
1996
2040
1983
2063
1963
2013
2008
2062
2078
2039
2059
2075
2055
2048
1975
2053
2016
2021
2021
2067
2067
2043
2037
2085
1979
2016
2067
2071
2013
2039
2079
2005
2084
2013
2073
1997
2051
2040
2017
2067
2076
2075
1971
2072
1961
2076
2073
2059
2001
1971
2092
2072
2017
2071
1977
2071
2015
1997
1978
2035
2078
2008
2037
2042
2021
2001
2001
2062
2076
1976
2023
2021
2035
2029
2030
2063
1979
2073
2009
2065
2040
2027
1973
2035
1971
2080
2007
2003
2072
2019
2072
1992
2023
2090
2071
2015
2008
1997
2076
2086
1989
2068
2080
2095
2087
2011
2063
1945
2048
1993
2027
2011
1968
2025
2051
1977
2048
2053
2071
2069
2009
2003
1967
2048
2068
1991
2085
2041
1981
2007
2024
1989
2073
1967
2063
2035
2084
2055
2069
1979
1981
1989
2024
2020
1980
2071
2022
2095
2091
1977
2067
2007
2025
2019
2015
2023
2003
2001
2039
2099
1993
2092
2089
2030
2037
2005
2061
2001
2052
2011
2080
2027
2057
2005
1987
2057
2009
1977
1957
2023
2029
2013
2031
2008
2011
2027
1993
1997
2041
2055
1998
2063
1989
2019
2001
1993
2008
2089
2001
2046
2086
1979
2032
2023
2001
2017
1975
2057
1991
2042
2067
2073
2074
2088
2040
2005
2055
2067
2105
2025
2039
2072
2073
1967
2047
2045
2081
2040
2016
1996
1993
2025
1980
2045
2076
2057
2039
2098
1975
2005
2029
2063
2022
2057
2075
2072
1957
2012
2023
2051
1967
2037
2083
1972
1997
2087
2019
2032
1967
2032
2055
2067
1975
2074
2076
2086
2023
1981
2063
2071
2027
2075
1973
2116
2066
1991
2057
1997
1965
2083
1993
2057
2013
2033
2047
2021
1979
2003
2005
2032
2009
2048
2080
1989
2048
2065
2057
2025
2035
2053
2039
2029
2072
2079
1983
2071
1969
2069
1995
2035
2029
2021
2040
1988
2076
2097
2055
2015
2060
1992
2063
2047
2031
2107
2038
2071
2011
1955
2031
2083
1974
1972
2028
2029
1977
2044
2028
1993
2039
2043
2020
2055
2051
2001
1971
2001
2032
2029
2005
2040
2083
2076
2039
2066
2056
2075
1975
2039
2036
2040
2063
2008
2053
2071
2093
2073
1997
1999
2040
2083
1995
2039
2056
2067
2067
2065
2069
2016
2009
1997
2039
2048
2082
2017
2025
2040
2067
2057
2036
2043
1972
2023
2088
1979
2027
1963
2080
1979
2076
2086
2063
1994
2042
2007
2073
1991
2017
2053
1972
1975
2068
1969
2092
2074
1993
2032
1981
2057
2041
2007
2053
2096
2029
2071
1993
2063
2040
2057
2021
2037
1992
2071
1998
2055
2071
2079
2071
2019
2011
2077
2011
1995
2000
2057
1979
2091
2069
2066
1995
2052
1993
2040
2015
2063
2085
2031
2043
2036
2011
2048
2006
2023
2023
1975
2054
2021
2072
1955
2053
2032
2044
2083
2067
2098
1975
2059
2027
1979
1989
2066
1965
2027
2075
1991
2053
1990
2087
1997
2058
2015
2089
2023
2045
2011
2037
1979
2068
2076
2063
2041
2027
1967
2005
2040
1937
2071
2089
2067
2001
2032
2104
1997
2079
2089
2005
2071
2044
2030
1993
2035
1987
2043
1959
2087
2056
2025
2083
2007
1998
2070
1977
2029
1977
2063
2043
2063
1993
2027
1976
2006
2048
1979
1991
1991
2067
2005
2001
2029
2032
2021
2059
1967
1994
2025
1993
2057
2024
2066
2009
2007
2067
2033
2076
2009
2087
2017
2001
1979
2007
1995
2031
2005
2058
2074
2023
2059
2071
2056
2056
2073
2004
2015
1995
2026
2057
2016
2073
2066
1979
2013
1969
2030
2017
2035
2071
2069
2078
2040
2011
2053
2041
2083
2097
1996
2010
2075
1965
1987
2048
1960
2005
1977
2055
2013
2003
1990
2069
2017
2082
1996
2092
2006
2035
1989
2067
1996
2069
2009
2039
2057
2096
2065
2079
2083
2012
2067
1974
2057
1959
1994
1949
2069
2081
1967
2021
2067
1981
2067
2063
2026
2060
1979
1987
2039
2013
2066
2009
2048
2101
2057
2082
2060
1989
2003
2063
2062
2035
1996
2017
2044
1977
2036
2075
1977
2043
2039
2083
2071
2051
2032
2065
2058
2032
2082
2063
2029
1980
2001
2041
2015
2025
1971
2053
2009
2080
2038
2065
2055
2036
2052
1963
1999
2027
2038
2075
1963
2060
2068
2013
2019
2021
1983
2067
2001
1989
2065
2056
2073
2041
2084
2072
2023
2068
1987
2033
1979
1963
1995
2037
2065
2046
1978
2016
2007
2041
2028
1975
1995
2075
2027
2009
2067
1967
2073
2027
2029
2063
2017
2044
1958
2013
1973
2007
2066
1980
1977
2055
2081
1995
2074
2055
2074
2005
1975
1993
2039
2039
2076
2073
2027
2040
2059
2003
2023
2041
2063
1987
1981
2028
2009
2069
2067
2059
1995
1999
2088
1977
1959
2071
1995
2021
2023
2031
2081
2056
1997
2040
2065
2011
2056
2042
1973
2071
1977
2032
1977
2063
1949
2009
2005
2043
2065
2069
2035
1973
1990
1991
2040
1975
2072
1981
2011
2014
2047
2040
2027
2106
2036
2089
2078
1993
2076
2063
2091
2035
2063
1989
2069
1965
2035
2052
2031
1957
2055
2075
1976
2057
1997
1981
2075
2013
2045
1963
2077
1980
2025
2041
2001
2027
2056
1973
2029
2040
2007
2086
2013
2077
2093
2011
2008
1987
2079
1990
1979
2059
1995
1961
2021
2040
2066
2069
2027
2029
2024
1971
2041
2035
2093
2027
2042
2058
2005
2077
2024
2019
1977
2067
2027
2035
2025
2011
2067
2074
1981
1993
2001
2024
1988
1977
1991
2003
2071
1987
2072
2083
2025
2028
2029
2045
2003
2045
2031
2029
2055
1979
2058
1993
2024
2065
2013
2018
1959
1995
2077
2003
2078
1977
2033
2002
2026
2069
2014
2023
2063
1993
2007
2035
2003
1975
2053
1995
2001
1993
2029
1997
2018
2060
2021
2037
1979
2056
2075
2066
2035
2017
2064
2021
2083
2083
2059
2027
2066
2040
1979
2031
2100
2072
2063
2035
1977
2012
2027
1975
2029
2072
1974
2063
2009
1991
1989
2003
2031
2079
2085
2025
1971
2071
2092
1964
2078
2077
2053
2054
1997
2063
2042
2036
1963
2095
2058
2063
2015
2083
2068
2013
2067
2104
2033
2069
1995
2039
2005
2021
2001
1993
2083
2048
1955
2015
2013
2040
2071
1990
1993
2075
2045
1977
2068
2087
1995
2031
2055
2013
2081
2025
1995
2080
2005
2015
2077
2016
2004
2081
2044
2001
2067
2076
1989
2079
2011
2043
2032
2056
2011
1995
1957
2055
2019
2025
2031
2080
2043
1975
2101
2074
2063
2074
1993
2023
1997
2043
2089
1969
1989
2091
2037
2048
1959
2010
2041
2073
2044
1993
2063
2084
2063
2039
2009
2027
2030
2011
1983
2071
2086
1955
2021
2023
2086
1959
2071
2009
2010
1995
2059
2083
2030
2027
2039
2007
1971
2073
2045
2026
2017
2009
2096
2058
1971
2044
2048
2088
2009
2057
1977
1993
2066
1977
2072
2059
2040
1987
1997
2075
1995
2069
1993
2037
2005
2021
2083
2056
2071
1992
1973
1969
2012
1991
2023
2065
2011
2063
2059
2063
2057
2032
2044
2073
2024
2027
2015
1971
2059
2029
2065
2071
2053
1995
2005
2076
2066
2032
1987
2045
1977
2076
2040
2035
2055
2091
2001
1995
2063
2020
2077
2083
1996
2059
2003
2056
2045
2029
2073
2059
2032
1998
2085
2019
2053
2065
2041
1991
2039
2017
2063
1997
2023
2030
2068
2039
2045
1950
2043
1967
2021
2063
2013
2048
2059
2044
2065
2043
2032
2017
1993
2075
2071
2056
1979
2037
2071
2027
1996
1969
2077
2008
2075
2027
2016
2031
2023
2073
1988
2021
1965
1992
1959
2091
2008
1976
2071
2053
2032
2101
2055
2039
1980
2032
2081
2008
2048
2069
2000
2077
1973
2003
1997
2070
2055
1962
2063
1977
2077
2028
2007
2043
2045
2073
2056
2016
1997
2079
2030
1965
1977
2026
1995
1961
2031
1995
2045
2070
1979
2003
2003
2075
1976
1998
2041
2021
2015
2055
1971
2040
1994
2007
2075
2023
2043
2071
2058
2040
1992
1992
2057
1998
2080
2091
2079
2063
2019
2076
2006
2015
1975
1967
2007
1967
2043
2057
2056
2051
2031
1991
2008
2027
2005
2044
1995
2074
2038
2053
2008
2071
1981
2013
1996
2072
2040
2086
2044
2048
2029
2015
2063
2092
2025
2075
1993
2009
1963
2023
2078
2019
2043
2068
1979
1995
2029
2068
2059
2057
2072
1995
2073
1979
1966
2045
2039
2021
1981
2033
1982
1975
2071
1997
2071
1991
2052
2019
2074
2077
2071
1981
2005
2077
2040
2029
1995
2031
2091
2081
2003
2055
2063
2072
2023
2056
2059
1966
2089
2061
2078
1979
2083
2051
2079
1971
2040
1997
2058
2039
2075
2009
2004
2009
2043
1989
2059
2017
1993
1994
2071
2043
2001
2003
1997
2037
1975
2061
2011
2003
2073
1997
2081
1989
2071
2011
2083
1991
1995
2073
2044
1974
2082
2007
2060
2072
1991
2108
2027
2011
2058
2046
2001
2089
2071
2055
1997
2007
2057
2003
1993
2056
1965
2035
1972
2003
2075
2017
2079
2073
1989
2003
2001
2081
2056
1959
1967
1993
2019
1987
2063
1997
2005
2022
2044
2071
2007
2083
2044
1990
1956
2084
2041
2035
2037
2044
2028
2003
1993
2037
2011
2055
2029
2015
2077
1975
2096
2011
2007
2020
2024
1971
2027
2083
1979
2076
2077
2091
1991
1971
2043
2028
1997
2075
1993
2029
2016
2009
2055
2007
2066
2105
1970
1996
2040
2047
2009
2005
1995
2082
2088
2029
2004
2084
1957
2021
2066
2030
2057
2056
2051
2024
1971
2033
2040
2027
2028
2045
1989
2061
1996
2005
2046
2025
1979
2057
2003
2045
2058
2075
2067
2057
1963
2073
2034
2009
2044
2007
2081
1969
2065
2003
2060
1975
2071
2067
2058
1996
2068
2057
2036
2036
2011
2032
2077
2059
2099
1995
2037
2021
2077
2072
2019
2099
2007
2015
2088
1993
2013
1993
2075
2011
2037
2101
2021
1975
2011
2071
2042
2027
2021
2019
2047
2012
1981
2057
2034
2003
2071
2016
2011
2065
2015
2069
2024
1995
2069
2084
2032
2037
2077
2042
2071
2075
1971
2042
1992
2069
1990
2004
2063
2043
2009
2066
1979
2019
2035
2027
2013
2039
2051
2016
2071
1987
2048
2057
1979
2041
2037
1996
2044
1990
2070
1981
2015
1979
2001
2009
2037
1993
2069
2029
1991
2069
2019
2067
2077
2090
2057
2063
1989
1964
2024
2076
2063
2041
2005
2028
2063
2069
2025
2084
2081
2056
2085
2041
2069
2007
1975
2019
1981
1982
2060
2063
2066
2074
2055
2020
2040
2059
2057
1959
2046
2006
2023
2040
2025
2068
2023
2054
2089
2001
2029
2063
2042
2041
2011
2068
1969
2016
2007
2063
2063
2071
2069
2009
2041
1995
2072
2038
2053
2003
1996
2073
2079
2027
2017
2011
2069
2025
2011
2081
2003
2066
2022
1990
2066
2015
2086
1987
2016
2075
2019
2044
2046
1971
2059
2089
2048
1984
2059
2024
2012
2079
1975
2009
2084
2041
2045
1993
2023
2036
2066
2082
1995
2018
2064
1989
2036
2107
1963
2059
2017
2009
2063
2029
2015
1995
2032
2027
2009
2042
2037
2090
2055
1988
2069
2106
1989
2041
2071
2066
2032
2043
2099
2075
2060
1993
1973
2067
1989
2009
2022
2088
1983
2009
2042
2026
2004
2022
2069
2067
2001
2074
2066
2076
2005
2073
2066
2071
2040
2007
2005
2034
2030
2077
1995
2007
2023
2063
2029
2003
1987
1996
2025
2075
1981
2059
2013
2080
1991
1979
2043
2037
1972
2075
1973
1945
2068
1971
2043
1979
2084
2067
1997
2086
1983
2019
2007
2077
2001
2043
2011
1970
2067
1965
1988
1945
2037
2069
1997
2043
2028
2071
2024
2074
2043
2057
2073
1981
1991
2071
2071
1987
1958
1967
2018
1970
1990
2055
1971
2032
1989
2033
2056
2022
2072
2040
2063
2022
2016
1979
2013
1989
2062
2013
2063
2040
1979
2072
2067
1976
2011
2082
2035
2055
2029
2011
2029
2009
1989
2075
2005
2007
2081
2081
2099
1988
2032
2005
2075
2009
2029
2023
1991
2078
2013
2039
2063
2012
2009
1967
2075
1987
2071
1989
2003
2017
2048
2039
2028
2045
1979
2008
1979
2067
2040
2072
2071
2011
2017
2095
1997
2016
2075
2067
2069
1955
2057
2029
2023
2047
2057
2045
1957
2016
2030
2043
2101
1975
2007
2066
2040