2063
1973
1997
2055
2084
2055
2085
1993
2043
2042
2081
2067
2033
2101
1967
2043
2066
2027
2047
1993
2032
1996
2032
2059
2024
2083
2016
2069
1977
1990
2041
2048
2003
2073
1965
1979
2080
2063
2003
2063
2039
2056
2044
1951
2005
2009
2023
2017
2025
2040
2019
2075
2040
2025
2085
2075
2044
2073
2048
2073
2045
1977
1992
2068
2035
2074
2006
2019
1989
2057
1979
2057
2060
2003
2056
1997
2013
2071
1989
2112
2029
2072
2001
2043
2024
2046
2019
2021
1969
2041
2071
2063
2044
1989
1967
1959
1981
2072
2060
1976
2024
1969
2035
2095
1963
2001
2036
1987
1981
2017
2093
2040
2039
2063
2027
2092
2004
2077
1975
1995
2063
1991
2067
2043
2059
2011
2048
2039
2016
2041
2029
2065
1987
2067
2056
2056
2010
1978
2039
2037
2039
1979
2065
2068
1983
2065
2041
2011
2032
1989
2023
2040
2097
2047
2024
2011
2094
1979
2051
1995
1995
1989
2048
2046
2013
2063
2072
2039
2021
2065
2001
2024
2031
2074
2025
2079
2011
2067
2027
1997
2063
2100
2087
2045
2063
2069
2028
2005
2056
1973
2055
2045
2073
2053
2071
2053
1979
2013
2033
1977
2048
2071
2059
2064
2046
2023
2005
2003
2015
2029
2079
2101
2025
1991
2076
2023
1996
2065
2066
2078
2011
2043
1990
2063
2007
1987
2041
1995
2017
1969
1984
1997
2071
2079
2069
2042
2080
2063
2039
2067
2076
1973
2053
2048
2048
2086
2008
1993
2038
1987
1967
2033
2069
2027
2048
2048
1994
2085
2083
2022
2032
2063
2046
2070
2057
2009
2053
2025
2021
2079
2057
2075
2008
1995
2005
2086
2063
1980
1992
1982
2075
1996
1957
2071
2033
2013
2041
2039
2035
1961
2009
1976
2042
1997
2037
2040
2032
2047
2006
2015
2001
2019
2063
2032
1973
2005
2075
2074
2037
1983
2079
2008
2027
1991
2028
2082
2009
2042
2037
2067
1987
1981
2038
2020
2007
2095
2024
2033
2046
1981
1971
2053
2024
2063
2040
2009
2040
1959
2027
1999
2045
1975
2027
1965
2063
2053
2023
2015
2036
2052
2018
2063
2016
2094
2017
2007
2029
2057
2009
2073
2015
2067
2040
1975
2037
2058
2039
1981
2070
2072
2013
1965
2055
2011
2068
2023
2083
2088
2023
2063
2016
2072
1963
2024
2058
1991
2053
2011
2067
2074
2056
2009
2029
2057
2017
2063
2009
2016
2048
2032
2005
2005
2017
1995
2073
2084
2037
2075
2068
2042
1982
2064
2063
2096
1989
2031
2056
1977
2073
2075
2066
2065
2079
2040
2087
1961
2057
2009
2077
1964
2022
2064
2039
1989
2041
2008
2043
2011
1989
2048
1975
2035
2030
2030
1941
2056
1991
2041
1979
2033
1965
2023
2041
2099
2040
2043
1993
2069
1991
2042
2007
2074
2029
1991
1995
2067
2076
2057
2091
1999
2027
2053
1995
2004
2035
2032
2081
2072
2013
2068
2048
2027
2036
2057
2071
2032
2017
1992
2090
2034
2029
2085
1993
2037
2041
2071
1980
2043
1989
2084
1958
2009
2007
2055
2013
2039
1979
1947
2065
2064
2027
1987
2091
2057
2036
2072
1991
2063
2037
2066
1995
2075
1995
1983
2041
1993
2091
1971
2041
2015
1980
2023
2053
2069
2035
2055
2056
2035
2015
2075
2073
2029
2063
2034
2068
2075
2034
2059
2068
1999
2023
2041
2041
2016
2043
2040
2063
2048
2055
2005
1981
2047
2041
2042
1981
2056
1980
2107
2074
2036
2059
2043
1967
2005
2017
2003
2069
2027
1983
2087
2039
1972
2057
2066
2009
2043
2037
2057
2084
2048
2088
1971
2066
1960
2073
1991
2069
2069
2076
2036
2056
2045
2023
2053
2003
2058
2011
2005
1989
2037
2072
2016
2001
1949
1991
2041
2065
2057
2030
2066
2003
1990
2068
2040
2005
2051
2045
1989
2071
2028
2065
1971
2005
2063
2063
2067
1994
2030
2010
2068
2025
2044
1977
2039
1975
2059
2065
2005
2076
2056
2027
2055
2043
2023
2067
1980
2046
2033
2063
2032
2099
1978
2063
2059
1991
2035
2048
2061
2012
2052
1987
2067
2009
2085
2036
2003
2080
2027
2063
2065
1993
1979
2063
1963
2041
2040
1953
2040
2021
2024
2083
2040
1981
2006
2064
2040
2005
2053
2015
2072
2071
2013
1989
2040
1993
2003
2080
1992
2079
2024
2016
1991
2067
2083
2029
1977
2057
1993
2013
2069
2001
1995
2005
2048
2044
2051
2005
2068
2092
2033
2076
1981
1961
2029
2013
2089
2009
2030
2037
2015
2074
2060
1989
2017
2039
2001
1989
1992
2033
2053
1971
2023
2075
2070
2042
1976
2063
2030
2043
2055
2059
2003
2060
2067
2007
1983
1973
1964
2066
2003
2030
1997
1989
2045
2024
1981
1978
2040
2063
2058
2089
1959
2056
2024
1996
2017
2063
1991
2085
1979
2063
2013
2059
2011
2082
2060
2031
2018
2108
2053
2021
2041
2024
2071
1974
2040
2016
2003
2077
2028
2008
2031
2001
1995
2105
2017
2023
1989
2089
2055
1975
2011
2056
2030
2021
2072
2003
1996
2083
2019
1982
1989
2019
2063
1975
2023
2007
2027
2081
2040
1981
2067
2059
2082
2063
2003
2048
2029
2072
2029
1959
2020
1975
2065
2060
2032
1999
2013
2080
2048
2009
2015
2067
1967
2041
2013
2063
2048
2040
2053
1989
1989
2027
2057
1983
2043
2016
2025
2029
2033
2040
2093
1979
2025
1976
2080
1997
1973
2031
2039
2013
2008
1953
2061
2059
2080
1991
1947
2032
1991
2023
2016
1977
2058
2053
2074
1991
2035
2058
2091
2006
2063
2083
2015
2025
2024
1977
2016
2025
2093
2043
2031
1956
2060
2076
1983
2040
2009
2063
2011
2015
2077
2075
1987
1989
1987
1949
2072
2055
2063
1995
2031
2073
1997
1995
2029
2047
2015
2058
2029
2063
1971
2003
2090
2072
1995
2085
2085
2011
1983
1959
1988
2038
2036
1995
1959
2052
2039
2025
1991
2075
1979
1997
2047
1980
2043
2057
1997
2024
2063
2031
2011
2015
2041
2038
2053
2008
2025
2059
1967
2030
2047
2040
2019
2075
1989
2031
2079
2025
2018
2013
1993
2037
1991
2044
2025
1992
2029
2053
1960
2066
2023
2005
2051
2055
2056
2103
2063
2009
2028
2059
1965
2075
1988
2020
2040
2045
2027
1981
2036
2058
2075
2044
1995
2069
2079
2017
2033
2017
2032
2017
2043
1973
2095
2032
1980
2070
2003
2078
2025
2001
2035
2007
2055
2062
2072
1973
1975
2063
2025
2003
2072
2023
2035
2065
2002
2041
2024
2068
2067
1989
2030
2040
2059
1993
2073
2018
1989
2086
1999
2021
2069
1995
2021
2088
2014
2027
1957
1925
2015
2057
1977
2094
2053
2063
2056
1965
2009
2031
1997
1997
2071
2007
2085
2025
2001
2071
2053
1989
2023
2019
1997
2060
2007
2075
2001
2068
2001
2020
2053
2044
1981
2039
1961
1971
2019
2071
2076
2008
2044
1988
2033
1978
2000
2055
2024
1963
2076
1990
2005
1993
2027
2043
1991
2072
2079
2017
2038
2041
2016
1983
2052
1989
2024
2059
2011
2078
2056
2015
1987
2039
2013
2071
1993
1999
2027
2044
2041
2061
2087
2045
2044
2035
2010
1995
2048
2037
2045
2018
1966
2025
2077
1989
2055
2024
2089
1959
2077
2009
1959
2066
2073
2069
2073
2044
2005
1991
2063
2057
2028
2078
2037
1987
2043
2085
2068
2011
2065
2056
2011
2065
1993
2058
2082
2033
1989
1971
2052
2001
2063
1989
2017
2028
2028
2081
2019
2078
1977
2089
2044
2040
1949
2037
2029
1997
2008
2063
1995
2051
2011
2013
2040
1983
2071
1993
2080
1983
2093
2071
2077
1988
2072
2043
2058
2032
2071
1980
1973
2039
2063
2005
1981
2069
1971
1996
2088
2083
2059
1990
2008
1957
2069
2043
2029
2011
2048
2037
2053
2017
1991
2003
2032
2071
2024
2056
2025
2088
1975
2030
2058
2045
2023
1977
2052
2023
1973
2024
1998
2080
2101
2040
2091
2001
1963
2029
1963
2004
1981
2017
2070
1991
2016
2041
1995
2063
2059
2072
2075
1991
2041
2043
2079
2029
2017
2071
1977
1979
2065
2011
2077
2001
2067
1977
2007
2093
2080
2025
2009
2076
1992
2010
2033
2072
2047
2041
2091
2037
2005
2046
2005
2039
2077
2002
2075
2077
2085
2015
2059
1995
1948
2003
2067
2069
2075
2011
2048
2083
2073
2013
2075
2048
2095
1991
2019
2061
2040
2048
2069
2097
2007
2059
1971
2063
1995
2023
2043
2005
2017
2007
2067
2024
1977
2007
2037
1996
2045
2037
2037
2019
2041
2024
2047
2031
1961
2040
2067
2037
2077
2071
2063
2063
2063
2015
2088
2051
2033
2038
2025
2015
2041
2061
2057
2072
2032
2007
2025
2095
2005
1987
2072
2063
2055
2021
2016
1969
2057
2047
1998
1957
1989
1960
2038
2089
2041
2147
2277
2318
2368
2156
1941
1584
1091
768
565
465
669
1016
1629
2201
2845
3373
3765
3922
3609
3144
2681
2399
1976
1931
1849
2103
2205
2309
2325
2413
2251
2136
1892
1593
1556
1389
1503
1575
1731
2015
2269
2439
2499
2720
2725
2621
2540
2429
2228
2029
1912
1801
1719
1820
1740
1676
1509
1407
1227
915
829
900
968
1336
1653
2272
2857
3269
3656
3752
3504
3015
2525
2085
1687
1449
1432
1463
1691
1970
2172
2339
2432
2315
2267
2147
1947
1909
1829
1811
1872
1917
2173
2195
2265
2328
2261
2195
2076
2013
1865
1809
1717
1716
1812
1884
1935
2023
1953
2026
1984
1884
1865
1733
1747
1756
1805
1864
1875
1931
2011
1999
1968
1796
1769
1705
1757
1749
1659
1692
1743
1735
1796
1821
1911
1923
1947
2072
2149
2192
2232
2147
2253
2190
2128
2096
2038
1995
2037
2091
2101
2103
2131
2025
2000
2001
2007
1949
1965
1924
2032
2096
2133
2125
2230
2115
2055
2005
1968
1843
1835
1790
1854
1819
1896
1947
1980
1900
1979
1923
1976
1996
1908
1957
1911
1967
2076
2033
2141
2120
2103
2167
2053
2135
2109
2139
2135
2140
2161
2105
2183
2205
2088
2039
2033
2004
1975
1885
1961
1999
2037
2053
2021
2097
2169
2167
2157
2165
2232
2103
2171
2106
2144
2183
2108
2122
2085
1993
2123
2095
2147
2057
2124
2112
2093
2021
2048
1933
2005
1996
2019
1943
1957
1983
2047
1991
2001
2020
1966
2002
2011
2025
1992
2024
1943
2028
2071
2077
2071
2144
2101
2185
2219
2132
2153
2227
2193
2135
2191
2117
2168
2144
2104
2123
2037
2043
1961
1992
1901
1887
1895
1902
1972
1945
1885
2077
2061
2115
2119
2115
2184
2125
2082
2076
2093
2028
1967
2025
1981
2045
2064
2060
1971
2063
1981
1975
2035
2040
2029
2063
2047
2135
2135
2168
2223
2101
2135
2137
2038
2029
2045
1982
2013
2027
2008
2035
1975
1953
2056
1939
2033
1947
2029
1966
2085
2103
2017
2151
2083
2099
2088
2099
2007
2063
2000
2037
1975
2039
1961
2005
2027
1955
2001
1961
2041
2041
2019
2083
2065
2125
2077
2111
2127
2007
2065
1993
2077
1995
2088
2023
1965
2004
2001
1963
2009
1933
2019
1932
1975
2057
2037
1989
2020
1929
2054
1973
2064
2017
2003
2077
2057
2023
2077
2075
2067
1957
2015
1979
1943
1931
2018
1947
2005
2059
2040
2063
2073
2041
2035
1978
2068
2023
2103
2021
2035
1984
1991
1980
1931
1973
1948
1982
1987
1889
1960
1944
1963
1957
1909
1965
2007
1992
2077
2019
2029
2106
2105
2089
1997
2089
2028
2044
1989
2023
2011
1997
1931
1974
2013
1995
2021
2072
2055
2078
2091
1995
2067
2007
2024
1996
2021
1980
2010
1995
2056
1925
2011
2028
1934
1949
1957
2008
2030
1995
2027
1917
2058
2085
1965
2072
2094
2053
2034
2063
2085
2037
2065
1981
2067
2067
2025
2076
2019
2051
2072
2030
2077
1995
2043
2060
2023
2055
2032
2043
2007
2067
2075
2011
2088
2079
2080
1991
2027
2071
2042
2031
2003
2039
2073
2063
2005
2059
1961
2011
2085
2057
2091
2033
2031
2069
2109
2121
2063
2036
2029
2079
2107
1991
2085
2093
2035
2067
1971
2001
2109
1977
2017
2029
2039
2027
2043
2058
2104
2003
2067
2083
2029
2056
1997
2077
2035
2045
2085
2057
2019
2053
2056
2071
1995
2076
2043
1997
2093
2091
1983
2040
1975
2031
2035
2040
1971
2016
2038
1978
2059
2056
2015
2072
2044
2046
2068
1997
2004
2024
2053
1992
1948
2013
2071
1991
2015
2078
2059
2086
2061
2063
2063
2029
1981
1965
2044
2023
2011
2025
1989
2040
2040
1945
2032
2017
2014
1977
1995
2074
1979
2043
2029
2044
1997
2044
1991
1947
1987
2023
1953
2017
2001
1917
2021
2021
1941
2024
2024
2071
2001
2040
2025
1971
2075
2069
2025
1971
2056
1972
1995
2045
1959
1993
2011
2014
2024
1967
1979
2053
2008
1979
2009
2003
2080
2008
1989
2037
2005
1989
2009
2031
2020
1999
1979
2007
2075
1988
1987
1997
2032
1992
1969
2063
2037
2023
2063
2096
1987
2063
1976
2074
2031
2071
2075
2071
2025
2058
2079
2077
2071
2012
2072
1996
2048
2066
1962
2073
2069
2067
2024
1967
1973
2048
2101
2082
2003
2088
2091
2018
2075
2111
2043
2005
2021
2039
2021
2101
2045
2047
2072
2112
2044
2043
2041
2132
2043
2089
2077
2096
2012
1965
2035
2063
2041
2072
2020
2103
2090
1993
2075
2085
2083
2043
2022
2040
2063
2073
2001
2067
1991
2025
2043
2102
2067
2009
2101
2031
2072
2067
2099
2035
2088
2063
2076
2073
2107
2013
2062
2003
2035
2029
2088
2017
2099
1987
2073
2079
2018
2102
2048
2083
2060
1982
2045
1995
2087
2071
2009
2073
2029
2020
1987
2055
1981
1995
2041
1995
2084
1963
2063
1999
1990
2045
2027
2008
2031
2033
2071
2079
1981
2076
2053
2019
2088
2021
2017
2032
2031
2025
2066
2003
2064
1993
2073
2084
1997
2066
2041
1971
2048
2005
1991
2042
1960
1963
1973
2056
2032
1995
2021
2009
1949
2026
1983
1975
2005
1956
2040
1973
1998
2023
2030
2026
2059
1992
1981
2073
1973
2063
2000
2057
2053
2007
2027
2052
1977
2056
1963
1951
1975
1964
2027
2055
2024
1981
1989
1989
1957
2037
1973
1998
2071
2057
2023
2041
1993
1993
2005
2008
1990
2063
1997
2068
1975
2039
2014
2041
2011
2059
1959
2075
1953
2057
2090
1963
2039
2023
1996
2027
1998
2016
1995
1967
2032
2005
2031
2024
1991
2005
1963
1959
1947
2023
2009
2011
2023
2063
2031
1989
1983
1981
2021
2056
1957
2053
2007
1993
1955
2043
2024
2021
2011
2009
1971
2063
1941
2020
2044
1989
2003
2085
2042
2066
1975
2057
2060
2041
2029
2029
2005
1964
2004
2009
1987
1981
2083
2068
1996
1988
2066
2054
1987
2043
2024
2076
1982
2019
1999
2039
2051
2067
2084
2106
2057
2034
1977
2041
1997
2027
2072
1997
2045
2077
2009
2006
1973
2083
1979
2055
2005
2037
2041
2079
2055
2033
2085
2027
2019
2021
2075
2103
2035
2063
2037
2019
2029
1981
2021
2013
2087
2084
2072
2077
2043
2105
2095
2087
2066
2069
2092
2108
2053
2093
2035
2097
2023
2103
2036
2071
2047
2081
2007
2042
2083
2079
1975
2044
2021
2078
2115
2003
2067
2003
2034
2015
2063
2071
2097
2029
2021
2063
2111
2005
2029
2021
2088
2038
2100
2009
2045
2091
2079
2064
2068
2089
2071
2044
2027
2035
2045
2043
2044
2056
2031
2087
2078
2027
2063
2025
2034
2020
2084
1981
2074
2023
1987
2066
2071
2021
2063
2077
2003
2063
2073
1999
2072
2011
2058
1983
2063
2057
2069
1979
1973
1973
1991
2032
2067
2045
2093
2071
2033
2055
1959
2057
2059
2093
2027
2001
2053
1993
2043
1975
2056
2022
1976
1955
2047
1967
2025
1975
1991
2039
2067
2044
2018
2007
2001
2045
1991
1977
2028
2003
2055
2075
1977
1989
2041
1963
2016
2052
1955
2022
1962
2001
1974
2001
1966
2066
1966
2023
1979
2032
2043
2020
2010
1961
1971
1989
1963
2016
2022
2007
1976
2063
1986
2027
2008
1990
2021
1989
1967
2034
1992
1978
1965
2035
1991
2023
1956
1977
1949
2038
1972
2003
2078
2073
2041
1965
2073
1965
1981
2032
2024
2032
2068
1978
1983
1975
2060
1997
2059
2063
1981
2075
2033
1993
2071
2027
1993
2063
1981
2063
1993
2029
2024
2059
2007
2067
2021
2045
1959
1990
1954
2036
2037
2089
2040
1975
2011
2053
2024
2088
1992
2056
2063
2083
2105
2053
2037
2027
2065
1993
2053
2031
2045
2007
2079
2081
2045
1993
2068
1993
2014
2024
2060
2003
2058
2013
2045
2076
2042
2075
2005
2074
1991
2072
2071
1991
2040
2041
2043
2037
2035
2057
2033
2009
2089
2012
1971
2041
2028
2073
2018
1970
2009
2077
1995
2063
2071
2063
2063
2001
2005
2024
2039
2012
2072
2017
2024
2075
1989
2061
2023
2072
2017
2040
2036
2014
2060
2076
2013
2079
2025
2031
1992
2084
2091
2023
2063
1995
2032
1997
2077
2017
1997
2068
2016
1954
2027
2045
2027
2043
2056
2093
2019
2063
1988
2068
2039
2013
2035
2045
2040
2025
1993
2062
2076
2097
2080
2084
2023
2065
2080
1988
2081
2011
1989
2003
2040
2087
2023
2075
1971
2107
2005
2073
2093
2031
2063
2079
2075
2063
2040
2096
1993
2025
2063
2043
1967
2031
2085
1981
1981
2067
2028
2062
1987
2093
2025
2056
2082
2021
2056
2043
2011
2068
2088
2053
2019
2040
2016
2071
2087
2041
2079
2094
2043
2009
2078
2008
2085
2037
1979
2034
1992
2048
2091
1975
2080
1975
2067
2039
2073
2048
2032
2025
1979
1976
2033
2044
1976
2025
2037
2060
2083
2032
2034
2061
2073
1973
2015
2060
2037
2045
2083
1980
1975
2046
1995
2025
2063
1993
2043
2068
1992
2040
1965
2031
2005
2003
2027
2082
1947
1999
2065
2011
2072
2048
2057
2016
2005
2047
2047
2033
2025
2029
1975
1967
2026
2068
1995
2045
2016
2003
2043
2035
2069
1965
2041
2087
2008
2092
1973
1960
1994
2041
2005
2071
2056
2033
2041
1998
2055
1999
2072
2066
2015
1973
2069
2083
2057
2015
2071
2024
2037
2021
1997
2019
2038
2035
2053
2036
2035
2029
2075
1961
2012
2007
2067
2090
2075
2021
2023
2077
1996
2025
2075
1959
2063
2063
1987
2067
1975
2040
1989
2065
2005
2043
2024
2071
2008
2094
2005
2071
1975
2064
2071
1989
2072
2075
2023
1967
2064
2071
2008
2023
2039
2055
2029
2003
2043
2063
2038
2041
2005
2071
2064
2009
2088
2031
2023
2048
2071
2035
1989
2009
1993
2009
1993
2057
2025
2067
2060
2083
2011
2095
2000
2062
1989
2072
2076
1980
2001
1960
2047
2083
2087
2069
1955
2045
2035
2048
2068
2056
2011
2068
1962
2035
1983
2003
2068
1989
1981
2066
2009
2063
2023
2032
2070
2008
1971
1996
1979
2025
1978
2034
2001
2043
2030
2015
2048
1976
2010
2071
2037
2053
2031
1980
2035
2039
1977
2037
2031
2065
1989
2047
2082
2016
2031
1991
2063
1992
2011
2059
2023
1971
2037
1987
2066
2056
2023
2013
2085
2019
2039
2021
1977
2043
2031
2072
1961
2071
1971
2007
2009
2074
2063
1963
2076
2046
2003
2041
1991
2043
2001
2009
2087
2003
2019
2070
2037
2009
2003
2029
2039
2016
1989
2081
2031
2076
1988
2043
2036
1977
2037
2035
2063
2023
1999
2075
1971
2072
2047
2023
2015
2059
2001
2032
1993
2068
2067
2009
2087
2012
2043
2065
2063
2009
2080
2108
2041
2090
2069
1991
2003
2071
1963
2035
2043
2013
2045
2087
2007
2083
2075
2011
2026
2080
2056
1959
2078
2085
2024
2007
2074
2016
2013
2071
2025
2089
2096
1973
2077
2085
1961
2014
2084
1996
1989
1991
2056
2075
1965
2013
2014
2096
1995
2066
2085
2029
2075
2011
2041
2063
2040
2005
2035
2021
2077
2020
2047
2091
1987
2068
1976
2029
2063
2003
2044
2009
2057
2031
1987
2067
2068
1996
1997
1997
2080
2074
2069
1975
1977
2067
2077
2011
2032
1967
2039
2017
2072
1961
2007
2063
2083
2089
2008
1995
1981
2041
2040
2063
2035
2008
2086
2007
2056
1992
1981
2057
2007
2019
2025
2055
1989
1993
2057
2001
2063
1983
2078
2018
2081
2007
1997
2042
1993
2059
2001
2063
2028
2083
1974
2058
2003
2068
2054
2044
2063
2017
2063
1971
2056
2063
2011
1979
2005
2069
1977
2088
2080
1991
1993
1976
2023
2082
1980
2040
2011
2037
1989
2066
2015
2039
2065
1995
2063
2060
2023
2071
1997
1971
1971
2062
2057
2024
2071
1991
2052
2072
2019
2015
1973
2047
2039
2033
2007
2064
2037
2007
2053
2039
2005
1995
2007
2044
1995
2074
2092
2006
1989
2027
1991
2013
1975
2016
2090
2085
2008
1969
1965
2070
2031
2031
2027
1963
2067
2047
2031
1991
2044
2044
2063
2011
2037
1993
1981
2015
2051
2004
2047
2040
1999
2063
1928
2014
1994
2021
2031
2066
2043
2024
2063
1997
2021
2013
2012
2035
2029
2074
2055
1983
2017
2045
1961
2001
1960
2025
2011
2067
2008
2070
2044
2031
2041
2055
2059
2053
2069
2025
2055
2029
2040
2001
2037
1982
2038
2063
2040
2040
2057
2025
1977
1973
2009
2007
2002
2025
1977
2027
1997
2009
2044
2019
2080
1997
1997
2076
1993
2035
2011
2020
1979
2009
2024
2089
2077
1989
2041
2066
2053
2100
2009
2023
2005
2036
2081
2089
2025
2031
2007
2019
2016
2067
2040
2057
2009
2080
2023
2065
1977
2056
2063
2019
2063
1994
1995
2094
2071
1979
2087
2025
2035
1992
2025
2079
2060
2005
2073
2021
2063
2089
2063
2077
2008
1991
1993
2026
2103
2072
1995
2017
2079
1971
2012
2008
2059
2037
2081
2087
2016
2028
2112
2119
2025
2059
2044
2066
2073
2069
2012
2015
2037
2031
2037
2068
2023
2039
2024
2047
1983
2031
2083
2015
2071
1993
2086
2094
2008
2048
2063
2007
2007
1989
2069
1998
2025
2036
2063
2041
1981
2063
2013
2001
2084
2079
2059
2024
2057
2001
1997
2088
2072
1992
2048
1989
2027
2001
2072
2053
2029
2085
2007
2023
2063
2037
2012
2057
2078
2041
2083
1981
2078
1947
2027
2019
2063
2027
2037
2091
1997
1997
2015
2037
2078
2068
1997
2053
2035
2005
2027
2048
2085
1999
2063
1977
2002
1992
2059
1973
2098
1973
2007
2071
2077
1999
2043
2038
2069
1972
1991
1989
2072
1971
2040
1999
2016
1993
2066
2054
1966
2076
2079
1998
2067
2016
2024
2029
2073
1965
2027
2023
2060
1979
2041
2021
1964
2032
2065
1999
2079
2011
2048
2067
2024
2067
2039
2003
2057
2019
1971
2057
1994
2009
2058
2016
2032
2086
2017
1995
2009
2069
1973
2039
2009
1977
2016
1991
1983
2075
2032
1989
2040
1975
2069
1981
1992
2009
2056
2036
2031
2072
2063
2012
2063
2071
1997
2043
2052
2036
2041
2024
1956
2041
1995
2075
1969
2077
1997
2033
2009
2076
2068
2019
1981
1995
2012
2071
2040
1970
2075
2017
1975
2043
2011
2045
2031
2007
2033
1975
2012
1980
1992
2023
2022
2037
2037
2064
2063
2039
2044
2076
2078
1971
2059
2027
2048
1993
1959
2025
2039
1934
1987
2041
2025
2040
2019
2032
2024
2091
1995
2032
1993
1996
2031
2037
1995
2069
2021
1983
2056
1970
1974
2071
2084
1969
2053
1987
2076
2063
1997
2032
2038
2023
2029
2077
2069
1999
1999
2083
2021
2024
2073
2035
1979
2063
1995
2055
2023
2040
1993
1999
2088
2055
2063
2060
2012
2077
2102
2004
2089
2093
1977
1997
2009
1998
2027
2079
2077
2028
2071
2035
2001
2073
2054
2084
1967
2067
2001
1991
2068
2081
1979
2029
2053
2013
2089
2041
2055
2027
2073
2071
2078
2043
2080
2043
1975
2054
2044
2020
2067
2075
1978
2053
2058
1981
2044
2065
1987
2025
1987
2039
2032
2065
1995
2032
1995
2017
2075
2011
2073
2065
2015
2066
2011
2092
2072
1983
2077
2039
2034
2037
2073
2040
1960
2068
1989
1974
2080
2043
2088
2007
2084
2069
1981
2103
2007
2017
2053
2010
2044
1996
2005
1992
2016
2057
2010
2015
2081
1980
2027
2035
2070
1982
2025
2025
2013
2043
2024
2037
1994
2077
1975
2031
2016
2048
2043
2067
2067
2032
2065
2092
2019
2041
2033
2068
2037
2029
2002
2062
2019
2082
2018
2035
1991
2087
1991
2048
1976
2003
2035
2075
2043
1980
2028
2048
2084
2005
2048
2003
2040
1992
2044
2084
1965
2043
2068
2046
1973
2047
1977
1999
2044
2045
2019
1981
1992
2067
1977
2027
2025
1983
2036
1998
2013
2003
2068
2078
1971
2067
2065
1994
1979
2057
2069
2067
2040
2057
2039
2072
2011
1994
2081
2037
2013
1987
2011
2054
1971
2055
2036
2042
1971
2019
2053
1999
2095
2019
2075
2041
2099
1979
2065
2033
2039
2063
1955
2038
1983
2078
2009
2075
2009
2066
2077
2024
2069
2089
2015
2040
2025
1979
2072
1996
2002
1981
2066
2094
1979
2036
2002
2067
2094
2048
1963
1983
1987
2047
1971
2059
2031
1976
2028
2001
2013
2073
2007
1975
2059
2041
2031
1995
2078
2001
2035
1997
2011
2037
2007
2073
2010
2073
1995
1974
2059
1997
2066
2005
1977
2072
2019
2037
2063
2029
1987
1996
2063
1957
2027
2059
2040
2067
1965
1943
2071
2001
2072
1991
2041
1965
2063
2063
2007
1995
2043
2025
1989
2093
2088
2059
2039
1955
2047
2095
2081
1977
2029
1989
2063
2004
2005
2017
2035
2083
1997
2034
2063
1987
2048
2060
1995
2023
2057
2044
1971
2039
1960
1987
2003
2001
2015
1995
2032
2059
1995
2035
2041
2009
2059
2016
2027
2089
2054
2022
2031
2008
1991
2065
2041
1989
2047
1993
2039
2060
2057
2051
1975
2051
2081
2045
2072
2044
1992
1991
2073
2027
2021
1977
2086
2025
1979
2039
1981
2063
2010
2053
2014
1993
2017
2039
2005
2039
2024
2034
2088
1997
2083
2017
2009
2009
2048
2009
2105
2003
2071
2071
1983
1965
2067
2088
2101
1980
1997
2040
2076
1997
1965
1993
2103
2026
1981
2081
2072
2007
2025
2003
2041
2059
2078
2089
1980
2063
1976
1993
2009
2076
2063
1980
2028
1989
2086
2093
2084
2025
2059
2083
1991
2083
2028
2047
2080
1973
2025
2067
1997
2036
1995
2073
2007
1950
2048
2086
2011
2064
1993
2037
2044
2067
1979
2046
2055
1977
2043
2007
2079
2071
2076
2013
2040
2036
2009
2099
1973
2065
2009
2013
2075
2043
2067
2045
1965
2079
2073
2015
2055
2107
1993
2003
2071
2013
2026
2025
2059
2016
2071
2063
1994
2074
1975
2073
2088
2023
2051
1975
1977
2033
1981
2093
2021
2007
2073
2043
1991
2072
2071
1973
1992
2076
2071
2075
1978
2040
1981
2044
2017
2008
2068
1981
2056
2063
2069
2059
2015
2053
2005
2053
1965
2027
1999
2075
2041
2048
2102
2019
1961
1989
2037
2011
2057
2037
2065
2067
2089
1997
2040
2004
2016
2027
2039
1989
2075
2013
2021
2033
2024
1995
2085
2090
2038
1972
2048
2059
2063
2013
2065
1989
2029
2044
2027
2031
2031
2015
2053
1989
1977
2056
1989
2009
2088
2002
1979
2040
2073
2011
1961
1972
2005
2039
2032
2007
1989
1993
2028
2003
2055
2077
2063
2009
2027
2011
2041
2016
2013
2057
2073
2015
2009
2005
2077
1995
1991
2039
1984
1996
2041
2071
2051
2024
2002
2039
1957
2038
2079
2075
1992
2091
2037
2022
2011
2083
2070
1993
2013
2041
1993
2053
2011
2067
2110
2005
2007
2038
2025
1970
2017
1995
2039
2066
2041
2011
2085
2059
2041
1977
2078
2024
2079
2043
1998
2073
2011
1979
2034
1967
2041
1993
2053
1999
2057
2074
2041
1995
2017
2019
2048
2053
2093
2060
2086
2099
2035
1988
2065
2074
2021
2056
1991
2065
2042
2053
1991
2069
2011
2007
2091
2016
2024
2005
2071
2089
2023
2087
2039
1972
2027
1979
2043
2096
1975
2083
1973
2071
2068
2060
1999
2036
1964
2037
2025
2040
1967
1993
1989
1979
2060
1995
2072
2003
2076
2091
2012
2019
2007
2011
2040
1979
2074
2008
2027
2033
1964
1973
2063
1967
1995
2060
1995
1987
2067
2040
2071
2080
2091
1993
2031
2040
2022
2068
2011
2083
2083
2072
2101
1999
2059
1991
2055
2053
1966
2025
2063
1960
2016
1981
1981
2044
1979
2017
2083
2067
2042
2011
2077
2044
2031
1964
1961
2005
2011
2063
2035
2013
1981
2083
2063
2033
2068
2096
2019
2066
2091
2006
2059
2025
2046
2055
1989
1979
2057
2021
2089
2092
2007
2067
2025
2045
2032
2027
1963
2058
2023
1975
2029
2012
2031
2065
2031
2008
2076
2052
1977
2072
2047
1991
2023
1963
1997
2087
2007
2058
2059
2075
1990
2072
2095
2086
2003
2055
1957
2063
2043
1995
2023
2039
2025
1995
2068
2024
1990
2072
2070
1991
2053
2023
2011
2043
2040
2027
1995
2065
2001
2045
1964
2046
2069
2043
2019
1975
2037
1989
2040
1979
2075
1995
1987
1991
2059
2039
2056
2056
2009
2029
2058
2078
2040
1981
1957
2069
2023
2058
2037
2041
2077
2056
2011
2081
2063
2069
1973
2015
1961
1973
2011
2015
2015
2011
2077
1995
2041
1983
1989
2044
2075
2001
2048
1965
2017
2017
2069
1997
2075
2028
2003
1997
2021
1989
1979
2029
2055
1976
2081
2072
1963
2053
2030
2078
2089
2035
2044
1993
1975
1971
1971
1993
2067
2016
2001
2009
2020
2075
2009
1989
2032
2075
2055
1992
2068
2098
2012
2063
1967
2027
2063
2041
2008
2087
1993
1996
2057
2055
2075
1981
2019
1994
2023
2069
2026
2072
1974
2023
2039
2027
2021
1965
2071
1948
2062
1977
2021
2065
2031
2033
1963
1973
2079
2063
1963
2088
2029
2007
2085
2039
1959
2001
2028
2040
2039
2099
2083
1977
2071
2087
2008
2037
2044
2041
2007
2039
2081
2008
2056
2029
2034
2036
2025
2008
2025
2074
2024
2056
1991
2039
2001
1989
2060
2003
1957
2008
1978
2044
2005
2060
1987
2029
2067
2036
2027
1992
2040
2043
2043
2005
2063
2009
2020
2057
1964
2028
1989
2073
2083
2026
1981
1993
2075
2023
2086
2016
2039
2063
2002
2014
2043
1965
2055
2090
2017
2032
2043
2054
1971
2063
2024
1973
2051
1981
1992
2065
2016
2031
2033
2063
2032
2056
2025
2058
2037
2093
2025
1979
2069
1979
2003
2039
2071
2092
1979
1992
2060
2032
2043
2053
2005
2072
2007
2063
2028
2033
2013
1989
2092
1991
2059
1950
2005
2075
2087
1993
1960
2093
2045
2008
2068
1987
2044
2030
2035
2007
2057
2072
1976
2053
1989
1973
2070
2101
2083
2047
2016
2004
2044
2085
2007
2085
1969
2067
1965
1967
2063
1953
2003
2058
2052
2017
2005
2065
2005
2045
2031
1993
1982
1976
2001
2059
2033
1991
2053
2023
1995
2025
2047
2007
2063
2044
2048
2059
2075
1973
2065
2063
2042
2009
2013
2076
2057
2086
2043
1995
2023
2076
2079
2033
2007
2013
2064
2063
2002
2073
1961
2063
2077
2083
2011
2027
2094
2022
2083
2077
2020
2083
2077
2074
2082
1982
2027
2041
2069
2020
2026
2084
2013
2012
2055
2003
1989
2029
2005
1982
2057
2088
2001
2005
2067
2005
2048
2040
2001
2084
1991
2063
2020
2024
2054
2097
1957
2017
2002
2066
2066
2005
2079
1946
2009
2023
2028
2033
2020
2081
2072
1975
2033
1977
2047
2076
1987
2065
2039
2058
2052
1987
2077
2005
2055
2015
1973
1953
1989
2072
2048
2063
2066
2072
1985
2065
2099
2032
2003
2013
2063
2001
2068
2003
2057
2011
2045
2037
2026
2020
2102
2029
2006
1979
1989
1989
2040
2071
1981
2083
2076
2005
2053
2030
2003
2002
2016
2083
1973
2034
1995
2017
2029
2074
2056
2028
1976
2025
2067
2005
2036
2093
2026
2024
2060
2065
2044
1947
1993
2071
1987
2031
2068
2043
2055
2104
2007
2069
1979
2007
2057
2009
2029
1967
2076
2059
2021
2054
2076
2059
2067
1975
2057
1993
2021
2083
1971
1993
2043
2055
2009
2086
1991
2063
1965
2068
2009
2065
2048
2037
2084
1988
1991
2041
2060
1990
2023
2005
1969
2034
1993
2017
1983
2072
2024
1998
2074
2053
2032
1939
2023
2081
2092
2007
1997
1992
2043
2051
2032
2024
2055
1965
2084
2037
2069
1999
2056
2075
2079
1996
1971
2062
2086
1961
2023
2025
1969
2063
1991
2019
1991
2063
1976
1977
1945
2043
2037
2043
2035
2045
2043
2033
2007
2079
1989
2067
2048
2045
2071
1963
2073
1991
1995
2069
2045
2055
2045
2084
1980
2068
2019
2039
1971
1980
2090
2011
2028
2011
2091
2095
2035
2035
1993
2005
2073
2071
2059
1993
2063
1991
2057
2057
2055
1955
2041
2079
2060
2073
2013
2065
1991
2077
2092
2063
2018
2025
2090
2063
2029
2099
2076
2009
2042
1979
2059
2011
1995
2045
2064
1977
2057
2053
1989
2064
2012
1977
2078
1977
1994
2039
2017
2087
2076
2055
2023
2031
1979
2003
2080
1993
2066
2033
2045
2045
2037
2028
2028
1995
2055
1976
2069
2071
2013
1973
1993
2062
2001
2038
2066
2021
1995
2077
2029
2064
2023
2057
2014
1959
1987
2028
2025
2077
2094
2039
2094
1995
2066
2027
2069
1994
2031
2032
2052
2021
1993
2032
2028
2073
1993
1977
2025
2007
2078
2072
2032
2027
2053
2032
2091
2027
2040
1989
2016
1995
2017
2003
2044
2043
2065
1989
2037
2016
2036
2065
1989
2045
2048
1991
1977
2031
2019
2025
2043
1997
1995
2011
2067
2062
2031
2041
2056
2007
2001
2055
2031
2038
2058
2027
2039
2075
2039
2084
2069
1991
2075
1950
2043
2019
2063
2071
1971
2071
1993
2039
1973
2101
2058
2016
2068
1997
2055
2063
2042
1993
1989
2031
2063
2025
2068
2032
1973
2066
2003
2073
1998
2054
1977
2031
2075
2039
1987
2068
2039
2044
1973
2088
1987
2016
1978
2069
2057
2056
2059
1993
2061
2040
2089
2041
2063
2007
2051
2064
2008
1997
1967
2065
2001
2083
1981
2028
2055
2001
2088
2053
2057
2059
1971
2091
2055
2035
2019
2083
2087
2014
2007
2003
2035
2031
2033
2005
2013
2019
2055
2047
2005
2037
2067
2028
2071
2001
2005
2040
2029
1991
2067
1991
2040
2071
2013
2059
2060
2068
1979
2041
2057
2032
2001
2040
1993
2062
2043
2001
2081
1971
2039
2044
2040
1971
2075
2008
2040
2032
2067
1980
2063
2066
2063
1963
2071
2025
1951
2032
2016
2069
2035
1995
2065
1960
2048
2065
1996
2027
2075
1971
1996
2073
1993
1979
2083
2011
2058
2005
2021
2021
2043
1989
2040
2032
2027
2017
2011
2044
2023
2063
1989
2069
2077
2041
2091
2039
1971
2042
2005
2057
2043
2042
2072
1989
2072
2095
2007
1969
1993
2076
2015
1981
2033
2063
2075
2081
2059
1979
1995
2057
2063
2004
2005
2080
2019
2063
2042
2083
2077
2020
2007
1981
2001
2063
2013
2037
2059
1981
1983
2055
2039
2089
2013
1965
2043
2071
1973
2039
2017
2071
1943
2065
2071
2071
1987
2069
1988
2040
2072
1993
2048
2077
2032
1971
1988
2089
1992
2027
2065
2013
2003
1981
2055
2057
1977
1994
2070
1963
1979
2071
2034
2007
2037
2093
1992
2043
2024
2069
2083
1997
2036
1989
1945
2043
2001
2006
2067
2003
2041
1975
2017
1975
2090
2012
2075
2007
2076
2059
1979
1995
1973
2069
1989
2077
2083
2040
2069
2045
1980
2063
2073
1993
1955
1997
2042
2045
2017
2077
2005
2063
2056
2085
2038
2100
1987
2081
1980
2061
2067
1989
2055
1973
2040
2003
2040
2041
2071
2035
2072
2042
2076
2071
2068
2083
2071
2063
2003
2057
2021
1967
2041
2069
2065
2072
2035
2075
1981
2078
2037
2025
1992
2025
2007
2056
2021
2067
2024
1989
2063
2003
2019
2069
2069
1991
2015
1993
2055
2021
2046
2044
1965
2080
2034
2056
2021
2031
1963
2022
2071
2043
2055
2053
2055
2063
2007
2065
2051
2032
1977
1991
2033
2011
2081
2079
2023
2076
2048
2009
2003
2079
2063
2020
1993
1963
2048
2062
2017
2061
2040
2031
2079
2003
2024
2001
2048
2029
2015
2075
2055
2065
2040
1989
2010
2036
1967
2071
2071
2009
2025
1997
2041
2021
2058
2082
1989
2040
2056
1980
2079
2085
1965
2091
2069
2026
2081
2066
2058
1994
2013
2057
1973
2068
2075
2029
2024
2063
1971
2055
1955
2065
2071
1976
2043
1989
2040
1979
2077
1991
2016
2053
2060
2058
2067
1991
2075
2092
1987
2029
1987
2045
2023
2081
2075
1997
2080
2075
2027
1954
1979
2061
2003
1997
1987
2060
2091
1981
2031
1987
2032
2013
2067
2021
2037
2035
2026
2032
1977
2065
2056
2005
2046
2075
2040
2021
2004
2065
2003
2002
2075
2057
2047
2037
2086
2066
2026
2063
1971
1959
2016
2001
2040
1991
2067
2017
2071
1997
2077
2037
2041
2067
2039
2067
2016
2068
1993
2071
2040
2017
2071
2087
2040
2067
2059
2068
2043
1988
1957
2082
1999
2014
2005
1995
2073
2063
2095
2039
2053
1972
2068
2065
1953
2091
2075
1992
2051
2011
2027
2038
2085
2067
2063
2023
2074
2022
2055
2092
2016
2019
2051
2082
2007
1974
2056
2052
2071
2073
2039
2073
1989
1990
2065
1999
2043
2086
2063
2045
2012
2072
2083
2011
2085
2026
2056
2039
2063
2005
2059
2017
2063
2086
1979
2035
2016
2032
2078
2089
2004
2048
2038
2056
2045
2035
1995
2007
1962
1965
2047
2063
1995
2090
2044
1991
1977
2039
1991
2071
2045
2003
2063
2115
2067
2003
2069
2007
1982
2076
2042
2077
2069
2061
2028
1997
2043
2024
2073
2077
1987
2047
2039
2073
1991
2057
1995
2097
2038
2065
1989
2047
1990
2017
2029
2029
1977
2100
2070
2021
2071
2083
1975
2065
1955
1989
2044
2065
1963
2025
2005
2003
2017
2068
2048
2085
2085
1989
2074
2001
2063
2088
1989
1977
1993
1971
2068
2035
2021
2071
2063
2024
2067
2039
2077
1989
2009
2078
2054
2069
2019
2011
2048
2096
2053
1995
2023
2014
2027
1981
2067
1971
2029
2072
1971
2041
1965
2020
2055
1959
2024
2009
1981
2058
2071
2024
1975
2063
2065
1975
2041
2024
1959
1989
1999
1967
1997
2087
2063
2032
2063
2039
2067
2032
2067
2059
2046
2067
2072
1977
1989
2058
2043
2025
1979
2067
2001
1973
2069
1973
2080
2053
2068
2044
2012
2043
2041
2033
2037
2015
2055
1996
2012
2011
2063
2066
2016
2065
2083
1991
2013
2065
2002
2024
2066
1987
2011
1993
2007
2035
2005
2034
2031
1979
1957
1991
1963
2017
2063
2031
2093
1977
2040
2027
2039
2035
1993
1995
2043
2078
2077
2009
2063
1983
2041
2006
1995
2037
1965
2008
2065
2045
1998
2071
2024
1973
2029
1981
2071
2078
1993
1963
2048
2029
1990
2055
2003
2035
2013
2011
2038
2043
2057
2089
1997
2073
2068
2057
2082
2007
1993
2032
2019
2067
1979
1977
2063
2027
2023
2035
2027
2067
2032
2039
2059
2017
2024
2019
2029
2040
2065
1975
1995
2068
2011
2063
2084
2071
1993
2037
2068
2021
1997
2053
1963
2063
2072
1979
1979
1979
2083
1987
2082
1994
2030
2039
2031
1987
1963
2027
1972
2069
1987
2048
2007
1975
2032
2098
2072
2021
2067
2084
2029
2005
2075
2037
2019
2053
2083
2047
2101
1987
1976
1958
2048
2037
2044
2044
2056
2053
2045
1997
2005
2048
2011
2055
2063
2065
2066
1998
2023
2063
2040
2091
1979
2039
2047
1993
2072
2038
2013
2075
2048
2043
2011
2048
2022
2009
2072
2040
2054
2087
2019
2013
2043
2077
2071
2048
2072
2056
1971
2038
2024
2067
2069
2037
2072
2035
2060
2053
1975
2007
2071
2045
2023
1977
2068
2027
2079
1981
2003
2007
2078
2069
2027
2067
2001
2057
1990
2007
2047
2011
2001
2040
2090
2092
2006
1995
1997
2063
2023
2035
1983
1979
1971
2072
2057
2088
2011
2091
2072
2085
2063
1979
2029
2065
2048
2026
1972
2071
1987
2008
2026
2055
2079
1971
2016
2077
2013
2035
2055
2016
1977
2074
1993
2069
2088
2035
2055
1981
2056
2019
1988
2065
2027
2060
2025
2011
2017
1971
2066
2093
1965
2041
2064
1993
2061
2037
2039
2055
2074
2001
2065
2075
2033
2027
2059
1973
1981
2072
1965
2032
2089
2009
2005
2085
2033
2053
1975
2059
2063
1995
2083
1977
2056
2073
2037
2037
2067
2063
2003
2029
2013
2063
2009
2064
2018
2068
2051
2025
1997
2043
2041
2002
1983
2059
2043
2007
2057
2021
2037
2025
2072
2068
1981
2095
2024
2019
2037
1973
1975
2009
2065
2059
2037
2076
2003
2063
1965
2031
2017
2080
2001
2095
1991
2089
1999
2023
2069
2038
2028
2013
2073
2048
1973
2025
2057
2057
2019
2043
2005
2013
2013
1949
2043
2048
2029
2001
2082
2029
1967
2003
2040
1979
2063
2014
1991
2063
2027
2023
1945
2080
2076
2083
2032
2085
2045
2085
1971
2029
2045
2039
1991
2075
2075
2066
1976
2063
2087
2073
2060
2045
1963
1965
2083
2023
2062
2029
2039
2078
2037
2016
2039
2055
2011
2041
2043
1991
2060
1994
1992
2037
1989
2016
2079
2066
2060
2059
1991
2019
2032
1973
2025
2031
2057
1971
2067
2003
2007
2017
2041
2019
2048
2087
2007
2056
2081
1995
2032
1989
2073
2055
2040
1967
2067
2055
2073
2024
1977
2072
2012
2009
2058
1979
2008
2059
2078
2069
1991
2076
2008
2016
2063
2039
1989
2071
2071
2014
2069
2024
2015
2007
2087
2007
2027
1993
1977
1971
2044
1966
2044
2086
2003
2048
2007
2019
1994
1995
2004
1973
2032
2057
1981
2032
2047
2002
1979
2084
2030
2003
1990
2031
2043
1979
2060
2099
1991
1973
2095
2017
1989
1973
2002
2032
2037
2076
2014
2043
2099
2075
2045
2039
2078
2019
2068
1977
1982
2039
2040
1965
2080
2017
2005
1991
2083
2073
1979
1991
2001
2056
2009
2040
2088
2013
2081
2085
2029
2035
2075
1949
2001
2039
1984
2039
2083
2103
2008
1973
2020
2063
1970
2047
2074
2063
2007
1983
2013
2036
2001
2035
2001
2044
1989
1963
1997
2062
1967
2071
2075
1975
1995
2080
2058
2048
2038
1947
2009
2021
1987
2108
2033
2043
2081
2083
2037
2059
1975
2072
2003
2093
2042
2087
2029
2047
2057
1997
2028
2066
2083
2075
1989
2040
2013
1975
2063
2089
2065
2089
2064
2029
2023
2056
2064
2037
2056
2039
1991
2012
2066
2081
2024
2013
2029
2040
2003
2025
2053
2024
1947
2056
2041
2053
1997
2085
2032
2001
2035
2078
2047
2083
2039
2060
2031
2067
1981
2003
2025
2077
2036
2099
2100
2105
2007
2069
1976
1971
2013
2001
1961
2042
2031
2011
2056
1993
2031
2053
2036
2055
2029
2063
2068
2031
2003
2043
2057
2012
2017
2063
2025
2068
2071
1971
2023
2048
2015
2074
2074
2051
2009
2077
2023
2064
1977
2074
2039
2039
2063
2056
2082
2024
2079
2045
2087
1992
2031
2063
2069
1998
2067
2001
1992
2068
1993
2036
2089
2024
1971
2083
2013
1963
2035
2024
2013
1967
2061
2001
2072
2105
2066
2011
2091
2021
2057
2063
2003
2007
2065
2019
2012
1991
2041
1967
1991
2081
1997
2055
2032
1981
2066
2053
2017
2025
2007
1963
1995
1961
2043
2045
2086
1981
1991
2024
2036
2060
2056
2043
2039
2053
2029
2047
2055
1981
2073
2109
2060
2037
2078
2043
2025
2009
2042
1977
2059
2009
2087
2085
2076
2060
1977
2073
2057
2004
2074
2019
1977
2031
1965
2035
1953
2043
2039
2085
2079
2009
2063
2053
2055
2032
2069
2011
2043
1989
1971
2063
2071
1993
2075
2065
1993
2072
2063
2029
2027
2033
2027
2003
2091
2029
1981
1981
2025
2039
2053
1981
1980
2048
2087
2055
2056
2028
2020
2037
1989
2084
2035
2060
2001
2005
2044
1997
2053
2041
2056
2040
2075
2001
2045
1975
1979
2069
1987
2073
2065
2007
2052
2010
1997
2069
2059
1997
2023
1980
2036
2073
1989
2047
2053
2027
2007
2023
2083
2029
2056
2020
2009
2037
2097
2074
2007
2041
2040
1957
2077
2029
2001
2088
2071
2040
2027
2069
2016
2073
2011
2067
2024
2025
2021
2067
2007
1977
2013
2067
2019
2076
2035
2047
1989
2056
2023
2071
2060
2004
2083
2069
2017
2076
2088
1995
2044
2063
2031
2019
1997
2087
2075
2029
2016
1983
2059
2008
2043
1983
1996
2075
2068
2096
2080
2041
2055
2055
2047
2060
2001
2035
2013
2040
2101
2027
2057
2011
1993
2046
1991
2008
2011
2076
2040
2075
2015
2067
2059
1980
2055
1974
2001
2013
2066
2023
2075
2075
2025
2013
2016
1950
2044
2032
2057
1982
2015
2080
1980
2017
2058
1961
1961
2063
1981
2019
2013
2013
2036
2013
2063
2037
2093
2031
2047
2015
2057
2007
2073
2063
1995
2040
2003
1982
2007
2059
2041
2015
1979
2043
2007
2048
1979
2045
1989
2071
1991
1963
2063
2065
2073
2013
2067
1967
2015
2043
2053
1997
2051
1997
2014
2072
2041
2065
2087
1967
2040
2023
2038
2035
2036
2011
2041
1976
1991
2021
2009
2101
2063
2013
2069
2057
2017
2021
2060
1977
2059
2005
2034
2085
2013
2063
2047
1973
1995
1981
2063
2083
2040
1959
2027
2072
2031
2039
2096
1981
2078
2075
2003
2048
2021
1993
2034
2008
1997
2003
2059
1959
2028
2052
2059
2055
2007
2045
2051
2033
2067
2009
2065
2026
2065
2020
2011
2018
2082
2074
2038
2019
2008
2055
1989
1992
2073
2043
2019
2002
1996
2009
2065
1991
2019
1995
2045
2083
2009
1997
2072
2073
1973
2063
2092
2039
2025
1993
2089
2068
2076
2001
2069
2072
2034
2038
2079
2015
2043
2025
2032
2098
1995
1955
2027
2041
2087
2094
2041
2032
1976
2068
2081
2043
2084
2029
1997
1989
2087
1980
2021
2037
2025
2025
2063
2100
2013
2040
2069
2005
2063
2056
2065
2042
2069
2041
1957
2053
2076
2023
1991
2072
2023
2063
2008
1960
1959
2057
1997
1971
2069
2063
2005
2048
2011
2019
1979
2023
2020
1973
2007
2037
2009
2075
2063
2059
2075
2088
2001
2027
1981
2075
1997
2068
1995
2007
2061
2076
1960
2037
2031
2019
2007
2071
2037
2029
2040
2094
1955
2016
2073
1966
2002
1991
2021
2035
2084
2005
2083
2048
2075
2083
2002
1975
2040
2007
2037
2051
1977
2075
2027
2055
2072
2005
2059
1969
2030
2051
2045
1976
2023
2087
2057
2024
2020
2053
1971
1979
2046
1979
2086
1967
2009
2040
2007
2029
2041
2075
2029
1991
2047
2027
2039
1970
2057
2022
2007
2089
2075
1963
2013
2071
2083
1990
2023
1971
1951
2059
2082
2081
1982
2067
1977
1987
2087
2013
1987
2040
1975
2069
2014
2066
2055
2087
2023
1995
2017
2039
1981
2063
1983
1997
2077
1965
2031
2067
1997
2054
1965
2056
2033
1979
2035
2043
2039
2085
2074
2044
2031
1979
2047
1987
2033
2035
2075
1974
2069
2059
2005
2071
2086
2067
1970
2040
2085
2008
2040
1967
2065
2006
2041
2019
2067
2037
1997
2068
1965
2003
2051
2021
2063
2005
2056
2007
2035
2063
2007
2117
2058
2072
2075
2035
2071
2048
2005
2013
2030
1960
2056
1993
2023
2001
1995
2063
1989
2053
2071
2075
2071
2007
2055
2039
1969
1982
2008
2029
1981
2059
2021
2017
1967
2091
2007
1957
2068
2043
2001
1988
2072
1983
1993
2039
1997
2038
2037
2071
1992
2007
2029
2079
2059
2003
2072
2077
2077
1978
2093
2069
2040
1979
2043
1953
2057
2063
2040
2076
2073
2045
2085
2075
1978
2059
2023
2071
2068
2063
1971
2039
2063
2047
2073
2087
2085
2084
1990
2029
1963
2074
2017
2055
2013
1974
2020
2043
2015
2033
2065
2004
1989
2079
2085
2042
2063
2016
2029
2043
1987
2029
2053
2083
2084
2089
2025
2063
2008
2024
2065
1992
2089
1965
2002
2029
2070
2001
2039
2055
2067
2031
1970
2088
1997
1963
2041
1997
2024
2016
1973
2032
2015
1982
2021
2060
2056
2013
2069
2011
2013
2076
2063
2013
2085
1989
2042
2025
1969
2101
1997
2063
2067
2083
2017
2089
2077
1979
2030
2076
2060
1975
1989
2039
2055
2034
1979
1963
2043
2071
2079
2054
2007
2082
2037
2004
2072
2071
2020
2008
1977
1971
2043
2031
2011
2030
2021
2029
1995
2016
2055
2007
2036
2027
2080
2079
2041
1975
2025
2019
2063
2075
1979
2073
2039
1995
2015
2053
1975
1987
2021
2023
1999
1981
2080
2017
2052
2011
2019
2063
2067
2031
2065
2038
2035
2035
2056
2060
2004
2071
2078
2068
1973
2055
1965
2001
2030
1991
2045
2083
2013
2068
2051
1989
2075
2078
2026
2063
2028
2063
2011
2003
2056
1967
2024
2043
1977
2080
1967
2003
2028
2069
2016
2021
2075
2027
1965
2035
2015
2075
2089
2065
2023
2055
2081
1975
2068
2015
2041
2042
2016
2067
2073
2001
2013
2075
2040
2072
2093
2089
2069
1995
2063
2075
2043
2063
2036
2035
2032
2023
1973
1971
1989
2053
2003
2065
1972
2039
2024
2087
1995
2017
2071
1995
2072
2067
1979
2035
2099
2063
2053
2018
2063
1992
2028
2077
1975
2055
2048
2017
2013
2045
2021
2077
1974
2024
2021
2083
2078
1993
2043
1984
2039
1957
2095
2071
2041
2063
2058
1993
2063
2071
2068
2005
2068
2047
2083
1997
2039
2075
1989
2089
2058
2013
2037
1971
1999
2039
2071
2029
2046
2019
2019
2043
1994
2055
1977
1954
1981
2057
2067
1981
2043
2093
2083
2005
2059
2027
2013
2039
2039
2039
2005
2017
2007
2071
2027
2063
2063
2043
2088
2073
2001
2029
2043
2088
1979
2063
1955
2057
2074
2089
2032
2025
2063
1977
2023
1995
2080
2009
2068
1991
2081
2029
20651981
2003
2029
2078
2009
1987
2043
2032
2003
1995
2068
2003
2016
2008
2067
2056
2021
2075
2025
2040
2085
2072
2027
2059
2013
2031
2059
1981
2033
2011
2069
1992
2015
2071
2057
1991
2037
2024
2018
2035
1977
2013
2076
2040
1997
2040
2003
2003
1987
1991
2063
2001
2073
2033
2101
2041
2007
2027
1995
2021
2067
1995
2025
2080
2029
2073
2075
1994
2030
2045
2031
2083
2053
2052
2001
2036
2008
2006
2056
1996
2044
2048
2003
2032
2039
2080
2089
2059
2008
1944
2044
2072
2071
2063
2073
2065
1977
1960
2063
2053
2039
2039
1981
2073
2040
2076
1979
2067
2073
2005
2019
1991
2086
2064
2067
2001
2080
2007
2073
2033
2056
2023
2035
2092
1975
2015
2073
2085
2055
2016
2071
2063
1995
2071
2027
1981
2079
2044
1991
2015
1979
2023
2056
2085
2021
2069
1963
2031
2085
2067
2071
1981
2008
2065
1975
2013
2031
2019
1954
2065
2057
2054
2022
2078
1995
2072
2067
2083
2068
1987
2019
2022
2045
2003
2076
2065
2046
2043
2072
2007
2057
2035
2076
1993
2078
2045
2078
2009
2057
2040
2043
1975
2041
1973
1987
2029
1967
2100
1992
2057
1991
2064
2067
2045
2072
2017
2015
2058
2063
1997
2022
1991
2054
1973
2063
2084
2104
2024
2087
2032
1999
2044
1961
1998
2063
2077
2063
2011
2073
2001
2040
1974
2055
2001
2087
2019
2055
2033
2003
2029
2024
2078
2019
2040
2033
2080
2011
2011
2012
1993
2029
2047
1995
2013
1991
1971
2069
1967
2007
2005
2063
2015
2001
2042
2013
1983
1977
2010
2024
2065
2080
1979
1976
2041
2027
1987
2018
2053
1981
1991
2089
2011
2025
2040
2035
2019
2031
2040
1993
2021
2017
2065
1977
2076
2069
1971
2035
2011
2068
2013
2075
1995
2071
2085
2005
2043
1981
1991
2084
2021
2045
1993
1957
2027
2071
2080
1971
2089
2068
2007
2043
2009
2043
2036
2060
2037
2043
2060
2093
2016
2014
1983
2015
2040
2072
1979
1981
1976
2057
1991
2016
2052
1995
1995
1995
2073
2038
2011
2011
2043
2078
2016
2068
2028
2065
1995
2023
2067
2023
1975
1971
2053
2025
1987
1995
2056
2035
2011
2040
1996
1986
2059
2023
2063
2072
2008
2041
1953
2066
1977
2069
2063
2025
2085
2051
2078
2076
2069
2039
2085
2064
1975
2006
2067
1979
2010
2003
2076
1989
2005
2041
2084
2057
1965
2035
2037
2009
2037
1999
2021
2092
2067
1989
2013
2075
2007
1981
2064
2045
2073
1971
2043
2005
2025
2085
2039
2015
2086
2074
2034
1977
2068
1979
1953
2063
2077
2012
2020
2003
2012
2067
2039
2044
2027
2071
2092
2101
2020
2035
1991
2032
2021
2053
2031
2084
1989
2087
2057
2068
2067
2074
2059
2076
1992
2069
2056
2007
2067
1991
2023
2027
1993
2010
2073
1965
1981
2040
2105
2080
2005
2025
2033
2071
1979
2025
2019
1976
2009
2076
2080
2016
2057
1982
2032
2043
2047
2055
2040
2011
2007
2076
2077
1975
2047
2011
1987
2023
2080
1963
2028
2027
2003
2019
2065
1995
2031
1991
2017
2027
2075
2067
1971
2040
2080
1991
2063
2013
2043
2023
2021
1979
2027
2031
2043
1979
2043
2066
2071
2037
2011
2007
2072
2043
2063
1980
1999
1974
1971
2048
2021
2037
1960
2085
2087
1961
2032
2063
2056
1981
2029
2005
2031
2089
2063
2020
2067
2019
2016
1983
2077
2038
1965
1969
2009
2063
2069
2063
1989
2057
1977
2063
2021
2015
2023
2095
1992
1975
2009
2029
2015
2101
2021
2067
2064
2092
2059
2078
1976
2021
2039
1987
2087
1955
2055
2087
2003
2068
1967
2023
1991
2067
2010
2040
1976
2041
2099
2001
2043
2016
2071
2027
2040
2019
1998
2047
2005
2035
2088
1975
2056
2029
2025
2020
2017
2063
2003
2071
2039
1995
2079
2042
1989
2053
1977
2087
2082
2016
2001
2021
2083
1995
2048
2064
2015
2048
2063
2063
2068
2034
2017
2048
2063
2087
2063
2019
2038
2007
2063
1977
2040
1989
1979
2059
1981
2031
2063
1975
1983
2055
2089
2001
2055
2015
1974
1963
2056
2009
2076
2101
2007
2053
1979
2003
2068
2071
1991
2063
2059
2055
1980
2071
1954
2053
2035
2003
2067
2063
2005
2013
2073
1997
2064
2029
2087
2013
1963
2014
2067
2041
2053
2067
2041
1989
2060
2052
1998
2054
1981
2084
2079
2009
2003
1979
2074
2035
2021
2031
2056
2080
2011
2060
1965
2058
2067
2003
2016
1995
1993
1970
2063
2060
2023
2064
1973
2069
2011
1987
2075
2009
2019
2003
2009
2035
2076
1991
2017
2089
2071
2024
1960
2052
1999
2027
2056
1977
2063
2009
2073
2038
2048
2101
1991
2057
2062
2075
2085
2077
2060
2023
2077
1997
2056
2009
2027
2028
2013
2063
2020
1998
2005
2076
2019
2067
2073
1979
2063
2060
1994
2067
2053
1992
2033
2002
2005
2009
2071
2073
1975
2072
2067
2068
2059
2032
2058
2059
2015
1982
2019
2073
2024
2079
2005
1975
1976
2074
2003
2081
1977
2047
2016
2075
2001
2072
2013
2041
2048
2073
2086
2001
1981
2023
2009
2019
2057
1991
2023
2055
2055
2078
2075
2072
2075
2015
1956
1966
2048
2020
2039
1975
2073
1997
1997
2027
2075
1999
2037
2003
2064
2069
2001
2055
2088
1981
1995
1981
2015
1965
2005
2040
1990
2030
2021
2040
1947
2013
2080
2043
1979
2024
2065
2089
2073
2003
2045
1993
1988
2075
2011
2041
2015
2017
2066
2043
2071
2001
2025
2049
1975
2068
2088
2038
2040
2053
1976
2040
2045
1995
2025
2023
2087
1981
2101
1982
2007
2037
1987
2027
2055
2013
2025
1995
2071
2055
1964
2015
2077
1977
1967
1989
2055
2027
2048
1997
2057
1971
2063
2071
1967
2031
2011
2039
2069
2084
2081
2039
2040
2082
1975
2028
2047
2035
1996
2059
2039
2027
1990
2074
1987
2043
2010
1966
2063
1995
2088
2071
2007
2025
2009
2057
2071
2008
2083
2043
2031
2041
2007
2085
2053
2087
1997
2056
2067
2090
1996
2067
2029
2036
2011
2023
1955
2029
2046
2047
2055
2003
2035
2006
2056
1989
2040
1993
2080
2071
2013
2016
2059
2087
1983
1979
2069
2031
2003
2040
1993
2019
2071
2089
1971
2069
2069
2072
1999
2015
2065
1979
2063
2069
1973
2072
2009
2041
2044
2062
2077
1965
1971
2035
2067
2005
2003
2039
2056
2029
1956
2025
2072
1991
1993
2054
2056
2018
2029
1981
1963
2027
2029
1973
2063
1990
2037
2069
2006
2039
2012
2043
2053
1963
1977
2063
2025
2029
2019
2075
1966
2058
1993
2077
2068
2023
2067
2019
2054
2035
2024
2016
1947
2077
1995
2075
2036
2044
2071
2076
2039
2029
1971
2083
2019
2007
1993
2031
2021
2008
1971
2069
2056
2044
2071
2043
2057
2056
1991
2029
2040
2011
2081
1998
2067
2021
2040
2013
1977
2027
2069
1955
1996
2003
2063
1964
2028
1960
2028
2003
1981
2030
2031
2059
2084
2071
2072
2087
2058
1993
2007
2073
2029
2031
2073
2023
2072
1943
2005
2067
2040
2045
2066
1998
2077
1960
2080
2035
2057
1991
1993
2025
2040
2073
1974
2083
2035
2005
2060
2081
2039
1993
1963
2068
2023
2054
2011
1964
1995
2047
1995
1977
2059
2063
2012
2016
2031
1992
1999
2011
2035
2011
2074
2053
1972
1993
2072
1987
2011
2063
2057
2015
2055
2057
2007
2058
2071
2003
2042
2039
1989
2071
2079
2044
2071
1987
2055
2103
2039
2042
1977
1975
1991
2025
2068
2089
2037
2083
1997
2024
1995
2045
2065
1953
2044
1979
2068
2055
2080
2037
1992
2009
1995
2029
2007
2027
1960
2024
1955
1963
2053
2077
2023
2019
2035
2059
1961
2095
2077
2003
2044
2078
2007
2033
2001
2059
2016
2005
2053
2058
2088
2087
2028
1989
2088
2023
1993
2070
2008
2039
2022
1977
1997
2015
2041
2057
1975
2008
1975
2005
2036
2063
2035
2072
2011
2072
2075
2074
2088
2025
2079
1947
2039
2057
1989
2055
2011
2041
2043
2085
1979
2063
2079
2039
2005
2046
2080
2097
2065
2071
2048
1982
2057
2020
2003
2023
2025
2064
2003
2013
2023
1993
1962
2045
1981
2023
2048
2055
2027
2071
1960
2027
2024
2067
2021
2011
2078
2071
2023
2090
1997
2055
2074
2029
2040
2072
2005
2039
2083
1987
2013
2011
1955
2071
2008
2087
1976
2025
2047
2060
1975
2003
2059
1977
2023
2039
2040
1996
2047
2072
1963
2057
1962
2017
1991
2085
2003
1992
2035
2039
1995
2060
1971
2107
2005
1975
2065
1974
1993
2040
2021
2024
2048
2055
2097
2025
2079
2017
1969
2057
2019
2011
2023
2005
2040
2013
1965
1980
2053
1977
2043
2037
2067
2071
2079
2026
2045
2017
1989
2101
2033
2081
2055
1983
2033
2057
1981
2015
2003
1975
2072
1971
2029
2063
2068
1963
2040
2045
1993
1971
2063
2001
2008
2024
2057
1971
2015
2020
2047
1979
2032
2063
2063
2063
2008
2003
2005
2035
2056
1977
2067
2040
2007
2016
2084
2075
2065
1991
2055
1981
2040
2072
2077
1983
2039
2048
2025
2037
1995
2065
2040
2022
1989
2017
2063
2072
1987
2007
2011
2083
1971
2027
1963
2053
2043
2083
2077
2033
2053
2024
2060
2040
2023
2040
1979
2072
2073
2031
2055
1991
1991
2027
2067
2040
1965
2032
2063
2067
1983
2076
2021
2053
1994
2011
2067
1975
2037
2033
1981
2063
2007
1997
2031
2077
2068
2013
2013
1953
1999
2027
1995
2018
2024
1993
2053
2010
2001
2067
1991
2037
2048
2093
2060
1994
2005
2040
2063
2063
1999
2063
1945
2057
1981
2011
2056
2011
1961
2032
2063
2085
2039
2011
2076
2063
2055
2015
2053
2030
2073
2003
1989
2058
2008
2011
2079
2077
2045
1977
2041
2005
2087
2009
2072
2019
2075
1991
2007
1959
1957
2004
2039
2097
2021
2007
2043
2071
2065
2059
2046
2024
2031
1988
2043
2085
2053
2032
2027
1982
2041
2055
2016
2063
2001
2011
2075
2080
2088
1995
2047
2084
2085
1975
2057
2083
2027
2056
1973
1989
2041
1967
2059
2078
2073
2063
2047
2037
2035
2063
2102
2056
2069
1994
2051
2057
2088
2007
2039
1997
2039
2032
2032
2100
2079
2042
2025
2041
1943
2029
2048
1995
2003
2019
2078
1989
2031
2014
1995
2056
2024
2003
1992
2063
2045
2063
2065
1987
1979
2068
2031
2029
2072
1990
2024
1973
2041
2035
2063
1995
2044
1973
1977
2037
2082
2055
1970
2024
1958
2011
1997
2004
2065
1975
1993
2003
2094
2079
2011
1962
2085
2084
2025
2093
2073
2033
2057
2048
1992
2025
2016
2045
2028
2085
2059
1997
2081
2007
2051
2028
2009
2055
2089
1991
2076
2009
1997
2009
1969
2020
2057
1999
2069
2083
2003
2088
1993
1983
2078
2012
2001
2011
2063
2063
1989
2041
2079
2044
2073
2054
2009
2055
1995
2019
1991
2016
2071
2037
2071
1975
2074
2038
2029
2070
2043
1969
1981
2041
2019
1975
2053
1992
2033
2063
1987
2025
2068
2015
1997
2085
1989
2003
2075
2065
2067
2017
2063
2021
1973
2021
2068
1969
2043
2087
2088
2077
2034
2048
1953
2008
1959
2085
2045
2063
2007
2037
1975
2077
1989
2017
2065
1997
1979
2083
2021
1979
2013
2053
1979
2077
2027
2029
2028
1978
2063
2080
2044
2028
1995
2044
2029
2011
2009
2069
1981
2072
2065
1979
1993
2016
2023
2060
1961
2021
2037
2066
1981
2040
1996
1955
2044
1992
1979
2040
2063
2005
2035
2055
2057