2024
1991
1944
1897
1877
1833
1811
1768
1749
1715
1704
1689
1678
1673
1678
1681
1678
1699
1708
1735
1749
1780
1801
1839
1867
1898
1945
1978
2013
2039
2073
2105
2143
2167
2192
2206
2237
2249
2258
2260
2269
2256
2259
2240
2216
2201
2176
2153
2125
2093
2063
2030
2001
1966
1925
1899
1868
1842
1812
1789
1763
1758
1740
1727
1711
1725
1720
1736
1739
1768
1771
1789
1816
1843
1870
1907
1929
1964
1993
2027
2063
2073
2105
2127
2142
2163
2181
2197
2211
2205
2206
2213
2207
2195
2183
2165
2152
2137
2122
2093
2063
2056
2025
2007
1983
1954
1933
1906
1896
1873
1875
1855
1844
1844
1837
1846
1853
1856
1877
1901
1903
1942
1970
1992
2021
2059
2095
2122
2163
2192
2224
2267
2296
2323
2345
2391
2412
2436
2451
2457
2475
2476
2485
2491
2491
2475
2462
2429
2437
2404
2378
2339
2323
2280
2247
2208
2184
2144
2119
2080
2058
2031
2003
1991
1967
1956
1945
1930
1931
1929
1927
1941
1949
1959
1980
1998
2023
2045
2077
2100
2112
2137
2172
2195
2213
2238
2253
2265
2272
2293
2298
2317
2318
2304
2304
2297
2293
2272
2266
2243
2219
2197
2181
2139
2121
2088
2056
2008
1993
1956
1924
1901
1869
1845
1817
1792
1781
1755
1750
1735
1741
1728
1739
1740
1761
1766
1799
1814
1839
1852
1893
1904
1946
1958
1984
2023
2043
2069
2105
2106
2136
2149
2155
2161
2171
2167
2179
2175
2168
2170
2149
2141
2123
2109
2088
2077
2063
2039
2012
1997
1983
1965
1943
1932
1915
1887
1875
1870
1865
1845
1833
1845
1845
1831
1843
1859
1863
1875
1873
1888
1898
1924
1938
1963
1993
2012
2030
2044
2078
2092
2133
2141
2153
2173
2182
2205
2203
2213
2227
2218
2220
2219
2197
2202
2195
2183
2159
2153
2139
2121
2093
2073
2067
2043
2023
2020
1981
1981
1961
1963
1949
1933
1945
1933
1941
1939
1941
1951
1966
1975
1995
2005
2015
2035
2065
2077
2101
2112
2143
2152
2180
2204
2197
2222
2233
2239
2248
2251
2264
2260
2268
2258
2261
2247
2251
2249
2235
2219
2213
2186
2179
2163
2152
2138
2112
2104
2092
2067
2064
2039
2029
2013
2007
2003
1991
1977
1971
1965
1963
1962
1961
1963
1975
1981
1990
1981
1996
2007
2023
2045
2057
2068
2092
2105
2125
2140
2149
2172
2193
2211
2221
2231
2251
2262
2273
2269
2279
2269
2279
2261
2261
2261
2240
2237
2222
2201
2183
2167
2136
2121
2105
2079
2069
2039
2013
1993
1981
1952
1959
1936
1919
1914
1904
1911
1903
1900
1893
1911
1915
1925
1937
1948
1957
1976
1987
2012
2037
2057
2071
2099
2103
2133
2155
2173
2199
2205
2223
2248
2254
2267
2272
2273
2281
2267
2265
2265
2248
2240
2228
2199
2184
2159
2139
2120
2095
2077
2039
2011
1989
1957
1947
1926
1899
1882
1873
1856
1843
1847
1835
1833
1826
1837
1842
1849
1865
1880
1900
1929
1931
1959
1994
2009
2035
2058
2087
2104
2123
2167
2173
2205
2213
2233
2252
2271
2256
2279
2277
2263
2273
2253
2237
2228
2206
2195
2163
2154
2129
2093
2065
2041
2013
1993
1960
1939
1910
1893
1867
1855
1839
1816
1827
1815
1814
1806
1831
1836
1851
1868
1875
1909
1919
1957
1968
1982
2021
2044
2075
2103
2119
2136
2158
2185
2189
2197
2203
2207
2233
2221
2219
2218
2209
2202
2185
2173
2153
2140
2108
2103
2063
2043
2025
2001
1965
1941
1916
1888
1869
1853
1821
1815
1783
1801
1781
1774
1773
1783
1784
1802
1803
1824
1864
1880
1898
1936
1947
1979
2017
2039
2085
2101
2137
2163
2187
2193
2223
2227
2240
2253
2263
2265
2268
2262
2251
2239
2224
2215
2195
2164
2140
2104
2093
2059
2015
1997
1955
1940
1898
1871
1851
1819
1801
1795
1769
1755
1757
1742
1747
1747
1752
1755
1768
1782
1819
1832
1853
1877
1913
1957
1973
2013
2037
2072
2103
2136
2161
2193
2219
2220
2245
2263
2277
2281
2285
2293
2291
2285
2273
2258
2245
2224
2204
2175
2141
2119
2099
2069
2023
1981
1960
1939
1899
1879
1851
1815
1809
1791
1776
1753
1749
1747
1745
1763
1769
1779
1789
1790
1824
1863
1880
1925
1943
1975
2005
2045
2065
2099
2124
2157
2175
2203
2207
2223
2233
2251
2235
2237
2217
2215
2209
2189
2160
2148
2119
2091
2067
2028
1995
1963
1928
1900
1872
1847
1822
1805
1785
1775
1757
1751
1752
1749
1745
1745
1744
1763
1772
1782
1789
1821
1843
1863
1879
1909
1929
1949
1976
1995
2023
2036
2066
2091
2112
2125
2139
2156
2159
2170
2183
2176
2185
2171
2184
2165
2151
2140
2129
2107
2085
2076
2059
2028
2009
1991
1966
1949
1916
1910
1885
1869
1853
1853
1837
1845
1834
1837
1821
1835
1852
1863
1870
1885
1899
1913
1944
1961
1984
2013
2031
2059
2081
2101
2135
2144
2167
2176
2198
2202
2208
2212
2216
2207
2221
2204
2211
2195
2188
2167
2157
2142
2123
2104
2075
2045
2035
2007
1971
1971
1938
1934
1907
1893
1877
1856
1851
1839
1824
1830
1831
1819
1834
1824
1839
1838
1851
1852
1873
1883
1897
1912
1929
1949
1960
1965
1981
1993
2021
2033
2023
2043
2057
2067
2067
2073
2077
2071
2076
2072
2065
2063
2043
2043
2021
2009
2003
1981
1976
1949
1935
1916
1891
1881
1876
1847
1847
1834
1828
1823
1818
1809
1821
1809
1823
1825
1845
1845
1879
1880
1900
1920
1948
1961
1989
2011
2026
2052
2072
2091
2102
2123
2139
2155
2173
2185
2204
2215
2219
2227
2229
2233
2227
2237
2235
2237
2231
2223
2207
2204
2199
2184
2165
2151
2141
2122
2119
2087
2087
2073
2071
2030
2035
2020
2019
2006
2003
1992
2009
1996
2005
2004
2008
2019
2035
2043
2059
2071
2077
2096
2112
2117
2148
2165
2171
2171
2189
2204
2204
2221
2219
2232
2221
2221
2213
2225
2207
2199
2189
2181
2167
2157
2135
2124
2111
2091
2073
2059
2038
2011
2006
1982
1973
1950
1943
1933
1915
1900
1899
1892
1891
1895
1897
1889
1897
1894
1907
1925
1929
1945
1956
1971
1983
2009
2008
2029
2045
2063
2078
2090
2099
2109
2137
2136
2151
2158
2159
2157
2159
2157
2165
2147
2142
2132
2120
2117
2103
2085
2077
2063
2043
2024
2003
1984
1975
1963
1954
1928
1918
1899
1897
1888
1885
1879
1883
1873
1879
1891
1879
1900
1910
1925
1931
1959
1964
2001
2003
2025
2045
2067
2078
2095
2110
2115
2135
2155
2161
2165
2170
2172
2176
2173
2181
2167
2149
2147
2145
2128
2107
2096
2078
2057
2036
2017
2007
1995
1961
1940
1931
1912
1900
1886
1869
1867
1867
1869
1871
1872
1882
1880
1887
1901
1917
1927
1955
1976
1992
2010
2029
2043
2073
2087
2117
2120
2151
2167
2187
2186
2199
2201
2203
2215
2221
2211
2215
2203
2195
2195
2173
2152
2136
2137
2108
2081
2069
2056
2035
2009
2004
1977
1975
1948
1939
1939
1931
1928
1913
1911
1911
1917
1932
1918
1940
1943
1964
1971
1982
2007
2011
2035
2063
2075
2101
2119
2131
2163
2172
2193
2204
2214
2229
2248
2232
2239
2235
2247
2224
2221
2217
2207
2187
2160
2145
2123
2109
2075
2063
2024
2005
1964
1955
1935
1917
1898
1872
1867
1851
1840
1837
1845
1845
1839
1851
1866
1879
1891
1909
1932
1947
1968
1990
2017
2038
2069
2087
2104
2125
2145
2149
2181
2169
2206
2210
2211
2217
2214
2203
2203
2193
2189
2174
2152
2139
2112
2103
2081
2057
2028
2011
1976
1963
1945
1909
1897
1887
1865
1861
1835
1837
1823
1823
1821
1819
1827
1824
1844
1835
1868
1873
1899
1931
1941
1975
1995
2016
2029
2077
2092
2111
2137
2147
2167
2195
2207
2213
2235
2235
2248
2254
2254
2251
2251
2247
2230
2219
2213
2192
2163
2156
2131
2119
2101
2079
2067
2035
2015
1992
1977
1964
1955
1933
1912
1907
1892
1895
1887
1887
1892
1893
1907
1911
1918
1927
1935
1961
1971
1989
2015
2027
2055
2071
2083
2105
2118
2130
2149
2157
2158
2170
2184
2172
2173
2189
2181
2170
2163
2157
2150
2141
2131
2103
2093
2070
2045
2035
2007
1991
1974
1959
1931
1918
1915
1896
1873
1856
1864
1853
1854
1861
1854
1851
1861
1882
1887
1902
1917
1941
1956
1976
1980
1997
2024
2042
2063
2078
2088
2115
2125
2141
2140
2156
2151
2173
2160
2171
2160
2166
2153
2155
2142
2143
2136
2125
2107
2091
2083
2071
2056
2037
2022
2016
1999
1987
1976
1976
1960
1944
1943
1935
1929
1915
1919
1927
1925
1929
1920
1937
1944
1944
1945
1969
1981
1984
2001
2004
2028
2027
2043
2073
2071
2075
2099
2103
2124
2123
2131
2141
2135
2141
2142
2133
2139
2135
2121
2121
2099
2095
2088
2069
2065
2040
2013
2009
1995
1981
1960
1955
1931
1925
1913
1899
1889
1883
1875
1873
1864
1863
1856
1849
1856
1866
1869
1875
1884
1888
1907
1917
1927
1937
1947
1965
1976
1996
2019
2023
2045
2066
2072
2075
2104
2104
2095
2105
2123
2099
2104
2109
2095
2079
2083
2071
2063
2032
2025
2008
2007
1971
1969
1947
1939
1919
1908
1896
1888
1865
1863
1865
1848
1861
1835
1853
1851
1847
1856
1877
1882
1891
1913
1916
1934
1961
1979
1997
2015
2036
2043
2063
2080
2103
2109
2129
2139
2141
2158
2169
2167
2173
2171
2172
2173
2168
2149
2155
2155
2150
2131
2112
2103
2091
2091
2056
2041
2029
2008
2000
1976
1968
1960
1947
1934
1933
1936
1931
1910
1927
1920
1925
1941
1951
1961
1976
1997
2000
2026
2056
2063
2079
2115
2130
2150
2165
2195
2201
2214
2232
2239
2244
2259
2260
2253
2252
2258
2240
2238
2231
2213
2204
2189
2164
2134
2117
2103
2076
2057
2036
2019
1994
1982
1963
1949
1931
1925
1913
1927
1903
1911
1902
1923
1918
1927
1929
1950
1952
1967
1984
1979
2003
2023
2037
2045
2071
2075
2085
2097
2104
2115
2124
2109
2125
2121
2125
2121
2105
2109
2096
2088
2074
2063
2044
2024
2009
1996
1975
1961
1929
1916
1895
1880
1871
1840
1817
1804
1810
1778
1771
1767
1762
1766
1763
1763
1761
1769
1781
1783
1808
1819
1832
1849
1873
1897
1914
1927
1959
1981
1995
2009
2027
2039
2063
2065
2079
2089
2091
2096
2097
2088
2087
2077
2076
2063
2045
2021
2007
1982
1981
1963
1949
1920
1913
1895
1879
1873
1842
1849
1821
1815
1813
1815
1815
1815
1815
1823
1832
1851
1853
1869
1881
1906
1915
1945
1957
1977
2013
2025
2058
2072
2097
2111
2129
2151
2171
2187
2201
2207
2221
2208
2233
2216
2222
2229
2213
2211
2195
2185
2171
2159
2129
2115
2116
2089
2072
2071
2037
2019
2011
1996
1989
1973
1983
1975
1973
1976
1971
1973
1976
1994
2007
2013
2025
2041
2069
2073
2109
2120
2141
2163
2183
2195
2211
2233
2250
2253
2274
2285
2292
2303
2313
2298
2311
2309
2313
2293
2295
2282
2270
2267
2248
2235
2227
2215
2183
2172
2152
2133
2125
2101
2099
2087
2060
2063
2035
2029
2019
1997
2003
1997
1997
2005
2010
2007
2013
2025
2037
2043
2057
2063
2075
2088
2105
2127
2137
2144
2184
2184
2200
2203
2219
2227
2238
2236
2238
2253
2252
2232
2235
2223
2201
2205
2192
2167
2156
2152
2111
2105
2078
2076
2039
2025
2006
2001
1981
1968
1965
1944
1945
1928
1919
1925
1918
1917
1929
1917
1920
1933
1935
1941
1957
1974
1976
1995
1993
2010
2023
2037
2053
2063
2071
2077
2085
2090
2099
2109
2101
2101
2103
2095
2113
2103
2092
2093
2091
2071
2069
2066
2044
2033
2024
2011
1991
1995
1973
1959
1944
1949
1940
1937
1911
1911
1916
1913
1912
1911
1917
1903
1926
1929
1940
1936
1959
1961
1957
1977
1993
2000
2019
2028
2031
2051
2046
2079
2077
2086
2100
2117
2119
2111
2133
2139
2138
2145
2152
2145
2149
2152
2134
2151
2132
2123
2112
2104
2087
2080
2069
2059
2042
2021
2011
2003
1993
1981
1961
1949
1951
1949
1936
1933
1942
1944
1930
1931
1947
1943
1960
1970
1980
1995
2007
2027
2037
2054
2069
2085
2103
2125
2137
2151
2144
2166
2171
2187
2179
2187
2193
2193
2195
2181
2185
2181
2163
2158
2142
2135
2122
2117
2106
2085
2079
2069
2040
2036
2016
2007
1993
1988
1987
1977
1968
1969
1963
1967
1972
1968
1960
1965
1976
1973
1996
1995
2018
2019
2045
2059
2066
2080
2095
2111
2109
2135
2155
2168
2175
2188
2195
2199
2208
2219
2220
2222
2236
2223
2208
2207
2203
2203
2191
2186
2165
2147
2143
2133
2110
2105
2090
2073
2054
2033
2026
2013
1993
1989
1978
1966
1960
1965
1965
1961
1965
1952
1967
1977
1979
1983
1993
2008
2025
2021
2037
2036
2063
2064
2073
2074
2090
2093
2095
2105
2089
2103
2087
2091
2090
2082
2071
2071
2055
2043
2033
2021
2013
1995
1980
1959
1959
1951
1928
1917
1911
1893
1889
1880
1868
1864
1865
1864
1855
1863
1849
1848
1869
1872
1891
1897
1912
1920
1939
1943
1963
1968
1995
2005
2028
2023
2055
2069
2075
2080
2090
2093
2107
2101
2099
2096
2094
2079
2085
2071
2071
2043
2029
2017
2003
1993
1979
1963
1942
1937
1914
1911
1891
1893
1884
1873
1869
1870
1864
1867
1873
1877
1880
1891
1899
1919
1920
1949
1947
1977
1990
2007
2021
2036
2063
2072
2096
2124
2119
2151
2151
2171
2189
2201
2202
2211
2219
2222
2229
2227
2227
2215
2208
2203
2189
2175
2157
2144
2137
2117
2099
2084
2065
2045
2025
2017
2005
1975
1973
1961
1943
1935
1930
1933
1921
1929
1931
1924
1939
1948
1964
1972
1983
2010
2019
2036
2055
2074
2093
2105
2122
2135
2158
2153
2173
2175
2199
2195
2200
2201
2197
2194
2181
2167
2165
2145
2134
2118
2103
2094
2065
2055
2028
2003
1976
1964
1942
1939
1915
1909
1881
1869
1875
1865
1851
1851
1860
1854
1851
1875
1892
1903
1903
1908
1924
1941
1955
1965
1991
1999
2020
2032
2038
2053
2066
2086
2091
2093
2101
2109
2093
2105
2103
2105
2093
2079
2089
2072
2057
2037
2035
2012
2004
1992
1965
1945
1944
1923
1911
1888
1880
1871
1849
1834
1837
1829
1828
1823
1831
1831
1831
1845
1848
1856
1873
1884
1896
1912
1935
1941
1949
1975
1979
1994
2013
2025
2039
2037
2067
2087
2071
2085
2092
2090
2093
2089
2089
2093
2080
2077
2067
2068
2053
2039
2024
2019
2003
1997
1987
1973
1945
1949
1945
1929
1920
1917
1912
1911
1903
1905
1903
1924
1901
1923
1936
1945
1956
1977
1996
2005
2023
2043
2067
2083
2087
2117
2126
2147
2145
2169
2181
2195
2215
2217
2208
2225
2223
2216
2206
2217
2199
2199
2183
2171
2157
2153
2134
2130
2105
2096
2087
2074
2054
2038
2037
2018
2007
2003
1984
1978
1965
1972
1963
1953
1946
1943
1955
1954
1957
1967
1965
1974
1977
2004
2006
2013
2019
2027
2055
2063
2077
2091
2096
2127
2119
2145
2136
2152
2156
2173
2169
2189
2167
2185
2179
2171
2171
2167
2156
2149
2137
2125
2109
2076
2086
2057
2053
2042
2017
2001
1993
1975
1961
1949
1942
1919
1925
1909
1905
1899
1903
1895
1893
1892
1891
1903
1924
1929
1931
1935
1955
1952
1991
1992
1996
2022
2021
2040
2039
2051
2067
2087
2072
2088
2099
2097
2105
2099
2094
2097
2086
2091
2071
2073
2062
2057
2035
2035
2023
2023
1999
1994
1970
1965
1961
1952
1941
1929
1925
1907
1917
1891
1902
1892
1883
1888
1895
1895
1901
1910
1899
1906
1915
1927
1929
1943
1945
1951
1967
1975
1977
1992
1993
2011
2011
2007
2016
2015
2019
2023
2027
2023
2023
2013
2016
2009
1996
2000
2004
1984
1973
1976
1969
1956
1943
1956
1939
1939
1927
1919
1919
1912
1909
1916
1904
1903
1920
1908
1926
1917
1920
1933
1941
1947
1952
1965
1974
1989
2009
2020
2037
2042
2063
2081
2090
2099
2108
2115
2126
2139
2141
2156
2151
2153
2163
2163
2165
2156
2143
2140
2133
2136
2118
2101
2089
2072
2057
2057
2043
2017
2013
1997
1991
1991
1964
1977
1962
1963
1963
1963
1967
1967
1965
1972
1971
1993
1995
2016
2032
2055
2063
2079
2097
2117
2131
2145
2147
2157
2187
2187
2203
2199
2219
2207
2217
2206
2215
2229
2223
2207
2193
2191
2187
2170
2167
2141
2139
2119
2093
2082
2069
2068
2039
2027
2015
2005
1989
1987
1989
1968
1977
1965
1973
1959
1952
1961
1963
1969
1972
1995
2004
2009
2009
2023
2039
2040
2065
2073
2077
2097
2110
2117
2131
2143
2149
2141
2161
2147
2159
2156
2155
2151
2144
2139
2135
2129
2115
2101
2085
2073
2048
2043
2027
2017
2003
1975
1975
1951
1943
1939
1920
1907
1903
1897
1887
1893
1880
1893
1879
1893
1899
1915
1913
1919
1931
1940
1962
1956
1982
1989
1998
1997
2016
2013
2035
2039
2021
2029
2045
2040
2041
2026
2017
2014
2002
1999
1983
1975
1956
1947
1927
1919
1901
1896
1866
1873
1861
1845
1832
1827
1811
1790
1808
1819
1812
1815
1831
1834
1831
1839
1849
1864
1865
1876
1899
1915
1935
1943
1952
1969
1981
2002
2007
2018
2023
2021
2039
2040
2055
2041
2057
2046
2043
2027
2029
2039
2017
2015
2005
2003
1975
1971
1961
1957
1949
1933
1930
1915
1907
1902
1898
1896
1885
1892
1891
1885
1895
1903
1907
1913
1918
1938
1946
1959
1960
1981
1989
2009
2031
2041
2057
2078
2085
2103
2112
2133
2138
2141
2167
2188
2193
2201
2189
2205
2205
2207
2211
2200
2195
2185
2170
2167
2156
2141
2124
2119
2094
2087
2073
2063
2029
2029
2004
1997
1978
1983
1963
1955
1949
1947
1951
1955
1951
1949
1960
1965
1965
1975
1987
1992
2003
2023
2031
2053
2065
2073
2081
2100
2106
2117
2120
2129
2135
2140
2147
2137
2149
2134
2140
2133
2136
2119
2108
2109
2094
2086
2068
2063
2031
2024
2011
1981
1981
1964
1954
1941
1924
1919
1918
1888
1897
1884
1895
1880
1884
1881
1885
1879
1883
1895
1903
1903
1933
1930
1945
1943
1965
1962
1965
1980
1988
1993
2007
2008
2016
2034
2022
2028
2023
2031
2041
2035
2040
2021
2025
2016
2020
2015
2008
1989
1992
1959
1963
1944
1943
1934
1929
1915
1902
1901
1899
1891
1891
1879
1879
1869
1875
1876
1867
1872
1873
1887
1897
1887
1912
1904
1913
1922
1943
1951
1957
1963
1973
1983
2004
2004
2017
2016
2027
2028
2036
2032
2035
2043
2036
2031
2026
2024
2013
2013
1993
1993
1976
1971
1967
1948
1929
1930
1910
1909
1895
1897
1877
1870
1861
1872
1865
1859
1864
1852
1867
1875
1871
1875
1891
1885
1896
1911
1926
1931
1947
1960
1967
1994
1993
2015
2018
2027
2037
2063
2059
2065
2077
2078
2077
2086
2085
2087
2091
2075
2071
2080
2073
2071
2063
2056
2052
2039
2029
2016
2000
1993
1984
1976
1964
1967
1947
1943
1931
1916
1914
1911
1899
1897
1908
1895
1897
1885
1900
1912
1910
1913
1929
1941
1939
1949
1964
1975
1994
1997
2009
2022
2035
2048
2055
2070
2085
2092
2093
2107
2107
2131
2121
2121
2123
2105
2110
2104
2106
2095
2089
2095
2069
2056
2045
2031
2012
2008
1984
1976
1965
1960
1944
1927
1929
1915
1914
1893
1899
1901
1903
1898
1895
1902
1893
1925
1920
1939
1943
1953
1963
1975
1987
2008
2024
2027
2037
2055
2057
2073
2079
2089
2088
2098
2094
2097
2100
2077
2083
2084
2088
2078
2066
2063
2044
2043
2039
2023
2025
1995
1995
1980
1981
1963
1961
1959
1951
1949
1937
1937
1932
1936
1923
1928
1938
1939
1954
1944
1955
1971
1953
1963
1992
1992
1997
2011
2012
2025
2026
2029
2043
2055
2056
2056
2048
2065
2069
2057
2065
2067
2047
2053
2035
2041
2025
2030
2011
2012
1996
1989
1979
1964
1961
1962
1949
1945
1932
1933
1927
1912
1917
1912
1904
1911
1912
1913
1927
1928
1937
1941
1955
1948
1975
1973
1979
2009
2011
2021
2028
2042
2063
2067
2077
2079
2088
2096
2093
2099
2094
2104
2107
2092
2101
2073
2072
2065
2067
2037
2036
2019
2013
1980
1989
1961
1971
1945
1943
1931
1916
1925
1912
1916
1904
1917
1916
1913
1917
1933
1939
1944
1963
1966
1981
1984
2011
2021
2031
2044
2069
2071
2084
2088
2103
2107
2136
2137
2137
2149
2140
2151
2167
2169
2155
2158
2152
2138
2142
2137
2131
2117
2096
2087
2085
2065
2063
2047
2034
2019
2005
1996
1980
1968
1963
1951
1944
1947
1937
1933
1931
1933
1946
1938
1941
1949
1945
1957
1962
1965
1984
1999
2000
2019
2030
2043
2045
2063
2068
2089
2089
2089
2089
2109
2109
2120
2108
2121
2123
2118
2108
2103
2097
2089
2084
2071
2063
2067
2041
2037
2021
2017
1990
1989
1967
1960
1960
1950
1941
1931
1919
1920
1908
1907
1911
1917
1903
1923
1920
1915
1927
1945
1952
1973
1971
1981
1991
2007
2017
2020
2039
2040
2048
2039
2063
2073
2071
2075
2072
2071
2073
2073
2065
2059
2045
2035
2035
2024
2013
2007
1995
1978
1967
1969
1961
1949
1948
1940
1928
1939
1919
1931
1913
1928
1917
1935
1917
1933
1945
1944
1966
1976
1976
2003
1997
2023
2017
2043
2044
2062
2069
2077
2089
2105
2109
2111
2119
2124
2109
2122
2129
2131
2138
2131
2121
2135
2124
2123
2106
2095
2096
2089
2091
2083
2078
2071
2063
2055
2039
2040
2031
2022
2027
2025
2008
2009
2000
2009
2001
2008
2007
2008
2019
2016
2025
2039
2055
2065
2071
2076
2088
2096
2121
2118
2139
2158
2163
2162
2188
2189
2192
2199
2207
2195
2201
2201
2199
2184
2188
2171
2159
2148
2145
2135
2116
2111
2095
2071
2063
2032
2025
2016
2005
2001
1981
1974
1963
1950
1941
1939
1933
1929
1926
1933
1923
1911
1929
1939
1929
1933
1961
1951
1971
1967
1972
1998
2004
2017
2016
2035
2044
2059
2067
2071
2076
2079
2084
2091
2094
2092
2105
2096
2090
2093
2083
2079
2066
2065
2045
2041
2034
2011
2023
1999
1995
1981
1975
1963
1951
1944
1933
1931
1926
1924
1921
1913
1903
1909
1896
1912
1904
1911
1918
1932
1929
1929
1945
1957
1959
1970
1974
1981
1995
2019
2027
2022
2031
2056
2058
2055
2071
2077
2082
2095
2088
2083
2091
2093
2085
2075
2080
2067
2063
2046
2045
2031
2025
2015
2006
2000
1992
1979
1970
1953
1956
1938
1941
1940
1929
1927
1931
1931
1933
1929
1939
1940
1949
1950
1961
1975
1973
1980
1991
1997
2015
2015
2028
2037
2059
2059
2063
2079
2080
2088
2073
2087
2095
2092
2091
2088
2075
2073
2075
2063
2068
2043
2040
2029
2027
2023
2008
1997
1993
1983
1989
1975
1975
1967
1973
1963
1965
1965
1977
1976
1989
1981
1992
2011
2007
2023
2032
2043
2045
2060
2067
2079
2089
2090
2109
2117
2109
2137
2133
2144
2151
2153
2154
2168
2169
2168
2166
2172
2159
2165
2162
2154
2143
2132
2124
2124
2112
2099
2093
2069
2063
2057
2046
2035
2016
2011
2003
1995
1979
1984
1976
1957
1971
1971
1963
1952
1976
1979
1974
1979
1994
2005
2011
2019
2039
2043
2066
2065
2077
2085
2106
2116
2125
2125
2138
2147
2151
2155
2151
2152
2153
2167
2141
2151
2136
2129
2121
2115
2107
2092
2079
2083
2058
2043
2026
2020
2009
1997
1995
1981
1971
1973
1961
1961
1961
1962
1955
1955
1943
1959
1962
1949
1975
1981
1983
1993
2009
2015
2030
2041
2058
2055
2075
2073
2087
2094
2105
2108
2115
2103
2111
2115
2119
2119
2112
2109
2115
2099
2104
2090
2087
2078
2071
2071
2072
2041
2032
2029
2030
2023
2011
2003
1999
1991
1989
1991
1989
1973
1976
1979
1976
1975
1983
1976
1987
1989
1989
1998
1996
1997
2003
2015
2017
2023
2017
2029
2039
2039
2043
2053
2054
2053
2043
2040
2053
2047
2041
2035
2031
2039
2029
2029
2019
2021
2000
1999
1995
1976
1977
1963
1956
1957
1942
1931
1928
1928
1915
1911
1915
1914
1929
1929
1926
1931
1935
1943
1945
1952
1967
1971
1979
1991
1999
2001
2015
2023
2030
2041
2056
2063
2057
2066
2071
2069
2063
2065
2071
2067
2061
2043
2055
2051
2029
2021
2026
2022
2003
1999
2001
1990
1980
1966
1975
1965
1967
1967
1965
1960
1975
1975
1975
1972
1973
1997
1995
2011
2014
2024
2036
2039
2056
2057
2072
2077
2095
2107
2111
2129
2120
2141
2132
2145
2147
2156
2157
2155
2153
2156
2155
2153
2154
2148
2139
2147
2135
2136
2127
2117
2115
2103
2088
2085
2063
2067
2054
2042
2027
2029
2013
2009
2007
2009
1989
1993
1979
1988
1984
1991
1981
1984
1988
2003
1997
2009
2009
2031
2030
2036
2036
2055
2069
2071
2080
2082
2095
2092
2099
2117
2118
2125
2133
2131
2123
2129
2125
2120
2120
2107
2105
2093
2085
2080
2081
2071
2055
2044
2035
2027
2019
2006
1998
1991
1992
1972
1971
1970
1962
1959
1968
1959
1960
1957
1965
1964
1977
1975
1983
1982
1998
2004
2008
2014
2029
2029
2052
2057
2043
2063
2068
2083
2076
2084
2096
2089
2095
2090
2099
2099
2096
2093
2089
2089
2085
2083
2073
2069
2043
2041
2031
2039
2029
2020
2018
2011
2005
2006
1989
1991
1976
1975
1992
1989
1997
1978
1989
1989
1988
1995
2005
2005
1995
2003
2019
2025
2039
2030
2041
2037
2059
2056
2067
2079
2080
2075
2076
2083
2092
2088
2085
2080
2095
2080
2085
2075
2075
2071
2063
2045
2055
2038
2035
2024
2015
2007
1992
1993
1973
1961
1965
1961
1960
1948
1960
1958
1934
1934
1946
1931
1939
1955
1948
1956
1965
1971
1977
1990
1993
1997
2021
2019
2037
2039
2056
2073
2080
2085
2092
2099
2096
2103
2105
2107
2117
2115
2105
2095
2094
2091
2076
2071
2057
2053
2027
2028
2013
2004
1981
1991
1969
1959
1948
1940
1936
1926
1927
1918
1909
1913
1925
1913
1912
1907
1928
1942
1943
1961
1955
1979
1982
1983
2002
2005
2020
2040
2038
2055
2063
2077
2071
2087
2103
2115
2111
2107
2120
2124
2127
2121
2125
2119
2123
2121
2107
2110
2107
2107
2095
2087
2079
2069
2071
2063
2044
2059
2032
2029
2031
2016
2019
2003
2005
2000
1991
1988
1995
2003
1997
1998
2005
1994
2009
2011
2023
2023
2033
2043
2055
2055
2070
2079
2091
2100
2107
2123
2129
2121
2128
2135
2143
2135
2137
2139
2131
2136
2131
2128
2120
2099
2098
2099
2077
2088
2069
2067
2055
2036
2031
2023
2013
2010
2012
2008
1998
1995
2000
2004
2008
2004
2008
2009
2023
2025
2024
2024
2044
2044
2057
2065
2073
2075
2087
2088
2096
2093
2089
2100
2105
2104
2109
2107
2111
2112
2104
2105
2111
2096
2103
2089
2083
2080
2071
2059
2058
2035
2028
2037
2013
2014
2008
1997
1992
1995
1997
1988
1985
1977
1980
1989
1983
2003
1984
1993
1992
1997
2008
2015
2024
2028
2028
2031
2039
2037
2065
2063
2072
2077
2075
2091
2080
2105
2091
2089
2097
2095
2084
2091
2087
2085
2063
2077
2047
2067
2032
2028
2025
2012
2012
1995
1977
1972
1957
1961
1953
1945
1939
1937
1936
1929
1929
1920
1931
1928
1928
1925
1947
1951
1955
1959
1975
1976
1989
2009
2011
2015
2027
2035
2045
2056
2058
2077
2073
2075
2089
2093
2092
2097
2097
2090
2088
2088
2084
2075
2077
2067
2058
2057
2035
2040
2021
2008
1996
1995
1984
1981
1977
1956
1969
1963
1951
1963
1947
1962
1957
1961
1956
1971
1952
1981
1988
1977
2011
2005
2013
2015
2025
2038
2051
2065
2059
2071
2071
2072
2069
2093
2077
2092
2093
2093
2096
2093
2096
2095
2101
2099
2091
2094
2087
2085
2071
2081
2067
2053
2053
2058
2042
2035
2027
2023
2007
2012
2004
2005
1982
1981
1973
1982
1976
1977
1967
1965
1967
1974
1975
1979
1991
1993
1980
1993
2003
2005
2005
2010
2020
2025
2039
2035
2040
2038
2038
2056
2040
2056
2055
2065
2044
2043
2040
2031
2042
2037
2036
2016
2016
2016
2007
1998
1997
1981
1979
1982
1962
1965
1958
1960
1944
1961
1952
1948
1951
1957
1948
1955
1963
1975
1971
1977
1989
2003
2003
2009
2017
2031
2028
2053
2059
2058
2071
2071
2072
2077
2083
2093
2079
2075
2083
2088
2077
2087
2087
2080
2077
2059
2057
2057
2044
2053
2025
2021
2025
2019
2009
2003
1998
1995
1991
1981
1988
1976
1979
1976
1979
1988
1979
1995
1993
1991
1995
2011
1998
2013
2011
2028
2028
2030
2039
2043
2068
2067
2077
2087
2099
2092
2101
2104
2104
2102
2107
2109
2110
2117
2107
2099
2098
2101
2096
2083
2079
2073
2065
2065
2056
2053
2029
2018
2009
1990
1987
1981
1976
1967
1952
1955
1949
1927
1939
1930
1939
1915
1917
1918
1926
1916
1944
1949
1943
1961
1967
1972
1987
1995
2008
2013
2019
2039
2039
2044
2048
2065
2070
2074
2068
2073
2077
2075
2076
2069
2060
2055
2055
2039
2031
2023
2025
2020
2007
1995
1983
1989
1974
1963
1965
1960
1954
1948
1947
1940
1931
1938
1933
1941
1944
1944
1947
1950
1945
1961
1964
1971
1969
1982
1992
1980
2003
2004
2011
2020
2023
2040
2029
2031
2036
2039
2037
2043
2043
2040
2037
2047
2041
2039
2025
2024
2027
2027
2012
2012
2012
2005
2011
1995
1988
1976
1988
1968
1964
1957
1955
1955
1952
1948
1961
1955
1947
1948
1959
1949
1963
1972
1981
1975
1988
1993
1997
2007
2007
2013
2021
2026
2035
2035
2039
2043
2037
2047
2054
2065
2063
2067
2060
2067
2057
2055
2056
2043
2037
2032
2027
2020
2013
2005
1993
1998
1980
1983
1976
1960
1947
1951
1945
1936
1941
1943
1943
1939
1942
1931
1951
1958
1959
1956
1971
1974
1992
1989
2002
2003
2010
2025
2031
2053
2063
2065
2063
2068
2088
2079
2078
2075
2081
2087
2085
2071
2071
2067
2056
2046
2033
2037
2028
2020
2008
2000
1995
1987
1970
1963
1958
1959
1945
1946
1936
1941
1939
1927
1929
1931
1928
1943
1953
1945
1956
1947
1949
1963
1973
1975
1977
1989
1997
2011
2006
2007
2022
2027
2038
2037
2043
2065
2063
2069
2071
2069
2074
2077
2069
2073
2059
2066
2063
2066
2063
2044
2038
2042
2039
2028
2027
2017
2025
1995
2003
1996
1983
1992
1983
1981
1979
1975
1972
1966
1979
1968
1973
1979
1981
1979
1991
1995
1998
2001
2008
2011
2011
2031
2037
2041
2044
2059
2048
2071
2068
2067
2074
2075
2080
2089
2080
2087
2072
2045
2063
2053
2056
2043
2029
2027
2024
2011
2010
2007
1997
1991
1997
1978
1983
1979
1974
1967
1959
1960
1956
1967
1957
1963
1967
1964
1975
1965
1973
1976
1980
1983
1993
1989
1987
1995
2005
1999
2013
1995
2011
2012
2012
2004
2011
2017
2019
2011
2012
2011
2011
2001
2001
1984
1997
1995
1979
1991
1963
1975
1968
1960
1944
1956
1957
1939
1955
1943
1941
1935
1939
1936
1933
1933
1926
1931
1943
1939
1947
1949
1955
1963
1957
1972
1968
1976
1981
1977
1992
1989
2013
2004
2009
2013
2017
2017
2029
2022
2029
2027
2024
2039
2025
2025
2023
2027
2013
2006
2018
2002
2011
1999
2003
1991
1991
1982
1988
1976
1962
1978
1974
1973
1972
1967
1955
1968
1958
1968
1965
1963
1967
1977
1977
1991
1993
2000
2001
2009
2017
2031
2041
2041
2059
2067
2074
2080
2091
2088
2099
2092
2099
2100
2103
2105
2103
2105
2105
2117
2107
2100
2087
2101
2079
2089
2081
2079
2065
2065
2043
2055
2037
2039
2021
2013
2012
2016
2017
2007
2013
2005
2012
2005
2017
2009
2012
2013
2019
2020
2037
2028
2040
2055
2056
2045
2068
2076
2083
2077
2091
2091
2091
2106
2090
2104
2103
2109
2104
2106
2096
2093
2103
2092
2105
2078
2095
2088
2094
2066
2069
2066
2069
2063
2039
2039
2031
2036
2028
2017
2018
2013
2019
2005
2009
2003
2005
2003
2003
1998
2008
2000
2015
2013
2013
2007
2009
2025
2023
2031
2029
2041
2039
2053
2055
2053
2071
2071
2067
2071
2075
2068
2073
2067
2068
2057
2059
2044
2048
2041
2039
2027
2028
2009
2007
2005
1995
1981
1978
1975
1975
1973
1962
1961
1955
1947
1959
1943
1949
1955
1947
1945
1949
1960
1963
1976
1977
1987
1973
1992
2003
2012
2007
2027
2028
2025
2041
2037
2043
2057
2067
2065
2072
2073
2072
2068
2063
2063
2068
2048
2042
2057
2043
2041
2035
2033
2017
2016
2025
2016
2011
2000
1991
1988
1988
1971
1980
1966
1961
1968
1971
1960
1961
1952
1957
1952
1951
1952
1963
1956
1971
1956
1962
1971
1979
1975
1999
1993
2005
2003
2013
2019
2028
2031
2041
2040
2041
2043
2059
2065
2055
2045
2063
2046
2041
2039
2034
2033
2028
2011
2023
2011
1995
1993
1975
1964
1963
1958
1941
1943
1931
1929
1923
1919
1916
1909
1914
1909
1918
1908
1929
1925
1931
1947
1954
1961
1971
1976
1979
2003
2005
2013
2027
2019
2053
2048
2056
2073
2070
2076
2080
2077
2077
2075
2077
2080
2083
2071
2071
2067
2067
2059
2048
2039
2040
2017
2008
2014
2007
1993
1998
1988
1989
1983
1969
1973
1968
1965
1965
1973
1976
1971
1974
1979
1979
1981
1982
1993
2001
1999
2011
2014
2017
2031
2027
2041
2040
2035
2056
2059
2058
2075
2071
2069
2071
2083
2080
2076
2075
2071
2078
2063
2071
2066
2056
2063
2040
2036
2031
2031
2023
2031
2021
2005
2000
2001
1995
1988
1992
1984
1964
1968
1965
1975
1971
1971
1965
1964
1965
1963
1974
1975
1991
1984
1979
2003
2001
2003
2007
2012
2015
2025
2029
2029
2041
2039
2031
2037
2041
2035
2041
2037
2027
2039
2023
2023
2009
2019
2013
1997
1992
1977
1967
1973
1962
1961
1950
1945
1945
1937
1940
1935
1941
1931
1943
1939
1947
1945
1947
1951
1948
1949
1964
1964
1973
1981
1999
1988
1982
2006
2005
2017
2010
2019
2024
2025
2020
2012
2021
2027
2024
2027
2017
2005
1992
1977
1991
2023
2122
2300
2463
2737
2992
3179
3308
3468
3752
4095
4095
4095
4095
4095
4095
4095
4095
4095
4095
4095
4095
4095
4095
4095
4095
4095
4095
4095
4095
4095
4095
4095
3538
2876
2211
1393
410
0
0
0
0
0
0
0
0
0
0
0
0
0
0
0
0
0
0
0
0
0
0
0
0
0
0
751
1548
2363
3145
3968
4095
4095
4095
4095
4095
4095
4095
4095
4095
4095
4095
4095
4095
4095
4095
4095
4095
4095
4095
4095
4075
2983
2251
1269
485
0
0
0
0
0
0
0
0
0
0
0
0
0
0
0
0
0
0
0
0
0
0
0
0
0
767
1563
2401
3192
4095
4095
4095
4095
4095
4095
4095
4095
4095
4095
4095
4095
4095
4095
4095
4095
4095
4095
4095
4095
4095
4095
4095
4095
4076
3461
3027
2649
2291
1999
1738
1503
1301
1123
992
919
848
815
765
754
760
803
853
913
1005
1097
1203
1329
1463
1659
1849
2039
2247
2439
2652
2861
3065
3269
3453
3627
3788
3890
4043
4095
4095
4069
3966
3823
3679
3448
3276
3082
2901
2744
2579
2424
2265
2125
2004
1883
1784
1713
1642
1595
1575
1587
1613
1673
1733
1808
1906
1983
2091
2173
2248
2321
2367
2445
2483
2550
2603
2632
2652
2673
2687
2696
2709
2730
2745
2773
2791
2803
2791
2777
2772
2779
2813
2871
2911
2973
3027
3057
3093
3117
3150
3179
3196
3221
3237
3244
3235
3229
3196
3149
3077
3004
2939
2848
2765
2632
2507
2375
2278
2171
2084
1979
1891
1779
1712
1593
1504
1402
1307
1197
1129
1046
957
875
791
717
647
587
549
505
467
437
416
423
408
423
444
487
538
600
695
783
875
987
1107
1253
1387
1528
1661
1784
1917
2063
2193
2335
2460
2568
2667
2769
2845
2906
2968
2986
3003
2983
2981
2935
2875
2800
2719
2631
2523
2420
2288
2137
1989
1783
1611
1417
1249
1097
932
771
618
475
343
199
79
0
0
0
0
0
0
0
0
0
0
0
55
172
304
465
628
803
967
1161
1359
1561
1766
1965
2185
2385
2581
2764
2951
3140
3301
3477
3649
3773
3931
4069
4095
4095
4095
4095
4095
4095
4095
4095
4055
3917
3789
3613
3451
3295
3145
3004
2867
2720
2568
2441
2300
2167
2065
1948
1851
1752
1677
1620
1569
1524
1496
1468
1461
1513
1560
1626
1696
1767
1845
1925
2009
2093
2173
2281
2388
2461
2547
2612
2673
2715
2748
2777
2803
2832
2863
2872
2877
2864
2845
2829
2805
2803
2788
2767
2750
2710
2683
2623
2590
2533
2479
2424
2365
2300
2257
2200
2151
2103
2035
1975
1919
1867
1817
1767
1748
1733
1715
1700
1685
1693
1689
1701
1700
1719
1742
1771
1797
1821
1834
1876
1900
1916
1955
1951
1953
1957
1953
1935
1923
1904
1877
1847
1812
1753
1671
1597
1513
1446
1377
1326
1267
1199
1141
1080
1011
957
895
871
823
765
760
731
710
697
686
667
675
667
665
677
671
685
682
680
690
699
702
727
725
729
729
755
781
809
841
869
915
941
981
1037
1061
1138
1198
1275
1363
1437
1523
1595
1669
1711
1773
1833
1889
1943
2018
2057
2103
2157
2189
2227
2256
2287
2295
2312
2339
2363
2383
2396
2411
2423
2425
2430
2427
2427
2407
2409
2405
2397
2379
2352
2327
2296
2266
2230
2178
2147
2091
2038
1987
1936
1893
1828
1772
1700
1650
1592
1543
1508
1482
1438
1443
1445
1465
1482
1500
1547
1574
1636
1689
1755
1832
1910
2007
2099
2206
2301
2395
2483
2581
2651
2734
2821
2901
2978
3060
3136
3195
3243
3287
3313
3333
3337
3339
3336
3315
3296
3275
3240
3175
3117
3060
2976
2919
2841
2748
2672
2590
2505
2410
2335
2249
2168
2087
2008
1943
1854
1779
1708
1629
1557
1503
1443
1395
1343
1319
1264
1245
1232
1213
1199
1184
1197
1198
1202
1234
1280
1321
1388
1443
1511
1584
1669
1739
1833
1895
1983
2075
2152
2227
2297
2357
2420
2470
2508
2534
2548
2569
2555
2548
2531
2499
2461
2400
2341
2265
2171
2095
1993
1928
1835
1752
1656
1575
1472
1387
1300
1199
1128
1047
976
913
861
807
751
713
675
651
618
610
589
574
585
587
593
613
651
691
731
773
819
869
904
971
1043
1101
1169
1249
1307
1389
1461
1547
1600
1681
1725
1797
1853
1899
1942
1973
1996
2003
2018
2011
1997
1971
1957
1915
1877
1827
1768
1719
1645
1603
1535
1481
1416
1368
1317
1275
1244
1227
1184
1183
1179
1182
1191
1208
1239
1256
1294
1329
1364
1403
1436
1492
1542
1578
1628
1663
1693
1728
1742
1783
1801
1815
1835
1844
1861
1868
1889
1898
1925
1931
1951
1970
1991
2011
2037
2067
2083
2127
2140
2172
2227
2240
2291
2325
2343
2375
2391
2421
2432
2454
2475
2488
2499
2519
2520
2537
2541
2555
2563
2575
2587
2599
2605
2627
2613
2629
2631
2627
2619
2605
2585
2550
2526
2494
2457
2404
2361
2295
2237
2187
2123
2068
1987
1925
1883
1821
1787
1753
1725
1707
1700
1701
1694
1696
1721
1750
1774
1824
1867
1915
1976
2019
2085
2136
2197
2240
2300
2339
2397
2423
2467
2500
2515
2536
2565
2568
2565
2571
2579
2569
2548
2531
2500
2470
2426
2397
2333
2299
2240
2176
2115
2039
1963
1876
1797
1712
1638
1557
1443
1339
1275
1197
1100
1041
973
920
877
853
813
787
764
768
773
786
820
855
906
956
1013
1095
1178
1257
1344
1437
1507
1612
1700
1768
1861
1927
1997
2063
2112
2171
2208
2253
2272
2295
2296
2299
2291
2277
2246
2224
2184
2144
2090
2019
1965
1901
1831
1757
1675
1600
1511
1439
1373
1285
1229
1172
1115
1056
1031
993
965
945
935
946
951
981
1017
1069
1113
1197
1267
1336
1443
1543
1640
1757
1856
1979
2074
2176
2285
2373
2463
2552
2644
2707
2774
2840
2879
2921
2941
2967
2971
2968
2964
2935
2904
2848
2811
2744
2701
2640
2580
2525
2460
2407
2342
2286
2255
2205
2167
2128
2094
2071
2045
2031
2020
2008
1993
2008
2025
2038
2063
2080
2121
2149
2197
2232
2269
2325
2354
2402
2440
2488
2524
2567
2607
2643
2649
2668
2680
2688
2693
2681
2664
2640
2618
2584
2547
2506
2454
2411
2355
2285
2247
2175
2137
2072
2016
1971
1925
1889
1848
1820
1803
1775
1775
1767
1781
1797
1803
1824
1863
1888
1929
1991
2035
2115
2157
2226
2274
2333
2392
2423
2479
2528
2583
2610
2640
2663
2676
2685
2667
2662
2651
2620
2615
2557
2529
2483
2443
2397
2339
2299
2233
2169
2124
2063
2004
1943
1898
1856
1803
1758
1720
1689
1649
1621
1600
1590
1580
1603
1605
1617
1625
1645
1689
1715
1764
1817
1853
1910
1967
2024
2075
2136
2187
2232
2283
2324
2355
2391
2413
2453
2464
2488
2501
2493
2493
2491
2471
2445
2429
2392
2360
2323
2276
2229
2166
2125
2071
1996
1941
1878
1832
1764
1709
1656
1609
1562
1529
1480
1443
1423
1384
1362
1364
1337
1349
1343
1369
1393
1421
1451
1488
1545
1580
1637
1681
1725
1783
1840
1883
1938
1983
2032
2067
2107
2123
2154
2167
2174
2185
2194
2185
2163
2149
2129
2101
2076
2031
1999
1971
1929
1897
1861
1831
1805
1780
1779
1753
1744
1739
1751
1752
1759
1768
1799
1806
1832
1852
1877
1900
1943
1968
2001
2053
2072
2116
2145
2191
2213
2247
2269
2291
2333
2345
2379
2394
2412
2425
2427
2432
2445
2453
2430
2435
2428
2405
2383
2348
2329
2281
2256
2212
2174
2145
2096
2056
2023
1979
1949
1901
1875
1853
1834
1815
1823
1811
1813
1843
1847
1871
1894
1927
1963
2002
2045
2087
2121
2184
2232
2275
2313
2331
2364
2397
2407
2423
2427
2435
2435
2419
2403
2381
2347
2311
2281
2235
2203
2152
2106
2056
2000
1961
1917
1869
1845
1811
1773
1738
1723
1693
1683
1669
1663
1667
1662
1659
1677
1687
1699
1702
1719
1733
1755
1758
1783
1798
1821
1843
1847
1881
1889
1898
1909
1940
1945
1947
1960
1970
1974
1988
1984
2007
2003
1996
2004
2008
1995
1979
1978
1963
1953
1937
1923
1912
1881
1867
1837
1818
1803
1769
1742
1715
1691
1689
1662
1643
1633
1621
1600
1613
1605
1599
1609
1605
1609
1625
1623
1623
1654
1656
1675
1688
1704
1723
1753
1768
1792
1819
1838
1853
1875
1887
1915
1929
1949
1967
1981
2007
2014
2037
2062
2059
2073
2080
2092
2097
2105
2103
2109
2111
2115
2120
2099
2091
2085
2071
2071
2040
2030
2013
1995
1975
1959
1935
1920
1901
1882
1875
1859
1845
1832
1829
1824
1843
1835
1847
1852
1867
1897
1917
1944
1979
2015
2039
2083
2135
2169
2215
2264
2317
2347
2395
2441
2486
2528
2571
2594
2629
2664
2681
2711
2713
2719
2723
2726
2711
2693
2677
2652
2619
2595
2549
2515
2480
2437
2396
2345
2288
2251
2187
2151
2104
2059
2012
1963
1928
1885
1851
1816
1791
1764
1735
1711
1690
1683
1672
1659
1643
1647
1641
1640
1641
1669
1671
1684
1708
1721
1739
1775
1789
1819
1836
1853
1875
1897
1925
1929
1943
1955
1952
1970
1953
1949
1943
1937
1913
1898
1879
1856
1828
1804
1771
1739
1719
1695
1657
1637
1617
1595
1571
1579
1565
1567
1565
1573
1571
1589
1598
1621
1639
1659
1674
1707
1740
1763
1789
1801
1835
1851
1867
1889
1895
1899
1911
1899
1901
1905
1881
1879
1861
1824
1815
1773
1768
1710
1695
1655
1627
1604
1556
1514
1485
1460
1413
1387
1352
1312
1299
1267
1249
1244
1245
1230
1239
1241
1255
1275
1303
1331
1376
1421
1464
1513
1564
1640
1699
1770
1843
1911
1977
2045
2112
2175
2223
2281
2327
2352
2399
2420
2439
2442
2447
2425
2439
2407
2376
2349
2291
2249
2195
2137
2063
2019
1939
1880
1815
1762
1707
1657
1579
1548
1513
1488
1451
1429
1421
1422
1421
1422
1459
1479
1523
1563
1611
1660
1725
1796
1856
1934
2011
2098
2162
2228
2295
2363
2411
2467
2515
2549
2584
2596
2611
2612
2604
2599
2580
2569
2520
2479
2427
2383
2335
2269
2203
2148
2099
2038
1980
1939
1866
1823
1789
1749
1723
1703
1695
1680
1688
1692
1725
1748
1771
1819
1840
1893
1947
1992
2055
2103
2169
2221
2279
2336
2389
2423
2473
2505
2536
2545
2555
2577
2583
2557
2555
2530
2510
2461
2415
2380
2312
2251
2191
2117
2048
1980
1904
1837
1760
1701
1629
1563
1513
1450
1413
1367
1349
1319
1305
1287
1301
1311
1321
1357
1391
1435
1483
1525
1593
1640
1715
1760
1821
1883
1944
2012
2065
2121
2165
2197
2231
2271
2291
2301
2314
2299
2296
2281
2265
2239
2197
2148
2093
2059
1995
1927
1875
1813
1748
1693
1625
1565
1505
1459
1436
1382
1351
1332
1331
1312
1320
1325
1343
1355
1400
1428
1487
1520
1578
1626
1685
1740
1803
1859
1925
1968
2031
2078
2137
2175
2232
2262
2313
2347
2361
2385
2407
2396
2409
2395
2385
2364
2317
2299
2263
2223
2167
2131
2073
2011
1970
1903
1853
1809
1749
1706
1673
1632
1609
1592
1562
1547
1535
1545
1548
1565
1576
1620
1656
1700
1751
1813
1867
1916
2003
2072
2136
2205
2272
2344
2399
2462
2513
2575
2615
2633
2657
2675
2701
2709
2697
2676
2661
2632
2595
2541
2484
2441
2392
2325
2263
2211
2145
2083
2016
1963
1895
1845
1798
1755
1719
1683
1652
1643
1622
1617
1614
1625
1644
1670
1704
1733
1779
1836
1863
1943
1995
2057
2121
2187
2232
2301
2343
2399
2455
2499
2535
2572
2595
2614
2626
2624
2633
2620
2611
2594
2560
2536
2496
2460
2406
2376
2331
2283
2223
2181
2120
2077
2027
1982
1944
1903
1870
1838
1815
1781
1766
1764
1747
1757
1743
1761
1771
1782
1802
1835
1856
1879
1911
1917
1951
1968
2005
2019
2043
2066
2071
2085
2091
2103
2097
2088
2079
2075
2055
2031
2018
1987
1976
1931
1913
1883
1849
1827
1784
1740
1709
1684
1655
1620
1604
1577
1559
1532
1525
1505
1519
1512
1522
1528
1546
1563
1585
1600
1643
1673
1692
1735
1773
1817
1835
1875
1903
1925
1967
1982
2020
2059
2078
2088
2100
2123
2121
2134
2139
2137
2133
2133
2112
2107
2091
2073
2055
2024
2000
1991
1954
1923
1904
1873
1851
1809
1800
1759
1737
1712
1689
1678
1661
1646
1643
1625
1624
1611
1628
1625
1633
1641
1653
1662
1687
1699
1739
1762
1795
1824
1863
1882
1919
1957
1988
2029
2058
2096
2123
2157
2199
2229
2240
2265
2285
2300
2303
2327
2325
2329
2329
2327
2316
2300
2299
2285
2275
2257
2231
2207
2189
2179
2145
2133
2117
2077
2084
2063
2041
2032
2012
2003
1989
1991
1981
1978
1979
1989
1990
1991
2007
2012
2019
2037
2043
2068
2075
2104
2108
2125
2152
2168
2180
2197
2217
2228
2245
2236
2263
2252
2263
2253
2267
2256
2240
2235
2217
2205
2185
2165
2121
2101
2077
2040
2004
1966
1941
1900
1875
1840
1811
1797
1771
1745
1735
1721
1711
1705
1715
1721
1740
1745
1768
1780
1818
1838
1861
1899
1915
1947
1979
1995
2025
2059
2071
2094
2104
2121
2125
2141
2137
2135
2137
2127
2104
2093
2091
2063
2055
2016
1997
1962
1941
1900
1877
1833
1807
1765
1749
1713
1680
1649
1624
1595
1566
1557
1530
1511
1501
1491
1479
1477
1484
1484
1505
1533
1539
1557
1583
1613
1631
1679
1705
1748
1783
1823
1861
1901
1936
1965
2008
2040
2066
2085
2112
2125
2151
2144
2161
2153
2163
2157
2138
2129
2120
2100
2077
2065
2039
2019
1994
1979
1957
1933
1916
1903
1893
1882
1881
1881
1877
1892
1913
1912
1917
1958
1975
1999
2028
2055
2088
2121
2135
2183
2204
2237
2263
2293
2327
2343
2363
2379
2399
2400
2409
2420
2421
2411
2419
2399
2397
2379
2351
2342
2321
2299
2273
2253
2220
2186
2159
2120
2103
2077
2063
2011
1992
1971
1945
1925
1912
1905
1883
1864
1854
1850
1853
1855
1869
1879
1895
1900
1941
1960
1995
2020
2052
2079
2129
2157
2203
2222
2263
2296
2327
2345
2361
2389
2384
2407
2409
2407
2400
2394
2359
2334
2314
2276
2247
2211
2179
2137
2073
2039
1997
1947
1904
1845
1821
1781
1744
1720
1688
1672
1653
1636
1623
1626
1621
1632
1638
1652
1675
1692
1721
1735
1771
1800
1831
1864
1898
1917
1946
1980
2005
2027
2046
2083
2087
2103
2107
2105
2106
2109
2099
2080
2077
2059
2035
1995
1972
1941
1898
1871
1833
1785
1767
1723
1693
1655
1617
1588
1562
1523
1513
1480
1467
1448
1440
1453
1447
1461
1470
1479
1512
1540
1565
1602
1627
1674
1696
1742
1789
1815
1869
1885
1932
1958
1980
2015
2039
2057
2075
2074
2105
2091
2089
2095
2079
2071
2057
2039
2013
1986
1963
1928
1886
1863
1828
1799
1767
1741
1708
1685
1659
1637
1625
1611
1589
1596
1582
1591
1592
1619
1615
1641
1651
1689
1720
1746
1783
1815
1845
1897
1936
1973
2008
2063
2092
2135
2176
2213
2249
2273
2315
2328
2355
2377
2384
2391
2388
2397
2389
2389
2376
2357
2345
2301
2299
2278
2257
2228
2185
2166
2131
2112
2097
2067
2039
2011
1997
1989
1966
1944
1945
1932
1931
1926
1917
1924
1931
1937
1947
1957
1968
1988
2012
2011
2047
2071
2097
2119
2152
2171
2195
2218
2240
2265
2283
2311
2314
2332
2341
2355
2349
2355
2353
2342
2339
2333
2321
2301
2287
2269
2237
2221
2187
2168
2136
2104
2089
2059
2024
2018
1980
1980
1948
1951
1924
1919
1917
1915
1912
1927
1918
1927
1932
1945
1957
1976
1989
1995
2008
2025
2040
2044
2069
2072
2084
2089
2095
2111
2105
2104
2105
2104
2099
2093
2095
2091
2087
2076
2056
2035
2026
2011
1995
1978
1949
1928
1913
1889
1865
1833
1819
1789
1767
1752
1737
1711
1691
1680
1676
1661
1662
1661
1659
1653
1669
1669
1673
1703
1710
1719
1744
1763
1797
1819
1843
1875
1896
1911
1940
1951
1971
1995
2007
2003
2008
2013
2024
2025
2027
2016
2017
1993
1978
1972
1955
1929
1913
1881
1869
1848
1819
1804
1788
1781
1755
1755
1739
1728
1728
1735
1728
1736
1744
1752
1763
1775
1801
1815
1838
1853
1880
1897
1925
1932
1972
1984
2011
2031
2048
2083
2095
2115
2120
2143
2156
2168
2183
2176
2191
2187
2199
2197
2190
2186
2187
2168
2168
2161
2153
2137
2129
2119
2111
2101
2091
2083
2073
2048
2058
2065
2045
2056
2056
2058
2070
2076
2099
2100
2111
2144
2159
2173
2205
2217
2253
2272
2285
2300
2322
2344
2355
2362
2387
2391
2401
2407
2409
2401
2394
2385
2365
2359
2343
2327
2301
2288
2270
2236
2215
2205
2173
2147
2133
2116
2082
2059
2042
2027
2019
1998
1977
1993
1971
1968
1973
1969
1971
1975
1977
1989
2001
2011
2034
2043
2056
2087
2104
2127
2153
2167
2200
2219
2238
2264
2277
2287
2319
2326
2335
2347
2339
2347
2347
2334
2335
2314
2293
2290
2253
2232
2199
2169
2133
2109
2069
2040
1997
1976
1939
1904
1878
1853
1833
1805
1805
1771
1768
1763
1755
1753
1753
1761
1771
1779
1792
1789
1821
1831
1867
1893
1900
1909
1948
1960
1992
1997
2041
2067
2071
2075
2093
2105
2107
2092
2105
2104
2106
2089
2079
2066
2043
2024
2021
2005
1976
1937
1937
1911
1896
1869
1847
1837
1824
1807
1797
1776
1788
1785
1771
1779
1781
1791
1810
1818
1824
1839
1856
1892
1910
1925
1963
1973
2013
2030
2069
2115
2126
2147
2173
2198
2217
2230
2253
2261
2281
2261
2282
2271
2275
2261
2261
2239
2217
2205
2186
2167
2143
2117
2094
2073
2039
2024
1997
1967
1943
1916
1927
1904
1893
1881
1881
1873
1877
1884
1895
1902
1916
1932
1947
1970
1998
2003
2040
2077
2108
2131
2152
2185
2223
2257
2269
2288
2329
2343
2351
2371
2394
2385
2408
2396
2405
2405
2401
2393
2376
2361
2355
2311
2301
2272
2257
2221
2185
2166
2136
2103
2073
2041
2009
1993
1967
1947
1928
1909
1902
1885
1887
1879
1876
1880
1894
1897
1894
1911
1928
1947
1952
1974
2003
2008
2035
2041
2075
2080
2096
2129
2135
2143
2152
2171
2167
2179
2193
2176
2190
2196
2179
2184
2179
2159
2141
2146
2131
2104
2088
2068
2039
2028
1998
1977
1960
1937
1915
1885
1879
1849
1837
1818
1801
1784
1780
1771
1760
1766
1772
1779
1784
1789
1804
1816
1830
1846
1865
1879
1901
1915
1937
1961
1965
2005
2013
2028
2037
2054
2068
2072
2087
2091
2096
2085
2099
2093
2083
2073
2077
2053
2040
2024
2009
1991
1971
1952
1939
1919
1907
1892
1868
1855
1832
1831
1809
1797
1799
1797
1784
1785
1785
1799
1789
1803
1817
1816
1848
1861
1872
1898
1925
1938
1965
1997
2016
2030
2056
2079
2104
2128
2153
2166
2181
2196
2207
2223
2227
2233
2245
2236
2259
2236
2231
2225
2204
2210
2189
2165
2152
2132
2121
2094
2073
2059
2032
2011
1991
1973
1963
1937
1916
1911
1898
1896
1891
1887
1893
1883
1900
1905
1912
1925
1952
1961
1983
2000
2031
2040
2066
2093
2127
2139
2160
2181
2208
2217
2235
2251
2264
2275
2271
2281
2281
2275
2271
2273
2253
2249
2232
2215
2195
2183
2155
2141
2105
2083
2055
2036
2004
1975
1950
1937
1904
1898
1881
1852
1849
1832
1828
1817
1819
1808
1818
1833
1833
1852
1873
1888
1907
1941
1952
1995
2009
2035
2063
2088
2117
2133
2155
2167
2181
2201
2212
2212
2205
2215
2212
2209
2204
2187
2161
2147
2134
2093
2076
2055
2024
2001
1962
1947
1907
1883
1848
1835
1801
1779
1768
1740
1739
1728
1735
1736
1715
1735
1727
1737
1749
1765
1779
1793
1829
1852
1864
1891
1915
1943
1989
1987
2017
2035
2064
2089
2094
2117
2131
2145
2136
2137
2152
2147
2143
2128
2119
2100
2095
2081
2044
2025
1997
1975
1943
1917
1903
1863
1852
1821
1799
1784
1763
1749
1742
1733
1725
1708
1725
1718
1725
1745
1750
1763
1785
1800
1821
1843
1872
1899
1926
1955
1964
2003
2016
2053
2070
2085
2092
2109
2127
2121
2127
2128
2129
2112
2117
2093
2095
2072
2065
2026
2011
1979
1961
1948
1915
1911
1881
1853
1847
1827
1819
1816
1807
1800
1810
1799
1815
1821
1809
1843
1856
1889
1906
1931
1959
1980
2005
2039
2075
2101
2126
2151
2189
2211
2237
2264
2267
2291
2312
2315
2324
2324
2325
2325
2324
2309
2295
2264
2255
2235
2207
2171
2155
2121
2089
2068
2030
2012
1980
1957
1935
1909
1889
1881
1865
1863
1853
1835
1849
1847
1849
1856
1884
1898
1912
1933
1951
1975
2011
2035
2067
2095
2123
2140
2172
2197
2219
2245
2263
2285
2286
2299
2311
2316
2316
2300
2309
2288
2291
2264
2256
2231
2193
2173
2143
2124
2092
2067
2024
1991
1965
1928
1908
1880
1859
1829
1816
1803
1780
1771
1769
1760
1760
1771
1775
1789
1812
1827
1836
1861
1883
1896
1930
1964
1979
2007
2017
2063
2063
2083
2106
2115
2137
2148
2148
2156
2160
2147
2161
2150
2152
2136
2119
2113
2101
2077
2060
2047
2025
1999
1982
1966
1943
1916
1911
1889
1878
1853
1843
1836
1828
1829
1818
1827
1827
1832
1833
1849
1859
1869
1901
1899
1927
1945
1959
1983
2005
2027
2041
2067
2075
2086
2101
2111
2129
2133
2142
2138
2143
2136
2148
2137
2123
2119
2107
2093
2087
2067
2057
2035
2013
1997
1992
1963
1955
1941
1927
1920
1909
1892
1898
1877
1875
1885
1885
1892
1888
1896
1913
1926
1935
1951
1965
1979
1992
2011
2024
2060
2076
2079
2106
2123
2145
2152
2165
2172
2174
2186
2189
2209
2189
2195
2193
2187
2171
2181
2157
2147
2141
2124
2123
2092
2075
2066
2039
2028
2009
1996
1981
1966
1944
1947
1936
1932
1916
1912
1909
1904
1917
1919
1911
1933
1933
1953
1965
1965
1995
2008
2019
2032
2065
2087
2103
2120
2125
2159
2157
2171
2190
2213
2205
2229
2220
2220
2224
2235
2222
2223
2220
2203
2203
2201
2184
2155
2151
2127
2120
2106
2088
2065
2053
2037
2028
2011
1997
1992
1971
1965
1952
1953
1952
1933
1947
1923
1941
1943
1944
1955
1957
1971
1973
1981
2008
2009
2029
2033
2071
2075
2078
2090
2119
2137
2139
2159
2154
2175
2185
2203
2201
2189
2187
2205
2197
2189
2194
2175
2171
2147
2131
2129
2101
2093
2075
2056
2035
2016
2011
1979
1963
1951
1923
1927
1919
1895
1884
1889
1888
1891
1883
1888
1895
1891
1909
1923
1937
1953
1959
1977
1998
2010
2035
2040
2065
2083
2091
2117
2127
2140
2157
2157
2163
2168
2168
2175
2173
2182
2160
2157
2147
2137
2123
2103
2091
2072
2059
2032
2008
1992
1977
1967
1947
1920
1908
1892
1885
1876
1869
1861
1843
1841
1853
1862
1871
1862
1873
1880
1898
1898
1937
1949
1967
1977
2003
2020
2043
2055
2089
2086
2106
2125
2140
2153
2163
2160
2183
2171
2183
2172
2173
2170
2164
2157
2152
2140
2124
2104
2079
2071
2039
2009
2003
1979
1958
1951
1920
1913
1888
1867
1875
1851
1853
1836
1840
1835
1846
1843
1849
1869
1867
1886
1909
1927
1943
1967
1988
2007
2034
2063
2086
2104
2124
2141
2163
2169
2186
2201
2206
2207
2221
2216
2219
2204
2199
2187
2164
2149
2140
2110
2085
2065
2028
2007
1983
1970
1938
1912
1881
1867
1844
1823
1809
1803
1799
1784
1786
1782
1784
1788
1799
1813
1821
1824
1855
1881
1897
1928
1935
1972
1990
2029
2039
2077
2104
2120
2141
2160
2175
2199
2209
2227
2229
2229
2237
2228
2217
2216
2217
2200
2183
2169
2137
2132
2099
2087
2063
2025
2008
1977
1951
1929
1897
1867
1853
1841
1821
1812
1798
1785
1777
1787
1767
1775
1784
1801
1790
1811
1827
1837
1867
1885
1905
1937
1951
1973
1989
2025
2030
2071
2085
2099
2121
2120
2137
2138
2145
2153
2146
2139
2135
2123
2121
2099
2068
2065
2042
2024
2007
1971
1966
1937
1905
1882
1872
1859
1849
1829
1787
1806
1784
1781
1772
1774
1783
1782
1783
1803
1806
1819
1833
1845
1867
1885
1897
1918
1957
1967
1992
1996
2020
2037
2048
2072
2082
2092
2107
2110
2110
2115
2108
2107
2104
2088
2088
2057
2057
2032
2019
2005
1990
1959
1943
1923
1900
1885
1852
1843
1839
1819
1815
1803
1790
1777
1786
1801
1787
1811
1817
1815
1835
1849
1869
1875
1899
1924
1941
1960
1987
2001
2027
2039
2061
2073
2087
2100
2105
2123
2127
2127
2133
2121
2126
2119
2121
2105
2101
2080
2067
2055
2028
2016
2007
1984
1957
1947
1928
1911
1885
1879
1860
1835
1825
1812
1805
1799
1785
1782
1779
1785
1787
1801
1797
1812
1819
1827
1843
1863
1852
1881
1901
1927
1936
1962
1964
1983
1988
2023
2028
2040
2051
2063
2075
2075
2084
2081
2078
2077
2088
2067
2069
2057
2042
2041
2027
2011
1995
1982
1961
1957
1941
1927
1913
1906
1889
1869
1877
1877
1865
1837
1863
1850
1849
1862
1865
1881
1892
1900
1911
1928
1939
1957
1967
1981
1989
2020
2024
2031
2048
2057
2075
2092
2095
2115
2115
2119
2125
2109
2135
2119
2125
2123
2110
2118
2119
2109
2087
2095
2071
2071
2065
2053
2040
2031
2016
2023
2012
1991
1991
1979
1977
1970
1975
1956
1967
1963
1972
1982
1975
1984
1991
2003
2019
2022
2041
2035
2063
2067
2077
2089
2093
2119
2121
2123
2136
2135
2149
2152
2152
2145
2152
2145
2143
2137
2133
2115
2116
2114
2091
2085
2071
2059
2043
2023
2027
2003
1997
1979
1971
1945
1955
1937