2057,2064
2057,2073
2044,2007
2039,2045
2036,2063
2033,2017
2025,2063
2023,2071
2031,2070
2011,2029
2009,2071
2014,2006
2001,2065
2000,2060
2002,2027
2007,2033
2004,2039
2003,2020
1996,2027
1999,2045
2000,2056
2007,2069
1996,2011
2003,2035
2011,2045
2012,2023
2017,2023
2016,2071
2016,2021
2022,2006
2028,2019
2032,2025
2032,2069
2040,2035
2040,2017
2056,2058
2056,2027
2063,2024
2059,2064
2065,2011
2079,2043
2079,2072
2081,2044
2083,2035
2097,2072
2097,2063
2103,2079
2105,2033
2112,2056
2117,2025
2120,2045
2129,2024
2123,2053
2132,2020
2131,2063
2140,2003
2147,2021
2145,2033
2141,2035
2152,2065
2152,2043
2151,2042
2151,2017
2145,2045
2153,2066
2152,2072
2144,2065
2137,2034
2144,2069
2131,2073
2132,2061
2121,2047
2117,2080
2123,2039
2109,2035
2113,2040
2104,2077
2105,2056
2094,2080
2092,2040
2092,2010
2067,2059
2072,2027
2065,2058
2071,2068
2063,2055
2056,2044
2048,1996
2039,2040
2028,2022
2032,2068
2035,2056
2024,2077
2012,2019
2016,2073
2009,2019
2005,2085
2015,2021
2007,2022
2008,2055
2008,2067
2004,2008
2003,2054
2009,2060
2008,2023
2001,2021
2008,2053
2009,2067
2005,2040
2017,2044
2017,2021
2015,2009
2020,2060
2018,2043
2028,1992
2028,2059
2031,2064
2038,2041
2044,2063
2052,2071
2057,2039
2067,2039
2067,2043
2069,2043
2082,2019
2086,2011
2091,2033
2095,2021
2096,2011
2104,2011
2103,2017
2116,2027
2123,2035
2124,2054
2123,2035
2128,2035
2137,2033
2131,2038
2140,2025
2149,2012
2151,2023
2152,2036
2152,2017
2149,2042
2149,2059
2147,2060
2152,2032
2149,2039
2155,2043
2140,2068
2145,2063
2147,2035
2143,2081
2141,2071
2138,2021
2133,2072
2123,2042
2126,2013
2120,2040
2106,2053
2105,2046
2105,2071
2089,2064
2090,2043
2097,2027
2081,2017
2085,2009
2077,2067
2072,2066
2064,2021
2060,2040
2056,2061
2044,2071
2051,2078
2032,2039
2027,2044
2019,2067
2022,2068
2016,2019
2013,2055
2017,2023
2001,2043
2006,2021
1995,2023
2001,2060
1999,1995
2002,2023
2003,2044
1995,2023
1998,2029
1995,2042
2001,2008
2009,2060
2008,2045
2009,2039
2003,2053
2015,2056
2017,2080
2019,2031
2026,2023
2019,2040
2025,2041
2038,2009
2036,2017
2044,2059
2059,2052
2063,2056
2067,2060
2068,2007
2069,2053
2071,2024
2084,2025
2082,2043
2090,2023
2103,2001
2085,2033
2104,2019
2108,2056
2110,2009
2117,2025
2107,2009
2123,2077
2119,2063
2125,2055
2138,2072
2136,2018
2141,2064
2140,2053
2144,2019
2131,2064
2139,2085
2142,2065
2135,2043
2136,2032
2133,2067
2136,2019
2117,2003
2121,2037
2109,2045
2116,2069
2109,2044
2111,2035
2101,2013
2097,2063
2099,2077
2092,2071
2085,2071
2077,2074
2075,2042
2069,2015
2067,2075
2063,2023
2057,2065
2048,2072
2033,2024
2035,2043
2023,2044
2025,2024
2023,2045
2008,2021
2020,2048
2005,2011
2003,2072
1995,2021
1994,2045
1979,2015
1995,2044
1984,2040
1987,2045
1981,2055
1975,2088
1979,2043
1984,2021
1981,2015
1984,2005
1977,2036
1988,2071
1994,2027
1987,2043
2001,2080
1999,2063
2001,2020
1997,2063
2007,2025
2008,2072
2016,2042
2009,2020
2013,2035
2023,2037
2035,2064
2041,2059
2041,2041
2056,2057
2057,2037
2065,2023
2068,2011
2071,2062
2080,2060
2075,2053
2089,2011
2097,2027
2091,2077
2104,2077
2108,2043
2112,2019
2107,2024
2112,2028
2123,2054
2123,2075
2123,2037
2133,2063
2127,2079
2132,2040
2135,2007
2131,2080
2136,2071
2135,2038
2131,2056
2124,2025
2129,2067
2127,2060
2106,2039
2123,2043
2115,2038
2105,2035
2103,2064
2105,2035
2093,2036
2093,2075
2091,2030
2075,2007
2084,2043
2069,2063
2070,2037
2064,2012
2052,2024
2052,2017
2045,2029
2044,2022
2027,2057
2021,2066
2019,2039
2015,2071
2022,2015
2005,2031
2005,2042
1993,2065
2001,2080
1994,2060
1995,2021
1992,2075
1991,2027
1984,2041
1984,2007
1982,2043
1990,2055
1977,2052
1992,2045
1989,2044
1979,2030
1989,2063
2000,2058
1998,2023
2003,2041
2003,2045
1999,2043
2012,2035
2007,2071
2011,2039
2029,2068
2027,2037
2024,2066
2032,2056
2045,2009
2048,2065
2052,2008
2053,2047
2057,2067
2063,2063
2071,2071
2086,2017
2088,2039
2087,2044
2096,2017
2099,2072
2103,2027
2112,2025
2112,2023
2120,2031
2128,2037
2131,2027
2127,2057
2136,2019
2136,2056
2141,2063
2140,2025
2146,2056
2137,2035
2143,2072
2148,2054
2145,2060
2145,2076
2140,2048
2132,2065
2136,2045
2136,2019
2132,2058
2121,2060
2123,2069
2131,2057
2109,2059
2118,2009
2112,2064
2099,2053
2101,2065
2093,2079
2090,2053
2077,2063
2075,2024
2069,2065
2075,2042
2057,2039
2055,2076
2047,2044
2041,2095
2041,2043
2031,2060
2012,2052
2027,2069
2017,2077
2015,2021
2001,2061
2009,2029
2005,2035
1999,2031
1992,2064
1996,2089
1993,2054
1989,2013
2000,1993
1997,2046
1983,2023
1988,2068
1996,2067
1996,2032
1993,2064
1996,2040
1997,2058
2007,2023
2008,2042
2018,2059
2015,2048
2023,1995
2019,2009
2020,2081
2032,2054
2039,2042
2033,2025
2047,2021
2039,2019
2060,2067
2056,2071
2071,2044
2076,2073
2074,2056
2089,2054
2096,2044
2089,2029
2096,2056
2093,2027
2105,2011
2107,2027
2124,2063
2122,2013
2129,2042
2131,2035
2125,2056
2137,2037
2133,2018
2141,2008
2135,2023
2135,2048
2135,2048
2146,2021
2135,2072
2136,2011
2141,2019
2135,2005
2133,2035
2129,2007
2128,2031
2123,2045
2124,2055
2115,2037
2115,2068
2107,2013
2092,2067
2099,2015
2091,2058
2088,2059
2086,2055
2080,2027
2069,2035
2065,2080
2065,2057
2063,2080
2051,2023
2039,2031
2029,2072
2027,2011
2030,2024
2011,2061
2015,2056
2009,2041
2005,2009
1996,2030
2001,2075
1993,2057
1989,2063
1993,2027
1995,2072
1993,2058
1987,2037
1992,2026
1992,2027
1981,2044
1993,2060
1994,2079
1992,2055
1981,2071
1995,1997
2001,2013
2003,2052
1996,2060
2011,2058
2014,2039
2005,2063
2011,2063
2024,2009
2032,2058
2029,2075
2035,2064
2041,2008
2045,2060
2063,2056
2063,2045
2055,2059
2068,2020
2076,2048
2079,2058
2080,1997
2086,2023
2085,2041
2091,2071
2099,2040
2107,2035
2105,2056
2120,2053
2120,2019
2125,2023
2122,1978
2128,2021
2128,2017
2132,2009
2131,2035
2123,2039
2129,2027
2140,2046
2133,2063
2135,2026
2138,2028
2127,2057
2128,2057
2131,2063
2121,1998
2117,2021
2117,2035
2114,2019
2109,2002
2107,2035
2098,2027
2091,2010
2092,2063
2087,2053
2075,2040
2077,2027
2067,2004
2068,2043
2066,2042
2055,2013
2040,2017
2038,2039
2030,2060
2025,2072
2024,2021
2023,2080
2007,2063
2001,2073
2005,1997
2003,2067
2003,2026
1992,2044
1991,2064
1989,2025
1983,2027
1979,2058
1984,2039
1984,2037
1987,2067
1978,2017
1980,2067
1973,2027
1984,2007
1979,2035
1993,2058
1992,2052
1996,1996
1993,2067
2000,2002
2008,2042
2008,2039
2008,2028
2012,2037
2019,2011
2019,2060
2021,2068
2029,2067
2040,2046
2039,2071
2041,2033
2056,2019
2063,2043
2063,2065
2072,2033
2071,2037
2071,2041
2084,2021
2092,2067
2096,2009
2091,2036
2103,2023
2108,2007
2112,2022
2116,2018
2120,1997
2121,2037
2123,2072
2129,1996
2132,2076
2125,2036
2132,2039
2127,2048
2124,2062
2121,2055
2131,2034
2115,2056
2123,2027
2125,2073
2115,2064
2115,2008
2111,2005
2110,2007
2102,2007
2092,2045
2093,2068
2092,2040
2087,2056
2073,2075
2081,2068
2072,2048
2069,2068
2065,2051
2063,2018
2044,2052
2040,2066
2032,2077
2032,2021
2027,2011
2017,2063
2024,2076
2016,2075
2014,2015
1993,2021
1997,2053
1997,2067
1993,2035
1990,2042
1990,2069
1992,2048
1976,2013
1979,2027
1984,2060
1979,2025
1977,2011
1977,2007
1987,2054
1984,2015
1994,2071
1976,2068
1989,2021
1991,2025
1999,2041
2003,2080
2004,2038
2001,2066
2010,2027
2011,2059
2011,2057
2023,2059
2028,2037
2039,2042
2035,2021
2039,2039
2040,2039
2059,2064
2066,2065
2067,2037
2073,2039
2069,2069
2081,2067
2088,2035
2088,2024
2096,2007
2104,2072
2108,2071
2104,2066
2115,2056
2123,2066
2129,2025
2135,2034
2130,2064
2123,2042
2137,2024
2131,2023
2129,2067
2135,2025
2137,2071
2132,2037
2128,2035
2128,2005
2128,2023
2123,2057
2121,2021
2124,2033
2120,2041
2119,2021
2109,2052
2101,2037
2097,2068
2096,2067
2095,2065
2085,2041
2082,2032
2079,2027
2074,2059
2063,2040
2059,2043
2059,2054
2045,2025
2032,2031
2037,2055
2025,2061
2023,2011
2016,2042
2008,1989
2009,2065
2006,2004
2003,2018
1995,2071
1992,2009
1992,2043
1984,2065
1992,2024
1976,2051
1989,2044
1991,2023
1971,2063
1984,2025
1977,2079
1973,2056
1988,2056
1984,2039
1985,2056
1991,2060
1991,2008
1998,2067
2000,2011
2007,2040
2009,2027
2016,2024
2020,2027
2021,2041
2027,2040
2025,2039
2033,2065
2039,2029
2040,2025
2039,2031
2053,2040
2059,2029
2071,2066
2075,2047
2075,2069
2083,2072
2087,2045
2091,2025
2104,2007
2106,2025
2113,2064
2112,2052
2112,2065
2127,2070
2131,2033
2135,2019
2125,2063
2137,2003
2139,2045
2142,2026
2140,2025
2144,2015
2139,2046
2133,2040
2140,2059
2143,2042
2138,2027
2135,2011
2130,2052
2132,2068
2119,2037
2128,2011
2116,2035
2101,2063
2109,2039
2104,2035
2093,2033
2103,2072
2099,2044
2083,2060
2081,2021
2080,2067
2072,2063
2072,2023
2059,2034
2065,2080
2065,2038
2047,2063
2027,2029
2036,2029
2034,2027
2028,2023
2011,2021
2019,2029
2012,2013
2011,2053
2007,2017
2010,2063
2002,2004
2004,2007
1999,2041
2005,2042
2001,2029
1996,2034
1991,2048
1999,2042
2000,2013
2004,2027
2005,2055
2012,2068
2005,2047
2008,2033
2015,2073
2020,2058
2024,2036
2021,2039
2028,2025
2029,2075
2040,2076
2051,2039
2048,2051
2057,2024
2064,2025
2073,2021
2071,2013
2079,2041
2081,2059
2087,2028
2091,2053
2102,2064
2096,2055
2108,2045
2112,2017
2119,2063
2121,2026
2123,1996
2132,2054
2135,2023
2136,2025
2140,2060
2142,2073
2145,2035
2151,2040
2135,2023
2153,2040
2145,2057
2146,2071
2151,2012
2152,2048
2143,2023
2146,2024
2137,2035
2134,2017
2140,2071
2135,2043
2131,2056
2121,2067
2124,2056
2117,2027
2121,2041
2110,2040
2103,2029
2103,2029
2099,2066
2091,2069
2083,2036
2084,2025
2081,2063
2073,2063
2063,2024
2063,2062
2055,2009
2053,2009
2040,2026
2032,2023
2024,2069
2022,2053
2011,2048
2009,2060
2011,2023
2003,2043
2008,2076
2005,2075
2008,2012
1995,2055
2006,2017
2001,2063
1996,2025
2000,2005
1998,2040
1992,2041
1996,2035
2007,2072
2000,2053
2004,2067
2010,2011
2012,2055
2014,2020
2012,2072
2015,2075
2019,2055
2031,2045
2039,2035
2035,2005
2042,2040
2056,2075
2057,2075
2069,2068
2065,2034
2075,2011
2075,2023
2080,2033
2090,2023
2095,2017
2098,2025
2104,2009
2102,2003
2113,2017
2104,2063
2119,2041
2125,2033
2128,2037
2135,2034
2137,2044
2129,2080
2143,2079
2138,2039
2142,2025
2137,2040
2147,2041
2150,2055
2144,2072
2144,2026
2143,2003
2143,2059
2140,2056
2137,2056
2131,2056
2129,2056
2129,2064
2107,2041
2117,2044
2111,2007
2110,2015
2103,2009
2103,2035
2092,2029
2088,2017
2077,2045
2080,2069
2080,2033
2070,2048
2064,2058
2041,2033
2044,2079
2040,2055
2037,2080
2036,2019
2022,1991
2019,2055
2005,2067
2012,2071
2007,2063
2001,2063
1999,2064
2002,2076
1996,2030
1995,2062
1993,2042
1987,2040
1992,2025
1988,2023
1995,2084
1992,2019
1997,2044
1988,2048
2000,2059
1995,2064
2002,2066
2004,2064
2009,2033
2008,2063
2013,2051
2020,2072
2016,2019
2018,2072
2038,2019
2027,2021
2040,2027
2044,2048
2059,2055
2064,2079
2063,2072
2063,2072
2071,2055
2077,2020
2088,2003
2092,2027
2088,2039
2094,2002
2103,2029
2109,1995
2112,2024
2119,2064
2125,2034
2136,2018
2136,2034
2129,2080
2139,2019
2148,2017
2137,2045
2143,2060
2152,2020
2150,2005
2152,2035
2153,2042
2148,2055
2148,2062
2145,2045
2144,2028
2133,2072
2139,2079
2139,2044
2127,2055
2131,2074
2123,2062
2115,2078
2115,2056
2112,2054
2111,2041
2103,2068
2097,2043
2093,2067
2091,2035
2086,2021
2082,2065
2077,2030
2069,2027
2064,2046
2063,2074
2041,2031
2035,2060
2040,2033
2037,2045
2029,2034
2024,2048
2009,2077
2020,2037
2003,2021
2009,2094
2011,2253
1997,2211
2008,2229
1998,2087
1998,2024
1994,1974
1984,1944
1982,1880
1991,1995
1987,1984
2007,1987
2008,2088
2019,2053
2032,2085
2035,2063
2057,2064
2063,2001
2072,1995
2075,2023
2091,2067
2088,2032
2096,2024
2093,2052
2091,2035
2101,2029
2103,2004
2105,2034
2108,2032
2108,2067
2112,2063
2122,2035
2127,2093
2139,2063
2135,2044
2151,2035
2155,1969
2168,2027
2171,2063
2173,2056
2182,2040
2172,2006
2194,2020
2193,2040
2190,2087
2189,2015
2173,2040
2188,2040
2186,2016
2174,2037
2176,2046
2176,2038
2162,2057
2163,2072
2161,2044
2155,2034
2150,2044
2147,2023
2135,2048
2132,2042
2135,2030
2129,2027
2120,2009
2107,2063
2108,2068
2107,2012
2091,2068
2087,2029
2089,2055
2082,2012
2067,2045
2067,2003
2063,2043
2060,2044
2037,2035
2032,2023
2024,2019
2013,2011
2006,2055
1991,2027
1984,2039
1972,2034
1971,2045
1963,2023
1963,2033
1968,2009
1961,2042
1968,2001
1976,2057
1977,2004
1981,2072
1973,2043
1987,2026
1994,2040
1987,2031
1989,2056
1981,2059
1999,2072
2000,2044
1995,2025
2003,2027
2006,2063
2006,2063
2015,2056
2013,2047
2017,2056
2021,2033
2027,2040
2047,2055
2040,2065
2055,2053
2069,2053
2080,2073
2090,2053
2099,2035
2093,2047
2100,1995
2101,2040
2107,2039
2108,2030
2112,2047
2117,2021
2105,2013
2110,2008
2119,2063
2115,2047
2115,2035
2123,2066
2131,2025
2139,2027
2133,2019
2145,2080
2152,2015
2145,2044
2156,2035
2159,2060
2155,2063
2153,2021
2147,2042
2152,2045
2137,2055
2133,2041
2125,2024
2119,2053
2121,2030
2112,2025
2105,2080
2091,2005
2085,2039
2085,2094
2083,1995
2073,2027
2068,2026
2072,2041
2072,2080
2068,2055
2057,2065
2063,2063
2063,2067
2059,2021
2063,2055
2053,2066
2057,2036
2047,2057
2043,2076
2040,2011
2023,2032
2025,2038
2029,2064
2025,2067
2024,2037
2024,2063
2024,2028
2022,2027
2027,2067
2021,2024
2025,2058
2020,2030
2024,2077
2030,2003
2040,2031
2035,2040
2056,2053
2059,2037
2057,2015
2072,2071
2072,2055
2080,2044
2083,2067
2076,2046
2088,2063
2084,2042
2091,2025
2092,2015
2096,2030
2100,2079
2102,2063
2104,2063
2110,2021
2112,2063
2109,2032
2115,2039
2121,2050
2130,2077
2115,2073
2119,2063
2142,2021
2148,2039
2155,2025
2159,2025
2165,2063
2169,2071
2170,2073
2167,2063
2165,2023
2167,2048
2164,2065
2168,2047
2151,2043
2160,2019
2160,2035
2156,2025
2145,2041
2147,2075
2149,2058
2144,2058
2145,2057
2136,2072
2140,2011
2132,2040
2120,2045
2119,2077
2117,2071
2110,2002
2103,2035
2096,2068
2090,2019
2084,1991
2075,2071
2071,2041
2059,2025
2053,2048
2045,2039
2043,2029
2040,2045
2035,2037
2024,2024
2020,2062
2030,2027
2024,2056
2016,2019
2014,2023
2015,2063
2011,2053
2008,2044
2011,2036
2004,2041
2001,2056
2000,2027
1997,2036
1980,2039
1995,2040
1980,2069
1991,2056
1993,2043
1992,2020
1995,2073
1991,2060
1999,2055
2005,2045
2014,2057
2019,2021
2027,2023
2021,2068
2032,2005
2039,2023
2051,2034
2057,2040
2069,2053
2064,2015
2068,2055
2066,2041
2079,2055
2084,2064
2087,2041
2097,2069
2090,2040
2103,2072
2104,2072
2107,2080
2117,2067
2119,2072
2122,2040
2132,2043
2133,2069
2146,2063
2137,2047
2142,2031
2149,2028
2151,2063
2151,2055
2155,2047
2158,2035
2151,2040
2146,2030
2152,2005
2146,2001
2137,2043
2132,2091
2138,2003
2123,2023
2129,2104
2126,2009
2120,2048
2107,2073
2107,2072
2104,2076
2098,2027
2088,2017
2080,2032
2079,2080
2077,2033
2068,2080
2059,2063
2055,2039
2041,2071
2033,2042
2024,2064
2024,2030
2020,2041
2001,2066
2004,2039
1980,2059
1987,2080
1987,2068
1975,2038
1975,2028
1968,2053
1966,2041
1965,2056
1958,2033
1959,2095
1961,2009
1955,2060
1956,2028
1961,2048
1956,2067
1959,2033
1957,2063
1955,2064
1955,2048
1963,2009
1963,2035
1955,2063
1965,2052
1963,2055
1975,2042
1983,2088
1985,2071
1998,2045
1999,2064
2001,2021
2005,2023
2009,2068
2028,2068
2039,2071
2047,2015
2052,2019
2065,2023
2072,2053
2063,2075
2073,2042
2082,2009
2091,2056
2092,2054
2098,2063
2107,1991
2099,2080
2108,2013
2101,2039
2107,2064
2117,2041
2125,2036
2135,2064
2131,2056
2139,2040
2143,2036
2148,2021
2147,2029
2137,2071
2143,2060
2146,2059
2137,2017
2135,2060
2137,2055
2127,2040
2129,2057
2125,2040
2115,2055
2114,2017
2116,2024
2105,2029
2099,2075
2099,2025
2093,2061
2092,2023
2087,2011
2088,2015
2079,2042
2069,2076
2076,2055
2063,2019
2067,2040
2060,2065
2051,2063
2045,2047
2043,2042
2031,2019
2029,2042
2037,2076
2036,2040
2022,2056
2023,2063
2028,2017
2026,2029
2015,2045
2024,2043
2013,2076
2018,2020
2032,2023
2023,2055
2033,2025
2033,2011
2040,2039
2027,2053
2042,2023
2037,2047
2048,2021
2048,2012
2058,2013
2063,2079
2068,2039
2055,2027
2073,2066
2073,2015
2072,2059
2073,2077
2086,2066
2094,2066
2093,2068
2097,2040
2106,2023
2101,2056
2122,2055
2124,2038
2126,2021
2123,2046
2121,1997
2137,2040
2140,2021
2144,2041
2151,2021
2152,2039
2151,2035
2155,2067
2155,2048
2153,2040
2160,2024
2167,2055
2162,1995
2155,2039
2155,2019
2156,2040
2164,2047
2161,2072
2153,2072
2153,2025
2152,2012
2139,2056
2143,2078
2144,2040
2133,2041
2127,2035
2122,2027
2105,2058
2115,2068
2105,2015
2103,2075
2089,2072
2083,2065
2080,2043
2071,2068
2065,2064
2056,2037
2056,2047
2042,2068
2029,2029
2028,2060
2026,2079
2015,2055
2011,2048
2011,2030
2000,2059
1997,2044
1989,2056
1992,2027
1988,2071
1984,2072
1984,2048
1978,2060
1982,2039
1979,2071
1973,2057
1976,2059
1972,2003
1973,2054
1976,2017
1964,2044
1977,2088
1975,2020
1973,2059
1971,2063
1987,2038
1992,2042
1992,2047
2001,2036
2004,2041
2008,2004
2015,2009
2009,2021
2017,2054
2021,2043
2035,2080
2033,2063
2037,2067
2035,2043
2063,2025
2056,2056
2063,1987
2063,2027
2079,2037
2071,2041
2087,2069
2076,2043
2103,2039
2096,2041
2103,2065
2103,2068
2109,2044
2108,2071
2115,2032
2119,2009
2121,2054
2119,2056
2129,2069
2119,2039
2116,2048
2118,2048
2115,2033
2116,2071
2103,2080
2117,2008
2105,2072
2109,2011
2104,2056
2103,2057
2098,2079
2093,2043
2083,2034
2088,2084
2086,2028
2075,2073
2074,2019
2067,2041
2058,2072
2057,2027
2051,2056
2035,2079
2038,2040
2028,2018
2017,2019
2018,2028
2001,2078
1996,2039
1995,2035
1984,2059
1977,2072
1975,2075
1973,2029
1979,2035
1975,2068
1979,2021
1971,2067
1967,2011
1959,2005
1969,2057
1961,2080
1960,1995
1961,2071
1964,2011
1965,2041
1965,2053
1958,2074
1966,2069
1961,2025
1973,2030
1970,2020
1971,2040
1984,2069
1990,2027
1988,2013
1991,2003
1995,2017
2005,2032
2012,2023
2009,2017
2013,2063
2031,2026
2024,2066
2034,1995
2032,2041
2044,2025
2048,2064
2043,2063
2057,2066
2065,2075
2077,2001
2076,2017
2082,2007
2088,2072
2095,2039
2097,2017
2097,2042
2099,2005
2104,2063
2103,2029
2112,2065
2112,2079
2109,2054
2108,2019
2105,2024
2104,2039
2110,2038
2108,2069
2110,2023
2105,2042
2101,2044
2089,2071
2091,2039
2103,2043
2088,2041
2092,2025
2083,2071
2080,2063
2071,2040
2069,2063
2069,2089
2065,2062
2063,2043
2061,2068
2039,2019
2039,2052
2040,2039
2031,2047
2026,2060
2019,2031
2011,2080
2013,2069
2003,2034
1998,2056
1991,2067
1992,2040
1993,2056
1979,2078
1980,2043
1974,2069
1977,2041
1966,2061
1973,2071
1979,2071
1973,2035
1976,2080
1976,2067
1976,2064
1976,2077
1975,2069
1967,2063
1977,2072
1981,2040
1980,2048
1979,2077
1993,2011
1997,2038
1998,2024
1995,2026
2012,2043
2009,2039
2009,2027
2017,2053
2019,2039
2024,2061
2025,2055
2030,2068
2043,2073
2056,2029
2053,2024
2063,2005
2073,2056
2067,2063
2073,2044
2081,2042
2088,2009
2093,2041
2097,2067
2102,2026
2103,2046
2106,2063
2120,2022
2116,2071
2117,2004
2123,2056
2125,2080
2134,2011
2121,2063
2123,2011
2126,2041
2120,2040
2119,2072
2120,2079
2124,2058
2115,2021
2119,2040
2119,2038
2109,2027
2109,2067
2105,2067
2100,2078
2094,2015
2097,2054
2085,2044
2084,2044
2076,2021
2065,2071
2065,2042
2057,2017
2041,2036
2040,2068
2035,2068
2028,2077
2026,2043
2021,2062
2018,2088
2015,2055
2012,2072
2000,2007
1994,2068
1989,2057
1973,2064
1981,2011
1974,2015
1964,2056
1965,2045
1967,2073
1964,2076
1963,2053
1967,2079
1963,2001
1959,2067
1962,2045
1967,2029
1963,2027
1965,2023
1963,2017
1970,2075
1973,2080
1980,2056
1984,1995
1992,2023
1992,2054
1996,2021
2000,2026
2002,2022
2009,2018
2008,2009
2014,2011
2024,2041
2024,2067
2027,2061
2035,2067
2044,2071
2057,2054
2060,2017
2063,2077
2074,2007
2079,2066
2084,2003
2089,2034
2096,2056
2093,1979
2103,2023
2099,2043
2108,2067
2112,2059
2122,2069
2127,2065
2127,2064
2131,2040
2129,2048
2124,2053
2132,2019
2133,2067
2120,2040
2128,2029
2132,2012
2125,2071
2123,2039
2123,2031
2120,2065
2117,2091
2117,2080
2104,2078
2105,2035
2109,2027
2104,2036
2098,2023
2089,2071
2088,2041
2077,2026
2073,2009
2073,2043
2070,2034
2063,2015
2053,2053
2047,2015
2044,2033
2032,2011
2027,2057
2030,2073
2029,2052
2008,2021
2013,2054
2003,2059
2009,2063
2003,2057
2001,2041
2000,2063
2001,2004
1997,2044
1999,2028
2005,2057
1996,2072
2000,2056
2004,2019
1991,2063
2007,2001
2008,2022
2001,2053
2007,2071
2001,2063
2019,2029
2022,2037
2021,2027
2023,2044
2032,2021
2040,2063
2033,2062
2040,2023
2055,2004
2044,2027
2071,2019
2070,2021
2079,2065
2082,2009
2081,2009
2085,2064
2089,2037
2088,2041
2097,2024
2107,2015
2103,2024
2111,2030
2120,2017
2129,2021
2132,1997
2136,2023
2135,2079
2140,2001
2140,2063
2143,2024
2150,2015
2148,2001
2143,2037
2148,2046
2139,2070
2150,2029
2136,2056
2144,2017
2137,2021
2135,2025
2134,2022
2136,2068
2128,2037
2123,2060
2117,2048
2112,2064
2104,2071
2104,2029
2102,2044
2095,2029
2085,2065
2080,2058
2069,2029
2073,2020
2068,2015
2063,2060
2058,2070
2055,2078
2037,2058
2029,2068
2026,2007
2018,2047
2019,2017
2008,2035
2003,2008
2004,2027
1993,2050
1994,2036
1991,2045
1979,2025
1983,2043
1982,2080
1984,2056
1979,2069
1973,2039
1977,2021
1979,2019
1971,2061
1987,2057
1989,2029
1971,2071
1977,2047
1977,2081
1993,2022
1997,2057
1999,1996
2007,2024
2006,2024
2005,2033
2011,2072
2001,2042
2023,2025
2029,2066
2028,2063
2032,2025
2039,2077
2043,2064
2043,2044
2055,1981
2064,2043
2068,2056
2074,2055
2073,2019
2083,2030
2084,2017
2081,2024
2097,2057
2101,2005
2104,2017
2103,2038
2109,2063
2108,2017
2109,2029
2117,2075
2117,2034
2123,2042
2117,2024
2115,2073
2120,2025
2120,2066
2121,2065
2120,2003
2109,2026
2105,2076
2111,2065
2108,2059
2107,2005
2105,2025
2092,2064
2096,2040
2091,2111
2080,2063
2075,2019
2076,2041
2070,2020
2057,2075
2052,2046
2054,1994
2038,2045
2037,2080
2036,2043
2028,2029
2027,2028
2021,2068
2024,2057
2021,2039
2011,2044
2008,2057
2008,2035
1997,2079
1995,2039
1994,2047
2001,2027
1979,2037
1979,2009
1985,2061
1982,2054
1981,2029
1988,2063
1983,2069
1976,2072
1980,2028
1981,2058
1977,2063
1988,2056
1994,2064
1992,2035
1991,2041
2001,2004
2006,1993
2011,2071
2005,2069
2017,2056
2018,2079
2023,2068
2020,2059
2027,2079
2029,2053
2040,2070
2035,2009
2043,2041
2060,2056
2066,2043
2068,2025
2067,2037
2075,2055
2081,2057
2080,2039
2073,2059
2089,2017
2104,2066
2091,2053
2106,2027
2104,2065
2116,2074
2127,2052
2123,2023
2123,2034
2128,2038
2121,2071
2123,2015
2131,2065
2131,2026
2120,2041
2128,2035
2119,2038
2119,2007
2127,2021
2107,2063
2113,2027
2108,2029
2093,2077
2105,2023
2096,2067
2094,2043
2096,2035
2087,2054
2090,2029
2084,2011
2085,2087
2075,2066
2071,2041
2065,2067
2063,2042
2055,2076
2045,2057
2043,2080
2040,2072
2041,2043
2021,2033
2030,2027
2019,2036
2009,2075
2011,2011
2007,2065
2007,2072
1993,2073
2005,2019
2000,2037
2004,2080
2002,2060
1992,2023
2007,2001
2005,2021
2002,2072
1993,2041
2007,2038
2008,2028
2009,2041
2007,2044
2008,2066
2007,2033
2015,2055
2025,2072
2020,2055
2032,1996
2033,2056
2033,2067
2035,2059
2041,2063
2045,2052
2056,2035
2063,2023
2073,2042
2076,2071
2079,2004
2093,2015
2097,2072
2104,2080
2101,2044
2116,2064
2110,1996
2120,2033
2121,2059
2126,1993
2132,2031
2129,2041
2139,2073
2139,2069
2143,2064
2149,2063
2147,2044
2154,2039
2156,2078
2157,2060
2161,2058
2162,2041
2151,2037
2155,2033
2156,2023
2151,2068
2152,2063
2155,2060
2151,2064
2147,2020
2140,2039
2137,2048
2132,2071
2128,2048
2127,2040
2117,2067
2121,2060
2120,2055
2104,2053
2099,2066
2104,2054
2100,2072
2092,2080
2083,2071
2087,2002
2069,2068
2075,2027
2074,2037
2063,2076
2058,2011
2043,2015
2045,2053
2041,2041
2032,2079
2027,2078
2017,2043
2027,2044
2024,2003
2012,2035
2017,2017
2005,2041
2015,2069
2007,2025
2012,2068
2013,2011
2010,2077
2007,2055
2011,2067
2005,2040
2023,2038
2027,2069
2026,2005
2030,2012
2040,2057
2041,2012
2033,2027
2035,2057
2046,2006
2057,1981
2057,2019
2063,2017
2063,2011
2073,2060
2073,2040
2079,2066
2091,2029
2098,2023
2097,2071
2093,2047
2116,2031
2118,2009
2112,2045
2117,2040
2127,2024
2133,2059
2139,2060
2137,2052
2137,2017
2143,2029
2152,2019
2149,2039
2148,2008
2155,2060
2163,2063
2167,2025
2147,2037
2159,2045
2149,2047
2149,2039
2157,2026
2156,2056
2155,2033
2148,2052
2152,2027
2144,2023
2146,2034
2137,2055
2133,2019
2131,2039
2128,2073
2123,2021
2119,2053
2115,2030
2103,2065
2099,2079
2095,2031
2087,2035
2080,2061
2076,2024
2065,2039
2064,2059
2068,2051
2062,2039
2043,2066
2037,2029
2040,1979
2031,2027
2028,2057
2023,2003
2017,2078
2017,2063
2015,2019
2009,2037
2011,2066
2011,2033
2003,2063
2008,2033
2007,2027
2007,2023
2008,2035
2005,2035
2003,2023
2004,2024
2015,2009
2015,2015
2011,2063
2020,2060
2023,2079
2023,2057
2029,2009
2033,2012
2039,2063
2044,2024
2047,2012
2056,2053
2066,2027
2071,2044
2074,2075
2085,2009
2077,2036
2080,2040
2091,2080
2090,2021
2097,2028
2103,2027
2105,2029
2107,2039
2112,2052
2114,2057
2120,1987
2131,2009
2135,2043
2136,2048
2124,2072
2139,2060
2136,2064
2139,2017
2144,2016
2145,2029
2147,2038
2144,1992
2139,2057
2141,2063
2131,2063
2140,2047
2136,2065
2119,2035
2117,2072
2120,2041
2112,2021
2105,2017
2103,2037
2101,2056
2096,2031
2092,2007
2088,2033
2088,2025
2085,2039
2072,2054
2071,2024
2063,2027
2062,1988
2056,2065
2041,2080
2021,2059
2027,2045
2024,2036
2016,2035
2024,2047
2012,2057
2007,2077
2002,2021
1995,2067
1994,2089
1995,2008
1988,2048
1984,2025
1975,2009
1987,2052
1989,2017
1977,2058
1980,2063
1989,2069
1980,2044
1979,2023
1992,2005
1979,2027
2001,2025
1987,2041
2002,2022
1999,2033
2005,2056
2010,2075
2016,2088
2016,2011
2028,2039
2019,2027
2032,2010
2029,2023
2040,2011
2043,2035
2053,2043
2063,2063
2063,2072
2075,2044
2079,2058
2086,2080
2088,2040
2091,2082
2097,1997
2101,2075
2109,2063
2120,2056
2124,2036
2123,2024
2135,2062
2128,2056
2137,2061
2137,2040
2137,2063
2143,2029
2152,2076
2150,2017
2150,2081
2144,2027
2152,2043
2149,2019
2151,2030
2149,2041
2153,2007
2143,2052
2135,2046
2133,2057
2135,2064
2128,2009
2127,2064
2123,2072
2123,2066
2112,2037
2108,2011
2104,2070
2096,2063
2096,2017
2088,2063
2084,2029
2080,1997
2081,2059
2065,2075
2063,2029
2063,2061
2037,2069
2037,2040
2035,2042
2023,2005
2024,2027
2024,2052
2011,2025
2016,2075
2013,2017
2012,2035
2009,2055
2008,2052
1996,2060
2003,2013
2004,2080
2005,2066
2000,2040
2003,2056
2005,2025
2003,2052
2006,2046
1996,2081
2012,2017
2004,2065
2008,2046
2002,2003
2015,2063
2016,2061
2025,2029
2029,2023
2024,2041
2027,2031
2041,2041
2052,2021
2041,2077
2060,2075
2065,2068
2063,2011
2072,2042
2080,2053
2086,2017
2093,2063
2096,2019
2096,2035
2101,2031
2107,2039
2107,2027
2104,1999
2109,2063
2125,2063
2131,2024
2135,1993
2135,2040
2139,2068
2143,2021
2133,2071
2145,2013
2141,2043
2144,2054
2137,2071
2145,2057
2141,2089
2143,2057
2141,2096
2137,2003
2107,2066
2136,2043
2128,2053
2121,2072
2121,2039
2118,2035
2116,2039
2105,2044
2108,2056
2102,2011
2095,2052
2096,2054
2088,2059
2080,2087
2071,2041
2071,2021
2063,2080
2063,2021
2027,2034
2035,2022
2031,2058
2024,2063
2033,2067
2019,2039
2018,2063
2011,2068
2009,2017
2008,2030
2004,2059
2001,2074
2005,2041
2003,2033
2005,2063
1991,2052
2000,2048
1997,2044
1995,2068
2000,2033
2002,2024
2001,2075
2003,2071
2006,2031
2019,2005
2011,2073
2020,2023
2023,2040
2017,2040
2017,2053
2039,2064
2040,2013
2035,2019
2053,2035
2048,2063
2061,2077
2066,2056
2071,2011
2073,2031
2081,2043
2083,2037
2090,2027
2097,2021
2099,2055
2107,2054
2105,2046
2120,2019
2122,2069
2121,2056
2135,2079
2133,2021
2133,2005
2145,2001
2147,2056
2148,2024
2153,2007
2157,2035
2158,2057
2156,2071
2161,2073
2155,2021
2149,2022
2149,2040
2156,2025
2151,2045
2146,2031
2143,2059
2143,2029
2133,2069
2138,2009
2128,2086
2135,2063
2120,2041
2115,2073
2106,2039
2109,2071
2105,2028
2097,2033
2087,2071
2091,2075
2088,2015
2078,2063
2067,2074
2070,2072
2069,2053
2052,2023
2037,2056
2040,2019
2036,2037
2028,1991
2028,2040
2020,2007
2015,2058
2016,2031
2005,2066
2008,2072
2005,2027
2000,2017
2002,1996
1991,2056
2000,2027
2000,2009
1989,2077
1991,2063
1981,2063
2000,2005
1996,2024
1995,2080
2005,2044
2006,2039
2006,2063
2008,2019
2012,2044
2021,2028
2017,2053
2025,2021
2036,2012
2040,2011
2037,2001
2053,2063
2044,2040
2063,2001
2071,2063
2073,2072
2073,2011
2075,2019
2080,2003
2091,2065
2096,2041
2096,2033
2103,2041
2103,2027
2112,2034
2124,2047
2126,2056
2134,2026
2136,2035
2136,2067
2140,1999
2143,2037
2143,2019
2150,2020
2152,2007
2143,2035
2152,2064
2149,2073
2151,2079
2151,2077
2147,2039
2152,2034
2144,2040
2139,2075
2127,2063
2133,2005
2127,2068
2128,2022
2122,2035
2119,2055
2118,2065
2100,2043
2097,2071
2101,2055
2096,2070
2089,2032
2086,2056
2068,2040
2076,2028
2055,2063
2063,2077
2063,2027
2043,2027
2043,2048
2032,2035
2029,2055
2019,2077
2019,2053
2016,2011
2015,2054
2009,2065
2001,2076
2004,2034
1993,2067
1994,2047
1993,2030
2003,2044
1999,2021
1997,2043
1997,2039
1991,2076
1991,2065
2000,2080
1998,2017
2002,2033
2009,2009
1997,2045
2017,2039
2002,2037
2010,2037
2023,2066
2019,2021
2028,2046
2028,2072
2027,2040
2033,2068
2035,2071
2043,2023
2057,2058
2063,2027
2068,2004
2067,2043
2085,2053
2083,2027
2075,2027
2095,2011
2099,2041
2103,2048
2104,2052
2103,2020
2118,2063
2125,2029
2127,2067
2126,2048
2126,2044
2134,2079
2134,2076
2139,2011
2132,2019
2139,2067
2141,2035
2133,2029
2135,2047
2138,2029
2133,2048
2135,2047
2129,2001
2123,2070
2128,2093
2122,2069
2112,2017
2104,2056
2106,2011
2104,2069
2104,2073
2097,2068
2089,2025
2075,2056
2084,2065
2074,2037
2055,2067
2069,2077
2063,2019
2043,2047
2039,2066
2029,2068
2035,2055
2021,2063
2017,2017
2015,2080
2008,2013
2004,2026
1993,2077
1993,2056
1975,2025
1975,2053
1972,2063
1984,2011
1987,2057
1979,2065
1977,2075
1977,2052
1976,2073
1978,2040
1973,2035
1973,2029
1974,2053
1975,2060
1981,2053
1977,2042
1975,2063
1984,2005
1995,2007
2000,2008
1993,2045
2003,2017
2011,2023
2016,2033
2015,1991
2024,2042
2027,2035
2035,2012
2027,2051
2043,2019
2054,2011
2051,2007
2065,2033
2063,2028
2071,2088
2075,2073
2080,2039
2093,2001
2089,2019
2091,2069
2093,2039
2087,2056
2110,2011
2115,2030
2116,2054
2115,2027
2115,2039
2120,2017
2119,2072
2124,2024
2131,2017
2130,2011
2125,2003
2128,2037
2115,2029
2122,2037
2109,2039
2118,2068
2117,2024
2109,2035
2109,2070
2101,2041
2101,2052
2093,2033
2081,2044
2085,2063
2081,2073
2074,1981
2073,2074
2055,2082
2067,2017
2056,2037
2039,2045
2027,2067
2036,2029
2019,2062
2023,2064
2019,2033
2014,2058
2015,2018
1995,2073
1995,2062
1997,2021
1988,2073
1977,2071
1973,2038
1980,2036
1980,2029
1983,2060
1979,2019
1975,2023
1975,2044
1977,2061
1976,2055
1980,2029
1973,2048
1978,2068
1977,2029
1984,2059
1975,2033
1988,2011
1990,2011
1999,2070
2004,2071
1997,2029
2004,2021
2014,2024
2015,2042
2023,2018
2022,2044
2027,2051
2035,2037
2041,2039
2044,2020
2063,2011
2055,2003
2067,2024
2074,2064
2076,2033
2080,2063
2076,2039
2092,2029
2095,2009
2099,2041
2107,2033
2112,2066
2117,2009
2113,1993
2115,2019
2120,2055
2127,2068
2135,2076
2136,2026
2139,1988
2131,2047
2137,2062
2134,2024
2136,2027
2124,2039
2140,2028
2135,2045
2131,2027
2131,2075
2125,2007
2131,2057
2127,2063
2120,2021
2107,2044
2095,2061
2107,2055
2095,2019
2093,2015
2087,2039
2077,2040
2079,2055
2075,2088
2068,2037
2073,2005
2060,2021
2059,2044
2044,2035
2032,2068
2035,2027
2033,2002
2019,2066
2021,2062
2012,2054
2012,2001
2003,2042
2012,2041
2002,2073
1995,2019
1992,2039
1993,2042
1993,2027
1995,2024
1991,2071
1995,2039
1991,2040
1994,2007
1999,2011
2000,2015
2000,2035
2001,2052
2003,2053
2005,2026
1999,2067
2012,2027
2011,2031
2009,2023
2024,2027
2017,2005
2030,2008
2033,2004
2040,2066
2053,2042
2055,2063
2060,2040
2056,2060
2065,2071
2071,2041
2072,2035
2091,2003
2087,2025
2096,2053
2096,2043
2102,2065
2095,2048
2110,2038
2115,2065
2120,2056
2121,2004
2123,2020
2131,2017
2122,2015
2131,1993
2127,2011
2129,2053
2137,2044
2129,2063
2134,2039
2129,2080
2133,2017
2128,2072
2127,2038
2125,1997
2126,1997
2120,2018
2117,2021
2105,2069
2104,2019
2103,2040
2087,2033
2093,2035
2088,2021
2083,2030
2076,2078
2072,2026
2063,2063
2064,2034
2054,2035
2047,2056
2043,2007
2021,2041
2025,2077
2017,2079
2009,2055
2013,2054
2007,2007
1994,2039
2000,2055
1992,2044
1978,2063
1980,2037
1977,2030
1969,2011
1971,2056
1967,2008
1971,2025
1971,2044
1963,2039
1971,2067
1959,2076
1952,2025
1963,2071
1965,2033
1972,2045
1975,2043
1976,2015
1979,2036
1979,2071
1982,2039
1992,2029
1998,2009
2006,2040
2011,2023
2003,2039
2012,2030
2025,2044
2023,2044
2028,2027
2029,2044
2036,2071
2040,2011
2042,2039
2055,2028
2058,2032
2069,2040
2081,2015
2080,2060
2087,2030
2092,2065
2088,2048
2099,2048
2101,2056
2107,2048
2104,2028
2118,2035
2117,2045
2128,2067
2128,2064
2131,2048
2128,2015
2129,2069
2127,2080
2129,2044
2122,2039
2123,2045
2128,2077
2127,2041
2121,2057
2127,2011
2116,2017
2112,2035
2107,2075
2104,2064
2106,2068
2085,2040
2099,2051
2092,2029
2083,2043
2087,2044
2080,2041
2076,2067
2071,2074
2068,2055
2060,2031
2054,2021
2056,2033
2027,2058
2033,2021
2029,2039
2031,2073
2023,2022
2013,2099
2015,2026
2003,2053
2008,2063
2002,2058
1993,2095
1996,2023
2001,2029
1990,2063
2000,2052
1993,2040
1993,2060
1995,2047
1999,2029
1985,2063
2000,2023
1997,2029
2003,2011
1993,2058
2004,2011
2008,2068
2008,2071
2015,2036
2025,2044
2021,2041
2030,2066
2033,2041
2037,2041
2040,2021
2042,2069
2056,2028
2071,2053
2067,2035
2071,2076
2073,2057
2077,2060
2084,2068
2094,2041
2096,2027
2100,2036
2107,2068
2112,2060
2113,2056
2119,2019
2117,2053
2119,2071
2124,2053
2125,2058
2129,2005
2143,2039
2141,2063
2143,2087
2135,2038
2139,2056
2148,2007
2147,2018
2137,2035
2146,2072
2135,2055
2135,2037
2131,2029
2132,2055
2128,2066
2116,2015
2112,2091
2112,2043
2105,2035
2098,2055
2104,2039
2091,2025
2083,2027
2080,2033
2080,2063
2075,2095
2063,2028
2063,2056
2057,2044
2037,2063
2032,2033
2035,2009
2029,2015
2022,2019
2025,2045
2007,2038
2012,2040
2003,2084
1998,2020
1996,2080
1991,2080
1983,2043
1991,2037
1984,2063
1981,2012
1981,2029
1973,2008
1981,2024
1975,2029
1979,2019
1978,2007
1983,2025
1979,2038
1983,2056
1992,2019
1980,2011
1987,2079
1994,2048
1994,2055
1995,2056
2007,2075
2004,2075
2008,2038
2018,2041
2029,2033
2019,2065
2025,2069
2035,2063
2039,2036
2053,2029
2063,2066
2060,2057
2072,2071
2067,2076
2078,2040
2085,2068
2080,2055
2092,2025
2088,1993
2091,1992
2099,2082
2099,2061
2112,2055
2117,2035
2117,2024
2121,2040
2120,2037
2120,2029
2125,2039
2129,2021
2129,2054
2125,2042
2129,2068
2124,2053
2120,2041
2127,2011
2120,2027
2119,2017
2112,2041
2118,2021
2110,2063
2093,2036
2099,2044
2099,2056
2087,2045
2085,2061
2088,2019
2078,2066
2072,2017
2065,2043
2072,2007
2054,2037
2041,1999
2040,2043
2035,2008
2039,2059
2035,2025
2024,2070
2013,2063
2022,2027
2013,2035
2005,2072
2003,2069
2003,2068
1991,2077
1994,2025
1981,2076
1993,2035
1987,2048
1987,2071
1987,2046
1979,2025
1991,2071
1987,2072
1989,2068
1999,2058
1987,2041
1993,2048
1995,2056
1997,2075
2017,2053
2009,2024
2011,2066
2027,1994
2026,2065
2025,2066
2028,2017
2039,2039
2040,2017
2052,2076
2061,2004
2063,2001
2068,2044
2071,2040
2073,2066
2083,2048
2084,2037
2095,2029
2103,1992
2099,2011
2119,2020
2107,2069
2116,2072
2132,2019
2132,2037
2136,2072
2147,2009
2143,2060
2153,2027
2146,2023
2154,2040
2152,2046
2163,2069
2160,2042
2165,2041
2163,2048
2153,2011
2158,2054
2168,2040
2152,2056
2156,2070
2153,2080
2155,2056
2145,2021
2143,2036
2139,2059
2140,2024
2139,2056
2132,2008
2118,2063
2127,2037
2115,2025
2109,2044
2108,2057
2107,2041
2093,2091
2095,2019
2083,2071
2084,2058
2069,2019
2071,2042
2056,2063
2063,2009
2053,2043
2041,2075
2047,2067
2035,2063
2030,2060
2033,2039
2024,2072
2029,2033
2016,2080
2018,2063
2010,2053
2009,2066
2012,2054
2017,2053
2017,2036
2023,2017
2025,2010
2024,2040
2024,2039
2015,2017
2023,2072
2028,2015
2023,2038
2035,2048
2040,2080
2037,2085
2053,2067
2047,2075
2057,2027
2055,2066
2063,2024
2075,2025
2075,2024
2079,2025
2083,2069
2092,2037
2088,2068
2092,2036
2093,2005
2105,2059
2115,2068
2122,1999
2123,2025
2117,2066
2133,2039
2135,1995
2143,2043
2137,2017
2138,2056
2143,2038
2153,2042
2157,2027
2155,2035
2156,2052
2156,2035
2159,2011
2159,2043
2158,2056
2155,2044
2145,2072
2147,2071
2152,2048
2151,2063
2144,2058
2139,2045
2149,2060
2131,2046
2126,2036
2123,2051
2109,2033
2107,2020
2111,2078
2104,2079
2095,2019
2089,2060
2089,2039
2081,2041
2080,2025
2071,2001
2055,2065
2061,2021
2056,2055
2039,2063
2033,2003
2031,2060
2023,2043
2023,2077
2016,2011
2016,2091
2012,2058
2004,2079
2008,2029
2003,2065
2002,2040
1997,2019
2000,2035
1997,2044
1992,2072
1999,2025
2000,2029
1994,2042
1977,2043
1997,2066
1991,2071
2008,2068
1997,2003
2015,2059
2008,2024
2007,2067
2011,2039
2025,2013
2032,2043
2032,2007
2032,2035
2039,2056
2039,2045
2053,2005
2056,2009
2066,2056
2059,2056
2072,2057
2076,2080
2075,2053
2079,2031
2091,2045
2100,2015
2102,2061
2099,2051
2112,2008
2120,2066
2121,2056
2119,2057
2128,2064
2136,2054
2136,2043
2124,2028
2140,2009
2135,2063
2147,2060
2135,2043
2139,2019
2148,2027
2147,2067
2144,2063
2144,2071
2142,2025
2139,2017
2131,2042
2133,2068
2120,2079
2128,2019
2121,2061
2112,2043
2120,2043
2112,2035
2102,2041
2100,2010
2091,2040
2096,2070
2092,2007
2080,2011
2073,2057
2069,2029
2067,2020
2063,2029
2056,2037
2041,2066
2028,2040
2039,2056
2031,2079
2024,2035
2023,2021
2017,2077
2009,2039
2007,2063
2001,2061
2008,2030
2004,2035
1999,2021
2001,2075
2000,2073
2003,2063
2007,2028
2002,2041
2008,2067
1999,2023
2006,2048
2002,2025
2003,2061
2011,2072
2018,2071
2025,2060
2015,2021
2017,2080
2024,2063
2031,2044
2032,2055
2041,2063
2041,2075
2057,2035
2057,2005
2069,2011
2076,2021
2071,2017
2081,2072
2080,2063
2084,2029
2100,2021
2092,2064
2099,2063
2113,2029
2115,2064
2123,2018
2119,2063
2124,2059
2134,2009
2135,2043
2143,2042
2143,2071
2147,2037
2150,2027
2152,2060
2147,2014
2149,2058
2152,2035
2148,2060
2151,2048
2146,2028
2152,2077
2148,2057
2144,2039
2143,2005
2140,2030
2135,2073
2123,2057
2125,2037
2103,2032
2119,2020
2117,2068
2107,2004
2104,2023
2104,2024
2093,2026
2091,2056
2079,2063
2073,2015
2075,2074
2065,2023
2065,2048
2056,2019
2041,2029
2043,2063
2039,2067
2032,2069
2021,2002
2019,2036
2008,2065
2015,2015
2005,2039
2007,2058
2000,2043
2006,2077
2001,2088
1997,2010
1995,2034
1995,2040
1993,2044
1993,2041
1993,2068
2003,2064
2001,2025
2003,2060
1997,2033
1996,2076
2006,2029
2005,2031
2008,2037
2021,2039
2017,2071
2024,2027
2027,2028
2027,2024
2034,2040
2042,2033
2036,2009
2057,2025
2063,2056
2063,2027
2071,2026
2081,2020
2083,2076
2077,2043
2091,2077
2096,2040
2102,2033
2108,2060
2112,2075
2118,2071
2121,2041
2123,2039
2128,2022
2137,2039
2133,2071
2137,2069
2131,2064
2147,2043
2139,2025
2139,2060
2149,2042
2139,2064
2139,2041
2143,2015
2136,2019
2139,2059
2140,2027
2135,2041
2131,2039
2131,2060
2123,2068
2124,2037
2120,2044
2115,2070
2109,2080
2104,2022
2103,2070
2100,2012
2089,2033
2091,2071
2080,2063
2081,2065
2079,2017
2068,2075
2063,2041
2054,2056
2056,2023
2037,2048
2036,2017
2030,2043
2023,2034
2024,2059
2013,2041
2017,2045
2012,2007
2004,2067
2000,2029
2004,2033
1988,2041
1997,2044
1989,2011
1994,2021
1994,2069
1977,2039
1989,2030
1997,2001
1994,2017
1996,2057
1999,2040
1997,2060
2003,2037
2002,2076
2008,2019
2011,2081
2011,2015
2018,2025
2021,2039
2027,2066
2025,2068
2028,2042
2027,2056
2042,2058
2055,2068
2052,2064
2063,2037
2075,2043
2067,2076
2077,2053
2074,2041
2081,2027
2095,2053
2095,2019
2092,2011
2107,2029
2101,2043
2110,2039
2123,2065
2121,2064
2120,2039
2129,2042
2132,2019
2136,2025
2136,2005
2137,2056
2131,2053
2132,2066
2136,2019
2142,2019
2140,2035
2129,2040
2134,2038
2135,2065
2137,2061
2128,2088
2125,2053
2120,2027
2117,2087
2109,2015
2105,2019
2103,2066
2100,2072
2096,2026
2094,2025
2076,2024
2080,2058
2077,2007
2065,2012
2055,2069
2060,2037
2043,2047
2041,2033
2033,2040
2029,2060
2025,2026
2024,2033
2013,2035
2010,2041
1997,2044
2007,2069
1995,2044
2000,2035
1981,2072
1990,2045
1978,2080
1984,2070
1989,2029
1987,2056
1984,2059
1977,2044
1988,2029
1975,2021
1990,2058
1978,2052
1995,2017
1989,2052
1999,2063
2004,2028
1997,2080
2006,2076
2017,2033
2016,2037
2019,1993
2015,2055
2029,2080
2029,2018
2025,2044
2040,2084
2044,2027
2044,2027
2063,2041
2068,2024
2076,2019
2069,2040
2084,2021
2087,2027
2091,2055
2096,2043
2099,2004
2093,2065
2101,2035
2107,2036
2109,2024
2126,2033
2116,2060
2124,2060
2124,2047
2131,2028
2136,2053
2131,2017
2129,2041
2129,2063
2124,2072
2135,2021
2136,2021
2128,2024
2127,2065
2128,2065
2127,2011
2123,2073
2114,2055
2115,2047
2108,2051
2091,2063
2099,2037
2095,2068
2088,2021
2075,2041
2087,2071
2073,2037
2067,2037
2057,2066
2057,2021
2053,2043
2046,2013
2027,2071
2037,2039
2031,2026
2018,2025
2016,2072
2007,2072
2008,2025
2006,2057
1999,2029
1997,2027
1998,2026
1987,2063
1992,2054
1989,2039
1992,2036
1979,2035
1975,2063
1984,2068
1977,2027
1984,2080
1988,2039
1977,2054
1992,2059
1992,2063
1988,2040
1989,2063
1999,2011
2007,2031
2003,2052
2006,2021
2015,2088
2010,2087
2018,2062
2025,2079
2032,1991
2037,2021
2039,2059
2041,2031
2044,2025
2063,2025
2057,2063
2063,2047
2083,1993
2075,2071
2077,2056
2096,2075
2104,2003
2095,2026
2103,2067
2110,2063
2119,2056
2119,2036
2117,2039
2128,2065
2128,2063
2132,2068
2137,2037
2129,2015
2133,2002
2141,2010
2139,2025
2136,2039
2140,2040
2135,2048
2131,2067
2135,2012
2123,2058
2126,2005
2123,2063
2120,2017
2117,2017
2112,2068
2101,2056
2107,2053
2101,2069
2093,2041
2087,2029
2087,2039
2082,2007
2072,2065
2072,2029
2071,2063
2066,2048
2051,2008
2035,2057
2037,2007
2031,2066
2023,2055
2023,2015
2009,2033
2004,2035
2009,2076
2008,2061
1999,2052
1989,2013
1993,2048
2000,2011
1991,2063
1981,2032
1984,2067
1980,2051
1975,2056
1979,2077
1984,2015
1984,2047
1979,2056
1991,2019
1992,2027
1994,2055
2002,2036
2003,2054
2005,2028
2001,2001
2011,2039
2011,2040
2017,2043
2020,2065
2023,2039
2035,2027
2039,2031
2037,2027
2048,2011
2057,2043
2063,2025
2067,2025
2087,2025
2080,2060
2079,2056
2086,2023
2092,2056
2094,2056
2103,2073
2093,2041
2105,2062
2119,2033
2119,2011
2123,2033
2129,2056
2130,2063
2131,2028
2136,2010
2139,2043
2141,2043
2140,2048
2141,2024
2135,2023
2138,2017
2137,2040
2132,2025
2135,2079
2129,2030
2123,2041
2131,2075
2121,2003
2123,2069
2117,1995
2105,2015
2107,2029
2101,2030
2100,2076
2097,2001
2089,2039
2087,2067
2084,2070
2071,2053
2063,2020
2075,2079
2055,2026
2043,2021
2056,2059
2040,2032
2039,2063
2021,2059
2025,1981
2022,2025
2015,2048
2017,2041
2011,2073
2001,2039
2003,2044
2008,2063
1991,2069
2000,2029
1991,2063
1987,2039
1995,2021
1995,2063
1999,2025
1992,2031
1989,2047
2000,2001
2005,2044
2004,2039
1995,2066
2009,2039
2003,2041
2011,2061
2018,2068
2026,2068
2027,2058
2027,2069
2033,2072
2040,2048
2041,2046
2042,2042
2042,2041
2057,2059
2071,2064
2075,2064
2080,2076
2087,2019
2088,2023
2093,2048
2090,2039
2098,2060
2109,2064
2107,2048
2102,2044
2117,2072
2120,2043
2131,2025
2135,2045
2140,2039
2136,2017
2137,2039
2146,2004
2135,2063
2145,2039
2147,2027
2143,2071
2136,2039
2139,2025
2135,2063
2135,2057
2135,2011
2139,2051
2137,2055
2125,2065
2128,2065
2123,2060
2121,2043
2112,2056
2105,2008
2108,1995
2101,2045
2094,2070
2092,2041
2087,2080
2081,2021
2069,2063
2071,2045
2057,2078
2053,2063
2051,2053
2041,2058
2035,2066
2033,2043
2026,2037
2019,2054
2013,2096
2011,2063
2008,2067
2004,2041
1999,2073
1999,2061
2000,2024
1987,2012
1998,2035
1993,1993
1980,2023
1984,2035
1981,2054
1988,2025
1980,2061
1996,2052
1984,2003
1984,2041
2004,2064
2001,2022
2005,2027
2001,2059
2012,2043
2011,2067
2023,2041
2019,2041
2021,2060
2029,2048
2027,2058
2037,2065
2034,2045
2039,2067
2060,2025
2060,2055
2065,2074
2069,2052
2076,2011
2080,2023
2088,2054
2090,2064
2089,2071
2103,2021
2104,2063
2105,2069
2104,2067
2104,2025
2120,2053
2124,2038
2127,2054
2127,2015
2130,2044
2125,2048
2133,2038
2130,2068
2124,2030
2121,2040
2130,2066
2130,2044
2121,2055
2123,2001
2120,2025
2117,2025
2110,2072
2109,2063
2109,2029
2100,2011
2104,2061
2090,2012
2085,2037
2077,2023
2080,2017
2080,2019
2076,2077
2063,2028
2062,2063
2055,2041
2049,2041
2037,2043
2032,2037
2028,2021
2026,2063
2019,2023
2017,2009
2014,2065
1995,2068
2001,2009
1992,2072
1993,2069
1988,2080
1977,2012
1987,2068
1979,2027
1984,2071
1973,2024
1976,2069
1984,2021
1980,2021
1979,2035
1979,2076
1982,2023
1976,2038
1977,2080
1976,2042
1980,2008
1994,2028
1996,2075
2004,2067
2008,2064
2007,2063
2015,2039
2018,2011
2019,2036
2010,2019
2025,2024
2027,2003
2030,2053
2033,1988
2041,2033
2055,2058
2059,2056
2057,2023
2076,2067
2080,2019
2075,2028
2083,2023
2091,2023
2096,2009
2108,2035
2105,2024
2118,2023
2112,2040
2120,1981
2124,2057
2121,2033
2130,2037
2123,2027
2136,2015
2127,2023
2135,2055
2133,2036
2120,2025
2121,2029
2131,2005
2128,2055
2118,1999
2124,2022
2115,2063
2120,2060
2123,2017
2101,2034
2107,2041
2104,2029
2094,2025
2090,2060
2080,2005
2077,2053
2079,2056
2073,2068
2063,2041
2054,2035
2064,2039
2043,2053
2033,2041
2032,2043
2025,2067
2027,2071
2019,2080
2011,2080
2001,2060
2007,2048
1997,2074
1991,2027
1992,2078
1991,2027
1995,2032
1975,2057
1989,2007
1980,2057
1993,2065
1980,2033
1989,2035
1971,2052
1975,2040
1988,2019
1977,2027
1995,2029
1987,2005
1997,2015
1997,2033
1999,2064
2010,2019
2010,2029
2012,2027
2016,2029
2009,2023
2026,1997
2034,2039
2037,2063
2039,2044
2043,2078
2056,2025
2055,2021
2063,1997
2071,2035
2075,2041
2084,2007
2088,2053
2092,2025
2092,2026
2103,2035
2105,2038
2108,2023
2105,2018
2107,2033
2125,2027
2125,2023
2128,2005
2128,2011
2136,2005
2136,2024
2139,2035
2138,2023
2139,2024
2131,2019
2137,2033
2140,2074
2132,2071
2139,2025
2131,2079
2133,2045
2133,2029
2115,2019
2110,1997
2115,2076
2108,2043
2105,2019
2099,2080
2087,2045
2085,2039
2088,2060
2081,2022
2073,2075
2073,2041
2069,2039
2063,2023
2054,2029
2039,2063
2041,2021
2027,2015
2028,2023
2023,2026
2023,2044
2005,2068
2008,2066
2008,2068
2004,2028
1998,2039
1993,2057
1991,2072
1996,2048
1991,2058
1984,2015
1989,2009
1981,2025
1973,2076
1979,2017
1982,2027
1983,2068
1976,2006
1992,2017
1979,2036
1996,2037
1989,2056
1995,2023
2003,2035
1995,2058
2008,2071
2018,2039
2010,2021
2022,2029
2027,2075
2021,2017
2028,1997
2039,2052
2055,2071
2058,2072
2062,2034
2063,2028
2072,2075
2065,2055
2081,2040
2076,2068
2092,2053
2085,2023
2094,2054
2105,2027
2107,2029
2111,2065
2112,2044
2126,2080
2121,2073
2123,2068
2125,2015
2133,2065
2131,2029
2134,2047
2122,2034
2137,2059
2125,2048
2127,2027
2131,2071
2132,2057
2119,2039
2127,1999
2107,2063
2118,2063
2110,2059
2116,2039
2103,2009
2099,2058
2095,2069
2092,2039
2091,2011
2079,2041
2079,2055
2076,2037
2071,2029
2055,2080
2055,2033
2044,2033
2040,2042
2032,2033
2024,2072
2020,2069
2024,2025
2020,2029
2015,2039
2008,2022
1996,2033
2000,2055
1991,2077
1995,2057
1992,2068
1980,2043
1989,2048
1992,2024
1987,2046
1977,2036
1981,2068
1980,2023
1990,2037
1981,2026
1984,2075
1970,2030
1990,2064
1989,2066
1989,2076
2000,2021
1992,2070
2011,2060
2008,2015
2011,2040
2011,2065
2026,2069
2031,2065
2027,2035
2031,2051
2039,2025
2054,2019
2053,2017
2056,2063
2065,2056
2067,2063
2068,2043
2071,2063
2071,2025
2087,2028
2091,2035
2093,2024
2105,2035
2106,2019
2107,2073
2116,2035
2107,2007
2119,2013
2123,2057
2131,1991
2124,2011
2121,2028
2138,2024
2140,2033
2133,2040
2129,2029
2121,2007
2119,2035
2125,2019
2124,2021
2123,2063
2120,2067
2115,2051
2104,2057
2105,2060
2109,2011
2093,2063
2095,2045
2085,2059
2090,2063
2073,2056
2077,2029
2073,2009
2071,2011
2064,2072
2057,2055
2039,2063
2029,2060
2027,2026
2032,2040
2027,2039
2011,2065
2020,2079
2004,2056
2007,2022
2004,2033
1991,2066
1997,2024
1991,2069
1992,2043
1972,2012
1981,2036
1979,2079
1975,2054
1978,2043
1969,2063
1970,2043
1972,2056
1979,2025
1973,2068
1983,2035
1977,2039
1984,2035
1979,2027
1991,2023
1998,2001
2004,2015
1995,2061
2007,2015
2003,2028
2007,1990
2016,2060
2021,2070
2027,2021
2021,2040
2035,1994
2041,2063
2055,2056
2053,2077
2063,2079
2057,2034
2068,1998
2072,2075
2073,2024
2076,2064
2090,2023
2090,2027
2089,2009
2101,2023
2105,2030
2103,2056
2109,2096
2115,2093
2122,2025
2116,2037
2128,2060
2121,2011
2128,2037
2124,2056
2125,2068
2117,2067
2125,2026
2127,2048
2120,2023
2119,2065
2120,2071
2100,2033
2108,2009
2107,2070
2099,2007
2096,2029
2087,2067
2087,2030
2089,2005
2081,2029
2077,1993
2070,2076
2063,2024
2043,2040
2053,2038
2043,2069
2041,2035
2022,2053
2027,2036
2028,2066
2016,2041
2014,2003
2001,2044
2001,2040
2000,2009
2001,2063
1997,2063
1981,2080
1980,2044
1977,2054
1981,2039
1984,2033
1973,2033
1983,2019
1977,2033
1981,2009
1975,2029
1980,2003
1989,2023
1984,2009
1999,2051
1984,2054
1995,2043
1991,2040
1998,2043
2006,2041
2008,2055
2016,2013
2015,2036
2018,2036
2019,2008
2027,2009
2033,2073
2037,2024
2043,1988
2043,2057
2057,2063
2062,2025
2063,2065
2066,2017
2077,2063
2076,2075
2081,2069
2092,2036
2097,2009
2089,2063
2105,2038
2109,2035
2106,2025
2123,2045
2134,2059
2132,1999
2131,2057
2121,2046
2127,2063
2131,2033
2139,2007
2131,2037
2133,2009
2144,2019
2133,2072
2135,2053
2132,2033
2133,2063
2130,2063
2121,2044
2124,2058
2120,2024
2120,2041
2116,2068
2097,2028
2102,2027
2089,2058
2091,2042
2093,2039
2084,2003
2073,2005
2076,2021
2075,2051
2070,2017
2045,2057
2055,2072
2037,2065
2025,2063
2033,2073
2031,2021
2026,2023
2017,2063
2001,2079
2005,2071
2007,2071
2003,2067
1998,2021
2003,2063
1996,2056
1997,2011
1995,2071
2000,2057
1992,2023
1989,2027
1989,2063
1996,2024
1991,2055
2004,2043
1992,2025
2000,2029
1995,2048
2009,2056
2002,2075
2016,2015
2018,2045
2022,2063
2024,2043
2029,2055
2031,2068
2037,2056
2040,2032
2055,2028
2043,2060
2060,2087
2066,2071
2068,2067
2074,2039
2078,2054
2084,2011
2088,2070
2091,2023
2096,2063
2104,2024
2105,2029
2103,2027
2115,2080
2123,2011
2128,2028
2131,2056
2127,2060
2137,2066
2139,2030
2135,2069
2144,2043
2147,2045
2142,2037
2145,2056
2144,2071
2146,2036
2143,2021
2144,2030
2131,2040
2134,2063
2130,2072
2128,2078
2135,2060
2121,2071
2105,2071
2105,2047
2105,2080
2101,2048
2101,2009
2096,2019
2092,2056
2087,2039
2079,2063
2072,2041
2063,2068
2056,2027
2063,2043
2048,2025
2044,2071
2040,2015
2025,2073
2020,2068
2012,2055
2015,2041
2014,2022
2010,2028
2003,2063
2008,2068
1995,2073
2000,2072
1995,2069
1993,2071
1996,2060
1984,2025
1992,2058
1987,2036
1984,2057
1989,2056
1988,2040
1985,2063
1993,2077
2000,2012
1995,2043
2008,2043
2018,2072
2005,2056
2020,2063
2019,2015
2023,2073
2017,2055
2031,2039
2044,2036
2039,2059
2041,2020
2045,2019
2063,2048
2068,2066
2073,2015
2073,2041
2077,2001
2079,1991
2090,2035
2100,2056
2093,2035
2103,2074
2111,2056
2101,2045
2120,2060
2123,2027
2125,2043
2124,2056
2135,2063
2137,2027
2134,2003
2133,2044
2137,2020
2135,2067
2136,2002
2141,2036
2136,2037
2139,2040
2140,2025
2120,2043
2135,2057
2128,2005
2120,2080
2121,2054
2115,2027
2115,1987
2115,2063
2102,2053
2095,2073
2095,2041
2087,1996
2081,2011
2070,2036
2076,2060
2070,2055
2065,2044
2057,2027
2037,2035
2035,2067
2033,2035
2027,2071
2033,2021
2019,2037
2019,2043
2009,2029
2012,2063
2005,2029
2007,2030
1992,2079
1998,2075
1998,2026
1985,2069
1998,2017
1987,2039
1984,1995
1978,2036
1985,2063
1985,1995
1984,2031
1984,2033
1987,2043
1992,2029
1992,1999
1991,2033
1993,2069
1998,2047
2011,2017
2017,2040
2008,2071
2008,2044
2027,2045
2029,2009
2027,2039
2040,2035
2040,2019
2056,2027
2048,2054
2059,2071
2067,2042
2063,2003
2069,2019
2075,2079
2069,2046
2083,2030
2091,1975
2103,2040
2107,2063
2116,2043
2102,2017