2088,2035
2081,2056
2067,2060
2071,2021
2068,2037
2059,2012
2055,2025
2041,2019
2038,2035
2039,2076
2029,2067
2028,2067
2022,2058
2007,2037
2007,2052
1999,2059
1983,2039
1994,2031
1991,2071
1993,2023
1987,2039
1981,2011
1987,2029
1992,2064
1978,2042
1980,2068
1987,2072
1979,2080
1984,2030
1977,2057
1987,2035
1979,2043
1981,2043
2002,2065
2003,2067
2001,2047
2008,2072
2005,2044
2007,2039
2005,2019
2024,2019
2027,2055
2032,2033
2029,2031
2036,2075
2041,2056
2053,2031
2067,2027
2071,2042
2063,1997
2069,2025
2083,2073
2084,2007
2093,2045
2097,2073
2093,2028
2104,2040
2103,2027
2118,2019
2112,2033
2121,2029
2124,2024
2120,2044
2139,2075
2136,2068
2133,2063
2141,2024
2139,2044
2145,2053
2144,2068
2139,2042
2136,2044
2132,2057
2129,2051
2135,2035
2121,2064
2128,2080
2125,2068
2124,2063
2127,2028
2107,2007
2117,2045
2091,2029
2092,2019
2095,2033
2086,2068
2081,2080
2080,2070
2067,2084
2068,2007
2063,2079
2063,2057
2041,2029
2037,2020
2028,2025
2023,2021
2029,2043
2019,2024
2009,2079
2011,2023
2008,2067
1993,2067
1992,2029
2002,2037
2000,2043
1998,2066
1992,2052
1999,2058
1991,2071
1989,2075
1999,2065
1995,2015
1995,2038
1989,2056
2003,2072
1997,2037
1999,2062
1993,2071
2005,2070
2011,2024
2012,2036
2019,2003
2012,2017
2017,2078
2019,2039
2034,2033
2036,2053
2040,2048
2047,2080
2060,2069
2063,2074
2068,2020
2074,2025
2074,2056
2081,2044
2085,2041
2095,2056
2094,2017
2103,2035
2099,2053
2104,2012
2105,2023
2107,2037
2125,2069
2129,2019
2132,2057
2137,2068
2136,2036
2139,2076
2136,2030
2140,2040
2137,2063
2143,2055
2148,1996
2147,2027
2142,2063
2136,2022
2142,2038
2127,2023
2136,2022
2127,2063
2124,2059
2125,2063
2120,2001
2115,2021
2098,2079
2103,2074
2094,2043
2096,2043
2083,2063
2077,2063
2075,2041
2074,2068
2071,2071
2063,2044
2057,2028
2043,2017
2037,2019
2035,2071
2021,2071
2039,2026
2013,2060
2021,2039
2004,2044
2003,2071
2005,2011
2001,2025
1993,2056
1994,2061
1992,2034
1991,2023
1992,2037
1996,2057
1991,2046
1990,2068
1991,2072
1984,2027
1981,2068
1996,2035
1990,2054
1991,2044
1990,2015
2003,2043
2007,2041
2001,2045
2007,2069
2016,2056
2017,2028
2021,2056
2027,2056
2022,2065
2035,2005
2040,2030
2044,2048
2056,2008
2063,2076
2065,2009
2077,2042
2073,2003
2080,2064
2078,2030
2089,2079
2099,2057
2096,2035
2104,2023
2108,2072
2107,2040
2116,2066
2127,2033
2124,2044
2127,2022
2138,2072
2139,2005
2132,2037
2135,2015
2145,2003
2139,2058
2127,2033
2143,2043
2141,2047
2138,2029
2142,2075
2131,2025
2133,2060
2132,2068
2133,2027
2125,2044
2117,2068
2117,2031
2112,2015
2107,2076
2102,2077
2098,2029
2088,2015
2092,2019
2088,2082
2080,2063
2075,2072
2070,2044
2059,2017
2057,2027
2055,2029
2043,2003
2040,2065
2029,2042
2018,2021
2012,2036
2024,2091
2015,2071
2009,2060
2005,2042
2001,2026
2001,2057
2004,2069
2001,2031
1997,2025
1995,2065
1995,2079
1995,2031
2005,2029
1992,2035
1993,2057
1993,2064
1996,2068
1998,2088
2004,2078
2007,2042
2012,2005
2011,2024
2005,2015
2022,2029
2019,2093
2031,2017
2021,2001
2040,2056
2039,2027
2054,2043
2060,2045
2053,2035
2071,2048
2063,1997
2071,2047
2068,2054
2083,2020
2088,2047
2092,1999
2088,2012
2106,2005
2103,2023
2109,2063
2119,2027
2125,2063
2129,2053
2135,2045
2133,2017
2135,2015
2140,2041
2132,2009
2143,2063
2144,2075
2143,2045
2143,2028
2137,2009
2139,2069
2136,2041
2138,2042
2135,2067
2133,2046
2135,2063
2129,2011
2123,2035
2123,2021
2120,2057
2109,2018
2103,2039
2104,2053
2098,2041
2097,2035
2088,2042
2087,2079
2083,2019
2077,2044
2073,2023
2058,2018
2060,2008
2044,2029
2045,2019
2032,2067
2027,2046
2029,2037
2021,2056
2016,2073
2009,2043
2009,2031
1995,2071
1995,2065
2004,2059
1987,2027
1993,2035
1993,2080
1995,2056
1993,2025
1991,2041
1980,2023
1992,2019
1991,2033
1987,2063
2000,2041
1996,2077
2003,2072
1995,2071
2007,2053
2003,2029
2009,2063
2007,2024
2015,2035
2025,2023
2020,2029
2025,2063
2031,2072
2036,2033
2041,2055
2040,2021
2048,2039
2045,2078
2069,2058
2072,2072
2084,2045
2080,2005
2088,2020
2091,2064
2085,2027
2096,2005
2107,2052
2101,2023
2123,2040
2122,2056
2119,2029
2126,2024
2135,2059
2130,2059
2120,2054
2139,2063
2143,2072
2139,2071
2140,2067
2136,2061
2139,2035
2133,2058
2129,2055
2131,2027
2128,2080
2127,2067
2120,2037
2128,2002
2116,2040
2120,2043
2120,2063
2105,2043
2104,2072
2093,2040
2090,2041
2086,2053
2079,2019
2076,2027
2073,2077
2067,2061
2045,2067
2065,2042
2039,2063
2036,2044
2035,2078
2034,2058
2027,2015
2016,2052
2011,2036
2002,2036
2013,2046
2001,2042
1999,2007
1993,2023
1992,2021
1984,2028
1989,2077
1987,2047
1990,2075
1989,2030
1980,2063
1992,2056
1991,2063
1992,2043
1980,2027
1980,2033
1991,2034
1995,2033
2003,2029
1993,2013
1999,2033
2003,2023
2007,2079
2015,2057
2017,2037
2024,2037
2029,2039
2037,2079
2037,2035
2041,2056
2048,2047
2063,2052
2066,2028
2063,2063
2076,2029
2085,2044
2088,2060
2097,2063
2099,2063
2103,2021
2099,2039
2103,2013
2112,2019
2107,2027
2130,2029
2135,2044
2127,2077
2123,2015
2138,2072
2133,2045
2135,2039
2143,2008
2144,2033
2144,2042
2144,2031
2140,2045
2140,2008
2129,2063
2137,2031
2133,2056
2128,2013
2131,2030
2125,2018
2122,2033
2117,2056
2109,2032
2108,2035
2099,2028
2104,2077
2085,2062
2077,2059
2080,2105
2080,2064
2072,2075
2067,2056
2060,2053
2056,2066
2055,2036
2037,2063
2028,2063
2034,2041
2029,2021
2023,2068
2011,2071
2009,2057
2015,2041
1995,2071
2008,2026
2004,2030
2000,2042
2000,2068
1995,2072
1992,2032
1994,1999
2000,2028
1991,2035
2001,2024
1992,2037
2001,2023
2001,2037
1999,2017
1999,2011
1999,2027
2009,2072
2010,2068
2007,2041
2016,2035
2027,2024
2024,2071
2040,2056
2037,2029
2033,2019
2059,2068
2044,2068
2063,2028
2068,2080
2072,2063
2076,2051
2088,2053
2088,2072
2093,2065
2099,2028
2099,2037
2111,2027
2104,2009
2113,2041
2117,2046
2128,2067
2127,2015
2136,2025
2140,2035
2139,2057
2145,2071
2144,2003
2143,2067
2139,2063
2139,2011
2153,2052
2151,2025
2147,2024
2144,2061
2144,2017
2149,2079
2143,2073
2135,2039
2131,2023
2129,2139
2127,2109
2117,1968
2119,2040
2110,2070
2106,2080
2105,2080
2089,2012
2083,2019
2077,2132
2073,2001
2083,1989
2083,2084
2073,2068
2075,2061
2068,2063
2086,2067
2085,2075
2081,2058
2088,2020
2087,2080
2076,2047
2084,2079
2083,2097
2075,2032
2073,2064
2067,2037
2075,2020
2056,2019
2045,2040
2053,2067
2055,2029
2045,2042
2037,2017
2044,2039
2055,2027
2063,2022
2065,2007
2063,2044
2071,2063
2074,2065
2079,2030
2071,2028
2084,2043
2092,2011
2090,2068
2090,2073
2094,2072
2087,2058
2088,2040
2096,2041
2094,2019
2097,2017
2104,2022
2099,2055
2093,2073
2099,2029
2101,2077
2099,2057
2109,2088
2101,2031
2102,2034
2107,2043
2118,2064
2124,2041
2129,2068
2135,2008
2135,2070
2131,2024
2131,2001
2127,2017
2133,2015
2137,2071
2140,2031
2135,2028
2135,2080
2129,2025
2120,2063
2123,2039
2105,2057
2101,2021
2094,2051
2095,2046
2092,2033
2086,2038
2075,1999
2084,2037
2072,2061
2072,2057
2076,2010
2073,2009
2063,2017
2065,2079
2071,2027
2069,2048
2065,2007
2060,2048
2053,2005
2055,2042
2040,2071
2027,2043
2025,2073
2019,2032
2015,2012
2016,2027
2015,2042
1999,2053
2010,2033
2000,2034
2003,2060
2004,2091
2006,2080
2016,2066
2013,2069
2011,2043
2017,2041
2007,2035
2009,2061
2008,2063
2015,2009
2012,2056
2013,2059
2012,2019
2009,2056
2010,2067
2007,2026
2007,2006
2011,2038
2015,2071
2027,2012
2021,2029
2040,2054
2041,2017
2056,2021
2055,2053
2071,2039
2081,2018
2088,2070
2085,2029
2091,2063
2103,2042
2104,2076
2091,2019
2109,2054
2105,2056
2119,2028
2119,2063
2109,2023
2121,2072
2119,2039
2127,2024
2117,2040
2128,2067
2131,2008
2135,2004
2136,2035
2142,2056
2142,2071
2156,2005
2155,2069
2155,2005
2161,2067
2167,2072
2168,2059
2167,2066
2160,2060
2161,2061
2159,2021
2153,2020
2153,2057
2141,2039
2152,2023
2143,2075
2137,2060
2124,2055
2123,2078
2122,2066
2120,2084
2117,2072
2115,2017
2110,2075
2101,2019
2109,2033
2093,2043
2102,2060
2085,2032
2091,2045
2085,2045
2088,2044
2084,2064
2068,2069
2074,2035
2063,2036
2063,2027
2063,2071
2044,2024
2040,2062
2034,2056
2032,2039
2028,2035
2020,2039
2024,2059
2023,2073
2017,2015
2021,2056
2016,2095
2023,2059
2021,2011
2028,2023
2024,2045
2035,2011
2036,2063
2040,2045
2041,2046
2056,2041
2057,2056
2057,2057
2063,2017
2047,2069
2068,2025
2072,2017
2067,2017
2071,2040
2079,2044
2083,2067
2095,2040
2099,2031
2104,2054
2107,2038
2103,2077
2118,2071
2123,2057
2126,2042
2131,2040
2128,2040
2135,2023
2137,2008
2136,2074
2135,2027
2143,2058
2137,2019
2133,2071
2143,2043
2136,2023
2141,2055
2139,2063
2153,2088
2133,2063
2141,2046
2148,2055
2143,2063
2140,2038
2130,2056
2125,2047
2135,2065
2136,2029
2129,2037
2124,2088
2112,2034
2107,2040
2099,2001
2088,2063
2073,2056
2081,2073
2079,2073
2058,2025
2065,2043
2056,2072
2054,2056
2044,2027
2038,2043
2028,2027
2031,2069
2030,2029
2015,2057
2020,2054
2015,2055
2004,2066
2012,2066
2025,2023
2015,2071
2013,2063
2009,2024
2003,2035
2003,2053
2001,2012
2003,2029
2003,2043
1995,2029
2003,2072
2011,2041
2016,2007
2008,2023
2017,2056
2017,2030
2019,2058
2023,2055
2038,2025
2035,2071
2042,2079
2058,2067
2055,2031
2069,2036
2065,2002
2072,2015
2072,2066
2080,2067
2082,2028
2089,2005
2085,2030
2088,2042
2102,2071
2089,2037
2092,2009
2103,2071
2103,2037
2112,2003
2115,2079
2120,1979
2120,2017
2123,2044
2126,2023
2125,2037
2130,2069
2128,2037
2128,2011
2124,2021
2133,2070
2132,2040
2132,2048
2128,2063
2117,2072
2121,2065
2112,2031
2105,2007
2103,2004
2099,2021
2093,2074
2085,2037
2075,2015
2076,2002
2073,2048
2073,2025
2071,2017
2066,2056
2048,2036
2043,2075
2039,2072
2025,2074
2029,2056
2025,2021
2015,2059
2015,2060
2011,2052
2003,2072
1993,2033
1987,2043
1995,2018
1975,2009
1977,2007
1975,2027
1973,2029
1977,2029
1964,2063
1975,2074
1983,2039
1978,2068
1973,2071
1977,2063
1982,2039
1984,2023
1984,2068
1989,2035
1976,2024
1979,2059
1991,2043
2002,2028
2001,2063
2002,2056
2008,2056
2016,2023
2025,2019
2012,2036
2032,2064
2032,2071
2045,2072
2044,2033
2059,2060
2068,2032
2073,2048
2080,2071
2089,2023
2092,2048
2104,1989
2103,2046
2109,2071
2115,2017
2127,2037
2129,2007
2140,2048
2143,2037
2143,2073
2146,2015
2156,2017
2152,2076
2162,2001
2163,2067
2171,2093
2175,2063
2185,2043
2179,2039
2187,2015
2192,2063
2199,2024
2189,2055
2185,2025
2187,2032
2190,2039
2191,2054
2187,2066
2181,2068
2184,2080
2167,2023
2163,2056
2173,2084
2165,2037
2149,2025
2157,2017
2152,2041
2152,2072
2140,2043
2143,2029
2134,2041
2121,2039
2126,2023
2117,2071
2112,2024
2101,2031
2097,2035
2087,2037
2096,1995
2085,1917
2075,1976
2075,1999
2069,2079
2075,2068
2069,2015
2065,1995
2066,2025
2058,1995
2056,2035
2043,2082
2043,2088
2039,2063
2043,2009
2044,2024
2052,2026
2040,2075
2034,2065
2037,2063
2063,2053
2043,2021
2054,2057
2055,2021
2053,2039
2057,2035
2056,2060
2053,2052
2064,2045
2065,2030
2053,2032
2070,2059
2072,2017
2071,2023
2088,2071
2096,2053
2088,2066
2096,2054
2093,2042
2101,2011
2107,2068
2111,2040
2117,2012
2114,2079
2123,2063
2125,2021
2128,2053
2127,2035
2125,2040
2133,2023
2131,2042
2133,2043
2139,2035
2143,2071
2136,2072
2131,2024
2129,2055
2131,2075
2131,2029
2132,2019
2119,2005
2134,2027
2129,2024
2123,2073
2120,2056
2110,2064
2103,2041
2112,2071
2093,2043
2093,2068
2085,2037
2083,2011
2078,2017
2075,2044
2067,2040
2063,2036
2043,2058
2046,2040
2043,1995
2027,2041
2021,2019
2021,2006
2009,2084
2015,2057
2010,2040
2008,2013
1993,2023
1999,2033
1987,2011
1984,2059
1996,2015
1990,2035
1978,2036
1984,2071
1977,2013
1976,2055
1966,2057
1969,2057
1965,2031
1977,2072
1975,2027
1979,2041
1976,2057
1963,2019
1980,2023
1981,2037
1987,2071
1990,2080
2001,2040
1996,2071
2001,2044
2011,2056
2001,2069
2007,2065
2016,2077
2025,2071
2030,2072
2031,2065
2035,2043
2037,2035
2055,2063
2042,2027
2063,2056
2059,2009
2071,2046
2073,2025
2077,2021
2091,2044
2086,2066
2085,2067
2099,2025
2098,2056
2105,2068
2108,2039
2115,2077
2123,2027
2119,2068
2108,2065
2107,2051
2107,2071
2123,2057
2118,1995
2118,2052
2108,2008
2118,2043
2109,2023
2103,2045
2099,2025
2115,2031
2089,2055
2091,2073
2092,2059
2079,2071
2080,2019
2080,2027
2076,2078
2063,2037
2064,2033
2063,2005
2041,2068
2045,2025
2043,2024
2029,2077
2022,2003
2011,2071
2011,2015
1996,2056
2008,2035
1991,2007
1992,2040
1984,2030
1971,2031
1981,2053
1976,2027
1971,2073
1965,2058
1961,2018
1960,2063
1969,2015
1964,2047
1962,2070
1965,2033
1951,2005
1957,2015
1959,2022
1964,2021
1954,2034
1957,2027
1963,2063
1960,2043
1976,2027
1975,2002
1981,2008
1973,2036
1977,2063
1984,2019
1992,2076
1988,2037
1995,2030
2012,2057
2013,2019
2012,2009
2021,1995
2023,2034
2040,2075
2041,2072
2053,2015
2063,2052
2068,2043
2069,2054
2075,2061
2085,2040
2088,2041
2094,2043
2100,2005
2097,2056
2108,2058
2113,2011
2123,2036
2115,2008
2119,2019
2123,2023
2135,2029
2129,2047
2133,2020
2125,2080
2131,2057
2129,2009
2131,2066
2124,2055
2127,2028
2121,2044
2115,2041
2115,2027
2115,2072
2112,2035
2112,2013
2100,2042
2100,2042
2092,2044
2090,2045
2087,2042
2080,2008
2069,2023
2067,2019
2068,2037
2053,2020
2052,2033
2032,2063
2036,2027
2031,2018
2015,2064
2019,2065
2007,2056
2010,2015
2004,2021
2005,2051
1977,2063
1981,2077
1987,2046
1980,2008
1976,2092
1982,2029
1971,2064
1977,2076
1960,2058
1973,2059
1968,2088
1968,2077
1972,2065
1970,2033
1963,2046
1975,2024
1978,2053
1981,2033
1975,2066
1975,2048
1990,2072
1992,2011
1991,2003
1995,2061
2003,2040
2001,2015
2014,2077
2016,2019
2023,2025
2034,2009
2038,2039
2034,2019
2051,2003
2057,2037
2045,2063
2072,2039
2077,2027
2077,2033
2076,1996
2080,2035
2083,1988
2104,2040
2104,2058
2101,2047
2110,2057
2104,2067
2112,2051
2115,2008
2122,2023
2120,2083
2123,2058
2116,1991
2131,2023
2119,2028
2125,2009
2120,2017
2116,2040
2113,2067
2114,2033
2107,2001
2105,2007
2091,2017
2103,2063
2095,2060
2090,2041
2081,2025
2076,2059
2071,2068
2068,2005
2061,2023
2045,2064
2053,2063
2029,2057
2026,2067
2031,2035
2013,2035
2017,2074
2011,2037
2001,2057
2007,2041
2000,2039
1993,2023
1975,2056
1976,2063
1975,2029
1965,2076
1961,2029
1967,2038
1963,2079
1963,2055
1961,2056
1960,2022
1963,2056
1961,2006
1957,2043
1958,2023
1959,2058
1958,2023
1956,2039
1960,2028
1972,2063
1974,2063
1982,2055
1980,2057
1988,2027
1992,2033
1991,2063
2004,2063
2003,2036
2012,2027
2017,2033
2021,2054
2029,2042
2036,2071
2041,2063
2043,2067
2045,2031
2070,2010
2073,1997
2075,2067
2086,2011
2090,2055
2090,2044
2096,2019
2111,2068
2101,2019
2111,2046
2116,2015
2130,2023
2129,2027
2125,2029
2126,2027
2140,2068
2140,1991
2144,1997
2141,2029
2136,2020
2143,2009
2137,2067
2137,2025
2143,2018
2143,2025
2135,2072
2133,2019
2131,2017
2128,2053
2128,2038
2122,2058
2125,2029
2105,2037
2108,2033
2107,2041
2093,2031
2091,2010
2092,2043
2091,2063
2088,2067
2073,2003
2067,2042
2063,2075
2039,2028
2063,2067
2051,2072
2035,2017
2028,2063
2023,2059
2021,2055
2019,2072
2015,2056
1992,2079
2008,2087
2007,2076
1995,2038
2003,2053
1997,2056
1987,2047
1999,2052
1981,2052
1993,2044
1992,2056
1993,2052
2000,2057
1995,2021
1995,2032
2002,1995
2006,2040
2000,2075
2004,2067
2007,2023
2009,2027
2014,2055
2023,2068
2023,2051
2025,2020
2029,2036
2034,2036
2038,2048
2041,2022
2029,2043
2048,2038
2045,2056
2065,2071
2076,2071
2075,2067
2080,2042
2089,2054
2085,2008
2083,2033
2094,2074
2102,2077
2097,2012
2099,2003
2117,2067
2114,2021
2117,2036
2120,2037
2123,2036
2126,2009
2129,2007
2129,2040
2125,2035
2121,2040
2117,2055
2117,2041
2121,2071
2123,2063
2109,2029
2122,2003
2103,1992
2116,2013
2104,2007
2093,2027
2083,2023
2100,2063
2090,2013
2074,2068
2079,2033
2069,2015
2072,2074
2063,2040
2056,2029
2044,2056
2040,2029
2026,2053
2023,2045
2020,2031
2021,2052
2009,2060
1995,2044
2002,2034
1997,2012
1981,2037
1983,2003
1966,2076
1971,2099
1968,2060
1961,2056
1955,2030
1964,2027
1955,2024
1961,2068
1958,2040
1962,2011
1944,2074
1952,2043
1960,2001
1952,2015
1956,2024
1963,2015
1967,2011
1960,2067
1960,2046
1969,2077
1964,2031
1964,2057
1977,2044
1976,2067
1992,2061
1995,2033
1994,2029
2005,2043
2005,2042
2007,2053
2008,2083
2016,2039
2021,2079
2032,2039
2030,2011
2039,2061
2053,2039
2048,2023
2055,2059
2063,2015
2068,2044
2072,2007
2073,2037
2067,2076
2081,2015
2088,2040
2089,2064
2083,2042
2088,2056
2090,2033
2091,2061
2103,2065
2101,2080
2091,2043
2099,1989
2096,2056
2099,2061
2089,2011
2089,2075
2087,2001
2075,2025
2075,2080
2071,2072
2069,2035
2076,2019
2067,2089
2068,2018
2068,2013
2062,2062
2055,2059
2053,2043
2047,2060
2053,2070
2045,2040
2027,2054
2027,2059
2035,2053
2019,2043
2027,2072
2018,2020
2011,2051
1997,2034
2005,2063
1996,2071
1995,2043
1993,2060
1995,2019
1981,2041
1982,2009
1996,2071
1981,2056
1991,2056
1993,2072
1991,2009
1994,2036
1996,2056
1994,2057
1996,2059
2002,2029
2000,2043
2001,2065
2000,2002
2007,2041
2011,2033
2014,2009
2015,2063
2028,2056
2027,2053
2031,2057
2031,2028
2036,2032
2041,2015
2039,2024
2053,2056
2043,2065
2065,1988
2067,2040
2068,2017
2073,1987
2073,2055
2083,2041
2085,2021
2089,2036
2085,2027
2104,2040
2106,2036
2104,2060
2108,2043
2116,2052
2120,2043
2115,2033
2112,2008
2120,1993
2117,2007
2121,2063
2107,2028
2105,2013
2112,2035
2115,2007
2115,2029
2111,2042
2113,2063
2106,2059
2105,2047
2098,2072
2092,2019
2085,2035
2085,2043
2087,2052
2086,2019
2075,2052
2076,2060
2074,2072
2072,2055
2062,2032
2045,2055
2045,2028
2037,2063
2031,2040
2025,2055
2035,2025
2025,2075
2024,2073
2024,2019
2018,2024
2016,2012
2023,2035
2019,2064
2006,2056
2000,2011
1996,2048
2001,2013
2002,2025
2000,2019
1997,2013
1995,2063
1989,2055
1990,2063
1995,2083
1992,2025
1990,2080
1994,2023
2008,2021
2004,2027
2004,2039
2012,2051
2017,2033
2022,2025
2021,2057
2032,2080
2025,2068
2040,2059
2043,2023
2037,1995
2044,2066
2063,2025
2063,2017
2066,2017
2073,2032
2083,2023
2085,2053
2088,2045
2088,2056
2091,2058
2099,2029
2109,2055
2107,2045
2112,2037
2123,2017
2125,2063
2130,2037
2138,2021
2135,2015
2135,2048
2152,2043
2144,2043
2152,2057
2155,2037
2159,2041
2153,2029
2156,2037
2158,2054
2157,2020
2161,2040
2160,2066
2149,2037
2152,2015
2145,2071
2147,2039
2147,2045
2131,2071
2143,2048
2136,2083
2135,2057
2128,2055
2125,2035
2122,2058
2124,2042
2111,2056
2113,2068
2094,2029
2107,2054
2093,2035
2079,2005
2074,2025
2076,2017
2072,2039
2067,2055
2063,2024
2043,2057
2057,2035
2042,2045
2033,2071
2027,2063
2031,2056
2033,2027
2016,2055
2024,2047
2016,2063
2017,2073
2018,2052
2009,2021
2008,2031
2023,2041
2011,2017
2017,2080
2016,2057
2022,2007
2023,2036
2021,2072
2015,2029
2019,2041
2029,2015
2032,2051
2035,2017
2038,2023
2042,2036
2049,2011
2063,2008
2055,2040
2055,2040
2067,2080
2074,2080
2079,2044
2075,2058
2086,2054
2092,2009
2088,2072
2092,2029
2103,2028
2107,2033
2109,2029
2121,2011
2121,2069
2129,2003
2131,2009
2136,2056
2132,2019
2139,2002
2140,2003
2143,2072
2152,2079
2149,2011
2153,2079
2155,2063
2161,2024
2160,2068
2160,2012
2152,2056
2158,2027
2152,2015
2147,2056
2137,2029
2135,2021
2140,2029
2140,2024
2135,2023
2130,2041
2121,2064
2115,2043
2112,2072
2109,2007
2108,2057
2102,2035
2089,2012
2096,2054
2087,2001
2075,2037
2068,2021
2066,2026
2063,2076
2053,2027
2057,2072
2041,2051
2037,2039
2033,2026
2027,2057
2022,2042
2024,2025
2023,2054
2020,2007
2023,2043
2007,2088
2015,2068
2003,2008
2009,2056
2011,2034
2013,2040
2003,2046
2019,2035
2010,2039
2016,2071
2019,2058
2024,2071
2024,2007
2033,2055
2029,2076
2025,2046
2040,2011
2037,2039
2041,2003
2051,2028
2059,2024
2063,2039
2063,2055
2072,2019
2072,2008
2077,2079
2085,2015
2082,2031
2087,2053
2103,2056
2097,2056
2100,2008
2117,2019
2109,2024
2107,2027
2126,2021
2121,2072
2133,2042
2137,2009
2135,2025
2143,2064
2147,2063
2144,2071
2146,2041
2153,2036
2147,2023
2144,2041
2152,2040
2148,2046
2145,2051
2149,2011
2140,2041
2135,2056
2136,2015
2136,2004
2131,2056
2127,2075
2125,2084
2120,2092
2113,2045
2104,2137
2109,2083
2097,2063
2096,2079
2093,2030
2087,2027
2074,2021
2072,2040
2075,2078
2065,2025
2063,2064
2055,2033
2041,2027
2039,2063
2027,2053
2029,2041
2031,2009
2024,2048
2017,2044
2011,2039
2011,2070
2003,2075
2005,2073
1995,2029
2003,2039
1996,2041
1991,2038
1987,2008
1987,2039
1999,2055
1997,2067
1989,2040
1995,2019
1992,2028
2005,2027
2001,2020
2008,2045
2011,2015
2018,2027
2018,2072
2023,2039
2029,2035
2030,2019
2040,2068
2033,2045
2035,2035
2054,2075
2056,2019
2067,2003
2063,2079
2073,2063
2079,2029
2084,2029
2089,2019
2102,2051
2103,2040
2110,2064
2093,2044
2105,2071
2123,2071
2128,2033
2133,2076
2132,2080
2139,2015
2139,2035
2151,2031
2144,2058
2153,2064
2152,2035
2135,2005
2156,2012
2154,2046
2158,2076
2151,2041
2150,2045
2153,2033
2147,2072
2147,2039
2147,2068
2137,2069
2140,2071
2138,2058
2131,2039
2130,2057
2123,2041
2117,2079
2120,2041
2126,2001
2117,2009
2105,2009
2105,2021
2096,2040
2087,2067
2091,2035
2087,2044
2073,1993
2065,2040
2063,2069
2063,2056
2055,2039
2040,2043
2044,2028
2024,2056
2023,2059
2026,2060
2021,2025
2021,2071
2019,2068
2021,2040
2013,2039
2013,2072
2007,2078
2010,2013
2005,2043
2012,2055
2009,2052
2008,2017
2013,2052
2012,2076
2009,2023
2019,2024
2011,2043
2023,2057
2023,2072
2025,2059
2025,2033
2027,2005
2040,2041
2037,2056
2041,2045
2072,2067
2063,2063
2057,2013
2077,2039
2069,2015
2077,2003
2087,2077
2087,2031
2092,2023
2089,2065
2102,2072
2104,2053
2111,2043
2120,2043
2121,2009
2119,2079
2135,2033
2135,2015
2138,2079
2141,2060
2143,2065
2141,2044
2144,2071
2152,2075
2152,2067
2147,2009
2158,2056
2158,2013
2152,2013
2147,2033
2149,2071
2150,2039
2144,2017
2137,2055
2136,2042
2129,2067
2123,2063
2124,2044
2113,2043
2115,2067
2112,2039
2103,2037
2107,2039
2103,2080
2092,2068
2083,2026
2077,2041
2081,2063
2072,2065
2065,2028
2063,2003
2063,2071
2059,2063
2035,2084
2045,2067
2035,2019
2015,2035
2017,2071
2022,2063
2016,2076
2015,2043
2012,2064
2013,2007
2003,2023
2008,2027
2007,2040
2001,2019
1997,2025
2008,2044
2007,2054
2004,2029
2008,2068
2005,2048
2009,2063
2009,2034
2016,2089
2021,2071
2027,2067
2021,2011
2033,2080
2039,2071
2040,2057
2043,2071
2038,2048
2057,2079
2066,2068
2068,2071
2077,2054
2081,2059
2084,2056
2086,2063
2100,2037
2100,1996
2101,2020
2107,2048
2119,2015
2122,2013
2119,2031
2126,2057
2136,2030
2135,2025
2123,2021
2152,2023
2145,2040
2151,2029
2149,2070
2149,2065
2157,2041
2157,2070
2162,2007
2156,2023
2152,2044
2163,2025
2157,2045
2153,2072
2152,2079
2145,2071
2148,2063
2152,2015
2142,2054
2136,2067
2135,2072
2121,2053
2125,2077
2105,2025
2115,2019
2106,2046
2087,2057
2093,2080
2091,2059
2073,2047
2071,2047
2067,2065
2063,2041
2056,2070
2055,1997
2040,2042
2035,2068
2022,2045
2024,2029
2019,2037
2013,2043
2005,2020
2003,2068
2004,2037
1996,2072
1995,2029
1987,2009
1989,2044
1977,2057
1986,2035
1981,2036
1979,2064
1975,2009
1983,2073
1981,2035
1985,2032
1977,2038
1990,2024
1991,2029
1994,2037
2000,2041
2005,2073
2005,2030
2012,2023
2008,2063
2021,2036
2020,2072
2027,2063
2035,2048
2037,2040
2042,2019
2039,2014
2045,2054
2063,2029
2063,2009
2070,2040
2073,2059
2082,2034
2089,2058
2093,2009
2091,2060
2104,2034
2109,2054
2107,2056
2118,2035
2115,2048
2119,2044
2125,2040
2135,2027
2128,2056
2123,2075
2135,2041
2133,2065
2132,2068
2140,2023
2130,2065
2143,2067
2123,2044
2129,2057
2127,2076
2132,2041
2117,2037
2117,2027
2119,2048
2112,2052
2112,2078
2109,2004
2103,2063
2100,2041
2093,2017
2093,2060
2068,2041
2079,2037
2069,2061
2069,2043
2063,2057
2060,2063
2047,2073
2053,2060
2029,2037
2037,2044
2031,2036
2021,2073
2016,2055
2023,2077
2011,2036
2001,2073
2003,2033
1993,2037
1998,2029
1993,2057
1984,2033
1999,2036
1999,2071
1993,2079
1992,2072
1993,2041
1981,2025
1992,2077
1993,2015
1996,2055
1999,2078
1992,2053
2003,2073
2011,2080
2007,2005
2016,2011
2028,2015
2027,2037
2025,2028
2032,2061
2039,2009
2033,2023
2053,2019
2043,2029
2055,2027
2065,2060
2072,2069
2080,2044
2079,2009
2081,2009
2092,2009
2096,2015
2100,2044
2102,2064
2113,2067
2111,2035
2120,2028
2127,2052
2133,2020
2135,2052
2138,2032
2131,2070
2147,2033
2133,2033
2143,2058
2144,2019
2144,2064
2143,2037
2145,2040
2142,2055
2134,2021
2145,2008
2141,2064
2134,2017
2128,2022
2123,2076
2123,2026
2109,2035
2109,2027
2095,2017
2107,2068
2102,2022
2091,2056
2077,2045
2081,2033
2073,2056
2063,2057
2066,2071
2063,2015
2056,2031
2042,2047
2032,2040
2036,2025
2017,2027
2023,2018
2013,2031
2016,2056
1991,2039
1997,2017
1999,2058
2002,1991
1981,2019
1984,2031
1982,2042
1982,2023
1976,2011
1979,2035
1978,2017
1978,2069
1980,2058
1977,2067
1977,2043
1977,2067
1983,2051
1992,2042
1983,2035
1981,2069
2001,2056
1989,2044
2000,2009
2006,2064
1997,2025
2010,2067
2014,2037
2012,2065
2024,2019
2019,2073
2039,2055
2044,2023
2043,2071
2058,2042
2068,2043
2071,2048
2074,2064
2077,2066
2087,2028
2095,2023
2087,2039
2097,2054
2102,2008
2112,2072
2105,2029
2107,2052
2125,2057
2128,2045
2126,2034
2131,2057
2136,2064
2137,2075
2135,1995
2135,2033
2137,2062
2136,2019
2142,2070
2141,2071
2136,2068
2133,2063
2133,2027
2131,2053
2129,2035
2124,2063
2122,2065
2121,2063
2108,2015
2113,2011
2101,2040
2101,2067
2096,2068
2093,2056
2089,2040
2077,2019
2081,2053
2071,2001
2072,2063
2060,2035
2055,2075
2052,2017
2043,2053
2037,2025
2036,2079
2017,2003
2012,2029
2007,2077
2011,2068
2001,2027
2008,2023
2003,2060
2003,2059
1999,2055
1999,2043
1996,2053
1993,2042
1991,2060
1991,2035
1993,2059
1991,2048
1996,2028
1995,1997
1998,2027
1997,2040
2005,2020
2010,2057
2005,2048
2007,2023
2011,2036
2015,2036
2024,2063
2025,2041
2033,2022
2028,2039
2040,2064
2044,2043
2043,2046
2048,2038
2067,2056
2072,2036
2079,2060
2075,2042
2084,2056
2089,2059
2087,2058
2096,2053
2108,2064
2104,2033
2113,2064
2120,2073
2120,2068
2128,2051
2128,2045
2130,2040
2139,2023
2129,2039
2134,2035
2147,2023
2144,2041
2143,2026
2143,2022
2140,2034
2133,2063
2138,2068
2134,2043
2133,2032
2131,2043
2122,2024
2129,2009
2120,2078
2121,2037
2105,2003
2115,2024
2099,2007
2103,2079
2096,2044
2091,2073
2083,2059
2077,2076
2065,2044
2072,2033
2066,2057
2063,2041
2040,2047
2035,2063
2032,2031
2024,2021
2025,2019
2017,2053
2007,2048
1995,2019
2001,2067
1997,2042
1988,2028
1998,2032
1983,2027
1979,1998
1973,2023
1967,2012
1969,2017
1976,2042
1973,2061
1961,2019
1965,2054
1976,2037
1976,1995
1978,2004
1973,2021
1976,2087
1979,2059
1977,2044
1984,2041
1995,2037
1990,2048
1995,2057
2000,2067
1997,2036
2001,2033
2016,2037
2015,2020
2022,2046
2029,2024
2027,2003
2035,2030
2037,2023
2041,2068
2044,2033
2063,2037
2056,2019
2065,2009
2067,2072
2069,2041
2083,2075
2091,2039
2088,2008
2092,2048
2091,2055
2094,2085
2097,2022
2099,2023
2105,2060
2111,2061
2109,2044
2102,2053
2108,2023
2106,2037
2108,2008
2105,2012
2104,2067
2100,2066
2093,2027
2088,2062
2095,2063
2085,2029
2081,2052
2074,2071
2067,2055
2067,2021
2048,2080
2063,2024
2043,1999
2055,2027
2043,2066
2040,2077
2025,2020
2025,2035
2008,2045
2008,2079
2007,2067
2004,2030
1988,2066
1992,2079
1986,2025
1982,2019
1971,2069
1965,2073
1971,2027
1963,2055
1956,2072
1947,2042
1953,2035
1955,2039
1960,2055
1949,2069
1952,2080
1944,1996
1945,2015
1954,2056
1961,2025
1957,2011
1959,2072
1959,2078
1962,2071
1961,2076
1967,2015
1966,2072
1978,2061
1982,2054
1988,2058
1994,1998
1995,2021
2001,2042
2011,2079
2013,2054
2021,2012
2019,2042
2030,2025
2025,2013
2043,2040
2043,2051
2064,2021
2063,2073
2070,2033
2069,2043
2071,2037
2077,2065
2087,2056
2086,2028
2088,1997
2107,2017
2101,2018
2107,2008
2120,2039
2120,2044
2123,2073
2114,2043
2128,2043
2121,2012
2119,2070
2124,2022
2125,2075
2129,2063
2115,2060
2123,2058
2122,2040
2123,2027
2115,2013
2115,2036
2099,2032
2104,2027
2100,2027
2094,2043
2085,2041
2083,2064
2071,2063
2079,2072
2073,2033
2075,2080
2066,2063
2063,2069
2055,2066
2051,2040
2041,2055
2035,2041
2025,2059
2025,2039
2009,2039
2011,2051
2009,2047
2000,2017
1999,2036
1996,2042
1996,2025
1995,2035
1991,2033
1982,2033
1987,2053
1988,2029
1986,2015
1979,2035
1988,2019
1984,2024
1991,2023
1979,2073
1992,2054
1994,2019
1998,2033
1995,2072
1993,2013
1993,2040
2001,2021
2006,2048
2009,2015
2016,2071
2011,2044
2021,2041
2026,2059
2028,2011
2030,2055
2040,2069
2041,2019
2056,1995
2063,2068
2057,2045
2063,2027
2078,2030
2071,2076
2083,2076
2080,2059
2085,2015
2097,2055
2100,2001
2097,2079
2106,2020
2106,2008
2109,2055
2117,2063
2119,2071
2116,2035
2128,2023
2128,2024
2125,2063
2120,2019
2127,2042
2131,2072
2122,2067
2119,2066
2115,2048
2107,2067
2106,2021
2115,2015
2106,2036
2104,2017
2092,2063
2092,2033
2091,2056
2091,2068
2080,2044
2079,2074
2077,2037
2065,2063
2070,2064
2064,2019
2041,2025
2038,2068
2035,2047
2031,2015
2023,2009
2017,2068
2015,2075
2011,2026
2006,2029
2003,2018
1989,2023
1987,2060
1984,2080
1988,2044
1979,1976
1975,2065
1980,2013
1973,2039
1976,2037
1971,2048
1974,2030
1973,2060
1974,2027
1980,2025
1976,2019
1981,2063
1981,2026
1980,2064
1992,2083
1979,2033
1987,2059
1987,2027
1995,2032
1995,2031
2008,2009
1999,2023
2016,2058
2015,2073
2021,2040
2028,2008
2030,2065
2040,2025
2039,2029
2047,2010
2056,2025
2053,2072
2069,2019
2069,2048
2079,2015
2083,2041
2089,2072
2092,2042
2094,2037
2103,2019
2103,2017
2111,2056
2110,2020
2121,2076
2124,2071
2124,2056
2125,2043
2125,2015
2125,2070
2130,2061
2131,2068
2128,2048
2124,2040
2121,2019
2119,2027
2123,2077
2118,2060
2117,2077
2121,2025
2107,2068
2108,2056
2101,2058
2099,2057
2102,2024
2080,2071
2096,2044
2083,2023
2077,2039
2080,1995
2076,2033
2072,2025
2063,2072
2061,2005
2055,2054
2042,2009
2037,2039
2034,2069
2023,2057
2021,2035
2001,2039
2002,2034
2009,2055
2006,2056
1993,2071
1999,2066
1995,2053
1991,2017
1993,2079
1995,2008
1999,1999
1989,2037
1995,2029
1994,2044
1999,2024
1999,2020
2000,2029
1990,2074
2004,2007
2007,2068
2008,2094
2008,2027
2007,2061
2012,2035
2017,2064
2020,2021
2022,2009
2024,1995
2042,2072
2037,2042
2039,2019
2055,2060
2068,2011
2073,2044
2069,2043
2085,2029
2076,2035
2085,2041
2096,2035
2110,2058
2104,2062
2108,2035
2116,2039
2109,2041
2125,2026
2134,2005
2137,2056
2129,2027
2139,2052
2147,2075
2145,2003
2137,2019
2146,2054
2153,2056
2151,1998
2151,2051
2150,2015
2151,2071
2139,2019
2143,2059
2143,2045
2140,2072
2139,2053
2132,2056
2135,2036
2131,2071
2128,2026
2116,2053
2114,2037
2103,2045
2110,2055
2104,2037
2097,2025
2087,2036
2083,2019
2073,2031
2067,2063
2072,2015
2057,2021
2063,2073
2051,2055
2043,2001
2037,2035
2031,2064
2031,2020
2015,2072
2019,2015
2005,2043
2001,2063
2007,2056
1995,1996
2008,2035
1996,2045
1994,2045
1992,2075
1994,2072
1991,2065
1988,2060
1992,2036
1992,2041
2000,2078
1994,2051
1995,2048
1998,2071
2007,2048
1993,2080
2009,2071
2007,2019
2016,2008
2023,2076
2020,2063
2023,2035
2025,2012
2029,2039
2039,2048
2039,2011
2041,2063
2060,2023
2062,2059
2069,2039
2071,2055
2076,2030
2080,2010
2091,2048
2083,2052
2095,1997
2101,2020
2107,2036
2101,2079
2112,2063
2112,2035
2119,2008
2117,2035
2119,2069
2130,2068
2128,2058
2133,2042
2136,2063
2132,1979
2132,2011
2123,2071
2124,2079
2127,2009
2133,2078
2120,2036
2122,2029
2115,2011
2120,2009
2116,2058
2106,2072
2104,2023
2101,2015
2089,2041
2089,2078
2087,2041
2081,2035
2079,2073
2067,2062
2059,2009
2064,2025
2057,2023
2040,2045
2029,2057
2029,2068
2025,2017
2025,2093
2020,2091
2011,2017
2008,2068
2008,2040
2008,2056
1993,2079
1989,2073
1975,2039
1966,2041
1979,2081
1977,2055
1980,2056
1984,2072
1974,2023
1978,1996
1982,2027
1988,2011
1982,2009
1984,2019
1981,2067
1979,2056
1976,2051
1977,2044
1996,2025
1998,2036
1993,2024
2008,2019
2009,2048
2014,2023
2022,1991
2023,2017
2024,2080
2037,2017
2035,2043
2043,2044
2059,2027
2063,2054
2069,2080
2063,2040
2073,2029
2078,2063
2083,2037
2084,2017
2100,2030
2098,2076
2105,2027
2109,2064
2114,2080
2116,2028
2120,2072
2125,2008
2130,1993
2135,2046
2121,2068
2135,2043
2133,2045
2141,2030
2141,2065
2139,2043
2137,2027
2139,2072
2131,2043
2141,2068
2124,2063
2135,2074
2129,2072
2129,2037
2122,2030
2116,2058
2110,2035
2115,2011
2109,2055
2106,1991
2097,2027
2094,2027
2081,2041
2079,2037
2077,2033
2063,2083
2074,2027
2053,2041
2044,2039
2048,2039
2043,2040
2035,2063
2040,2062
2027,2075
2025,2071
2021,2057
2015,2065
2005,2039
1999,2080
2011,2063
2004,2017
2009,2025
2001,2015
2007,2046
2003,2008
1999,2041
1998,2051
1995,2069
2004,2027
2007,2044
2003,2056
2012,2070
2011,2039
2014,2074
2014,2064
2007,2043
2023,2081
2024,2066
2024,2073
2037,2040
2037,2063
2043,2029
2048,2060
2045,2023
2066,2023
2067,2041
2071,2025
2078,2001
2088,2056
2076,2057
2085,2023
2098,2056
2098,2033
2110,2068
2117,2077
2120,2040
2129,2072
2136,2028
2130,2036
2137,2065
2148,1997
2144,2027
2137,2003
2151,2048
2147,2044
2152,2021
2153,2072
2157,2030
2149,2047
2157,2035
2152,2040
2149,2032
2147,2039
2152,2075
2152,2071
2145,2028
2135,2020
2135,2005
2136,2063
2133,2035
2124,2063
2124,2045
2115,2035
2116,2033
2105,2060
2101,2025
2104,2041
2097,2072
2085,2032
2088,2058
2081,2071
2071,2077
2064,2071
2043,2080
2055,2071
2053,2027
2045,2045
2043,2015
2037,2064
2023,2041
2020,2027
2010,2021
2016,2040
2018,2068
2003,2030
2004,2003
2003,2015
2003,2079
2008,2057
2005,2060
2007,2073
1995,2053
2001,2037
2011,2021
2014,2029
2009,2070
2009,2042
2016,2048
2014,2065
2025,2029
2025,2073
2025,2064
2027,2072
2039,2067
2041,2043
2037,2063
2048,2055
2063,2063
2057,2074
2072,2079
2072,2036
2067,2040
2084,2019
2087,2055
2096,2068
2086,2048
2101,2052
2105,2048
2107,2072
2108,2005
2124,2058
2120,2023
2136,2024
2136,2081
2144,2068
2143,2039
2147,2001
2153,2039
2149,2063
2153,2003
2153,2027
2165,2057
2149,2040
2153,2037
2160,2071
2160,2069
2161,2027
2152,2045
2155,2043
2151,2024
2150,2028
2141,2043
2147,2068
2135,2043
2128,2064
2127,2015
2135,2048
2119,2067
2120,2063
2106,2044
2104,2067
2099,2063
2095,2051
2096,2040
2088,2033
2077,2011
2078,2068
2063,2025
2067,2070
2060,2069
2056,2054
2044,2035
2029,2028
2035,2036
2027,2063
2024,2043
2024,2054
2023,2029
2015,2040
2016,2028
2013,2080
2014,2031
2004,2076
2008,2048
2008,2077
2002,2019
2006,2060
2003,2011
2004,2009
2015,2019
2012,2060
2016,2072
2009,2060
2017,2001
2027,2040
2028,2036
2019,2021
2035,2065
2043,2063
2043,2017
2043,2063
2051,2021
2043,2039
2063,2021
2069,2031
2076,2044
2071,2011
2085,2051
2091,2041
2096,2063
2096,2042
2104,2055
2103,2019
2118,2017
2112,2071
2120,2048
2131,2031
2129,2037
2139,2041
2145,2080
2143,2060
2148,2015
2151,2028
2152,2036
2154,2015
2152,2073
2149,2015
2154,2043
2149,2031
2144,2055
2153,2035
2157,2038
2152,2069
2139,2029
2139,2071
2135,2048
2140,2017
2131,2034
2134,2063
2113,2012
2124,2045
2121,2068
2107,2025
2105,2067
2093,2029
2096,2060
2089,2021
2088,2067
2082,2080
2076,2056
2063,2027
2063,2046
2054,2027
2043,2066
2037,2020
2032,2063
2032,2003
2028,2063
2021,2056
2015,2036
2008,2036
2015,2037
2005,2048
2001,2010
2004,2056
2005,2057
2008,2073
2007,2025
1995,2063
1994,2011
2001,2069
2003,2057
2000,2068
1997,2066
1999,2073
2003,2063
2005,2060
2010,2068
2017,2021
2007,2062
2016,2077
2026,2068
2021,2005
2027,2023
2033,2017
2043,2019
2056,2017
2041,2025
2064,2044
2067,2011
2073,2060
2073,2041
2073,2005
2081,2023
2081,2024
2099,2030
2095,2027
2093,2048
2105,2066
2104,2025
2112,2063
2117,2003
2124,2066
2126,2078
2123,2056
2130,2027
2125,2040
2127,2003
2142,2065
2136,2032
2143,2071
2144,2039
2140,1981
2139,2067
2140,2058
2131,2023
2135,2025
2129,2063
2123,2055
2127,1995
2115,2011
2115,2071
2111,2071
2107,2069
2105,2072
2094,2074
2090,2019
2088,2037
2073,2027
2075,2013
2078,2043
2067,2072
2055,2015
2063,2042
2040,2044
2039,2042
2036,2058
2019,2076
2007,2052
2010,2007
2009,2013
2012,2060
2001,2041
1998,2019
1995,1997
1996,2027
1980,2044
1981,2063
1992,2025
1978,2028
1980,2060
1975,2073
1980,2067
1977,2029
1987,2074
1976,2041
1975,2059
1984,2056
1989,2069
1983,2069
1993,2063
1995,2007
1996,2021
1997,2035
2007,2062
2003,2054
2014,2044
2018,2029
2017,2005
2020,2055
2037,2063
2029,2047
2040,2041
2043,2013
2055,2063
2063,2028
2063,2012
2063,2007
2083,2080
2072,2058
2092,2048
2092,2021
2096,2069
2091,2052
2116,1975
2105,2031
2124,2070
2123,2035
2128,2024
2127,2056
2133,2072
2136,2063
2137,2001
2142,2080
2139,2044
2129,2054
2134,2021
2139,2061
2141,2072
2132,2061
2136,2043
2134,2022
2131,2059
2125,2025
2117,2029
2125,2025
2124,2023
2117,2067
2109,2070
2103,2023
2097,2068
2104,2059
2096,2075
2088,2063
2084,2005
2081,2075
2073,2066
2073,2053
2068,2042
2063,2068
2056,2063
2043,2063
2035,2080
2033,2063
2027,2044
2021,2011
2019,2003
2017,2009
2012,2021
2012,2029
1999,2043
2001,2067
2000,2036
2011,2075
1994,2063
1998,2058
1995,2032
1993,2041
1996,2029
1995,2060
1997,2021
2006,2066
2008,2096
1996,2042
2010,2017
2008,2057
2003,2019
2007,2054
2022,2044
2025,2062
2025,2035
2027,2073
2031,2027
2029,2031
2037,2063
2054,2027
2043,2023
2056,2048
2068,2060
2075,2007
2076,2043
2083,2066
2088,2040
2093,2011
2100,2051
2101,2004
2109,2060
2113,2027
2115,2024
2120,2058
2120,2076
2125,2024
2125,2057
2142,2061
2133,2013
2140,2063
2143,2019
2145,2023
2152,2072
2140,2063
2151,2085
2153,2005
2139,2069
2145,1995
2150,2063
2140,2032
2133,2021
2125,2044
2123,2023
2120,2038
2124,2015
2109,2037
2107,2030
2101,2080
2106,2047
2093,2072
2091,2058
2080,2036
2073,2051
2081,2039
2072,2051
2068,2063
2055,2048
2044,2041
2037,2080
2040,2035
2030,2034
2027,2027
2015,2019
2019,2057
2014,2051
2001,2073
1997,2063
2000,2069
1998,2035
2003,2069
2003,2017
1993,2034
1997,2036
1990,2063
1991,2037
1992,2033
1983,2055
1987,2041
1989,2075
1981,2068
1995,2060
1995,2047
1998,2034
1992,2079
2000,2045
2001,2059
2005,2019
2005,2024
2021,2021
2023,2071
2026,2011
2019,2044
2031,2023
2037,2057
2043,2043
2039,2082
2043,2007
2066,2055
2068,2090
2072,2015
2079,1992
2079,2085
2087,2057
2094,2042
2095,2068
2088,2053
2094,2023
2103,2055
2100,2021
2116,2004
2112,2057
2116,2023
2121,2025
2125,2056
2131,2019
2123,2064
2136,2022
2129,2026
2122,2062
2125,2017
2130,2028
2128,2024
2125,2030
2123,2037
2123,2040
2118,2027
2118,2044
2104,2023
2100,2067
2108,2011
2098,2019
2099,2035
2085,2071
2081,2035
2080,2008
2076,2035
2071,2056
2065,2073
2063,2043
2055,2072
2044,2063
2040,2029
2030,2027
2032,2024
2020,2038
2017,2072
2003,2019
2004,2030
1997,2027
1991,2037
1995,2046
1987,2027
1995,2005
1983,2046
1979,2056
1969,2035
1965,2045
1973,2063
1968,2059
1976,2069
1968,2011
1973,2072
1965,2053
1965,2073
1963,2067
1971,2058
1977,2037
1973,2038
1984,2066
1989,2068
1981,2057
1994,2040
1995,2040
1995,2012
2008,2043
2011,2053
2002,2039
2024,2026
2017,2056
2023,2045
2037,2013
2033,2040
2039,2036
2045,2040
2055,2037
2063,2058
2072,2001
2071,2047
2082,2063
2078,2019
2085,2036
2083,2007
2096,2061
2101,2021
2107,2042
2105,2008
2106,2055
2111,2044
2112,2018
2109,2025
2109,2048
2120,2043
2124,2078
2120,2035
2105,2011
2117,2010
2107,2068
2115,2044
2117,2063
2105,1994
2108,2054
2103,2024
2100,2021
2091,2008
2087,2063
2088,2029
2088,2039
2079,2061
2078,2075
2072,2042
2067,2056
2066,2073
2041,2034
2041,2080
2040,2052
2038,2011
2024,2029
2023,2060
2022,2051
2007,2070
2005,2064
2002,2008
1996,2009
1995,1989
1996,2053
1984,2041
1971,2030
1971,2041
1969,2030
1979,2041
1971,2060
1960,2034
1975,2029
1957,2076
1968,2036
1968,2048
1961,2048
1964,2030
1959,2063
1971,2063
1971,2071
1971,2072
1972,2044
1982,1992
1991,2020
1991,2041
2000,2060
2000,2035
1999,2065
2005,1997
2015,2039
2021,2056
2024,2040
2031,2010
2028,2043
2035,2061
2043,2072
2041,2043
2057,2063
2045,2027
2066,2073
2067,2075
2080,2043
2080,2015
2077,2015
2085,2029
2097,2021
2103,2029
2097,2048
2108,2037
2107,2038
2118,2048
2124,2009
2123,2041
2121,2035
2125,2079
2129,2071
2124,2063
2125,2036
2121,2067
2123,2051
2123,2039
2109,2044
2109,2028
2109,2045
2116,2005
2104,2064
2107,2005
2099,2065
2094,2067
2092,2055
2089,2080
2085,2023
2078,2021
2068,2079
2071,2035
2064,2029
2055,2034
2055,2045
2051,2024
2027,2059
2036,2067
2023,2071
2031,2075
2020,2038
2016,2041
2015,2060
2007,2056
1992,2020
1996,2029
1994,2060
1992,2057
1991,2015
1983,2072
1983,2027
1991,2058
1984,2056
1977,2027
1982,2075
1984,2066
1972,2011
1975,2015
1979,2063
1984,2021
1997,2029
1996,2058
1997,2035
2003,2035
2007,2075
2013,2010
2000,2064
2016,2057
2025,2033
2024,2075
2031,2060
2039,2009
2043,2044
2047,2064
2045,2048
2053,1999
2063,2015
2072,2063
2080,2037
2081,2043
2090,2064
2085,2040
2094,2029
2101,2005
2099,1997
2105,2040
2115,2041
2128,2044
2125,2018
2126,2073
2131,2019
2133,2027
2140,2024
2139,2057
2145,2040
2137,2031
2136,2054
2147,2036
2143,2071
2139,2053
2139,2048
2139,2057
2139,2025
2136,2057
2131,2008
2130,2019
2127,2003
2115,2041
2101,2027
2105,2033
2110,2041
2103,2019
2105,2012
2097,2096
2091,2053
2085,2034
2088,2019
2081,2092
2078,2005
2069,2033
2068,2015
2068,2025
2041,2063
2036,2071
2029,2079
2027,2041
2031,2032
2033,2025
2008,2042
2015,2056
2018,2009
2012,2054
2011,2043
2009,2027
2009,2024
2008,2056
2011,2066
2005,2021
1997,2025
1999,2035
2006,2076
1996,2033
2003,2071
2008,2065
2012,2011
2008,2064
2015,2064
2015,2030
2019,2045
2020,2071
2017,2021
2035,2044
2035,2045
2041,2025
2029,2061
2047,2037
2066,2076
2053,2061
2059,2017
2075,2042
2079,2062
2079,2009
2081,2035
2089,2026
2095,2042
2099,2029
2105,2027
2109,2071
2107,2037
2121,2035
2131,2068
2121,2028
2132,2054
2139,2080
2140,2039
2148,2023
2144,2011
2153,2057
2147,2040
2147,2045
2162,2059
2154,2042
2152,2032
2149,2054
2155,2020
2151,2027
2138,2041
2135,2029
2136,2009
2138,2053
2129,2036
2136,2015
2123,2037
2125,2025
2116,2023
2115,2045
2107,1999
2107,2072
2095,2056
2096,2027
2096,2047
2087,2068
2082,2072
2071,2075
2069,2068
2069,2080
2063,2071
2043,2080
2039,2028
2040,2051
2040,2052
2033,2029
2023,2067
2018,2052
2020,2058
2011,2056
2011,2047
2015,2072
2003,2063
2003,2063
2006,2027
2003,2024
1993,2046
2000,2080
1997,2069
2004,2025
1996,2072
2000,2009
2003,2028
1994,2039
2008,2034
2018,2064
2013,2056
2019,2021
2011,2024
2023,2047
2023,2007
2028,2005
2035,2066
2044,2063
2045,2056
2053,2004
2063,2002
2056,2039
2072,2007
2073,2011
2075,2077
2088,2037
2083,2011
2096,2074
2094,2072
2095,2040
2113,2025
2112,2041
2120,2038
2119,2041
2132,2043
2136,2063
2136,2060
2139,2030
2138,2056
2133,2077
2138,2037
2154,2035
2149,2011
2140,2024
2147,2024
2149,2034
2152,2063
2142,2055
2138,2057
2143,2048
2143,2043
2137,2077
2129,2048
2132,2068
2127,2071
2121,2080
2115,2064
2109,2017
2106,2017
2103,2021
2093,2021
2096,2037
2086,2072
2086,2072
2071,2064
2072,2038
2065,2040
2053,2039
2043,2047
2046,2030
2040,2055
2036,2027
2032,2031
2028,2003
2023,2023
2002,2003
2007,2025
2003,2077
2000,2003
2009,2035
2001,2051
2000,2068
2000,2058
1997,2066
1992,2029
1979,2031
1989,2067
1995,2065
1987,2039
1987,2043
1996,2044
1996,2068
1992,2065
2003,2031
2009,2045
2008,2023
2008,2028
2011,2041
2015,2042
2026,2019
2023,2077
2030,2021
2031,2067
2040,2063
2044,2037
2041,2052
2055,2018
2065,2022
2067,2029
2071,2057
2071,2072
2084,2019
2072,2071
2092,2003
2089,2039
2103,2048
2093,2035
2105,2043
2123,2028
2119,2037
2117,2067
2124,2030
2132,2076
2131,2079
2125,2043
2137,2060
2134,2003
2137,2075
2135,2068
2142,2035
2144,2004
2139,2023
2136,2059
2129,2071
2135,2011
2129,2037
2131,2051
2119,2063
2120,2064
2120,2063
2112,2065
2111,2034
2110,2034
2099,2035
2101,2069
2087,2039
2093,2036
2080,2032
2074,2015
2073,2045
2068,2058
2067,2072
2053,2042
2039,2013
2035,2048
2041,2036
2037,2028
2034,2033
2027,2080
2020,2056
2011,2043
2007,2001
2005,2064
2010,2048
2010,2060
2008,2064
2011,2044
1997,2047
1993,2041
2010,2035
2001,2077
2003,2021
2012,2058
2006,2055
2017,2017
2009,2031
2011,2043
2017,2025
2019,2065
2018,2021
2020,2054
2035,2033
2034,2026
2033,2063
2041,2037
2060,2054
2055,2079
2050,2024
2063,2056
2073,2042
2075,2057
2076,2061
2088,2023
2085,2043
2103,2042
2106,2075
2106,2040
2108,2019
2120,2029
2119,2024
2123,2021
2136,2029
2140,2063
2137,2067
2137,2028
2135,2023
2156,2035
2155,2019
2157,2060
2160,2047
2161,2042
2158,2037
2161,2033
2160,2047
2163,2017
2151,2042
2160,2063
2153,2064
2145,2055
2152,2011
2151,2064
2145,2021
2142,2011
2135,2067
2137,2060
2136,2019
2125,2048
2119,2071
2120,2047
2099,2059
2099,2072
2104,2063
2103,2071
2094,2026
2081,2042
2079,2056
2069,2029
2065,2024
2063,2045
2043,2033
2055,2017
2043,2017
2039,2048
2028,2065
2021,2039
2021,2037
2021,2063
2016,2021
2012,2047
2012,2066
2016,2044
2015,2033
2011,2077
2012,2054
2002,2076
2006,2041
1997,2055
2003,2056
2011,2017
2012,2056
2011,1995
2015,2064
2006,2011
2020,2060
2023,2063
2019,2047
2029,2046
2032,2029
2039,2063
2033,2053
2037,2063
2057,2044
2065,2028
2071,2035
2073,2048
2073,2017
2083,2013
2081,2009
2095,2037
2093,2040
2097,2040
2104,2019
2112,2044
2111,1996
2115,2071
2124,2004
2133,2041
2120,2003
2129,2035
2137,2088
2119,2069
2137,2043
2150,2037
2152,2011
2151,2071
2150,2048
2151,2055
2152,2027
2143,2023
2143,2072
2147,2027
2137,2045
2136,2066
2145,2038
2137,2072
2136,2057
2127,2045
2119,2063
2128,2029
2115,2056
2115,2043
2109,2068
2102,2041
2099,2037
2095,2066
2097,2029
2080,2058
2082,2001
2073,2072
2072,2001
2053,2005
2053,2071
2054,2005
2040,2059
2033,2069
2030,2008
2015,2021
2016,2030
2020,2070
2013,2043
2005,2063
2001,2057
2011,2044
2007,2055
1997,2008
1992,2077
1993,2053
1988,2036
1993,2019
1989,2071
1991,2043
2000,2011
2001,2058
2007,2067
1997,2039
1995,2075
1995,2073
1996,2057
2009,2041
2016,2063
2011,2072
2024,2071
2025,2071
2025,2043
2036,2063
2039,2017
2043,2075
2044,2039
2060,2048
2053,2017
2063,2040
2076,2080
2079,2039
2091,2053
2088,2030
2096,2035
2097,2067
2099,2063
2109,2011
2110,2023
2121,2070
2125,2065
2123,2065
2123,2019
2138,2035
2131,2025
2124,2057
2140,2044
2148,2024
2139,2043
2138,2025
2148,2056
2139,2064
2143,2030
2149,2071
2142,2038
2137,2041
2131,2039
2128,2007
2123,2040
2123,2043
2128,2057
2123,2073
2112,2073
2108,2043
2108,1989
2103,2033
2091,2044
2086,2028
2088,2069
2080,2078
2080,2079
2065,2053
2065,2063
2065,2044
2048,2017
2057,2072
2043,2024
2031,2041
2024,2057
2026,2008
2024,2056
2021,2033
2013,2088
2003,2037
2003,2056
2000,2072
2007,2075
1996,2042
1994,2067
1993,2053
1999,2075
1986,2048
1994,2071
1989,2012
1992,2056
1992,2005
1995,2025
1992,2021
2001,2033
1994,2039
2002,2067
2008,2055
2007,2030
2017,2070
2023,2056
2027,2036
2023,2063
2023,2048
2033,2020
2029,2026
2047,2066
2048,2060
2063,2044
2063,2024
2068,1997
2080,2066
2076,2040
2083,2043
2082,2037
2091,2055
2093,2067
2091,2035
2101,2055
2112,2059
2111,2054
2122,2063
2121,2003
2128,2009
2136,2041
2129,2007
2127,2011
2127,2024
2145,2011
2144,2003
2131,2055
2137,2068
2129,2063
2135,2041
2131,2072
2125,2071
2135,2033
2131,2039
2112,2076
2120,2070
2120,2003
2119,2029
2106,2023
2108,2070
2091,2008
2091,2015
2091,2072
2080,2074
2078,2025
2068,2003
2063,2072
2068,2069
2058,2077
2052,2030
2029,2071
2038,2044
2021,2055
2021,2065
2011,2043
2019,2068
2011,2048
2007,2018
2001,2047
2000,2056
1992,2029
1979,2046
1985,2077
1989,2080
1979,1990
1982,2053
1980,2015
1977,2029
1977,2063
1966,2042
1976,2008
1980,2031
1982,2053
1976,2065
1977,2041
1987,2033
1989,2069
1996,2071
1996,2009
1995,2033
1995,2064
2007,2059
2011,2067
2013,2055
2021,2025
2032,2011
2039,2015
2035,2075
2040,2080
2040,2055
2053,2030
2066,2020
2072,2035
2065,2022
2076,2055
2077,2057
2084,2045
2094,2025
2096,2066
2104,2055
2107,2025
2109,2005
2107,2017
2107,2024
2115,2064
2127,2027
2120,2008
2131,2071
2130,2080
2129,2015
2131,2057
2123,2036
2123,2043
2123,2056
2135,2051
2131,2058
2124,2063
2122,2064
2123,2025
2124,2033
2100,2025
2112,2027
2107,2028
2100,2036
2104,2067
2091,2073
2088,2040
2086,2042
2071,2017
2072,2080
2069,2036
2066,2015
2064,2057
2056,2055
2040,2070
2037,2018
2041,2054
2032,2035
2031,2065
2020,2065
2008,2071
2008,2079
2010,2060
1996,2048
2002,2065
1991,2060
1992,2036
1993,2067
1991,2043
1990,2042
1984,2043
1987,2015
1988,2046
1991,2035
1991,2023
1987,2041
1994,2034
1979,2029
1995,2032
1996,2056
1991,2065
2001,2055
2003,2023
2011,2037
2012,2057
2016,2009
2016,2072
2021,2055
2027,2047
2029,2037
2030,2003
2043,2061
2047,2065
2046,2044
2069,2029
2057,2039
2066,2071
2087,2054
2083,2027
2090,2031
2081,2024
2100,2007
2095,2071
2095,2048
2119,2015
2116,2029
2124,2025
2127,2061
2132,2035
2131,2063
2121,2063
2129,2048
2135,2025
2131,2041
2131,2063
2139,2042
2140,2007
2137,2026
2136,2044
2133,2071
2122,2013
2123,2055
2123,2063
2120,2045
2110,1997
2115,2045
2111,2042
2104,2063
2104,2023
2091,2009
2089,2023
2069,2025
2080,2059
2075,2056
2071,2056
2071,2078
2068,2019
2061,2070
2046,2063
2037,2060
2029,2031
2031,2009
2023,2059
2020,2058
2007,2025
2003,2025
2003,2057
2003,2029
1995,2026
1993,2074
1991,2040
1991,2056
1981,2071
1973,2032
1973,2064
1984,2052
1983,2040
1988,2021
1974,2035
1973,2061
1975,2036
1984,2033
1987,2038
1984,2040
1996,2067
1989,2041
1991,2025
1995,2023
2008,2035
2008,2021
2015,2015
2007,2012
2023,2056
2016,2023
2015,2051
2023,2023
2027,2008
2043,2036
2060,2037
2057,2071
2063,2015
2071,2072
2071,2029
2073,2072
2080,2042
2080,2036
2095,2058
2095,2047
2101,2067
2108,2020
2103,2043
2112,2036
2106,2071
2120,2035
2121,2025
2125,2080
2133,2024
2131,2051
2136,2044
2128,2047
2135,2015
2120,2036
2120,2056
2124,2108
2126,2019
2122,2023
2116,2025
2108,2061
2105,2059
2104,2019
2104,2042
2096,2070
2097,2042
2088,2022
2084,2035
2075,2055
2076,2046
2056,2057
2055,2008
2057,2054
2044,2063
2040,2066
2036,2003
2027,2009
2028,2024
2015,2040
2014,2035
2005,2052
2002,2067
2007,2045
2001,2008
1991,2044
1992,2055
1978,2017
1977,2071
1976,2005
1977,2063
1964,2038
1976,2055
1979,2057
1961,2060
1971,2037
1968,2007
1963,1999
1968,2036
1967,2055
1973,2079
1975,2065
1972,2040
1979,2063
1984,2060
1997,2057
1995,2059
1999,2068
2001,2015
2003,2034
1999,2056
2011,2071
2011,2068
2017,2048
2027,2013
2032,2043
2041,2060
2053,2005
2040,2078
2056,2060
2067,2040
2063,2039
2067,2043
2083,1999
2076,2021
2091,2067
2085,2024
2104,2020
2099,2017
2099,2019
2108,2013
2109,2020
2112,2060
2109,2012
2116,2077
2117,2036
2107,2042
2115,2032
2115,2034
2122,2015
2117,2027
2121,2055
2116,2005
2109,2039
2110,2075
2111,2058
2103,2056
2101,2040
2099,2011
2099,2028
2092,2008
2075,2070
2084,2073
2077,2027
2066,2041
2067,2088
2063,2004
2043,2020
2042,2051
2033,2047
2024,2055
2029,2063
2017,2063
2015,2037
2008,2064
2007,2032
2008,2044
2001,2053
1999,2067
1987,2044
1991,2058
1979,2027
1971,2039
1965,2042
1974,2079
1971,2042
1969,2061
1965,2004
1963,2063
1970,2028
1971,2025
1966,2029
1973,2033
1974,2033
1968,2065
1967,2056
1978,2077
1979,2072
1980,2025
1989,2003
1993,2060
1993,2023
1995,2007
2003,2021
2007,2007
2015,2042
2009,2039
2021,2027
2031,2015
2032,2019
2039,2035
2044,2023
2056,2054
2058,2053
2064,2072
2063,2037
2083,1993
2071,2025
2081,2080
2084,2060
2095,2008
2089,2041
2105,2027
2083,2024
2103,2055
2112,2069
2112,2055
2120,2035
2124,2029
2121,2065
2124,2068
2135,2065
2124,2048
2126,2017
2131,2003
2128,2051
2124,2020
2128,2060
2124,2058
2120,2044
2109,2019
2107,2060
2108,2060
2092,2055
2089,2041
2091,2072
2093,2067
2090,2019
2077,2028
2080,2063
2072,2052
2059,2075
2063,2015
2057,2071
2042,2033
2038,2044
2041,2061
2035,2019
2023,2057
2018,2066
2017,2029
2008,2053
2003,2053
1997,2072
1997,2011
1991,2065
1990,2074
1977,2021
1978,2017
1973,2040
1984,2029
1980,2004
1976,2065
1970,1995
1972,2071
1980,2021
1973,2063
1973,2001
1979,2020
1983,2025
1981,2069
1991,2066
1999,2081
2002,2060
1996,2058
2009,2079
2004,2009
2005,2044
2019,2063
2024,2063
2024,2029
2035,2035
2035,2009
2039,2063
2040,2056
2041,2021
2056,2043
2044,2063
2078,2035
2075,2048