1972,2069
1969,2060
1971,2086
1966,2056
1952,2019
1946,2065
1939,2011
1942,2053
1941,2055
1937,2025
1929,2077
1925,2055
1935,2021
1916,2007
1930,2043
1924,2057
1924,2063
1915,2072
1925,2029
1929,2063
1931,2041
1929,2080
1925,2070
1937,2033
1935,2021
1928,2053
1939,2040
1933,2054
1947,2007
1949,2074
1953,2020
1957,2071
1960,2061
1959,2048
1971,1997
1971,2011
1975,2023
1983,2061
1979,2074
1996,2005
1991,2026
1995,1995
2010,2005
2011,2023
2019,2044
2017,2043
2022,2061
2025,2071
2039,2080
2044,2025
2041,2040
2048,2028
2056,2040
2063,2067
2063,2044
2068,2003
2079,2045
2067,2055
2074,2044
2075,2036
2068,2006
2067,2053
2075,2055
2070,2005
2071,2019
2072,2072
2063,2071
2069,2027
2045,2055
2053,2077
2060,2031
2041,2040
2059,2065
2040,2037
2040,2034
2031,2066
2033,2056
2037,1996
2029,2092
2016,2033
2011,2031
2009,2035
2012,2037
2014,2055
1999,2055
2003,2057
1997,2066
1995,2044
1988,2043
1982,2077
1979,2063
1982,2019
1969,2080
1971,2039
1971,2038
1965,2043
1969,2067
1968,2047
1965,2066
1965,2058
1963,2039
1974,2066
1973,2064
1977,2067
1981,2017
1972,2070
1977,2027
1983,2043
1991,2041
1992,2078
1996,2034
2003,2033
2007,2067
2001,2069
2016,2067
2018,2095
2024,2068
2021,2052
2031,2056
2041,2039
2035,2062
2052,2072
2063,2080
2065,2024
2059,2035
2069,2079
2075,2055
2083,2055
2088,2001
2091,2063
2097,2076
2103,2076
2108,2021
2120,2052
2123,2045
2129,2045
2135,2056
2139,2058
2131,2041
2140,2008
2133,2037
2137,2054
2150,2043
2139,2027
2143,2067
2141,2007
2142,2073
2145,2067
2139,2039
2130,2073
2133,2023
2131,2064
2128,2039
2128,2064
2127,2059
2117,2080
2112,2021
2103,2064
2105,2029
2104,2054
2095,2088
2091,2042
2079,2063
2073,2067
2081,2060
2071,2025
2073,2024
2056,2055
2054,2025
2053,2079
2041,2044
2036,2024
2029,2048
2025,2009
2017,2060
2015,2055
2016,2015
2005,2036
2005,2038
2003,2052
2000,2033
1987,2045
1991,2072
1994,2035
1992,2040
1987,2017
1994,2027
1995,2033
1995,2052
1987,2065
1994,2037
1991,2010
2000,2025
1991,2065
1993,2032
2007,2058
2008,2020
2015,2043
2020,1996
2021,2018
2024,2039
2022,2025
2011,2043
2035,2039
2037,2077
2053,2056
2063,2025
2065,2072
2063,2063
2071,2009
2080,2033
2073,2044
2091,2056
2096,2024
2093,1999
2105,2033
2112,2021
2120,2069
2119,2080
2126,2015
2127,2072
2128,2056
2138,2011
2137,2068
2131,2056
2142,2064
2151,2033
2135,2053
2147,2079
2135,2043
2139,2011
2144,2007
2148,2063
2145,2013
2142,2056
2143,2072
2133,2067
2136,2033
2138,2077
2129,2011
2121,2068
2120,2040
2124,2017
2120,2064
2113,2039
2104,2071
2110,2033
2099,2019
2097,2055
2093,2040
2082,2040
2083,2023
2088,2057
2071,2056
2072,2015
2067,2055
2056,2053
2064,2059
2063,2019
2056,2076
2041,2037
2043,2036
2043,2055
2043,2008
2029,2011
2039,1997
2034,2071
2038,2062
2053,1997
2043,2019
2045,2029
2055,2015
2045,2065
2058,2066
2057,2033
2063,2065
2063,2043
2072,2039
2072,1992
2078,2072
2081,2045
2088,2037
2094,2029
2088,2047
2101,2043
2103,1987
2105,2044
2115,2027
2115,2063
2123,2069
2129,2045
2133,2033
2144,2005
2147,2022
2152,2045
2163,2058
2161,2007
2181,2033
2175,2096
2174,2025
2195,2041
2196,2039
2195,2064
2203,2009
2195,2070
2207,2060
2204,2025
2196,2035
2215,2032
2207,2040
2205,2067
2210,2025
2205,2055
2203,2105
2209,2055
2212,2084
2203,2072
2204,2034
2199,2008
2193,2038
2195,2063
2182,2022
2169,2063
2181,2037
2176,2035
2168,2069
2168,2023
2158,2065
2152,2066
2139,2041
2144,2063
2139,2048
2128,2008
2119,2080
2117,2084
2113,2063
2107,2008
2096,2009
2095,2067
2087,2080
2083,2045
2078,2028
2067,2019
2065,2072
2064,2029
2065,2024
2060,2033
2057,2056
2051,2029
2045,2074
2037,2011
2040,1995
2031,2061
2037,2080
2037,2037
2037,2008
2038,2009
2041,2043
2035,2035
2029,2067
2042,2071
2042,2058
2035,2057
2056,2033
2056,2064
2061,2023
2065,2019
2063,2007
2067,2048
2074,2025
2076,2010
2087,2021
2069,2043
2081,2063
2091,2071
2096,2080
2104,2027
2093,2055
2110,2068
2105,2015
2107,2027
2117,2037
2121,2056
2121,2063
2125,2069
2136,2064
2141,2019
2147,2024
2133,2056
2145,2007
2149,2055
2145,2040
2147,2007
2151,2069
2162,2040
2156,2002
2154,2015
2163,2029
2149,2045
2147,2054
2146,2029
2148,1999
2145,2059
2136,2091
2139,2072
2136,2079
2131,2053
2121,2035
2116,2027
2122,2033
2119,2044
2111,2054
2105,2055
2101,2042
2091,2004
2088,2037
2088,2045
2076,2019
2079,2027
2075,2029
2068,2068
2065,2041
2053,2059
2040,2060
2043,2017
2040,2071
2039,2067
2033,2015
2029,2063
2028,2023
2029,2035
2028,2072
2023,2079
2027,2035
2017,2076
2025,2020
2019,2067
2026,2045
2021,2079
2024,2055
2017,2068
2023,2028
2023,2072
2032,2023
2028,2027
2039,2055
2044,2080
2051,2064
2054,2055
2063,2027
2063,2029
2067,2028
2069,2063
2073,2056
2080,2020
2092,2040
2088,2039
2092,2056
2103,2026
2099,2031
2104,2060
2120,2089
2118,2041
2121,2057
2129,2039
2129,2027
2124,2036
2129,2051
2144,2021
2147,2025
2152,2025
2156,2010
2156,2036
2161,2015
2161,2032
2169,2033
2168,2053
2163,2072
2169,2040
2170,2056
2166,2073
2165,2023
2168,2033
2166,2068
2161,2030
2152,1995
2147,2063
2152,2034
2143,2031
2144,2023
2147,2065
2136,2023
2132,2025
2127,2073
2119,2079
2121,2041
2107,2052
2107,2068
2103,2019
2088,2068
2093,2015
2081,2035
2080,2021
2065,2065
2063,2094
2067,2041
2057,2038
2059,2076
2063,2073
2037,2021
2037,2059
2032,2063
2021,2048
2016,2027
2015,2017
2021,2071
2015,2039
2008,2058
2014,2065
2017,2047
2015,2025
2008,2010
2009,2079
2011,2031
2012,2071
2007,2056
2011,2012
2011,2059
2012,2012
2017,2065
2024,2027
2027,2072
2034,2060
2035,2044
2027,2048
2037,2068
2044,2027
2039,2029
2063,2061
2069,2076
2071,2088
2072,2055
2073,2036
2079,2062
2089,2067
2094,2035
2094,2010
2094,2009
2105,2028
2105,2036
2107,2073
2117,2064
2129,2037
2127,2056
2130,2056
2139,2009
2135,2043
2143,2019
2147,2066
2152,2027
2159,2021
2156,2059
2154,2066
2162,2045
2157,2019
2153,2055
2160,2058
2157,2058
2153,2057
2155,2063
2147,2044
2147,2044
2143,2044
2142,2003
2135,2072
2135,2043
2134,2008
2128,2020
2123,2067
2109,2053
2116,2021
2104,2065
2096,2078
2091,2078
2087,2040
2079,2072
2077,2024
2076,2052
2067,2050
2063,2026
2057,2044
2039,2047
2053,2043
2029,2036
2023,2023
2019,2068
2017,2027
2021,2036
2014,2021
2009,2023
2011,2027
1995,2063
2007,2011
1997,2037
1999,2043
2002,2035
1997,2066
2000,2009
2000,2068
1989,2023
2001,2063
1999,2031
2000,2017
2003,2071
2009,2028
1997,2071
2011,2068
2009,2043
2018,2011
2021,2044
2024,2021
2024,2025
2035,2021
2033,2027
2024,2054
2040,2056
2057,2001
2048,2035
2063,2033
2071,2010
2068,2036
2074,2030
2080,2063
2076,2056
2086,2007
2089,2057
2101,2044
2103,2065
2107,2056
2107,2083
2105,2037
2112,2039
2124,2039
2123,2036
2129,2056
2120,2066
2123,2029
2129,2043
2124,2042
2127,2021
2117,2039
2120,2032
2123,2031
2115,2079
2116,2027
2105,2044
2104,2034
2106,2009
2099,2041
2097,1981
2092,2048
2085,2033
2073,2021
2073,2029
2072,2041
2066,2017
2057,2025
2059,2012
2043,2036
2034,2023
2025,2019
2024,2075
2024,2003
2011,2065
2006,2043
2003,2056
1998,2044
1992,2011
1982,2066
1977,2020
1973,2039
1968,2009
1971,2053
1959,2053
1966,2030
1960,2058
1949,2072
1952,2015
1951,2039
1952,2078
1947,2008
1947,2072
1951,2065
1952,2031
1952,2044
1957,2044
1960,2035
1962,2025
1957,2064
1965,2032
1974,2043
1969,2072
1984,2033
1981,1971
1987,2007
1987,2066
2003,2054
2004,2057
2008,2026
2014,2048
2025,2023
2019,2067
2036,2024
2033,2018
2043,2029
2059,2036
2057,2015
2070,2017
2072,2016
2073,2025
2073,2046
2083,2024
2083,2021
2091,2019
2096,2071
2104,2042
2111,2035
2116,2043
2114,2059
2115,2025
2123,2080
2117,2056
2121,2048
2124,2024
2125,2046
2129,2002
2125,2058
2105,2059
2121,2045
2128,2021
2123,2039
2121,2023
2123,2018
2109,2063
2101,2067
2112,2043
2113,2033
2089,2039
2105,2065
2096,2008
2089,2036
2079,2069
2080,2035
2076,2047
2069,2009
2074,2075
2063,2039
2067,2037
2045,2080
2044,2072
2039,2062
2039,2072
2037,2052
2025,2029
2031,2015
2026,2068
2019,2059
2023,2063
2022,2019
2020,2001
2022,2025
2011,2031
2012,2033
2007,2043
2012,2029
2021,2025
2016,2079
2023,2027
2018,2015
2026,2039
2024,2011
2031,2068
2027,2068
2021,2083
2039,2015
2037,2044
2041,2024
2040,2064
2052,2064
2057,2030
2063,2075
2063,2074
2065,2062
2067,2069
2082,2027
2080,2065
2087,2040
2092,2017
2097,2043
2102,2061
2104,2009
2103,2047
2099,2040
2104,2058
2115,2003
2117,2042
2119,2037
2125,2009
2124,2039
2119,2063
2121,2008
2123,2045
2121,2002
2125,2019
2125,2032
2130,2071
2128,2043
2123,2030
2129,2041
2122,2060
2126,2039
2112,2041
2105,2019
2110,2035
2103,2061
2100,2055
2097,2037
2090,2041
2075,2032
2077,2020
2074,2024
2071,2024
2066,2041
2041,2028
2048,2048
2037,2089
2036,2017
2035,2024
2032,2027
2008,2033
2012,2063
2003,2076
1999,2036
1996,2044
1995,2052
1988,2072
1988,2051
1972,2047
1975,2025
1972,2010
1963,2017
1961,2033
1963,2025
1957,2084
1971,2037
1963,2065
1958,2052
1960,2065
1962,2063
1958,2052
1965,2025
1964,2076
1964,2029
1972,2067
1968,1995
1976,2027
1989,2028
1981,2009
1988,2070
1992,2027
1992,2007
1996,2027
2010,2021
2005,2036
2013,2037
2018,2017
2021,2021
2029,2077
2028,2078
2031,2051
2034,2065
2048,2080
2056,2035
2069,2056
2068,2012
2071,2063
2076,2055
2074,2021
2079,2045
2093,2071
2082,2009
2103,2022
2101,2067
2107,2021
2108,2071
2112,2021
2108,2037
2107,2063
2115,2022
2119,2019
2120,2045
2123,2055
2117,2075
2119,2022
2121,2008
2105,2071
2110,2019
2107,2071
2101,2039
2098,2019
2091,2005
2087,2080
2089,2026
2087,2058
2085,2063
2075,2040
2076,2018
2071,2040
2069,2043
2060,2011
2041,2011
2036,2071
2029,2077
2033,2031
2023,2035
2025,2041
2016,2017
2012,2045
2001,2035
2004,2017
1993,2058
1988,2039
1975,2030
1979,2017
1961,2077
1969,2015
1967,1995
1961,2023
1958,2005
1954,2080
1960,2017
1955,2003
1951,2060
1947,2072
1947,2059
1951,2039
1956,2033
1952,2023
1954,2053
1952,1993
1952,2065
1960,2077
1957,2021
1960,2042
1964,2033
1965,2059
1975,2029
1976,2004
1971,2057
1983,2040
1987,2055
1981,2044
1999,2040
1993,2063
2000,2054
2009,2003
2015,2021
2016,2063
2016,2020
2024,2020
2024,2080
2023,2029
2038,2075
2040,2037
2037,2027
2048,2032
2052,2015
2056,2019
2059,2040
2053,2007
2071,1997
2065,2059
2068,2031
2073,2067
2070,2064
2072,2015
2071,2057
2072,2055
2059,2044
2068,2028
2063,2067
2060,2051
2058,2019
2041,2039
2053,2052
2039,2063
2030,2008
2027,2038
2025,2025
2025,2039
2016,2080
2010,2007
2005,2040
2007,2071
2003,2015
1992,2057
1990,2040
1973,2055
1970,2056
1973,2048
1968,2037
1961,2009
1945,2052
1944,2022
1940,2043
1936,2066
1925,2064
1928,2067
1915,2024
1909,2055
1901,2040
1914,2039
1910,2069
1901,2080
1895,2069
1907,2001
1897,2056
1898,2035
1899,2059
1905,2067
1908,2039
1897,2048
1900,2046
1897,2064
1905,2007
1920,2026
1915,2063
1925,2046
1933,2071
1932,2015
1931,2039
1929,2035
1939,2046
1955,2028
1952,2054
1962,2019
1968,2024
1976,2029
1975,2017
1977,2056
1989,2042
1995,2066
1999,2035
1997,1989
2009,2069
2016,2063
2022,2059
2024,1991
2031,2059
2040,2002
2037,2015
2043,2057
2048,2081
2063,2072
2055,2063
2063,2073
2071,2063
2070,2027
2067,2019
2071,2041
2067,2055
2065,2063
2072,2040
2069,2056
2066,2036
2063,2029
2060,2056
2053,2015
2047,2072
2042,2060
2043,1993
2035,2027
2023,2043
2025,2055
2024,2067
2009,2063
2005,2039
2004,2017
1997,2041
1984,2074
1980,2029
1974,2029
1971,2039
1961,2023
1949,2071
1949,2027
1945,2029
1933,2070
1929,2034
1917,2065
1913,2035
1907,2035
1910,2019
1899,2027
1899,2053
1892,2024
1897,2019
1887,2068
1888,2033
1883,2071
1883,2045
1888,2011
1881,2068
1889,2043
1883,2009
1883,2063
1888,2023
1895,2023
1888,2025
1885,2071
1896,2036
1899,2019
1902,2023
1907,2022
1901,2037
1912,2079
1914,2035
1923,2060
1931,2057
1934,2015
1940,2041
1939,2064
1945,2062
1948,2045
1954,2072
1966,2039
1968,2036
1972,2010
1975,2027
1971,2060
1992,2056
1981,2073
1991,2071
2004,2034
1995,2019
1998,2020
2020,2076
2020,2073
2023,2021
2018,2056
2022,2039
2025,2005
2022,2052
2023,2036
2028,2048
2035,2044
2022,2068
2023,2066
2029,2063
2026,2044
2024,2007
2015,2035
2023,2066
2013,2027
2009,2095
2008,2043
2006,2063
2002,2035
1996,2044
1993,2060
1992,2038
1985,2046
1978,2035
1978,2043
1959,2043
1960,2011
1956,2007
1960,1995
1950,2044
1943,2034
1947,2023
1936,2012
1936,2069
1932,2055
1928,2057
1925,2063
1918,2007
1913,2043
1919,2069
1901,2066
1915,2039
1907,2066
1900,2070
1904,2026
1909,1993
1907,2039
1912,2040
1908,2044
1912,2023
1905,2061
1913,2033
1919,2012
1923,2024
1923,2041
1926,2080
1934,2057
1931,2005
1933,2072
1941,2022
1953,2029
1952,2079
1945,2048
1956,2066
1961,2080
1968,2025
1972,2017
1975,2044
1988,2056
1991,2043
1989,2080
1995,2091
2005,2065
2009,2044
2009,2007
2011,2056
2021,2075
2024,2021
2027,2011
2035,2013
2041,2025
2038,2069
2042,2022
2031,2073
2041,2056
2041,2054
2048,2015
2045,2071
2055,2026
2027,2008
2053,2029
2054,2057
2039,2045
2043,2080
2040,2011
2036,2011
2035,2029
2024,2066
2027,2055
2024,2044
2022,2008
2011,2064
2008,2019
1995,2061
1996,2011
1998,2042
1987,2043
1978,2029
1974,1992
1968,2008
1957,2065
1952,2023
1939,2080
1939,2048
1940,2019
1929,2033
1917,2034
1916,2066
1911,2025
1908,2064
1897,2044
1891,2029
1892,2063
1887,2043
1879,2071
1873,2068
1881,2047
1875,2026
1873,2003
1867,2043
1863,2071
1871,2007
1867,2003
1861,2021
1865,2060
1872,2015
1864,2056
1870,2040
1873,2039
1872,2024
1875,2080
1879,2060
1879,2035
1894,2035
1892,2065
1899,2041
1898,2006
1897,2044
1917,2019
1907,2035
1919,2078
1919,2047
1941,2077
1939,2039
1948,2024
1952,2024
1953,2021
1947,2060
1966,2035
1961,2080
1962,2053
1973,2045
1979,2044
1987,2039
1991,2064
1997,2021
2006,2056
1993,2007
2009,2017
2012,2019
2011,2020
2013,2031
2011,2023
2018,2007
2009,2060
2017,2080
2005,2056
2008,2068
2013,2088
2015,1997
2014,2067
2011,2056
2008,2027
1995,2052
2000,2053
1988,2025
1984,2044
1984,2020
1980,2040
1971,2075
1971,2079
1963,2055
1961,2045
1947,2065
1952,2037
1941,2062
1937,2043
1936,1995
1925,2015
1928,2001
1912,2060
1911,2076
1903,2043
1900,2035
1897,2024
1889,2075
1888,2039
1888,2070
1879,2072
1879,2043
1883,2019
1885,2037
1869,2066
1880,2053
1871,2056
1875,2019
1884,2031
1875,2019
1875,2052
1867,2027
1887,2059
1875,2058
1888,2035
1890,2036
1887,2043
1896,2041
1891,2043
1893,2039
1908,2024
1901,2028
1917,2042
1918,2017
1923,2040
1929,2071
1933,2052
1933,2033
1939,2033
1947,2009
1947,2052
1958,2073
1955,2009
1973,2071
1976,2031
1969,2025
1980,2027
1987,2059
1993,2080
1994,1995
1999,2007
2001,2021
2006,2008
2009,2063
2010,2043
2014,2063
2008,2021
2010,2005
2015,2037
2015,2043
2018,2003
2004,2048
2016,2027
2015,2017
2003,2047
2008,2042
2008,2041
1995,2056
1995,2095
1987,2088
1982,2031
1980,2017
1971,2056
1969,2059
1967,2038
1964,2040
1962,2077
1944,2019
1935,2055
1944,2035
1938,2076
1933,2056
1920,1987
1913,2031
1905,2024
1904,2059
1899,2026
1891,2037
1879,2030
1888,2043
1868,2053
1871,2037
1861,2060
1859,2041
1845,2077
1847,2033
1851,2042
1848,2066
1845,2079
1847,2065
1847,2019
1841,2040
1843,2029
1844,2037
1833,2064
1847,2056
1841,2052
1851,2039
1850,2067
1843,2056
1852,2041
1852,2045
1861,2064
1864,2045
1867,2079
1874,2007
1879,2035
1878,2010
1884,2043
1892,2065
1889,2085
1903,2053
1906,2045
1901,2028
1916,1997
1928,2031
1915,2066
1932,2071
1932,2091
1945,2063
1941,2071
1953,2084
1953,2038
1964,2028
1963,2015
1965,2015
1980,2066
1985,2005
1992,1996
1995,2056
1998,2059
1997,2041
2001,2055
2000,2044
2005,2070
1987,2027
2005,2019
2003,2023
2007,2003
2003,2027
2001,2057
2004,2031
2000,2024
1981,2052
1984,2040
1981,2021
1977,2071
1972,2065
1971,2038
1970,2063
1961,2075
1959,2111
1960,2037
1960,2053
1941,1996
1939,2033
1928,2075
1928,2052
1923,2029
1928,2022
1923,2057
1907,2068
1911,2037
1895,2025
1903,2017
1891,1997
1883,2019
1895,2033
1884,2028
1880,2068
1882,2063
1883,2043
1880,2073
1874,2027
1871,2059
1872,2037
1875,2043
1875,2063
1875,2035
1876,2029
1875,2048
1885,2043
1881,2028
1883,2063
1884,2030
1892,2036
1893,2039
1908,2003
1903,2038
1901,2095
1912,2019
1917,2029
1923,2041
1928,1987
1924,2027
1929,2043
1945,2041
1947,2040
1952,2078
1957,2044
1954,2064
1965,2015
1981,2036
1975,2018
1987,2040
1988,2007
1992,2007
1990,2025
2007,2021
2005,2045
2011,2027
2015,2067
2020,2079
2023,2028
2017,2023
2025,1997
2033,2009
2025,2017
2022,2039
2029,2060
2024,2056
2027,2064
2028,2063
2024,2055
2024,2039
2013,2036
2020,2039
2011,2018
2011,2045
2003,2072
1997,2007
2004,2024
1991,2060
1992,2060
1987,2028
1980,2035
1967,2021
1973,2005
1967,2065
1963,2039
1955,2020
1952,2077
1944,2040
1937,2058
1926,2072
1925,2056
1913,2071
1917,2085
1907,2053
1907,2058
1895,2071
1903,2024
1891,2057
1899,2072
1888,2037
1881,2046
1884,2010
1887,2005
1888,2035
1885,2044
1877,2069
1888,2041
1877,2080
1885,2058
1889,2023
1884,2048
1891,2025
1896,2061
1900,1990
1893,2042
1900,2033
1907,2072
1911,2088
1923,2044
1926,2044
1939,2021
1925,2053
1942,2067
1948,2021
1952,2045
1960,2072
1960,2064
1963,2076
1976,2038
1981,2007
1986,2056
1994,2048
2005,2028
2006,2053
2012,1995
2009,2039
2027,2060
2019,2055
2029,2032
2030,2019
2033,2045
2041,2056
2051,2027
2041,2039
2047,2007
2043,2017
2063,2065
2063,2003
2063,2045
2059,2020
2055,2039
2063,2027
2061,2040
2054,2061
2052,2025
2042,2040
2041,2036
2035,2045
2035,2063
2032,2007
2029,2035
2025,2076
2025,2003
2011,2038
2015,2039
2008,2017
1997,2072
1998,2034
1994,2023
1982,2024
1987,2079
1973,2017
1973,2060
1960,2068
1957,2063
1958,2064
1952,2025
1947,2072
1949,2035
1935,2040
1928,2057
1935,2036
1925,2063
1924,2077
1927,2029
1932,2073
1912,2080
1920,2007
1912,2039
1917,2009
1918,2040
1911,2074
1928,2071
1917,2045
1915,2060
1927,2039
1931,2039
1932,2032
1937,2069
1931,2044
1941,2027
1940,2068
1952,2029
1958,2035
1957,2077
1963,2033
1966,2042
1977,2056
1980,2040
1966,2001
1998,2055
1994,2003
1995,2065
2008,2072
2009,2068
2020,2056
2025,2058
2020,2043
2023,2039
2043,2058
2030,2035
2056,2044
2053,2008
2057,2053
2068,2068
2063,1987
2075,2045
2072,2071
2080,2056
2075,2073
2072,2068
2075,2041
2080,2063
2088,2030
2080,2080
2082,2039
2071,2063
2071,2037
2081,2043
2065,2051
2073,2059
2063,2054
2067,2031
2057,2035
2056,2040
2041,2035
2041,2070
2035,2071
2021,2080
2024,2059
2018,2037
2013,2023
2005,2055
2005,2055
1996,2005
1987,2037
1971,2038
1969,2029
1966,2057
1953,2066
1952,2039
1945,2036
1931,2040
1932,2058
1931,2090
1927,2072
1916,2009
1913,2063
1901,2041
1903,2063
1904,2009
1899,2063
1889,2071
1898,2040
1895,2033
1898,2019
1897,2038
1895,2053
1897,2065
1903,2041
1899,2053
1899,2072
1907,2010
1898,2046
1905,2080
1900,2065
1912,2012
1902,2067
1924,2077
1933,2031
1932,2039
1929,2005
1943,2028
1945,2031
1960,2056
1957,2040
1956,2062
1964,2063
1981,2028
1975,2024
1984,2059
1995,2027
2000,2034
2003,2005
2007,2036
2018,2044
2025,2044
2024,2036
2027,2033
2036,2025
2033,2040
2040,2068
2039,2063
2037,2080
2055,2005
2044,2042
2052,2001
2059,2037
2043,2055
2055,2052
2057,2060
2048,2027
2045,2020
2039,2071
2038,2029
2038,2072
2034,2056
2031,2060
2019,2045
2019,1997
2019,2060
2013,2073
2011,2077
2003,2066
2004,2021
1987,2063
1986,2053
1980,2036
1975,2043
1965,2078
1963,2058
1965,2056
1953,2072
1944,2057
1944,1997
1943,2025
1923,2065
1926,2039
1927,2057
1915,2080
1917,2013
1905,2064
1911,2025
1907,2058
1907,2036
1899,2075
1906,2023
1897,2028
1909,2040
1907,2001
1909,2068
1893,2028
1908,2073
1905,2011
1910,2069
1918,2030
1919,2042
1920,2062
1927,2043
1933,2071
1933,2058
1934,1997
1933,2027
1940,2013
1944,2033
1949,2037
1960,2043
1960,2063
1966,2025
1961,2039
1976,2053
1981,2008
1979,2041
1995,2066
1989,2076
2000,2019
2003,2047
2009,2029
2007,2001
2008,2045
2024,2023
2024,2035
2019,2040
2029,2077
2031,2046
2041,2063
2032,2052
2042,2011
2045,2039
2048,2045
2044,2007
2042,2011
2039,2039
2042,2038
2043,2031
2032,2028
2029,2033
2027,2017
2032,2019
2029,2056
2019,2059
2024,2077
2023,2009
2011,2042
2007,2035
2004,2025
2001,2051
1993,2062
1993,2039
1992,2040
1981,2041
1975,2067
1968,2043
1964,2065
1954,2073
1956,2055
1950,2013
1933,2051
1947,1997
1936,2037
1929,2070
1917,2023
1925,2008
1908,2041
1912,2037
1915,2018
1912,2035
1901,2045
1905,2028
1911,2060
1915,2035
1913,2063
1905,2033
1900,2058
1909,2040
1901,2067
1916,2033
1908,2039
1923,2037
1923,2022
1923,2005
1923,2048
1931,2064
1941,2008
1944,2035
1947,2080
1942,2048
1945,2055
1960,2035
1958,2035
1967,2013
1969,2025
1975,2033
1984,2009
1984,2058
1994,2027
2004,2045
2005,2013
2009,2079
2017,1993
2020,2032
2025,2053
2035,2025
2037,2035
2057,2037
2039,2063
2053,2044
2063,2011
2069,2070
2071,2025
2069,2029
2067,2057
2079,2071
2079,1996
2081,2047
2088,2051
2085,2063
2087,2063
2084,2023
2083,2053
2076,2083
2087,2056
2083,2044
2085,2055
2077,2071
2075,2076
2073,2011
2069,2038
2065,2073
2069,2009
2057,2036
2063,2045
2041,2043
2040,2017
2040,2013
2040,2023
2026,2063
2016,2031
2028,2047
2016,2051
2005,2062
2005,2021
2004,2072
1993,2031
1993,2030
1984,2029
1981,2067
1980,2057
1979,2020
1973,2058
1971,2023
1971,2063
1963,2068
1968,2033
1967,2017
1964,2055
1960,2088
1966,2063
1964,2058
1957,2007
1963,2063
1965,2067
1972,2053
1969,2048
1977,2023
1976,2054
1973,2056
1991,2033
1979,2060
1990,1993
1997,2008
2001,2033
1994,2060
2006,2029
2012,2068
2020,2028
2020,2027
2019,2055
2029,2077
2029,2039
2029,2070
2047,2080
2043,2038
2057,2020
2065,2039
2065,2037
2076,2019
2072,2058
2086,2023
2087,2065
2095,1997
2091,2082
2105,2064
2104,2021
2099,2068
2108,2011
2111,2071
2117,2078
2118,2067
2121,2063
2112,2011
2116,2045
2112,2017
2103,2053
2108,2047
2107,2021
2099,2067
2099,2021
2096,2067
2095,2033
2091,2068
2087,2041
2080,2017
2076,2085
2074,2017
2068,2035
2043,2056
2055,2068
2042,2099
2042,2076
2041,2002
2021,2040
2024,2009
2009,2043
2011,2063
2004,2036
2001,2067
1995,2012
1984,2027
1975,2027
1980,2009
1980,2017
1960,2058
1964,2074
1961,2031
1960,2071
1953,2056
1960,2071
1960,2025
1952,2027
1945,2015
1952,2078
1947,2080
1948,2013
1939,2073
1952,2031
1955,2017
1956,2063
1952,2027
1954,2040
1963,2019
1968,2069
1955,2063
1974,2043
1972,2067
1984,2058
1983,2066
1989,2024
1999,2039
2007,2045
2004,2037
2003,2023
2017,2039
2010,2056
2027,2063
2035,2048
2035,2046
2043,2010
2043,2048
2055,2032
2056,2052
2072,2056
2076,2044
2075,2025
2077,2056
2092,2062
2095,2044
2083,2041
2099,2056
2097,2009
2103,2017
2098,2035
2093,2041
2097,2059
2106,2025
2103,2025
2106,2065
2104,2017
2100,2029
2099,2072
2099,2066
2097,2060
2091,2058
2088,2043
2089,2064
2078,2051
2080,2046
2071,2044
2073,2067
2057,2043
2063,2061
2051,2072
2041,2077
2041,2071
2033,2008
2024,2029
2019,2056
2009,2039
2015,2029
2007,2047
2000,2063
1997,2039
1992,2063
1979,2045
1976,2028
1971,2073
1965,2037
1968,2019
1961,2054
1963,2065
1953,2039
1951,2025
1954,2056
1945,2007
1939,2048
1947,2031
1945,2063
1943,2029
1939,2029
1939,2060
1950,2043
1952,2046
1945,2071
1953,2056
1951,2025
1959,2080
1964,2068
1961,2072
1967,2029
1979,2035
1982,2067
1979,2058
1993,2021
1987,2027
1998,2053
2008,2045
2008,2025
2019,2054
2017,2054
2019,1995
2029,2019
2035,2061
2032,2051
2048,2031
2056,2048
2047,1999
2063,2046
2063,2047
2069,2001
2067,2036
2074,2035
2076,2039
2079,2076
2085,2044
2085,2019
2081,2017
2089,2056
2089,2080
2088,2023
2088,2065
2089,2039
2085,2047
2080,2035
2078,2041
2074,1999
2075,2061
2070,2028
2070,2057
2063,2048
2059,2055
2059,2080
2048,2007
2035,2063
2040,2029
2034,2027
2025,2024
2012,2015
2014,2020
2007,2061
1993,2067
1999,2047
1979,2042
1984,2057
1975,2076
1965,2039
1959,2007
1959,2040
1956,2029
1952,2039
1948,2036
1939,2088
1942,2071
1935,2035
1936,2042
1931,2083
1927,2056
1932,2043
1929,2046
1929,2059
1927,2031
1927,2070
1929,2079
1937,1993
1935,2015
1935,2068
1934,2039
1936,2065
1939,2033
1939,2035
1947,2065
1946,2042
1952,2068
1956,2071
1957,2067
1963,2063
1971,1992
1975,2035
1977,2036
2000,2044
1989,1987
1993,2055
2008,2041
2008,2015
2017,2053
2021,2023
2034,2069
2025,2023
2048,2029
2052,2026
2063,2025
2060,2040
2063,2028
2068,2069
2077,2003
2075,1995
2084,2026
2089,2029
2084,2021
2090,2037
2098,2057
2099,2029
2096,1991
2093,2035
2091,2065
2097,2023
2096,2005
2091,2067
2093,2074
2097,2075
2089,2056
2087,2054
2080,2015
2073,2041
2076,2008
2072,2044
2063,2021
2064,2063
2055,2058
2055,2037
2041,2065
2033,2068
2035,2067
2027,2060
2025,2015
2011,2051
2015,2066
2011,2064
1997,2039
1997,2035
1990,2035
1984,2079
1976,2028
1976,2068
1974,2005
1969,2076
1967,2029
1964,2053
1955,2039
1959,2025
1947,2063
1956,2040
1945,2040
1953,2080
1947,2063
1943,2043
1949,2026
1955,2061
1948,2021
1948,2055
1945,2057
1956,2008
1956,2001
1960,1997
1968,2047
1966,2044
1977,2031
1975,2037
1977,2026
1979,2071
1990,2019
1992,2020
1999,2044
2004,2063
1999,2064
2003,2067
2017,2073
2026,2015
2027,2035
2023,2039
2037,2023
2039,2025
2041,2053
2043,2063
2062,2057
2065,2063
2067,2076
2067,2022
2075,2067
2079,2021
2085,2038
2091,2026
2086,2075
2096,2028
2089,2053
2093,2080
2107,2080
2092,2065
2100,2077
2104,2053
2099,2065
2096,2034
2097,2064
2094,2023
2093,2065
2095,2066
2088,2023
2087,2043
2088,2069
2084,2069
2073,2060
2074,2063
2073,2004
2069,2030
2059,2068
2064,2055
2053,2080
2053,2041
2043,2044
2030,2006
2025,2039
2029,2063
2019,2077
2008,1995
2009,2071
2001,2063
2005,2063
1993,2048
1992,2041
1983,2072
1991,2022
1989,2089
1981,2067
1975,2070
1973,2059
1976,2035
1981,2068
1988,2028
1970,2068
1975,2026
1971,2056
1979,2047
1973,2029
1979,2096
1979,2052
1981,2042
1992,2053
1979,2071
1995,2053
2005,2055
2001,2057
2012,2040
2007,2040
2011,2021
2022,2080
2019,2052
2023,2071
2024,2037
2040,2038
2035,2039
2047,2011
2051,2064
2063,2072
2069,2062
2072,2036
2084,2044
2088,2059
2088,2035
2103,2045
2103,2064
2108,2023
2106,2063
2107,2033
2121,2054
2116,2040
2125,2048
2129,2017
2137,2023
2134,1999
2125,2039
2138,2036
2145,2027
2139,2029
2139,2033
2133,2005
2131,2061
2129,2076
2136,2024
2121,2068
2128,2055
2127,2020
2122,2078
2116,2025
2107,2027
2109,2069
2105,2073
2095,2044
2092,2009
2087,2056
2089,2060
2065,2075
2070,2025
2067,2028
2062,2015
2055,2043
2040,2019
2040,2023
2028,2053
2029,2063
2020,2071
2011,2035
2005,2054
1999,2067
2000,2070
1995,2053
1988,2054
1977,2063
1976,2056
1971,2017
1965,2056
1973,2035
1965,2073
1965,2028
1971,2079
1962,2066
1960,2056
1955,2007
1960,2084
1957,2063
1953,2078
1963,2080
1961,2015
1965,2028
1959,2057
1968,2027
1973,2072
1977,2045
1983,2044
1991,2077
1983,2053
1998,2021
1999,2007
1993,2036
1995,2063
2001,2040
2003,2019
2015,2009
2024,2056
2029,2063
2039,2027
2034,2024
2047,2009
2043,2071
2052,2021
2064,2043
2072,2069
2065,2001
2074,2035
2074,2044
2080,2009
2085,2065
2091,2022
2088,2068
2101,2024
2089,2071
2098,2051
2104,2043
2076,2071
2101,2056
2102,2059
2099,2080
2100,2015
2099,2071
2085,2057
2091,2056
2095,2056
2091,2017
2090,2009
2085,2045
2084,2021
2076,2091
2075,2043
2070,2026
2065,2033
2063,2048
2040,2048
2060,2035
2037,2064
2041,2029
2045,2009
2019,2044
2025,2076
2019,2071
2011,2042
2011,2022
2005,2043
2007,2015
1995,2043
1993,2048
1980,2045
1980,2070
1979,2028
1974,2083
1974,2045
1974,2036
1965,2011
1973,2053
1971,2075
1971,2021
1971,2037
1963,2024
1968,2043
1965,2056
1974,2029
1976,2037
1977,2035
1982,2017
1980,2054
1991,2057
1993,2020
1990,1997
1995,2008
2000,2069
2005,2054
2008,2002
2005,2075
2020,2048
2024,2037
2019,2048
2033,2032
2033,2081
2051,2038
2045,2010
2042,2027
2069,2017
2071,2044
2067,1996
2068,2011
2075,2047
2088,2017
2085,2028
2084,2045
2097,2042
2091,2060
2101,2003
2106,2066
2109,2007
2105,2067
2117,2055
2104,2039
2123,2041
2115,2044
2124,2063
2118,2064
2112,2035
2124,2020
2116,2019
2120,2046
2115,2027
2120,2019
2117,2033
2104,2037
2106,2069
2097,2023
2104,2035
2088,2063
2093,2029
2090,2036
2081,2025
2077,2039
2079,2027
2065,2030
2072,2059
2052,2069
2040,2072
2052,2041
2039,2062
2032,2024
2029,2056
2021,2025
2016,2055
2016,2009
2007,2045
2008,2007
1996,2060
1991,2041
1999,2080
1990,2065
1995,2027
1992,2023
1987,2036
1979,2003
1991,2074
1989,2060
1984,2022
1988,2054
1981,2021
1993,2023
1991,2001
1992,2072
1999,2037
1995,2043
2003,2011
2005,2053
2009,2033
2020,2018
2023,2060
2024,2025
2023,2033
2031,2061
2041,2056
2039,2039
2041,2027
2063,2028
2063,2005
2067,2055
2067,2029
2079,2066
2088,2065
2089,2069
2094,2024
2091,2065
2104,2079
2112,2046
2124,2066
2107,2075
2123,2080
2131,2072
2127,2068
2136,2015
2135,2023
2148,2033
2140,2068
2148,2041
2139,2077
2148,2017
2145,2035
2149,2055
2152,2036
2141,2056
2137,2028
2135,2071
2133,2034
2131,2077
2132,2058
2123,2019
2124,2039
2121,2015
2117,2075
2103,2065
2112,2005
2099,2045
2099,2068
2096,2025
2083,2034
2084,2025
2068,2070
2071,2042
2063,2035
2041,2072
2043,2053
2047,2077
2032,2023
2032,2080
2017,2028
2015,2039
2020,2017
2013,1990
2012,2012
2003,2055
2002,2019
2000,2033
1991,2021
2004,2033
1998,2023
1981,2064
1996,2059
1990,2015
1995,2035
1995,2033
1994,2063
2003,2041
2002,2091
2002,2054
2005,2071
2007,2035
2015,2021
2019,2073
2027,2053
2021,2071
2024,2074
2035,2038
2037,2029
2056,2009
2053,2033
2040,2065
2063,2025
2063,2045
2076,2044
2077,2021
2083,2044
2092,2017
2099,2007
2099,2027
2105,2034
2104,2071
2116,2064
2124,2019
2121,2019
2128,2039
2125,2033
2144,1989
2139,2017
2143,2044
2144,2027
2152,2004
2143,2046
2140,2061
2151,2055
2150,2063
2155,2030
2145,2019
2147,2055
2150,2072
2148,2056
2143,2022
2139,2072
2139,2068
2138,2065
2132,2052
2127,2056
2125,2063
2123,2042
2121,2057
2105,2072
2107,2058
2094,2015
2089,2079
2088,2065
2088,2021
2075,2070
2073,2019
2077,2035
2063,2071
2059,2009
2055,2056
2038,2019
2039,2018
2027,2056
2025,2033
2026,2062
2025,2044
2016,2071
2018,2041
2009,2048
2011,2062
2003,2027
2012,2057
2004,2025
2008,2071
2007,2021
2003,2094
2006,2055
2001,2057
2011,2077
2005,2062
2017,2012
2016,2044
2019,2073
2017,2026
2028,2004
2036,2044
2036,2024
2034,2072
2033,2003
2044,2024
2057,2039
2063,2058
2071,2068
2070,2031
2072,2043
2086,1991
2088,2019
2087,2056
2093,2011
2100,2043
2105,2062
2107,2044
2112,2072
2117,2041
2119,2005
2123,2033
2137,2041
2140,2071
2139,2025
2155,2023
2151,2053
2158,2054
2161,2025
2160,2043
2161,2039
2170,2056
2172,2041
2170,1999
2163,2058
2161,2063
2171,2025
2164,2035
2167,2029
2161,2018
2155,2093
2160,2067
2163,2040
2152,2055
2154,2056
2148,2060
2143,2042
2144,2039
2137,2056
2132,2075
2135,2055
2115,2005
2123,2063
2115,2063
2111,2027
2105,2043
2097,2019
2089,2060
2090,2029
2082,2041
2083,2007
2071,2056
2071,2023
2056,2063
2059,2068
2045,2076
2043,2066
2038,2057
2039,2019
2039,2020
2036,2067
2034,2033
2028,2034
2027,2080
2026,2063
2024,2063
2017,2027
2023,2015
2019,2064
2027,2048
2028,2025
2025,2063
2033,2090
2041,2041
2032,2035
2027,2056
2041,2043
2054,2063
2047,2003
2041,2063
2067,2075
2062,2038
2063,2044
2072,2063
2078,2077
2082,2032
2085,2027
2085,2004
2089,2017
2099,2063
2102,2054
2102,2009
2101,2024
2112,2078
2120,2029
2117,2035
2131,2072
2132,2021
2148,2027
2137,2064
2141,2031
2147,2075
2156,2028
2139,2064
2152,2063
2159,2035
2157,2040
2164,2030
2157,2070
2157,2076
2159,2067
2166,2032
2155,2040
2155,2056
2149,2064
2157,2063
2152,2035
2145,2072
2143,2051
2137,2039
2127,2015
2123,2067
2124,2075
2119,2080
2108,2007
2112,2061
2108,2036
2091,2024
2096,2028
2085,2048
2080,2021
2076,2055
2069,2034
2067,2025
2063,2083
2063,2034
2033,2047
2046,2012
2026,2063
2009,2009
2027,2054
2025,2071
2019,2053
2024,2013
2013,2077
2016,2029
2010,2055
1997,2065
2013,2053
2008,2011
1997,2063
2010,2056
2017,2040
1999,2057
2013,2033
2017,2045
2015,2036
2002,2017
2008,2056
2027,2035
2026,2024
2021,2070
2032,2063
2039,2043
2033,2009
2045,2007
2054,2048
2053,2027
2056,2047
2070,2041
2076,2027
2082,2058
2091,2039
2087,2075
2094,2013
2101,2029
2105,2071
2103,2024
2105,2043
2120,2017
2127,2056
2136,2063
2144,2019
2145,2063
2137,2048
2156,2039
2149,2068
2159,2017
2158,1997
2158,2029
2167,2017
2164,2069
2162,2053
2171,2071
2171,2071
2165,2075
2168,2071
2170,2069
2161,2046
2167,2017
2157,2056
2149,2029
2153,2023
2152,2028
2150,2037
2143,2059
2137,2012
2135,2029
2136,2019
2129,2041
2120,2040
2120,2011
2116,2011
2116,2035
2095,2072
2097,2063
2097,2056
2076,2025
2071,2072
2069,1995
2073,2063
2057,2011
2053,2044
2058,2041
2045,2069
2039,2071
2029,2044
2032,2011
2032,2023
2029,2080
2032,2011
2021,2072
2028,2080
2025,2074
2019,2060
2019,2053
2019,2025
2024,2062
2025,2025
2024,2012
2029,2042
2029,2072
2031,2063
2027,2029
2040,2021
2045,2029
2041,2063
2039,2058
2059,2056
2060,2003
2068,2023
2070,2057
2070,2071
2073,2055
2080,2024
2091,2008
2085,2041
2088,2072
2104,2041
2099,2056
2105,2007
2112,2063
2116,2028
2117,2033
2118,2053
2123,2057
2132,2053
2137,2047
2141,2048
2142,2001
2147,2075
2150,2005
2152,2039
2149,2056
2153,2039
2150,2043
2153,2053
2151,1993
2155,2036
2156,2018
2153,2015
2157,2074
2139,2068
2148,2028
2144,2075
2151,2044
2143,2023
2137,2065
2139,2055
2121,2069
2122,2058
2109,2007
2116,2008
2107,2037
2108,2037
2095,2039
2097,2080
2088,2015
2085,2048
2079,2063
2068,2044
2063,2036
2063,2027
2055,2001
2052,2071
2044,2058
2027,1997
2029,2068
2022,2035
2024,2063
2019,2039
2019,2019
2005,2056
2004,2043
2012,2051
2007,2028
2001,2060
2008,2067
1996,2040
2008,2039
2002,2027
2001,2046
2007,2021
2003,2039
2008,2064
2013,2056
2011,2046
2011,2013
2017,2027
2019,2047
2029,2017
2035,2010
2037,2044
2042,2060
2041,2023
2053,2078
2067,2071
2071,2011
2066,2045
2080,2015
2079,2024
2091,2061
2094,2030
2100,2005
2104,2041
2110,2071
2112,2029
2122,2071
2123,2011
2127,2068
2138,2052
2143,2060
2143,2047
2152,2048
2145,2077
2156,2054
2163,2041
2164,1995
2157,2052
2171,1991
2155,2039
2171,2088
2171,2017
2171,2025
2161,2044
2167,2064
2165,2037
2161,2078
2155,2023
2153,2040
2153,2006
2147,2057
2142,2035
2139,2044
2135,2056
2136,2057
2120,2037
2119,2055
2117,2031
2110,2071
2104,2053
2100,2019
2091,2029
2091,2039
2077,2063
2065,2035
2063,2079
2059,2051
2063,2019
2057,2029
2048,2038
2029,2047
2036,2068
2021,2036
2023,2011
2021,1994
2011,2058
2005,2042
2013,2019
2017,2029
2022,2037
2004,2037
2009,2072
2008,2023
2008,2010
2008,2011
1999,2055
2010,2044
2009,2037
2008,2063
2003,2082
2006,2044
2013,2075
2012,2043
2024,2068
2019,2065
2025,2047
2032,2040
2036,2008
2039,2037
2037,2011
2056,2027
2056,2040
2057,2033
2070,2066
2080,2063
2073,2034
2086,2003
2088,2017
2089,2059
2089,2071
2103,2048
2095,2010
2108,2060
2116,2074
2116,2063
2121,2068
2131,2044
2121,2035
2136,2057
2135,2069
2140,2010
2136,2009
2143,2015
2139,2021
2146,2023
2147,2040
2144,2019
2144,2023
2137,2027
2139,2079
2141,2040
2136,2027
2125,2035
2136,2044
2124,2069
2121,2027
2107,2078
2109,2055
2115,2009
2109,2072
2099,2029
2105,2075
2089,2048
2087,2065
2089,2079
2080,2023
2076,2023
2075,2040
2073,2036
2063,2067
2057,2027
2058,2023
2043,2074
2037,2056
2028,2063
2026,2057
2022,2041
2009,1997
2019,2025
2016,2043
2012,2072
2013,2037
2007,2048
2009,2023
2017,2043
2008,2027
2008,2066
2011,2023
2001,2069
2010,2017
2011,2003
2019,2055
2016,2058
2010,2056
2013,2019
2031,2035
2033,2012
2028,2027
2033,2040
2029,2041
2038,2024
2040,2038
2055,2032
2063,2075
2065,2058
2071,2056
2071,2072
2071,2060
2087,2063
2090,2027
2096,2030
2103,2021
2106,2041
2104,2064
2118,2065
2112,2043
2120,2011
2125,2052
2137,2063
2135,2023
2135,2035
2144,2075
2147,2025
2145,2037
2159,2036
2155,2009
2158,2055
2159,2025
2157,2027
2157,2056
2156,2008
2156,2027
2161,2030
2146,2028
2148,2067
2152,2072
2146,2019
2144,2075
2137,2053
2134,2046
2128,2063
2123,2073
2123,2051
2109,2063
2101,2077
2112,2015
2093,2035
2089,2056
2091,2022
2088,2043
2071,2036
2073,2063
2069,2029
2055,2011
2037,2053
2044,2021
2039,2074
2037,2072
2024,2028
2024,2011
2013,2019
2012,2011
2008,2057
2003,2075
2006,2055
2004,2056
2005,1999
1996,2053
1998,2033
1995,2013
1987,2063
1992,2033
1989,2080
1982,2041
1987,2033
1989,2044
1984,2063
1990,2068
1989,2036
2004,2045
2000,2039
2007,2041
2012,2045
2007,2025
2014,1997
2011,2043
2029,1993
2023,1999
2028,2017
2023,2033
2043,2057
2053,2045
2041,2069
2055,2036
2065,2030
2057,2035
2074,2015
2075,2011
2080,2067
2073,2037
2089,2076
2093,2019
2091,2043
2099,2075
2103,2072
2112,2059
2117,2040
2112,2069
2121,2028
2125,2063
2127,2027
2129,2056
2132,1991
2124,2072
2131,2038
2131,2048
2130,2072
2131,2053
2124,2066
2121,2043
2123,2055
2112,2051
2109,2046
2108,2029
2101,2040
2104,2040
2099,2048
2093,2071
2085,2077
2075,2071
2088,2009
2083,2037
2076,2025
2065,2031
2060,2080
2038,2048
2056,2067
2048,2042
2035,2057
2020,2064
2024,2053
2013,2064
2023,2047
2008,2035
2003,2048
2007,2077
1993,2086
1981,2023
1987,2057
1987,2027
1977,2063
1984,2053
1977,2066
1988,2027
1979,2044
1979,2075
1975,2059
1985,2040
1991,2053
1977,2055
1981,1997
1991,2042
1993,2080
1991,2011
2002,2017
1995,2034
2008,2029
2015,2045
2012,2058
2016,2068
2019,2076
2028,2037
2025,2036
2033,2021
2043,2046
2054,1989
2043,2063
2063,1993
2067,2065
2072,2056
2071,2027
2080,2055
2091,2066
2092,2041
2091,2042
2103,2028
2105,2068
2112,2055
2109,2048
2117,1993
2120,2012
2127,2009
2124,2071
2136,2033
2134,2007
2131,2053
2144,2043
2132,2026
2140,2003
2133,2067
2133,2069
2135,2036
2123,2014
2135,2001
2133,2040
2132,2001
2122,2035
2117,2058
2120,2035
2107,2067
2104,2056
2099,2045
2091,2047
2088,2019
2083,2080
2086,2074
2072,2018
2078,2019
2072,2046
2063,2037
2063,2056
2053,2059
2039,2076
2053,2029
2025,2065
2024,2009
2021,2028
2019,2020
2012,2023
2003,2028
2008,2019
2004,2057
2000,2035
1981,2047
1981,2073
1990,2077
1987,2068
1979,2037
1992,2027
1975,2033
1984,2003
1990,2072
1980,2028
1985,2026
1987,2039
1991,2039
1995,2072
1981,2077
2001,2025
2006,2018
2008,2063
2001,2015
2012,2066
2016,2045
2024,2052
2027,2058
2028,2023
2037,2005
2043,2067
2057,2008
2055,2027
2062,2080
2068,2063
2075,2024
2071,2073
2084,2060
2088,2027
2089,2033
2089,2044
2103,2072
2099,2063
2114,2019
2115,2057
2121,2003
2117,2044
2135,2035
2134,2070
2132,2064
2146,2043
2133,2037
2141,2040
2135,2035
2139,2068
2143,2011
2131,2068
2141,2006
2145,2068
2140,2045
2144,2041
2130,2063
2131,2072
2131,2042
2118,2019
2129,2010
2120,2023
2119,2009
2109,2037
2110,2017
2091,2043
2092,2039
2092,2027
2083,2040
2077,2040
2076,2019
2071,2033
2063,2043
2041,2038
2048,2023
2052,2031
2029,2025
2031,2063
2026,2011
2025,2054
2013,2044
2007,2072
2008,2027
1999,2068
2003,2023
1998,2055
1995,2027
1995,2071
1993,2036
1981,2071
1998,2040
1989,2071
1992,2044
1988,2075
1993,2029
1993,2007
1988,2019
1991,2072
2001,2037
2001,2073
2008,2021
2002,2055
2013,2033
2009,2063
2016,2015
2017,2017
2020,2077
2030,2029
2031,2017
2040,2080
2040,2041
2041,2003
2056,2009
2063,2057
2071,2076
2067,2072
2080,2070
2087,2056
2085,2043
2093,2026
2100,2017
2104,2005
2101,2067
2105,2037
2109,2039
2116,2074
2118,2051
2133,2021
2119,2048
2129,2075
2136,2035
2142,2041
2135,2027
2133,2063
2131,2073
2137,2056
2134,2032
2138,2027
2131,2029
2135,2042
2128,2011
2135,2023
2124,2064
2125,2021
2120,2065
2112,2044
2103,2064
2093,2079
2101,2039
2099,2021
2083,2066
2088,2063
2081,2075
2076,2029
2069,1992
2063,2023
2064,2029
2058,2027
2039,2072
2041,2025
2037,2072
2029,2012
2021,2059
2019,2042
2015,2011
2015,2053
2012,2030
2001,2072
2005,2017
1995,2036
1993,2067
1991,2056
1993,2035
1995,2068
1995,2072
1999,2053
1987,2076
1986,2029
1996,2027
1991,2080
1999,2082
2003,2048
1991,2017
2007,2027
2001,2044
2015,2023
2013,2030
2018,2029
2024,2067
2032,2053
2033,2068
2029,2041
2039,2035
2048,2011
2063,2008
2045,2040
2072,2029
2071,2057
2076,2072
2073,2038
2080,2053
2087,2077
2096,2059
2100,2043
2107,2045
2107,2021
2111,2034
2119,2066
2129,2063
2130,2059
2138,2010
2137,2008
2136,2063
2139,2079
2143,2040
2147,2052
2152,2068
2144,2001
2147,2067
2152,2058
2144,2041
2147,2072
2152,2055
2143,2051
2135,2056
2138,2020
2136,2043
2136,2022
2125,2056
2129,2007
2121,2029
2106,2026
2111,2015
2107,2027
2096,2063
2087,2070
2097,2044
2091,2015
2083,2035
2073,2043
2063,2040
2056,2064
2045,2023
2063,2075
2053,2001
2032,2046
2037,2015
2027,2031
2027,2067
2017,2033
2005,2072
2013,2048
2005,2088
2007,2073
1996,2035
1997,2041
2000,1997
1989,2063
1987,2011
1993,2027
1987,2063
1995,2037
1989,2063
1999,2079
1998,2035
1995,2011
2003,2079
2004,2038
2003,2053
2009,2019
2012,2017
2015,2066
2022,2053
2022,2014
2021,2071
2035,2035
2038,2041
2033,2055
2048,2041
2056,2019
2063,2018
2065,2072
2071,2056
2072,2027
2080,2011
2086,2037
2085,2045
2094,2056
2103,2042
2103,2058
2109,2019
2117,2063
2115,2030
2121,2023
2130,2068
2129,2044
2128,2051
2137,2040
2140,2023
2145,2030
2139,2065
2142,2043
2143,2047
2144,2046
2136,2006
2139,2063
2136,2037
2135,2027
2127,2056
2135,2056
2121,1981
2121,2011
2127,2034
2115,2067
2104,2067
2111,2036
2104,2020
2105,2037
2089,2080
2089,2017
2087,2058
2076,2036
2075,2043
2065,2040
2065,2037
2052,2087
2045,2068
2047,2021
2038,2029
2031,2071
2036,2035
2029,2056
2020,2056
2008,2040
2011,2041
2015,2059
2005,2071
2003,2043
2004,2044
2003,2025
1997,2055
1995,2073
1992,2018
1998,2027
1992,2045
1991,2048
2000,2029
1998,2036
1999,2013
1997,2053
2008,2011
1997,2069
2017,2031
2005,2026
2016,2065
2019,2041
2023,2057
2017,2062
2028,2041
2040,2044
2035,2068
2036,2043
2048,2024
2043,2015
2044,2073
2072,2057
2072,2040
2067,2029
2084,2063
2085,2071
2099,2012
2097,2055
2104,2015
2103,2033
2103,2071
2112,2068
2127,2037
2130,2054
2128,2063
2125,2042
2137,2029
2141,2007
2133,2044
2143,2035
2139,2076
2140,2040
2143,2038
2150,2021
2137,2060
2144,2022
2140,2056
2144,2026
2142,2033
2139,2080
2133,2030
2128,2029
2124,2024
2131,2063
2117,2041
2115,2008
2108,2023
2104,2035
2098,2043
2101,2045
2083,2080
2088,2027
2073,2053
2065,2035
2072,2001
2063,2045
2059,2056
2065,2021
2043,2054
2043,2039
2034,2043
2027,2028
2017,2069
2016,2056
2021,2040
2010,2035
2014,2043
2003,2059
1997,2029
1991,2066
1999,2025
2000,2008
1992,2040
1999,2035
1998,2068
1994,2072
1995,2063
1991,2058
1995,2003
2005,2058
2002,2040
2000,2069
2004,2027
2007,2028
2015,2080
2007,2070
2009,2019
2027,2033
2017,2011
2023,2080
2035,2036
2047,2024
2039,2033
2041,2040
2059,2070
2059,2018
2067,2033
2069,2055
2072,2059
2081,2065
2090,2066
2097,2063
2105,2020
2107,2044
2107,2054
2115,2019
2117,2040
2119,2061
2119,2075
2127,2055
2135,2071
2136,2029
2135,2026
2144,2077
2144,2047
2140,2035
2144,2007
2152,2039
2150,2063
2139,2055
2146,2047
2141,2074
2137,2041
2142,2033
2136,2043
2124,2025
2131,2053
2128,2055
2127,2042
2119,2037
2117,2017
2103,2043
2110,2054
2101,2039
2092,2058
2094,2029
2084,2071
2084,2063
2077,2040
2059,2072
2067,2043
2063,2079
2053,2004
2041,2078
2043,2011
2035,2071
2030,2080
2021,2044
2020,2035
2017,2020
2013,2063
2011,2053
2015,2027
2004,2057
2000,1995
2007,2045
2005,2017
1993,2067
1998,2018
1999,2028
1997,2088
1992,2075
1993,2038
1995,2064
2004,2029
2004,2033
2001,2021
2007,2034
2013,2037
2011,2069
2021,2062
2028,2007
2029,2056
2033,2075
2035,2035
2041,2029
2045,2045
2043,2024
2063,2093
2067,2063
2075,2042
2075,2039
2072,2036
2087,2019
2087,2029
2089,2021
2104,2038
2108,2065
2116,2067
2107,2083
2119,2022
2125,2029
2128,2043
2131,2048
2136,2046
2140,2019
2144,2040
2145,2001
2151,2041
2145,2060
2160,2005
2143,2063
2143,2033
2146,2030
2152,2063
2145,2026
2143,2041
2139,2066
2143,2035
2129,2042
2123,2048
2129,2066
2131,2033
2120,2018
2108,2041
2119,2035
2108,2015
2091,2030
2103,2068
2087,2064
2080,2033
2084,2020
2075,2063
2059,2067
2063,2040
2063,2034
2057,2078
2047,2072
2037,2046
2040,2011
2022,2055
2024,2068
2015,2040
2016,2080
2007,2057
1999,2063
2008,2057
2007,2008
2008,2065
1992,2056
1999,2040
1997,2045
1991,2057
1999,2027
2001,2033
1999,2020
2000,2057
2003,2072
2003,2053
2008,2023
2003,2069
2008,2043
2007,2045
2016,2017
2023,2019
2021,2077
2026,2077
2031,2071
2036,2023
2037,2063
2045,2035
2044,2056
2063,2026
2066,2011
2067,2073
2079,2068
2075,2040
2087,2015
2086,2036
2089,2066
2103,2040
2105,2071
2103,2030
2108,2042
2125,2027
2124,2045
2121,2025
2127,2054
2125,2072
2136,2072
2143,2027
2135,2063
2139,1995
2146,2056
2151,2072
2155,2025
2143,2063
2151,2067
2143,2072
2144,2017
2147,1999
2143,2070
2140,2035
2129,2029
2136,2036
2132,2029
2132,2025
2115,2081
2116,2072
2104,2075
2105,2055
2093,2072
2096,1999
2087,2061
2088,2019
2076,2040
2079,2009
2067,2043
2067,2030
2048,2037
2056,2035
2041,2038
2042,2041
2036,2056
2028,2028
2027,2035
2020,2063
2016,2011
2011,2030
2008,2069
2005,2045
2008,2084
2004,2076
1997,2071
1996,2061
2005,2011
1994,2056
1999,2035
1996,2025
1997,2025
1990,2072
1999,2021
1997,2008
2000,2069
1981,2057
2007,2047
2009,2064
2014,2044
2016,1992
2017,2056
2024,2044
2023,2039
2035,2077
2032,2040
2039,2060
2051,2020
2043,2059
2063,2002
2063,2008
2076,2005
2074,2035
2081,2023
2073,2056
2090,2037
2085,2019
2093,2048
2104,2007
2107,2076
2111,2045
2112,2044
2119,2029
2131,2015
2130,2035
2130,2017
2133,2068
2133,2005
2141,2058
2145,2027
2144,2053
2145,2061
2144,2054
2139,2027
2144,2078
2145,2031
2138,2080
2139,2026
2137,2042
2129,2044
2134,2067
2136,2063
2120,2064
2115,2031
2121,1993
2112,2056
2118,2055
2107,2025
2099,2063
2088,2048
2077,2047
2081,2072
2078,2060
2079,1996
2068,2043
2068,2018
2057,2023
2047,2005
2019,2065
2043,2025
2036,2072
2025,2063
2024,2023
2016,2013
2007,2023
2005,2025
2000,2068
2006,2036
2007,2042
1995,2053
2000,2007
1996,2039
1995,2067
1998,2071
1989,2067
2001,2005
2000,2071
1987,2017
1995,1988
1996,2053
1996,2076
1994,2021
2001,2064
2011,2004
2008,2077
2014,2023
2019,2072
2024,2030
2015,2035
2032,2039
2028,2040
2037,2024
2039,2035
2058,2028
2045,2028
2057,2033
2068,2017
2067,2080
2079,2035
2082,2023
2084,2081
2087,2052
2097,2005
2104,2026
2111,2027
2103,2041
2112,2057
2120,2007
2125,2031
2129,2003
2127,2034
2136,2044
2138,2025
2127,2039
2133,2030
2142,2017
2144,2069
2143,2071
2146,2063
2140,2068
2132,2055
2129,2064
2135,2047
2136,2034
2125,2029
2119,2068
2120,2076
2120,2025
2110,2041
2110,2039
2105,2040
2107,2036
2093,2024
2091,2069
2085,2019
2085,2075
2074,2017
2072,2040
2063,2056
2060,2043
2048,2080
2037,2076
2035,2039
2027,2040
2022,2025
2024,2015
2019,2067
2007,2075
2011,2044
1997,2048
1991,2073
2003,2046
2005,1991
1989,2059
1993,2044
1981,2079
1996,2066
1989,2047
1993,2043
1991,2063
1997,2052
1997,2052
1994,2024
2002,2019
2003,2039
2003,2027
2003,2057
2007,2023
2007,2069
2008,2012
2024,2024
2018,2073
2024,2067
2023,2075
2020,2063
2035,2069
2035,2065
2046,2021
2045,2046
2065,2033
2067,2071
2071,2038
2078,2085
2087,2021
2088,2040
2089,2069
2099,2053
2104,2044
2110,2025
2107,2024
2120,2063
2125,2073
2131,2056
2124,2032
2136,2055
2140,2037
2143,2068
2139,2055
2145,2039
2140,2065
2144,2025
2148,2039
2147,2046
2152,2005
2151,2043
2137,2053
2143,2063
2137,2037
2135,2055
2137,2022
2129,2059
2128,2088
2109,2069
2121,2034
2119,2079
2113,2035
2103,2029
2093,2056
2091,2075
2096,2044
2092,2036
2088,2023
2082,2068
2071,2068
2065,2055
2063,2079
2068,2068
2055,2035
2054,2009
2043,2023
2037,2077
2027,2095
2023,2033
2029,2092
2027,2003
2019,2073
2015,2002
2019,2018
2017,2021
2012,2009
2003,2067
2003,2077
2007,2030
2011,2076
2008,2063
2007,2040
2015,2037
2011,2063
2010,2035
2016,2011
2010,2028
2024,2071
2023,2039
2032,2044
2032,2003
2027,2019
2043,2067
2054,2037
2041,2024
2055,2045
2063,2048
2067,2055
2063,2039
2071,2053
2085,2073
2087,2023
2090,2044
2096,2055
2104,2028
2107,2043
2115,2043
2121,2036
2128,2024
2133,2071
2136,2029
2139,2040
2141,2065
2141,2062
2145,2024
2151,2033
2151,2044
2152,2032
2165,2027
2160,2034
2160,2006
2167,2042
2161,2040
2153,2066
2157,2079
2159,2011
2155,2063
2147,2044
2147,2019
2147,2073
2143,2056
2135,2005
2125,2083
2136,2060
2125,2054
2127,2028
2121,2033
2116,2033
2104,2010
2103,2066
2100,2063
2094,2078
2094,2009
2077,2087
2079,2053
2070,2073
2057,2017
2063,2017
2037,2040
2055,2035
2034,2043
2031,2027
2024,2044
2027,2065
2022,2025
2016,2043
2019,2033
2018,2022
2007,2036
2014,2035
2007,2043
2005,2039
2006,2060
2005,2044
2008,2045
2011,2088
2003,2025
2014,2041
2015,2046
2015,2030
2023,2041
2026,2035
2025,2039
2025,2048
2032,2040
2027,2037
2035,2036
2055,2007
2045,2053
2048,2067
2063,2060
2063,2029
2065,2019
2072,2030
2079,2065
2085,2060
2088,2035
2092,2048
2101,2048
2099,2060
2094,2012
2109,2039
2120,2063
2120,2023
2127,2039
2131,2027
2135,2044
2140,2001
2140,2036
2147,2035
2140,2041
2145,2053
2152,2011
2152,2056
2155,2047
2147,2071
2150,2027
2155,2027
2148,2033
2149,2063
2140,2068
2132,2040
2144,2027
2137,2023
2135,2028
2143,2048
2128,2039
2125,2052
2123,2071
2120,2052
2119,2066
2109,2019
2100,2039
2100,1999
2095,2041
2089,2056
2080,2036
2077,2043
2076,2008
2067,2068
2063,2072
2043,2001
2041,2043
2035,2068
2036,2055
2032,2064
2025,2056
2011,2058
2011,2044
2013,2029
2007,2037
2007,2068
2009,2040
2005,2051
2009,2043
2003,2056
1998,2013
2006,2054
1998,2017
2003,2066
1993,2039
2004,2035
2004,2027
2005,2040
2007,2067
2007,2036
2009,2054
2014,2036
2020,2002
2017,2053
2026,2009
2021,2071
2029,2009
2033,2067
2043,2039
2048,2015
2041,2021
2059,2040
2064,2007
2063,2039
2071,2059
2073,2027
2082,2009
2090,2052
2092,2020
2103,1996
2099,2054
2110,2025
2112,2053
2118,2023
2128,2055
2127,2022
2138,2048
2136,2007
2140,2005
2139,2037
2143,2057
2148,2041
2139,2057
2137,2075
2147,2032
2150,2023
2140,2024
2141,2071
2143,2063
2135,2059
2139,2005
2136,2059
2129,2055
2124,2063
2118,2005
2121,2042
2119,2056
2105,2021
2104,2027
2107,2019
2092,2064
2091,2073
2090,2056
2080,2019
2083,2017
2069,2073
2063,2055
2053,2040
2055,2029
2047,2063
2043,2059
2029,2039
2035,2029
2026,2043
2024,1995
2020,2075
2008,2036
2012,2058
2007,2013
2005,2021
1995,2071
2007,2027
2000,2017
1999,2035
1991,2036
1992,2063
1997,2021
1996,2051
1988,2076
1998,2019
2001,2063
2000,2066
2002,2029
1996,2072
2009,2027
1989,2063
2016,2063
2016,2015
2021,2065
2021,2072
2032,2024
2025,2008
2037,2026
2042,2039
2048,2023
2055,2055
2063,2008
2071,2053
2068,2071
2078,2031
2083,2007
2083,2063
2089,2015
2099,2041
2099,2058
2099,2024
2103,2068
2118,2043
2119,2065
2123,2057
2121,2072
2131,2059
2129,2042
2144,2017
2130,2017
2139,2070
2151,2030
2149,2035
2144,2069
2141,2026
2144,2054
2146,2059
2140,2042
2138,2055
2136,2041
2137,2042
2132,2011
2121,2015
2122,2019
2121,2055
2113,2060
2112,2039
2108,2039
2093,2070
2094,2021
2095,2048
2085,2063
2079,2066
2078,2062
2067,2044
2072,2021
2055,2057
2058,2076
2040,2041
2040,2012
2030,2055
2028,2055
2032,2029
2023,2022
2012,2077
2014,2021
2008,2071
2005,2025
2000,2015
2001,2027
1997,2064
1988,2071
1999,2063
1996,2053
1997,2056
1992,2062
1989,2058
1996,2048
1995,2054
1994,2005
1995,2063
2007,2053
1994,2067
2003,2026
2009,2056
2010,2068
2023,2040
2019,2059
2031,2077
2030,2007
2029,2023
2045,2087
2048,2035
2063,2040
2058,2037
2056,2038
2071,2022
2067,2035
2075,2068
2089,2046
2096,2029
2099,2025
2099,2043
2099,2058
2112,2027
2118,2001
2120,2055
2119,2011
2133,2009
2140,2035
2135,2052
2136,2039
2139,2072
2141,2041
2147,2036
2143,2028
2149,2001
2140,2027
2137,2068
2139,2063
2139,2055
2143,2037
2135,2063
2137,2021
2135,2068
2129,2005
2135,2063
2129,2048
2122,2040
2125,2005
2119,2040
2101,2055
2103,2045
2096,2024
2096,2017
2088,2057
2088,2032
2079,2072
2078,2072
2073,2068
2063,2060
2063,2008
2063,2038
2043,2065
2043,2059
2044,2017
2032,1997
2025,2048
2019,2044
2019,2043
2017,2053
2013,2007
2009,2088
2007,2068
1995,2064
2011,2019
2008,2055
2001,2067
2008,2001
1993,2041
1993,2087
2000,2019
2004,2073
1999,2056
2008,2019
2002,2075
2006,2060
2014,2041
2015,2057
2025,2048
2023,2033
2035,2017
2029,2063
2040,2070
2044,2071
2041,2073
2058,2003
2063,2043
2065,2020
2053,2061
2074,2053
2077,2039
2088,2007
2083,2043
2094,2063
2092,2062
2103,2080
2107,2035
2120,2052
2117,2023
2128,2021
2125,2009
2132,1993