2056,2046
2057,2057
2052,2028
2040,2058
2027,2033
2032,2036
2024,2072
2020,2048
2020,2027
2001,2038
2017,2027
2008,2060
2007,2030
2015,2011
2011,2071
2001,2007
1993,2078
2001,2059
2003,2020
2005,1992
2007,2039
2003,2033
2005,2063
2011,2042
2011,2063
2019,2064
2017,2007
2026,2059
2030,2056
2025,2029
2032,2066
2038,2039
2039,2017
2043,2027
2056,2024
2051,2037
2065,2063
2067,2048
2069,2009
2075,2043
2088,2030
2087,2041
2091,2048
2091,2043
2092,2029
2105,2003
2107,2027
2112,2032
2130,2021
2123,2039
2129,2060
2135,2041
2137,2024
2143,2023
2140,2026
2149,2051
2153,2063
2152,2047
2139,2040
2143,2073
2143,2089
2150,2059
2143,2054
2149,2033
2135,2067
2143,2021
2139,2009
2136,2043
2130,2024
2119,2084
2123,2041
2115,2021
2117,2063
2108,2025
2103,2038
2104,2017
2097,2035
2087,2039
2088,2073
2079,2070
2073,2029
2083,2041
2063,2060
2064,2065
2039,2063
2039,2063
2044,2056
2025,2047
2028,2029
2020,2058
2025,2011
2016,2035
2012,2025
2005,2047
2005,2063
1997,2067
2011,2043
2004,2005
1997,2084
1995,2071
1995,2063
1998,2057
1996,2041
2000,2060
1993,2033
2008,2071
2007,2064
2005,2024
2011,2029
2013,2059
2012,2020
2016,2018
2017,2062
2023,2038
2027,2015
2037,2039
2039,2074
2043,2048
2039,2035
2054,2061
2045,2048
2065,2038
2074,2041
2076,2005
2080,2041
2087,2020
2088,2023
2093,2048
2104,2055
2094,2011
2104,2080
2117,2037
2109,2037
2129,2022
2121,2056
2120,2047
2133,2054
2136,2035
2135,2080
2147,2063
2139,2075
2140,2033
2152,2001
2143,2072
2150,2029
2141,2072
2144,2009
2144,2040
2148,2067
2139,2021
2136,2027
2135,2027
2133,2060
2127,2056
2121,2044
2125,2024
2120,2024
2118,2028
2105,2055
2103,2039
2093,2053
2086,2069
2093,2056
2073,1995
2069,2066
2076,2065
2068,2033
2064,2037
2057,2068
2052,2024
2045,2029
2033,2071
2035,2055
2025,2077
2020,2022
2023,2011
2005,2043
2012,2080
2015,2058
2011,2042
2011,2025
2001,2040
2007,2045
2008,2015
2008,1999
2008,2013
2000,2056
2003,2017
2007,2021
2008,2066
2004,2060
2003,2027
2007,2027
2009,2033
2019,2052
2024,2073
2028,2005
2029,2036
2027,2071
2040,2065
2038,2039
2044,2043
2058,2027
2056,2056
2053,2069
2067,2066
2068,2018
2071,2024
2075,2040
2091,2054
2093,2065
2103,2030
2099,2047
2116,2040
2120,2009
2107,2051
2115,2017
2123,2068
2123,2076
2138,2023
2136,2029
2147,2009
2137,2057
2141,2056
2151,2036
2153,2009
2143,2039
2152,2040
2145,2063
2152,2059
2155,2024
2143,2063
2144,1996
2137,2040
2135,2034
2141,2019
2137,2008
2133,2058
2128,2040
2121,2007
2117,2026
2112,2077
2103,2028
2100,1995
2097,2026
2092,2068
2096,2025
2083,2063
2079,2078
2082,2063
2071,2072
2071,2022
2056,2045
2052,2060
2052,2055
2029,2007
2032,2033
2028,2063
2021,2068
2013,2080
2013,2057
2019,2070
2005,2027
2003,2028
2004,2038
2008,2071
2004,2040
2003,2072
1997,2024
2001,2031
2007,2021
2000,2028
1993,2019
1995,2043
2000,2005
2007,2053
2007,2048
1996,2088
2016,2044
2014,2029
2016,2072
2017,2055
2019,2025
2029,2024
2037,2067
2030,2055
2042,2028
2035,2048
2042,2064
2063,2023
2068,2017
2055,2027
2071,2040
2068,2042
2087,2007
2081,2069
2092,2045
2101,2072
2104,2041
2099,2043
2110,2057
2106,2037
2129,2035
2120,2067
2127,2021
2119,2043
2131,2037
2131,2080
2131,2033
2139,2055
2141,2060
2144,2040
2143,2025
2129,2043
2143,2034
2129,2039
2135,2063
2128,2031
2139,2052
2121,2079
2115,2048
2115,2035
2116,2052
2112,2040
2101,2063
2101,2035
2097,2063
2092,2063
2079,2072
2088,2033
2084,2044
2073,2057
2073,2064
2063,2037
2043,2017
2048,2064
2043,2056
2039,2059
2032,2063
2025,2064
2012,2017
2015,2051
2015,2025
2010,2059
1991,2056
1992,2056
1992,2033
1997,2044
1991,2056
1976,2031
1993,2029
1980,2065
1982,2065
1982,2007
1984,2072
1991,2064
1981,2065
1984,2009
1979,2038
1992,2007
1991,2020
1987,2003
1998,2009
2007,2019
1997,2027
2012,2011
2011,2005
2012,2068
2012,2043
2029,2036
2035,2017
2036,2017
2035,2011
2045,2068
2063,2020
2065,2003
2067,2034
2071,2019
2077,2041
2080,2009
2084,2080
2091,2027
2096,2043
2108,2063
2115,2004
2108,2062
2109,2079
2119,2028
2120,2043
2132,2021
2132,2034
2135,2072
2131,2037
2135,2022
2145,2080
2139,2024
2139,2017
2138,2040
2136,2021
2133,2067
2136,2055
2125,2025
2129,2007
2131,2035
2129,2060
2123,2042
2119,2040
2115,2044
2108,2019
2100,2037
2107,1995
2093,2045
2094,2067
2092,2036
2083,2076
2080,2088
2071,2035
2069,2048
2068,2011
2063,2045
2044,2065
2037,2045
2042,2020
2031,2042
2025,2029
2017,2089
2015,2084
2012,2076
2001,2044
2008,2017
1998,2072
2000,2071
2000,2048
1992,2017
1989,2059
1993,2009
1996,2025
1999,2017
1996,1995
1989,2035
1979,2073
1991,2067
1996,2008
1996,2030
2002,2001
2003,2039
1998,2039
2005,2009
2007,2036
2006,2040
2015,2068
2016,2068
2023,2056
2022,2047
2032,2043
2040,2028
2040,2019
2041,2065
2056,2048
2067,2039
2063,2044
2072,2019
2075,2033
2081,2056
2081,2063
2093,2003
2093,2057
2101,2025
2103,2067
2111,2076
2112,2075
2123,2072
2130,2009
2121,2032
2131,2051
2136,2035
2135,2053
2131,2063
2133,2064
2133,2037
2139,2033
2135,2076
2138,2027
2139,2038
2135,2040
2131,2007
2131,2024
2134,2020
2126,2060
2120,2038
2109,2055
2120,2015
2107,2043
2099,2072
2097,2043
2081,2073
2091,2040
2095,2017
2073,2024
2084,2055
2075,2057
2063,2057
2063,2019
2060,2059
2041,2042
2043,2029
2033,2073
2023,2021
2025,2062
2026,2017
2017,2058
2010,2027
2007,2011
2007,1997
2003,2033
1987,2080
1991,2066
1999,2021
1995,2011
1997,2063
1989,2063
1982,2031
1991,2063
1982,2032
1981,2056
1981,2046
1987,2017
1998,2055
1989,2036
1995,2040
1999,2062
2004,2019
2002,2041
2013,2068
2022,2030
2022,2041
2025,2040
2023,2011
2024,2077
2035,2022
2039,2056
2048,2030
2043,2063
2062,2079
2066,2080
2071,2034
2067,2025
2075,2041
2088,2032
2087,2027
2097,2003
2101,2038
2104,2035
2116,2059
2119,2042
2120,2039
2126,2023
2132,2043
2132,2048
2133,2035
2140,2069
2140,2011
2133,2053
2140,1990
2139,2015
2139,2060
2143,2064
2141,2043
2140,2063
2135,2036
2141,2071
2136,2007
2118,2063
2124,2023
2127,2033
2121,2023
2120,2071
2112,2035
2101,2072
2097,2071
2096,2033
2091,2032
2087,2060
2084,2058
2080,2029
2076,2063
2068,2022
2067,2055
2063,2041
2053,2051
2035,2039
2037,2053
2035,2068
2030,2060
2013,2067
2020,2009
2011,2063
2007,2063
2004,2069
2001,2057
1995,2046
2004,2029
1995,2063
1996,2044
1992,2017
1991,2040
1981,2056
1987,2051
1994,2017
1992,2083
1984,1995
1996,2037
1984,2039
2003,2040
1993,2071
2008,2005
2007,2044
2016,2040
2020,2035
2021,2044
2019,2068
2023,2044
2032,2025
2039,2019
2043,2028
2039,2048
2057,2037
2063,2081
2070,2025
2070,2001
2072,2038
2075,2062
2079,2068
2085,2063
2094,2028
2095,2043
2093,2007
2102,2025
2115,2072
2112,2011
2117,2041
2122,2055
2120,2073
2135,2039
2125,2043
2129,2055
2129,2061
2129,2025
2127,2064
2135,2030
2136,2025
2137,2056
2139,2063
2135,2066
2127,2072
2139,2040
2135,2033
2126,2003
2126,2045
2120,2005
2107,2048
2110,2020
2100,2070
2102,2020
2097,2063
2101,2021
2091,2024
2088,2021
2071,2037
2077,2063
2071,2063
2057,2040
2056,2027
2044,2017
2055,2043
2038,2068
2035,2040
2030,2021
2024,2063
2013,2019
2015,2015
2004,2037
2007,2033
1991,2076
1997,2060
1990,2066
1992,2041
1992,2041
1993,2008
1992,2072
1989,2073
1992,2037
1980,2039
1981,2068
1991,2057
1990,2055
1991,2040
1998,2029
1991,2045
1992,2080
2003,2017
2009,2013
2008,2075
2016,2075
2027,2015
2019,2020
2027,2041
2029,2030
2032,2023
2044,2065
2039,2022
2044,2054
2060,2058
2068,2029
2065,2009
2076,2021
2077,2029
2081,2007
2092,2011
2096,2055
2104,2043
2102,2079
2108,2067
2110,2040
2121,2037
2124,2014
2126,2058
2132,2015
2125,2035
2135,2063
2136,2013
2128,2029
2129,2057
2131,2051
2139,2048
2127,2011
2132,2034
2129,2023
2135,2060
2135,2023
2122,2074
2124,2068
2123,2019
2105,2077
2103,2005
2100,2071
2104,2015
2092,2072
2092,2021
2088,2065
2088,2052
2071,2075
2078,2005
2065,2027
2067,2023
2055,2078
2056,2027
2046,2066
2028,2053
2029,2067
2022,2074
2025,2035
2009,2077
2011,2019
2009,2027
2010,2074
1987,2072
1995,2053
1995,2031
1979,2046
1982,2020
1984,2059
1977,2056
1979,2027
1973,2018
1982,2044
1985,2021
1977,2044
1985,2053
1979,2053
1984,2001
1994,2027
1992,1993
1995,2039
1995,2043
2008,2037
2008,2051
1997,2023
2013,2033
2014,2035
2018,2015
2024,2038
2030,2039
2037,2040
2043,2035
2054,2033
2057,2015
2065,2011
2071,2023
2079,2026
2072,2048
2081,2056
2087,2008
2094,2003
2092,2080
2100,2063
2105,2041
2110,2029
2124,2063
2121,2040
2116,2047
2127,2017
2125,2056
2127,2024
2136,2007
2135,2035
2139,2046
2137,2040
2137,2063
2137,2060
2135,2017
2134,2055
2130,2018
2130,2027
2123,2015
2127,2053
2122,2063
2120,2009
2109,2029
2108,2063
2106,2067
2104,2033
2097,2060
2094,2033
2079,2077
2083,2042
2073,2053
2075,2063
2071,2025
2053,2060
2063,2012
2053,2054
2035,2058
2035,2069
2027,2068
2025,2057
2024,2065
2017,2044
2020,2019
2007,2060
2000,1995
1995,2070
2003,2071
1999,2053
1992,2069
1988,2066
1988,2071
1995,2072
1992,2024
1993,2017
1981,2071
1980,2015
1993,2026
1988,2043
1996,2021
1999,2067
1993,2007
2005,2001
2007,2027
2005,2010
2011,2019
2009,2055
2022,2057
2026,2044
2019,2056
2026,2068
2040,2036
2042,2063
2037,2063
2042,2053
2063,2068
2063,2055
2072,2021
2075,2025
2076,2077
2090,2035
2093,2072
2102,2057
2104,2053
2106,2057
2109,2083
2112,2015
2117,2035
2123,2060
2126,2026
2133,2072
2136,2037
2136,2069
2136,2072
2141,2024
2139,2036
2142,2063
2140,2059
2146,2019
2137,2035
2133,2063
2135,2027
2136,2011
2135,2043
2127,2073
2119,2071
2125,2039
2124,2027
2115,2030
2112,2017
2116,2025
2104,2065
2093,2064
2087,2055
2092,2072
2087,2068
2075,2037
2079,2062
2075,2003
2068,2043
2051,2026
2048,2027
2036,2035
2052,2039
2032,1997
2021,2075
2025,2011
2016,2072
2007,2017
2012,2045
2010,1997
2004,2029
2007,2077
2003,2063
2001,2042
1997,2027
1993,2055
1987,2037
1992,2053
1984,1983
1989,1987
1977,2072
1989,2021
1999,1993
1994,2063
1994,2057
1999,2071
2005,2026
1998,2028
2013,2080
2016,2035
2018,2020
2023,2043
2027,1978
2032,2047
2038,2048
2040,2020
2043,2033
2054,2025
2066,2017
2063,2041
2074,2045
2083,2038
2080,2032
2088,2021
2090,2041
2087,2015
2093,2029
2109,2019
2107,2041
2104,2067
2119,2035
2103,2002
2132,2027
2123,2043
2123,2045
2135,2065
2132,2069
2140,1989
2144,2015
2137,2026
2137,2040
2140,2037
2143,2067
2133,2007
2139,2041
2136,2068
2138,2063
2129,2065
2127,2058
2123,2043
2117,2023
2120,2023
2105,2058
2112,2091
2099,2063
2099,2076
2096,2015
2089,2035
2090,2046
2074,2071
2075,2054
2071,2055
2071,2077
2064,2025
2054,2023
2041,2042
2038,2021
2035,2027
2032,2025
2024,2063
2016,2043
2010,2067
2001,2037
2004,2005
1993,2046
1981,2080
1994,2052
1991,2025
1993,2077
1988,2068
1996,2011
1977,2064
1984,2021
1991,2041
1984,2020
1993,2023
1990,2053
1988,2045
1993,2035
1989,2027
2000,2044
2004,2058
2001,2060
2008,2056
2010,2065
2015,2035
2020,2002
2031,2024
2024,2063
2031,2058
2033,2023
2043,2055
2043,2063
2048,2067
2058,2043
2071,2041
2077,2056
2073,2047
2081,2079
2088,2059
2094,1995
2094,2024
2103,2063
2106,2060
2102,2025
2117,2040
2125,2063
2124,2063
2124,2033
2130,2056
2136,2036
2136,2021
2137,2027
2138,2004
2139,2033
2141,2039
2138,2005
2138,2035
2136,2056
2132,2057
2129,2056
2125,2072
2128,2009
2124,2072
2124,2057
2115,2041
2105,2015
2104,2053
2104,2059
2093,2025
2103,2043
2092,2029
2083,2095
2086,2033
2081,2066
2059,2068
2072,2040
2063,2069
2041,2068
2041,2030
2037,2063
2035,2067
2025,2068
2017,2023
2015,2063
2009,2083
2003,2088
1995,2079
2000,2057
2007,2041
1995,2066
2006,2072
2001,2039
1993,2063
1991,2027
1981,2056
1991,2040
1995,2020
1989,2033
1994,2080
1991,2060
1992,2027
1995,2067
1997,2053
1999,2043
2003,2012
2008,2019
2011,2072
2018,2038
2011,1997
2017,2048
2034,2066
2025,2065
2032,2019
2035,2063
2035,2043
2039,2036
2068,2035
2065,2017
2065,2065
2075,2055
2081,2039
2087,2064
2093,2023
2099,2080
2098,2010
2104,2013
2108,2063
2112,2029
2120,2056
2117,1981
2129,2065
2132,2017
2135,2012
2131,2029
2134,2003
2135,2012
2143,2040
2141,2063
2139,2063
2135,2035
2144,2067
2139,2060
2140,2029
2132,2048
2129,2003
2140,2031
2135,2057
2130,2033
2125,2043
2120,2037
2117,2055
2105,2025
2106,2065
2104,2067
2100,2068
2091,2044
2089,2005
2075,2056
2071,2069
2063,2063
2063,2021
2063,2067
2063,2017
2039,2042
2027,2009
2031,2056
2031,2017
2029,2058
2010,2035
2012,2023
2008,2005
2011,2011
2001,2055
2003,2063
1981,2021
1992,2005
2001,2071
1992,2040
1992,2068
1992,2057
1977,1999
1990,2027
1992,2027
1990,2011
1991,2063
1991,2064
1993,2038
1989,2037
2000,2005
1995,2031
2008,2055
2013,2019
2012,1999
2019,2058
2022,2017
2024,2011
2029,2020
2025,2071
2038,2065
2039,2053
2059,1995
2063,2025
2063,2069
2071,2034
2071,2075
2075,1977
2087,2079
2095,2030
2093,1987
2089,2029
2109,2033
2111,2052
2120,2011
2105,2040
2121,2005
2126,2003
2120,2039
2123,2067
2135,2034
2137,2029
2137,2040
2132,2046
2141,2055
2140,2035
2137,2007
2140,2008
2139,1971
2138,2019
2131,2027
2128,2057
2126,2033
2124,2061
2122,2063
2107,2009
2116,2011
2119,2068
2104,2003
2099,2063
2095,2068
2089,2042
2087,2040
2073,2048
2077,2029
2067,2069
2064,2043
2067,2029
2048,2037
2040,2056
2037,2071
2034,2057
2025,2061
2022,2023
2015,2031
2012,2044
2011,2019
2007,2023
2000,2035
1993,2008
1998,1989
1991,2011
1998,2041
1992,2057
1992,2058
1977,2067
1992,2057
1993,2059
1988,2027
1979,2027
1992,2021
2000,2058
1995,2043
1991,2072
2007,2020
2003,2065
2005,2027
2009,2020
2023,2072
2021,2008
2024,2009
2019,2073
2027,2063
2036,2075
2053,2019
2039,2008
2046,2031
2069,2043
2067,2019
2074,2041
2081,2037
2085,2056
2088,2044
2083,2011
2103,2023
2101,2007
2105,2025
2108,2028
2117,2068
2120,2040
2129,2007
2123,2057
2136,2015
2137,2039
2144,2021
2139,2067
2139,2040
2145,2027
2140,2035
2139,2057
2147,2066
2136,2043
2144,2072
2151,2029
2135,2072
2135,2046
2131,2071
2133,2071
2132,2043
2116,2076
2121,2036
2119,2034
2116,2072
2108,2040
2099,2081
2104,2015
2092,2015
2083,1839
2084,1859
2075,2068
2063,2184
2063,2147
2040,2144
2040,2028
2025,2091
2028,2032
2028,2055
2032,2094
2031,2069
2029,2070
2039,2093
2040,2039
2040,2053
2063,2065
2057,2079
2071,2087
2072,2025
2071,2041
2065,2044
2077,2009
2076,2075
2069,2042
2067,1915
2083,1813
2084,1952
2076,1941
2083,1911
2089,2011
2103,2123
2105,2112
2122,1987
2123,2072
2143,2025
2152,2042
2156,2028
2165,2055
2179,2073
2189,2285
2194,2300
2195,2205
2205,2100
2205,1943
2206,1951
2209,2024
2216,2039
2219,2076
2216,2103
2213,2054
2213,2006
2219,2037
2217,2008
2222,2041
2216,2034
2213,2067
2208,2079
2212,2037
2216,2040
2206,2015
2209,2080
2215,2027
2199,2020
2200,2080
2196,2076
2183,2063
2191,2005
2183,2024
2173,2013
2168,1995
2161,2011
2140,2015
2135,2011
2126,2009
2121,2018
2104,2055
2095,2041
2075,2043
2055,2065
2055,2047
2035,2056
2035,2048
2017,2056
2011,2066
2003,2053
2005,2011
1989,2011
1984,2043
1969,2019
1981,2005
1963,2073
1955,2034
1964,2023
1949,2073
1948,2061
1939,2068
1936,2057
1932,2063
1928,2060
1912,2069
1912,2070
1911,2027
1913,2063
1911,2067
1912,2077
1912,2072
1917,2063
1928,2069
1934,2067
1931,2015
1929,2071
1950,2055
1951,2073
1955,2073
1955,2043
1959,2040
1961,2075
1969,2067
1975,2053
1969,2033
1973,2038
1971,2061
1973,2015
1982,2059
1987,2048
1995,2068
1993,2035
2004,2077
2010,2001
2021,2039
2028,2063
2033,2065
2056,2017
2056,2025
2068,2017
2072,2047
2071,2056
2068,2041
2082,2019
2081,2011
2079,2027
2083,2030
2089,2017
2089,2060
2093,2074
2095,2017
2088,2075
2097,2068
2102,2039
2102,2071
2103,2056
2111,2025
2104,2079
2112,2052
2117,2066
2107,2041
2121,2053
2119,2071
2124,2019
2120,2057
2123,2054
2131,2084
2121,2264
2132,2252
2122,2197
2124,2112
2117,2005
2123,1973
2108,1966
2123,1992
2117,2077
2109,2045
2121,2087
2120,2013
2115,2044
2110,2040
2117,2060
2112,2109
2123,1881
2112,1821
2131,1944
2125,1951
2115,2044
2124,2119
2123,2104
2119,2196
2128,2120
2125,2097
2114,2086
2127,1945
2123,1967
2115,2018
2119,2062
2118,2086
2115,2112
2116,2063
2118,2055
2109,2020
2111,2035
2109,2087
2117,1881
2112,1856
2120,1941
2124,2007
2125,2083
2128,2157
2129,2148
2132,2056
2131,2046
2137,2043
2133,2018
2144,2037
2140,2080
2137,2030
2137,2073
2144,2029
2150,2036
2137,2019
2147,2039
2145,2056
2153,2025
2153,2027
2150,2059
2160,2056
2153,2046
2163,2057
2167,2041
2165,2011
2175,2057
2170,2012
2169,2015
2161,2055
2172,2040
2163,2041
2168,2041
2165,2058
2160,2009
2159,2031
2152,2045
2147,2019
2145,2053
2152,2023
2133,2017
2135,2080
2139,2028
2131,2034
2133,2043
2130,2021
2133,2073
2131,2027
2120,2063
2109,2007
2112,2056
2104,2025
2095,2053
2088,2075
2080,2069
2069,2007
2071,2078
2069,2012
2063,2057
2060,2024
2039,2051
2035,2037
2039,2039
2031,2044
2035,2045
2021,2058
2019,2055
2026,2044
2028,2067
2023,2038
2015,2072
2027,2044
2023,2057
2020,2037
2017,2071
2021,2044
2023,2052
2021,2039
2023,2070
2015,1999
2015,2043
2024,2046
2015,2019
2024,2070
2019,2040
2028,2068
2029,2035
2032,2034
2024,2017
2040,2076
2041,2007
2063,2029
2070,2019
2065,2053
2072,2024
2080,2009
2090,2056
2099,2019
2103,2023
2093,2025
2112,2039
2115,2003
2114,2032
2112,2040
2123,2005
2129,2080
2136,2017
2136,2080
2134,2055
2140,2093
2142,2036
2136,2018
2141,1945
2142,1979
2140,2029
2141,2030
2145,2015
2139,2077
2144,2057
2145,2063
2137,2075
2137,2017
2136,1999
2125,2072
2124,2071
2109,2041
2110,2048
2106,2060
2099,2029
2088,2023
2071,2052
2080,2075
2069,2025
2059,2050
2056,2005
2043,2064
2037,1997
2029,2007
2029,2029
2021,2072
2017,2043
2004,2019
1996,2042
1997,2039
1989,2027
1991,2073
1975,2059
1987,2011
1968,2048
1961,2059
1961,2039
1955,2063
1951,2039
1945,2025
1953,2071
1940,2058
1944,2025
1941,2085
1949,2025
1951,2056
1948,2029
1953,2064
1952,2067
1954,2059
1957,2002
1961,2063
1968,2033
1965,2036
1976,1999
1971,2041
1976,2071
1984,2011
1984,2056
1978,2037
1998,2068
2003,2054
2004,2023
2017,2036
2026,2028
2032,2051
2051,2079
2043,2011
2068,2072
2072,2037
2077,2040
2075,2026
2098,2071
2093,2039
2102,2068
2119,2035
2137,2032
2135,2004
2141,2021
2144,2054
2139,2072
2155,2066
2162,2041
2163,2063
2163,2056
2159,2078
2170,2071
2165,2063
2172,2042
2173,2042
2165,2036
2171,2028
2169,2027
2168,2021
2155,2056
2167,2041
2164,2072
2156,2067
2163,2085
2168,2060
2155,2032
2160,2073
2157,2215
2156,2202
2143,2136
2144,2008
2135,1979
2139,1941
2139,2003
2125,2065
2131,2095
2119,2074
2117,2040
2115,2060
2108,2068
2099,2036
2095,2015
2083,2075
2090,2073
2074,2039
2079,2068
2069,2045
2076,2088
2071,2056
2075,2025
2063,2021
2063,2017
2059,2071
2045,2080
2047,2029
2037,2080
2056,2012
2051,1977
2066,1999
2069,1996
2065,2004
2074,2055
2075,2043
2077,2071
2077,2061
2087,2063
2098,2037
2097,2017
2106,2024
2107,2027
2120,2029
2127,2026
2123,2043
2132,2003
2130,2056
2135,2022
2147,2023
2145,2035
2149,2023
2159,2038
2161,2066
2171,2037
2175,2028
2187,2033
2181,2069
2187,2027
2199,2055
2208,2056
2206,2018
2203,2043
2211,2063
2209,2059
2217,2021
2216,2022
2216,2063
2203,2071
2216,2059
2211,2033
2203,2061
2199,2019
2198,2035
2182,2063
2187,2037
2171,2046
2169,2003
2157,2056
2160,2024
2147,2072
2143,2018
2133,2018
2135,2040
2135,2004
2128,2065
2115,2059
2119,2075
2105,2053
2100,2033
2092,2052
2085,2037
2068,2063
2065,2061
2053,2046
2044,2019
2020,2052
2022,2040
2003,1991
2004,2037
1993,2053
1984,2032
1979,2037
1979,2035
1976,2056
1968,2036
1974,2064
1961,2070
1964,2060
1964,2071
1968,2015
1963,2067
1962,2057
1957,2066
1961,2056
1968,2067
1967,2072
1961,2066
1972,2058
1963,2057
1979,2019
1975,2072
1987,2058
1990,2080
1996,2034
2000,2065
2007,2069
2008,2037
2011,2078
2021,2035
2019,2042
2024,2059
2028,2021
2032,2043
2037,2053
2042,2051
2048,2060
2056,2031
2051,2059
2059,2056
2068,2030
2071,2022
2063,2058
2073,2015
2076,2030
2074,2072
2083,2030
2075,2036
2079,2059
2079,2039
2087,2026
2089,2017
2089,2061
2091,2072
2087,2079
2085,2071
2084,2061
2090,2076
2088,2066
2084,2039
2069,2036
2067,2044
2069,2074
2057,2076
2051,2029
2062,2027
2036,2036
2037,2080
2040,2053
2033,2073
2029,2093
2025,2055
2024,2063
2011,2066
2016,2027
2014,2023
2007,2072
2009,2005
2005,2080
2001,2009
2000,2096
1996,2071
1997,2023
1987,2025
1987,2017
1979,2040
1973,2010
1978,2019
1971,2059
1976,2057
1973,2063
1976,2007
1975,2040
1963,2033
1968,2057
1969,2080
1975,2052
1976,2056
1975,2076
1980,2039
1974,2073
1979,2025
1981,2035
1991,2052
1992,1987
2001,2032
2000,1993
1998,2003
2008,2025
1997,2063
2007,2059
2005,2072
2013,2041
2013,2058
2015,2046
2019,2029
2024,2048
2020,2072
2032,2043
2025,2024
2025,2039
2025,2039
2035,2015
2054,2059
2057,2025
2057,2034
2061,2019
2057,2013
2069,2035
2070,2024
2072,2031
2060,2031
2071,2037
2071,2060
2087,2064
2085,2030
2092,2021
2097,2029
2084,2075
2096,2003
2104,2035
2092,2028
2103,2036
2107,2071
2106,2066
2110,2022
2103,2063
2099,2048
2087,2056
2096,2023
2103,2077
2097,2030
2089,2060
2093,2027
2082,2063
2088,2041
2087,2059
2080,2077
2079,2069
2073,2070
2074,2063
2077,2019
2071,2035
2063,2064
2067,2023
2065,2019
2063,2068
2066,2040
2059,2063
2041,2008
2056,2019
2051,2055
2043,2064
2037,2069
2038,2071
2044,2063
2033,2037
2032,2015
2027,2035
2023,2039
2027,2057
2013,2061
2015,2033
2028,2030
2024,2033
2021,2044
2025,2010
2032,2052
2032,2047
2037,2037
2023,2044
2035,2072
2035,2063
2028,2053
2035,2032
2051,2042
2051,2023
2051,2021
2063,2034
2063,2024
2067,2023
2066,2021
2069,2035
2071,2041
2076,2017
2083,2048
2086,2024
2086,2011
2092,2017
2093,2037
2095,2019
2111,2027
2111,2021
2119,2026
2124,2077
2115,2068
2133,2071
2131,2064
2133,2027
2125,2007
2134,2029
2136,2015
2141,2025
2123,2043
2123,2060
2129,2012
2121,2035
2128,2011
2120,2039
2115,2080
2119,2060
2110,2067
2108,2027
2093,2027
2096,2078
2094,2027
2077,2054
2075,2035
2083,2011
2065,2071
2064,2063
2044,2035
2037,2068
2028,2003
2022,2058
2023,2029
2011,2071
2000,1997
1985,2042
1976,2064
1969,1993
1967,2039
1959,2015
1951,2068
1945,2023
1937,2039
1929,2036
1940,2039
1925,2015
1924,1993
1923,2009
1911,2051
1913,2057
1902,2040
1910,2072
1903,2063
1900,2030
1897,2017
1899,2027
1900,2042
1893,2024
1897,1990
1900,2042
1895,2023
1907,2021
1909,2041
1917,2063
1911,2063
1933,2075
1931,2035
1939,2035
1941,2064
1959,2066
1963,2020
1963,2052
1981,2056
1987,2056
1996,2019
1998,2062
2006,2087
2011,2157
2022,2148
2017,2071
2029,2008
2039,1929
2043,2020
2063,2075
2063,2069
2068,2063
2074,2029
2075,2072
2085,2048
2090,2063
2101,2021
2102,2021
2107,2052
2110,2069
2102,2048
2108,2011
2116,2019
2115,2025
2101,2071
2108,2055
2104,2071
2093,2047
2104,2041
2091,2047
2094,2055
2087,2073
2085,2039
2088,2079
2077,2019
2080,2076
2081,2005
2075,2051
2065,2063
2071,1997
2064,2040
2055,1929
2060,1969
2037,2071
2035,2132
2033,2100
2032,2137
2025,2070
2009,2068
2016,2096
2003,2030
2009,2034
2011,2084
2009,2093
2012,2112
2018,2031
2023,2074
2027,2063
2038,2039
2037,2084
2043,2005
2048,1927
2074,1959
2071,2060
2080,2053
2086,2120
2080,2117
2097,2109
2107,1747
2120,1773
2117,1924
2121,2086
2133,2172
2137,2252
2156,2163
2158,2057
2168,2011
2187,2045
2197,2056
2209,2070
2225,2104
2235,2088
2257,2104
2251,2072
2267,2031
2276,2062
2275,2045
2285,2048
2297,2071
2301,2067
2297,2104
2300,2058
2299,2064
2302,2062
2304,2036
2304,2063
2299,2037
2298,2061
2297,2044
2294,2080
2291,2074
2291,2026
2284,2011
2280,2035
2276,2013
2275,1999
2261,2068
2259,2004
2236,2048
2239,2021
2228,2030
2211,2019
2207,1992
2192,2070
2176,2063
2153,2027
2151,2028
2136,2008
2113,2036
2101,2035
2084,2031
2074,2056
2059,2039
2040,2041
2024,2082
2017,2017
1998,2004
1987,1969
1980,2009
1961,1973
1965,2007
1956,2048
1943,2037
1939,2063
1930,1955
1925,1976
1913,2031
1915,2039
1901,2078
1895,2019
1884,2056
1887,2030
1880,2035
1879,2033
1869,2056
1873,2019
1869,2027
1871,2008
1860,2063
1868,2017
1871,2054
1865,2029
1871,2011
1878,2056
1876,2065
1882,2067
1887,2058
1891,2045
1895,2042
1887,2063
1896,2039
1889,2068
1898,2063
1892,2039
1901,2067
1897,2029
1904,2039
1909,2019
1905,2028
1909,2002
1919,2012
1927,2047
1928,2030
1931,2030
1942,2012
1944,2029
1955,2063
1960,2015
1957,2044
1971,2062
1959,2024
1962,2007
1967,2059
1976,2019
1964,2037
1971,2043
1977,2027
1968,2015
1976,2041
1971,2064
1978,2026
1981,2055
1975,2027
1979,2051
1981,2053
1981,2053
1980,2036
1992,2015
1989,2069
1991,2074
2003,2034
2003,2060
2011,2011
2001,2063
2009,2043
2011,2055
2018,2021
2016,2056
2020,2088
2009,2043
2010,2039
2021,2077
2024,2053
2015,2072
2018,2041
2026,2080
2029,2055
2032,2040
2023,2039
2027,2068
2027,1880
2037,1735
2041,1852
2048,1932
2042,2095
2048,2149
2063,2132
2066,2136
2067,2092
2067,2039
2072,2019
2067,2057
2067,2074
2075,2057
2072,2028
2068,2029
2082,2057
2079,2072
2081,2025
2085,2043
2092,2037
2095,2043
2104,2048
2105,2035
2107,2023
2115,2076
2123,2071
2123,2039
2128,2032
2131,2039
2151,2063
2152,2040
2151,2020
2157,2059
2164,2040
2167,2041
2176,2013
2176,1952
2189,1841
2188,1924
2188,1995
2195,2105
2200,2100
2208,2116
2212,2027
2212,1937
2220,1971
2209,2056
2217,2085
2224,2057
2222,1975
2221,1988
2221,1974
2217,2029
2227,2090
2219,2109
2213,2112
2208,2075
2201,2019
2203,1978
2199,2048
2189,2045
2183,2004
2176,1997
2175,2029
2171,1893
2164,1963
2160,1919
2152,2000
2139,1999
2137,2038
2137,2067
2123,2076
2123,2057
2106,2026
2091,2037
2100,2080
2080,2007
2070,2068
2069,2022
2060,2023
2035,2033
2032,2039
2028,2015
2015,2063
2017,2066
2009,2007
2005,2054
2005,2023
2003,2011
1992,2055
1993,2029
1995,2015
1995,2015
2002,2047
1996,2021
1995,2001
1998,2077
2013,2029
2008,2011
2001,2071
2011,2056
2024,2013
2024,2012
2027,2063
2029,2041
2037,2072
2054,2030
2055,2067
2063,2061
2071,2053
2076,2009
2088,1985
2087,2042
2104,2003
2103,2019
2107,2010
2123,2023
2131,1985
2124,2035
2138,2036
2140,2007
2147,2060
2155,2076
2160,1993
2155,2043
2163,2063
2170,2064
2170,2015
2171,2037
2171,2077
2172,2019
2165,2075
2172,2067
2161,2033
2163,2032
2161,2052
2157,2040
2160,2041
2150,2055
2150,2021
2138,2067
2138,2011
2125,2024
2123,2023
2117,2053
2109,2060
2102,2017
2095,2072
2080,2063
2078,2076
2075,2057
2063,2072
2059,2008
2052,2032
2027,2042
2019,2011
2017,2036
2009,2075
2003,2035
2003,2066
1993,2023
1992,2055
1975,2030
1955,2061
1969,2046
1969,2023
1956,2072
1957,2030
1952,2064
1956,2043
1947,2064
1954,2041
1952,2029
1951,2058
1960,2040
1951,2038
1960,2093
1965,2007
1963,2053
1972,2028
1963,2097
1973,2036
1979,2063
1992,2073
1991,2053
1989,2033
2004,2068
2012,2015
2017,2069
2021,2029
2026,2036
2033,2037
2035,2039
2033,2032
2039,2061
2044,2039
2057,2026
2063,2037
2060,2027
2072,2023
2068,2023
2073,2037
2087,2029
2088,2029
2082,2041
2096,2043
2103,2027
2102,2075
2098,2069
2117,2028
2103,2053
2118,2063
2117,2045
2104,2074
2123,2003
2126,2053
2123,2027
2120,2059
2119,2071
2123,2039
2119,2077
2120,2044
2121,2033
2118,2054
2120,2035
2115,2081
2120,2080
2119,2017
2119,2029
2117,2031
2118,2043
2121,2017
2121,2043
2118,2056
2108,2087
2116,2094
2123,2041
2112,2019
2114,2031
2112,2072
2103,2030
2105,2061
2099,2129
2096,2238
2099,2298
2085,2155
2093,2007
2089,1973
2084,1908
2089,1897
2080,2039
2074,2138
2069,2156
2075,2043
2073,2053
2075,2003
2072,1981
2080,1961
2079,2038
2073,2083
2079,2095
2079,1888
2071,1864
2075,1914
2074,2024
2079,2125
2084,2169
2075,2093
2089,2087
2089,2017
2088,2055
2092,2007
2082,2077
2094,2096
2092,2089
2090,2073
2096,2043
2095,2005
2093,2028
2095,2041
2086,2036
2103,2005
2108,2053
2093,2023
2104,2038
2118,2031
2112,2032
2112,2029
2120,2040
2125,2059
2119,2060
2132,2067
2136,2021
2145,2039
2152,2009
2155,1999
2153,2066
2168,2011
2170,2048
2174,2059
2171,2037
2175,2041
2173,2057
2171,2027
2183,2047
2191,2009
2173,2005
2173,2063
2181,2063
2173,2037
2168,2019
2173,2069
2170,2048
2168,2021
2171,2068
2165,2067
2166,2063
2161,2038
2158,2053
2149,2047
2155,2015
2136,2021
2135,2017
2135,2017
2127,2005
2123,2063
2118,1993
2108,2059
2107,2020
2093,2015
2083,2052
2073,2028
2071,2044
2063,2064
2039,2021
2038,2019
2027,2046
2023,2060
2009,2060
2016,2029
2009,2029
2001,2068
2000,2012
1988,2060
1987,2043
1980,2035
1975,2022
1979,2019
1975,2057
1976,1965
1968,2041
1971,2026
1971,2003
1965,2055
1968,2036
1971,2040
1975,2017
1972,2027
1969,2022
1969,2021
1965,2044
1978,2035
1967,2055
1979,2001
1991,2033
1984,2017
1991,2056
2000,2007
2003,2047
2003,2072
2006,2048
2013,2077
2021,2041
2021,2059
2036,2055
2039,2043
2043,2012
2043,2043
2067,2055
2065,2063
2069,2056
2073,2027
2073,2041
2093,2035
2092,2065
2088,2021
2097,2041
2100,2045
2093,2089
2099,2067
2101,2012
2093,2063
2100,2078
2103,2017
2091,2086
2096,2019
2087,2023
2091,2043
2074,1991
2082,2024
2078,2063
2080,2075
2069,2094
2068,2060
2059,2022
2058,2039
2053,2041
2044,2032
2043,2020
2026,2048
2027,2045
2035,2007
2026,2065
2024,2076
2021,2037
2009,2067
2002,2019
1996,2072
1989,2020
1987,2082
1977,2091
1975,2067
1970,2073
1970,2051
1970,2066
1960,2009
1952,2071
1947,2077
1952,2025
1947,2060
1949,2055
1955,2007
1941,2057
1952,2080
1953,2021
1949,2039
1962,2038
1961,2013
1963,2037
1969,2017
1971,2037
1981,2055
1990,2063
1981,2063
1996,2029
1989,2045
1992,2073
2000,2029
2011,2043
2010,2028
2011,2036
2018,2026
2021,2066
2029,2061
2037,2067
2039,2148
2053,2121
2044,2007
2057,1930
2056,1952
2068,1988
2076,2028
2066,2041
2076,2112
2077,2080
2077,2011
2085,2035
2091,2055
2094,2007
2096,2020
2092,2064
2092,2011
2088,2030
2095,2040
2093,2060
2090,2066
2084,2040
2085,2058
2091,2080
2075,2077
2081,2063
2076,2018
2070,2027
2063,2075
2063,2071
2063,2054
2053,2063
2055,2025
2035,2061
2035,2036
2032,2036
2022,2075
2021,2046
2024,2015
2024,2039
2019,2063
2005,2041
2017,2024
2013,2072
2015,2036
2008,2074
2021,2040
2016,2057
2007,2037
2018,2070
2018,2011
2011,2056
2019,2067
2022,2055
2007,2039
2024,2067
2019,2019
2029,2072
2033,2028
2027,2015
2027,2027
2040,2019
2048,2064
2063,2056
2059,2025
2071,2035
2073,2035
2074,2026
2076,2040
2095,2005
2091,2063
2103,2061
2100,2031
2109,2017
2118,2071
2124,2067
2128,2011
2123,2017
2143,2048
2142,2002
2146,2009
2137,2038
2137,2007
2139,2044
2147,2046
2149,2015
2157,2003
2157,2027
2163,2077
2156,2039
2156,2043
2164,1993
2168,2009
2172,2062
2167,2077
2168,2067
2172,2032
2169,2051
2171,2046
2164,2038
2167,2022
2170,2046
2163,2030
2162,2072
2156,2017
2155,2009
2136,2035
2143,2032
2131,2063
2131,2077
2120,2048
2117,2080
2117,2019
2105,2057
2104,2058
2104,2009
2105,2039
2100,2001
2095,2041
2091,2071
2081,2027
2081,2063
2063,2028
2067,2020
2067,2035
2068,2041
2063,2042
2047,2019
2041,2034
2040,2047
2037,2027
2027,2074
2021,2067
2024,2008
2023,2067
2024,2023
2021,2088
2019,2041
2022,2036
2023,2053
2020,2024
2015,2054
2019,2042
2022,2040
2009,2033
2016,2015
2019,2064
2016,2043
2018,2023
2008,2019
2022,2029
2022,2075
2020,2017
2021,2025
2019,2037
2027,2030
2033,2035
2026,2043
2037,2064
2043,2027
2040,2041
2050,2053
2060,2073
2071,2025
2072,2045
2072,2070
2069,2011
2077,2021
2080,2042
2084,2024
2081,2041
2092,2025
2089,2001
2089,2045
2089,2063
2101,2038
2104,2060
2095,1997
2114,2073
2105,2035
2107,2079
2121,2066
2117,2072
2129,2063
2135,2091
2143,2053
2139,2072
2140,2077
2143,2033
2140,2029
2136,2071
2137,2061
2133,2025
2123,2066
2132,2043
2131,2056
2127,2017
2120,2029
2103,2041
2107,2020
2105,2086
2100,2094
2104,2055
2095,2081
2093,2056
2096,2011
2093,2043
2092,2053
2085,2020
2082,2025
2071,2063
2083,2037
2069,2095
2065,2053
2066,2063
2053,2071
2057,2027
2045,1987
2044,2005
2046,2009
2044,2007
2035,2041
2025,2044
2040,2021
2037,2080
2027,2007
2038,1971
2031,2037
2040,2035
2037,2052
2028,2019
2044,2074
2055,2063
2056,2035
2058,2075
2057,2077
2059,2037
2067,2072
2065,2048
2071,2034
2075,2054
2085,2078
2083,2054
2096,2015
2099,2079
2107,2058
2115,2043
2112,2019
2125,2028
2129,2045
2139,2041
2148,2045
2157,2063
2160,2063
2167,2043
2179,1996
2190,2053
2183,2029
2199,2080
2208,2027
2213,2033
2216,2007
2219,2053
2215,2066
2221,2063
2228,2017
2220,2063
2231,2040
2225,2018
2230,2024
2234,2081
2232,1987
2235,2004
2233,2021
2232,2055
2233,2063
2233,2036
2221,2056
2222,2025
2218,2066
2207,2099
2206,2087
2203,2079
2197,2071
2188,2033
2180,2043
2171,2063
2147,2047
2152,2070
2151,2079
2133,2043
2135,2074
2126,2043
2120,2021
2115,2063
2099,2071
2091,1997
2093,2033
2083,2040
2080,2019
2070,2010
2065,2065
2060,2035
2045,2005
2035,2069
2040,2071
2032,2054
2015,2028
2021,2027
2016,2029
2010,2017
2008,2064
1995,2071
1999,2019
2006,2041
2004,2064
1995,2071
2005,2021
2007,2057
2011,2044
2003,2045
2013,2035
2011,2028
2024,1999
2027,2043
2031,2022
2025,2053
2023,2021
2033,2055
2037,2017
2043,2069
2053,2036
2055,2040
2053,2008
2063,2043
2063,2072
2074,2070
2070,2001
2084,2042
2079,2026
2087,2055
2090,2063
2096,2039
2106,2001
2110,2025
2109,2022
2115,2044
2122,2033
2125,2039
2117,2024
2119,2036
2119,2021
2119,2063
2120,2070
2109,2032
2103,2038
2109,2028
2108,2039
2104,2024
2087,2063
2085,2006
2088,2019
2088,2029
2079,2052
2071,2071
2067,2036
2067,2072
2053,2039
2052,2043
2029,2033
2029,2060
2019,2068
2015,2021
2003,2048
1994,2072
1992,2031
1974,2053
1968,2029
1957,2063
1958,2093
1937,2035
1944,2073
1931,2066
1924,2036
1919,2056
1901,2073
1899,2043
1904,2056
1889,2045
1886,2055
1887,2071
1875,2042
1881,2072
1892,2040
1884,2056
1871,2025
1881,2041
1873,2055
1867,2037
1882,2074
1879,2013
1884,2072
1875,2037
1888,2017
1898,2017
1891,2059
1903,2073
1909,2054
1925,2024
1920,2047
1933,2026
1943,2060
1947,2039
1947,2063
1965,2009
1963,2025
1977,2043
1981,2071
1991,2040
1995,2055
2007,2058
2022,2056
2021,2075
2025,2032
2035,2042
2053,2077
2060,2076
2065,2017
2076,2011
2079,2034
2081,2017
2085,2037
2097,2044
2105,2023
2103,2061
2115,2015
2108,2072
2121,2064
2124,2039
2121,2063
2131,2069
2131,2046
2119,2063
2120,1995
2127,2029
2117,2076
2112,2023
2117,2020
2101,2040
2100,2084
2104,2019
2101,2032
2091,2048
2085,2028
2090,2026
2081,2053
2081,2071
2078,2071
2069,2039
2074,2060
2063,2072
2048,2019
2052,2072
2029,2072
2039,2039
2036,2055
2019,2055
2017,2072
2024,2019
2011,2072
2003,2027
2006,2011
2007,2072
2003,2013
2008,2020
1995,1989
2008,2039
2000,2071
1997,2075
2011,2045
2008,2009
2009,2037
2012,2039
2003,2080
2016,2080
2019,2017
2019,2071
2029,2070
2021,2044
2032,2011
2022,2071
2040,2032
2037,2029
2041,2015
2057,2060
2057,2075
2067,2034
2075,2046
2072,2064
2069,2056
2076,2071
2088,2039
2095,2075
2096,2019
2103,2037
2099,2040
2101,2019
2103,2063
2101,2027
2113,2063
2121,2012
2119,2021
2122,2048
2119,2033
2122,2037
2121,2002
2123,2063
2125,2060
2121,2063
2116,2057
2115,2022
2115,2030
2113,2035
2112,1993
2107,2013
2111,1993
2103,2007
2093,2064
2103,2066
2103,2056
2091,2044
2088,2051
2084,2019
2066,2055
2063,2087
2064,2033
2059,2057
2051,2019
2047,2024
2030,2066
2025,2059
2020,2051
2009,2056
2012,2037
2008,2030
2007,2035
1999,2045
1992,2043
1984,2009
1982,2012
1967,2089
1971,2080
1966,2068
1960,2020
1964,2072
1949,2023
1955,2029
1950,2019
1951,2083
1947,2068
1943,2038
1943,2039
1939,2063
1943,1997
1949,2029
1943,2068
1953,2080
1951,2053
1957,2039
1956,2063
1967,1995
1963,2054
1969,2011
1964,2037
1973,2033
1980,2019
1971,2015
1984,2015
1988,2025
1995,2037
2001,2033
1993,2073
2008,2012
2009,2035
2015,2039
2015,2038
2021,2053
2029,2019
2025,2040
2037,2025
2034,2068
2044,2036
2059,2023
2063,2003
2076,2021
2072,2023
2068,2035
2072,2070
2089,2051
2089,2015
2091,2007
2097,2024
2101,2023
2094,2036
2101,2111
2105,2063
2110,2042
2113,1991
2116,2035
2110,2031
2110,2053
2119,2035
2112,2063
2115,2063
2110,2073
2103,2077
2099,2061
2105,2074
2114,2072
2105,2010
2093,2033
2096,2071
2099,2055
2085,2042
2079,2033
2088,2011
2077,2040
2079,2023
2075,2027
2067,2063
2067,2007
2063,2057
2059,2041
2061,2008
2043,2039
2041,2025
2034,2062
2035,2031
2035,2024
2025,2040
2030,2084
2021,2093
2025,2110
2016,2130
2011,2099
2022,2039
2017,2001
2015,2009
2015,2035
2003,2056
2016,2068
2017,2052
2016,2057
2005,2043
2018,2019
2018,2025
2021,2024
2021,2013
2029,2026
2022,2075
2027,2038
2038,2057
2035,2044
2045,2028
2043,2019
2055,2055
2059,2022
2066,2040
2066,2002
2072,2060
2080,2066
2084,2033
2081,2063
2088,2027
2099,2029
2103,2069
2104,2023
2103,2065
2120,2053
2125,2064
2127,2015
2131,2056
2131,2035
2135,2008
2140,2045
2143,2063
2145,2078
2152,2019
2152,2063
2147,2056
2162,2068
2153,1999
2160,2037
2156,2025
2149,2071
2155,2004
2137,2021
2143,2071
2139,2071
2141,2065
2136,2080
2134,2039
2117,2059
2120,2048
2111,2024
2110,2013
2104,2015
2087,2003
2088,2022
2084,2040
2067,2025
2076,2056
2066,2029
2044,2075
2041,2072
2034,2042
2031,2019
2024,2065
2012,2025
2012,2072
1997,2058
1989,2066
1990,2037
1973,2083
1976,2017
1976,2017
1963,2080
1961,2077
1961,2023
1953,2048
1956,2043
1957,2039
1948,2042
1951,2055
1952,2044
1952,2075
1945,2022
1945,1998
1955,2077
1953,2030
1949,2037
1950,2047
1958,2035
1955,2041
1960,2022
1972,2002
1987,2026
1977,2063
1977,2054
1996,2067
1979,2040
2001,2040
1996,2022
2011,2080
2024,2072
2024,2033
2030,2033
2034,2068
2052,2007
2055,2030
2051,1997
2055,2035
2072,2057
2073,2058
2085,2042
2084,2017
2085,2037
2091,2010
2093,2012
2097,1997
2097,2022
2105,2056
2101,2044
2103,2040
2107,2029
2112,2008
2109,2051
2112,2009
2108,2058
2103,2060
2107,2041
2107,2065
2096,2038
2093,2017
2095,2055
2089,2070
2076,2056
2073,2067
2063,2056
2072,2069
2063,1999
2061,2056
2051,2053
2039,2055
2035,2025
2031,2071
2019,2029
2020,2043
2007,2037
2005,2031
1994,2035
1992,2048
1991,2030
1987,2036
1969,2075
1975,2063
1963,2068
1952,2029
1958,2046
1943,2065
1945,2033
1944,2013
1941,2070
1947,2043
1936,2027
1937,2063
1935,2005
1937,2039
1939,2027
1939,2039
1940,2057
1948,2075
1944,2035
1949,2003
1943,2066
1952,2051
1959,2024
1949,2065
1961,2033
1967,2074
1976,2056
1977,2009
1984,2028
1991,2075
1997,2031
2003,2021
2008,2055
2015,2060
2011,2068
2032,2005
2029,2061
2041,2037
2056,2029
2065,2007
2055,2024
2076,2057
2077,2063
2087,2035
2092,2039
2097,2037
2099,2069
2105,2071
2120,2058
2109,2065
2119,2067
2130,2074
2135,2039
2135,2048
2135,1987
2139,2019
2140,2077
2146,1999
2133,2045
2140,2025
2144,2018
2138,2063
2129,2029
2139,2084
2136,2039
2132,2029
2128,2041
2121,2055
2121,2039
2105,2048
2109,2025
2101,2029
2093,2068
2097,2026
2085,2037
2083,2077
2074,2059
2071,2067
2056,2011
2063,2068
2053,2023
2042,2017
2035,2022
2035,2029
2029,1991
2025,2015
2009,2011
2005,2022
2011,2021
2002,2063
1990,2067
1989,2080
1987,2043
1982,2035
1991,2008
1977,2067
1981,2057
1977,2019
1977,2052
1973,2064
1975,2015
1979,2078
1975,2043
1973,2056
1978,2060
1983,2017
1971,1989
1984,2035
1990,2011
1996,2020
2004,2037
2003,2048
1995,2045
2011,2058
2005,2058
2018,2025
2029,2015
2032,2072
2029,2041
2038,2071
2044,2044
2048,2052
2043,2021
2063,2032
2064,2005
2079,2001
2073,2013
2081,2077
2093,2068
2079,2021
2096,2009
2103,2064
2106,2065
2101,2035
2115,2048
2119,2015
2123,2053
2127,2027
2123,2003
2123,2031
2129,2037
2126,2034
2131,2045
2132,2036
2124,2066
2128,2081
2119,2026
2122,2072
2120,1995
2121,2039
2120,2065
2112,2018
2107,2043
2106,2024
2098,2058
2085,2041
2089,2007
2087,2011
2065,2066
2080,2030
2071,2043
2063,2069
2065,2056
2060,2041
2039,2080
2044,2039
2035,2023
2025,2029
2021,2037
2006,2057
2007,2079
2012,1997
2009,2043
2004,2048
1991,2064
1995,2076
1999,2007
1994,2039
1979,2067
1994,2025
1981,2044
1992,2035
1987,2048
1984,2015
1981,2055
1992,2013
1991,2060
1981,2043
1993,2073
1999,1995
1995,2025
1997,2056
2011,2039
2010,2045
2007,2028
2017,2048
2015,2063
2027,2044
2025,2029
2037,2053
2039,2072
2046,2044
2059,2039
2066,2035
2065,2076
2070,2001
2073,2028
2083,2080
2088,1995
2092,2052
2093,2080
2101,2064
2103,2025
2099,2041
2112,2071
2125,2036
2133,2036
2134,2001
2135,2045
2139,2027
2142,2060
2146,2055
2152,2021
2151,2005
2149,2080
2153,2011
2147,2063
2158,2021
2147,2040
2148,2005
2153,2037
2150,2060
2144,2075
2143,2020
2139,2025
2140,2019
2131,2071
2136,2080
2129,2041
2124,2036
2121,2039
2109,2015
2111,2040
2099,2041
2093,2059
2096,2037
2094,2043
2085,2045
2078,2019
2076,2041
2067,2071
2067,2062
2063,2018
2043,2067
2048,2064
2029,2029
2032,2063
2030,2025
2013,2064
2024,2026
2013,2027
2017,2063
2014,2026
2012,2096
1999,2055
2011,2038
2001,2065
2007,2067
2008,2009
2010,2007
2007,2035
2011,2063
2002,2033
2015,2025
2016,2026
2010,2017
2009,2072
2017,2035
2026,2040
2023,2056
2025,2072
2019,2060
2021,2068
2039,2026
2044,2034
2056,2063
2054,2012
2068,2027
2068,2034
2072,2019
2071,2065
2071,2053
2080,2044
2088,2012
2087,2039
2096,2022
2101,2021
2108,2027
2106,2025
2113,2071
2117,2007
2111,2057
2119,2048
2123,2045
2132,2067
2136,2070
2135,2060
2136,2056
2135,2045
2137,2063
2143,2075
2142,2035
2135,2072
2140,2069
2136,2011
2127,2079
2134,2063
2136,2063
2133,2053
2124,2041
2128,2034
2123,2021
2121,2039
2112,2034
2112,2067
2105,2071
2104,2040
2093,2040
2090,2019
2083,2020
2079,2019
2079,2048
2076,2056
2063,2051
2063,2087
2055,2080
2047,2056
2038,2047
2029,2033
2031,2011
2028,2031
2017,2064
2017,2064
2014,2045
2004,2063
2012,2071
2007,2025
2008,2067
2004,2054
2004,2009
1995,2079
1993,2058
1995,2009
2004,2023
2001,2021
2007,2032
2009,2056
2009,2027
2011,2054
2011,2055
2014,2053
2012,2065
2015,2040
2020,2075
2024,1997
2029,2053
2032,2012
2035,2075
2051,1996
2045,2005
2043,2066
2057,2067
2063,2054
2071,2009
2080,2009
2075,2077
2088,2007
2083,2025
2094,2025
2102,2025
2107,2043
2117,2069
2117,2069
2101,2043
2128,2034
2129,2061
2136,2072
2137,2023
2139,2022
2140,2035
2140,2045
2137,2054
2146,2044
2143,2075
2139,2070
2146,2079
2135,2066
2143,2011
2128,2040
2139,2068
2138,2043
2135,2063
2135,2036
2129,2052
2128,2025
2119,2019
2120,2083
2103,2058
2108,2054
2104,2023
2097,2028
2088,2053
2083,2043
2079,2058
2068,2052
2073,2067
2057,2063
2058,2005
2041,2065
2043,2053
2027,2071
2025,2010
2011,2071
2018,2069
2012,2017
2001,2075
1999,2009
1997,2007
1991,2035
1991,2073
1984,2015
1980,2029
1981,2053
1980,2030
1977,2009
1977,2023
1976,2025
1977,2056
1977,2059
1984,2027
1979,2008
1982,2021
1979,2022
1991,2072
1991,2055
1992,2057
1991,2064
1999,2043
2009,2017
2010,2072
2008,2013
2015,2029
2011,2017
2024,2063
2023,2039
2035,2037
2036,2043
2043,2009
2039,2012
2059,2037
2060,2035
2069,2023
2075,2035
2080,2060
2080,2011
2087,2060
2089,2017
2096,2074
2103,2025
2107,2011
2101,2039
2112,2064
2115,2015
2123,2013
2118,2019
2115,2019
2135,2009
2132,2027
2124,2055
2136,1989
2128,1996
2121,2040
2128,2021
2134,2035
2127,2021
2125,2063
2122,2056
2117,2045
2104,2039
2105,2038
2106,2080
2094,2027
2093,2072
2085,2015
2090,2022
2075,2046
2078,2058
2076,2072
2072,2043
2063,2045
2060,2015
2055,2022
2041,2046
2036,2012
2039,2057
2030,2040
2019,2063
2011,2063
2010,2029
2013,2071
2008,2014
2004,2026
1997,2079
1995,2027
1996,2091
1991,2062
1995,2039
1997,2015
1983,2080
1995,2059
1991,2018
1995,2073
1994,2029
1990,2015
1991,2021
2003,2067
2001,2041
1993,2065
2006,2039
2005,2040
2015,2063
2013,2020
2024,2015
2028,2021
2025,2024
2039,2035
2040,2015
2045,2011
2044,2063
2063,2058
2075,2036
2072,2018
2077,2041
2083,2021
2084,2009
2093,2072
2103,2054
2103,2056
2105,2023
2112,2037
2121,2068
2129,2055
2129,2057
2135,2011
2137,2065
2144,2019
2143,2080
2139,2063
2155,2067
2158,2019
2156,2019
2159,2012
2157,2012
2155,2058
2157,2041
2155,2057
2160,2070
2151,2015
2143,2079
2144,2064
2144,2035
2137,2053
2137,2030
2131,2007
2136,2039
2126,2019
2117,2048
2123,2062
2112,2037
2103,2037
2104,2024
2085,2075
2085,2087
2088,2070
2077,2005
2077,2027
2063,2067
2063,2012
2055,2044
2063,2024
2043,2075
2039,2017
2036,2077
2021,2041
2028,2057
2021,2057
2015,2048
2014,2057
2013,2045
2007,2025
2007,2063
2009,2041
2012,2017
2001,2071
2005,2075
2011,2023
2003,2071
2010,2011
2015,2053
2012,2072
2019,2076
2020,2037
2015,2074
2027,2027
2031,2011
2029,2056
2030,2063
2029,2072
2041,2071
2048,2051
2053,2053
2068,2023
2072,2043
2069,2068
2071,2056
2077,2042
2085,2067
2097,2003
2097,2053
2103,2040
2103,2047
2117,2081
2121,2020
2124,2009
2115,2033
2121,2029
2141,2043
2144,2051
2143,2047
2147,2075
2151,1992
2145,2059
2149,2047
2162,2012
2157,2059
2157,2065
2167,2009
2164,2017
2157,2036
2166,2035
2152,2059
2155,2063
2158,2034
2149,2043
2147,2076
2152,2047
2151,2056
2143,2072
2135,2056
2138,2072
2127,2020
2129,2027
2124,2037
2109,2041
2115,2056
2108,2057
2091,2034
2092,2039
2085,2067
2083,2025
2078,2013
2079,2067
2063,2079
2065,2009
2058,2045
2043,2040
2043,2027
2035,2073
2035,2027
2029,2022
2022,2036
2021,2039
2019,2067
2017,2058
2015,2015
2016,2060
2013,2023
2011,2072
2009,2063
2007,2032
2011,2009
2003,2042
2015,2011
2010,2029
2014,2060
2009,2071
2023,2009
2021,1996
2030,2060
2024,2048
2032,2031
2039,2029
2039,2041
2041,2023
2052,2010
2056,2007
2057,2001
2063,2024
2064,2017
2079,2027
2084,2053
2080,2021
2088,2015
2094,2025
2101,2025
2105,2038
2107,2066
2120,2039
2118,2067
2122,2026
2131,2021
2125,2045
2136,2035
2144,2009
2140,2075
2151,2028
2139,2065
2152,1991
2143,2007
2145,2025
2162,2072
2153,2071
2159,2023
2152,2048
2152,2066
2151,2063
2150,2075
2149,2035
2141,2055
2144,2063
2139,1997
2138,2040
2125,2059
2132,2025
2125,2017
2120,2039
2120,2063
2110,2037
2094,2065
2099,2055
2096,2019
2088,2067
2087,2015
2073,2042
2071,2043
2072,2051
2043,2071
2062,2021
2053,2037
2038,2043
2039,2059
2033,2029
2021,2063
2018,2038
2016,2029
2003,2077
2003,2091
2013,2056
2003,2025
2003,2039
1995,2047
1995,2063
2003,2037
1997,2024
2003,2063
1997,2041
1993,2041
2001,2030
2004,2027
2004,2073
1995,2028
2011,2031
2004,2071
2004,2053
2016,2017
2020,2062
2017,2072
2027,2066
2027,2080
2032,2046
2038,2011
2041,2052
2045,2069
2063,2044
2063,2012
2065,2035
2070,2065
2074,2015
2075,2011
2073,2063
2090,2053
2088,2040
2089,2033
2103,2037
2105,2007
2107,2024
2108,2039
2123,2058
2128,2041
2127,2075
2121,2023
2136,2055
2133,2056
2132,2073
2136,2043
2143,2035
2138,2067
2139,2019
2133,2024
2136,2039
2139,2037
2129,2072
2123,2070
2122,2052
2125,2029
2121,2025
2107,2063
2106,2027
2097,2027
2093,2026
2096,2043
2089,2039
2090,2036
2080,2023
2069,2066
2076,2058
2060,2055
2045,2072
2048,2052
2040,2035
2037,2072
2035,2023
2021,2064
2025,2005
2010,2043
2009,2047
2001,2065
2000,2039
1997,2077
1981,2044
1975,2048
1984,2068
1979,2065
1975,2078
1977,2066
1979,2023
1972,2065
1973,2029
1968,2029
1974,2056
1960,1992
1965,2064
1975,2011
1977,2086
1984,2027
1971,2068
1984,2042
1991,2013
1991,2068
1997,2025
1989,2033
2000,2021
2007,2056
2007,2030
2010,2032
2007,2069
2017,2054
2029,2052
2033,2041
2035,2019
2042,2035
2051,2045
2055,2029
2064,2054
2070,2059
2072,2031
2069,2025
2078,2035
2088,2005
2085,2045
2093,2063
2103,2017
2093,2007
2103,2023
2104,2028
2099,2032
2106,2048
2112,2057
2117,2037
2117,2023
2117,2011
2115,2027
2109,2088
2112,2096
2112,2019
2105,2039
2111,2038
2102,2076
2104,2005
2099,2066
2101,2039
2095,2029
2089,2039
2089,2065
2085,2056
2068,2063
2072,2043
2066,2069
2051,2040
2043,2035
2042,2037
2043,2063
2035,2040
2031,1995
2019,2044
2008,2024
2016,2044
2008,2020
2003,2047
1993,2062
2001,2011
1987,2067
1983,2012
1983,2031
1970,2065
1980,2025
1973,2065
1969,2080
1969,2011
1964,2064
1966,2023
1964,2021
1974,2029
1968,2076
1963,2063
1976,2024
1976,2055
1965,2066
1974,2034
1984,1988
1989,2059
1994,2025
1996,2043
2001,2037
1995,2063
1996,2053
2013,2007
2009,2057
2022,2080
2021,2063
2032,2029
2035,2057
2044,2053
2045,2057
2063,2072
2063,2044
2075,2037
2080,2041
2076,2029
2085,2013
2092,2053
2089,2068
2097,2069
2108,2061
2107,2042
2115,2007
2121,2044
2124,2067
2131,2021
2122,2077
2130,2080
2131,2036
2137,2077
2135,2048
2141,2035
2139,2057
2140,2022
2137,2066
2124,2053
2133,2063
2124,2005
2132,2076
2119,2025
2123,2056
2124,2041
2109,2048
2120,2063
2108,2040
2104,2034
2099,2060
2093,2064
2089,2015
2079,2027
2079,2055
2066,2078
2075,2069
2065,2064
2063,2028
2052,2020
2046,2028
2037,2034
2030,2031
2033,2041
2023,2071
2015,2080
2010,2022
2009,2066
2001,2072
2007,2035
2001,2019
1995,2015
1993,2011
1992,2053
1995,2019
1984,2078
1987,2054
1990,2055
1984,2055
1999,2056
1996,2054
1995,2020
2003,2064
1995,2042
2000,2037
1999,2039
2005,2070
2017,2038
2009,2048
2012,2023
2019,2019
2027,2055
2032,2056
2041,2060
2035,2003
2045,2037
2056,2041
2062,2021
2067,2045
2071,2063
2071,2056
2077,2040
2082,2027
2085,2055
2092,2036
2095,2052
2099,2038
2110,2013
2113,2072
2123,2023
2123,2011
2120,2021
2133,2054
2133,2045
2139,2021
2134,2078
2140,2001
2143,2035
2136,2023
2142,2015
2154,2036
2142,2028
2139,2063
2144,2010
2136,2027
2130,2060
2136,2059
2127,2079
2131,2061
2135,2044
2129,2025
2122,2009
2115,2021
2117,2035
2105,2063
2104,2033
2097,2035
2084,2037
2093,2040
2077,2040
2084,2036
2073,2076
2063,2042
2070,2039
2048,2008
2043,2064
2039,2083
2041,2073
2027,2077
2028,2029
2023,2055
2016,2021
2013,2076
2010,2088
2003,2042
2007,2019
2003,2076
2001,2013
1999,2040
1994,2025
1998,2033
1994,2035
1990,2019
1993,2060
1996,2042
1995,2044
1993,2041
1999,2063
1998,2023
2001,2068
2001,2036
2011,2071
2015,2036
2009,2040
2012,2074
2023,2058
2023,2029
2032,2063
2032,2013
2044,2029
2041,2037
2045,2022
2057,2064
2063,2039
2065,2060
2075,2071
2080,2033
2083,2005
2088,2037
2087,2065
2085,2017
2091,2037
2101,2055
2110,2037
2108,2025
2119,2035
2129,2042
2135,2039
2120,2056
2123,2063
2131,2015
2131,2055
2138,2025
2135,2042
2137,2072
2141,2017
2138,2080
2136,2075
2136,2026
2127,2039
2129,2046
2128,2043
2117,2036
2109,2039
2121,2087
2107,2066
2109,2037
2106,2028
2105,2066
2091,2035
2090,2039
2087,2041
2089,2037
2084,2037
2075,2066
2074,2019
2065,2057
2063,2009
2057,2057
2053,2071
2030,2087
2029,2065
2029,2027
2037,2053
2021,2023
2019,2059
2017,2040
2009,2039
2011,2045
1979,2040
2008,2063
2007,2080
1995,2013
1999,2057
1995,2035
1994,2036
2001,2068
2001,2058
1989,2044
1991,2026
2000,2043
1995,2053
2015,2037
2004,2063
2010,2015
2001,2063
2018,2036
2017,2041
2023,2064
2027,2061
2039,2004
2033,2056
2034,2048
2042,2048
2055,2041
2051,2044
2071,2063
2071,2068
2079,2038
2079,2043
2089,2038
2087,2019
2087,2012
2100,2027
2110,1992
2107,2072
2116,2037
2121,2033
2115,2057
2120,2067
2137,2035
2138,2039
2145,2024
2144,2052
2139,2011
2151,2065
2152,2054
2152,2044
2136,2061
2145,2070
2143,2041
2145,2043
2152,2027
2145,2019
2147,2059
2131,2067
2140,2044
2135,2063
2131,2027
2124,2063
2119,2068
2119,2040
2116,2011
2103,2059
2104,2051
2091,2075
2091,2058
2092,2047
2081,2027
2080,2034
2074,2023
2067,2023
2066,2063
2041,2071
2054,2079
2039,2015
2029,2037
2036,2039
2025,2063
2019,2058
2011,2037
2011,2071
1997,2068
1999,2021
2001,2063
2001,2037
1992,2046
1989,2072
1981,2037
1979,2066
1987,2015
1989,2063
1984,2024
1984,2015
1979,2056
1981,2042
1987,2042
1992,2066
1993,2073
1998,2051
1997,2037
2001,2044
2007,2072
1997,2020
2011,2023
2015,1996
2020,2022
2020,2067
2029,2077
2031,2042
2029,2013
2037,2025
2041,2045
2056,2056
2051,2029
2063,2043
2065,2013
2072,2028
2081,2035
2087,2065
2092,2039
2093,2017
2096,2059
2100,2069
2103,2011
2099,2061
2099,2029
2103,2066
2109,2052
2114,2063
2117,2079
2117,2056
2120,2063
2127,2010
2124,2023
2122,2007
2119,2021
2119,2041
2109,2027
2116,2043
2105,2079
2106,2068
2097,2070
2097,2040
2093,2072
2089,2024
2083,2069
2085,2056
2073,2017
2075,2007
2070,2034
2071,2037
2055,2073
2043,2067
2036,2057
2041,2048
2025,2029
2029,2041
2026,2040
2024,2054
2009,2071
2005,2055
2015,2071
1989,2058
1995,2042
1991,2065
1992,2057
1987,2034
1971,2066
1977,2064
1981,2063
1987,2067
1977,2069
1976,2017
1977,2030
1974,2066
1973,2071
1973,2044
1971,2053
1975,2025
1984,2024
1981,2063
1996,2028
1997,2009
1995,2066
2007,2029
2004,2065
2005,2053
2012,2071
2020,2069
2007,2026
2029,1997
2035,2023
2030,2052
2053,2067
2057,2072
2063,2021
2057,2037
2069,2012
2068,2077
2089,2034
2090,2015
2092,2033
2100,2068
2104,2043
2102,2075
2112,1993
2107,2025