2027,2376
2016,2124
2048,1800
2040,1905
2039,2088
2056,2133
2040,2016
2067,2152
2072,1987
2074,1869
2071,1912
2078,2045
2091,2040
2089,2127
2087,2047
2103,2025
2103,2035
2119,2056
2127,1981
2124,2032
2131,2024
2106,2027
2127,2093
2135,2005
2132,1981
2133,2051
2123,2092
2135,2039
2133,2010
2128,2092
2132,2060
2121,2028
2117,2091
2115,2088
2105,2039
2107,2029
2116,2019
2111,2088
2108,2075
2095,2041
2103,2042
2100,2058
2085,2005
2087,2037
2080,2029
2075,2132
2073,2025
2063,1985
2067,2077
2056,2111
2047,1992
2034,2017
2031,2068
2012,2005
2024,2037
2011,2043
2005,2064
2003,2056
1995,2007
2011,2047
2011,2035
2007,2031
1997,2014
1986,2071
1999,2011
2000,1993
1985,2043
1993,2068
1991,2080
1984,2023
2001,2068
1993,2045
2004,2071
2005,2039
2007,2019
2001,2065
2008,2011
2012,2005
2015,2011
2013,2026
2023,2063
2017,2029
2016,2019
2025,2040
2033,2001
2033,2075
2033,2056
2035,2072
2037,2041
2054,2056
2052,2023
2063,2029
2067,2028
2076,2056
2091,2063
2089,2031
2088,2007
2103,2021
2110,2024
2108,2032
2110,2030
2122,2071
2119,2043
2112,2040
2120,2080
2113,2025
2117,2063
2120,2067
2117,2021
2126,1993
2117,2004
2125,1981
2120,2023
2123,2107
2108,2062
2120,2007
2112,2025
2113,2027
2105,2053
2108,1996
2093,2033
2092,2019
2091,2040
2083,2043
2082,1996
2073,2043
2075,2063
2072,2058
2067,2027
2058,2058
2048,2019
2043,2024
2043,2019
2033,2073
2036,1997
2009,2019
2007,2063
2003,2055
2008,2018
1996,2055
1993,2068
1995,2041
1984,2079
1977,2011
1984,2056
1977,2042
1971,2065
1981,2028
1977,2074
1977,2017
1967,2067
1965,2071
1961,2056
1963,2028
1971,2041
1979,2021
1980,2021
1972,2074
1988,1991
1981,2029
1991,2019
1995,2048
2002,2012
2004,2019
2001,2023
2007,2072
2009,2069
2015,2057
2015,2044
2023,2034
2037,2026
2035,2078
2053,2039
2057,2073
2063,2045
2069,2089
2072,2018
2075,2027
2071,1981
2083,2071
2088,2042
2093,2044
2091,2079
2105,2027
2107,2027
2115,2033
2109,2032
2125,2064
2128,2009
2127,2007
2124,2079
2133,2044
2128,2010
2130,2007
2131,2064
2123,2065
2141,2027
2130,2039
2126,2025
2121,2045
2107,2065
2119,2075
2105,2068
2103,2048
2104,2045
2091,2053
2095,2065
2095,2031
2090,1993
2089,2026
2085,2055
2077,2063
2073,2041
2069,2055
2057,2039
2061,2055
2048,2059
2036,2060
2030,2022
2039,2019
2032,2031
2021,2029
2015,2030
2005,2072
2012,2072
2002,2087
1991,2024
1988,2019
1983,2063
1981,1991
1979,2039
1984,1990
1983,2071
1981,2028
1975,2027
1977,2079
1972,2043
1980,1995
1976,2073
1981,2037
1980,2029
1989,2035
1992,2003
1989,2024
2003,2003
2004,2024
2001,2047
2011,2037
2002,2044
2005,2056
2025,2058
2029,2045
2025,2027
2028,2053
2030,2033
2035,2070
2039,2060
2052,2073
2066,2023
2063,2048
2081,2037
2073,2025
2093,2037
2088,2078
2093,2068
2097,2024
2100,2019
2114,2058
2119,2062
2120,2029
2127,2064
2134,2072
2123,2055
2129,2043
2136,2007
2140,2036
2129,2063
2129,2033
2140,2066
2144,2042
2136,2044
2144,2071
2141,2084
2143,2041
2135,2009
2136,2039
2135,2019
2119,1999
2115,2029
2120,2043
2112,2011
2112,2074
2105,2040
2107,2056
2102,2023
2099,2060
2089,2055
2080,2063
2088,2038
2071,2012
2067,2025
2068,2057
2056,2025
2054,2028
2034,2047
2041,2015
2032,2019
2025,2089
2020,2072
2018,2043
2016,2042
2011,2041
2008,2051
2001,2035
2005,2035
2001,2040
2008,2021
2003,2025
1993,2059
1995,2059
1979,2068
1994,2031
1989,2072
1999,2067
2000,2072
1997,2073
2008,1999
1997,2072
2001,2043
2015,2065
2009,2055
2016,2020
2017,2017
2024,2017
2028,2017
2028,2021
2041,2056
2042,2056
2048,2011
2063,2007
2055,2028
2064,2066
2063,2045
2071,2027
2075,2041
2074,2045
2081,2035
2097,2029
2093,2033
2099,2036
2104,2037
2099,2080
2112,2043
2121,2003
2119,2048
2125,2009
2127,2033
2125,2028
2129,2019
2137,2045
2139,2063
2141,2041
2135,2043
2135,2044
2139,2041
2136,2004
2131,2061
2131,2036
2117,2043
2117,2057
2124,2069
2108,2043
2107,2075
2106,2039
2109,2057
2099,2040
2093,2044
2083,2040
2092,2037
2076,2076
2074,2007
2063,2078
2059,2056
2058,2019
2039,2061
2041,2007
2035,2053
2032,2060
2015,2024
2022,2017
2013,2063
2002,1997
2007,2038
2000,2060
1995,2060
1981,2067
1992,2060
1976,2083
1984,2025
1976,2071
1976,2009
1976,2028
1971,2080
1975,2029
1976,2033
1964,2056
1968,2039
1971,2031
1973,2068
1975,2024
1977,2039
1981,2056
1994,2068
1992,2019
2003,2027
2007,2043
2009,2008
2008,2042
2006,2035
2020,2087
2021,2021
2019,2077
2030,2067
2040,2079
2042,2024
2053,2036
2063,2021
2063,2027
2065,2035
2071,2034
2069,2057
2078,2040
2086,2038
2084,2032
2085,2077
2087,2081
2097,2027
2109,2056
2117,2063
2115,2019
2127,2046
2133,2033
2136,2021
2135,2020
2135,2027
2138,2023
2136,2019
2131,2031
2125,2063
2137,2043
2133,2033
2136,2032
2126,2039
2120,2036
2125,2080
2123,2011
2117,2055
2111,2066
2116,2025
2111,2055
2097,2073
2092,2044
2091,2042
2074,2069
2087,2023
2080,2039
2071,2048
2076,2011
2072,2065
2059,2021
2043,2032
2044,2067
2043,2072
2027,2023
2028,2021
2023,2045
2021,2036
2004,2079
2009,2056
2007,2063
1996,2033
1993,2027
1994,2027
1992,2017
1992,2008
1989,2075
1989,2007
1988,2033
1989,2075
1992,2023
1981,2063
1987,2048
1991,2056
1987,2047
1991,2066
1999,2087
1993,2056
2009,2025
1997,2043
2008,2041
2009,2037
2013,2065
2015,2042
2022,2064
2016,2053
2023,2065
2028,2028
2037,2064
2039,2019
2040,2029
2055,1996
2057,2035
2071,2067
2079,2088
2078,2020
2084,2063
2092,2041
2092,2006
2091,2040
2097,2064
2098,2029
2106,2023
2116,2037
2112,2055
2119,2024
2123,2029
2121,2029
2120,2027
2135,2062
2123,2030
2117,2043
2128,2053
2130,2034
2125,2025
2135,2057
2129,2029
2120,2047
2119,2065
2120,2043
2117,2065
2120,2064
2112,2025
2107,2074
2101,2059
2096,2034
2098,2021
2088,2018
2087,2019
2081,2007
2075,2009
2071,2068
2067,2055
2063,2066
2061,2017
2056,2026
2044,2044
2031,2056
2031,2041
2021,2058
2028,2067
2020,2033
2009,2035
1999,2028
2000,2023
1996,2079
1994,2063
1996,2027
1995,2057
1992,2065
1981,2029
1989,2060
1979,2065
1978,2033
1975,2065
1975,2027
1976,2063
1980,2007
1973,2067
1984,2021
1985,2076
1990,2063
1995,2080
1999,2022
2008,2055
2004,2033
2010,2040
2015,2064
2007,2064
2017,2065
2025,2074
2037,2029
2036,2027
2041,2047
2053,2043
2055,2011
2063,2036
2063,2071
2068,2066
2075,2019
2075,2027
2063,2046
2080,2025
2089,2064
2089,2072
2107,2035
2104,2015
2110,2023
2107,2063
2119,2031
2119,2063
2123,2080
2131,2053
2132,2067
2136,2033
2131,2068
2134,2052
2133,2026
2131,2027
2132,2073
2134,2075
2128,2030
2124,2024
2121,2057
2120,2044
2119,2066
2107,2042
2103,2004
2107,2011
2103,2051
2104,1986
2093,2009
2087,2063
2085,2034
2081,2036
2072,2041
2065,2036
2075,2065
2056,2040
2053,2033
2040,2063
2035,2025
2033,2039
2032,2047
2015,2040
2028,2025
2010,2066
1996,2075
2011,2019
1995,2075
2001,2063
1993,2036
1981,2023
1989,2067
1994,2048
1997,2071
1989,2024
1983,2043
1981,2023
1987,2036
1988,2037
1981,2057
1989,2058
1991,2048
1981,2023
1997,2042
2003,2027
2005,2048
2009,2060
2005,2051
2008,2037
2019,2023
2020,2029
2025,2061
2025,2040
2029,2051
2035,2023
2037,2024
2039,2029
2059,2019
2056,2051
2064,2027
2081,2040
2084,2017
2086,2039
2091,2019
2088,1991
2103,2066
2099,2067
2107,2007
2119,2029
2120,2047
2130,2071
2119,2053
2136,2029
2136,2068
2136,2012
2137,2055
2141,2043
2148,2019
2144,2041
2148,2034
2137,2071
2139,2056
2144,2040
2132,2067
2133,2063
2136,2065
2136,2019
2139,2037
2128,2063
2133,2025
2124,2027
2121,2043
2113,2028
2113,2060
2097,2058
2099,2015
2091,2025
2091,2027
2084,2029
2073,2079
2071,2064
2068,1995
2058,2037
2053,2058
2060,2041
2042,2031
2033,2063
2035,2011
2027,2037
2025,2074
2024,2031
2016,2037
1999,2063
2010,2017
2006,2040
2004,2034
2003,2038
2004,2027
1994,2043
1996,2019
1999,2040
1993,2017
1991,2043
1999,2004
1993,2043
1997,2058
1995,2017
2005,2063
2004,2044
2007,2056
2009,2045
2013,2007
2011,2028
2022,2025
2027,2017
2027,2040
2035,2063
2039,2048
2033,2063
2053,2059
2053,1993
2055,2045
2063,2025
2076,2025
2076,2054
2080,2056
2093,2003
2083,2023
2087,2055
2085,2039
2100,2023
2101,2078
2108,2043
2112,2020
2120,2059
2117,2019
2125,2037
2130,2005
2123,2023
2133,2027
2137,2011
2135,2011
2137,2028
2136,2044
2137,2056
2135,2087
2133,2072
2124,2019
2136,2048
2129,2019
2117,2040
2124,2063
2120,2027
2118,2029
2112,2021
2105,2037
2094,2048
2096,2048
2095,2079
2087,2041
2072,2041
2077,2015
2069,2054
2063,2054
2064,2009
2055,2078
2043,2075
2040,2026
2035,2077
2029,2009
2025,2052
2016,2079
2008,2037
2014,2069
2006,2019
1995,2063
1994,2013
1989,2033
1993,2056
1989,2063
1986,2035
1979,2005
1979,2025
1982,2057
1983,2036
1989,2030
1988,2022
1977,2075
1987,2054
1979,2077
1984,2070
1989,2040
1991,2027
1997,2064
2004,2009
2000,2068
2009,2063
2004,2041
2016,2080
2020,2048
2022,2024
2024,2063
2023,2056
2041,2047
2047,2040
2057,2023
2053,2055
2069,2042
2063,2033
2053,2041
2075,2019
2080,2009
2092,2009
2092,2010
2093,2043
2104,2027
2112,2045
2114,2032
2120,2063
2122,2088
2130,2035
2121,2001
2125,2021
2135,2023
2123,2057
2131,2043
2137,2027
2125,2048
2131,2065
2135,2035
2139,2023
2133,2071
2125,2065
2117,2066
2126,2006
2124,2068
2109,2045
2110,2067
2107,2078
2112,2034
2099,2023
2111,2039
2092,2056
2087,2056
2085,2021
2088,2074
2078,2027
2071,2060
2070,2015
2063,2027
2064,2028
2040,2048
2038,2058
2033,2080
2023,2080
2027,2077
2019,2041
2012,2066
2008,2048
2010,2054
2004,2067
2005,2021
2004,2033
1996,2056
1992,2025
1991,2070
1982,2025
1991,2015
1993,2033
1985,2060
1977,2041
1988,2064
1984,2057
1978,2040
1991,2046
1990,2071
1999,2044
1993,2022
2000,2027
2013,2026
2007,2001
2009,2044
2019,2067
2016,2071
2019,2064
2024,2052
2033,2060
2039,2072
2040,2040
2056,2029
2066,2007
2071,2015
2069,2068
2075,2017
2077,2039
2078,2007
2088,1991
2084,2034
2093,2046
2093,1993
2104,2028
2110,2037
2109,2071
2119,1993
2118,1982
2128,2019
2122,2035
2129,2030
2123,2033
2138,2057
2137,2040
2131,2060
2138,2080
2132,2051
2135,2068
2136,2088
2135,2070
2123,2070
2120,2080
2124,2021
2115,2048
2121,2071
2113,2031
2105,2089
2094,2054
2095,2040
2089,2017
2091,1993
2091,2021
2085,2015
2072,2064
2073,2040
2073,2025
2067,2039
2053,2072
2052,2033
2041,2042
2032,2057
2024,2033
2023,2067
2024,2027
2016,2035
2016,2075
2011,2080
2005,2022
2000,2006
1992,2061
1995,2031
1991,2057
1992,2063
1974,2056
1991,2019
1979,2048
1987,2045
1993,2056
1989,2059
1989,2039
1990,2041
1997,2076
1995,2028
2001,2063
2005,2033
1997,2040
2007,2057
2001,2034
2009,2011
2015,2057
2019,2023
2027,2038
2019,2029
2035,2039
2035,2054
2044,2037
2055,2039
2057,2039
2068,2028
2065,2020
2067,2033
2076,2080
2080,2059
2092,2003
2089,2005
2091,2056
2103,2069
2104,2025
2115,2021
2121,2066
2120,2018
2122,2062
2127,2011
2121,2023
2125,2053
2130,2035
2134,2072
2144,2068
2135,2043
2133,2056
2135,2022
2133,2037
2141,2058
2133,2063
2129,2055
2128,2051
2127,2019
2117,2065
2119,2059
2113,2073
2120,2077
2107,2064
2101,2056
2099,2076
2089,2077
2091,2060
2087,2019
2080,2039
2081,2018
2063,2040
2067,2071
2058,2056
2056,2029
2044,2039
2037,2063
2030,2072
2025,2064
2027,2069
2026,2093
2017,2069
2015,1997
2004,2038
2003,2024
2002,2033
1990,2056
1999,2030
1987,2096
1977,2071
1992,2008
1989,2080
1989,2005
1987,2071
1987,2063
1990,2027
1995,2001
1993,1971
1989,2029
1998,2079
2004,2065
2004,2057
2009,2043
2012,1997
2018,2037
2008,2071
2027,2072
2026,2031
2030,2066
2036,2055
2040,2039
2052,2041
2057,2027
2061,2023
2063,2059
2072,2058
2066,2007
2080,2075
2072,2075
2092,2057
2100,2071
2093,2023
2097,2017
2101,2036
2105,2055
2108,2007
2117,2036
2120,2039
2132,2043
2134,2024
2136,2068
2139,2044
2136,2003
2136,2035
2139,2055
2137,2022
2136,2052
2135,2040
2136,2064
2135,2025
2136,2070
2128,2029
2123,2028
2120,2027
2115,2023
2107,2071
2115,2061
2113,2064
2099,2067
2103,2054
2101,2053
2087,2053
2073,2071
2080,2039
2067,2076
2073,2017
2072,2036
2063,2063
2041,2071
2046,2059
2041,2037
2025,2055
2031,2064
2023,2063
2024,2043
2014,2093
2012,2009
2003,2036
2005,2069
1995,2080
2003,2020
2000,2035
1999,2053
1993,2073
1992,2074
1996,2009
1989,2035
1977,2062
1992,2060
1994,2025
1979,2065
1992,2043
2004,2057
1989,2039
1990,2063
2007,2071
2007,2017
2003,2053
2015,2019
2019,2087
2017,2046
2026,2065
2029,2053
2032,2043
2041,2055
2046,2056
2048,2072
2064,2005
2063,2052
2067,2021
2073,2005
2074,2003
2084,2028
2086,2039
2100,2079
2096,2041
2106,2035
2109,2040
2108,2025
2112,2039
2123,2010
2132,2074
2127,2044
2135,2056
2138,2017
2151,2021
2147,2068
2143,2056
2142,2013
2143,2080
2143,1993
2125,2056
2144,2039
2125,2029
2135,2037
2131,2063
2119,2053
2125,2063
2125,2060
2123,2044
2106,2042
2109,2056
2108,2071
2100,2067
2101,2046
2094,2087
2091,2030
2094,2030
2073,2027
2069,2046
2071,2024
2060,2025
2064,2025
2041,2065
2044,2066
2035,2043
2021,2060
2023,2080
2025,2039
2023,2067
2015,2009
2003,2077
2008,2063
2003,2065
2000,2002
1999,2048
1993,2035
1996,2052
2000,2036
1991,2041
1991,2080
1992,2012
1991,2069
1995,2063
1993,2011
1996,2028
1981,2033
1999,2058
2001,2048
1993,2075
2007,2011
2007,2063
2012,2021
2020,2021
2016,2031
2024,2045
2031,2043
2027,2020
2043,2047
2044,2035
2041,2062
2053,2053
2057,2042
2069,2045
2072,2080
2080,2056
2080,2037
2088,2073
2091,2023
2089,2055
2103,2067
2108,2040
2113,2071
2112,2063
2123,2040
2120,2062
2123,2041
2124,2057
2127,2009
2143,2041
2133,2043
2143,2039
2140,1999
2142,2077
2133,2074
2135,2036
2124,2059
2131,2071
2140,2040
2132,2058
2128,2039
2126,2057
2125,2067
2127,2041
2122,2019
2109,2041
2111,2020
2099,2069
2102,2031
2086,2078
2089,2033
2088,2041
2075,2054
2071,2074
2071,2070
2073,2065
2057,2027
2052,2068
2041,2035
2040,2033
2030,2068
2021,2078
2023,2065
2020,2089
2010,2054
1997,2015
1999,2060
2003,2063
1993,2072
2000,2040
1990,2043
1987,2063
1988,2058
1990,2056
1984,2033
1989,2092
1984,2039
1992,1991
1988,1993
1987,2053
1979,2080
1991,2053
1997,2072
1991,2065
2004,2023
2002,2028
2000,2019
2008,2063
2017,2045
2016,2072
2028,2023
2028,2029
2035,2019
2027,2029
2041,2068
2047,2017
2043,2057
2063,2041
2063,2007
2072,2037
2069,2063
2070,2060
2087,2027
2085,2057
2089,2055
2104,2071
2105,2020
2104,2064
2120,2025
2121,2056
2122,2043
2121,2063
2128,2023
2130,2026
2135,2019
2137,2037
2138,2056
2140,2036
2133,2019
2141,2059
2134,2024
2123,2047
2123,2053
2136,2011
2134,2022
2133,2036
2123,2053
2120,2035
2121,2063
2121,2002
2106,2073
2101,2040
2101,2025
2099,2034
2098,2063
2092,2019
2077,2032
2080,2027
2076,2035
2063,2066
2063,2051
2057,2063
2053,2053
2041,2056
2035,2027
2027,2089
2021,2044
2026,2053
2015,2056
2007,2072
2011,2017
2003,2075
1995,2065
2003,2035
2000,2009
2008,2047
1999,2025
1997,2089
1992,2080
1990,2024
1995,2043
1991,2071
1994,2063
1983,2067
1989,2011
1998,2043
1996,2030
1999,2061
2007,2048
2012,2025
2011,2019
2012,2063
2020,2063
2019,2023
2019,2079
2031,2048
2032,2063
2036,2060
2053,2025
2053,2055
2063,2027
2071,2080
2074,2058
2069,2007
2085,2025
2087,2024
2077,2039
2093,2024
2094,2067
2099,2035
2100,2039
2118,2007
2116,2019
2120,2035
2126,2035
2132,2018
2124,2055
2131,2015
2143,2035
2136,2070
2143,2080
2137,2045
2143,2066
2135,2088
2144,2017
2141,2047
2137,2026
2141,2029
2131,2036
2136,2040
2124,2067
2131,2027
2125,2024
2115,2071
2124,2035
2111,2068
2109,2059
2105,2077
2092,2013
2091,2088
2092,2027
2080,2071
2076,2064
2074,2056
2071,2025
2058,2051
2052,2056
2041,2055
2042,2056
2036,2065
2027,2062
2024,2042
2026,2028
2011,2055
2005,2067
2006,2076
2007,2053
2001,2009
1996,2025
2001,2043
1996,2033
1996,2033
1993,2029
1987,2065
1989,2062
1989,2066
1992,2005
1999,2039
1995,2056
1991,2058
2004,2017
1996,2079
1997,2071
2004,2013
2003,2087
2005,2059
2015,2045
2018,2063
2024,2020
2025,2057
2032,2035
2032,2055
2052,2028
2043,2044
2063,2040
2063,2065
2068,2051
2063,2064
2075,2063
2089,2041
2080,2064
2091,2076
2096,2037
2103,2044
2106,2027
2111,2040
2122,2076
2114,2045
2125,2030
2132,2013
2136,2023
2129,2043
2129,2005
2143,2068
2141,2051
2142,2009
2143,2073
2144,2072
2146,2047
2151,2053
2147,2043
2140,2021
2125,2072
2136,2071
2132,2039
2123,2039
2129,2072
2117,2060
2120,2017
2107,2040
2108,2011
2100,2057
2100,2023
2093,2056
2095,2048
2089,2005
2076,2067
2076,2076
2066,2040
2066,2046
2052,2064
2057,2044
2042,2019
2041,2019
2035,2027
2034,2035
2030,2080
2023,2011
2015,2043
2004,2068
2011,2073
2008,2043
1997,2071
2000,2028
1993,2079
1999,2023
1993,2047
1993,2039
2000,2027
1991,2056
1992,2023
1993,2009
1995,2056
1995,2071
1995,2064
2003,2063
1995,2036
2005,2038
2014,2042
2016,2076
2027,2021
2029,2035
2024,2076
2030,2068
2023,2073
2039,1981
2039,2021
2053,2019
2056,2038
2063,2062
2071,2045
2067,2023
2079,2043
2086,2038
2092,2025
2100,2040
2097,2056
2104,2015
2107,2057
2111,2008
2118,2005
2124,2025
2128,2008
2123,2063
2127,2035
2130,2088
2137,2068
2139,2020
2134,2039
2144,2068
2148,2025
2139,2057
2139,2046
2145,2029
2139,2045
2136,2056
2137,2044
2136,2018
2132,2035
2125,2031
2124,2015
2123,2041
2115,2061
2112,2046
2115,1997
2103,2058
2088,1977
2083,2045
2088,2043
2088,2033
2079,2052
2066,2065
2063,2053
2057,2051
2053,2063
2053,2023
2031,2057
2031,2064
2034,2019
2030,2057
2017,2003
2019,2045
2004,2062
2007,2021
2003,2034
2007,1991
1995,2072
1988,2035
1997,2020
1977,2020
1995,2057
1984,2086
1996,2023
1994,2003
1979,2039
1984,2036
1994,2027
1993,2063
1992,2038
1997,2040
2005,2035
2007,2018
2008,2040
2012,2036
2020,2007
2015,2055
2021,2032
2009,2025
2026,2063
2037,2060
2040,2023
2051,2001
2041,2029
2059,2048
2063,2064
2072,2017
2072,2003
2074,2067
2088,2011
2083,2053
2091,2065
2095,2008
2093,2063
2108,2075
2112,2003
2116,2052
2114,2024
2116,2015
2119,2063
2132,2036
2131,2063
2124,2068
2145,2055
2144,2044
2141,2028
2138,2053
2139,2032
2136,2023
2139,2057
2138,2019
2135,2069
2131,2040
2123,2058
2128,2040
2105,2065
2105,2058
2117,2025
2105,2056
2105,2057
2098,2037
2103,2062
2091,2038
2091,2020
2088,2029
2088,2043
2075,2055
2072,2047
2068,2035
2051,2019
2045,2066
2041,2032
2034,2005
2035,2063
2028,2025
2025,2043
2022,2017
2009,2067
2007,2080
2013,2015
1997,2071
2005,2029
1994,2025
1997,2034
1996,2045
1996,2067
1993,2051
1998,2072
1992,2033
1981,2060
1994,2011
2000,2040
1993,2072
2004,2007
1997,2045
2007,2068
2001,2041
2007,2077
2015,2029
2014,2072
2004,2027
2024,2041
2030,2031
2036,2066
2025,2043
2042,2057
2037,2024
2052,2067
2043,2026
2063,2072
2068,2026
2068,1993
2079,2030
2088,2068
2087,2036
2094,1992
2090,2044
2101,2025
2108,2038
2103,2060
2119,2064
2120,2028
2119,2033
2123,2045
2136,2048
2133,2011
2129,2056
2132,2029
2137,2064
2133,2068
2147,2042
2139,2063
2133,2072
2140,2077
2137,2055
2131,2055
2132,2063
2127,2008
2120,2043
2119,2063
2119,2037
2116,2080
2120,2035
2107,2017
2106,2021
2100,2011
2091,2067
2085,2063
2091,2067
2071,2063
2080,2065
2063,2056
2072,2023
2069,2036
2053,2063
2035,2072
2038,2035
2044,2065
2036,2091
2028,2019
2027,2072
2019,2035
2007,2071
2010,2063
2002,2035
1998,2067
1991,2066
2007,2067
1992,2011
1995,2055
1991,2056
1995,2035
1987,2024
1989,2035
1992,2025
1993,2063
1988,2047
1994,2067
1996,2028
1989,2060
2002,2019
1999,2052
2001,2047
2012,2005
2019,2044
2020,2017
2021,2023
2019,2067
2029,2010
2036,2066
2039,2072
2040,2055
2047,1993
2059,2037
2063,2064
2071,2035
2076,2048
2077,2037
2081,2009
2085,2068
2086,2027
2089,2071
2091,2063
2109,2051
2118,2044
2112,2035
2119,2039
2124,2027
2125,2043
2121,2071
2128,2017
2124,2011
2129,2053
2135,2023
2136,2013
2135,2007
2133,2041
2139,2039
2136,2040
2138,2044
2129,2062
2124,2067
2121,2048
2122,2007
2119,2043
2106,2063
2101,2033
2099,2025
2102,2055
2103,2009
2087,1995
2088,2017
2083,2021
2077,2065
2079,2030
2072,2035
2068,2027
2051,2077
2041,2064
2037,2058
2035,2048
2030,2051
2032,2053
2015,2052
2012,2027
2003,2055
2015,2066
2005,2054
1995,2068
2001,2084
1991,2064
1993,2036
1991,2052
1987,2052
1997,2063
1974,2068
1989,2065
1990,2011
1986,2065
1995,2035
1995,2007
1993,2063
2001,2033
1991,2059
2004,2039
2009,2060
2008,2047
2003,2058
2011,2072
2016,2058
2021,2056
2029,2027
2039,2029
2040,2035
2039,2071
2041,2073
2056,2063
2063,2041
2056,2029
2069,2066
2073,2017
2083,2004
2093,2072
2097,2066
2098,2011
2104,2058
2108,2039
2107,2039
2122,2055
2116,2053
2117,2017
2132,2063
2136,2096
2139,2007
2136,2017
2139,2044
2137,2007
2135,2053
2137,2019
2144,2015
2144,2071
2142,2043
2138,2046
2145,2025
2147,2063
2134,2031
2131,2011
2135,2056
2119,2057
2124,2015
2119,2019
2115,2043
2109,2035
2104,2011
2100,2048
2100,2060
2087,2060
2088,2019
2075,2037
2080,2054
2072,2033
2072,2023
2063,2033
2057,2032
2039,2080
2035,2070
2043,2072
2034,2039
2017,2045
2023,2021
2020,2054
2015,2063
2001,2076
2010,2003
2007,2080
2006,2015
1995,2045
2001,2023
1999,2061
2004,2045
1999,2063
1992,2075
1987,2027
2000,2038
1987,2068
2000,2059
2000,2021
2004,2039
2003,2058
2005,2031
2002,2039
2003,2032
2022,2068
2017,2071
2015,2071
2027,2039
2019,2063
2040,2068
2040,2015
2043,2061
2051,2023
2063,2067
2065,2019
2071,2057
2076,2023
2083,2012
2071,2039
2081,2072
2094,2037
2097,2066
2108,2023
2105,2025
2107,2025
2109,2071
2115,2040
2125,2040
2121,2017
2131,2042
2132,2072
2131,2009
2140,2009
2137,2066
2141,2010
2143,2054
2139,2062
2139,2055
2136,2029
2127,2045
2131,2065
2123,2061
2130,2041
2130,2057
2121,2063
2120,2056
2107,2033
2109,2043
2103,2056
2093,2073
2095,2021
2092,2044
2089,2033
2080,2063
2073,1999
2070,2067
2071,2055
2065,2072
2063,2028
2043,2068
2040,2015
2043,2018
2027,2079
2029,2005
2015,2037
2015,2037
2010,2058
2007,2056
2007,2031
1999,2037
2003,2030
1995,2041
1991,2071
1992,2048
1991,2065
1995,2017
1982,2061
1988,2071
1987,2028
1981,2054
1991,2028
1988,2072
1988,2029
2001,2058
1991,2024
1993,2036
1996,2063
2007,2026
2007,2053
2008,2024
2023,2021
2025,2040
2023,2071
2023,2027
2027,2072
2039,2048
2044,2035
2055,2041
2063,2064
2072,2025
2072,2025
2076,2001
2075,2058
2076,2025
2079,2041
2094,2040
2089,2041
2093,2043
2103,2044
2099,2040
2123,2024
2115,2066
2123,2029
2122,2048
2134,2005
2133,2040
2134,2008
2133,2011
2136,2039
2134,2025
2137,2043
2138,2077
2139,2037
2135,1998
2141,2066
2131,2029
2119,2032
2136,2099
2117,2064
2115,2053
2123,2071
2109,2027
2103,2054
2097,2071
2097,2025
2087,2009
2094,2053
2084,2072
2084,2076
2078,2024
2065,2005
2069,2056
2063,2009
2053,2044
2035,2044
2038,2078
2035,2037
2030,2023
2019,2032
2022,2074
2007,2038
2007,2043
2012,2039
1997,2071
1999,2056
1999,2056
1998,2029
1994,2019
1993,2072
1996,2039
1994,2011
1991,2023
1984,2069
1991,2068
1993,2055
1996,2025
1995,2035
1999,2032
1999,2041
1996,2025
2004,2031
2008,2027
2012,2041
2015,2008
2016,2053
2025,2075
2021,2073
2032,2080
2033,2039
2039,2037
2039,2041
2056,2077
2055,2033
2057,2055
2072,2037
2080,2027
2073,2045
2088,2035
2091,2037
2100,2024
2098,2063
2099,2063
2115,2051
2115,2010
2115,2036
2115,2055
2125,2043
2127,2026
2137,2037
2139,2039
2137,2011
2129,2059
2143,2019
2135,2029
2141,2019
2143,2053
2139,2069
2142,2051
2133,1996
2131,2023
2137,2035
2131,2072
2133,2011
2123,2063
2124,2008
2120,2027
2110,2021
2107,2060
2101,2061
2098,2025
2093,2063
2097,2037
2081,2032
2077,2048
2072,2006
2067,2019
2059,2053
2063,2067
2052,2071
2043,2020
2033,2027
2025,2065
2023,2040
2029,1997
2022,2055
2013,2063
2003,2028
2001,2075
1991,2072
1999,2015
1991,2004
1985,2073
1986,2080
1988,2046
1979,2052
1981,2044
1981,2069
1991,2069
1996,2051
1992,2021
1999,2044
1987,2073
1995,2054
2000,2027
2004,2058
2011,2021
2001,2071
2003,2073
2008,2071
2015,2067
2024,2068
2023,2056
2031,2063
2025,2072
2041,2021
2053,2027
2058,2009
2068,2041
2072,2037
2073,2028
2072,2003
2075,2029
2084,1996
2089,2029
2085,2033
2096,2052
2091,2056
2103,2071
2108,2055
2116,2019
2109,2038
2115,2024
2113,2052
2127,2023
2131,2051
2130,2011
2131,2070
2135,2036
2131,2043
2136,2067
2131,2004
2136,2029
2127,2041
2128,2072
2131,2022
2121,2027
2127,2071
2120,2019
2119,2068
2120,2005
2108,2018
2103,2071
2089,2035
2091,2044
2090,2055
2084,2035
2076,2060
2073,1993
2067,2051
2065,2017
2053,2044
2048,2019
2035,2065
2032,2042
2023,2079
2027,2036
2020,2079
2024,2007
2009,2027
2004,2088
2004,2035
1999,2069
1999,2072
1987,2072
1997,2023
1987,2051
1993,2041
1981,2059
1984,1993
1975,2057
1984,2035
1978,2025
1977,2073
1989,2080
1992,2033
1989,2067
1979,2056
1997,2025
1991,2023
2005,2041
2008,2037
2009,2015
2009,2012
2007,2061
2013,2038
2022,2003
2036,2017
2033,2017
2040,2007
2041,2045
2039,2039
2053,2072
2064,2059
2071,2039
2075,2053
2080,2057
2079,2041
2090,2080
2094,2012
2088,2037
2094,2063
2104,2039
2109,2063
2109,2058
2115,2060
2115,2066
2127,2055
2131,2037
2133,2055
2120,2028
2129,2080
2136,2082
2136,2044
2138,2071
2135,2038
2129,2015
2136,2059
2134,2077
2132,2065
2130,2042
2131,2046
2119,2001
2109,2063
2109,2057
2117,2053
2110,2035
2112,2029
2103,2037
2093,2040
2090,2077
2083,2052
2072,2035
2075,2064
2075,2039
2067,2019
2056,2048
2056,1995
2043,2056
2042,2033
2043,2024
2023,2076
2033,2066
2027,2056
2021,2068
2009,2034
2010,2025
2006,2025
2008,2057
1996,2013
1998,2027
2007,2042
2000,2012
1993,2022
1995,2059
1992,2063
2000,2038
1989,2042
1997,2020
2005,2035
1996,2028
1993,2053
1991,2021
1995,2043
2001,2063
2005,2007
2016,2007
2011,2072
2020,2065
2017,2059
2026,2027
2023,2009
2027,2063
2035,2037
2054,2003
2056,2041
2063,2006
2057,2039
2076,2058
2075,2009
2081,1995
2087,2036
2091,2057
2096,2041
2101,2053
2103,2056
2116,2074
2115,2059
2114,2025
2121,2009
2121,2037
2129,2052
2132,2035
2137,2019
2139,2013
2134,2009
2135,2043
2139,2056
2137,2060
2145,2057
2143,2065
2143,2063
2138,2060
2143,2056
2131,2037
2138,2037
2125,2057
2121,2040
2125,2056
2119,2034
2120,2071
2107,2067
2110,2031
2089,2036
2097,2066
2089,2089
2088,2033
2079,2066
2080,2010
2065,2035
2065,2060
2054,2027
2053,2064
2046,2019
2029,2040
2036,2025
2031,2039
2027,2042
2024,2031
2013,2003
2009,2057
2004,2055
2007,2048
1997,2078
2004,2055
1999,2041
1999,2017
1994,2011
1994,2028
1993,2040
1996,2025
1996,2017
1989,2025
1989,2034
1993,2025
1991,2066
1992,2037
1991,2036
2000,2023
2007,2047
2008,2045
2008,2055
2021,2073
2008,2033
2017,2023
2028,2035
2025,2041
2035,2037
2040,2021
2041,2038
2057,2021
2061,2030
2063,1987
2057,2016
2077,2046
2071,2040
2073,2040
2088,2033
2095,2015
2087,2055
2105,2062
2108,2048
2109,2065
2109,2017
2107,2023
2116,2021
2121,2011
2127,2042
2123,2025
2117,2024
2136,2065
2131,2003
2136,2012
2127,2035
2131,2060
2118,2019
2136,2069
2128,2037
2129,2065
2123,2063
2113,2023
2109,2060
2120,2045
2106,2028
2104,2063
2096,2021
2094,2048
2087,2044
2076,2070
2080,2040
2080,2037
2073,2041
2068,2043
2060,2071
2044,2004
2039,2041
2037,2057
2037,2063
2031,2079
2024,2064
2018,2036
2016,2044
2013,2063
2011,2060
1993,2055
2000,2009
1995,2021
1999,2038
1996,2043
1992,2044
1981,2058
1975,2030
1987,2028
1985,2058
1984,2020
1980,2058
1989,2055
1980,2068
1984,1996
1996,2023
1992,2053
2000,2055
1999,2066
2005,2063
2005,2068
2014,2024
2011,2040
2020,2048
2016,2064
2025,2058
2028,2025
2011,2057
2040,2070
2048,2042
2054,2063
2056,2044
2066,2027
2071,2023
2076,2033
2080,2060
2080,2046
2081,2041
2089,2063
2094,2007
2100,2040
2116,2012
2117,2042
2112,2027
2129,2079
2127,2031
2129,2020
2124,2040
2135,2036
2124,2065
2129,2056
2138,2035
2141,2078
2140,2009
2135,2025
2136,2072
2134,2021
2125,2030
2125,2055
2124,2029
2130,2036
2120,2054
2116,2009
2108,2038
2115,2044
2110,2039
2106,2071
2100,2055
2104,2039
2091,2073
2088,2068
2076,2080
2082,2031
2075,2009
2067,2025
2067,2028
2054,2007
2056,2023
2039,2029
2033,2063
2029,2032
2021,2040
2023,2035
2024,2035
2016,2080
2017,2019
2003,2029
2007,2052
2003,2034
2000,2033
1999,2058
2003,2053
1995,2071
1995,2060
1995,2001
2000,2053
1992,2056
1995,2021
1997,2011
1991,2013
2003,2070
2006,2009
2001,2076
2012,2076
2007,2057
2015,2079
2021,2057
2025,2011
2025,2064
2034,2063
2032,2056
2042,2028
2048,2028
2056,2020
2063,2080
2063,2045
2057,2048
2063,2021
2072,2044
2073,2018
2089,2072
2085,2031
2091,2040
2105,2037
2099,2065
2111,1991
2107,2058
2124,2033
2121,2029
2128,2063
2132,2077
2131,2035
2139,2064
2133,2057
2130,2063
2143,2039
2145,2080
2140,2033
2140,2054
2137,2034
2145,1996
2135,2054
2144,2043
2133,2029
2132,2044
2128,2027
2126,2039
2120,2021
2120,2027
2112,2066
2105,2056
2101,2021
2096,2011
2089,2033
2083,2059
2081,2019
2079,2084
2074,2053
2063,2052
2066,2041
2057,2041
2037,2075
2033,2008
2038,2053
2030,2018
2027,2044
2017,2076
2007,2034
2012,2063
2013,2041
2008,2033
2007,2025
2002,2017
1991,2027
1991,2044
1997,2013
1993,2039
1992,2003
1987,2040
1996,2067
1992,2011
1991,2037
1992,2026
1999,2033
1992,2054
1995,2017
1991,2055
1995,2072
2005,2009
2005,2036
2009,2065
2016,1995
2029,2018
2025,1996
2017,2056
2033,2035
2036,2028
2037,2056
2045,2035
2057,2057
2066,2028
2066,2027
2069,2068
2074,1990
2075,2012
2084,2042
2095,2013
2087,2012
2091,2053
2097,2063
2101,2027
2116,2055
2120,2015
2116,2023
2127,2027
2128,2025
2129,2027
2124,2027
2135,2009
2135,2007
2133,2053
2134,2063
2136,2045
2137,2009
2133,1992
2135,2072
2129,2071
2121,2040
2129,2066
2119,2037
2120,2054
2115,2013
2105,2063
2099,2068
2101,2080
2101,2063
2093,2061
2087,2017
2081,2056
2081,2028
2074,2021
2075,2031
2068,2021
2057,2067
2053,2076
2043,2017
2044,2063
2040,2019
2029,2047
2028,2068
2028,2026
2009,2040
2010,2060
2003,2058
2013,2027
2000,2020
2007,2019
1993,2033
2000,2044
1998,2055
1999,2029
1989,2024
1995,2040
1994,2040
1992,2041
1999,2031
1997,2061
2001,2079
1999,2024
2000,2027
2009,2074
2012,2078
2010,2021
2016,2033
2019,2021
2021,2025
2029,2055
2027,2015
2029,2044
2036,2068
2048,2045
2053,2080
2066,1995
2063,2057
2065,2059
2068,2077
2075,2021
2081,2063
2081,2040
2089,2065
2088,2039
2103,2033
2101,2075
2101,2053
2119,2057
2120,2073
2123,2019
2130,2027
2135,2064
2137,2040
2136,2037
2141,2069
2142,2005
2143,2055
2146,2017
2143,2001
2143,2041
2146,2055
2139,2041
2139,2052
2140,2021
2131,2073
2143,2033
2135,2088
2133,2046
2128,1997
2124,2008
2121,2056
2107,2088
2116,2035
2106,2053
2093,2017
2096,2020
2091,2070
2079,2088
2080,2073
2077,2071
2075,2009
2063,2075
2066,2063
2060,2027
2052,2021
2040,2073
2037,2058
2020,2057
2020,2042
2018,2073
2016,2066
2016,2033
2007,2063
2012,2074
2012,2019
1996,2067
2003,2046
2000,2023
2003,2043
1998,2037
2000,2024
1999,2044
2001,2040
1999,2073
2003,2039
1995,2071
2008,2060
1995,2071
2012,2056
2007,2036
2014,2063
2023,2066
2011,2024
2019,2072
2033,2019
2025,2063
2029,2067
2038,2040
2052,2067
2043,2048
2066,2011
2066,2062
2069,2067
2073,2035
2071,2066
2080,2047
2088,2045
2095,2055
2095,2056
2095,2076
2104,2058
2110,2029
2120,2067
2120,2001
2123,2025
2134,2023
2132,2021
2131,2018
2137,2056
2136,2007
2141,2003
2135,2071
2136,2043
2140,2088
2143,2045
2141,2047
2136,2051
2140,2021
2125,2039
2135,2080
2126,2033
2121,2025
2115,2071
2113,2069
2107,2056
2108,2079
2106,2033
2105,2063
2091,2007
2085,2041
2089,2065
2080,2061
2078,2017
2072,2039
2063,2059
2061,2005
2055,2063
2042,2035
2037,2089
2038,2039
2029,2067
2029,1997
2024,2063
2009,2041
2012,2041
2004,2023
2008,2057
1997,2033
2000,2067
2000,2068
1995,2043
1999,2058
1991,2066
1984,2072
1991,2047
1988,2072
1984,2068
1981,2041
1996,2033
1997,2079
1999,2009
1998,2066
2001,2055
2005,2040
2011,2060
2008,2055
2011,2067
2011,2044
2008,2055
2027,2070
2035,2029
2032,2028
2037,2003
2029,2042
2052,2072
2061,2010
2065,2025
2065,2029
2063,2071
2079,2077
2080,2017
2083,2017
2089,2027
2093,2039
2096,2008
2103,2023
2109,2043
2107,2077
2123,2057
2120,2054
2119,2015
2122,2038
2131,2048
2136,2022
2135,2046
2135,2053
2138,2028
2137,2019
2139,2019
2138,2068
2129,2069
2137,2071
2132,2071
2121,2061
2127,2044
2123,2039
2121,2069
2123,2005
2120,2043
2102,2019
2104,2068
2102,2039
2095,2019
2093,2009
2088,2074
2075,2070
2072,2087
2065,2057
2063,2064
2063,2063
2043,2062
2043,2059
2037,2056
2036,2068
2033,2053
2025,2011
2016,2063
2016,2065
2016,2020
2005,2104
2009,2024
2001,2080
2004,2005
2000,2004
1999,2048
1997,2033
1999,2055
2003,2064
1992,2077
1979,2080
2003,2057
1989,2063
1991,2021
2001,2030
1995,2054
2005,2067
1997,2052
2001,2067
2004,2051
2015,2025
2021,2011
2021,2048
2026,2015
2025,2068
2039,2021
2037,2010
2040,2045
2044,2056
2045,2063
2060,2027
2069,2053
2071,2015
2079,2074
2084,2070
2096,2030
2085,2039
2096,2011
2091,2041
2103,2056
2114,2036
2114,2017
2119,2011
2126,2001
2129,2023
2131,2027
2134,2043
2139,2054
2136,2027
2143,2021
2143,2060
2139,2037
2144,2070
2145,2058
2141,2045
2135,2032
2140,2074
2138,2074
2144,2069
2136,2072
2135,2019
2124,2037
2121,2025
2125,2080
2114,2042
2107,2059
2109,2059
2101,2072
2089,2063
2087,2034
2091,2021
2083,2037
2071,2075
2072,2034
2072,2031
2043,2033
2057,2067
2055,2079
2041,2067
2039,2044
2025,2035
2032,2030
2019,2041
2016,2017
2015,2053
2005,2073
2001,2030
2001,2063
2001,2021
1995,2063
2001,2037
1992,2060
1991,2021
1989,2075
1997,2025
1994,2052
1994,2003
1993,2024
2007,2068
1999,2007
1997,2065
2001,2039
2007,2005
2002,2063
2015,2071
2022,2071
2019,2011
2024,2040
2027,2071
2033,2079
2031,2032
2044,2012
2048,2021
2041,2067
2045,2045
2057,2056
2067,2023
2081,2075
2080,2044
2081,2033
2092,2025
2096,2033
2089,2025
2093,2035
2106,2044
2116,2060
2115,2046
2119,2053
2123,2072
2128,2088
2135,2023
2128,2024
2135,2001
2135,2025
2136,2017
2140,2021
2139,2035
2137,2038
2140,2021
2136,2021
2137,2064
2135,2067
2132,2040
2135,2067
2128,2059
2123,2029
2123,2072
2120,2037
2105,2044
2106,2027
2104,2038
2103,2021
2092,2068
2089,2035
2084,2065
2066,2021
2067,2073
2073,2048
2063,2067
2057,2003
2041,2031
2047,2045
2032,2024
2035,2035
2029,2079
2024,2052
2017,2040
2011,2070
2008,2009
2005,2035
2001,2076
2001,2046
1996,2063
1992,2025
1992,2072
1992,2048
1988,2063
1990,2005
1981,2057
1992,2035
1990,2041
1994,2076
1995,2069
1993,2035
1995,2065
2000,2029
2001,2040
1995,2029
2011,2068
2011,2060
2007,2075
2016,2025
2018,2071
2030,2048
2032,2077
2035,2009
2035,2048
2041,2071
2056,2057
2064,2076
2071,2072
2072,2009
2071,2040
2080,2029
2092,2036
2090,2005
2096,2040
2101,2037
2109,2078
2112,2039
2117,2048
2124,2072
2131,2013
2125,2011
2124,2041
2136,2044
2140,2029
2143,2047
2141,2035
2144,2033
2143,2027
2143,2024
2144,2036
2135,2043
2137,2063
2140,2071
2133,2063
2131,2068
2136,2007
2127,2054
2133,2040
2123,1999
2115,2043
2114,2071
2112,2076
2104,2072
2103,2072
2088,2064
2094,2062
2087,2028
2077,2057
2079,1997
2069,2045
2074,2053
2065,2029
2053,2059
2040,2025
2041,2091
2039,2065
2036,2063
2028,2011
2017,2045
2019,2040
2015,2020
2008,2079
2008,2036
2007,2056
2003,2055
2004,2033
2000,2035
2003,2025
1999,2156
1990,4095
2006,4051
1992,0
1968,0
1975,0
1966,0
1976,5
1983,458
2026,821
2096,2245
2108,3172
2105,2636
2150,3168
2164,3152
2181,2540
2184,2436
2150,2208
2175,1784
2163,1420
2171,2475
2148,2686
2112,2395
2108,2733
2071,2513
1997,1984
2012,1998
2011,1847
2010,2003
2048,2248
2047,2157
2078,2197
2109,2092
2120,1932
2148,1851
2154,2053
2154,2201
2148,2173
2145,2123
2152,2030
2159,1821
2162,2153
2165,2039
2123,2351
2109,2029
2095,2066
2072,1766
2063,1929
2053,2085
2024,2232
2027,2339
2016,2316
1995,2181
2013,2070
2002,2119
1988,1960
2008,1853
1993,1967
2016,1943
2027,2208
2020,2248
2033,1944
2063,1892
2043,2317
2062,2143
2040,2097
2035,1907
2041,1735
2040,1896
2039,1881
2029,1829
2033,1975
2020,2161
2009,2188
1995,2143
1993,2109
1978,2062
1957,1819
1936,1761
1927,1715
1928,1693
1941,1873
1953,2240
1963,2104
1986,2437
1999,2336
2011,2481
2041,2200
2071,2017
2095,1819
2101,1883
2101,2023
2108,2104
2091,2145
2097,2175
2077,2143
2065,2189
2059,2251
2044,2265
2052,2014
2063,1747
2056,1931
2071,1941
2078,2034
2075,2309
2118,2174
2113,1992
2117,1919
2144,1883
2149,1879
2157,1977
2163,1621
2155,1576
2144,1715
2130,2000
2105,2468
2098,2398
2082,2325
2084,1963
2087,1959
2080,2035
2077,1943
2072,2015
2085,2301
2084,2216
2099,2168
2101,2076
2128,2164
2144,2017
2167,1976
2185,2009
2205,1739
2211,1496
2202,1591
2179,1875
2157,2308
2167,2294
2140,2299
2116,2131
2104,1884
2082,1626
2063,1795
2042,2046
2029,2010
2007,1895
1995,1961
1997,1987
1977,2320
1993,2197
2010,2263
2024,2027
2040,1933
2047,2142
2058,2229
2090,2020
2083,1998
2105,1832
2103,1752
2105,1864
2120,2023
2110,1989
2096,2065
2082,2462
2063,2191
2031,2463
2008,1942
1995,1791
1989,2206
1963,2143
1967,2318
1966,2633
1964,2386
1971,2018
1983,1944
2001,1771
2013,1739
2016,1741
2041,1609
2078,1947
2101,1624
2106,1936
2112,2158
2117,2007
2121,2222
2104,2248
2097,1661
2087,1177
2072,1161
2063,857
2037,1479
2021,1733
2018,1899
2011,2447
2020,2708
2027,2295
2019,2291
2043,2583
2063,2252
2076,2677
2085,2669
2087,2265
2091,1961
2123,2187
2123,2219
2129,2073
2152,1360
2153,1211
2165,1360
2164,1475
2168,1727
2172,2331
2160,2663
2150,2107
2152,2697
2140,2636
2139,1820
2129,1632
2141,1604
2132,1435
2125,1597
2139,2327
2132,2661
2121,2327
2141,2011
2136,1719
2119,2045
2145,2128
2135,1855
2132,1745
2133,1632
2104,1395
2103,1432
2107,2171
2058,2188
2073,2428
2055,2481
2040,2031
2056,1587
2008,2680
2055,2254
2044,2625
2027,1991
2035,1265
2029,1861
2036,2211
2045,2172
2041,2275
2069,2221
2075,1959
2071,2092
2075,2171
2063,2330
2067,1782
2073,1943
2035,1559
2029,1215
2051,1644
2017,2116
2018,2609
2016,3155
1995,2781
1993,2688
1949,2456
1960,2130
1970,2261
1979,1627
1996,1361
2012,2449
2032,2031
2063,2336
2083,2080
2099,2196
2115,2744
2089,1925
2118,2167
2128,2529
2117,2236
2132,1687
2143,1901
2112,2069
2097,2071
2088,1823
2071,2651
2087,2745
2057,1919
2077,1255
2084,766
2109,1643
2119,1640
2124,1335
2131,1976
2143,1683
2148,2317
2144,2317
2156,2471
2163,1984
2181,2205
2169,2455
2169,2359
2195,1776
2169,2910
2183,3031
2155,2394
2121,2124
2141,1099
2109,303
2110,782
2136,1229
2086,1608
2071,2423
2077,2349
2020,3107
2065,2675
2072,3352
2007,2373
2063,1704
2029,1369
2008,2316
2068,2389
2039,2460
2057,1649
2086,1931
2035,1938
2017,1875
2015,2124
1981,1369
2021,1815
2022,2323
1993,2473
2007,2026
1993,991
1969,1051
1984,1784
1966,2224
1972,1974
1978,2769
1950,2571
1943,1468
1961,1944
1981,2911
2013,2775
1969,1240
1981,911
1992,0
1975,392
2008,999
1981,4095
2011,4095
2042,4095
1996,3409
2008,2483
2063,920
2001,1304
2041,1942
2034,1596
2028,1903
2092,2085
2045,1203
2080,1923
2112,1236
2073,1961
2144,3141
2152,2297
2096,1913
2171,2552
2151,2336
2107,2319
2182,2797
2136,2219
2138,2800
2165,2531
2081,811
2149,813
2158,1187
2133,1646
2206,1498
2146,2906
2150,2449
2215,2860
2137,2068
2197,2339
2205,1994
2136,2393
2200,2530
2123,2924
2147,1049
2208,1099
2127,756
2140,75
2181,678
2083,2973
2141,3987
2136,4095
2078,2223
2175,1035
2087,657
2099,773
2149,3564
2086,3767
2084,2939
2099,3101
2039,2056
2096,571
2053,2185
2035,2801
2064,3779
2039,2443
2042,724
2037,282
2067,247
2023,1716
2003,3253
1975,3506
2021,1579
2012,1325
2015,1050
2015,1211
2024,2864
2024,4014
2011,2772
2028,2147
2033,733
2032,1696
2001,2403
1977,2191
2007,3371
2040,3640
1987,1535
2011,8
2001,879
2008,1483
2014,2028
1975,3171
2029,3494
2042,2548
2015,1261
2045,1671
2043,1772
2041,2811
2109,2732
2075,2518
2040,334
2095,932
2083,1589
2083,2611
2079,2943
2073,4095
2099,2537
2100,2545
2097,891
2133,476
2139,1375
2093,1952
2169,2165
2112,2451
2120,1992
2117,2041
2109,1649
2131,2571
2135,2769
2120,2923
2129,1731
2107,1561
2093,1724
2151,685
2091,1675
2109,2989
2128,3188
2098,2942
2099,2117
2134,1683
2168,1993
2148,1655
2144,2226
2135,2542
2110,1265
2115,785
2109,1703
2100,279
2140,1930
2085,2933
2043,3215
2076,2011
2037,2567
2065,1600
2063,1992
1995,1735
2015,2199
2031,2343
2028,2211
2075,1801
2065,1152
2075,2266
2066,2847
2019,2816
2021,1911
2063,1489
2039,1467
2037,2299
1982,2161
2016,1785
2004,2659
1974,1077
2017,1271
1980,2173
1977,1520
1989,2407
1960,3145
1977,2573
2040,1135
2000,2204
2043,1476
2029,2211
2014,1896
2058,2714
1999,2219
2009,1545
2033,2060
2025,809
2032,1327
2040,1573
2011,2550
2089,1512
2059,1710
2063,1099
2072,1371
2048,1734
2103,2631
2079,4045
2072,3131
2104,2257
2094,1833
2092,1429
2087,1125
2088,1675
2107,2511
2121,2917
2107,2985
2103,1589
2147,948
2161,754
2152,1113
2165,1287
2166,2427
2159,2624
2150,3143
2152,3479
2156,2309
2191,960
2162,1808
2153,2295
2141,2387
2120,2477
2116,3431
2143,3227
2124,1797
2135,1642
2149,3271
2099,2547
2144,2277
2125,3387
2153,1681
2142,449
2103,1887
2121,1372
2111,1013
2085,2701
2136,2916
2107,1568
2085,2478
2091,2129
2029,1975
2056,2521
2056,1901
2041,1843
2033,2968
2017,2532
2001,2591
2029,3183
2007,2259
2011,0
2005,741
1992,343
2005,1418
1975,2121
1978,2587
2010,2789
1979,1818
1987,602
2008,825
1946,1543
1988,866
1972,1443
1929,1511
1995,1548
1962,1989
1996,2571
2003,3348
1976,3134
2016,2484
2019,2203
1993,2185
2007,2219
2007,3131
2025,2972
1989,1653
1997,2288
2042,1813
2028,2321
2067,2008
2044,2521
2043,1579
2081,1285
2046,592
2020,1344
2039,1646
2079,1225
2076,2584
2102,2667
2099,2061
2104,2844
2117,2941
2108,2659
2104,2405
2124,2745
2129,2279
2094,3016
2120,2218
2150,2224
2153,1958
2152,1194
2179,1981
2136,1995
2140,2143
2124,1804
2100,1691
2161,991
2179,1283
2137,1603
2190,2460
2160,2939
2137,2752
2164,1817
2135,2635
2144,931
2138,1116
2105,1337
2105,1449
2115,2003
2143,2043
2139,2126
2115,2354
2091,2223
2071,2448
2081,2904
2063,2747
2073,2871
2097,2799
2075,2591
2067,1427
2051,967
2044,795
2035,742
2059,1927
2032,1636
1997,1923
1997,2472
1995,2349
1992,2521
2004,2133
2003,1179
1979,880
2004,1659
1995,1441
1985,1544
1981,2627
1993,1697
1992,1480
2016,2046
1987,1385
1981,1732
1971,2890
1957,2322
1992,1889
1992,2775
1994,1432
2015,1187
2001,2289
2005,1504
2033,1596
2011,2453
2039,1492
2033,2147
2007,2761
2048,2243
2028,1745
2027,2300
2065,2203
2068,2201
2065,3052
2063,2481
2055,2456
2068,3164
2077,1967
2071,1760
2071,1460
2083,1788
2107,1897
2105,1567
2103,1893
2116,2352
2124,2630
2133,2595
2112,2650
2113,1811
2137,1503
2153,1139
2153,1303
2192,713
2170,1878
2161,1995
2136,2985
2112,3234
2117,2681
2125,2853
2125,2117
2103,1327
2083,1830
2125,1008
2123,1726
2120,1811
2104,1760
2068,2557
2088,2249
2080,2321
2069,1835
2088,2043
2075,1894
2072,1758
2055,2221
2041,2424
2028,2191
2033,2904
2011,2683
2015,2327
2011,2080
2015,1528
2023,1364
2007,1852
2022,1837
2005,2042
1964,2206
1962,1809
1961,1828
1955,2792
1960,2021
1950,2699
1945,2588
1949,1980
1931,2331
1944,1984
1929,1504
1973,1869
1984,1976
1976,2217
1992,1973
1987,2691
2005,2131
2011,2392
2003,2476
2004,2115
1989,2001
1987,2064
2001,1830
1997,2264
2007,2093
2004,2011
2008,2042
1997,2043
2023,1856
2037,1946
2039,1871
2053,1894
2072,2096
2081,2103
2091,2116
2093,2287
2093,2087
2106,2044
2117,2072
2109,1895
2112,1975
2124,2016
2124,1981
2133,1977
2133,2076
2135,2144
2135,2084
2133,2069
2139,2002
2143,1949
2149,2007
2162,2033
2158,2039
2163,2040
2161,2075
2165,2069
2160,1970
2148,2109
2144,2144
2125,2043
2127,1975
2123,2064
2122,2007
2105,2007
2113,2033
2088,2094
2095,2094
2092,2038
2079,2003
2072,2043
2063,2040
2067,2071
2072,2019
2063,2029
2056,2072
2046,2036
2022,2067
2024,2066
2019,2096
2024,1981
2008,2005
2006,2039
2001,2040
1997,2009
1981,2054
1981,2092
1978,2044
1977,2055
1977,2087
1979,2040
1961,2031
1971,2035
1975,2068
1965,2059
1969,2074
1969,2044
1972,2043
1963,2072
1963,2074
1968,2057
1973,2056
1977,2041
1992,2067
1988,2048
1995,2072
2003,2069
2019,2073
2008,2044
2012,2019
2011,2019
2011,1997
2019,2021
2009,2048
2033,2077
2044,2035
2043,2023
2053,2019
2063,2056
2068,2057
2070,2056
2072,2027
2071,2077
2078,2037
2075,2027
2077,2036
2091,2044
2096,2041
2104,2025
2104,2030
2111,2087
2123,2066
2126,2025
2127,2040
2133,2011
2136,2023
2140,2065
2123,1996
2119,2022
2105,2057
2121,2015
2110,2011
2104,2035
2105,2035
2104,2044
2105,2029
2105,2052
2099,2052
2096,2047
2097,2094
2087,2055
2081,1997
2083,2043
2084,2008
2071,2080
2063,2043
2063,2056
2067,2027
2058,2015
2042,2067
2037,2065
2030,2019
2030,2063
2018,2103
2019,2079
2015,2064
2016,2028
2007,2025
2008,2024
2012,2029
2009,2059
2003,2036
2000,2031
1994,2039
1989,2080
1999,2071
1984,2006
1979,2061
1980,2072
1990,2027
1984,2063
1979,2029
1983,2013
1979,1997
1984,2028
1983,2057
1988,2067
1993,2080
2000,2041
1996,2060
2009,2071
2016,2080
2023,2021
2019,2075
2028,2068
2032,2051
2039,2060
2036,2035
2037,2009
2041,2043
2055,2019
2053,2056
2066,2005
2078,2015
2072,2034
2076,2073
2080,2048
2091,2079
2082,2031
2091,2019
2091,2039
2108,2029
2099,2040
2103,2030
2119,2019
2120,2037
2117,2064
2121,2048
2130,2024
2124,2028
2131,2032
2136,2069
2136,2079
2134,2027
2139,2045
2133,2007
2125,2005
2121,2027
2115,1993
2112,2021
2105,2059
2099,2063
2108,2020
2097,2041
2101,2044
2091,2025
2085,2036
2083,2089
2085,2055
2080,2039
2071,2032
2078,1995
2063,2055
2056,2063
2054,2044
2045,1991
2042,2065
2027,2027
2032,2029
2023,2080
2024,2025
2012,2056
2012,2013
2009,2017
2003,2082
2003,2053
1998,2019
1987,2022
1994,2035
1992,2061
1983,2045
1981,2055
1979,2011
1979,2039
1980,2080
1978,1991
1987,2019
1979,2045
1979,2078
1994,2027
1995,2027
1996,1990
1993,2063
2001,2058
2008,2009
2001,2088
2016,2016
2016,2047
2016,1989
2024,2063
2029,2069
2036,2028
2045,2042
2055,2078
2053,2063
2074,2023
2080,2035
2084,2004
2081,2007
2085,2068
2090,2065
2096,2048
2100,2077
2102,2040
2104,2017
2104,2007
2121,2017
2123,2017
2119,2063
2130,2063
2125,2003
2135,2067
2142,2054
2151,2028
2145,2067
2143,2041
2147,2062
2154,2033
2156,2040
2152,2041
2151,2043
2142,2040
2142,2079
2141,2003
2136,2013
2125,2060
2120,2078
2120,2071
2120,2022
2107,2048
2107,2035
2107,2041
2097,2068
2096,2039
2085,2043
2088,2043
2075,2044
2083,2021
2072,2063
2068,2039
2056,2079
2044,2023
2063,2011
2055,2053
2041,2027
2041,2048
2036,2041
2027,2007
2025,2045
2015,2030
2005,2019
2004,2043
2004,2073
1989,2064
2007,2017
1989,2059
2004,2035
1997,2067
2000,2019
2008,2033
1993,2025
1993,2031
1993,2058
2008,2022
2004,2015
1995,2019
2009,2055
2011,2063
2011,2010
2013,2035
2021,2080
2020,2059
2028,2088
2032,2067
2035,2025
2040,2063
2053,2033
2045,2068
2052,2003
2068,1989
2059,2011
2071,2063
2071,2057
2075,2045
2073,2043
2087,2060
2089,2021
2088,2063
2095,2025
2103,2035
2095,2027
2109,2048
2112,2052
2118,2009
2115,2063
2117,2034
2123,2024
2117,2039
2128,2067
2130,2041
2128,2021
2129,2030
2109,2039
2119,2035
2124,2054
2120,2054
2118,2043
2122,2025
2121,2073
2107,2067
2101,2010
2106,2026
2103,2020
2092,2003
2087,2039
2081,2067
2088,2013
2070,2056
2072,2057
2067,2064
2055,2040
2058,2028
2041,2035
2043,2056
2023,1989
2027,2013
2031,2063
2024,1989
2019,2071
2013,2040
2011,2043
2007,2071
1999,2066
1995,2056
2000,2027
1991,2056
1995,2029
1991,2043
1996,2023
1985,2072
1981,2033
1987,2043
1977,2042
1979,2037
1977,2042
1979,2068
1984,2063
1991,2017
1989,2027
1991,2031
2000,2032
2003,2054
1999,2005
2011,2063
2008,2063
2024,2068
2019,2009
2024,2018
2032,2025
2038,2029
2035,2017
2052,2033
2052,2065
2055,2031
2055,2057
2065,2021
2074,2001
2075,2027
2079,2064
2080,2074
2087,2060
2093,2015
2099,2040
2105,1991
2108,2021
2109,2037
2116,2067
2118,2048
2124,2065
2119,2030
2127,2063
2132,2023
2132,2064
2137,2055
2125,2057
2136,2066
2136,2030
2125,2029
2136,2075
2136,2031
2128,2023
2126,2027
2125,2035
2119,2057
2118,2071
2112,2068
2106,2040
2104,2017
2092,2040
2083,2003
2083,2048
2084,1999
2078,2072
2075,2008
2071,2046
2066,2021
2063,2043
2054,2080
2039,2063
2040,2067
2030,2015
2025,2056
2023,2009
2022,2070
2005,2069
2008,2023
2000,2011
1997,2077
1989,2072
1987,2040
1980,2042
1981,2067
1982,2005
1981,2029
1991,2035
1984,2064
1981,2053
1976,2036
1987,2008
1977,2080
1981,2037
1984,2009
1975,2022
1979,2056
1992,2029
1996,2017
1992,2035
2003,2048
2005,2005
2007,2005
2013,2063
2012,2069
2021,2065
2019,2063
2028,2063
2036,2080
2052,2058
2036,2055
2063,2056
2063,2038
2063,2073
2067,2063
2065,2032
2079,2017
2079,2055
2087,2042
2087,2036
2097,2037
2093,2082
2108,2008
2111,2034
2112,2019
2120,2071
2126,2073
2127,2042
2129,2026
2137,2060
2125,2058
2135,2076
2123,2041
2133,2048
2131,2042
2135,2033
2133,2064
2129,2072
2127,2075
2121,2059
2122,2063
2125,2040
2116,1995
2107,2036
2106,2035
2093,2066
2092,2001
2088,2061
2088,2057
2080,2021
2067,2057
2073,2033
2069,2017
2063,2017
2057,2072
2056,2052
2040,2063
2041,2043
2027,2042
2021,2021
2025,2036
2017,2084
2021,2079
2015,2072
2007,2007
2008,2024
1997,2009
2001,2047
1996,2021
1983,2023
1984,2051
1993,2056
1989,2087
1991,2059
1990,2017
1989,2040
1984,2056
1993,2009
1993,2072
1993,2065
1997,2019
1993,2036
2008,2064
2008,2076
2010,2066
2015,2068
2017,2063
2023,2063
2027,2019
2032,2009
2023,2001
2035,2044
2040,2018
2052,2037
2063,2017
2065,2017
2068,2041
2073,2077
2073,2020
2084,2037
2081,2011
2091,2041
2089,2015
2104,2039
2110,2011
2110,2009
2117,2039
2106,2060
2129,2056
2123,2007
2123,2052
2125,2023
2130,2048
2136,2028
2143,2037
2135,2076
2137,1993
2136,2063
2134,2042
2129,2044
2129,2054
2127,2065
2119,2043
2121,2044
2120,2045
2120,2048
2110,2077
2099,2068
2105,2054
2096,2027
2092,2029
2089,2055
2083,2073
2079,2067
2083,2063
2068,2072
2072,2026
2070,2057
2056,2053
2056,2058
2052,2045
2027,2060
2022,2069
2019,2063
2021,2055
2017,2070
2008,2011
2010,2039
2006,2025
2006,2027
2001,2069
1999,2007
2000,2045
1994,2035
2002,2023
1993,2079
1992,2053
1989,2029
1987,2063
1981,2056
1981,2060
1991,2072
1991,2025
1995,2063
2002,2009
1992,2027
2000,2077
2008,2024
2008,2063
2013,2069
2020,2035
2029,2003
2027,2063
2032,2041
2037,2027
2037,2032
2062,2074
2063,2025
2064,2057
2065,2072
2075,2071
2078,2060
2083,2080
2089,2076
2093,2027
2095,2043
2104,2047
2107,2041
2109,2040
2123,2031
2119,2063
2128,2015
2123,2063
2138,2039
2142,2046
2140,2048
2145,2019
2139,2067
2147,2063
2149,2040
2159,2020
2153,2022
2151,2042
2149,2055
2150,2023
2143,2039
2143,2015
2139,2037
2137,2072
2133,2035
2137,2055
2119,2041
2119,2064
2115,2064
2124,2080
2116,2035
2104,2042
2099,2059
2094,2063
2092,2025
2087,2056
2088,2021
2074,2071
2072,2045
2057,2028
2063,2030
2055,2063
2052,2020
2040,2055
2032,2009
2034,2012
2015,2071
2020,2024
2017,2042
2003,2048
2001,2023
1999,2077
2005,2023
1996,2065
1998,2029
1989,2029
1999,2059
1989,2059
1989,2063
1991,2063
1998,2004
1995,2069
1998,2044
1995,2035
2000,2071
2003,2079
2011,2037
2011,2005
2009,2069
2018,2035
2020,2035
2024,2044
2017,2021
2021,2076
2032,2034
2035,2035
2035,2025
2043,2024
2055,2070
2057,2036
2071,2008
2075,2052
2079,2055
2085,2071
2086,2040
2085,2053
2091,2063
2105,2046
2102,2029
2097,2045
2118,2052
2120,2020
2117,2043
2115,2063
2120,2019
2125,2044
2130,1991
2139,2027
2129,2028
2133,2060
2137,2069
2133,2009
2139,2042
2125,2068
2136,2023
2132,2037
2129,2080
2134,2041
2123,2078
2121,2076
2116,2008
2107,2031
2111,2007
2103,2035
2093,2080
2087,2055
2088,2060
2085,2011
2073,2043
2073,2068
2057,2055
2065,2072
2040,2051
2041,2088
2041,2056
2029,2070
2032,2072
2017,2027
2023,2071
2007,2072
2008,2063
2005,2065
1997,2013
1988,2063
1985,2080
1991,2036
1994,2041
1975,2040
1979,2068
1983,2034
1975,2072
1989,2021
1975,2062
1977,2045
1983,2072
1981,2023
1978,2068
1977,2028
1979,2079
1984,2037
1991,2051
1992,2027
2000,2056
2003,2021
1997,2040
2008,2030
2015,2079
2015,2040
2024,2029
2027,2055
2029,2009
2028,2028
2036,2041
2055,2066
2057,2045
2063,2056
2065,2043
2071,2038
2079,2035
2080,2072
2087,2041
2089,2080
2094,2041
2102,2040
2108,2067
2104,2033
2116,2048
2115,2040
2124,2036
2131,2031
2129,2077
2131,2041
2137,2012
2143,2026
2133,2041
2140,2024
2137,2017
2138,2059
2134,2028
2135,2028
2127,2069
2127,2060
2124,2040
2120,2003
2121,2025
2112,2030
2091,2042
2106,2052
2101,2039
2103,1996
2088,2059
2088,2080
2073,2041
2075,2029
2076,2009
2067,2015
2064,2038
2059,2079
2056,2023
2035,2032
2034,2045
2023,2028
2021,2068
2024,2031
2015,2018
2009,2035
2001,2043
1999,2025
1993,2077
1981,2064
2000,2037
1995,2059
1992,2023
1991,2056
1979,2044
1983,2077
1984,2041
1976,2053
1984,2051
1989,2065
1984,2060
1991,2063
1996,2003
1999,2048
1996,2058
2009,2036
2003,2021
2011,2035
2012,2071
2019,2011
2021,2033
2029,2023
2027,2022
2040,2068