1895,2057
1912,2088
1913,2039
1927,2035
1917,2036
1935,2029
1936,2030
1937,2052
1951,2011
1948,2043
1955,2066
1963,2091
1972,2067
1976,2042
1972,2020
1979,2026
1998,2013
1993,2009
2005,2043
2009,2079
2007,2010
2008,2086
2008,2044
2008,2057
2012,2036
2007,2040
2008,2033
2003,2025
2003,2076
1993,2031
1994,2011
1989,2112
1984,2072
1984,2055
1979,1953
1973,2015
1972,2021
1965,2068
1968,2037
1951,2054
1960,2019
1948,2085
1953,2107
1947,2083
1944,2028
1931,1989
1931,2001
1925,2004
1917,2011
1917,2057
1909,2055
1907,2040
1895,1977
1896,2007
1881,2075
1883,2056
1875,2035
1872,2061
1867,2046
1866,2053
1862,2026
1862,2068
1864,2075
1851,2063
1853,2067
1853,2087
1863,2096
1853,2026
1849,2067
1851,2056
1859,2036
1868,2009
1864,2021
1884,2056
1875,2058
1881,2059
1872,2063
1886,2082
1885,2095
1890,2024
1894,2018
1895,2040
1896,2005
1902,2077
1904,2055
1912,2066
1915,2032
1920,2043
1917,1981
1934,1975
1933,2008
1937,1993
1951,2064
1953,2036
1956,2080
1963,2077
1962,2073
1965,2060
1971,2023
1973,2069
1979,2056
1972,2048
1976,2010
1980,2066
1982,1997
1983,2055
1980,2035
1983,2020
1966,2008
1961,2005
1961,2063
1964,2019
1959,2039
1960,2063
1955,2088
1952,1999
1943,1997
1944,2079
1939,2075
1931,2039
1932,2071
1916,2089
1899,2059
1908,2039
1897,2069
1893,2039
1890,1975
1883,2039
1880,2025
1863,2068
1861,2063
1855,2011
1838,2036
1838,1989
1833,2020
1819,2011
1822,2093
1825,2087
1811,2088
1807,2076
1789,2048
1802,2014
1787,1987
1783,2008
1786,2037
1788,2032
1783,2056
1777,2012
1771,2022
1781,2035
1776,2031
1768,2011
1771,2060
1772,2017
1776,2015
1777,2079
1784,2063
1787,2057
1784,2045
1792,2044
1800,2057
1792,2015
1808,2065
1803,2038
1817,2042
1809,2104
1820,2029
1827,2035
1821,2039
1836,2036
1843,2048
1845,2034
1849,2028
1856,2083
1861,2063
1854,2040
1872,2032
1870,2029
1877,2025
1873,2080
1890,2072
1896,2088
1896,2043
1902,2027
1904,2067
1911,2024
1908,2011
1905,2033
1899,2055
1911,2033
1908,2009
1912,2055
1905,2100
1912,2091
1899,2056
1912,2001
1904,2011
1900,2014
1889,1971
1888,2077
1890,2052
1891,2071
1884,1993
1869,2031
1865,2031
1872,2025
1863,2031
1861,2013
1856,2025
1848,2037
1846,2001
1843,2035
1838,2023
1835,2027
1825,2025
1821,2025
1809,2032
1815,2023
1807,2015
1807,2047
1800,2021
1788,2071
1788,2055
1781,2063
1778,2080
1767,2028
1775,2012
1779,2015
1772,2072
1773,2025
1775,2067
1772,2051
1771,2088
1777,2041
1774,2054
1783,2063
1784,2043
1784,2071
1779,2123
1793,2079
1790,2036
1785,2072
1803,2020
1811,2035
1805,2072
1813,2029
1819,2057
1823,2095
1828,2088
1834,2063
1835,2039
1844,2081
1843,2079
1845,2087
1851,2068
1866,2020
1879,2009
1877,2037
1882,2055
1881,2088
1895,2037
1900,2023
1899,2046
1904,2006
1911,2042
1914,2064
1917,1999
1920,2096
1928,2080
1927,2072
1926,2080
1932,2027
1929,2098
1931,2007
1936,1997
1925,2004
1934,2027
1932,2091
1929,2095
1929,2080
1917,2063
1932,1997
1916,2031
1914,2040
1907,2056
1907,2072
1907,2054
1904,2035
1899,2041
1883,2090
1887,2017
1883,1991
1877,1982
1873,2017
1864,2007
1869,2035
1853,2056
1851,2087
1842,2054
1840,2024
1831,2043
1841,2007
1832,1994
1825,2054
1818,2035
1820,2043
1803,2061
1806,2064
1807,2007
1808,2035
1800,2027
1803,2019
1792,2032
1796,2027
1804,2025
1792,2064
1792,2039
1787,2043
1797,2015
1787,1995
1802,2007
1789,2003
1805,2065
1809,2060
1804,2054
1808,2069
1813,2031
1821,2025
1824,2066
1827,2063
1835,2093
1837,2021
1844,2003
1843,2029
1853,2094
1852,2047
1866,2052
1870,2035
1864,2025
1875,2045
1884,2062
1881,2039
1889,2063
1896,2047
1908,2039
1912,2034
1907,2035
1912,2048
1929,2048
1926,2071
1941,2085
1939,2011
1944,1979
1951,2041
1952,2003
1960,2081
1952,2096
1957,2080
1960,2080
1953,2072
1955,2015
1958,2064
1948,2075
1953,2064
1961,2003
1952,2043
1953,2008
1950,2035
1949,2083
1949,2039
1946,2057
1939,2024
1933,2068
1931,1981
1928,2023
1923,2022
1920,2056
1914,2063
1907,2068
1904,2004
1904,1989
1890,2048
1887,2088
1888,2092
1888,2053
1881,2080
1867,2063
1866,2069
1864,2059
1864,2032
1852,2088
1855,2077
1844,2027
1848,2063
1847,2073
1844,2019
1831,2027
1838,2047
1835,2066
1836,2037
1831,2055
1833,2119
1833,2092
1829,2056
1832,2035
1829,2042
1831,2023
1834,2057
1835,2073
1851,2035
1848,2019
1859,2004
1851,2021
1861,2071
1864,2040
1871,2065
1874,2103
1873,2056
1880,2037
1885,2020
1888,2060
1896,2056
1896,2019
1901,2063
1902,2043
1902,2041
1913,2055
1915,2035
1926,2021
1920,2056
1933,2087
1944,2063
1943,2013
1945,2015
1952,2032
1960,2032
1962,1995
1957,2028
1958,2041
1963,2052
1970,2040
1967,2040
1967,2024
1971,2063
1968,2090
1966,2060
1963,2065
1964,2066
1939,2068
1961,2030
1959,2030
1954,2011
1941,2021
1949,2036
1937,2080
1933,2093
1927,2043
1928,2005
1915,2013
1920,2058
1911,2058
1909,2021
1903,2021
1903,2071
1896,2034
1889,2040
1884,2038
1879,2035
1872,2011
1865,2055
1850,2071
1847,2080
1848,2025
1835,2089
1835,2011
1829,2023
1832,2072
1821,2063
1813,2058
1810,2073
1818,2056
1819,2033
1811,1987
1811,2038
1813,2031
1809,2031
1809,2075
1805,2080
1804,2037
1809,2024
1815,2011
1812,2064
1816,2017
1820,1997
1816,2001
1824,2043
1829,2021
1824,2027
1837,2057
1834,2071
1831,2057
1843,2045
1841,2011
1859,2063
1852,2004
1862,2029
1861,2019
1869,2069
1876,2057
1878,2023
1883,2012
1891,2029
1890,2048
1898,2019
1894,2067
1911,2005
1901,2020
1914,2033
1920,2063
1925,2077
1911,2043
1928,2020
1941,1997
1930,2001
1931,2061
1944,2063
1940,2008
1937,2060
1937,2023
1929,2042
1931,2073
1932,2040
1937,2005
1932,2060
1920,2056
1919,2039
1918,2080
1911,2093
1911,2063
1902,1999
1904,2039
1901,2039
1893,2048
1891,2021
1881,2080
1875,2044
1873,2021
1862,2043
1851,2066
1849,2063
1853,2075
1848,2096
1841,2035
1841,2056
1827,2013
1830,2020
1820,2024
1811,2065
1815,2008
1808,2024
1807,2093
1799,2045
1803,2043
1799,2038
1791,2018
1784,1960
1779,2020
1781,2048
1784,2051
1780,2071
1787,2017
1779,2073
1785,2029
1773,2021
1786,2028
1788,2028
1790,2024
1788,2036
1792,2071
1805,2054
1799,2071
1803,2041
1809,2047
1818,2072
1819,2041
1823,2018
1821,2007
1832,2011
1832,2019
1843,2044
1840,2056
1846,2068
1848,2055
1856,2063
1865,2063
1859,2063
1876,2043
1879,2011
1880,2020
1881,2066
1888,2048
1892,2009
1897,2060
1903,2019
1902,2014
1907,2028
1911,1995
1909,2015
1915,2035
1911,2065
1916,2045
1920,2095
1917,2021
1911,2066
1915,2007
1911,2056
1920,2019
1914,2008
1898,2040
1904,2045
1905,2048
1903,2080
1909,2021
1894,2083
1896,2091
1896,2008
1884,2007
1877,2027
1876,2036
1873,2039
1867,1997
1864,2060
1863,2003
1842,2048
1843,2080
1835,2055
1827,2005
1827,2069
1819,1997
1820,2011
1820,2057
1816,2035
1805,2053
1804,2063
1797,2058
1789,2076
1805,2035
1797,2048
1792,2015
1795,2053
1779,2015
1779,2071
1787,2063
1777,2095
1781,2041
1784,2078
1792,2046
1787,2056
1781,2043
1792,2035
1800,2008
1795,2005
1805,2025
1809,2019
1801,2027
1805,2036
1820,2062
1824,2058
1827,2072
1843,2013
1830,2051
1839,2048
1846,2027
1849,2060
1863,2025
1865,2058
1872,2007
1880,2073
1884,2063
1881,1997
1893,2021
1893,2069
1901,2071
1908,2017
1915,2009
1909,1990
1920,2058
1931,2045
1935,2055
1945,2056
1944,2093
1941,1994
1939,2039
1931,2048
1944,2056
1954,2045
1954,2024
1952,2036
1953,2067
1958,2012
1959,2019
1940,2019
1942,2044
1944,2072
1931,2045
1934,2048
1936,2033
1933,2024
1925,2079
1915,2056
1925,2048
1913,2027
1917,2035
1905,2066
1904,2039
1895,2048
1897,2041
1879,2064
1891,2080
1875,2015
1875,2072
1865,2069
1864,2020
1856,2034
1853,2012
1842,2047
1841,2040
1844,2057
1835,2072
1833,2080
1828,2063
1819,2015
1828,1993
1825,2065
1817,2031
1824,2001
1825,2024
1829,2061
1827,2017
1828,2059
1824,2027
1832,2029
1835,2061
1829,2036
1837,2065
1841,2058
1835,2035
1843,2052
1855,2034
1862,2027
1861,2084
1856,2018
1868,2079
1877,2010
1873,2079
1885,2025
1896,2035
1895,2035
1904,2007
1902,2055
1903,2088
1912,2045
1928,2077
1933,2007
1928,2069
1932,2008
1945,2017
1942,2005
1947,2069
1960,2048
1959,1995
1971,2037
1973,2001
1973,2060
1982,2019
1984,2064
1988,2072
1984,2019
1992,2041
1991,2068
1989,2063
1993,2003
1989,1999
1987,2019
1995,2064
1999,2059
1991,2036
1984,2069
1982,1996
1989,2055
1973,2021
1971,2061
1972,2072
1976,2021
1957,2052
1959,2008
1951,2060
1947,2044
1948,2035
1946,2033
1944,2024
1935,2027
1929,2068
1929,2037
1928,2065
1917,2076
1913,2055
1905,2056
1908,2014
1899,2053
1896,2044
1893,2039
1887,2063
1887,2054
1881,2068
1887,2070
1884,2056
1875,2029
1883,2040
1877,2067
1888,2027
1884,2068
1883,2055
1879,2022
1878,2036
1887,2075
1895,2056
1891,2035
1899,2007
1893,2036
1904,2063
1906,2056
1911,2015
1909,2071
1920,2005
1916,2053
1926,2056
1934,2053
1944,2079
1946,2062
1954,2011
1957,2008
1964,2074
1971,2058
1968,2065
1971,2063
1975,2043
1992,2037
1994,2035
1993,2068
2001,2028
2005,2074
2009,2068
2016,2056
2021,2075
2024,2042
2027,2056
2029,2055
2040,2008
2039,2028
2040,2045
2040,2045
2039,2063
2039,2065
2037,2067
2041,2039
2044,2048
2035,2044
2036,2020
2027,2018
2039,2070
2039,2063
2022,2040
2019,2037
2016,2063
2015,2035
2012,2027
2009,2072
2001,2001
2001,2027
1995,2076
1987,2076
1981,2040
1976,2076
1965,2027
1961,2063
1954,2070
1945,2063
1946,2040
1943,2057
1937,2093
1915,2063
1928,2032
1916,2054
1901,2063
1907,2023
1904,2080
1892,2048
1883,2070
1893,2056
1879,2080
1887,2089
1879,2022
1879,2029
1886,2037
1881,2078
1889,2020
1881,2037
1873,2011
1879,2070
1887,2037
1882,2035
1887,2075
1888,2023
1899,2072
1890,2040
1897,2043
1903,2033
1907,2056
1902,2036
1905,2053
1913,2056
1916,2077
1924,2019
1932,2039
1938,2040
1935,2031
1949,2067
1951,2034
1953,2023
1961,2029
1968,2035
1971,2032
1979,2080
1985,2027
1982,2039
1996,2015
2000,2071
2003,2041
2007,2054
2016,2003
2016,2019
2020,2023
2024,2005
2017,2018
2025,2025
2033,2076
2027,2057
2035,2056
2037,2019
2033,2057
2032,2048
2032,2009
2033,2005
2034,2047
2021,2069
2027,2042
2027,2039
2010,2038
2015,2063
2015,2093
2016,2035
2007,2036
1995,2037
1979,2024
1989,2035
1988,2048
1983,2005
1972,2009
1976,2056
1969,2035
1970,2045
1964,2096
1949,2033
1950,2004
1945,2055
1944,2058
1940,2079
1930,2076
1934,2027
1926,2063
1917,2005
1915,2011
1915,2065
1908,1992
1912,2079
1901,2077
1912,2001
1909,2042
1911,2063
1899,2059
1893,2065
1904,2027
1909,2067
1905,2063
1915,2076
1905,2047
1912,2062
1912,2003
1917,2056
1931,2029
1937,2048
1938,2063
1932,2065
1944,2066
1952,2037
1958,2065
1952,2036
1957,2048
1961,2072
1973,2017
1973,2044
1979,2035
1979,2059
1991,2009
1989,2056
1988,2045
1997,2041
2003,2058
2017,2041
2027,2029
2019,2070
2031,2066
2032,2025
2032,2040
2041,2021
2040,2071
2045,2025
2043,2029
2045,2038
2053,2020
2052,2033
2063,2044
2063,2021
2057,2019
2054,1997
2046,2021
2047,2029
2035,2037
2044,2021
2036,2065
2036,2091
2031,2017
2025,2033
2027,2063
2012,2041
2011,2053
2011,2080
2008,2024
1997,2028
1995,2040
1990,2013
1975,2054
1972,2025
1968,2007
1969,2065
1960,2071
1945,2065
1952,2063
1935,2019
1936,2010
1935,2057
1929,2033
1923,2073
1907,2065
1911,2026
1901,2091
1901,2028
1897,2044
1902,2055
1900,2019
1903,2087
1896,2067
1893,2043
1889,2020
1895,2052
1896,2015
1896,2013
1887,2068
1899,2011
1893,2044
1899,2046
1897,2077
1909,2039
1916,2027
1914,2037
1911,2039
1926,2080
1925,2080
1930,2028
1933,2063
1943,1993
1945,2012
1961,2046
1961,2073
1955,2067
1963,2093
1970,2076
1978,2022
1984,2012
1994,2028
1998,2067
2004,2063
2010,2071
2005,2056
2015,2036
2019,2004
2027,2036
2039,2056
2027,2015
2043,2007
2052,2024
2043,2065
2043,2072
2053,2009
2052,2065
2055,2060
2055,2068
2059,2019
2063,2031
2057,2035
2041,2061
2053,2074
2043,2071
2052,2054
2048,2042
2033,2019
2040,2040
2040,2027
2032,2029
2027,2056
2021,2028
2017,2056
2015,2081
2009,2058
2005,2043
2005,2035
1998,2074
1998,2019
1991,2063
1976,2055
1984,2071
1966,2054
1969,2005
1966,2027
1957,2077
1962,2061
1949,2039
1944,2029
1933,2069
1937,2033
1939,2057
1945,2002
1931,2054
1928,2063
1928,2055
1928,2080
1934,2033
1936,2072
1927,2063
1940,2034
1927,2075
1929,2061
1943,2043
1939,2060
1945,2029
1941,2063
1946,2036
1956,2033
1962,2072
1962,2007
1961,2066
1974,2068
1957,2071
1972,2068
1988,2070
1997,2015
2000,2057
2002,2008
2001,2045
2015,2044
2008,2052
2025,2063
2020,2059
2035,2044
2035,2063
2041,2080
2057,2023
2063,2057
2063,2041
2072,2043
2076,2039
2081,2068
2080,2053
2081,2055
2087,2024
2091,2053
2099,2037
2097,2072
2093,2063
2102,2037
2103,2023
2104,2010
2107,2029
2099,2046
2102,2066
2097,2079
2097,2033
2096,2063
2099,2056
2092,2013
2087,2051
2086,2063
2080,2068
2073,2028
2068,2054
2063,2056
2069,2030
2045,2080
2055,1995
2052,2044
2039,2063
2039,2055
2021,2055
2027,2072
2027,2056
2013,2079
2016,2067
1999,2068
2008,2027
2001,2058
1993,2027
1976,2069
1991,2064
1973,2073
1980,2072
1969,2051
1979,2067
1973,2009
1968,2065
1979,2072
1966,2058
1976,2037
1969,2063
1970,2024
1975,2068
1971,2038
1969,2044
1981,2043
1975,2065
1984,2059
1983,2076
1987,2040
1991,2051
2003,2080
1993,2019
1995,2057
2005,2057
2019,2072
2017,2017
2019,2040
2024,2041
2025,2031
2040,2053
2048,2036
2043,2072
2063,2068
2053,2066
2063,2040
2073,2008
2075,2031
2073,2047
2091,2019
2087,2030
2095,2037
2096,2023
2104,2040
2103,2027
2106,2026
2112,2053
2112,2058
2105,2066
2109,2076
2125,2040
2120,2063
2116,2071
2122,2047
2118,2043
2105,2083
2098,2017
2105,2046
2112,2074
2106,2020
2108,2034
2104,2055
2091,2032
2089,2032
2091,2003
2083,2055
2075,2085
2076,2068
2072,2056
2068,2081
2064,2026
2055,1997
2054,2053
2035,2060
2032,2041
2028,2024
2013,2075
2024,2048
2020,2033
1995,2076
2002,2055
1993,2027
1992,2033
1976,2064
1979,2080
1965,2057
1974,2068
1961,2040
1964,2027
1961,2055
1963,2009
1967,2059
1956,2041
1960,2059
1943,2071
1945,2036
1955,2055
1954,2063
1956,2068
1957,2058
1955,2005
1962,2055
1963,2068
1969,2009
1963,2065
1968,2009
1971,2072
1971,2024
1981,2075
1987,2009
1987,2046
1993,2040
1999,2056
2009,2056
2009,2080
2015,2058
2017,2039
2031,2057
2021,2068
2036,2080
2043,2054
2041,2065
2057,2063
2059,2069
2064,2069
2072,2051
2071,2023
2073,2059
2085,2046
2091,2039
2083,2071
2087,2019
2089,2072
2099,2015
2099,2017
2097,2060
2099,2019
2103,2033
2091,2067
2101,2031
2093,2039
2091,2034
2103,2021
2088,2027
2090,2035
2083,2073
2091,2075
2080,2072
2081,2037
2071,2035
2068,2007
2057,2059
2063,2035
2056,2043
2041,2037
2043,2025
2040,2017
2025,2040
2032,2037
2027,2007
2019,2042
2010,2005
2004,2021
1997,2080
2003,2009
1989,2036
1989,2019
1981,2055
1976,2041
1973,2028
1965,2068
1957,2043
1955,2068
1966,2067
1963,2058
1957,2024
1956,2057
1955,2017
1959,2060
1955,2063
1955,2072
1955,2032
1961,2035
1962,2037
1963,2017
1964,2010
1961,2021
1965,2060
1975,2027
1979,2043
1977,2019
1987,2037
1979,2048
1996,2011
1992,2037
2000,2043
2001,2063
2005,1993
2011,2048
2009,2009
2031,2052
2036,2017
2033,2056
2039,2043
2035,2030
2056,2019
2055,2011
2056,2040
2066,2040
2057,2010
2077,2024
2080,2033
2081,2027
2081,2067
2088,2030
2093,2065
2095,2044
2098,2069
2103,2067
2088,2065
2100,2063
2097,2046
2096,2076
2099,2023
2094,2017
2096,2035
2096,2071
2083,2045
2084,2039
2084,2036
2085,2044
2083,2067
2072,2056
2072,2043
2067,2031
2063,2021
2039,2037
2037,2053
2039,2010
2036,2009
2025,2022
2019,2060
2011,2063
2010,2023
2005,2063
2000,2060
2001,2045
1987,2056
1987,2028
1978,2056
1976,2044
1965,2067
1965,2039
1963,2044
1952,2023
1957,2009
1943,2071
1955,2033
1947,2063
1949,2027
1945,2001
1948,2039
1944,2063
1945,2060
1946,2069
1937,2068
1949,2037
1948,2011
1954,2040
1941,2054
1949,2059
1952,2028
1959,2080
1955,2069
1963,2065
1969,2035
1972,2033
1976,2045
1973,2073
1980,2027
1965,2008
1998,2071
1996,2060
2008,2080
2011,2029
2013,2041
2019,2063
2029,2039
2024,2020
2037,2044
2039,1997
2062,2027
2053,2027
2057,2063
2074,2046
2075,2052
2077,2076
2089,2033
2088,2019
2095,2007
2094,2059
2091,2067
2090,2029
2088,2011
2089,1980
2103,2011
2104,2066
2104,2019
2096,2041
2096,2044
2097,2063
2093,2015
2089,2015
2090,2048
2082,2035
2085,2035
2075,2041
2079,2052
2068,2024
2073,2043
2065,2063
2063,2031
2043,2059
2040,2072
2043,2063
2040,2076
2035,2024
2025,2007
2021,2027
2009,2060
2013,2021
2013,2063
2004,2033
1999,2043
1993,2072
1987,2072
1984,2060
1972,2076
1976,2057
1969,2024
1972,2071
1973,2052
1967,2055
1972,2095
1971,2041
1964,2015
1966,2018
1964,2072
1957,2027
1971,2041
1961,2056
1966,2063
1973,2067
1976,2029
1971,2045
1975,2064
1982,2053
1984,2035
1987,2063
1995,2046
1995,2013
1995,2054
2003,2051
2019,2065
2019,2065
2023,2029
2037,2065
2027,2048
2040,2066
2044,2060
2041,2059
2057,2021
2067,2068
2068,2043
2071,2063
2088,2033
2083,2011
2088,2011
2092,2017
2099,2045
2103,2035
2108,2033
2108,2067
2112,2037
2108,2074
2120,2008
2119,2023
2121,2005
2121,2060
2128,2037
2126,2020
2132,2075
2128,2039
2128,2027
2124,2053
2120,2021
2123,2023
2115,2035
2115,2063
2108,2087
2105,2035
2101,2077
2101,2063
2089,2055
2081,2056
2088,2013
2068,2007
2069,2056
2076,2029
2058,2073
2056,1994
2063,2017
2037,2079
2040,2027
2028,2058
2033,2076
2024,2029
2015,2017
2015,2051
2009,2055
2008,2027
2003,2051
2003,2069
1992,2025
1991,2055
1991,2080
1993,2019
1993,2070
1982,2038
1981,2071
1977,2068
1984,2025
1975,2041
1975,2079
1968,2035
1977,2029
1979,2051
1987,2040
1993,2040
1995,2060
2001,2072
2005,2059
2004,2066
2008,2041
2009,2069
2020,2029
2024,2019
2028,2004
2032,2044
2040,2011
2035,2039
2054,2072
2053,2068
2063,2054
2063,2060
2074,2005
2081,2019
2074,2030
2083,2065
2088,2030
2097,2034
2103,2024
2104,2019
2110,2038
2099,2012
2119,2091
2121,2056
2115,2074
2126,2064
2135,2008
2129,2048
2129,2025
2140,2039
2135,2056
2135,2054
2131,2044
2131,2019
2131,2060
2131,2042
2129,2033
2129,2009
2120,2021
2125,2052
2112,2033
2112,2043
2104,2041
2107,2055
2103,2031
2092,2065
2094,2068
2087,2035
2080,2034
2069,2003
2071,2019
2063,2071
2055,2071
2048,2034
2040,2088
2028,2043
2025,2071
2024,2021
2021,2019
2015,2001
2013,2037
2008,2028
2003,2077
1997,2031
1991,2021
1989,2037
1979,2036
1987,2065
1982,2051
1977,2072
1971,1992
1976,2053
1969,2068
1976,2051
1965,2040
1976,2073
1972,2077
1978,2023
1978,2068
1979,2018
1983,2035
1985,2052
1992,2078
1995,2041
1997,2056
2007,2019
1995,2025
2014,2063
2015,2021
2020,2003
2025,2063
2028,2089
2037,2042
2029,2052
2033,2072
2055,2067
2063,2042
2065,2021
2071,2011
2074,2020
2073,2027
2077,2037
2080,2025
2083,2063
2090,2067
2090,2067
2097,2079
2105,2021
2106,2007
2104,2064
2115,2004
2105,2040
2107,2060
2118,2055
2121,2012
2107,2064
2108,2080
2109,2056
2119,2019
2107,2044
2112,2037
2107,2043
2100,2027
2098,2058
2089,2039
2097,2008
2091,2029
2085,2047
2083,2058
2077,2070
2075,2053
2067,2060
2069,2051
2063,2048
2056,2042
2039,2033
2040,2011
2032,2029
2029,2071
2019,2069
2023,2030
2015,2017
2012,2011
2003,2048
2004,2027
1995,2008
1985,2039
1992,2056
1975,2030
1974,2037
1972,2009
1963,2072
1972,2051
1961,2065
1969,2068
1968,2015
1969,2031
1961,2028
1963,2060
1961,2023
1966,2041
1965,2033
1975,2013
1963,2072
1961,2017
1967,2033
1977,2081
1985,2011
1992,2079
1992,2080
1993,2080
2000,2043
2007,2003
2003,2028
2014,2007
2007,2087
2023,2040
2023,2027
2023,2063
2038,2021
2037,2073
2053,2035
2057,2017
2065,2063
2071,2040
2070,2051
2072,2030
2069,2056
2073,2044
2088,2058
2093,2056
2095,2041
2102,2013
2099,2063
2101,2068
2106,2001
2099,2044
2115,2071
2104,2022
2117,2023
2107,2025
2102,2015
2112,2023
2101,2041
2107,2035
2106,2035
2096,2048
2092,2067
2091,2015
2088,2040
2091,2080
2075,2035
2082,2023
2072,2048
2065,2061
2063,2061
2063,2069
2056,2017
2053,2080
2044,2075
2031,2025
2035,2072
2027,2024
2009,2072
2016,2011
2002,2071
1999,2019
1991,2001
1992,2040
1981,2044
1984,2009
1978,2044
1972,2017
1971,2056
1959,2080
1965,2073
1964,2074
1957,2045
1957,2024
1959,2063
1964,2071
1959,2060
1954,2074
1960,2009
1949,2025
1969,2066
1960,1992
1962,2004
1968,2019
1972,2063
1977,2074
1973,1999
1988,2058
1987,2055
1991,2061
1996,2059
2004,2028
2008,2055
2013,2031
2021,2027
2017,2047
2025,2041
2032,2047
2039,2056
2041,2041
2059,2019
2063,2072
2071,2043
2068,2042
2077,2020
2072,2063
2088,2035
2088,2070
2087,2058
2089,2065
2104,2027
2107,2028
2115,2058
2105,2035
2119,2044
2110,2023
2123,2046
2117,2035
2131,2022
2119,2033
2125,2063
2129,2040
2121,2007
2117,2021
2115,2041
2115,2078
2120,2033
2117,2029
2106,2023
2099,2063
2099,2059
2099,2071
2085,2023
2087,2045
2073,2056
2075,2028
2072,2028
2063,2054
2065,2072
2063,2067
2061,2042
2039,2004
2044,2064
2027,2070
2024,2037
2025,2058
2012,2026
2003,2007
2003,2033
2002,2055
2003,2065
1992,2041
1984,2076
1979,2015
1982,2041
1975,2067
1978,2066
1980,2072
1977,2001
1973,2053
1977,2035
1973,2033
1979,2047
1976,2054
1972,2040
1973,2056
1983,2054
1975,2005
1987,2029
1979,2017
1993,2055
1990,2043
2004,2074
2009,2019
1998,2037
2005,2072
2015,2072
2027,2040
2021,2017
2024,2013
2032,2048
2055,2053
2052,2024
2041,2036
2065,2063
2072,2021
2071,2068
2073,2037
2079,2029
2085,2028
2089,2032
2093,2057
2095,2046
2104,2045
2107,2060
2093,1993
2110,2019
2124,2053
2118,2040
2113,2055
2124,2067
2115,2040
2123,2027
2131,2025
2129,2020
2126,2022
2127,2039
2121,2057
2124,2031
2109,1992
2105,2040
2117,2057
2115,2068
2104,2039
2103,2040
2093,2065
2092,2024
2083,2055
2092,2044
2072,2043
2074,2053
2063,2029
2065,2088
2061,2015
2067,2025
2044,2039
2041,2028
2029,2073
2031,2065
2026,2063
2017,2004
2015,2044
2019,2071
2003,2009
2010,2035
1999,2032
1995,2067
1998,2085
1993,2033
1996,2029
1995,2010
1978,2064
1989,2046
1990,2074
1981,2043
1981,2037
1988,2042
1995,2045
1987,1992
1992,2008
1981,2079
1993,2075
2009,2005
2011,2011
2004,2007
2017,2025
2021,2063
2020,2021
2021,2032
2039,2079
2040,2048
2037,2055
2055,2042
2055,2044
2057,2011
2069,2025
2067,2025
2076,2039
2079,2025
2089,2019
2096,2043
2104,2025
2104,2009
2107,2056
2113,2041
2107,2045
2124,2056
2128,2070
2128,2052
2140,2062
2139,2075
2143,2064
2148,2023
2148,2057
2145,2060
2155,2023
2152,2037
2155,2027
2157,2033
2147,2005
2155,2045
2149,2040
2155,2069
2140,2064
2139,2024
2143,2026
2147,2025
2138,2055
2131,2015
2119,2068
2109,2045
2124,2003
2101,2009
2108,2029
2101,2033
2103,2065
2087,2071
2090,2087
2089,2073
2073,2023
2071,2076
2072,2009
2063,2080
2054,2063
2037,2063
2044,2053
2038,1977
2036,2068
2021,2033
2019,2072
2018,2053
2011,2071
2017,2025
2023,2024
2008,2066
2017,2057
2006,2087
1995,2066
2004,2017
2008,2025
1996,2045
2005,2035
2007,2035
2008,2060
2011,2033
2006,2009
2009,2039
2016,2063
2025,2039
2020,2025
2021,2040
2019,2005
2027,2063
2040,2011
2042,2068
2043,2063
2056,2009
2061,2072
2058,2013
2068,2007
2068,2072
2078,2061
2076,2015
2089,2040
2085,2041
2097,2056
2104,2069
2107,2071
2112,2054
2114,2037
2120,2071
2125,2018
2131,2052
2135,2035
2134,2017
2135,2035
2129,2056
2143,2053
2144,2039
2139,2073
2144,2084
2148,2024
2143,2029
2146,2030
2143,2074
2142,2013
2137,2063
2135,2064
2127,2011
2123,2065
2130,2056
2124,2038
2116,2034
2112,2030
2115,2063
2104,2045
2107,2035
2087,2023
2084,2061
2087,2048
2073,2011
2075,2077
2069,2068
2053,2056
2055,2068
2053,2003
2041,2038
2043,2028
2031,2037
2015,2063
2024,2080
2012,2069
2009,2037
2004,2025
1995,2060
2000,2025
1999,2036
1992,2015
1991,2039
1977,2042
1990,2025
1982,2034
1982,2063
1964,2040
1993,2055
1987,2036
1988,2024
1983,2064
1989,2037
1989,2063
1987,2053
1989,2026
1996,2072
1995,2069
2004,2044
2007,2023
2008,2015
2010,2001
2024,2027
2015,2015
2029,2055
2027,2036
2029,2019
2040,2045
2042,2059
2055,2061
2045,2045
2063,2033
2069,2036
2079,2068
2083,2018
2086,2035
2091,2067
2096,2027
2104,2034
2093,2055
2103,2038
2113,2003
2109,2075
2120,2035
2118,2040
2119,2076
2121,2069
2128,2018
2121,2007
2121,2043
2129,2068
2131,2011
2123,2053
2125,2018
2124,1995
2115,2037
2113,2044
2120,2033
2103,2047
2108,2045
2101,2033
2097,2029
2096,2043
2089,2036
2082,2013
2083,2069
2079,2064
2077,2062
2067,2033
2059,2045
2064,2083
2056,2036
2052,2031
2041,2029
2025,2066
2028,2080
2019,2063
2019,2054
2011,2029
2011,2038
2003,2039
2001,2045
1995,2021
1993,2069
1993,2021
1989,2053
1979,2039
1977,2056
1979,2065
1978,2058
1980,2004
1972,2057
1988,2047
1976,2009
1973,2056
1981,2080
1987,2068
1987,2038
1995,2029
1995,2041
2002,2043
2000,2080
2010,2063
2015,2055
2017,2071
2017,2056
2019,2036
2017,2006
2036,2053
2038,2055
2041,2031
2047,2071
2060,2061
2059,2056
2071,2043
2073,2023
2077,2063
2087,2063
2089,2043
2096,2065
2092,1992
2106,2037
2110,2041
2114,2001
2123,2006
2124,2055
2125,2069
2129,2040
2136,2028
2142,2024
2143,2075
2142,2068
2144,1992
2144,2064
2143,2056
2136,2067
2143,2025
2148,2025
2137,2003
2129,2021
2133,2065
2128,2025
2131,2080
2128,2067
2120,2035
2120,2040
2107,2037
2112,2068
2103,2073
2104,2018
2091,2067
2091,2089
2080,2021
2073,2056
2067,2072
2063,2055
2063,2065
2043,2035
2040,2025
2048,2019
2035,2056
2032,2039
2034,2067
2018,2060
2011,2072
2015,2051
2005,2015
2001,2076
1993,2038
2004,2077
2002,2017
2004,2077
2003,2068
1987,2037
1995,2024
1993,2023
1995,2067
1987,2073
1996,2072
1989,2037
1996,2019
1999,2044
1998,2057
2004,2072
2006,2007
2007,2065
2005,2069
2011,2079
2018,2064
2011,2017
2021,2023
2025,2038
2029,2063
2041,2072
2043,2039
2053,2071
2058,2036
2060,2057
2067,2019
2079,2043
2079,2039
2080,2063
2087,2035
2087,2079
2091,2041
2098,2053
2092,2039
2115,2011
2107,2047
2115,2073
2106,2070
2124,2063
2135,2035
2133,2041
2131,2025
2138,2033
2135,2025
2131,2041
2136,2036
2129,2025
2138,2068
2135,2079
2143,2060
2131,2024
2132,2053
2121,2019
2132,2060
2124,2044
2106,2007
2107,2071
2112,2023
2099,2021
2105,2063
2088,2064
2096,2071
2088,2064
2086,2052
2075,2028
2079,2087
2063,2056
2067,2056
2062,2041
2051,2076
2041,2028
2036,2057
2034,2048
2025,2043
2023,2088
2018,2068
2019,2042
2007,2063
2008,2044
2006,2005
2005,2074
2000,2039
1996,2080
1989,2010
1992,2048
1987,2064
1999,2041
2001,2065
1996,2056
1993,2071
2005,2043
2003,2069
2004,2039
1991,2028
2010,2037
2015,2066
2016,2037
2008,2046
2019,2035
2024,2068
2023,2039
2039,2062
2043,2032
2045,2054
2055,2005
2063,2059
2072,2052
2068,2041
2076,2055
2076,2067
2079,2069
2090,2080
2090,2047
2107,2008
2101,2053
2107,2059
2117,2073
2115,2062
2127,2030
2131,2048
2133,2025
2138,2053
2143,2011
2149,2028
2152,2043
2151,2044
2151,2038
2160,2004
2161,2023
2163,2026
2156,2052
2160,2023
2149,2056
2157,2033
2155,2029
2146,2063
2152,2040
2145,2066
2151,2035
2143,2011
2141,2009
2129,2067
2131,2056
2125,2058
2115,2017
2116,2072
2112,2029
2097,2048
2105,2044
2092,2076
2087,2011
2087,2080
2079,2030
2075,2059
2065,2055
2063,2077
2067,2028
2058,2078
2048,2017
2035,2067
2037,2023
2037,2058
2025,2029
2028,2057
2022,2039
2020,2019
2023,2067
2018,2078
2016,2035
2019,2029
2009,2029
2013,2003
2005,2065
1993,2064
2009,2072
2015,2071
2017,2025
2009,2033
2019,2066
2016,2003
2021,2040
2027,2035
2027,2064
2025,2080
2032,2024
2040,2039
2043,2063
2056,2029
2057,2057
2064,2003
2063,2048
2073,2019
2083,2026
2077,2075
2087,2048
2086,2043
2091,2040
2096,2045
2097,2045
2107,2025
2118,2040
2120,2019
2115,2029
2127,2045
2130,1995
2141,2042
2135,2021
2133,2022
2141,2042
2139,2027
2147,2024
2147,2009
2144,2011
2144,2025
2141,2075
2144,2005
2145,2031
2137,2044
2136,2015
2135,2031
2139,2044
2136,2048
2125,2027
2122,2055
2116,2055
2116,2021
2120,2035
2105,2034
2094,2025
2089,2071
2095,2005
2088,2027
2087,2015
2077,2015
2067,2056
2070,2041
2051,2073
2043,2069
2044,2057
2027,2063
2036,2017
2023,2052
2023,1995
2016,2034
2008,2056
2006,2073
1997,2075
1994,2075
1992,2067
1989,2067
1987,2021
1984,2028
1990,2027
1975,2019
1980,2033
1977,2065
1984,2063
1981,2041
1978,2072
1977,2072
1973,2009
1976,2023
1984,2055
1979,2065
1992,2036
1989,2039
1999,2052
2001,2018
2007,2039
2010,2007
2015,1997
2017,2021
2015,2045
2022,2077
2035,2037
2037,2026
2037,2064
2040,2052
2041,2042
2063,2056
2063,2017
2071,2040
2077,2071
2076,2056
2075,2040
2075,2063
2089,2036
2085,2065
2104,2043
2092,2021
2104,2039
2117,2023
2117,2063
2107,2060
2120,2036
2120,2044
2122,2041
2122,2015
2121,2063
2120,2005
2107,2079
2119,2064
2109,2073
2112,2041
2117,2015
2105,2043
2098,2057
2102,2066
2091,2066
2092,2035
2087,2075
2079,2019
2080,2070
2073,2020
2065,2055
2063,2048
2060,2025
2055,2041
2043,2039
2036,2019
2027,2030
2037,2068
2025,2035
2017,2060
2009,2063
2015,2017
2003,2039
2007,2077
1995,2063
1990,2031
1984,2073
1980,2042
1971,2086
1977,2054
1982,2051
1974,2025
1976,2033
1975,2038
1971,2042
1975,2055
1972,2068
1975,2029
1971,2059
1973,2019
1981,2037
1980,2030
1972,2063
1977,2068
1984,2033
1991,2024
1992,2053
1999,2068
1997,2065
2007,2039
2012,2023
2017,2011
2026,2012
2019,2072
2030,2055
2037,2039
2039,2035
2037,2071
2059,2035
2058,2060
2057,2073
2072,2001
2071,2063
2080,2091
2085,2079
2098,2072
2090,2009
2103,2066
2103,2073
2113,2056
2123,2025
2107,2001
2119,2068
2121,2055
2119,2057
2125,2015
2134,2043
2135,2047
2136,2007
2136,2028
2131,2057
2136,2035
2132,2072
2131,2043
2127,2025
2131,2007
2115,2063
2120,2008
2107,2009
2112,2054
2108,2063
2103,2063
2102,2041
2091,2071
2095,2080
2090,2041
2084,2037
2076,2079
2073,2055
2059,2005
2057,2028
2058,2036
2040,2040
2037,2023
2033,2043
2027,2069
2029,2043
2015,2043
2015,2035
2011,2059
2006,2024
2004,2084
2000,2055
1995,2039
1997,2080
1992,2044
1995,2088
1983,2071
1991,2007
1984,2068
1976,2061
1989,2055
1989,2072
1984,2012
1995,2075
1995,2088
1993,2056
1997,2055
2005,2071
2007,2035
2007,2038
2001,2015
2012,2021
2009,2055
2016,2026
2019,2043
2019,2063
2025,2043
2037,2028
2043,2064
2056,2024
2055,2072
2063,2036
2069,2072
2065,2067
2080,1993
2080,1997
2087,2024
2083,2033
2092,1993
2091,2064
2097,2024
2103,2024
2115,2037
2107,2029
2124,2072
2124,2027
2119,2038
2127,2001
2135,2045
2136,2033
2133,2042
2136,2048
2135,2061
2127,2001
2128,2039
2136,2040
2131,2019
2132,2021
2126,2051
2121,2021
2120,2022
2121,2055
2110,2021
2103,2043
2105,2031
2104,2070
2092,2053
2091,2076
2079,2053
2083,2063
2079,2008
2063,2033
2067,2068
2063,2043
2054,2012
2044,2037
2042,2029
2040,2036
2032,2051
2021,2075
2018,2024
2017,2033
2003,2059
2002,2043
1995,2054
1995,2029
1999,2028
1992,2040
1990,2011
1991,2056
1992,2043
1989,2015
1990,2017
1975,2039
1978,2067
1992,2024
1991,2063
1992,2052
2000,2039
1997,2077
1996,2057
1995,2060
2008,2017
2006,2011
2003,2007
2007,2063
2020,2042
2015,2031
2026,2063
2032,2013
2032,1997
2035,2029
2051,2038
2060,2068
2063,2023
2056,2065
2067,2019
2075,2079
2077,2037
2088,2021
2083,2037
2087,2027
2091,2035
2106,2053
2100,2063
2109,2038
2109,2059
2128,2069
2135,2027
2133,2015
2133,2026
2138,2039
2135,2041
2137,2023
2143,2035
2140,1995
2143,2034
2140,2014
2142,2053
2139,2025
2138,2039
2136,2009
2127,2061
2130,2040
2123,2037
2119,2041
2128,2043
2114,2065
2112,2066
2117,2029
2099,2019
2103,2029
2091,2043
2090,2055
2068,2007
2079,2003
2083,2078
2058,2062
2065,2078
2063,2033
2047,2037
2044,2023
2041,2019
2031,2069
2023,2009
2024,2032
2009,2056
2013,2040
2015,2047
1996,2029
2001,2072
2000,2017
1998,2067
1996,2055
1992,2045
1987,2013
1995,2071
1991,2029
1981,2017
1971,2034
1979,2009
1991,2031
1986,2056
1989,2048
1994,2007
1993,2019
1995,2046
2008,2025
2008,2039
2007,2017
2011,2015
2017,2030
2021,2033
2024,2023
2024,2061
2040,2073
2045,2042
2040,2035
2063,2065
2057,2025
2067,2027
2071,2058
2073,2055
2079,2033
2077,2071
2095,2023
2088,2031
2100,2017
2093,2052
2105,2075
2108,2043
2111,2015
2119,2068
2126,2079
2124,2063
2119,2075
2136,2007
2136,2063
2132,2044
2137,2063
2131,2069
2135,2069
2138,2066
2129,2071
2131,2056
2130,2053
2125,2042
2124,1987
2121,2071
2120,2080
2121,2075
2112,2041
2107,2063
2101,2055
2103,2068
2092,2072
2085,2075
2083,2080
2080,2033
2080,2055
2065,2001
2065,2033
2063,2065
2056,2019
2041,2073
2043,2020
2031,2041
2027,2011
2019,2044
2022,2012
2009,2030
2011,2044
2008,2019
1993,2043
2000,2037
1999,2025
1989,2075
1995,2076
1989,2066
1979,2055
1983,1997
1984,2029
1971,2054
1975,2039
1984,2009
1978,2019
1979,2042
1992,2071
1983,2066
1984,2027
1999,2019
1999,2063
1999,2047
2007,2039
2008,2051
2012,2019
2013,2035
2016,2058
2009,2023
2024,2011
2028,2068
2032,2072
2040,2054
2039,2058
2063,1992
2063,2055
2064,2015
2067,2021
2074,2056
2073,2071
2073,2020
2084,2023
2088,2066
2099,2051
2095,2024
2103,2019
2106,2074
2110,1993
2107,2063
2118,1997
2121,2017
2123,2036
2119,2023
2122,2039
2119,2037
2118,2037
2125,2024
2117,2042
2120,2004
2121,2035
2124,2005
2115,2039
2115,2043
2101,2041
2109,2007
2106,2027
2087,2052
2091,2055
2092,2063
2083,2056
2073,2061
2075,2039
2069,2039
2059,2075
2065,2040
2055,2060
2047,2039
2038,2035
2036,2053
2029,2077
2023,2071
2018,2011
2015,2047
2011,2027
2006,2080
1996,2072
1999,2069
1991,2060
1991,2076
1981,2043
1971,2072
1987,2063
1976,2065
1976,2068
1971,2010
1976,2023
1972,2023
1974,2003
1976,2037
1973,2080
1974,2033
1981,2056
1969,2012
1982,2037
1991,2058
1992,2043
1991,2064
2002,2033
2002,2025
1995,2043
1997,2063
2005,2057
2011,2015
2022,2017
2028,2048
2037,2037
2035,2041
2040,2027
2043,2056
2042,2011
2071,2031
2067,2033
2076,2036
2080,2021
2080,2031
2090,2041
2089,2063
2089,2058
2103,2021
2107,2100
2118,2073
2115,2062
2122,2043
2129,2037
2120,2023
2133,2068
2136,2009
2139,2033
2135,2011
2143,2027
2140,2017
2129,2065
2130,2067
2131,2042
2132,2076
2133,2007
2121,2072
2127,2055
2124,2009
2117,2055
2120,2086
2116,2019
2115,2056
2104,2009
2101,2043
2102,2027
2091,2027
2087,2069
2071,2070
2073,2039
2072,2029
2065,2056
2057,2041
2057,2041
2052,2028
2039,2069
2036,2001
2025,2008
2023,2033
2015,2015
2014,2018
2004,2038
2010,2055
1993,2047
2003,2037
1995,2065
2003,2072
1989,2037
1999,2039
1992,2017
1989,2079
1998,2030
1987,2034
1989,2072
1990,2033
1994,2017
2001,2040
1999,2023
2004,2045
2007,2018
2011,2044
2015,2024
2011,2044
2021,2077
2029,2038
2027,2011
2036,2009
2041,2071
2042,2021
2056,2009
2063,2015
2068,2025
2074,2063
2067,2080
2080,2023
2085,2055
2091,2005
2103,2063
2094,2036
2104,2079
2111,2075
2108,2065
2120,2073
2132,2073
2137,2058
2135,2057
2144,2043
2142,2007
2143,2063
2151,2068
2152,2025
2149,2027
2157,2055
2154,2035
2146,2063
2147,2028
2152,2028
2143,2055
2152,2021
2145,2053
2151,2051
2146,2015
2135,2063
2127,2063
2134,2017
2125,2053
2125,2024
2119,2043
2120,2021
2115,2029
2110,2025
2099,2056
2093,2071
2087,2039
2086,2023
2083,2027
2077,2033
2077,2041
2064,2075
2063,2088
2043,2069
2056,2043
2051,2036
2034,2080
2035,2072
2032,2010
2029,2019
2022,2040
2016,2070
2012,2013
2020,2068
2008,2041
2012,2019
2003,2036
2004,2019
2006,2064
2012,2019
2009,2072
2003,2037
2013,2071
2016,2075
2016,2047
2015,2071
2022,2048
2027,2043
2035,2044
2035,2040
2040,2015
2035,2071
2043,2067
2054,2015
2060,2063
2068,2007
2065,2035
2067,2038
2069,2028
2084,2017
2073,2010
2087,2045
2087,2036
2091,2055
2099,2075
2109,2064
2105,2035
2116,2028
2124,2067
2121,2019
2130,2043
2140,2020
2137,2027
2142,2053
2142,2055
2143,2041
2152,2017
2152,2058
2144,2034
2153,2045
2149,2021
2156,2019
2151,2065
2149,2037
2143,2029
2139,2025
2139,2035
2139,2023
2137,2072
2136,2005
2127,2062
2124,2041
2127,2008
2110,2054
2104,2080
2102,2045
2107,2067
2094,2079
2083,2056
2089,2059
2084,2053
2072,2072
2076,2053
2063,2068
2065,2059
2059,2013
2055,2069
2035,2026
2037,2027
2024,2063
2025,2039
2024,2017
2019,2047
2006,2057
2007,2054
2001,2063
1992,2068
2005,2023
2003,2039
2001,2041
1992,2041
1987,1993
2001,2043
1994,2044
1997,2074
1996,2041
1993,2077
1998,2036
1991,2036
2003,1995
1997,2034
2009,2033
1997,2040
2002,2042
2005,2073
2015,2059
2024,2041
2028,2027
2028,2076
2043,2033
2033,2067
2039,2035
2048,2055
2055,2035
2063,2045
2068,2067
2074,2011
2073,1977
2088,2041
2092,2032
2090,2038
2101,2043
2104,2035
2103,2017
2114,2029
2123,1991
2121,2033
2123,2025
2133,2010
2131,2045
2136,2063
2141,2042
2141,2019
2144,2060
2144,2039
2145,2059
2143,2017
2131,2043
2135,2035
2129,2032
2135,2068
2136,2035
2127,2071
2127,2040
2126,2075
2127,2073
2124,2027
2121,2069
2101,2057
2108,2080
2093,2033
2103,2024
2087,2022
2088,2033
2085,2075
2077,2063
2076,2023
2059,2056
2064,2071
2042,2045
2060,2043
2034,2070
2039,2022
2029,2070
2027,2060
2025,2063
2010,2088
2011,2066
2009,2034
2003,2062
2003,2040
2008,2037
2007,2071
1993,2029
1996,2073
2000,2020
1996,2062
2002,2057
1992,2055
1989,2017
2000,2071
2000,2074
2004,2039
2001,2021
2001,2027
2009,2007
2011,2033
2012,2064
2015,2039
2019,2021
2025,2056
2029,2018
2034,2039
2051,2071
2056,2043
2056,2031
2070,2051
2069,2063
2077,2007
2066,2017
2080,2068
2086,2040
2091,2035
2097,2035
2101,2018
2108,2036
2109,2036
2109,2024
2121,2067
2127,2040
2134,2041
2127,2029
2133,2039
2135,2058
2142,2075
2139,2021
2149,2048
2140,2071
2149,2051
2144,2041
2139,2040
2143,2017
2139,2038
2144,2068
2135,2027
2135,2023
2136,2040
2140,2004
2132,2059
2119,2034
2130,2015
2119,2069
2114,2024
2098,2072
2105,2070
2096,2037
2092,2069
2085,2035
2081,2063
2075,2059
2077,2043
2063,2064
2065,2027
2056,2057
2051,2072
2036,2032
2031,2035
2027,2036
2024,2071
2011,2071
2009,2040
2008,2056
2008,2046
2003,2009
1996,2095
1996,2053
1995,2078
1991,2071
1992,2033
1988,2024
1980,2036
1988,1995
1994,1987
1993,2080
1994,2041
1999,2040
1981,2017
1995,2026
1995,2074
2006,2008
2005,2045
2007,2063
2003,2022
2013,2041
2018,2058
2024,2030
2022,2036
2032,2017
2032,2041
2043,2061
2035,2053
2056,2042
2058,2046
2058,2035
2057,2009
2073,2039
2076,2041
2082,2008
2085,2018
2093,2039
2100,2059
2103,2055
2108,2011
2109,2063
2116,2080
2121,2044
2124,2027
2126,2037
2129,2087
2133,2027
2124,2063
2136,2043
2129,2057
2130,2074
2129,2054
2137,2066
2134,1993
2123,2055
2130,2011
2128,2031
2127,2072
2121,2053
2119,2040
2119,2031
2111,2059
2108,2072
2109,2023
2096,2043
2089,2040
2089,2046
2081,2024
2076,2080
2066,2034
2078,2057
2066,2031
2056,2047
2056,2055
2048,2033
2043,2023
2032,2029
2025,2071
2020,2068
2020,2053
2015,2072
2012,2009
2007,2037
1995,2068
2001,2072
1997,2041
1996,2045
1991,2063
2000,2067
1995,2055
1994,2027
1987,2045
1988,2076
1980,2074
1992,2041
1992,2021
1991,2067
1994,2039
1996,2073
1997,2023
1999,2055
2008,2069
2010,2055
2005,2021
2024,2009
2024,2008
2027,2017
2031,2039
2038,2007
2034,2028
2044,2028
2055,2023
2059,2043
2068,2068
2071,2023
2080,2031
2077,2046
2085,2039
2091,2039
2096,2048
2101,2039
2120,2021
2120,2071
2120,2033
2123,2017
2130,2038
2135,2048
2131,2057
2140,2052
2150,2011
2157,2058
2153,2064
2139,2007
2152,2042
2157,2044
2157,2073
2147,2028
2154,2052
2147,1991
2151,2047
2151,2071
2158,2002
2148,2040
2137,2071
2143,2025
2140,2057
2135,2063
2132,2064
2127,2077
2120,2015
2122,2056
2112,2069
2105,2040
2103,2044
2104,2015
2087,2039
2088,2063
2082,2039
2079,2042
2071,2088
2066,2035
2066,2063
2043,2053
2044,2035
2043,2044
2036,2035
2039,2025
2027,2077
2028,2045
2024,2063
2021,2066
2023,2045
2022,2056
2013,2040
2016,2025
2009,1985
2027,2039
2015,2800
2027,2011
2027,1720
2015,2722
2005,2948
1973,1891
1947,1677
1955,2096
1963,2606
2021,1958
2077,2118
2152,2717
2221,1683
2255,1684
2275,2284
2283,2008
2288,1505
2265,1868
2227,1607
2199,1194
2184,1816
2158,2025
2156,1892
2144,2139
2108,2308
2123,2398
2105,2365
2103,2276
2107,2002
2119,1867
2131,1845
2163,1961
2173,2053
2171,2056
2196,2000
2195,1975
2208,1872
2199,1945
2199,2056
2166,1899
2147,1992
2128,2011
2107,2001
2091,2129
2081,2292
2074,2221
2077,2084
2072,2025
2069,1935
2081,1964
2068,1967
2074,1946
2080,1960
2083,2041
2096,2055
2098,2138
2107,2092
2109,2072
2100,2108
2073,2099
2038,2003
1996,1954
1943,1951
1912,1871
1880,1905
1873,2007
1878,2128
1893,2142
1920,2099
1956,2138
1975,2150
1991,2184
1987,2087
1987,1975
1967,1958
1943,1932
1895,1832
1876,1875
1864,1917
1867,2032
1888,2103
1923,2160
1951,2141
1989,1884
2025,1773
2055,1928
2088,2125
2099,2197
2105,2157
2094,2123
2083,1984
2073,1916
2060,1935
2044,1991
2041,2076
2035,2117
2056,2137
2056,2109
2063,2039
2071,2012
2069,1937
2071,2011
2072,2055
2084,2095
2094,2063
2120,2084
2144,2065
2186,2041
2216,2080
2227,2096
2251,2110
2257,2068
2252,2071
2228,2122
2204,1990
2168,2030
2135,2024
2108,1957
2079,1971
2057,1933
2038,1975
2025,1977
2039,1999
2041,2052
2071,2117
2099,2137
2123,2158
2155,2168
2179,2160
2199,2056
2201,2011
2197,2011
2197,1929
2186,1894
2159,1910
2147,1901
2119,2004
2105,2039
2088,2136
2063,2112
2039,2161
2031,2149
2011,2205
2006,2086
1995,2028
1997,1958
1999,1966
2000,2007
2008,2007
2010,2063
2019,2072
2040,2080
2067,2089
2072,2068
2076,2103
2088,2085
2067,2036
2059,2056
2051,2032
2027,2011
2025,2032
2015,1981
2001,2026
2015,2113
2024,2063
2029,2076
2046,2072
2053,2093
2076,2120
2082,2086
2095,2079
2096,2066
2103,2008
2101,1991
2089,2068
2088,2039
2082,2005
2078,2032
2073,2012
2072,2019
2084,2023
2095,2026
2104,2096
2115,2111
2109,2124
2092,2073
2092,2039
2073,1949
2059,1946
2040,1913
2017,1975
2020,2021
2021,2085
2032,2107
2063,2120
2071,2036
2086,2075
2103,2067
2117,2106
2139,2065
2140,2067
2147,1980
2157,1970
2158,2056
2167,1973
2167,1891
2179,2013
2169,2120
2160,2119
2154,2080
2143,2094
2133,2116
2133,2080
2128,2027
2121,2092
2125,2007
2109,1981
2131,1996
2129,2015
2143,2048
2153,2090
2170,2096
2185,2093
2207,2102
2205,2104
2211,2035
2200,2071
2187,2136
2169,2070
2130,2032
2106,1939
2072,1993
2028,1960
2027,2027
2020,2052
2005,2076
2035,2067
2031,2088
2065,2088
2071,2108
2095,2056
2077,2073
2092,2039
2084,2136
2071,1981
2057,1999
2058,2032
2065,1988
2063,2078
2055,2068
2063,2067
2055,2063
2055,2067
2041,2103
2029,2116
2031,2068
2015,2073
2010,1993
1993,2010
1974,1980
1945,2014
1954,2012
1955,2000
1945,2026
1941,2087
1963,2112
1980,2065
1987,2042
2007,2063
2024,2040
2029,2069
2054,2063
2072,2044
2067,2044
2071,1975
2083,1992
2089,2063
2089,1985
2086,1970
2089,2026
2102,2139
2100,2056
2102,2003
2107,2045
2103,2015
2121,1971
2123,2012
2122,2139
2140,2135
2143,2002
2166,1980
2170,2125
2187,2059
2185,2023
2203,2092
2207,2087
2207,2033
2205,2071
2193,2088
2189,2064
2185,2084
2169,1968
2160,1955
2144,2003
2121,2096
2109,2012
2099,2022
2091,2113
2103,2072
2105,2103
2107,2148
2129,2077
2131,2056
2127,2003
2112,1971
2105,2007
2073,2017
2076,1995
2056,1969
2057,2026
2045,2139
2037,2075
2035,2074
2024,1993
2000,1965
1991,1999
1965,2037
1941,2118
1917,1948
1907,2068
1916,1991
1931,2063
1930,2080
1929,2100
1947,2021
1945,1987
1960,2096
1960,1995
1955,2088
1967,2033
1970,2075
1965,2022
1977,2024
1976,2040
1977,1980
1971,2003
1964,1993
1967,2015
1968,2068
1965,2007
1989,2063
1987,2123
2011,2071
2019,2030
2048,2028
2071,2132
2076,2065
2093,2080
2099,1989
2099,1946
2120,1966
2113,2067
2107,2041
2119,2039
2124,2001
2135,2083
2154,2137
2167,2110
2181,2073
2176,2065
2188,2129
2176,2179
2176,2200
2182,2063
2171,1891
2187,1899
2186,2071
2192,2033
2188,2066
2171,1979
2165,1995
2168,2029
2168,2063
2154,2029
2144,1997
2140,1946
2149,2079
2145,2089
2153,2075
2143,2107
2152,2077
2154,2069
2148,2068
2138,1978
2128,2002
2105,1899
2093,1977
2092,1955
2063,2088
2053,1992
2057,2092
2039,2045
2037,2052
2031,2009
2019,2124
2028,2115
2039,2069
2029,1963
2029,1953
2028,1991
2027,2014
2020,2025
2012,1993
2009,2088
1997,2068
1997,2053
1984,2055
1988,2057
1971,2040
1988,2017
1976,2104
1980,2057
1989,2075
1992,2027
2000,1992
2024,2017
2029,2019
2033,2075
2063,2066
2072,2042
2076,2061
2083,2075
2074,2082
2077,2144
2087,2123
2069,2106
2076,2029
2071,2079
2071,2044
2063,2032
2041,2112
2055,2104
2045,2043
2065,1994
2088,2023
2104,2072
2121,2124
2139,2144
2159,1990
2155,1947
2168,2018
2155,2076
2152,2104
2152,2010
2139,1991
2152,1923
2143,2023
2137,2080
2136,1988
2123,2104
2114,2098
2115,2084
2115,2025
2106,2032
2101,2075
2097,2026
2089,2039
2099,1969
2097,2037
2093,2065
2101,2056
2101,2029
2101,1979
2117,2023
2123,2232
2122,2166
2123,2030
2112,2040
2096,2071
2076,2001
2059,2079
2045,2030
2040,2070
2026,2056
2021,2120
2015,2006
2000,1981
1976,1944
1967,2085
1977,2055
1984,1977
1982,2066
1986,2059
1993,2072
2015,2123
2019,2120
2015,1960
2016,1933
2022,2040
2016,2033
2005,2098
2007,2023
1991,2093
2007,2200
2007,2221
1991,2124
1997,2108
1991,1976
1993,1873
2020,2167
1992,2037
1995,1913
1993,2082
2004,1995
2021,2040
2016,2031
2017,2092
2019,2040
2033,2043
2067,2211
2065,2157
2063,2184
2063,2055
2065,2029
2080,1996
2091,1975
2081,1994
2084,2005
2088,1995
2080,2110
2089,2090
2083,1991
2095,1992
2091,2064
2096,2085
2103,2024
2112,2052
2093,2091
2109,2015
2105,2032
2119,2080
2128,2138
2135,2091
2153,1913
2172,2007
2191,2110
2191,2093
2209,2085
2201,2108
2184,2117
2189,2078
2179,1979
2157,1975
2140,2035
2124,2054
2132,2039
2123,2080
2117,2063
2103,2004
2093,1992
2091,2038
2105,2069
2104,1979
2098,2069
2089,2081
2097,2031
2110,2010
2114,2092
2122,2079
2129,2022
2112,1974
2100,2023
2074,1907
2066,1966
2055,2072
2040,2003
2029,2113
2009,2123
2003,2052
1989,1977
1993,1931
1994,2093
1979,1975
1995,1895
2000,2071
2003,2124
1997,2171
2007,1977
2001,2008
1991,1967
1991,1918
1991,1993
2001,1999
2001,1981
1995,2012
2008,2192
2015,2168
2024,1958
2003,2067
1999,2011
2002,1891
1998,2016
1981,2063
1981,2033
1984,2067
2001,2111
2023,2143
2026,2105
2026,1951
2025,2123
2037,1998
2067,1980
2067,1963
2067,1993
2104,2069
2115,2041
2135,2065
2149,2079
2135,2097
2135,1970
2117,1931
2107,1957
2117,1995
2095,2071
2097,2030
2101,2097
2109,2211
2119,2157
2139,1912
2144,2078
2135,2059
2151,2132
2171,2063
2161,2057
2192,2043
2187,1938
2193,2136
2195,2125
2179,1969
2171,2077
2154,2139
2151,2243
2145,2101
2121,2007
2122,1879
2112,1875
2109,1943
2110,2165
2092,2071
2081,2055
2081,2008
2067,2088
2093,2187
2093,2264
2087,2321
2105,2043
2099,1891
2120,1783
2092,1837
2069,2033
2063,2015
2037,2023
2025,1916
2018,2088
1997,1943
1995,1968
1991,1912
1982,2013
1992,1854
1989,1896
1995,2238
1981,2209
1975,1976
1982,2011
1981,2093
2015,2164
2017,2124
2005,1905
2000,1822
2003,1917
2021,1899
2011,2291
2010,1979
2025,2067
2011,2007
2012,2006
2032,1881
2029,2063
2029,2352
2014,2355
2015,1863
2028,1943
2029,1864
2030,1960
2025,2245
2035,2272
2061,2150
2059,2272
2060,1953
2079,1950
2077,1991
2088,2063
2101,2240
2103,2107
2135,2076
2144,2037
2152,2026
2153,1908
2151,1995
2158,1893
2180,2088
2161,2063
2155,2025
2145,2152
2152,1864
2165,1877
2148,2143
2137,2138
2136,2011
2120,2026
2118,2039
2123,1961
2115,2158
2136,2192
2136,2397
2124,2070
2137,1969
2161,1943
2171,2122
2181,2161
2157,2129
2157,2056
2141,2025
2128,2210
2119,2364
2080,2105
2066,1782
2038,2081
2016,2278
2013,1869
2024,1963
1993,2176
1995,1952
1991,1883
1999,1889
2003,1916
1980,1920
1992,1814
2009,1824
2018,1905
2024,2065
2027,2285
2024,2079
2023,1923
2009,1988
1981,2040
2001,2073
1972,2087
1976,2007
1979,2240
1972,1817
1959,2191
1947,2182
1935,2110
1931,1720
1911,2234
1916,1997
1958,1933
1960,1943
1981,2068
2016,1892
2011,1992
2041,2030
2030,1965
2039,2281
2060,2078
2043,2087
2059,2235
2071,1965
2067,1987
2075,2027
2079,1833
2063,1845
2039,1943
2024,1825
2042,2065
2063,1821
2069,2084
2080,2304
2099,2112
2124,2000
2127,2296
2143,2063
2151,1752
2152,1962
2152,1989
2168,2022
2184,1873
2194,1867
2200,2067
2189,2066
2190,1967
2171,2248
2155,2232
2131,1933
2127,1877
2148,2169
2117,2147
2124,2129
2119,1833
2109,1981
2116,1883
2085,1637
2085,1856
2091,2455
2083,2187
2089,2148
2101,2151
2096,2028
2120,1841
2095,2085
2083,2463
2090,2605
2088,2232
2071,2072
2063,2003
2044,1958
2057,1969
2044,2063
2021,1688
2040,1520
2015,2027
1991,1957
1975,1848
1960,2231
1975,3123
1987,2649
1964,2217
1976,1742
1984,2056
1979,2173
1996,1479
2007,1116
2003,1952
2007,2206
2003,2264
2000,2364
1995,2771
2040,2545
2028,2101
2026,1580
2023,1939
1987,1843
1999,1772
2000,2099
1976,2105
1999,2213
1981,2176
1979,2172
2011,2608
2029,2056
2067,2024
2071,1779
2067,1759
2075,1472
2071,1896
2101,1612
2104,2227
2120,2159
2134,2320
2119,2472
2123,2098
2153,1747
2109,1608
2133,2064
2151,1482
2108,1864
2137,1708
2155,2139
2123,2292
2158,2140
2151,2087
2124,2387
2167,1688
2143,1931
2124,2699
2160,2345
2131,2133
2144,2019
2155,1675
2160,1863
2171,1927
2156,2072
2127,2540
2141,2271
2144,1946
2155,2501
2134,1496
2128,1882
2094,2165
2068,1981
2095,2083
2087,2600
2063,2286
2071,2120
2063,2023
2029,1826
2063,2009
2055,1688
2040,1837
2072,2207
2031,2176
2056,1820
2069,2048
2055,1929
2055,1769
2057,2075
2031,2491
2067,1851
2051,2076
2023,1943
2029,2317
2011,2300
2006,2172
1987,2617
2008,2352
1990,2075
1967,1608
1950,1920
1945,1271
1963,2029
1992,2005
1999,2360
2003,2176
2023,2145
2047,2063
2057,2019
2053,1966
2063,1578
2072,2376
2043,1895
2048,1954
2057,1896
2074,2101
2080,1999
2060,1933
2053,1555
2041,1924
2039,2039
2063,2493
2088,2680
2109,2311
2124,2300
2123,1609
2115,1656
2129,2333
2107,2079
2123,2548
2103,3865
2103,2763
2136,1954
2107,2020
2117,1570
2149,915
2135,1534
2158,1765
2160,2079
2124,1773
2176,2430
2157,1489
2136,1863
2169,1461
2129,1833
2139,1819
2140,1715
2063,2236
2088,1991
2121,2010
2069,2207
2114,1780
2108,1952
2104,1457
2122,1708
2067,999
2085,1497
2106,1517
2071,2479
2083,2155
2070,2491
2052,1902
2093,1684
2076,1623
2043,1703
2063,2275
2009,1842
2031,2359
2021,1941
2017,1721
2053,1832
2011,2767
2012,1945
1984,1979
1952,2856
1965,1503
1975,1173
1943,1710
1979,2237
1961,1434
1989,2146
1988,1861
2000,2295
2019,1664
2003,1575
2009,1792
1967,2336
1971,2341
1984,2481
1969,2941
2003,2175
1987,1342
1977,1235
2003,2200
1980,1337
1971,1592
2011,3603
1991,4095
2015,2877
2004,2168
2019,2487
2057,2696
2052,1804
2066,1339
2092,1946
2084,2365
2089,1530
2075,1544
2063,2055
2084,1896
2086,1575
2077,1726
2080,1904
2087,1648
2083,2420
2072,2837
2087,2763
2079,2569
2076,2419
2089,2292
2066,1634
2099,1691
2108,1988
2123,2063
2132,1968
2126,2028
2116,2117
2136,1992
2116,1975
2112,2121
2120,2127
2111,1824
2115,1843
2099,1938
2104,1927
2104,1867
2091,2073
2101,2321
2095,2031
2095,2055
2097,2155
2081,2023
2090,1876
2087,1915
2072,2071
2065,2091
2047,2014
2025,2112
2032,2187
2026,2069
2024,1993
2031,1987
2032,2039
2036,1977
2015,1939
2021,2047
2017,2053
2019,2080
2035,2178
2027,2154
2030,2081
2019,2039
2009,2005
2012,2010
1997,2023
1977,1995
1977,2060
1965,2111
1974,2048
1977,2015
1984,2039
1983,2124
1987,2067
1992,2067
2006,2044
2014,2077
2020,1978
2028,2001
2033,2021
2040,2075
2048,2109
2045,2094
2056,2009
2035,2015
2029,1995
2041,1949
2041,2026
2035,2031
2056,2059
2064,2029
2064,2089
2065,2008
2072,2040
2080,2090
2071,2095
2075,2092
2076,2057
2088,2040
2089,2021
2101,2027
2099,2030
2104,2091
2112,2088
2119,2063
2107,2028
2119,2064
2123,1989
2119,2066
2125,2027
2120,2015
2122,2041
2109,2021
2115,2073
2103,2038
2099,2035
2093,2043
2089,2080
2092,2017
2099,2040
2093,2005
2093,2053
2093,2067
2096,2074
2091,2058
2095,2072
2087,2040
2075,1979
2057,2040
2048,2029
2038,2036
2025,2063
2023,2035
2012,2079
2007,2056
1992,2059
1997,2063
1987,2015
1995,2012
1983,2013
1977,2070
1970,2033
1972,2059
1972,2073
1968,2044
1971,2067
1961,2057
1971,2035
1956,2040
1960,2066
1957,2027
1959,2009
1965,2056
1958,2044
1959,2048
1955,2023
1953,2027
1945,2027
1947,2037
1956,2037
1959,2072
1959,2077
1968,2025
1961,2012
1971,2021
1971,2034
1976,2001
1980,2024
1980,2067
1987,2023
1999,2028
2008,2071
2007,2008
2015,2003
2027,1995
2032,2009
2035,2058
2042,2029
2040,2072
2060,2077
2060,2057
2056,2017
2045,2029
2059,2003
2065,2039
2067,2039
2064,2021
2068,2025
2077,2029
2084,2013
2091,2065
2091,2063
2093,2091
2103,2077
2105,2036
2101,2071
2105,2067
2107,2027
2107,2043
2094,1994
2099,1991
2087,2040
2083,2036
2074,2009
2071,2043
2067,2076
2077,2027
2068,2079
2069,2022
2067,2039
2056,2063
2044,2045
2040,2039
2035,2019
2029,2028
2024,2025
2023,2067
2009,2040
2014,2079
2007,2015
2004,2011
1989,2072
2001,2027
1981,2058
1979,2072
1979,2036
1971,203