2060,2027
2063,2055
2075,2037
2072,2067
2073,2039
2087,2063
2093,2011
2096,2035
2101,2068
2113,2009
2110,2011
2115,2043
2125,2033
2128,2007
2133,1995
2137,2015
2137,2068
2145,2055
2147,2003
2153,2063
2143,2057
2156,2020
2152,2025
2154,2011
2152,2073
2153,2076
2153,2076
2149,2063
2145,2071
2144,2072
2145,2035
2135,2033
2131,2068
2131,2056
2121,2044
2121,1981
2126,2027
2120,2066
2112,2039
2104,2058
2103,2002
2100,2021
2094,2039
2087,2062
2079,2048
2079,2022
2071,2019
2067,2063
2058,2015
2057,2009
2029,2057
2035,2066
2035,2037
2029,2057
2026,2088
2023,2019
2014,2034
2011,2067
2015,2043
2016,2052
2001,2035
2007,2029
2000,2071
2000,2040
1994,2031
2000,2006
1993,2037
2001,2055
2000,2056
1993,2063
2004,2019
2008,2063
2007,2079
2006,2070
2003,2079
2013,2042
2012,2056
2027,2058
2024,2039
2019,2071
2021,2036
2027,2041
2037,2007
2043,2038
2056,2068
2063,2020
2063,2036
2067,2037
2075,2058
2068,2023
2077,2057
2089,2009
2091,2025
2099,2022
2103,2040
2108,2059
2108,2067
2122,2028
2124,2063
2130,2043
2129,1995
2123,2048
2127,2048
2129,2024
2141,2063
2138,2067
2143,2039
2143,2039
2145,2033
2150,2028
2141,2044
2139,2074
2138,2057
2139,2066
2139,2001
2126,2029
2128,2019
2127,2074
2119,2067
2116,2008
2106,2037
2117,2032
2104,2072
2101,2044
2093,2072
2096,2018
2089,2020
2087,2030
2076,2051
2077,2012
2063,2037
2063,2069
2056,2043
2040,2043
2038,2024
2031,2044
2035,2076
2023,2046
2024,2076
2012,2028
2008,2069
2008,2064
2007,2072
2000,2011
2000,2023
1987,2072
2000,2071
2000,2019
1993,2011
1994,2036
1979,2019
1995,2067
1999,2023
1998,2045
1997,2063
2001,2070
2003,2054
2005,2038
2007,2029
2011,2025
2013,2063
2020,2066
2011,2011
2027,2025
2027,2064
2036,2013
2035,2003
2043,2066
2056,2041
2063,2019
2057,2038
2063,2027
2071,2075
2073,2053
2084,2057
2085,2059
2096,2042
2096,2060
2105,2072
2109,2065
2106,2065
2119,2060
2127,2077
2123,2064
2138,2032
2136,2074
2144,2011
2139,2043
2149,2063
2149,2001
2143,2042
2145,2033
2149,2080
2152,2058
2151,2035
2153,2040
2147,2023
2137,2019
2144,1996
2147,2023
2131,2045
2139,2080
2125,2065
2131,2067
2123,2053
2113,2068
2111,2075
2110,2059
2099,2047
2091,2077
2091,2065
2092,2067
2086,2072
2079,2056
2073,2012
2072,2052
2071,2027
2055,2064
2041,2017
2051,2073
2029,2060
2027,2063
2021,2065
2019,2044
2011,2051
2011,2089
2011,2039
2007,2076
2002,2055
2012,2009
2007,2033
1994,2056
1991,2019
1999,2057
1988,2058
1991,2043
1999,2004
2000,2025
1994,2058
1995,2066
2006,2043
2008,2060
1997,2024
2007,2037
2016,2065
2015,2075
2023,2035
2021,2056
2032,2067
2032,2063
2039,2011
2056,2021
2058,2066
2055,2043
2057,2071
2065,2007
2067,2041
2077,2042
2089,2037
2088,2023
2087,2013
2093,2055
2099,2044
2099,2067
2103,2064
2127,2041
2117,2070
2119,2023
2120,2047
2126,2054
2136,2067
2137,2030
2140,2025
2135,2066
2139,2027
2139,2073
2137,2042
2143,2009
2143,2042
2133,2040
2147,2027
2129,2042
2141,2074
2135,2053
2135,2044
2123,2042
2128,2027
2112,2019
2112,2053
2112,2017
2107,2056
2100,2043
2099,2044
2091,2067
2079,2075
2081,2073
2077,2025
2079,2071
2043,2019
2041,2055
2039,2017
2048,2037
2037,2047
2028,2003
2027,2072
2024,2019
2019,2039
2018,2037
2011,2055
2010,2063
1999,2009
2007,2041
1998,2017
2000,2039
1994,2053
1987,2072
1993,2003
1991,2045
1988,2072
1977,2027
1987,2017
1989,2011
1987,2025
1991,2032
1994,2066
1996,2044
1996,2011
2001,2065
2008,2003
2003,2065
2012,2027
2016,2028
2024,2048
2028,2024
2022,2036
2025,2003
2040,2056
2044,2054
2058,2001
2063,2011
2068,2063
2068,2028
2073,2068
2071,2035
2078,2070
2075,2043
2093,2055
2096,2067
2104,2057
2107,2021
2111,2025
2124,2017
2125,2038
2127,2040
2128,2020
2126,2025
2133,2032
2144,2019
2143,2033
2133,2005
2144,2007
2143,2023
2145,2048
2144,2071
2133,2074
2137,2071
2133,2057
2122,2028
2139,2045
2133,2038
2129,2027
2125,2024
2120,2035
2107,2063
2105,2045
2101,2043
2103,2048
2106,2046
2105,2057
2092,2012
2092,2025
2075,2048
2082,2019
2075,2047
2063,2058
2063,2072
2055,2035
2054,2058
2041,2063
2037,2077
2030,2066
2028,2069
2024,1995
2015,2015
2016,2027
2011,2072
2005,2078
2009,2071
2010,2015
2007,2072
2008,2017
2007,2053
2007,2088
2004,2037
2009,2051
2004,2027
2008,2040
2008,2070
2008,2028
2007,2054
2007,2035
2019,2025
2010,2039
2021,2032
2024,2025
2024,2069
2027,2063
2040,2061
2039,2065
2048,2033
2056,2043
2064,2064
2064,2048
2072,2020
2077,2009
2075,2046
2087,2020
2087,1997
2091,2010
2096,2067
2105,2066
2097,2033
2107,2033
2120,2048
2129,2075
2124,2043
2133,2009
2137,2047
2131,2047
2145,2039
2147,2041
2140,2059
2147,2056
2145,2071
2146,2029
2148,2009
2152,2019
2149,2031
2148,2027
2143,2063
2146,2072
2143,2043
2136,2040
2135,2055
2127,2048
2122,2072
2123,2053
2119,2053
2116,2041
2103,2033
2101,2055
2097,2044
2093,2017
2085,2029
2080,2071
2084,2056
2073,2019
2067,2076
2056,2063
2063,2056
2042,2009
2038,2055
2027,2019
2028,2039
2027,2067
2030,2019
2015,2055
2011,2037
2003,2060
2002,2079
1995,2068
1996,2021
1975,2019
1994,2035
1981,2076
1991,2009
1981,2080
1988,2038
1984,2034
1975,2072
1993,2015
1987,2053
1984,2019
1991,2046
1991,2007
1998,2066
1995,2039
1995,2019
1999,2026
2009,2067
2012,1995
2014,2055
2019,2055
2025,2017
2035,2030
2039,2040
2042,2042
2039,2043
2043,2003
2053,2069
2063,2036
2073,2011
2073,2008
2081,2057
2080,2023
2088,2041
2088,2029
2098,2013
2097,2015
2106,2004
2109,2029
2112,2076
2119,2023
2120,2029
2120,2059
2127,2053
2134,2037
2136,2017
2129,2029
2131,2051
2122,2047
2132,2011
2123,2063
2133,2021
2121,2083
2123,1805
2119,2229
2123,2423
2112,1746
2093,1208
2073,1607
2063,2297
2053,2231
2037,1799
2063,1923
2097,2216
2120,1724
2147,2062
2169,2830
2184,2741
2200,2541
2195,2541
2167,2103
2152,1773
2136,1825
2114,1923
2103,1835
2085,1987
2080,1976
2069,2063
2048,2211
2027,2265
2011,2293
2002,2473
2007,2264
1993,2179
2012,2115
1997,2015
1997,1876
2007,1992
2007,1929
2011,2003
2012,2083
1993,2020
1991,2000
1971,2125
1959,2083
1949,2096
1955,2097
1963,2029
1956,2067
1949,2009
1953,2001
1959,1995
1971,2040
1971,1992
1975,2010
1979,2009
1995,2063
2008,2068
2024,2011
2027,2094
2047,2096
2061,2103
2047,2080
2040,2079
2013,2011
2005,1963
1991,2000
1979,2007
1979,2003
1982,2007
1999,2024
2020,2112
2035,2089
2063,2146
2073,2099
2081,2141
2085,2041
2080,1989
2072,1945
2065,1929
2048,1937
2063,1927
2047,2001
2067,2110
2083,2083
2093,2111
2116,2083
2145,2152
2167,2087
2188,2121
2200,2120
2187,2031
2192,1999
2176,1939
2169,1975
2168,1995
2147,2031
2142,2063
2136,2088
2127,2083
2124,2035
2121,2065
2123,2093
2099,2120
2097,2066
2091,2096
2091,2101
2073,2118
2075,2155
2081,2073
2093,1993
2103,1974
2105,2048
2123,2044
2113,2055
2120,2057
2105,2071
2093,2063
2073,2081
2042,2007
2021,2020
2004,1996
1976,1990
1951,2005
1952,1984
1939,2019
1940,2033
1953,2044
1953,2068
1975,2128
1995,2107
2006,2097
2012,2093
2037,2044
2035,2044
2053,1963
2056,1965
2055,1972
2047,2008
2046,1977
2044,1993
2032,2088
2027,2081
2021,2069
2015,2068
2013,2057
2014,2035
2011,2040
2013,2004
2011,2037
2025,2011
2035,2017
2060,2013
2063,2043
2071,2024
2084,2080
2107,2044
2121,2037
2129,2090
2136,2041
2148,2080
2151,2040
2153,2040
2157,1976
2151,2024
2152,2032
2157,2026
2169,2027
2163,2041
2157,2080
2174,2043
2183,2063
2187,2037
2187,2053
2200,2033
2194,2035
2189,2003
2174,2068
2157,2079
2150,2017
2141,2029
2117,2015
2115,2011
2112,2011
2108,2023
2104,2025
2097,2036
2085,2058
2087,2059
2072,2064
2043,2011
2039,2063
2023,2011
2011,2003
2003,2007
1989,2024
1983,2017
1981,2040
1977,2059
1971,2063
1965,2055
1963,2071
1979,2023
1978,2021
1997,2043
1984,2009
1992,2015
1997,2017
2007,2043
2008,2072
2014,2068
2011,2055
2001,2057
2004,2067
2002,2028
1987,2040
1986,2045
1977,1997
1979,2056
1975,2041
1982,2048
1992,2074
2004,2055
2020,2037
2040,2056
2056,2030
2067,2070
2077,2099
2103,2066
2103,2024
2116,2041
2115,2009
2113,2038
2107,2015
2101,2013
2101,1996
2094,2074
2088,2005
2090,2018
2100,2063
2112,2029
2128,2112
2139,2110
2143,2095
2168,2051
2175,2063
2187,2040
2197,2046
2197,2027
2200,2040
2196,2053
2195,2080
2187,2080
2183,2079
2183,2057
2174,2023
2164,2029
2154,2056
2147,2050
2135,2071
2125,2028
2110,2004
2103,2081
2096,2096
2085,2100
2083,2068
2068,2069
2069,2051
2071,2068
2063,2024
2063,2003
2043,2023
2043,2083
2038,2055
2027,1994
2027,2052
2030,2037
2025,2033
2018,2035
2011,2082
2008,2051
2007,2032
2008,2021
2006,2055
2004,2042
2007,2039
2001,2097
2012,2019
2011,2032
2003,2029
2007,2013
1997,2028
2003,2041
1995,2025
2004,2076
2007,2041
2009,2021
1996,2039
2009,2045
2009,2003
1997,2061
2004,2040
2012,2063
2012,2029
2016,2006
2020,1975
2019,2012
2028,2045
2033,2076
2030,2020
2032,2071
2027,2067
2033,2033
2039,2066
2056,2037
2068,2085
2076,2023
2080,2007
2094,2083
2104,2045
2110,2063
2115,2096
2108,2063
2118,2030
2117,2064
2103,2079
2104,2019
2110,2056
2104,1987
2097,2043
2104,2090
2103,2037
2099,2037
2108,2009
2099,1962
2099,1927
2091,2012
2094,2004
2088,2034
2100,2041
2101,2119
2105,2041
2119,2077
2112,2018
2108,2035
2118,2040
2109,2013
2094,2099
2091,2063
2084,2070
2080,2025
2076,1993
2063,2024
2066,1987
2065,2001
2063,2053
2057,2071
2046,2070
2038,2074
2043,2115
2043,2075
2035,2098
2047,2133
2056,2108
2063,1987
2056,1989
2039,1991
2027,1965
2033,2029
2023,2039
2015,2054
2006,2071
2008,2036
2003,2072
2011,2126
2011,2096
2005,2067
1992,2112
1999,2072
1979,2014
1971,2079
1975,2063
1971,1959
1976,1960
1989,1959
1988,2019
1999,2107
2025,2183
2037,2133
2031,2041
2052,1995
2036,2028
2036,2023
2043,1933
2028,1936
2045,2000
2035,1969
2056,2015
2072,2144
2070,2110
2081,2034
2092,2051
2088,2028
2109,2039
2103,2018
2112,1915
2116,2074
2107,2088
2111,2070
2121,2065
2128,2028
2136,2063
2135,2063
2136,2040
2141,2040
2137,1913
2137,2017
2139,2068
2143,2037
2139,2134
2139,2164
2152,2041
2168,1988
2163,2029
2157,2123
2152,2032
2145,1978
2147,2083
2143,2079
2135,1960
2138,2027
2133,2034
2152,2015
2145,2139
2144,2164
2144,2071
2123,2057
2129,2012
2089,1992
2084,1865
2073,2007
2067,2123
2075,2027
2073,2063
2067,2110
2080,2088
2072,2093
2057,2077
2054,2040
2031,1987
2019,1923
2004,1993
1991,2055
1992,2004
1989,2015
1991,2070
1991,2038
1990,1969
1992,2022
1977,2022
1976,2004
1989,2004
1979,2069
1968,2013
1992,1969
1984,2030
1992,2055
2004,2029
2005,2060
2017,2191
2020,2071
2025,2053
2021,2024
2016,2058
2015,2016
2011,2087
2003,2082
2024,2158
2026,2092
2025,2067
2029,2001
2035,2019
2053,2024
2068,2101
2071,2144
2087,2040
2075,1912
2108,2151
2100,1943
2127,1998
2135,2088
2120,2115
2128,1988
2128,2032
2112,2032
2109,2217
2107,1943
2123,1965
2143,2001
2125,2029
2134,1955
2136,2051
2136,2169
2151,2135
2150,1943
2151,2081
2165,1920
2171,1967
2172,2065
2164,2028
2146,1871
2155,2060
2145,2071
2142,2192
2129,2087
2115,2112
2120,2048
2103,2069
2111,2110
2109,2080
2085,2070
2093,2043
2084,2037
2085,2044
2095,2106
2087,2011
2081,2026
2077,2013
2070,2081
2065,2064
2043,1948
2039,1954
2040,2071
2024,1971
2023,1940
2013,2091
2003,2085
2001,1911
2007,1897
2024,2198
2028,2103
2031,2016
2053,2066
2039,2039
2053,1950
2047,2022
2027,2068
2024,2025
2016,2047
2009,1997
1993,2081
1984,2117
1984,2072
1983,2055
2007,2151
2012,2089
2009,2015
2023,2145
2040,2173
2072,2120
2073,2130
2081,2056
2085,2022
2092,2109
2096,2071
2080,2021
2091,1918
2075,2100
2083,1939
2072,1974
2076,1975
2084,1951
2075,1982
2088,2084
2092,2062
2091,2021
2107,2025
2123,1943
2130,1894
2132,2020
2151,2092
2149,2017
2170,2205
2172,2109
2185,1997
2176,2125
2171,2128
2176,2012
2157,2080
2157,2120
2140,2016
2119,1824
2109,2067
2108,1960
2107,2073
2125,2027
2117,2082
2123,2104
2125,2126
2111,1996
2120,2012
2112,2040
2120,2165
2119,1933
2128,2067
2123,2032
2112,1931
2099,1823
2095,2156
2077,2109
2073,2068
2075,1980
2080,2082
2083,1865
2069,1944
2066,1931
2055,2152
2053,2105
2044,2073
2036,2025
2012,2015
2015,2097
2010,2100
2016,2168
2022,2002
2018,2052
2029,2091
2021,2133
2032,2007
2032,1992
2029,2128
2058,2053
2047,1928
2032,2000
2020,2009
2017,1949
2027,1979
2027,2018
2035,2053
2036,2020
2067,1970
2079,2112
2076,2032
2072,2005
2071,2071
2073,2087
2073,2053
2073,1916
2081,1926
2073,2011
2097,2063
2115,2063
2129,2176
2132,2106
2128,2003
2137,2033
2131,2071
2117,2184
2125,2051
2137,2066
2136,1957
2158,2080
2139,2163
2133,2060
2143,1908
2161,2040
2168,2153
2168,2163
2153,2015
2167,1905
2163,1993
2163,1915
2156,1890
2147,2124
2147,2084
2161,1981
2171,1873
2173,2032
2174,2109
2173,2063
2173,1907
2152,2144
2152,2136
2149,1976
2133,2125
2130,2157
2122,1909
2087,1917
2094,2081
2075,2129
2045,2230
2034,2176
2031,2255
2044,1906
2075,2076
2079,2109
2076,2090
2067,1960
2056,1984
2071,1934
2075,2191
2052,1907
2038,1787
2020,2060
2023,2169
2034,2021
2008,2025
2004,2229
1995,2006
1992,1883
1997,1971
1989,2085
1993,2161
2001,2079
2004,2119
1997,2127
2008,1979
2007,1972
1999,2048
2008,1960
2011,2003
2023,2056
2028,2175
2040,1967
2065,1957
2071,2157
2063,2078
2080,2035
2075,2083
2069,1928
2065,1887
2065,2043
2072,1939
2069,2196
2063,1945
2087,2026
2081,2075
2099,2221
2103,2131
2096,2123
2107,2137
2108,1953
2119,1920
2120,2147
2112,2080
2113,1996
2112,1916
2119,1952
2119,1944
2115,2132
2115,2158
2126,2131
2124,2219
2137,2043
2139,1879
2135,2113
2135,2089
2107,1961
2120,1975
2123,2186
2119,2319
2120,2194
2105,2132
2123,1965
2131,1959
2138,2148
2128,2269
2128,2171
2112,2171
2115,1917
2117,2173
2104,2016
2103,1884
2069,2012
2069,2206
2073,1942
2070,1820
2036,2029
2043,2556
2043,2147
2071,2059
2071,2377
2065,2075
2073,1701
2056,2117
2041,2155
2026,2072
2028,1824
2012,2169
2030,2309
2028,2148
2025,1996
2000,2146
2016,2153
2031,2102
2007,2279
2005,1954
1988,2174
1991,1762
2017,1944
2021,2088
2017,2224
2018,2076
1995,1907
2025,2075
2055,2055
2031,2195
2037,2131
2039,2171
2066,2095
2081,2239
2074,1957
2083,1773
2072,1947
2055,2199
2075,2062
2079,2021
2077,2075
2079,2254
2080,2104
2088,2283
2080,2043
2083,2143
2090,1895
2087,2043
2103,2012
2115,1960
2112,1993
2123,2071
2139,2153
2151,2197
2152,1984
2123,1936
2136,1976
2143,1860
2167,2200
2186,2252
2176,1936
2191,1992
2180,1996
2187,2119
2173,2022
2140,1911
2140,2001
2141,1964
2135,1873
2152,2183
2143,1879
2149,1816
2147,1911
2129,2001
2148,1849
2119,1993
2117,2109
2128,2353
2136,1932
2151,1896
2124,2068
2109,1981
2121,1888
2101,1952
2088,2120
2071,2176
2074,2043
2088,2040
2088,2209
2093,1980
2083,2071
2051,1866
2032,1957
2004,2002
1992,2123
1973,2159
1971,2035
1997,1926
2024,1971
2040,1931
2044,2127
2052,2063
2036,1873
2021,1951
2028,2300
2025,2240
2032,2123
2020,2071
2021,2273
2052,2128
2040,2117
2015,1941
1995,1960
1985,1801
1976,1899
1979,2025
1987,2078
1999,2315
2008,2087
2011,2137
2024,1770
2037,1931
2011,2056
2044,2043
2069,1957
2080,2114
2100,2101
2105,1971
2099,1985
2120,1897
2107,2066
2096,1963
2088,1995
2071,2000
2073,2055
2087,1936
2096,2053
2112,2153
2123,2026
2115,2117
2119,1987
2131,1929
2135,1913
2145,1913
2144,1821
2154,1889
2159,1937
2182,2229
2185,1861
2173,1865
2156,2260
2152,2207
2133,2107
2127,1981
2106,1712
2118,2025
2129,1639
2120,2075
2144,2067
2132,2168
2143,2185
2133,2215
2107,1896
2125,2029
2083,2148
2069,2328
2075,1881
2076,1799
2081,2125
2041,2120
2039,1801
2041,1998
2025,2067
2032,2066
2026,2037
2019,2134
2027,2039
2018,1815
2019,1769
2021,2076
2018,2167
2005,2008
1997,2081
1983,2129
2015,2071
2005,1962
1997,2185
2004,2424
1970,2079
1997,1799
1984,2139
1987,1637
1999,2171
1976,2025
2007,2112
2007,2021
2007,2075
2040,1627
2028,1877
2032,1842
2044,2076
2015,1783
2030,1897
2040,2072
2028,2083
2057,2139
2029,2219
2040,2340
2072,2363
2064,2068
2070,1713
2072,2073
2057,1963
2088,2169
2097,2171
2081,2103
2109,2087
2119,2119
2139,1968
2163,2003
2166,2286
2176,2196
2165,2113
2139,1865
2153,2512
2130,2136
2124,2020
2139,2047
2117,2070
2119,1764
2127,1964
2115,1837
2142,2237
2123,1931
2135,2069
2144,1801
2139,1806
2151,1762
2163,2318
2165,1942
2171,2026
2167,2056
2155,2344
2146,2195
2135,1981
2134,2352
2120,2473
2099,1911
2094,1576
2092,2112
2073,1835
2075,1940
2071,1581
2065,2175
2073,2127
2032,1912
2065,1770
2063,2379
2063,2080
2067,2192
2065,1652
2055,2158
2058,2185
2039,2079
2016,2127
2037,2348
2057,1881
2035,2067
2029,1991
2052,2026
2015,1685
2012,1681
2016,1668
1999,1837
1999,2053
1988,1995
1969,2417
1995,2195
2040,1817
2028,2121
2033,2083
2025,1905
2003,2022
2019,2073
2027,1949
2034,2147
2043,2117
2021,2350
2017,2243
2063,2465
2035,2088
2075,2341
2080,2659
2075,2157
2089,2011
2079,2056
2089,1845
2130,2089
2093,1823
2074,2328
2087,2409
2093,2324
2091,1956
2085,2440
2097,1673
2121,1821
2131,1925
2131,2125
2155,2265
2145,2263
2143,2063
2144,2183
2115,1893
2137,1831
2157,2428
2145,2072
2149,1743
2165,1636
2151,1711
2153,1544
2139,2295
2144,2168
2144,2391
2139,2274
2129,2220
2119,1943
2107,2044
2107,2126
2096,1998
2099,2137
2111,2232
2104,2258
2093,2333
2099,2063
2097,1877
2116,2097
2106,1425
2126,1610
2093,2403
2063,1687
2081,1889
2059,2231
2040,1939
2067,1679
2003,2015
2008,2258
2007,2136
1963,2229
2015,1840
2011,2174
1978,1940
2024,1866
1983,1926
1971,2004
2017,1950
1996,2019
2003,2160
2008,1936
1969,1930
1977,2163
1997,2224
1997,1633
2029,2184
2015,2406
1987,1959
1985,2528
1976,2145
1992,1993
2025,1924
2007,1547
2012,2099
1994,1891
1988,2069
2020,1936
2007,1728
2032,1981
2057,1947
2033,2171
2047,2108
2039,1792
2055,2452
2087,2492
2063,2187
2063,2117
2075,2451
2048,1940
2087,1655
2075,2389
2075,1869
2108,2021
2085,2465
2088,1904
2108,2328
2094,1871
2124,1640
2134,2249
2104,1466
2134,1943
2136,2231
2129,2007
2135,1673
2106,1728
2130,2375
2143,2135
2092,2203
2120,1563
2131,2037
2105,2104
2127,1740
2104,1936
2073,2120
2103,1516
2091,2263
2100,2260
2087,2052
2071,2635
2095,2129
2089,2287
2065,2286
2083,2209
2076,2275
2056,2377
2025,2295
2041,2048
2040,2643
2044,2349
2035,1961
2019,1600
2027,2148
2016,1875
2009,2029
1997,2015
2009,1963
1979,2580
1941,2309
1951,2441
1952,2163
1976,1287
1993,1744
1955,1936
1984,2020
1973,2271
1963,2366
1984,1768
1977,1931
2008,1972
2001,1687
1969,2112
1984,2274
1981,1608
2005,2067
2012,2575
2005,2128
2027,2341
1993,2195
2005,2127
2017,2063
2005,1764
2054,1979
2035,2427
2004,2833
2027,2345
2028,2503
2032,2000
2054,1416
2016,1584
2034,2292
2041,2115
2030,2066
2065,2187
2082,1915
2085,2136
2107,2112
2089,1895
2117,1836
2144,2074
2134,1978
2151,1968
2136,1845
2117,1933
2130,2128
2125,1987
2111,1867
2107,1621
2121,2052
2121,2250
2092,2055
2105,2040
2081,2112
2096,2029
2110,2063
2113,2075
2121,1823
2109,1724
2121,1747
2114,1523
2087,2144
2120,2343
2083,1976
2072,2249
2085,1631
2084,2786
2079,2194
2043,1302
2054,2091
2072,1975
2040,1621
2041,1731
2013,2323
2027,2032
1996,2084
1983,2606
1990,2201
2001,2067
1995,1940
1989,1749
1976,1943
1967,2296
1988,1931
1987,1981
1992,2367
1990,1468
1993,2044
1987,2168
1972,2163
1993,2169
1961,2274
1994,2449
1959,1917
1949,2046
1960,1315
1947,1711
1980,1955
1968,2169
1955,2335
1975,2331
1956,1976
1965,2280
1984,2188
1993,1367
1995,1783
1989,2037
2003,2749
2024,2565
2007,2187
2017,2022
2040,2027
2038,2511
2041,2291
2054,1526
2040,1673
2076,2147
2078,2077
2088,2216
2073,2011
2068,2231
2082,2036
2063,1655
2068,1900
2076,2100
2073,2080
2109,2243
2091,2179
2124,1948
2123,2009
2107,2091
2124,1888
2118,1960
2115,2087
2123,2174
2120,1949
2122,2033
2119,2141
2112,2115
2136,1917
2124,1953
2121,2069
2109,2055
2088,2088
2087,2045
2088,2103
2088,2035
2077,2073
2067,1953
2071,2041
2063,1980
2043,2102
2061,2023
2037,2063
2037,2071
2045,2152
2024,1999
2023,1995
2032,2063
2024,2042
2034,1987
2021,2057
2021,2096
2024,2056
2004,2085
2001,2040
1995,2021
1981,2056
1966,2000
1961,2032
1947,2035
1956,2042
1960,2015
1960,1975
1957,2057
1959,2100
1963,2035
1968,2071
1967,2032
1974,1991
1959,1977
1972,2063
1969,2082
1982,2060
1971,2048
1971,2021
1976,2075
1984,2085
1981,2032
1994,2019
1992,2043
1993,2063
2004,2004
2015,2009
2012,2065
2027,2005
2023,2089
2027,2067
2035,2087
2038,2067
2040,2011
2041,2008
2037,2008
2052,2020
2048,2088
2068,2071
2074,2011
2086,2018
2089,2063
2096,2063
2103,2067
2103,2055
2104,2036
2097,2039
2101,2072
2100,2061
2097,2003
2096,2058
2099,2072
2086,2056
2085,2010
2102,1996
2095,2089
2091,2043
2094,2003
2087,2027
2077,2059
2086,2019
2087,2023
2080,2008
2075,2048
2066,2035
2063,2041
2065,2075
2063,2008
2052,2071
2044,2015
2041,2035
2027,2067
2023,2020
2009,2079
2007,2057
2011,2055
2013,2079
2008,2060
1997,2010
1995,2080
1987,1979
1988,2033
1979,2009
1970,2019
1964,2068
1965,2028
1961,2072
1959,2083
1957,2057
1959,2058
1961,2041
1963,2087
1963,2025
1963,2039
1967,2031
1964,2064
1971,2036
1964,2057
1965,2070
1971,2056
1965,2017
1979,2071
1973,2068
1976,2071
1994,2059
1995,2077
1993,2063
2004,2056
2013,2043
2018,2029
2016,2037
2027,2069
2037,2045
2033,2035
2040,2042
2051,2076
2058,2077
2071,1997
2072,2009
2067,2074
2067,2004
2076,1995
2071,1987
2083,2057
2092,2017
2096,2029
2099,1991
2105,2060
2107,2060
2115,2063
2125,2017
2129,2053
2128,2078
2121,2003
2127,1995
2115,2017
2119,2001
2117,2074
2117,2066
2118,2027
2117,1991
2107,2025
2123,2032
2113,2084
2113,2019
2105,2068
2099,2089
2101,2063
2089,2055
2092,2021
2083,2019
2072,1976
2069,2044
2070,2008
2066,2091
2065,2072
2063,2088
2042,2075
2037,2075
2033,1992
2038,2023
2025,2009
2020,2006
2020,2071
2003,1997
2008,2063
2004,1995
1989,2019
1989,2057
1992,2040
1983,2066
1985,2067
1994,2065
1979,2029
1981,2003
1979,2072
1978,1999
1976,2065
1983,2011
1982,2019
1977,2039
1985,2077
1987,2063
1976,2055
1987,2033
1989,2063
1993,2056
1995,2027
2007,2032
2005,2017
2011,2063
2005,2037
2016,2058
2019,2055
2024,2053
2031,2048
2036,2038
2040,2001
2041,2025
2039,2044
2058,2045
2063,2011
2077,2017
2071,2041
2071,2011
2088,2011
2087,2065
2084,2035
2099,2027
2096,2063
2101,2059
2108,2036
2112,2038
2117,2020
2117,2035
2122,2018
2129,2035
2123,2068
2128,2017
2128,2013
2120,2060
2125,2029
2129,2062
2119,2030
2131,2011
2125,2025
2115,2030
2118,2035
2113,2080
2118,2029
2109,2057
2099,2072
2089,2066
2093,2007
2089,2008
2080,1995
2077,2042
2075,2075
2071,2035
2065,2057
2065,2071
2063,2066
2055,2063
2033,2068
2037,2077
2023,2019
2029,2019
2019,2063
2009,2063
2016,2024
2011,2063
1995,2011
1993,2038
1989,2063
1993,2053
1992,2065
1994,2035
1987,2068
1987,2076
1984,2063
1976,2041
1987,2024
1979,2021
1964,2068
1976,2039
1980,2039
1969,2070
1973,2076
1993,2048
1991,2048
2001,2055
1992,2059
2006,2044
1997,2038
2003,2012
2005,2017
2012,2070
2006,2036
2011,2008
2025,2071
2026,2019
2039,2042
2037,2080
2036,2024
2061,2024
2066,2030
2071,2040
2069,2003
2073,2048
2072,2063
2078,2067
2073,2039
2089,2033
2091,2048
2103,2031
2105,2033
2109,2045
2107,2063
2113,2052
2112,2063
2112,2057
2120,2065
2115,2039
2114,2067
2112,1992
2116,2041
2105,2036
2108,2034
2118,2015
2108,2003
2112,2005
2109,2063
2103,2024
2104,2035
2092,2033
2099,2077
2096,2073
2086,2045
2081,2030
2071,2058
2069,2024
2057,2053
2057,2019
2056,2021
2041,2055
2043,2071
2040,2025
2029,2043
2031,2038
2023,2044
2023,2087
2017,2063
2012,2005
2003,2040
2004,2015
1997,2066
1991,2008
1979,2063
1990,2060
1980,2023
1979,2063
1971,2053
1979,2078
1987,2036
1977,2044
1973,2063
1969,2003
1972,2077
1976,2068
1981,2021
1977,2074
1979,2007
1975,2063
1981,2075
1984,2066
1992,2052
2000,2030
2004,2022
2003,2039
2012,2021
2011,2057
2015,2029
2024,2027
2025,2057
2032,2074
2029,2071
2039,2042
2041,2038
2059,2002
2059,2055
2069,2033
2072,2070
2075,2034
2081,2076
2085,2001
2093,2063
2097,2077
2097,2008
2101,2057
2110,2028
2111,2037
2116,2064
2115,2037
2132,2055
2132,2053
2129,2001
2133,2072
2128,2056
2133,2071
2129,2065
2119,2060
2115,2069
2120,2041
2121,2045
2120,2028
2117,2005
2115,2065
2114,2058
2108,2095
2105,2063
2100,2071
2090,2063
2093,2068
2095,2063
2075,2024
2073,2060
2067,2003
2065,2065
2070,2012
2057,2060
2064,2055
2045,2074
2042,2079
2038,2072
2024,2037
2024,2056
2015,2015
2012,2021
2007,2075
2001,2027
1997,2066
1978,2075
1991,2075
1978,2023
1975,2063
1978,2043
1977,2052
1980,2041
1976,2024
1973,2045
1971,2063
1960,2023
1968,2047
1975,2063
1963,2011
1971,2071
1977,2040
1975,2072
1987,2039
1984,2019
1995,2042
1997,2040
1997,2060
2000,2037
1996,2054
2005,2015
2011,2030
2002,2066
2015,2043
2024,2041
2028,2015
2026,2021
2026,2043
2037,2048
2052,2027
2053,2063
2053,2025
2065,2071
2067,2039
2074,2073
2077,2042
2079,2027
2088,2040
2103,2035
2097,2021
2102,2039
2107,2060
2095,2076
2109,2073
2105,2041
2116,2040
2121,2025
2115,2007
2120,2015
2112,2013
2120,2080
2113,2040
2103,2079
2109,2040
2119,2063
2099,2039
2108,2007
2093,2080
2100,2068
2093,2011
2092,2057
2080,2063
2077,2069
2077,2022
2070,1995
2071,2018
2063,2056
2048,2079
2046,2044
2041,2026
2035,2093
2028,2038
2032,2023
2025,2003
2020,2028
2023,2011
2004,2024
1995,2017
1997,2079
1997,2019
1989,2052
1984,2044
1987,2057
1973,2025
1975,2080
1977,2033
1973,2080
1976,2030
1976,2063
1976,2019
1970,2058
1978,2020
1969,2063
1971,2024
1981,2045
1975,2041
1981,2058
1991,2080
1994,2041
1991,2021
2008,2057
2006,2042
2005,2047
2009,2064
2013,2023
2017,2011
2021,2023
2035,2001
2033,2072
2043,2007
2041,2072
2058,2063
2072,2017
2068,2003
2071,2044
2086,2055
2083,2079
2087,2065
2091,2046
2099,2037
2104,2001
2104,2039
2107,2043
2113,2056
2117,2027
2123,2025
2135,2073
2131,2043
2136,2037
2138,1995
2137,2067
2144,2068
2143,2005
2139,2008
2137,1997
2125,2025
2136,2063
2128,2039
2136,2057
2128,2073
2121,2043
2125,2072
2113,2056
2112,2003
2101,2069
2099,2019
2102,2035
2091,2015
2085,2031
2080,2080
2069,2080
2079,2019
2069,2091
2067,2066
2056,2026
2063,2044
2063,2065
2045,2031
2036,2063
2032,2068
2029,2044
2022,2047
2013,2063
2008,2011
2008,2064
2005,2031
1997,2029
1989,2080
1991,2056
1995,2036
1995,2044
1995,2029
1991,2063
1996,1999
1992,2007
1996,2043
1996,2072
1989,2076
1992,2080
1992,2048
1992,2094
1991,2041
2003,2033
2008,2035
2008,2075
1993,2058
2018,2060
2023,2080
2023,2056
2025,2071
2025,2059
2029,2041
2041,2065
2047,2068
2055,2029
2055,2020
2063,2065
2065,2048
2069,2039
2083,2072
2091,2023
2088,2051
2096,2036
2091,2008
2099,2037
2117,2034
2107,2060
2120,2059
2124,2039
2132,2037
2128,2055
2138,2028
2127,2072
2131,2073
2139,2072
2140,2073
2141,2015
2143,2067
2133,2056
2140,2042
2127,2056
2132,2055
2123,2035
2129,2075
2125,2040
2125,2043
2124,2046
2123,2023
2112,2045
2111,2075
2100,2046
2101,2073
2093,2038
2083,2025
2084,2076
2074,2036
2073,2003
2072,2009
2066,2055
2053,2060
2048,2041
2047,2019
2041,2066
2032,2011
2029,2075
2011,2071
2015,2031
2009,2036
2003,2055
2003,2053
2000,2060
1997,2057
2001,2027
1993,2042
1992,2079
1987,2029
1989,2042
1984,2042
1988,2064
1991,2022
1984,2042
1984,2033
1986,2053
1992,2063
1999,2019
1980,2048
1996,2013
2000,2065
2004,2019
2011,2055
2010,2068
2009,2060
2020,2056
2024,2029
2025,2063
2027,2048
2032,2040
2035,2041
2039,2038
2051,2008
2051,2020
2063,2037
2070,2059
2077,2051
2076,2013
2088,2024
2077,2056
2089,2018
2094,2041
2097,2031
2094,2044
2103,2035
2107,2040
2119,2094
2125,2068
2123,2055
2128,2007
2121,2015
2124,2041
2133,2031
2132,2053
2131,2030
2135,2029
2137,2019
2117,2025
2126,2037
2117,2040
2113,2042
2119,2029
2120,2005
2107,2056
2109,2045
2105,2077
2104,2079
2092,2035
2091,2028
2089,2003
2089,2007
2088,2011
2080,2053
2070,2027
2067,2018
2063,2006
2059,2020
2057,2019
2041,2041
2045,2029
2033,2069
2032,2080
2031,2038
2023,2025
2009,2042
2012,2017
1995,2025
1993,2065
2002,2019
1996,2080
1996,2017
1995,2052
1991,2070
2001,2055
1992,2077
1991,2021
1983,2063
1993,2019
1984,2025
1988,2026
1985,2071
1990,2019
1999,2037
1995,2040
2003,2035
2009,2013
2003,2025
2025,2033
2009,2040
2024,2034
2024,2060
2025,2027
2033,2047
2036,2007
2041,2023
2039,2043
2058,2066
2058,2071
2071,2027
2076,1995
2075,2036
2079,2063
2088,2071
2088,2038
2093,2040
2102,2028
2099,2075
2105,2056
2105,2065
2121,2025
2119,2045
2128,2021
2136,2021
2136,2058
2138,2079
2133,2063
2143,2056
2140,2044
2145,2023
2140,2058
2137,2043
2139,2056
2135,2021
2136,2019
2123,2060
2124,2075
2123,2037
2123,2027
2119,2072
2108,2063
2110,2068
2109,2011
2109,2021
2091,2037
2085,2023
2083,2075
2088,2017
2071,2067
2071,2040
2069,2075
2068,2017
2063,2043
2048,2011
2042,2063
2029,2073
2032,2072
2025,2043
2023,2079
2021,2025
2001,2063
2008,2069
2002,2056
1999,2027
1992,2038
1987,2044
1993,2029
1999,2072
1984,2035
1987,2075
1979,2065
1984,2029
1989,2084
1979,2048
1981,2042
1991,2040
1993,2063
1995,2021
1987,2037
1997,2021
2008,2035
2012,2052
2013,2029
2007,2053
2027,2073
2022,2071
2025,2027
2034,2027
2030,2043
2040,2017
2035,2037
2056,2017
2056,2043
2066,2060
2065,2055
2076,2033
2083,2015
2084,2039
2094,2076
2098,2019
2102,2051
2105,2035
2115,2056
2113,1995
2119,2067
2121,2040
2127,1996
2131,2027
2132,2069
2129,2011
2136,2040
2137,2033
2143,2036
2135,2037
2139,2048
2138,1997
2138,2007
2137,2015
2137,2056
2125,2048
2128,2047
2129,2067
2119,2068
2121,2067
2121,2058
2103,2079
2105,2056
2104,2072
2096,2029
2092,2019
2089,2057
2085,2035
2074,2019
2076,2025
2056,2073
2068,2028
2053,2065
2057,2032
2037,2067
2033,2063
2027,2017
2027,2040
2022,2010
2016,2037
2004,2033
2000,2039
1991,2069
1999,2057
1991,2054
1984,2025
2003,2024
1990,2058
1989,2017
1980,2023
1984,2077
1984,2072
1984,2003
1982,2019
1979,2067
1979,2047
1991,2007
1993,2017
1993,2011
1995,2033
1996,2069
1999,2027
1997,2052
2009,2063
2020,2068
2023,2068
2023,2034
2025,2058
2030,2005
2035,2032
2043,2032
2037,2067
2056,2035
2059,2017
2069,2009
2074,2023
2081,1997
2086,2023
2080,2072
2089,2075
2093,2040
2103,2072
2084,2048
2115,2040
2108,2022
2120,2073
2120,2057
2128,2020
2131,2046
2131,2013
2131,2024
2143,2040
2137,2015
2139,2066
2139,2079
2140,2017
2137,2031
2136,2044
2131,2035
2127,2043
2131,2063
2132,2043
2128,2044
2121,2030
2117,2033
2107,2029
2099,2055
2099,2025
2096,2025
2098,2027
2089,2023
2088,2075
2079,2045
2080,2045
2076,2039
2069,2028
2066,2019
2045,2012
2053,2017
2037,2024
2037,2064
2034,2008
2024,2053
2019,2064
2021,2045
2017,2056
2005,2041
2005,2064
1994,2059
2000,2076
1993,2041
1993,2063
1992,2063
1997,2062
1996,2060
1994,1995
1990,2063
1996,2056
1992,2063
1994,2041
1991,2069
1997,2042
2001,2059
1995,2045
2013,2063
2009,2079
2021,2060
2021,2019
2024,2035
2024,2033
2031,2053
2033,2056
2041,2009
2053,2015
2044,2063
2058,2001
2064,2044
2065,2063
2071,2059
2067,2038
2089,2056
2085,2071
2092,2013
2099,2072
2099,2043
2112,2037
2111,2057
2114,2019
2123,2065
2127,2048
2123,2027
2125,1987
2132,2057
2136,2033
2133,2065
2139,2055
2149,2072
2149,2008
2137,2033
2147,2077
2144,2015
2143,2019
2140,2011
2139,2068
2139,2008
2131,2073
2135,2031
2119,2026
2127,2072
2117,2077
2108,2030
2109,2017
2117,2019
2107,2035
2102,2041
2095,2058
2088,2056
2084,2019
2075,2063
2076,2069
2073,2021
2065,2063
2056,2029
2053,2064
2043,2037
2035,2059
2039,2071
2021,2023
2023,2045
2021,2026
2009,2040
2009,2042
2003,2071
2009,2074
1996,2038
2002,2075
1987,2072
1998,2071
2000,2063
1999,2044
1996,2068
1994,2054
1993,2055
1997,2074
1982,2039
1999,2011
1991,2031
2000,2028
2000,2052
2007,2031
2008,2044
2011,2046
2016,2076
2023,2048
2015,2041
2021,2011
2027,2029
2043,2056
2047,2011
2056,2010
2057,2029
2063,2009
2059,2021
2063,2019
2071,2043
2083,2027
2089,2058
2095,2033
2095,2056
2097,2045
2095,2063
2097,2055
2108,2041
2115,2004
2113,2054
2123,2041
2116,2033
2117,2041
2122,2011
2136,2051
2140,2028
2137,1993
2131,2024
2133,2041
2136,2041
2129,2038
2139,2043
2123,2040
2120,2020
2124,2044
2109,2023
2107,2036
2108,2068
2109,2075
2105,2074
2103,2075
2093,2043
2092,2079
2088,2088
2075,2073
2079,2012
2070,2006
2059,2036
2055,2001
2055,2056
2044,2017
2041,2067
2027,2028
2031,2027
2027,2060
2029,2033
2013,2080
2007,2003
1995,2067
1992,2018
1989,2080
1995,2059
1992,2037
1988,2020
1981,2075
1975,2063
1987,2056
1988,2061
1975,2063
1971,2067
1973,2079
1983,2011
1973,2067
1979,2021
1984,2057
1990,2059
1992,2053
1992,2061
1996,2060
1996,2069
2003,2027
2007,1993
2012,2044
2016,2041
2018,2015
2025,2033
2016,2017
2033,2007
2042,2037
2044,2012
2044,2045
2059,2010
2068,2019
2072,2003
2071,2027
2067,2025
2083,2011
2083,2063
2092,2048
2092,2012
2098,2029
2106,2056
2115,2015
2107,2031
2117,2027
2114,2017
2128,2072
2121,2037
2132,2056
2129,2071
2135,2036
2144,2055
2140,2041
2140,2007
2143,2051
2143,2056
2127,2080
2135,2088
2123,2048
2125,2041
2128,2055
2117,2062
2122,2020
2113,2025
2109,2021
2104,2056
2092,2029
2099,2063
2083,2043
2088,2063
2080,2091
2077,2078
2067,2072
2057,2029
2065,2039
2063,2030
2055,2072
2027,2039
2035,2029
2036,2064
2021,2039
2019,2025
2016,2015
2016,2078
2016,2063
1993,2071
2007,2035
1999,2041
2001,2019
1989,2048
1991,2055
1996,2037
1989,2059
1994,2029
1987,2017
1987,2067
1997,2064
1999,2028
1993,2054
2002,2018
1995,2015
2003,2007
2001,2019
2009,2033
2008,2071
2016,2068
2019,2048
2024,2072
2023,2043
2036,2035
2033,2025
2042,2029
2043,2047
2048,2040
2060,2060
2068,2042
2073,2078
2079,2061
2084,2063
2089,2076
2094,2021
2098,2068
2100,2071
2103,2055
2117,1993
2112,2036
2122,2063
2126,2047
2128,2068
2135,2040
2142,2021
2141,2064
2143,2059
2144,2029
2141,2046
2147,2048
2147,2029
2139,2068
2147,2081
2141,2056
2135,2071
2131,2055
2131,2039
2127,2043
2131,2060
2123,2040
2125,2011
2113,2023
2115,2019
2108,2056
2103,2025
2099,2055
2089,2056
2096,2055
2080,2056
2076,2057
2072,2048
2067,2072
2063,2040
2065,2027
2060,2042
2052,2038
2042,2069
2035,2036
2030,2055
2028,2056
2020,2077
2011,2041
2011,2066
2008,2033
1997,2063
1993,2060
2000,2043
1992,2047
1982,2066
1999,2066
1999,2063
2002,2038
1995,2075
1995,2045
2000,2051
1993,2071
2003,2009
1999,2039
1992,2071
2001,2040
2005,2015
2011,2019
2011,2060
2019,2015
2019,2011
2025,2029
2029,2019
2031,2007
2035,2076
2055,2030
2042,2037
2068,2071
2063,2063
2071,2025
2063,2029
2075,2048
2083,2075
2081,2039
2087,2041
2093,2067
2105,2044
2117,2043
2112,2033
2117,2057
2127,2040
2127,2088
2129,2067
2132,2035
2140,2090
2132,2045
2131,2063
2139,2039
2137,2056
2148,2007
2137,2034
2149,2011
2143,2035
2137,2027
2150,2007
2133,2055
2144,2039
2138,2027
2138,2023
2129,2027
2124,2063
2124,2010
2122,2031
2105,2021
2103,2079
2117,2072
2099,2063
2093,2042
2093,2022
2086,2003
2075,2071
2063,2041
2065,2063
2065,2054
2065,2058
2063,2057
2039,2034
2055,2064
2039,2044
2030,2015
2023,2040
2019,2059
2012,2060
2015,2080
2012,2027
2004,2063
2008,2035
2007,2010
2003,2056
2003,2021
1993,2025
2004,2041
1997,2075
1995,2066
2001,2038
2004,2027
2004,2019
2003,2047
2018,2056
2008,2063
2017,2037
2019,2070
2030,2018
2025,2071
2023,2038
2036,2053
2039,2073
2045,2072
2042,1995
2048,2044
2060,2053
2066,2011
2072,1992
2069,2063
2073,2066
2080,2071
2089,1989
2085,2023
2100,2040
2104,2063
2094,2038
2118,2043
2120,2066
2122,2019
2125,2072
2131,2070
2136,2060
2140,2039
2137,2008
2147,2028
2147,2020
2151,2058
2143,2031
2146,2035
2150,2056
2147,2041
2147,2068
2149,2072
2145,2068
2146,2075
2147,2019
2139,2037
2135,2068
2139,2033
2137,2057
2139,2043
2121,2037
2123,2037
2115,2025
2112,2042
2112,2053
2103,2080
2098,2058
2084,2066
2091,2058
2080,2029
2071,2071
2072,2033
2068,2055
2060,2068
2051,2030
2035,2059
2039,2017
2040,2063
2021,2074
2021,2068
2024,2039
2007,2064
2016,2073
2008,2067
2003,2042
2009,2052
2008,2024
2004,2043
1996,2075
1999,2015
2000,2063
2001,2036
2002,2074
1996,2040
2000,2017
2008,2067
2003,2044
2005,2035
2011,2066
2013,2018
2013,2061
2018,2021
2017,2007
2028,2033
2027,2042
2039,2031
2039,2056
2035,2063
2040,2021
2053,2075
2063,2044
2063,2033
2063,2029
2068,2009
2079,2060
2076,2021
2089,2015
2091,2039
2095,2023
2104,2056
2110,2031
2111,2060
2115,2023
2120,2055
2117,2021
2123,2066
2125,2005
2138,2058
2136,2025
2127,2068
2138,2040
2135,2033
2136,2068
2143,2055
2138,2064
2133,2054
2142,2043
2135,2054
2133,2071
2123,2009
2123,2056
2117,2047
2120,2088
2118,2015
2103,2021
2103,2071
2104,2079
2099,2043
2098,2043
2091,2029
2080,2059
2070,2068
2072,2023
2071,2058
2055,2080
2057,2072
2043,2056
2039,2028
2035,2056
2029,2039
2026,2057
2017,2045
2012,2044
2001,2007
2007,2053
2002,2023
2004,2026
1993,2055
1993,2042
1984,2081
1987,2008
1992,2037
1991,2055
1980,2023
1987,2040
1981,2009
1981,2040
1992,2058
1996,2055
1987,2039
1987,2069
1996,2033
2003,2061
2003,2060
2002,2040
2004,2021
2003,2020
2018,2042
2015,2057
2015,2031
2022,2033
2033,2041
2033,2063
2033,2028
2052,2027
2043,2043
2063,2069
2055,2026
2070,1997
2083,2019
2083,2029
2076,2051
2087,2027
2092,2011
2099,2023
2104,2048
2104,2047
2109,2058
2112,2011
2119,2060
2119,2036
2126,2042
2123,2060
2128,2030
2136,2067
2136,2044
2140,2003
2140,2031
2136,2023
2133,1997
2135,2060
2129,2056
2122,2067
2131,2071
2119,2076
2113,2072
2112,2019
2114,2025
2106,2009
2097,2039
2098,2017
2097,2066
2096,2007
2087,2017
2078,2045
2078,2040
2071,2027
2063,2007
2065,2068
2053,2075
2052,2007
2036,2075
2033,2071
2024,2028
2020,2013
2017,2060
2009,2029
2008,2008
2004,2023
2003,2042
2000,2056
1992,1988
1993,2080
1992,2029
1977,2063
1977,2017
1990,2021
1987,2035
1976,2073
1979,2055
1975,2030
1989,2028
1987,2073
1992,2077
1996,2019
1991,2028
1993,2045
2000,2022
2003,2039
1999,2006
2008,2037
2008,2032
2007,2059
2022,2043
2027,2007
2030,2037
2038,2027
2037,2027
2035,2027
2059,2073
2060,2075
2063,2024
2065,2040
2063,2029
2082,2021
2090,2015
2091,2025
2094,2023
2096,2056
2100,2074
2101,2025
2110,2023
2114,2009
2120,2027
2127,2001
2126,2019
2126,2068
2132,2023
2131,2044
2131,2041
2138,2057
2139,2064
2141,2042
2132,2044
2135,2069
2135,2029
2134,2048
2121,2027
2125,2071
2127,2036
2123,2010
2108,2080
2117,2045
2099,2055
2104,2080
2103,2080
2096,1980
2085,2054
2080,2063
2083,2021
2076,2027
2067,2028
2072,2031
2060,2029
2058,2029
2044,2071
2042,2039
2040,2044
2029,2063
2027,2053
2019,2044
2014,2063
2010,2029
2012,2072
2001,2044
1992,2063
1989,2021
1999,2041
1996,1979
1981,2011
1992,2035
1979,2054
1991,2075
1980,2056
1979,2063
1979,2058
1983,2072
1981,2057
1990,2072
1992,2039
1991,2046
1989,2068
1999,2024
1993,2036
2005,2020
2004,2027
2014,2053
2024,2056
2023,2027
2035,2011
2028,2056
2039,2042
2052,2008
2039,2017
2056,2066
2055,2028
2063,2063
2067,2075
2072,2029
2078,2019
2082,2017
2084,2063
2099,2021
2094,2008
2103,2043
2105,2044
2107,2054
2109,2056
2117,2048
2117,2048
2123,2044
2127,2054
2128,2051
2135,2039
2131,2029
2135,2080
2129,2042
2136,2041
2136,2053
2129,2043
2134,2035
2127,2028
2123,2057
2125,2060
2105,2079
2105,2053
2112,2075
2104,2030
2093,2069
2100,2009
2094,2069
2083,2027
2088,2035
2077,2059
2075,2080
2071,2054
2063,1997
2048,2025
2053,2005
2047,2017
2035,1996
2027,2027
2017,2050
2011,2091
2020,2074
2007,2037
2011,2072
2004,2071
1994,2071
1987,1995
1993,2033
1990,2024
1991,2058
1982,2025
1972,2025
1978,2021
1982,2078
1982,2017
1977,2029
1977,2025
1990,2023
1990,2019
1979,2019
1988,2079
1990,2018
1996,2023
1996,2033
1998,2058
2000,2041
2008,2027
2004,2036
2018,2024
2025,2040
2024,2009
2030,2051
2027,2068
2040,2041
2044,2011
2054,2022
2059,2063
2060,2066
2070,2021
2074,2053
2071,2056
2083,2017
2088,2034
2091,2011
2096,2064
2100,2064
2108,2007
2108,2033
2103,2043
2115,2028
2109,2043
2123,2042
2120,2063
2128,2067
2121,2033
2121,2040
2136,2071
2133,2075
2123,2041
2129,2060
2133,2003
2122,2040
2127,2063
2122,2017
2115,2043
2119,2060
2116,2022
2097,2008
2093,2017
2099,2013
2095,2031
2095,2063
2089,2053
2074,2027
2075,2029
2071,2058
2075,2021
2066,2020
2055,2045
2048,2043
2052,2043
2039,2056
2024,2031
2027,2028
2017,2053
2023,2021
2009,2036
2012,2023
2009,2027
1991,2069
1996,2079
1993,2033
1993,2063
1989,2019
1981,2061
1984,2008
1976,2029
1984,2023
1975,2075
1981,2060
1994,2031
1980,2041
1984,2080
1977,2073
1991,2025
1988,2044
1997,2023
2000,2046
2004,2054
2002,2035
2015,2071
2009,2013
2011,2028
2016,2073
2023,2025
2035,2040
2031,2077
2043,2023
2039,2009
2063,1979
2052,2019
2067,2022
2071,2071
2072,2043
2081,2056
2091,2063
2084,2037
2092,2021
2104,2037
2097,2029
2112,2011
2112,2079
2107,2001
2119,2020
2123,2025
2117,2055
2131,2017
2123,2028
2136,2017
2139,2036
2137,2077
2139,2072
2136,2071
2131,2029
2126,2042
2123,2065
2131,2068
2133,2058
2119,2045
2114,2025
2122,2033
2106,2011
2105,2029
2105,2019
2095,2044
2096,2011
2093,2079
2087,2027
2073,1989
2075,2023
2073,2039
2066,2009
2065,2041
2062,2038
2048,2035
2039,2007
2032,2021
2031,2045
2023,2052
2024,2065
2015,2057
2007,2073
2007,2071
2008,2067
1996,2055
1995,1997
1996,2071
1989,2066
1984,2041
1984,2003
1988,2044
1980,2056
1976,2068
1971,2019
1975,2035
1983,2024
1977,2057
1992,2007
1981,2087
1992,2063
1991,2015
1992,2053
2001,2029
2003,2015
2008,2023
2013,2025
2011,2021
2017,2019
2017,2045
2019,2034
2030,2005
2029,2035
2041,2058
2052,2067
2053,2078
2063,2054
2064,2037
2071,2011
2076,2065
2083,2091
2084,2068
2088,2063
2091,2071
2096,2066
2103,2019
2107,2027
2113,2051
2130,2003
2119,2059
2123,2041
2129,2059
2127,2060
2124,2043
2136,2011
2132,2023
2133,2063
2121,2013
2133,2035
2120,2043
2119,2043
2127,2040
2124,2017
2122,2015
2118,2059
2109,2054
2107,2095
2097,2021
2091,2029
2094,2017
2087,2041
2077,2045
2075,2027
2083,2080
2071,2023
2063,2041
2071,2037
2063,2009
2048,2001
2040,2040
2027,2053
2033,2056
2015,2022
2023,2072
2008,2037
2015,2053
2001,2063
2000,2055
1993,2066
1995,2033
1983,2074
1993,2009
1984,2053
1990,2025
1983,2015
1971,2059
1977,2063
1975,2051
1971,2043
1982,2060
1979,2005
1979,2063
1984,2080
1980,2021
1981,2001
1991,2027
1997,2029
1996,2063
2000,2039
2003,2076
2005,2056
2013,2019
2009,2055
2016,2072
2024,2040
2029,2048
2035,2019
2033,2024
2055,2032
2039,2056
2059,2069
2057,2063
2065,2066
2074,2044
2075,2069
2086,2064
2085,2071
2089,2057
2097,2019
2097,2056
2099,2035
2112,2040
2125,2022
2119,2031
2118,2061
2122,2024
2123,2027
2128,2031
2132,2029
2134,2064
2131,2043
2124,2064
2133,2048
2131,2079
2136,2035
2127,2052
2117,2048
2128,2052
2121,1997
2123,2033
2116,2051
2116,2055
2108,1654
2111,2580
2104,2249
2099,1705
2069,1977
2072,2659
2041,2216
2037,1659
2023,1585
2007,2217
2054,2202
2080,2045
2107,2976
2137,2136
2153,1656
2204,1675
2200,1752
2201,1669
2191,2012
2168,1980
2146,1726
2137,1992
2117,2157
2093,1831
2057,2075
2048,2035
2027,2089
2013,2243
1989,2383
1984,2188
1974,2093
1971,1852
1981,1909
1963,2005
1979,2144
1997,1983
2008,2135
2016,1992
2017,2007
2011,2015
2015,1939
2007,1977
2002,2071
1995,1975
1981,2112
1991,2196
1977,2141
1979,2060
1982,2036
1989,1989
1981,1970
1987,1977
1997,1949
2005,1993
2021,2112
2033,2079
2063,2065
2077,2070
2085,2100
2095,2069
2083,2063
2078,1961
2065,1966
2037,1975
2022,1969
2006,1915
1987,1972
2004,2031
2013,2082
2015,2109
2051,2099
2066,2131
2076,2099
2084,2068
2075,2023
2085,1997
2072,1984
2067,1929
2060,1976
2059,2009
2063,2008
2067,2107
2085,2009
2097,2053
2118,2153
2139,2135
2167,2167
2179,2104
2196,2063
2189,1967
2199,1981
2195,1969
2185,2040
2165,1977
2147,2028
2133,2075
2128,2075
2122,2075
2107,2004
2096,1975
2085,2007
2078,2009
2055,2027
2043,2082
2024,2070
2016,2075
2024,2009
2021,1960
2054,1945
2077,2024
2099,2052
2120,2107
2129,2083
2144,2112
2131,2111
2125,2063
2103,2013
2067,2023
2041,1963
2007,1928
1979,1966
1955,2007
1931,1991
1928,2028
1911,2033
1930,2057
1944,2112
1960,2214
1979,2156
2012,2103
2037,2099
2060,2008
2071,1960
2090,1925
2089,1971
2097,1964
2093,1982
2103,1999
2097,2036
2091,2041
2092,2144
2081,2186
2079,2167
2071,2117
2055,2123
2060,2029
2048,1972
2053,1961
2063,1989
2059,1971
2075,2027
2087,2038
2112,2083
2131,2069
2152,2111
2156,2137
2187,2144
2201,2099
2212,2165
2216,2148
2213,2054
2195,1969
2169,1976
2168,1975
2168,1965
2160,2102
2171,2042
2175,2066
2184,2098
2200,2109
2212,2120
2212,2023
2203,2024
2196,1959
2172,2003
2162,1995
2137,2041
2117,2045
2106,1979
2091,2069
2094,2059
2096,2004
2094,2034
2087,2081
2077,2112
2077,2037
2064,2083
2057,1935
2040,1944
2026,1923
2007,2004
2008,2043
1977,2039
1985,2052
1984,2009
1975,2033
1973,1971
1961,2039
1968,2031
1973,2107
1980,2075
1975,2004
1984,1928
1975,1957
1984,2030
1979,2048
1979,2119
1996,2082
2016,1980
2025,2063
2055,2106
2065,2112
2067,2096
2077,2112
2081,2076
2074,1995
2067,1982
2056,2024
2039,1919
2052,1999
2054,2063
2044,2066
2074,2009
2097,1989
2107,2071
2133,2202
2149,2164
2167,2067
2171,2093
2188,2057
2196,2024
2194,2023
2184,2047
2169,1962
2172,1996
2187,2154
2175,2136
2169,2024
2183,2041
2177,1987
2185,2085
2179,2053
2186,2076
2185,2077
2183,2015
2176,1884
2176,2044
2171,2041
2186,1978
2185,2040
2183,2143
2183,2058
2177,2070
2169,2063
2171,2097
2163,2041
2158,2019
2129,2003
2115,2012
2103,2064
2079,2021
2056,2001
2035,2026
2035,2008
2040,2063
2041,2080
2039,2091
2026,2057
2026,2077
2029,2101
2007,2075
2009,2124
2015,1990
2016,1908
2003,1928
1995,1976
1980,1980
1975,2092
1976,2019
1965,2092
1979,2111
1992,2089
1996,2108
2008,2111
2027,2089
2032,2044
2037,2031
2038,2041
2023,2089
2027,2106
2037,1965
2040,1977
2056,1929
2043,2063
2035,2043
2040,2041
2027,2093
2034,2093
2039,2056
2041,1990
2045,2075
2056,2108
2053,1989
2065,2026
2063,2063
2087,2086
2100,2039
2100,1993
2123,2031
2126,2072
2129,2040
2125,2100
2112,2058
2107,2052
2117,2105
2120,1998
2103,1994
2104,1979
2119,2059
2118,2075
2115,2120
2101,2063
2118,2056
2108,2041
2129,2072
2130,2057
2126,2039
2123,1995
2121,2039
2130,2044
2115,2120
2107,2023
2103,1955
2093,1997
2090,2066
2079,2044
2076,2037
2073,2074
2080,2041
2076,2024
2071,2008
2067,2131
2063,2154
2065,2094
2059,2053
2058,2079
2064,2039
2071,2097
2071,2074
2072,1972
2071,1959
2074,2081
2071,1987
2071,1987
2060,1945
2043,1969
2035,1984
2032,2069
2023,2065
2014,2091
2028,2017
2031,2057
2035,2096
2035,2063
2039,1993
2054,2074
2055,2200
2075,2003
2057,2031
2063,2021
2053,1930
2040,2104
2043,2044
2040,2027
2035,2105
2037,2279
2041,2022
2040,1927
2043,2020
2047,2019
2033,1944
2044,2150
2032,2084
2036,1952
2067,2093
2073,1961
2090,1993
2102,2059
2107,2053
2101,1971
2109,2016
2087,2125
2080,2019
2075,2042
2085,2003
2094,1973
2090,2025
2099,1952
2108,2045
2106,2199
2117,2119
2133,2040
2135,1992
2163,2048
2149,1979
2147,1960
2139,2001
2127,2040
2139,2029
2133,2179
2132,2036
2129,2079
2135,2032
2136,1999
2144,2055
2148,2037
2129,2109
2148,2108
2155,2000
2166,2010
2163,1996
2165,2079
2183,2054
2168,2035
2172,1965
2149,1976
2131,2095
2124,2007
2110,2012
2113,2025
2123,1984
2115,1990
2117,2095
2101,2088
2083,2168
2102,2048
2072,2056
2081,2035
2086,1978
2063,1883
2067,2083
2047,2143
2057,2028
2038,2048
2039,2093
2045,2163
2048,2156
2044,2081
2033,1972
2039,1933
2032,2101
2024,2183
2005,2088
2004,2099
1999,2071
2005,1960
2019,2029
2019,1989
2020,2089
2008,2010
2010,1975
2018,2063
2008,2032
2001,2025
2005,1835
2019,1938
2037,2077
2029,2033
2036,1987
2025,2017
2024,2165
2044,2096
2073,1979
2077,2005
2071,2129
2088,2020
2079,2035
2078,1938
2075,2081
2056,2023
2080,2104
2080,2108
2074,2039
2077,2055
2097,1896
2123,2044
2117,2167
2115,2063
2127,2103
2144,2065
2160,1897
2160,2072
2163,1927
2157,2030
2155,2105
2165,1995
2155,1939
2131,2088
2136,2063
2131,1928
2141,2039
2151,2275
2151,2028
2149,1940
2142,2154
2127,2148
2120,2161
2129,2083
2125,2045
2144,1879
2131,1960
2119,1975
2128,1937
2124,2142
2128,2218
2101,2147
2111,1996
2101,2076
2073,1896
2076,1843
2071,1887
2067,2004
2041,1893
2039,1962
2035,2059
2037,2073
2047,2171
2053,2062
2055,1991
2043,2224
2058,2221
2063,1835
2040,2023
2031,2253
2023,2184
2035,1932
2029,1957
2034,2059
2040,1991
2055,2207
2045,2147
2029,2255
2035,1961
2039,2008
2047,1892
2072,1994
2035,2104
2041,1936
2039,1981
2043,1971
2072,2077
2047,2188
2056,2015
2066,2077
2065,1958
2096,2027
2095,2256
2080,2172
2096,1928
2102,1976
2106,2019
2123,2123
2115,2009
2123,2084
2115,2057
2111,1873
2148,1957
2141,2011
2145,2151
2160,2009
2144,1875
2166,1999
2168,2139
2163,2109
2166,2067
2137,2130
2141,1888
2160,1889
2148,1978
2152,2147
2143,2117
2139,2061
2160,2265
2139,2063
2163,1912
2170,2201
2148,2087
2153,1907
2145,2009
2139,1767
2131,2023
2113,1841
2117,2173
2110,2149
2077,1977
2126,1993
2097,2157
2098,2198
2101,2048
2059,2124
2088,2053
2080,2249
2067,2092
2092,2151
2068,2268
2071,1847
2080,1994
2051,1823
2072,2127
2063,2201
2009,1844
2053,1954
2033,2235
2056,2208
2053,2168
2009,1931
2039,1889
2028,1897
2007,2002
2035,2041
1989,2168
1999,1879
2025,2046
2028,2000
2063,1911
2063,1917
2019,1939
2037,1851
2045,1917
2047,2128
2073,2168
2029,2156
2039,2097
2065,2027
2065,2127
2071,2011
2055,2065
2068,1968
2081,2123
2101,1960
2101,2129
2118,2103
2125,2040
2140,2066
2120,1897
2128,2055
2121,2091
2105,2237
2124,1847
2127,2134
2153,1992
2161,2024
2155,2001
2159,2063
2176,2112
2186,2055
2173,1982
2171,1819
2168,1968
2169,1895
2171,2112
2184,2136
2189,1929
2155,2107
2152,2039
2151,2075
2149,2263
2135,1939
2139,2080
2133,2144
2143,2084
2152,2206
2136,1987
2137,1909
2125,2127
2138,1977
2149,1949
2125,2155
2114,1948
2123,2120
2108,2071
2116,2140
2109,2253
2077,1965
2082,1861
2065,2040
2063,1924
2072,1973
2023,2208
2033,2169
2024,2043
2021,1940
2028,2137
2007,2287
2007,1889
2018,1832
2007,2073
2046,1865
2043,2021
2023,2105
2043,2063
2033,1979
2015,1881
2019,1775
2008,2017
1987,2047
2000,2071
1992,2279
1996,2108
2017,2086
2010,2263
2010,2135
2026,2267
2007,2039
2034,1859
2041,1867
2027,2090
2055,1984
2060,2131
2053,2027
2067,2106
2079,1868
2084,2013
2097,2221
2090,2224
2097,1838
2098,1957
2093,2107
2102,1991
2084,2152
2071,1995
2079,2129
2089,2299
2099,1979
2127,2001
2108,2112
2112,1919
2135,1748
2136,1866
2150,2036
2135,2172
2116,2099
2121,2055
2124,1897
2153,2022
2139,1996
2131,1991
2143,2206
2115,2104
2112,2039
2140,2052
2124,2011
2115,2015
2119,2084
2112,1711
2131,1783
2125,2081
2088,2096
2104,1992
2067,2031
2074,2239
2075,2015
2070,2007
2072,2227
2067,2282
2040,2052
2057,1975
2068,1892
2065,2219
2055,2203
2063,1959
2054,2139
2066,2080
2067,2039
2042,1934
2042,1959
2029,1914
2011,2090
2007,1841
1993,1837
2008,1917
1980,2204
1988,2106
1991,1840
1983,1853
1995,2115
1995,1847
2003,1984
2010,2103
2005,2115
2025,1989
2033,1879
2040,2017
2025,2293
2040,1970
2043,2055
2056,2279
2072,2149
2074,1955
2053,1968
2057,1755
2011,2065
2043,1891
2044,1996
2032,2275
2039,2129
2036,2237
2035,2132
2069,2032
2089,2295
2085,1825
2093,1780
2087,2149
2091,2095
2115,1856
2116,2185
2115,1760
2127,1995
2116,2027
2117,2042
2135,2221
2121,2144
2145,2027
2124,2087
2127,1956
2135,2034
2119,2171
2131,1864
2143,1984
2145,2104
2149,1969
2129,2135
2123,2075
2157,2118
2139,2257
2137,1968
2137,2125
2117,2102
2143,2034
2135,1937
2121,2208
2147,1701
2143,2156
2127,2110
2120,1839
2105,1787
2109,1805
2108,2183
2075,2379
2088,2237
2087,2184
2078,2260
2069,1925
2069,1840
2065,1984
2063,1956
2046,1864
2041,1987
2055,2124
2055,2216
2048,2055
2040,2173
2053,2143
2043,1928
2028,1953
2017,2093
2008,2068
2005,2336
2024,2260
2002,1995
2016,1877
2008,1888
1995,2052
2003,2073
1991,1903
1999,1996
1999,2041
1980,1896
1979,1827
1992,2168
1979,2115
2007,1959
2025,2203
2016,2025
2011,2073
2011,2008
2023,2000
2032,2040
2045,2063
2059,1997
2053,2084
2067,2171
2057,2051
2066,1735
2063,1767
2055,2217
2056,2309
2064,2015
2075,1955
2090,2171
2104,1915
2105,1852
2100,2173
2088,1881
2103,1996
2117,2204
2115,2253
2121,1939
2136,2147
2136,1866
2135,2262
2159,1961
2151,1673
2155,2069
2146,2040
2128,1915
2152,2265
2160,2158
2171,2045
2175,1992
2153,1925
2151,1604
2141,1859
2129,1751
2153,2179
2143,2511
2123,2223
2129,1949
2103,2399
2121,1856
2131,2139
2085,2347
2089,1786
2071,1971
2053,2072
2071,2017
2063,2336
2055,2173
2073,2027
2071,1952
2068,2285
2071,1892
2029,1681
2053,2282