2030,2021
2036,2023
2037,1993
2043,2063
2056,2048
2072,2067
2073,2055
2085,2019
2081,2067
2091,2072
2105,2039
2095,2058
2092,2017
2097,2040
2105,2005
2113,2025
2112,2079
2120,2058
2129,2067
2119,2053
2131,2076
2135,2040
2132,2095
2135,2081
2137,2066
2137,2034
2141,2058
2131,2063
2134,1992
2135,2009
2129,2063
2128,1987
2119,2072
2107,2077
2120,2033
2115,2055
2112,2027
2108,2089
2094,2027
2096,2039
2071,2039
2082,2043
2063,2005
2071,2036
2057,2069
2048,2019
2044,2035
2039,2035
2044,2045
2041,2019
2033,2017
2037,2043
2032,2057
2023,2056
2027,2079
2020,2025
2016,2048
2011,2059
2003,2043
2004,2027
2000,2012
1992,2060
1999,2044
1996,2015
1991,2056
1995,2072
1995,2094
1996,2061
1996,2065
2002,2024
1999,2062
2009,2036
2013,2072
2013,2041
2011,2063
2017,2011
2017,2048
2029,2064
2033,2003
2029,2056
2040,2056
2043,2070
2041,2045
2055,2040
2053,2048
2068,2068
2066,2012
2072,2021
2078,2064
2086,1999
2081,2065
2101,2052
2095,2048
2099,2003
2101,2055
2115,2063
2123,2040
2121,2006
2122,2040
2129,2031
2128,1987
2137,2039
2137,2017
2137,2068
2140,2017
2135,2026
2139,2073
2137,2047
2134,2035
2133,2024
2117,2071
2125,2021
2117,2028
2117,2055
2109,2035
2109,2027
2099,2041
2097,2048
2099,2058
2097,2063
2103,2043
2093,2041
2093,2027
2088,2073
2073,2009
2065,2028
2057,2040
2047,1999
2037,2062
2034,2020
2027,2044
2016,2079
2015,2021
2013,2063
2013,2077
2001,2063
1998,2020
1992,2027
1984,2027
1978,2071
1976,2053
1977,2029
1969,2071
1975,2011
1966,2056
1963,2057
1972,2058
1960,2023
1969,2043
1972,2067
1963,2057
1971,2063
1968,2029
1963,2053
1967,2059
1975,2024
1967,2038
1973,2037
1980,2054
1971,2023
1977,2039
1980,2072
1975,2072
1995,2067
2008,2041
2015,2053
2015,2067
2024,2072
2030,2055
2025,2064
2039,2009
2040,2053
2060,2026
2063,2023
2057,2046
2067,2056
2071,2072
2077,2029
2080,2063
2071,2078
2071,2079
2091,2044
2095,2061
2091,2032
2101,2048
2108,2011
2108,2043
2115,2023
2122,2070
2122,2062
2126,2024
2127,2057
2123,2019
2121,2034
2115,2042
2127,2071
2112,2011
2107,2047
2105,2071
2108,2017
2107,2029
2101,2048
2097,2077
2091,2072
2089,2071
2101,2040
2095,2011
2085,2053
2080,2009
2078,2027
2071,2018
2072,2005
2064,2039
2044,2005
2040,2056
2037,2023
2035,2064
2027,2024
2031,2017
2027,2055
2024,2093
2021,2030
2007,2055
2013,2007
1996,2029
2003,1991
1992,2059
1995,2063
1991,2068
1992,2035
1996,2059
1994,2058
1993,2055
1996,2075
1994,2053
1996,2015
2000,2075
1999,2055
1995,2029
1996,2038
1999,2036
1995,2044
2008,2069
2012,2053
2017,2072
2013,2071
2011,2003
2017,2047
2026,2058
2023,2033
2024,2023
2039,2066
2044,1995
2056,2036
2048,2056
2043,2032
2063,2063
2071,2052
2079,2027
2080,2052
2085,2068
2093,2042
2091,2078
2094,2034
2109,2067
2108,2010
2109,2035
2113,2039
2107,2005
2121,2058
2117,2041
2126,2007
2132,2027
2120,2048
2125,2032
2133,2028
2130,2080
2132,2029
2133,2071
2135,2009
2123,2045
2131,2041
2115,2011
2115,1989
2119,1997
2113,2039
2105,2063
2104,2095
2099,2061
2094,2080
2092,2060
2081,2063
2074,2062
2080,2012
2056,2035
2063,2038
2053,2007
2045,2017
2028,2075
2025,2075
2029,2010
2028,2037
2017,2015
2019,2039
2014,2041
2008,2027
2003,2055
1991,2080
1995,2035
1991,2057
1977,2071
1975,2068
1979,2056
1971,2019
1969,2065
1970,2031
1963,2068
1969,2064
1965,2017
1965,2046
1965,2079
1969,2027
1975,2013
1971,2030
1971,2070
1976,2071
1973,2071
1983,2029
1982,2061
1988,2062
1988,2001
1998,2075
2007,2029
2008,2056
2011,2021
2016,2053
2024,2042
2011,2028
2027,2056
2036,2022
2039,2068
2056,2065
2063,2037
2065,2027
2072,2029
2077,2091
2078,2054
2086,2063
2085,2055
2096,2059
2104,2080
2108,2025
2104,2013
2107,2040
2115,2059
2114,2029
2119,2043
2123,2058
2121,2040
2127,2066
2127,2045
2132,2025
2135,2065
2128,2074
2119,2072
2119,2008
2120,2067
2118,2027
2103,2047
2107,2062
2101,2044
2103,2069
2105,2027
2099,2043
2092,2075
2085,2075
2084,2012
2081,2080
2075,2055
2072,2029
2067,1993
2060,2063
2041,2048
2043,2081
2038,2023
2025,2067
2028,2063
2032,2017
2024,2043
2021,2065
2003,2080
2010,2025
2004,2003
2001,2023
1995,2080
1995,2012
1989,2058
1991,2066
1990,2067
1988,2032
1983,2024
1989,2025
1984,2075
1992,2060
1993,2055
1988,2025
1993,2053
1992,2039
1996,2056
1993,2070
2000,2018
2003,2021
2003,2055
2016,2033
2019,2059
2021,2073
2027,2027
2036,2043
2041,2075
2044,2056
2055,2027
2063,2064
2063,2068
2063,2020
2075,2005
2084,2037
2088,2053
2099,2051
2099,2058
2106,2051
2108,2067
2118,2023
2119,2029
2130,2066
2128,2074
2137,2025
2137,2056
2142,2024
2136,2069
2143,2068
2151,2054
2159,2022
2147,2023
2153,2047
2151,2071
2158,2007
2159,2063
2159,2013
2157,2052
2151,2056
2149,2040
2151,1993
2138,2051
2130,2063
2133,2058
2128,2001
2128,2025
2121,2067
2120,2036
2119,2066
2109,2035
2103,2071
2104,2029
2095,2039
2081,2043
2087,2033
2080,2055
2075,2002
2057,2033
2066,2080
2041,2080
2059,2025
2030,2015
2025,2080
2027,2035
2021,2076
2016,2007
2009,2023
2017,2065
2005,2024
2010,2040
1998,2064
2007,2021
2006,2053
1997,2021
1995,2054
2000,2017
2003,2063
2004,2025
2008,2055
2001,2057
2001,2060
2011,1999
2008,2055
2015,2031
2009,2019
2020,2021
2027,2041
2032,2028
2036,2027
2028,2063
2042,2029
2040,2053
2037,2063
2060,2021
2063,2015
2071,2064
2067,2040
2076,2015
2078,2027
2079,2029
2090,2044
2106,2072
2093,2027
2100,2048
2109,2055
2107,2076
2123,2029
2123,2051
2123,2063
2135,2024
2132,2076
2132,2024
2136,2024
2140,2063
2139,2039
2133,2012
2137,2034
2143,2075
2142,2025
2143,2020
2140,2034
2135,2055
2138,2072
2137,2033
2133,2020
2123,2042
2121,2061
2122,2027
2118,2044
2105,2071
2101,2054
2104,2011
2089,2087
2083,2065
2083,2030
2084,2043
2075,2038
2075,2035
2067,2007
2067,2036
2053,2023
2037,2063
2035,1997
2025,2040
2028,2029
2027,2045
2022,2027
2019,2028
2005,2027
2008,2072
2007,2076
1993,2071
1996,2070
1995,2023
1978,2054
1987,2052
1993,2043
1989,2042
1991,2082
1984,2033
1979,2063
1980,2044
1989,2079
1996,2068
1989,2037
1995,2033
1995,2068
2005,2076
2004,2033
2009,2036
2020,2006
2020,2019
2027,2012
2028,2048
2035,2056
2031,2087
2041,2056
2037,2048
2060,2068
2056,2041
2063,2027
2071,2007
2076,2035
2078,2013
2076,2009
2088,2053
2099,2057
2093,2023
2111,2024
2111,2025
2122,2058
2126,2009
2128,2020
2136,2027
2127,1989
2126,2063
2136,2063
2144,2008
2143,2041
2137,2024
2147,2064
2141,2056
2152,2019
2153,2047
2150,2068
2139,2005
2144,2023
2148,2011
2143,2052
2140,2056
2135,2027
2130,2029
2133,2065
2128,2004
2116,2067
2114,2080
2113,2071
2115,2051
2108,2025
2104,2037
2093,2053
2096,2037
2084,2027
2080,2072
2077,2044
2076,2011
2063,2063
2067,2059
2052,2042
2043,2035
2056,2043
2041,2071
2036,2015
2030,2063
2025,2048
2023,2041
2009,2069
2017,2080
2015,2041
2019,2029
2012,2060
1999,2071
2013,2011
2001,2020
2003,2068
2003,2067
2005,2075
2007,2011
2012,2066
2003,2071
2016,2042
2018,2007
2016,2043
2021,2024
2017,2025
2028,2041
2023,2058
2031,2019
2043,2056
2044,2009
2043,2056
2052,2007
2066,2017
2069,2042
2063,2064
2063,2040
2078,2013
2069,2057
2083,2029
2085,2027
2093,2023
2093,2028
2099,2001
2108,2023
2115,2043
2119,2060
2120,2018
2117,2043
2126,2043
2122,2007
2123,2035
2131,2048
2132,2018
2140,2064
2133,2064
2136,2063
2140,2042
2137,2029
2136,2019
2138,2027
2127,2056
2131,2021
2127,2019
2120,2048
2127,2054
2117,2017
2107,2080
2103,2044
2107,2008
2103,2071
2096,2071
2091,2005
2089,2067
2084,2060
2088,2056
2068,2046
2067,2080
2069,2058
2066,2015
2043,2017
2053,2032
2039,2033
2033,2043
2032,2063
2028,2023
2017,2056
2015,2039
2009,2068
2011,2064
2000,2028
1992,2066
1989,2019
1989,2068
1991,2039
1987,2011
1987,2068
1992,2039
1979,2023
1981,2068
1992,2071
1992,1997
1991,2063
1987,2075
1999,2025
1995,2066
1995,2040
2000,2063
2002,2036
2003,2077
2008,2063
2019,2043
2024,2021
2015,2072
2030,2056
2027,2063
2042,2035
2046,2017
2053,2036
2062,2055
2063,2039
2067,2056
2079,2072
2075,2029
2081,2047
2086,2039
2099,2052
2096,2027
2101,2021
2112,2008
2112,2080
2120,2052
2123,2067
2129,2003
2136,1994
2131,2015
2137,2072
2143,2056
2140,2028
2143,2060
2148,2071
2138,2073
2143,2026
2145,2030
2148,1997
2141,2020
2143,2027
2141,2037
2140,2077
2138,2027
2131,2059
2128,2063
2124,2058
2117,2048
2111,2078
2107,2033
2105,2072
2101,2073
2089,2019
2095,2033
2088,2031
2087,2063
2073,2057
2073,2058
2072,2011
2045,2027
2056,2043
2043,2027
2040,2011
2025,2032
2037,2027
2030,2073
2024,2069
2023,2039
2018,2071
2001,2046
2011,2025
2011,2027
2007,2008
2008,2009
2000,2035
2000,2063
1999,2015
1980,2072
1995,2053
2004,2019
1995,2029
2005,2063
1997,2087
2003,2052
2010,2003
2007,2013
2004,2061
2020,2029
2025,2027
2017,2045
2032,2019
2033,2055
2031,2015
2043,2003
2056,2025
2060,1999
2064,2060
2071,2059
2072,2013
2077,2015
2077,2051
2073,2063
2087,2045
2089,2053
2093,2056
2104,2041
2103,2072
2113,2068
2121,2029
2131,2009
2128,2040
2133,1995
2140,2027
2135,2002
2135,2037
2142,2023
2139,2024
2143,2037
2142,2017
2144,2005
2140,2027
2139,2044
2144,2035
2133,2041
2141,2055
2135,2027
2131,1989
2133,2007
2130,2039
2121,2040
2121,2047
2105,2056
2101,2051
2107,2067
2096,2025
2096,2044
2093,2035
2089,2033
2079,2071
2079,2037
2075,2072
2065,2005
2057,2072
2039,2055
2053,2069
2031,2055
2031,2047
2027,2073
2028,2021
2020,2053
2009,2071
2015,2065
2001,2044
1997,2028
1989,2056
1995,2017
1999,2024
1991,2060
1987,2023
1993,2060
1981,2056
1989,2021
1995,1996
1983,2078
1989,2035
2000,2029
1993,2037
2004,2077
2000,2020
2007,2035
2007,2056
2006,2071
2009,2037
2012,2061
2017,2056
2025,1999
2019,1999
2033,2063
2035,2067
2037,2063
2048,2079
2063,2041
2057,2088
2063,2025
2074,2035
2074,2053
2076,2026
2082,2067
2090,2017
2099,2060
2103,2015
2106,2027
2103,2033
2109,2056
2108,2030
2121,2023
2124,2063
2125,2073
2137,2077
2131,2025
2131,2055
2127,2073
2123,2009
2131,2068
2136,2042
2131,2037
2132,2039
2137,2054
2136,2019
2123,2029
2131,2071
2135,2053
2124,2076
2120,2068
2115,2077
2108,2064
2101,2034
2104,2004
2091,2061
2096,2037
2085,2011
2083,2063
2080,2044
2082,2027
2063,2024
2067,2043
2060,2058
2056,2056
2047,2039
2040,2013
2039,2079
2028,2070
2028,2026
2015,2066
2019,2029
2010,2040
2009,2040
2010,2021
2001,2045
2009,2017
1999,2045
1992,2039
2000,2040
1993,2054
1987,2041
1996,2023
1996,2063
1980,2044
1992,2063
1995,2041
2003,2056
1997,2054
2004,2075
2007,2063
2007,2047
2016,2064
2015,2025
2020,2019
2019,2030
2019,1999
2025,2063
2030,2025
2033,2030
2040,2051
2054,2017
2052,2039
2067,2063
2072,2040
2071,2055
2067,2054
2083,2013
2082,2065
2080,2068
2094,1995
2091,2075
2103,2045
2108,2066
2117,2080
2115,2065
2112,2036
2122,2033
2128,2035
2134,2037
2125,2043
2133,2021
2135,2011
2138,2043
2136,2060
2137,2048
2140,1995
2140,2023
2136,2027
2133,2056
2127,2071
2125,2064
2123,2015
2125,2044
2123,2046
2110,2073
2115,2012
2105,2040
2105,2045
2096,2039
2088,2012
2088,2040
2084,1999
2071,2069
2071,2066
2063,2044
2063,2065
2055,2060
2048,2059
2045,2072
2035,2063
2027,2057
2025,2015
2021,2056
2014,2056
2015,2019
1999,2064
1992,2036
1997,2017
1988,1995
1998,2041
1991,2041
1992,2069
1971,2038
1980,1997
1976,2043
1971,2072
1971,2033
1971,2068
1979,2021
1971,2019
1963,2068
1984,2066
1983,2023
1988,2021
1979,2015
1981,2048
1995,2047
1990,2040
2001,2036
1995,2017
2003,2039
2010,2063
2015,2069
2021,2023
2025,2043
2029,2075
2034,2038
2034,2063
2057,2057
2058,1988
2064,2021
2063,2015
2063,2031
2071,2068
2071,2055
2082,2072
2088,2077
2091,2056
2095,2038
2105,2063
2107,2039
2107,2077
2109,2045
2113,2047
2117,2027
2120,2055
2120,2042
2125,2035
2123,2037
2126,2078
2124,2080
2126,2037
2121,2029
2124,2040
2124,2091
2120,2036
2116,2037
2110,2067
2107,2065
2103,2039
2099,2091
2091,2072
2094,2004
2088,2047
2083,2023
2079,2003
2073,2073
2074,2039
2059,2076
2063,2066
2054,2040
2038,2045
2044,2056
2035,2038
2027,2045
2024,2017
2012,2067
2007,2058
2013,2040
1995,2063
2001,2040
1997,2031
1992,2033
1991,2044
1987,2027
1984,2021
1977,2063
1979,2024
1966,2021
1971,2007
1971,2052
1975,2069
1974,2071
1981,2027
1984,2025
1981,2055
1979,2072
1992,2056
1987,2023
1996,2057
1989,2017
1997,2052
2012,2019
2008,2005
2007,2027
2016,2067
2021,2024
2024,2039
2032,2026
2035,2071
2044,2048
2053,2021
2065,2056
2065,2051
2067,2044
2075,2030
2079,1995
2091,2003
2079,2080
2099,2043
2091,2041
2099,2043
2101,2055
2115,2063
2120,2065
2123,2091
2135,2080
2129,2039
2132,2025
2139,2035
2136,2012
2133,1999
2135,2021
2139,2063
2137,2060
2135,2062
2130,2044
2133,2021
2131,2069
2128,1997
2125,2037
2121,2057
2112,2011
2112,2076
2108,2063
2103,2025
2103,2038
2096,2053
2083,2070
2087,2021
2079,2044
2073,2025
2068,2002
2071,2057
2059,2067
2056,2023
2043,2029
2041,2043
2024,2034
2021,2071
2020,2065
2016,2039
2007,2002
2007,2064
2006,2054
1989,2019
1999,2054
1990,2015
1989,2053
1995,2052
1977,2021
1983,2043
1975,2071
1976,2021
1973,2009
1978,2001
1969,2021
1977,2057
1972,2080
1983,2027
1980,2053
1979,2011
1988,2063
2003,2039
1995,2037
2001,2033
2008,2055
2010,2022
2012,2039
2009,2056
2019,2034
2018,2063
2035,2039
2035,2069
2045,2051
2044,2015
2045,2044
2057,2056
2070,2043
2067,2036
2065,2060
2079,2056
2080,2093
2085,2019
2091,2036
2095,2056
2099,2057
2109,2005
2085,2032
2112,2040
2112,2017
2123,2058
2115,2041
2129,2075
2125,2039
2128,2071
2126,2064
2125,2056
2126,2059
2120,2048
2128,2080
2127,2011
2121,2018
2120,2039
2112,2007
2112,2025
2109,2072
2101,2072
2103,2046
2101,2071
2093,2054
2089,2053
2077,2067
2082,2021
2077,2057
2072,2041
2063,2077
2063,2025
2055,2066
2041,2065
2039,2088
2027,2056
2025,2035
2027,2047
2021,2033
2013,2063
2007,2041
2001,2076
1995,2003
1969,2058
1992,2043
1979,2075
1982,2043
1980,2037
1983,2060
1982,2021
1975,2051
1980,2037
1976,2043
1972,2036
1979,2024
1978,2063
1969,2057
1984,2035
1975,2071
1984,2027
1996,2043
1993,2045
2001,2042
2007,2080
2003,2044
2010,2007
2017,2065
2018,2021
2023,2061
2017,2033
2031,2066
2032,2041
2029,2055
2047,2066
2048,2037
2057,2053
2068,2019
2072,2015
2082,2041
2080,2045
2080,2043
2088,2037
2093,2054
2093,2067
2108,2056
2118,2072
2119,2025
2117,2047
2125,1999
2135,2020
2124,2068
2124,2048
2131,2015
2136,2012
2139,2065
2133,2010
2136,2060
2133,2054
2134,2055
2132,2063
2129,2073
2136,2017
2135,2009
2138,2042
2130,2029
2127,2009
2109,2005
2124,2067
2101,2079
2103,2091
2091,2058
2101,2058
2095,2058
2077,2065
2084,2051
2071,2057
2072,2060
2072,2027
2059,2070
2063,2068
2056,2027
2053,2041
2040,2031
2035,2011
2033,2071
2025,2066
2009,2019
2015,2071
2011,2028
2005,2057
1997,2063
2007,2044
1991,2079
1995,2056
2000,2033
1999,2059
1992,2060
1993,2004
1989,2035
1983,2076
1977,2055
1995,2019
2003,2012
1996,2039
2003,2036
2007,2041
2010,2062
2012,2068
2015,2019
2015,2039
2020,2057
2023,2035
2019,2027
2028,2072
2036,2069
2043,1995
2055,2027
2055,2040
2056,2018
2056,2025
2069,2020
2073,2057
2079,2057
2088,2040
2081,2061
2087,2044
2087,2036
2091,2054
2099,2067
2107,2059
2119,2056
2109,2057
2126,2063
2120,2068
2125,2064
2140,2015
2130,2043
2125,2007
2125,2067
2127,2045
2131,2048
2121,2063
2121,2047
2123,2081
2126,2042
2124,2004
2115,2059
2112,2034
2117,2072
2117,2071
2102,2062
2099,2021
2099,2063
2094,1997
2088,2056
2083,2056
2078,2037
2078,2012
2071,2066
2067,2047
2063,2039
2059,2040
2043,2027
2035,2071
2037,2004
2019,1997
2016,2072
2020,2042
2009,2061
2008,2057
2000,2035
1996,2055
1991,2028
1989,2013
1971,2041
1984,2021
1978,2063
1977,1995
1978,2087
1965,1989
1975,2040
1977,2052
1976,2055
1979,2045
1977,2003
1979,2068
1983,2072
1993,2048
1990,2081
1983,2044
1981,2040
1995,2060
1995,2060
2006,2039
2011,2063
2010,2013
2020,2029
2019,2056
2025,2054
2033,2027
2036,2043
2042,2075
2042,2089
2048,2063
2064,2073
2071,2065
2077,2063
2079,2077
2082,2058
2088,2073
2086,2023
2091,2019
2096,2071
2104,2055
2115,2059
2117,2055
2117,2039
2127,2071
2131,2024
2123,2071
2136,2073
2136,2007
2135,2035
2136,2060
2137,2071
2135,2026
2131,2063
2129,2036
2133,2015
2125,2067
2127,2028
2123,2018
2116,2033
2123,2026
2116,2071
2115,2029
2108,2023
2110,2025
2102,2025
2093,2059
2091,2043
2084,2048
2080,2021
2079,2063
2081,2075
2069,2009
2056,2067
2063,2052
2054,2005
2041,2038
2035,2045
2035,2034
2027,2035
2024,2063
2011,2036
2012,2041
2013,2037
1997,2077
1997,2026
1999,2037
2007,2056
1995,2027
2000,2039
1991,2023
1996,2053
1987,2063
1989,2039
1987,2073
1997,2033
1996,2046
1999,2067
2003,2019
2000,2057
2000,2041
2008,2057
2009,2063
2013,2056
2021,2027
2017,2068
2026,2039
2027,2029
2032,2051
2039,2017
2044,2075
2052,2067
2047,2035
2052,2069
2069,2067
2071,2079
2076,2023
2080,2028
2087,2031
2088,2067
2093,2033
2089,2029
2097,2067
2106,2009
2099,2045
2113,2027
2119,2021
2121,2063
2123,2015
2125,2039
2135,2055
2136,2080
2131,2053
2140,2044
2140,2021
2139,2048
2133,2027
2143,2030
2132,2039
2137,2036
2131,2077
2136,2075
2128,2011
2129,2065
2121,2069
2120,2039
2112,2032
2108,2063
2101,2069
2101,2066
2095,2009
2085,2013
2073,2061
2080,2048
2080,2027
2072,2009
2059,2043
2056,2051
2055,2011
2056,2040
2043,2015
2025,2042
2040,2063
2028,2019
2017,2056
2013,2039
2013,2041
1999,2063
1999,2028
2002,2063
2000,2075
1984,2088
1992,2011
1987,2064
1979,2037
1981,2080
1981,2041
1992,2072
1990,2056
1992,2010
1984,2008
1993,2079
1977,2048
1993,2007
1995,2041
1995,2048
1989,2071
2001,2039
2014,2011
2005,2007
2011,2048
2015,2012
2024,2048
2028,2021
2027,2033
2035,2021
2035,2066
2053,2031
2055,2029
2063,2071
2069,2021
2073,2017
2069,2069
2087,2017
2084,2043
2083,2007
2092,2056
2100,2007
2105,2040
2103,2045
2109,2047
2120,2025
2115,2023
2128,2040
2129,2019
2132,2043
2128,2052
2136,2041
2132,2060
2141,2056
2137,2065
2131,2068
2135,2067
2129,2067
2133,2044
2128,2080
2125,2061
2119,2024
2136,2076
2119,2035
2121,2019
2110,2068
2108,2035
2097,2026
2089,2044
2093,2067
2086,2045
2080,2035
2077,2066
2078,2029
2075,2029
2059,2065
2063,2056
2058,2080
2043,2080
2036,2063
2040,2003
2025,2019
2021,2067
2021,2071
2018,2017
2012,2023
2004,2027
2001,2054
2011,2033
2001,2072
2007,2067
2004,2063
2004,2027
1996,2067
2002,2067
2000,2070
1997,2070
1994,2029
2007,2057
2005,2075
2001,2044
2011,2046
2015,2027
2020,2066
2023,2033
2025,2063
2025,2068
2020,2017
2026,2005
2031,2069
2039,2012
2044,2041
2057,2055
2063,2010
2067,2067
2069,2051
2080,2035
2083,2027
2089,2074
2096,2007
2099,2033
2099,2055
2105,2045
2109,2071
2116,2056
2137,2031
2129,2075
2135,2037
2135,2059
2138,2064
2144,2025
2149,2057
2149,2034
2159,2039
2155,2017
2149,2007
2153,2020
2157,1993
2160,2020
2158,2040
2152,2035
2156,2037
2152,2072
2154,2034
2147,2065
2143,2079
2135,2071
2140,2063
2139,2043
2130,2066
2131,2036
2132,2069
2117,2059
2110,2021
2109,2045
2099,2035
2099,2071
2089,2044
2085,2065
2091,2065
2080,2043
2072,2048
2064,2072
2055,2029
2056,2036
2038,2007
2041,2035
2037,2080
2032,2069
2021,2067
2018,2064
2023,2021
2002,2022
2011,2029
2017,2026
2008,2047
2003,2029
2013,2048
2003,2072
1995,2045
2008,2079
2001,2040
2003,2021
2004,2055
2003,2079
2015,2009
2007,2089
2012,2027
2020,2023
2031,2043
2025,2053
2036,2037
2039,2027
2027,2057
2040,2075
2040,2025
2055,2063
2055,2047
2057,2058
2059,2062
2071,2068
2074,2089
2074,2041
2081,2073
2089,2043
2097,2043
2103,2028
2099,2027
2105,2040
2107,2015
2119,2003
2123,2058
2120,2030
2135,2022
2128,2055
2139,2056
2139,2080
2149,2041
2139,2081
2150,2030
2145,2056
2152,2024
2149,2046
2141,2063
2137,2040
2133,2063
2133,2063
2144,2027
2137,2017
2139,2063
2129,2027
2123,2060
2131,2008
2121,2005
2109,2058
2107,2035
2103,2043
2102,2027
2091,2070
2093,2039
2089,2040
2080,2071
2078,2027
2069,2046
2068,2037
2064,2027
2051,2045
2037,2044
2044,2023
2044,2044
2033,2035
2028,2069
2025,2046
2009,2005
2015,2064
2009,2040
2001,2055
2011,2027
2003,2054
1997,2057
2006,2017
1993,2048
2001,2066
2000,2063
2004,2065
2001,2039
2005,1996
2003,2053
2007,2027
2010,2003
2002,2041
2020,2051
2017,2073
2022,2048
2025,2008
2020,2071
2033,2062
2037,2019
2040,2024
2039,2063
2057,2058
2063,2034
2068,2039
2063,2048
2069,2063
2076,2048
2075,2056
2092,2068
2097,2052
2107,2025
2099,2025
2099,2036
2119,2085
2119,2010
2120,2048
2132,2015
2135,2064
2137,2069
2138,2041
2145,2043
2149,2065
2145,2075
2145,2055
2161,2009
2159,1995
2163,2024
2152,2019
2153,2040
2157,2080
2153,2032
2155,2038
2147,2019
2151,2035
2148,2063
2140,2005
2144,2019
2136,2057
2135,2075
2136,2041
2129,2035
2120,2025
2118,2035
2104,2039
2108,2059
2099,2060
2100,2024
2091,2031
2081,2067
2073,2015
2073,2036
2070,2041
2063,2059
2067,2068
2053,2035
2040,2012
2036,2067
2023,2044
2031,2024
2027,2060
2012,2041
2015,2071
2016,2063
2011,2056
2001,2071
2006,2055
2011,2063
2008,2068
2003,1995
2001,2007
2008,2024
2012,2007
2010,2044
2007,2056
2008,2080
2003,2109
2016,2015
2015,1387
2033,2057
2016,1850
1999,1317
1996,1213
1984,2105
1987,2441
1978,2337
2020,2002
2057,2303
2105,1644
2159,1448
2171,2201
2217,2281
2248,2363
2258,2681
2245,2436
2211,2039
2197,1894
2171,2029
2167,1787
2145,1839
2131,1971
2114,2005
2105,2188
2094,2331
2084,1904
2096,2020
2105,1991
2115,2027
2143,2365
2156,2279
2163,1908
2168,1891
2176,1879
2176,1832
2169,2091
2160,2025
2146,1993
2115,2089
2098,2080
2080,2043
2071,2157
2068,2142
2048,2074
2033,2063
2041,2041
2032,2009
2038,2088
2043,2077
2051,1948
2042,1962
2055,1977
2063,1959
2068,2036
2063,2066
2068,2094
2056,2129
2040,2134
2015,2063
1973,2024
1947,2008
1918,1939
1894,1945
1869,2007
1875,2025
1888,2060
1881,2100
1908,2089
1927,2160
1945,2156
1965,2091
1972,2071
1965,2052
1952,1955
1929,1931
1917,1931
1915,1971
1909,2016
1927,2005
1933,2080
1960,2124
1991,2115
2023,2184
2058,2266
2084,2247
2109,2149
2127,2120
2125,2018
2117,1973
2121,1957
2109,1976
2095,2024
2085,2043
2077,2037
2077,2033
2067,2024
2075,2037
2073,2039
2087,2076
2100,2132
2105,2114
2120,2104
2123,2003
2141,1955
2156,1987
2187,2043
2208,2076
2224,2074
2232,2091
2249,2071
2250,2043
2243,2076
2225,2090
2204,2083
2185,2064
2153,2056
2131,2024
2098,2008
2072,2007
2048,1931
2063,2000
2063,2021
2073,2069
2092,2063
2115,2144
2136,2159
2163,2146
2176,2128
2199,2072
2200,2019
2186,1979
2187,1957
2173,1944
2153,1932
2134,2016
2099,2016
2088,2044
2069,2023
2036,2081
2017,2089
1995,2085
1990,2086
1973,2096
1965,2063
1975,2075
1980,2005
1995,2037
2008,2033
2020,1993
2031,2027
2040,2023
2035,2075
2053,2067
2055,2078
2056,2077
2057,2079
2047,2038
2040,2025
2035,2008
2027,2037
2025,2036
2023,2021
2015,2056
2030,2067
2037,2054
2053,2053
2080,2094
2075,2092
2096,2080
2112,2088
2120,2068
2123,2070
2117,2044
2107,2046
2104,2008
2099,2016
2088,2046
2085,2015
2094,2029
2091,2022
2090,2029
2104,2083
2115,2041
2112,2054
2119,2065
2112,2010
2105,2025
2105,2017
2103,2025
2103,2038
2100,2023
2093,2021
2107,2036
2107,2063
2125,2061
2123,2080
2136,2038
2140,1999
2149,2001
2164,2007
2167,1975
2164,2007
2183,2037
2184,2039
2173,2056
2171,2035
2184,1997
2168,2046
2167,2100
2145,2067
2137,2099
2135,2091
2128,2029
2119,2035
2110,2094
2121,2088
2124,2028
2123,2043
2136,2071
2139,2031
2155,2044
2153,2063
2169,1995
2157,2042
2154,2063
2133,2063
2128,2055
2099,2083
2083,2063
2067,2051
2061,2043
2035,2025
2018,2037
2007,2012
2010,2030
2007,2036
2019,2029
2025,2032
2029,2025
2036,2091
2056,2080
2055,2033
2063,1971
2052,2067
2056,2041
2055,2025
2047,2065
2045,2044
2048,1982
2043,2027
2036,2027
2042,2041
2032,2011
2023,2063
2028,1999
2020,2007
2008,1987
2004,2007
1998,2041
1994,2071
1994,2058
1994,2043
2001,2075
2008,2063
2016,2108
2027,2081
2040,2077
2045,2055
2067,2039
2075,2057
2087,1962
2093,2019
2101,2056
2104,2044
2108,2008
2101,1975
2099,2015
2094,1995
2099,2028
2103,2003
2097,2037
2109,2015
2117,2103
2123,2070
2138,2066
2159,2075
2171,2033
2183,2031
2195,2051
2198,2059
2188,1995
2185,2076
2176,1995
2152,1971
2135,1988
2123,2007
2099,2032
2091,2060
2080,2067
2079,2071
2077,2080
2092,2084
2089,2127
2106,2102
2089,2074
2099,2080
2099,2044
2096,1943
2079,1968
2067,1964
2058,1950
2036,2047
2033,2088
2027,2090
2025,2104
2028,2017
2023,2092
2016,2101
2003,2033
1995,2015
1982,2033
1963,2063
1962,1927
1952,1915
1941,1972
1934,1993
1941,2059
1943,2107
1941,2135
1937,2116
1943,2089
1948,2059
1964,2015
1964,2014
1976,1977
1964,1905
1984,2000
1991,2058
2001,2087
1993,2033
2010,1951
2010,2002
2015,1991
2008,2019
2014,2103
2015,2092
2023,2067
2036,2083
2035,2131
2048,2027
2056,1993
2073,2004
2069,1931
2071,2044
2096,2023
2110,2019
2128,2027
2133,2017
2145,2024
2147,2063
2151,2055
2163,2144
2172,2120
2169,2005
2173,2040
2163,2028
2158,2039
2159,1987
2152,1964
2161,2035
2160,2105
2156,2036
2160,2006
2157,2117
2155,2088
2159,2004
2147,1981
2143,2003
2129,2003
2114,1984
2109,2010
2103,2065
2096,2099
2102,2023
2104,2063
2106,2099
2105,2073
2109,2055
2117,2084
2117,2063
2097,2044
2093,1981
2073,2053
2058,2015
2029,2022
2013,1971
1994,2024
1989,2069
1989,2092
1977,2043
1987,2071
1975,2072
1984,2035
1985,2112
1979,2138
1987,2045
1991,2094
1980,2045
1993,2000
2004,2026
2003,1994
1995,2037
2008,2035
1999,2072
1977,2041
1985,2014
1979,2034
1983,2039
1990,1942
1991,1976
2008,2074
2007,2124
2027,2138
2044,2096
2056,2096
2070,2065
2091,2087
2103,2036
2089,2019
2095,1965
2085,2009
2075,1994
2071,2101
2067,2092
2063,2116
2068,2016
2085,2057
2087,2142
2105,2082
2120,2080
2129,2166
2130,2102
2134,1995
2123,2027
2137,1987
2137,1993
2143,2013
2151,2103
2150,2138
2152,2064
2156,2002
2152,1981
2148,2041
2148,2035
2139,2065
2139,2016
2143,1961
2135,2000
2125,1945
2131,1988
2121,2066
2121,2080
2129,2087
2129,2012
2136,2106
2131,2039
2120,2036
2111,2078
2101,2036
2096,2039
2078,2071
2063,2023
2047,2007
2043,2112
2066,2025
2041,1984
2043,1986
2027,2063
2022,1963
2021,1971
2015,2140
2019,2136
2026,2071
2032,1988
2032,2093
2025,2000
2040,2145
2026,2073
2025,1991
2005,2021
1994,1972
1984,1973
1981,2114
1981,2088
1981,2119
2007,2035
1996,2139
2007,2131
2005,2030
2003,2031
2006,2078
2007,1991
2013,2022
1999,2064
2016,2083
2028,2005
2055,2055
2053,2083
2068,2092
2073,2001
2079,2099
2080,2041
2071,2008
2063,1976
2054,2060
2063,2021
2056,2007
2066,2075
2079,2103
2086,2065
2105,2212
2120,2224
2131,2073
2124,1977
2139,2028
2139,1964
2132,2040
2134,1991
2131,2071
2137,2001
2155,2115
2152,2073
2155,2123
2152,2035
2153,2012
2163,1911
2149,2087
2155,2037
2161,2035
2164,2026
2191,2075
2188,1989
2193,2065
2187,2071
2179,2044
2169,2097
2159,2052
2132,2001
2115,2008
2107,1993
2091,2056
2105,2012
2091,2071
2096,2141
2088,2078
2093,2115
2104,1974
2103,1980
2099,2040
2099,2015
2101,2027
2094,2065
2097,1984
2081,1969
2075,2093
2060,2153
2041,2131
2031,2005
2028,1987
2020,2012
2009,1945
1997,1980
1999,2208
2001,2135
2007,1939
2007,2063
2016,2066
2009,2011
2024,2123
2033,2030
2029,2072
2029,2044
2031,2007
2013,2017
2005,2018
2007,2071
2020,2084
2009,2088
2029,2113
2028,1961
2024,1999
2027,2061
2029,2086
2039,2060
2053,2031
2039,1995
2043,2056
2067,2063
2066,2105
2073,2107
2071,2125
2080,2038
2092,1976
2087,2014
2094,2053
2101,2028
2105,1980
2120,2009
2127,2005
2133,2004
2134,2078
2124,2138
2137,2094
2143,1996
2137,2063
2151,2028
2160,2065
2156,2019
2161,1947
2174,2092
2165,2070
2182,1949
2169,2045
2161,2035
2165,2067
2155,2023
2153,2077
2152,2073
2152,1893
2158,2003
2161,2045
2159,2048
2161,1981
2153,2023
2152,2127
2153,2056
2135,2036
2135,2132
2115,2069
2107,2027
2119,1984
2095,2105
2098,2001
2088,2032
2097,2104
2089,2074
2088,2156
2071,2042
2083,1931
2054,1978
2060,2081
2030,2079
2025,2035
2033,1977
2032,2063
2040,2080
2066,2245
2057,2077
2063,1997
2051,2022
2033,1995
2023,1996
2007,2082
2007,2071
2009,2042
2015,1953
2008,2019
2015,1831
2003,1915
2005,2133
1998,2063
2007,2031
2000,2017
2010,2025
2024,2100
2017,2035
2037,2167
2053,2225
2063,2096
2057,1977
2055,2216
2042,2053
2055,1881
2047,1916
2042,2004
2044,2123
2032,2089
2043,2106
2054,2145
2065,1958
2091,2067
2087,2076
2102,2036
2115,2055
2122,1971
2143,1973
2136,1893
2112,1888
2124,1884
2125,2056
2139,2035
2140,2069
2129,2055
2137,2125
2128,2081
2137,2184
2139,2121
2136,2104
2144,2015
2147,1929
2146,1900
2149,1993
2151,2144
2165,2040
2179,2107
2181,2224
2167,2065
2168,1883
2153,1912
2149,2032
2131,1961
2108,1998
2093,1944
2089,1913
2083,2063
2080,2107
2084,2097
2082,2183
2091,2143
2099,2019
2116,2063
2108,2036
2088,1979
2079,2069
2072,2015
2072,2023
2069,2060
2047,2100
2021,1923
2019,2002
1998,2066
1987,2080
2001,2091
1991,2148
1993,1993
1977,2103
1992,2029
1993,2117
2008,2218
2008,2161
2002,2011
1991,1902
2002,1938
1991,1987
1998,2023
1990,2075
1973,2129
1990,2009
1991,2208
1996,2112
2004,2039
1996,1971
1997,1944
2017,1975
2015,2148
2024,2139
2039,2048
2038,1936
2067,2044
2041,2139
2055,1909
2063,2020
2071,2232
2075,2220
2085,2065
2083,2103
2072,2040
2089,1845
2101,1969
2102,2080
2089,2073
2102,1989
2097,1884
2093,2121
2119,2208
2137,2026
2160,2145
2183,2123
2184,2083
2180,1929
2200,1977
2193,1947
2192,1993
2157,2066
2163,1971
2150,1945
2121,2001
2109,2030
2105,2003
2119,2053
2107,2215
2125,2060
2131,1976
2128,2127
2140,2167
2136,2160
2131,2096
2132,2138
2123,2014
2115,1928
2092,2003
2076,2007
2069,1956
2068,1939
2067,2027
2053,2057
2033,2087
2016,2171
2015,2252
2016,2196
2001,2033
1991,1979
1992,2006
1979,2037
1982,2056
1976,1923
1995,1998
1991,1938
1990,2173
1976,1971
1995,1852
1987,1957
1973,2057
1980,2001
1953,1945
1956,1992
1943,2057
1948,2019
1972,2069
1959,2140
1955,2221
1972,1900
1984,1841
2001,2033
2011,2107
2010,1920
2031,1964
2024,1974
2032,2015
2037,2071
2035,1964
2036,2234
2043,2127
2044,2008
2063,2045
2063,2123
2084,2144
2102,2120
2107,2183
2116,1907
2115,1817
2128,2024
2126,2023
2121,1991
2135,1890
2139,2149
2146,2111
2151,2195
2144,2024
2124,1951
2140,1847
2144,1937
2156,2186
2168,2195
2155,2031
2173,2040
2190,2001
2201,2227
2204,1944
2183,1840
2163,1993
2155,2019
2152,2104
2157,2021
2132,1961
2118,2073
2120,2223
2133,2216
2119,2110
2103,2020
2108,2017
2101,1896
2089,2229
2080,2034
2071,2067
2071,1822
2051,1993
2071,2073
2066,2031
2043,2271
2063,2135
2075,1976
2078,1882
2071,2330
2039,2320
2037,1977
2019,2133
2003,1838
2022,2064
2009,2065
1977,1979
1983,1824
1973,1975
1979,1918
1981,2153
1963,2237
1981,2170
1976,2233
1984,1961
2008,1881
2016,1851
2017,2003
1994,2395
2007,2364
2040,2131
2032,1946
2015,1928
2018,1904
2032,1977
2025,2229
2041,2077
2031,2209
2055,2012
2044,2143
2022,2107
2025,1836
2033,2039
2052,2053
2065,2043
2074,1979
2055,2080
2055,1911
2065,1815
2104,1888
2118,2208
2104,2399
2095,1867
2104,1976
2121,2068
2153,2251
2135,2110
2121,2120
2117,2123
2104,1859
2111,2041
2130,2135
2120,2201
2109,1935
2117,2148
2135,2121
2162,1857
2141,1952
2135,2004
2143,2027
2138,1867
2133,2019
2152,2104
2138,2071
2136,1953
2122,1934
2121,2112
2119,1755
2096,1795
2075,2080
2092,2285
2099,2217
2112,2127
2109,2008
2102,2083
2105,1949
2078,1813
2060,2096
2051,1892
2045,1952
2037,2080
2052,2039
2027,1800
2031,1692
2027,1740
2027,2001
2010,1888
2011,2187
2015,2387
1992,2152
2007,2131
2032,1840
2015,2017
2027,2397
2023,2371
2007,1860
2029,1704
1987,1818
2003,2219
2013,1905
2004,1595
2005,2043
1990,2106
2004,1883
2012,2253
1979,2120
1993,2312
1975,1996
1981,2020
2026,2256
2006,2182
2029,1892
2023,2191
2031,2146
2097,2045
2068,1982
2077,1708
2088,2121
2070,1887
2080,1856
2072,1937
2055,2265
2078,2103
2068,2002
2053,1607
2039,1855
2053,2392
2087,2176
2109,2133
2091,2219
2105,2217
2123,2023
2123,1969
2137,1967
2131,1847
2135,2168
2150,2157
2108,2131
2131,2139
2135,1875
2117,2009
2152,1961
2149,1733
2135,1611
2148,1863
2130,1639
2149,2112
2151,1952
2135,1731
2144,2209
2116,2427
2115,2238
2124,2171
2108,2136
2109,1659
2084,1881
2085,1462
2119,1866
2075,2004
2103,2091
2109,2063
2077,2128
2094,2347
2063,2005
2018,1737
2023,1860
2030,2584
2017,1637
2025,2016
2007,2119
1993,2108
2024,1899
2015,2065
2004,1972
2030,2532
2025,1958
2024,1915
2041,1833
2026,1890
2029,1609
2025,2355
2017,1497
2007,1773
1980,2265
1976,2492
1971,2340
1963,2646
1975,2185
1968,2583
1999,1980
1979,1425
1992,2343
2021,2312
2025,2074
2024,1803
2060,2040
2035,1673
2033,2176
2059,2328
2063,2449
2048,2645
2081,2665
2088,2388
2067,2163
2084,1547
2073,1637
2083,1823
2100,1997
2069,1773
2080,2568
2093,2287
2087,1932
2106,2665
2105,2400
2136,2568
2124,2781
2130,1651
2143,1628
2127,2888
2149,1656
2172,1915
2117,2275
2149,1937
2157,1920
2164,2415
2157,2323
2163,2139
2147,2603
2153,1785
2132,1757
2130,2265
2160,1573
2135,2204
2128,1650
2137,2632
2139,1973
2148,1481
2137,2488
2118,2992
2097,2119
2092,1955
2072,1903
2036,1359
2065,1070
2045,1605
2065,2256
2071,2638
2063,2572
2063,1999
2056,2713
2024,1550
2035,1208
2039,1753
2029,2313
2009,1947
2009,1952
2017,1859
1994,2184
2013,1805
2002,2759
1977,2028
1971,2001
1943,2309
1964,953
1963,1104
1993,1382
1959,1199
1987,1208
1960,2153
1970,2280
1989,1683
1951,2592
1994,2612
1971,2365
1941,2832
1980,1564
1970,1635
1980,1717
2027,2012
2001,2995
1995,3428
1984,2897
1965,2695
1995,2088
2003,1551
2019,2205
2042,2329
2036,2249
2038,2455
2072,2493
2078,2225
2083,2743
2069,3056
2039,2868
2032,2397
2040,1586
2088,1692
2101,1835
2069,920
2109,1669
2111,2793
2095,1304
2112,1878
2092,1845
2095,1392
2093,1859
2081,1864
2087,2071
2119,3049
2084,2383
2116,821
2117,1800
2083,2155
2111,1388
2116,1497
2101,2361
2117,1925
2123,1866
2108,1517
2125,1728
2104,2482
2076,2504
2071,2683
2069,1675
2044,1651
2061,2209
2040,921
2011,1456
2019,2411
2016,1981
2041,2663
2005,2299
2001,2015
1999,2063
1975,2488
2019,1759
2024,1768
2011,2483
2032,997
1982,0
1976,951
1989,2257
1979,2437
1996,3123
1979,3337
1951,2836
1974,2477
1960,2763
1949,2413
1969,2583
1945,4095
1948,2989
1945,2091
1916,2282
1962,1161
1944,1456
1969,2015
1984,1018
1961,1456
1971,2824
1985,2926
1961,1447
1973,3036
2000,2705
1999,1887
2014,2138
1999,2035
2001,2398
2013,3539
2007,3233
2012,1715
2021,2237
2013,2567
2009,949
2018,1179
2040,2216
2054,2053
2065,2218
2088,1075
2084,1283
2078,1613
2110,1845
2114,845
2101,1499
2133,2247
2109,2520
2119,1683
2105,1604
2087,2464
2110,2587
2112,3080
2094,2736
2104,2858
2096,2541
2101,2360
2119,1041
2115,1344
2125,2238
2104,2080
2119,2513
2128,2667
2097,2225
2112,1635
2123,1568
2104,2011
2120,2335
2104,1972
2116,2447
2120,2580
2089,2165
2104,2132
2091,2226
2067,2429
2063,1996
2043,1980
2043,1759
2033,1835
2015,2068
2025,2044
2012,2371
2011,2348
2017,2098
2006,1997
1999,1896
2003,1876
1993,2136
1998,2174
1981,2073
1998,2002
1991,2024
1993,1982
1991,1873
1997,2108
2001,2083
1991,2099
1996,2089
1995,2131
1994,1965
1992,2096
1984,2031
1987,2111
1992,1941
1992,2057
1975,2066
1974,2063
1965,2035
1984,2088
1981,2043
1984,2080
1972,2071
1993,2005
2005,2039
2021,2023
2028,2057
2037,2076
2060,2069
2071,2110
2079,2017
2088,2053
2088,2004
2091,2057
2089,2029
2094,2048
2084,1973
2073,2036
2080,2013
2073,2007
2084,2069
2077,2089
2091,2051
2099,2063
2099,2080
2107,1991
2122,2072
2124,2031
2124,2056
2125,2080
2120,2023
2109,2040
2107,2024
2109,2044
2128,1997
2124,2023
2119,2056
2107,2007
2108,1976
2107,2036
2101,2039
2092,2009
2089,2063
2074,2093
2081,2025
2073,2067
2075,2007
2071,2041
2045,2064
2063,2052
2043,2056
2039,2072
2053,2056
2028,2033
2039,2079
2026,2012
2023,2037
2019,2039
2005,2034
2000,2055
1993,2011
1977,2057
1976,2015
1975,2032
1972,2055
1959,2088
1964,2023
1967,2017
1972,2028
1957,2047
1963,2033
1963,2044
1964,2025
1959,2005
1970,2063
1963,2001
1968,2025
1976,2071
1979,2064
1971,2027
1984,2008
1989,2023
1986,2011
1981,2071
1981,2026
1991,2074
1984,1999
1992,2041
1997,2028
1997,2021
2006,2014
2016,2051
2021,2063
2030,2062
2032,2056
2048,2076
2052,2036
2066,2055
2067,2068
2080,2046
2075,2017
2077,2030
2078,2037
2080,2044
2086,1992
2087,2075
2103,2065
2100,2066
2101,2057
2107,2011
2110,2057
2109,2048
2107,2087
2115,2058
2107,2068
2107,2068
2105,2015
2105,2007
2106,2023
2103,2083
2107,2043
2108,2068
2112,2011
2108,2056
2112,2025
2110,2076
2109,2056
2108,2061
2101,2046
2108,2043
2089,2072
2082,2063
2077,2039
2076,2034
2072,2045
2041,2054
2056,2015
2039,2042
2031,2042
2027,2063
2028,2043
2026,2035
2017,2063
2024,2020
2015,2069
2011,2010
1999,2063
2001,2072
1995,2027
2004,2039
1999,2067
1997,2043
1996,2015
1981,2034
1988,2019
1983,2072
1983,2002
1987,2023
1983,2032
1987,2033
1984,2066
1988,2053
1989,2078
1998,2063
2003,2029
1995,2039
2009,2007
2005,2042
2007,2018
2008,2071
2013,2053
2007,2041
2021,2035
2024,2065
2037,1995
2040,2011
2044,2048
2045,2051
2039,2047
2063,1999
2056,2048
2069,2066
2065,2044
2080,2048
2073,2037
2077,2048
2087,2047
2089,2043
2103,2043
2103,2067
2112,2043
2121,2057
2109,2038
2131,2063
2123,2071
2127,2046
2130,2075
2129,2044
2123,2040
2127,2030
2128,2068
2131,2063
2121,2064
2125,1995
2125,2039
2129,2032
2129,2068
2119,2038
2128,2005
2115,2067
2120,2056
2119,2027
2116,2027
2102,2017
2103,2044
2104,2023
2075,2041
2077,2064
2085,2035
2076,2033
2067,2009
2059,2042
2057,2023
2046,2045
2033,2061
2027,2022
2031,2036
2026,2017
2008,2020
2003,2063
1996,2059
1998,2066
1987,2066
1990,2017
1999,2033
1981,2079
1991,2035
1999,2035
1996,2027
1980,2056
1995,2072
1987,2027
1981,2071
1977,2056
1988,2080
1988,2048
1977,2003
1992,2037
1988,2068
1987,2037
1990,2057
1999,2068
1992,2023
2004,2041
1991,2008
1999,2039
2007,2047
2015,2056
2024,2053
2023,2047
2037,2027
2036,2047
2041,2032
2048,2056
2063,2032
2068,2027
2071,2063
2069,2011
2075,2059
2075,2072
2085,2067
2079,2020
2091,2043
2091,2063
2098,2056
2104,2073
2113,2009
2117,2060
2115,2073
2123,2075
2123,2058
2117,2027
2126,2039
2126,2058
2123,2024
2120,2063
2123,2044
2121,2027
2109,2036
2109,2074
2115,2044
2109,2063
2111,2064
2109,2039
2093,2070
2099,2028
2085,2067
2090,2076
2086,2030
2071,2057
2073,2035
2071,2044
2063,2031
2055,2031
2048,2071
2055,2071
2029,2046
2033,2015
2029,2069
2028,2029
2016,2017
2016,2025
2004,2057
2011,2023
1995,2055
1996,2068
1987,2027
1992,2059
1987,2069
1980,2025
1977,2073
1977,2060
1975,2033
1976,2059
1977,2031
1973,2029
1977,2029
1964,2046
1976,2053
1981,2015
1980,2023
1977,2071
1991,2035
1978,2065
1987,2071
2001,2064
2003,2044
1995,2041
2003,2080
2003,2052
2011,2029
2008,2041
2015,2027
2027,2012
2029,2019
2027,2033
2034,2055
2043,2064
2056,2063
2057,2042
2065,2043
2066,2040
2087,2041
2083,2027
2092,2017
2098,2021
2099,2008
2099,2048
2107,2063
2117,2011
2115,2064
2121,2059
2131,2045
2123,2046
2125,2079
2133,2071
2137,2066
2136,2067
2136,2067
2134,2061
2135,2046
2133,2023
2115,2072
2131,2056
2128,2019
2128,2056
2123,2036
2120,2055
2128,2069
2107,2043
2103,2064
2111,2079
2103,2064
2100,2057
2083,2048
2081,2053
2088,2035
2088,2037
2078,2037
2063,2074
2063,2067
2068,2060
2055,2069
2047,2055
2041,2039
2037,2040
2033,2008
2023,2043
2009,2023
2009,2013
2006,2040
2008,2056
2008,2056
1995,2063
2001,2056
1999,2023
2001,2008
1992,2063
1989,2029
1995,2035
1964,2005
1993,2071
1995,2023
1980,2043
1989,2033
1988,2028
1992,2048
1996,2040
1993,2054
1999,2028
2007,2043
2009,2042
2013,2005
2015,2009
2021,2003
2017,2004
2027,2024
2035,2027
2027,2055
2041,2038
2054,2043
2055,2028
2063,2041
2065,2072
2074,2019
2075,2069
2080,2043
2087,2035
2092,2060
2091,2031
2095,2075
2099,2055
2104,2023
2119,2031
2123,2017
2117,2007
2128,2023
2128,2003
2124,2039
2138,2045
2131,2067
2139,2023
2141,2076
2133,2068
2121,2030
2129,2017
2128,2025
2121,2025
2115,2063
2124,2056
2117,2088
2124,2063
2107,2047
2112,2024
2104,2009
2103,2025
2091,2068
2097,2040
2082,2021
2084,1991
2072,2068
2075,2043
2063,2027
2067,2043
2048,2011
2047,2082
2053,2063
2034,2011
2023,2039
2015,2032
2016,2029
2012,2039
2008,2039
2000,2015
1999,2019
1988,2040
1992,2067
1992,2029
1981,2057
1984,2063
1978,2039
1979,2015
1979,2035
1976,2048
1977,2055
1990,2036
1977,2061
1979,2091
1980,2017
1981,2075
1996,2027
1993,2056
1992,2063
1994,2008
2001,2072
2005,2088
2011,2045
2016,2037
2011,2047
2028,2007
2031,2015
2028,2030
2036,2063
2042,2027
2046,2067
2053,2043
2060,2056
2072,2069
2076,2011
2080,2047
2086,2027
2080,2035
2091,2017
2101,2017
2093,2043
2105,2033
2109,2063
2121,2059
2122,2048
2123,2022
2121,2039
2125,2041
2131,2067
2133,2023
2143,2017
2140,2041
2143,2030
2143,2021
2130,2012
2133,2039
2134,2011
2107,2071
2133,2011
2136,2037
2136,2055
2130,2055
2121,2061
2119,2020
2113,2060
2117,2024
2112,2046
2097,2027
2095,2019
2094,2042
2087,2083
2087,2056
2075,2058
2077,2011
2068,2037
2054,2048
2063,2059
2063,2045
2045,2058
2033,2052
2029,2070
2028,2036
2024,2063
2024,2037
2011,2028
2005,2039
2008,2030
2001,2017
1992,2043
2000,2089
2000,2026
1993,2072
2004,2017
2002,2041
1999,2043
1997,2005
1996,2001
1995,2047
1997,2019
1995,2040
2006,2054
1996,2057
1993,2080
2008,2067
2015,2064
2015,2018
2022,2027
2024,2054
2019,2057
2027,2066
2033,2030
2037,2022
2040,2035
2055,2040
2060,2065
2071,2003
2067,2063
2079,2025
2077,2005
2075,2044
2090,2013
2094,2023
2104,2004
2102,2022
2107,2063
2114,2056
2112,2039
2124,2019
2128,2027
2127,2063
2135,2023
2136,2040
2135,2056
2144,2001
2136,2063
2142,2080
2145,2030
2137,2062
2143,2044
2143,2058
2138,2004
2137,2063
2137,2046
2136,2056
2136,2011
2121,2079
2129,2071
2120,2038
2115,2043
2113,2071
2111,2012
2099,2037
2096,2036
2099,2046
2091,2056
2080,2066
2078,2077
2071,2058
2072,2023
2065,2060
2059,2025
2043,2039
2051,2071
2035,2011
2027,2072
2030,2056
2019,2028
2027,2041
2014,2033
2007,2056
1995,2024
1997,2071
2000,2008
1995,2065
1995,2077
1993,2047
1991,2029
1993,2058
1992,2022
1996,2005
1991,2035
1987,2080
1980,2040
1989,2026
1993,2025
1987,2072
2003,2069
2004,2076
2006,2035
2008,2041
2007,2048
2016,2071
2016,2025
2027,2076
2023,2023
2024,2072
2029,2036
2037,2044
2041,2019
2053,2040
2062,2012
2065,2036
2067,2062
2069,2040
2087,2055
2079,2019
2087,2068
2099,2064
2099,2042
2093,2068
2105,2058
2120,2058
2120,2072
2115,2077
2128,2026
2119,2043
2133,2056
2129,2017
2131,2028
2129,2059
2141,1991
2140,2029
2131,2027
2135,2020
2131,2047
2132,2087
2135,2023
2124,2037
2127,2058
2126,2021
2127,2024
2124,2023
2117,2004
2105,2070
2109,2064
2104,2015
2099,2038
2093,2028
2089,2053
2087,2059
2072,2077
2067,2040
2073,2036
2065,2035
2054,2030
2043,2019
2044,2040
2040,2033
2035,2084
2030,2021
2026,2042
2015,2072
2015,2033
2004,2028
2005,2065
1995,2043
1995,2023
1995,2080
1996,2076
1981,2023
1991,2064
1995,2067
1990,2068
1981,2021
1979,2025
1980,2075
1987,2015
1984,2070
1995,2003
1987,2015
2001,2088
2004,2071
2007,2040
2003,2069
2011,2042
2015,2032
2020,2063
2019,2077
2019,2033
2027,2031
2038,2039
2027,2048
2041,2027
2052,2015
2058,2025
2059,2064
2065,2067
2063,2071
2075,2035
2076,2067
2075,2019
2094,2021
2093,2040
2097,2035
2099,2080
2105,2007
2111,2044
2117,2036
2120,2039
2112,2040
2124,2058
2128,2033
2130,2056
2136,2058
2131,2072
2134,2063
2131,2021
2129,2071
2128,2027
2132,2027
2121,2053
2125,2058
2121,2073
2117,2066
2120,2020
2112,2015
2107,1995
2093,2071
2094,2041
2089,2071
2093,2030
2080,2034
2075,2037
2070,1995
2069,2027
2063,2026
2044,2043
2041,2034
2022,2056
2027,2061
2032,2048
2023,2035
2015,2071
2016,2063
2015,2021
2012,2035
1995,2070
2007,2070
1991,2052
1980,2079
1989,2055
1980,2043
1972,2020
1978,2063
1977,2080
1977,2011
1961,2072
1975,2069
1972,2024
1980,2039
1977,2045
1966,2068
1975,2058
1977,2036
1979,2056
1995,2019
1996,2040
1999,2054
2001,2043
2005,2046
2007,2028
2013,2042
2016,2047
2017,2072
2021,2063
2027,2023
2030,2011
2034,2027
2045,2041
2053,2070
2053,2069
2067,2079
2073,2066
2075,2067
2080,2027
2085,2025
2083,2029
2095,2015
2093,2044
2102,2048
2107,2011
2107,2068
2107,2019
2123,2037
2119,2036
2131,2013
2123,2035
2129,2035
2128,2076
2130,2067
2126,2027
2128,2019
2136,2067
2128,2063
2119,2039
2124,2048
2123,2042
2117,2058
2119,2024
2110,2069
2109,2015
2095,2065
2092,2017
2094,2071
2096,2051
2090,2027
2085,2025
2079,2048
2077,2076
2076,2076
2071,2056
2064,2053
2044,2063
2031,2051
2041,2034
2029,2073
2032,2011
2021,1999
2017,2073
2020,2011
2006,2043
2009,2080
1997,2059
1993,1992
1993,2079
1989,2009
1981,2063
1981,2056
1992,2031
1992,2038
1979,2071
1988,2056
1987,2079
1991,2053
1992,2066
1987,2043
1989,2040
1991,2058
1989,2026
1995,2071
2004,2027
2001,2027
2009,2051
2007,2045
2013,2023
2020,2043
2024,2023
2028,2041
2019,2073
2035,2045
2040,2056
2039,2048
2064,1993
2066,2080
2067,2075
2075,2039
2080,1990
2081,2063
2089,2075
2089,2020
2096,2019
2103,2029
2097,2023
2105,2025
2105,2010
2122,2030
2127,2008
2119,2027
2123,2055
2131,2068
2139,2019
2140,2032
2141,2039
2136,2023
2145,2017
2135,2037
2143,2063
2136,2025
2140,2071
2136,2043
2136,2029
2128,2040
2138,2023
2119,2003
2118,2059
2121,2037
2120,2060
2116,2015
2105,2054
2107,2055
2096,2015
2083,2056
2094,2021
2089,2033
2077,2063
2071,2072
2069,2037
2064,2025
2055,2063
2041,2060
2039,2039
2029,2042
2030,2040
2026,2045
2010,2067
2006,2028
1997,2047
2007,2022
2001,2096
1997,2011
2007,2080
1995,2052
1995,2065
2003,2021
1995,2030
1999,2040
1991,2055
1989,2039
1993,2029
1984,2068
1991,2041
1996,2040
1995,2059
2001,2056
1991,2063
2001,2021
2008,2039
2011,2019
2015,2063
2007,2039
2019,2060
2027,2059
2030,2053
2023,2020
2031,2023
2041,2003
2054,2004
2052,2008
2063,2033
2063,2027
2063,2039
2069,2063
2072,2063
2080,2079
2088,2069
2096,2071
2097,2021
2088,2037
2099,2039
2108,2054
2112,2063
2112,2022
2119,2042
2125,2069
2124,2081
2126,2056
2125,2075
2125,2065
2130,2075
2131,2041
2131,2063
2123,2041
2117,2039
2115,2040
2121,2013
2105,2043
2116,2071
2101,2071
2109,2045
2093,2037
2101,2074
2091,1992
2087,2035
2088,2088
2072,2054
2078,2019
2071,2071
2071,2092
2070,2041
2055,2044
2039,2064
2044,2033
2042,2025
2031,2037
2023,2041
2027,2025
2020,2056
2012,2011
2010,2035
2002,2036
1995,2037
1995,2063
1992,2011
1987,2038
1987,2040
1983,2040
1979,2045
1971,2063
1983,2057
1978,2067
1977,2022
1978,2056
1975,2029
1984,2035
1981,2060
1986,2036
1975,2017
1977,2063
1979,2059
1995,2093
1995,2072
1999,2009
1997,2023
2006,2064
2017,2043
2008,2001
2028,2034
2021,2014
2033,2070
2029,2026
2042,2005
2056,2036
2058,2041
2068,2076
2072,2034
2067,2007
2076,2041
2084,2077
2089,2080
2094,2053
2097,2076
2097,2063
2108,2066
2099,2025
2110,2060
2120,2041
2125,1992
2123,2029
2114,2062
2131,2025
2123,2020
2136,2024
2132,2023
2125,2029
2125,2062
2134,2087
2132,2069
2121,2030
2123,2028
2117,2008
2112,2072
2109,2055
2115,2027
2112,2029
2101,2056
2103,2057
2099,2047
2089,2072
2085,2023
2072,2039
2075,2029
2069,2056
2067,2075
2061,2027
2051,2040
2043,2030
2041,2054
2033,2041
2026,2040
2028,2072
2016,2038
2009,2063
2008,2063
1991,2039
1992,2047
1982,2025
1984,2019
1977,2045
1975,2029
1976,2040
1965,2040
1964,2068
1962,2025
1976,2069
1972,2073
1971,2019
1972,2043
1973,2036
1969,2058
1968,2051
1971,2037
1975,2047
1972,2048
1968,2011
1984,2005
1990,2012
1989,2053
2004,2010
2002,2040
2001,2043
2008,2044
2016,2063
2019,2023
2027,2055
2029,2063
2025,2013
2030,2025
2041,2063
2044,2037
2047,1992
2056,2008
2069,2019
2078,2062
2078,2046
2076,2015
2083,2019
2080,2065
2087,2056
2097,2069
2096,2057
2099,2019
2099,2065
2112,2024
2101,2036
2108,2022
2105,2024
2117,2066
2112,2070
2109,2029
2104,2023
2101,2063
2104,2031
2105,2071
2105,2011
2101,2039
2101,2063
2095,2028
2091,2047
2090,2056
2076,2080
2081,2052
2082,2021
2067,2019
2072,2077
2068,2048
2065,2046
2054,2025
2041,2087
2037,2019
2033,2065
2028,2003
2021,2046
2019,2059
2013,2037
2012,2023
2007,2019
2004,2059
1989,2012
1996,2090
1987,2026
1973,2041
1981,2066
1979,2023
1975,2060
1975,2055
1977,2023
1976,2053
1971,2048
1981,2072
1968,2001
1976,2048
1971,2079
1976,2011
1971,2052
1979,2071
1972,2072
1980,2026
1989,2035
1989,2067
1998,2015
2002,2040
2005,2024
2001,2069
2011,2040
2013,2077
2021,2025
2027,2035
2036,2063
2027,2015
2036,2021
2043,2019
2041,2063
2065,2056
2066,2063
2071,2072
2072,2076
2077,2044
2083,2047
2088,2080
2097,2063
2094,2075
2101,2072
2107,2021
2109,2027
2121,2011
2121,2017
2119,2045
2121,2040
2122,2019
2127,2067
2129,2041
2119,2063
2121,2041
2124,2059
2122,2056
2121,2076
2130,2063
2115,2040
2119,2035
2119,2062
2117,2071
2116,2037
2116,2035
2105,2076
2100,2027
2091,2048
2091,2025
2090,2025
2089,2048
2075,2056
2065,2035
2072,2042
2063,2040
2040,2004
2056,2025
2042,2039
2036,2052
2030,2057
2032,2036
2017,2048
2021,2042
2016,2021
2005,2037
2003,2027
2001,2079
1995,2054
1992,2031
1989,2056
1980,2053
1986,2040
1995,2053
1981,2036
1984,2080
1984,2058
1987,2035
1995,2067
1984,2029
1984,1989
1995,2026
1989,2039
2005,2066
2002,2027
2000,2067
2006,2063
2005,2088
2020,2001
2024,2027
2011,2056
2027,2088
2038,2030
2040,2067
2040,2063
2044,2003
2063,2003
2057,2040
2059,2044
2065,2067
2069,2069
2088,2043
2093,2060
2087,2075
2096,2033
2097,2035
2103,2044
2112,2043
2107,2041
2107,2056
2119,2032
2129,2023
2133,2068
2129,2072
2137,2041
2131,2057
2137,2057
2144,2071
2144,2018
2140,2025
2142,2053
2135,2063
2140,2023
2137,2037
2133,2043
2127,2042
2125,2043
2116,2067
2119,2043
2121,2040
2109,2029
2110,2008
2104,2072
2103,2063
2089,2013
2084,2037
2088,2023
2080,2032
2068,2015
2073,2033
2069,2063
2068,2095
2041,2025
2048,2051
2042,2018
2035,2072
2037,2077
2019,2060
2023,2015
2016,2011
2010,2059
2004,2005
1993,2004
2005,2053
1996,2019
1991,2053
1995,2009
1995,2053
1995,2019
1981,2065
1994,2056
1993,2011
1995,2063
2003,2064
1996,2020
1999,2029
2000,2052
2003,2043
2007,2053
2011,2076
2012,2023
2009,2040
2016,2042
2021,2041
2019,2017
2029,2033
2027,2051
2040,2022
2036,2021
2042,2040
2061,1981
2065,2035
2071,2064
2072,2026
2080,2023
2087,1999
2090,2065
2095,2088
2105,2017
2102,2017
2112,2080
2112,1997
2112,2033
2118,2063
2121,2043
2121,2040
2128,2007
2135,2032
2144,2017
2141,2021
2146,2037
2144,2072
2144,2011
2137,2044
2144,2009
2148,2009
2145,2052
2146,2041
2140,2043
2136,2035
2136,2043
2131,2063
2123,2056
2125,2019
2129,2028
2118,2017
2105,2055
2108,2037
2103,2055
2097,2076
2089,2067
2092,2080
2079,2063
2080,2028
2069,2069
2068,2080
2059,2036
2057,2063
2046,2056
2042,2044
2042,2023
2031,2007
2029,2029
2019,2071
2018,2060
2018,2027
2011,2031
2012,2078
2005,2020
2001,2029
2001,2008
2000,2025
1996,2025
2004,2063
2001,2063
1993,2063
1998,2060
2000,2077
2005,2063
2005,2029
2008,2017
2006,2012
2008,2070
2003,2045
2015,2057
2020,2015
2017,2063
2027,2064
2025,2067
2035,2037
2036,2015
2041,2039
2063,2015
2055,2029
2071,2039
2071,2013
2074,2073
2083,2071
2079,2071
2090,2035
2085,2075
2093,2060
2091,2011
2105,2079
2101,2028
2117,2033
2117,2075
2129,2056
2128,2073
2125,2012
2125,2041
2138,2011
2140,2057
2140,2067
2145,2069
2153,2055
2143,2029
2139,2074
2148,2044
2144,2023
2144,2059
2144,2057
2133,2059
2138,2039
2131,2041
2130,2017
2136,2038
2129,2071
2127,2072
2117,2072
2118,2071
2103,2011
2105,2008
2101,2056
2087,2038
2089,2038
2081,2058
2082,2019
2071,2030
2069,2005
2057,2043
2040,2021
2039,2039
2037,2029
2037,2035
2035,2072
2022,2075
2022,2067
2017,2030
2011,2044
2005,2076
2007,2003
1993,2033
1999,2035
1996,2053
1995,2044
2001,2041
1998,2060
1981,1998
1987,2079
1998,1990
1993,2019
1993,2048
2004,2029
2003,1993
2000,2024
2005,2024
2003,2065
2013,2021
2015,2024
2018,2072
2016,2026
2021,2043
2028,2017
2029,2067
2033,2040
2036,2064
2057,2054
2059,2044
2065,2009
2067,2056
2076,2054
2073,2023
2071,2076
2088,2021
2095,2071
2101,2056
2104,2059
2099,2056
2108,2060
2116,2007
2115,2043
2120,2055
2128,2023
2133,2072
2131,2036
2139,2037
2140,2021
2140,2055
2139,2059
2144,2042
2143,2071
2143,2021
2136,2063
2139,2035
2129,2019
2140,2001
2139,2027
2137,2044
2129,2041
2123,2041
2123,2041
2124,2035
2118,2019
2117,2029
2097,2007
2099,2005
2087,2045
2093,2072
2089,2005
2085,2017
2079,2009
2075,2074
2072,2037
2066,2027
2052,2063
2044,2079
2036,2060
2037,2035
2038,2063
2029,2056
2019,2036
2021,20