1973,2053
1981,2045
1979,2033
2000,2029
1987,2054
1995,2079
1989,2007
1993,2060
2007,2077
2007,2048
2011,2011
2016,2069
2021,2071
2024,2040
2032,2059
2027,2054
2035,2068
2040,2019
2048,2017
2055,2063
2059,2079
2067,2038
2074,2015
2077,2021
2073,2036
2086,2041
2086,2052
2090,2005
2088,2037
2105,2040
2101,2067
2114,2040
2115,2022
2120,2067
2117,2025
2127,2058
2123,2063
2118,2057
2134,2027
2131,2040
2137,2023
2131,2003
2133,2071
2133,2012
2139,2052
2136,2051
2132,2045
2129,2068
2131,2020
2127,2073
2122,2057
2112,2030
2111,2054
2109,2035
2104,2060
2103,2033
2095,2063
2089,2003
2075,2031
2079,2064
2075,2059
2063,2011
2065,2043
2056,2048
2052,2037
2037,2035
2027,2019
2031,2029
2024,2054
2023,2020
2017,2048
2011,2019
2002,2010
1998,2034
1997,2030
1993,2070
1984,2080
1984,2011
1991,2069
1984,2056
1982,2009
1988,2023
1980,2079
1984,2033
1975,2059
1982,2053
1982,2024
1992,2036
1984,2076
1981,2011
1993,2044
1996,2019
1988,2041
1997,2019
2007,2080
2008,2073
2000,2069
2018,2071
2021,2034
2019,2047
2030,2071
2032,2065
2051,2020
2054,2018
2043,2056
2053,2052
2063,2057
2067,2041
2071,2072
2085,2068
2079,2067
2089,2041
2096,2066
2102,2045
2105,2037
2107,2037
2117,2048
2120,2030
2122,2063
2125,2059
2129,2054
2123,2035
2129,2029
2135,2003
2133,2031
2137,2061
2143,2019
2136,2064
2141,2041
2136,2063
2132,2060
2135,2035
2132,2047
2132,2042
2117,2014
2115,2072
2115,2060
2112,2071
2103,2032
2101,2017
2102,2035
2098,2039
2089,2058
2083,2068
2080,2055
2075,2029
2069,2072
2071,2039
2067,2022
2056,2070
2055,2038
2037,2048
2041,2025
2031,2056
2029,2037
2023,2071
2021,2044
2015,2033
2011,2025
2008,2021
2008,2040
2008,2021
2001,2035
2002,2065
2004,2024
1994,2038
1999,2041
1999,2079
2003,2052
1991,2063
1996,2001
1991,2018
1992,2029
2010,2041
2007,1997
2002,2041
2008,2070
2011,2036
2013,2072
2015,2080
2017,2063
2034,2013
2025,2023
2036,2035
2040,2033
2052,2065
2048,2043
2059,2058
2063,2003
2057,2064
2063,2011
2080,2056
2080,2064
2090,2029
2087,2035
2096,2033
2102,2035
2104,2075
2099,2073
2111,2063
2115,2024
2115,2022
2126,2056
2128,2070
2125,2037
2129,2047
2138,2023
2139,2053
2135,2067
2139,2064
2139,2001
2129,2063
2139,2024
2136,2032
2137,2035
2133,2011
2128,2056
2127,2017
2129,2011
2115,2023
2107,2055
2115,2033
2107,2041
2097,2025
2093,2029
2092,2063
2087,2062
2084,2029
2080,2087
2074,2028
2071,2028
2063,2062
2058,2036
2053,2077
2039,2041
2039,2045
2033,2032
2029,2021
2011,2023
2009,2048
2012,2041
2003,2035
2005,2073
2000,2047
1996,2040
1993,2056
1984,2027
1990,2023
1988,2063
1983,2044
1976,2067
1980,2009
1984,2057
1989,2027
1979,2048
1977,2069
1987,2025
1987,2039
1996,2041
1995,2042
1992,2017
2005,2045
2008,2066
2011,2056
2009,2056
2009,2066
2026,2033
2021,2053
2031,2041
2033,2039
2040,1997
2053,2029
2045,2043
2045,2053
2064,2060
2073,2019
2065,2044
2080,2036
2091,2047
2088,2031
2083,2055
2091,2062
2099,2042
2104,2035
2105,2067
2119,2055
2119,2037
2123,2061
2125,2048
2131,2048
2131,2063
2134,2068
2140,2072
2135,2070
2136,2045
2136,2037
2139,2053
2123,2043
2132,2015
2136,2027
2133,2063
2129,2058
2132,2039
2130,2023
2115,2027
2112,2058
2105,2060
2105,2063
2097,2035
2091,2029
2096,1977
2092,2053
2081,2046
2077,2063
2067,2063
2063,2053
2067,2033
2059,2056
2056,2025
2048,2025
2040,2043
2032,2041
2027,2081
2011,2054
2007,2043
2008,2072
2003,2038
2007,2098
2003,2060
2001,2017
1993,2064
1994,2017
1996,2068
1996,2063
1996,2044
1993,2019
1981,2041
1992,2065
1999,2040
1989,2019
1991,2019
1992,2072
1993,2053
2004,2043
2007,2052
2010,2025
2017,2039
2011,2065
2023,2048
2027,2043
2023,2041
2034,2011
2026,2019
2040,2017
2035,2056
2043,2060
2060,2023
2055,2047
2072,2037
2080,2005
2080,1997
2079,2017
2088,2060
2092,2071
2100,2080
2106,2005
2120,2041
2114,2070
2119,2072
2122,1997
2131,2032
2125,1981
2132,2044
2135,2067
2140,2033
2140,2051
2143,2037
2143,2039
2152,2069
2148,2080
2143,2060
2135,2045
2140,2066
2137,2068
2137,2072
2136,2067
2135,2035
2130,2027
2118,2065
2121,2055
2122,2020
2107,2029
2105,2035
2105,2036
2103,2037
2095,2053
2089,2053
2095,2056
2087,2013
2077,2078
2077,2066
2067,2017
2063,2013
2063,2044
2034,2075
2043,2035
2031,2037
2033,2029
2019,2033
2019,2056
2019,2006
2003,2043
2009,2027
2013,2011
2005,2023
2006,2058
2008,2017
1995,2071
1998,2043
2007,2063
2000,2066
1993,2063
1996,2043
1998,2011
2002,2035
2008,2066
2007,2064
2007,2033
2008,2056
2007,2071
2015,2025
2016,2080
2024,2088
2025,2090
2021,2038
2033,2019
2032,2040
2040,2066
2044,2007
2053,2011
2045,2024
2068,2032
2065,2008
2075,2033
2084,2033
2080,2055
2084,2058
2087,2019
2089,2059
2100,2031
2107,2080
2110,2073
2112,2027
2120,2039
2127,2060
2127,2048
2121,2045
2128,2037
2136,2025
2136,2068
2131,2063
2137,2064
2136,2023
2135,2017
2135,2015
2129,2039
2136,2062
2132,2063
2135,2010
2123,2037
2134,2031
2124,2063
2120,2078
2115,2006
2102,2035
2097,1987
2097,2009
2097,2045
2095,2022
2091,2021
2084,2021
2079,2060
2067,2041
2063,2018
2063,2088
2063,2007
2037,2021
2039,2075
2036,2063
2032,2068
2029,2070
2024,2068
2021,2055
2018,2060
2009,2024
2000,2063
2011,2071
1999,2068
1989,2019
1981,2041
1984,2055
1990,2057
1977,2019
1982,2019
1987,2072
1988,2035
1990,2029
1988,2067
1984,2023
1981,2009
1986,2039
1999,2015
1991,2040
1992,2071
2000,2044
2004,2070
2011,2079
2011,2030
2015,2038
2023,2054
2021,2017
2025,2031
2029,2030
2027,2044
2044,2027
2043,2056
2053,2061
2054,2063
2068,2017
2076,2063
2080,2052
2083,2039
2088,2063
2092,2065
2096,2007
2104,2023
2112,2007
2112,2075
2115,2079
2120,2051
2123,2021
2128,2056
2134,2058
2133,2013
2131,2033
2141,2012
2132,2015
2139,2009
2135,2043
2143,2062
2140,2011
2131,2027
2135,2021
2136,2092
2136,2056
2131,2072
2124,2077
2119,2037
2112,2057
2108,2079
2105,2067
2108,2035
2099,2066
2099,2026
2097,1963
2077,1869
2087,1242
2092,2148
2075,2768
2052,2201
2032,1801
1996,2935
1979,3292
1960,2502
1999,2648
2019,2275
2067,1843
2108,1756
2143,1989
2181,2331
2196,2155
2211,1744
2201,2212
2180,2028
2156,1799
2125,1992
2120,1806
2124,1829
2101,1965
2100,2001
2073,2058
2045,2038
2015,1859
1995,2126
2008,2205
2024,2017
2032,1989
2042,2214
2028,1928
2063,1887
2085,2124
2072,2000
2072,1831
2049,1940
2006,2087
2005,2088
1991,1935
2023,1973
2050,2123
2029,2264
2033,2195
2011,2153
2012,1929
2007,1898
2017,1914
2045,1940
2065,1952
2087,2025
2111,2097
2139,2053
2157,2044
2173,1971
2172,1940
2155,2041
2116,2204
2076,2055
2029,1860
1979,1856
1971,1982
1955,2051
1944,2011
1960,2064
1972,2104
1998,2138
2028,2129
2045,2231
2081,2280
2096,2304
2096,2099
2099,1832
2083,1780
2069,1774
2043,1760
2023,1912
2019,2025
2026,2027
2053,2169
2072,2264
2089,2250
2122,1945
2137,2043
2165,1859
2187,1925
2189,2003
2167,2036
2153,1975
2138,1935
2127,2030
2123,1881
2121,2019
2116,2112
2101,2096
2091,2135
2089,2092
2089,2126
2097,2212
2086,2384
2079,2235
2074,2023
2071,1894
2067,1949
2084,1996
2105,1975
2120,2081
2127,2090
2166,1975
2179,2070
2187,2368
2178,2159
2169,2153
2136,2147
2096,1980
2035,1965
1996,1828
1951,1875
1927,1996
1923,2115
1929,1969
1947,2029
1976,2128
1997,2152
2035,2152
2065,2273
2088,2117
2111,1929
2131,2012
2134,2045
2144,1928
2151,2168
2171,2033
2160,1900
2148,2096
2140,2203
2107,2072
2093,2103
2073,1976
2073,2062
2074,2004
2060,1852
2059,1989
2041,2285
2063,2141
2055,1995
2071,2123
2088,1813
2095,2023
2129,2234
2134,2191
2155,2139
2179,1875
2201,1955
2198,2363
2182,2360
2176,2028
2157,1827
2152,1909
2132,1984
2131,1937
2131,2076
2152,2131
2176,2266
2214,1945
2239,2008
2243,2040
2229,1936
2229,2209
2223,2277
2201,2089
2188,2135
2176,1819
2154,1671
2121,1872
2096,2247
2063,2037
2082,2103
2071,2259
2063,2073
2047,1834
2028,2005
2021,2138
2017,2128
2035,2192
2043,1848
2025,1886
1995,1952
1973,1929
1983,2005
1993,2151
2009,1887
2007,1885
1979,1868
1984,2019
1993,2208
1969,2195
1981,1964
1997,2029
1993,1774
2003,1780
2000,1951
2015,2105
2042,2164
2070,2201
2075,2029
2085,1902
2077,1937
2075,1927
2065,2157
2058,2007
2071,1881
2072,2100
2080,2294
2057,2088
2041,1913
2039,1847
2075,2011
2121,2029
2131,2209
2152,2307
2187,2083
2216,1803
2256,2088
2267,2103
2269,2155
2264,2028
2264,1951
2232,2057
2216,2081
2206,1844
2189,1651
2198,1899
2195,1876
2206,2088
2199,2367
2192,2303
2190,1993
2215,1952
2205,1920
2206,1959
2216,1999
2207,1865
2196,1975
2189,2067
2201,2019
2208,2207
2214,2231
2216,2043
2207,2107
2195,2025
2168,1904
2147,1897
2129,1943
2103,1848
2103,2193
2074,2193
2048,1897
2020,1673
2015,1859
2021,2304
2016,2296
1998,2095
1995,2035
1977,1843
1976,1516
1984,2025
1956,2386
1965,2201
1968,2225
1990,2096
1997,2144
1992,1855
1976,1755
1960,1811
2000,2023
1984,1990
2008,2248
2003,2161
1993,2078
2024,2087
2039,2112
2043,2040
2030,2132
2064,2167
2067,1937
2080,2080
2079,2023
2083,1850
2099,1859
2115,2089
2101,2031
2105,2086
2081,2110
2081,1955
2094,2071
2097,1925
2107,1951
2123,2124
2123,2040
2104,1911
2115,2027
2131,2059
2155,2013
2173,2127
2168,2075
2171,1995
2189,2055
2189,1933
2196,2067
2179,2063
2158,1956
2155,1976
2145,2155
2144,2219
2156,2097
2152,2121
2159,2083
2168,1950
2151,1992
2145,2328
2133,2147
2124,1979
2131,2069
2134,2084
2111,1909
2097,1849
2083,2003
2083,2087
2088,2273
2068,2137
2063,2075
2059,2317
2081,2187
2058,1904
2045,1935
2035,2027
2035,1790
2030,1939
2024,2107
2008,2200
2012,2072
2021,1903
2025,1981
2027,1917
2031,2092
2015,1943
2043,2108
2021,2092
2021,2163
2021,1871
2017,1956
2008,1827
2010,1989
2013,2136
2019,2101
2033,1848
2063,2019
2054,2103
2069,2120
2063,2121
2084,1979
2080,2150
2083,2127
2095,2215
2079,2073
2072,1946
2055,1920
2044,2185
2072,2149
2095,2128
2083,2085
2099,2094
2114,2112
2110,2139
2107,1997
2083,1973
2077,1878
2083,2089
2072,2151
2063,2091
2056,2069
2074,1897
2110,1755
2141,2127
2133,2124
2119,1992
2115,1824
2128,2059
2131,2115
2124,1904
2131,2140
2105,1771
2107,1845
2141,2036
2098,2162
2108,2107
2109,1847
2110,2236
2136,2383
2131,1942
2112,1789
2127,2186
2106,2143
2117,2033
2125,2031
2090,1975
2136,2113
2101,2248
2092,2128
2105,1959
2085,2189
2105,2041
2099,2135
2093,1890
2121,1845
2112,1992
2119,2101
2153,2006
2139,2269
2144,2208
2143,1996
2122,1937
2132,2087
2125,1809
2117,1875
2143,1815
2123,2041
2120,2219
2124,2180
2067,2130
2090,2029
2087,2143
2067,2227
2072,1868
2019,1951
2043,2160
2059,1904
2035,1912
2057,2120
2039,2265
2065,1853
2112,2152
2082,2281
2076,1877
2087,2103
2063,2123
2079,1833
2059,1957
2036,2168
2048,1811
2032,1739
2014,2008
2007,2073
1973,1960
1996,1995
1996,2220
2001,2211
2003,2044
2003,1944
2036,2039
2041,2179
2051,2089
2014,2104
2021,2141
2027,1765
2058,2131
2041,2329
2035,1980
2057,2041
2055,2215
2075,1999
2076,2098
2051,1884
2075,1923
2063,2097
2076,2032
2079,2055
2057,1896
2091,1960
2088,2205
2104,2071
2109,2048
2091,1943
2118,2139
2139,2195
2140,1984
2129,2039
2135,2201
2144,1963
2144,2292
2139,2017
2126,2068
2131,2023
2109,2109
2129,1817
2128,1677
2128,2266
2133,1897
2119,1673
2139,1961
2148,2200
2129,1884
2144,1855
2117,2157
2126,1851
2099,2044
2092,2063
2117,1980
2099,2009
2079,2229
2091,1732
2089,1812
2082,1852
2079,2290
2057,1888
2065,2103
2034,2120
2035,1830
2045,1848
2015,2019
2013,1930
2017,1827
2007,2088
2005,2163
2001,1669
1995,2157
2016,2317
1995,1783
2005,2247
2009,2417
1999,2296
1995,2091
2009,1970
1993,1887
2015,1968
2019,2363
2009,2398
2019,2026
2033,2070
2029,2010
2019,2100
2029,1972
2025,1831
2017,2265
2042,2068
2037,2019
2036,1839
2015,2272
2021,1737
2037,1733
2043,2108
2069,2208
2067,1986
2065,2190
2096,2048
2108,2173
2147,1820
2143,2199
2144,2182
2157,1979
2156,1949
2152,1648
2147,2161
2140,2272
2152,2066
2141,1947
2136,2160
2149,1869
2144,2081
2148,1888
2138,1806
2145,2308
2143,2144
2167,2319
2167,1993
2147,2329
2149,2155
2153,2278
2163,2278
2157,2237
2136,1868
2136,2073
2120,1900
2123,1871
2121,1711
2096,2034
2104,1862
2101,1864
2073,2077
2071,1933
2030,2279
2029,2218
2040,2168
2017,1885
2033,1589
2020,2004
2024,1855
2041,1735
2009,2123
1993,2155
1981,2137
1987,2261
2016,2035
2004,2144
1996,1903
2004,1735
2009,1917
2007,1990
1999,1835
1982,2161
1963,1968
1987,2780
1973,2103
1974,2117
1992,2181
1958,2130
2003,2239
1997,1976
1979,2104
2001,1978
1994,1653
2015,1825
2041,2237
2027,2406
2086,2343
2043,2020
2048,2184
2096,1613
2059,1915
2070,2029
2072,1926
2080,1653
2097,1933
2088,2318
2089,2015
2085,2128
2088,2112
2098,2456
2097,1682
2116,1962
2125,2009
2120,2328
2140,2056
2153,2043
2167,2256
2186,2325
2167,2196
2183,2484
2183,2251
2200,1781
2199,1763
2204,1824
2217,1675
2184,1560
2157,2285
2144,2187
2123,2367
2125,2155
2119,2183
2091,1771
2113,1779
2096,1724
2120,2350
2133,1879
2123,2151
2108,2221
2112,2336
2107,1676
2091,1791
2108,2320
2097,2112
2087,1827
2088,2023
2071,2681
2065,2167
2072,2169
2056,1931
2044,1897
2021,1291
2016,1641
2013,1545
2011,2274
2001,1912
2001,1655
1977,2228
1987,1902
1975,1750
1973,1563
1988,1911
1979,2155
1984,2093
2004,1461
1995,1929
1984,1891
1991,2185
1981,2346
1996,2217
1965,2532
1968,2473
1976,2103
1988,2089
1995,2007
1997,2108
1975,1735
1989,2076
2017,2015
2001,2361
2008,2259
2025,2094
2010,2244
2043,1672
2033,1696
2042,2081
2039,2297
2029,2004
2063,2537
2037,2404
2063,2091
2065,2186
2055,1937
2103,1598
2089,1598
2104,2308
2103,1837
2105,2204
2103,1910
2111,2330
2119,2139
2110,1980
2117,2231
2093,2343
2089,2082
2105,2279
2089,2112
2104,2183
2115,1962
2089,1872
2107,2286
2116,1849
2109,1201
2122,2027
2099,2251
2087,1807
2089,1801
2087,2395
2105,3051
2096,2216
2103,1606
2083,1465
2071,1668
2073,1462
2067,1302
2061,1803
2059,3205
2034,2153
2023,1455
2033,1740
1981,1696
2042,985
2027,1786
2027,1774
2037,2264
2017,2117
2044,1735
2041,2037
2029,2337
2028,1681
2007,1429
1984,2346
1977,2548
1976,1803
1961,1739
1979,1316
1947,1693
1958,1577
1960,1550
1991,1472
1965,2734
1968,2533
1984,1755
1989,1971
1977,1991
2013,1772
1983,1700
1983,1748
2008,1626
1992,1974
2003,2133
2018,2092
1997,2222
2014,2355
2011,2447
1992,2094
2043,2436
2027,1815
1996,1855
2019,1083
2028,1433
2022,1765
2059,2636
2033,1969
2053,2888
2063,3029
2053,2288
2080,2080
2085,2121
2083,1836
2093,2018
2074,2712
2085,2602
2093,2252
2091,2580
2075,2377
2059,2273
2087,1895
2084,1704
2075,1852
2090,1885
2091,1225
2103,1391
2128,1849
2121,2029
2131,1803
2140,2559
2131,2271
2133,1948
2135,1195
2104,693
2133,965
2088,1718
2079,1752
2096,1661
2088,2301
2070,2043
2086,1763
2059,1819
2071,2037
2055,2293
2046,2295
2068,2947
2063,2396
2035,1787
2035,2300
2056,1620
2040,1208
2055,1961
2061,1992
2043,1900
2032,2581
2042,3193
2020,3032
2000,3155
2016,2727
2012,1786
1979,2108
2001,1959
1964,2261
1960,2395
1991,2873
1949,2259
1979,1889
1975,1977
1948,2163
1973,2762
1965,2299
1962,2681
2007,2597
1971,2990
1975,3049
1972,2763
1972,2553
1993,3048
1986,1971
1979,1739
2005,1576
1995,2274
1987,2185
2005,1828
1994,2065
2014,2184
2027,2626
2007,1641
2022,1864
2025,2039
2001,1899
2029,1622
2016,1840
2026,1772
2039,2107
2023,2232
2037,1945
2033,1902
2055,1893
2091,1864
2068,1628
2088,1879
2104,2007
2089,2088
2108,2183
2104,2075
2117,2105
2136,2073
2096,1912
2128,1861
2119,1989
2103,1961
2121,2034
2104,2111
2118,2133
2123,2026
2094,2081
2122,2019
2105,2042
2106,2030
2120,1980
2100,2002
2108,2013
2119,2029
2112,2068
2115,2123
2104,2059
2103,2084
2107,2111
2085,2080
2084,2090
2073,2020
2055,2071
2044,1991
2044,2057
2031,2001
2023,2012
2023,2093
2015,2131
2010,2057
2011,2029
2019,2037
2012,2055
2012,2045
2009,2037
1999,2067
1992,2041
1995,2077
1996,2040
1991,2083
1993,2095
1993,2054
1988,2060
1975,2003
1973,2005
1968,2011
1960,2025
1955,2105
1959,2024
1957,2072
1955,2051
1959,2067
1970,2043
1970,2012
1986,2031
1977,2060
1991,2084
2000,2077
2007,2037
2015,2011
2023,2021
2016,2024
2024,2005
2024,2044
2023,2056
2029,2037
2028,2045
2029,2029
2041,2056
2042,2029
2042,2029
2060,2038
2059,2063
2057,2035
2072,2027
2071,2024
2074,2015
2093,2041
2088,2031
2104,2048
2109,2063
2103,2058
2118,2040
2109,2035
2125,2075
2135,2066
2131,2011
2127,2090
2126,2041
2124,2040
2123,2032
2122,2011
2108,2026
2108,2046
2099,1995
2115,2076
2101,2055
2091,2040
2089,2039
2082,2011
2083,2047
2075,2035
2072,2023
2079,2041
2079,2031
2057,2005
2058,2067
2055,2003
2041,2015
2040,2063
2036,2067
2029,2039
2015,2055
2021,2019
2015,2040
2020,2067
2010,2086
2003,2017
1992,2088
1989,2002
1979,2024
1975,2011
1975,2059
1970,2025
1965,2032
1961,2080
1969,2065
1975,2051
1977,2066
1975,2076
1981,2080
1975,2017
1979,2038
1973,2063
1979,2040
1980,2027
1990,2008
1983,1988
1975,2017
1987,2025
1984,2056
1983,2071
2001,2035
2007,2042
2009,2067
2019,2068
2025,2023
2024,2005
2032,2066
2045,2043
2046,2032
2057,2070
2059,2018
2072,2024
2080,2057
2089,2068
2091,2071
2085,2088
2096,2055
2095,2034
2090,2027
2099,2024
2107,2033
2098,2043
2107,2071
2104,2001
2116,2088
2105,2056
2121,2071
2133,2021
2137,2003
2130,2013
2131,2052
2133,2019
2129,2055
2137,2011
2125,2032
2128,2010
2124,2036
2113,2043
2119,2012
2112,2070
2103,2063
2099,2045
2096,2009
2094,2056
2079,2054
2081,2063
2068,2038
2070,2001
2072,2011
2055,2042
2059,2088
2039,2080
2039,2079
2027,2070
2032,2035
2023,2064
2034,2065
2028,2020
2024,2035
2015,2007
2015,2001
2008,2076
2002,2013
1999,2033
1981,2039
1992,2060
1989,2054
1973,2004
1979,2062
1974,2071
1967,2021
1976,2063
1971,2023
1966,2056
1983,2038
1987,2084
1980,2072
1979,2063
1984,2063
1992,2003
1993,2070
2000,2077
2002,2054
2007,2029
2009,2057
2003,2017
2013,2002
2016,2072
2019,2019
2023,2015
2039,2052
2027,2041
2046,2029
2056,2004
2053,2011
2067,2035
2071,2073
2069,2041
2075,2000
2083,2080
2085,2053
2095,2047
2097,2037
2100,2055
2101,2072
2107,2069
2105,2024
2109,2039
2105,2040
2122,2053
2125,2069
2119,2058
2128,2003
2121,2070
2125,2072
2125,2075
2121,2008
2131,2023
2113,2046
2122,2063
2120,2067
2123,1993
2109,2003
2094,2064
2115,2027
2101,2079
2100,2053
2096,2062
2097,2027
2089,2077
2088,2065
2081,2056
2077,2005
2066,2052
2059,2043
2055,2075
2043,2037
2029,2071
2039,2072
2030,2067
2033,2072
2024,2022
2027,2022
2024,2072
2007,2053
2012,2076
2009,2008
2000,2001
2001,2076
1989,2075
1993,2072
1984,1999
1990,2011
1980,2073
1984,2030
1983,2027
1983,2035
1977,2039
1981,2040
1988,1995
1987,2059
1978,2029
1981,2039
1991,2044
1997,2063
1992,2055
2004,2055
2003,2019
2013,2042
2009,2015
2016,2024
2025,2089
2032,2072
2033,2071
2038,2044
2044,2063
2048,2043
2063,2060
2053,2004
2064,2035
2067,2026
2073,2029
2067,1998
2071,2039
2087,2056
2078,2024
2088,2030
2093,2068
2103,2025
2099,2056
2107,2012
2118,2075
2110,2012
2119,2038
2115,2027
2124,2025
2120,2028
2120,2080
2124,2058
2109,2047
2109,2055
2124,2025
2121,2046
2123,1974
2112,2040
2111,2023
2107,2030
2103,2028
2091,2035
2099,2024
2099,2037
2087,2063
2089,2035
2081,2069
2076,2031
2076,2063
2069,2070
2069,2059
2056,2017
2056,2033
2037,2018
2027,2045
2025,2056
2023,2060
2016,2103
2007,2063
2011,2067
2003,2044
2002,2070
1988,2020
1996,2052
1991,2075
1990,2056
1971,1997
1979,2007
1979,2077
1979,2022
1980,2037
1977,2077
1983,2052
1975,2003
1979,2020
1989,2041
1988,2006
1992,2022
1996,2069
1992,2034
1998,2029
1987,2027
1993,2060
2000,2065
1999,2063
2008,2056
2007,2070
2023,2072
2026,2057
2029,2029
2029,2055
2043,2023
2056,2026
2044,2065
2062,2034
2055,2056
2068,2061
2075,2068
2074,2040
2081,2056
2079,2044
2088,2043
2093,2023
2102,2044
2106,2033
2112,2048
2109,2063
2120,2012
2120,2059
2120,2073
2129,2055
2131,2015
2129,2039
2141,2020
2140,2033
2136,2011
2141,2023
2138,2041
2142,2019
2137,2063
2140,2031
2142,2037
2129,2071
2129,2025
2136,2043
2126,2068
2112,2045
2115,2067
2114,2068
2103,2035
2091,2057
2094,2080
2090,2068
2079,2071
2080,2043
2077,2056
2063,2021
2065,2048
2053,2023
2041,2057
2035,2039
2040,2001
2033,2021
2035,2051
2024,2063
2021,2023
2015,2055
2007,2065
2007,2021
2004,2075
1997,2009
1995,2065
1988,2037
1997,2043
1993,2053
1987,2057
1987,2059
1991,2077
1981,2079
1992,2009
1990,2041
1984,2035
1993,2075
1999,2076
2000,2053
2002,2074
2007,2037
2003,2058
1997,2039
2011,2011
2001,2019
2015,2076
2024,2037
2018,2036
2023,2056
2023,2037
2037,2029
2039,2065
2042,2041
2055,2008
2058,2011
2065,2041
2067,2019
2076,2033
2075,2007
2084,2021
2091,2070
2093,2073
2089,2025
2101,2024
2108,2039
2112,2005
2105,1995
2115,2063
2120,2028
2115,2029
2112,2031
2119,2018
2120,2011
2124,2038
2124,2048
2121,2073
2125,2021
2125,2048
2124,2075
2115,2035
2120,2080
2103,2009
2101,2040
2108,2063
2099,2015
2097,2051
2099,2025
2091,2057
2088,2012
2081,2057
2075,2013
2078,2075
2067,2074
2065,2057
2040,2074
2046,2024
2048,1995
2043,2060
2025,2038
2028,2055
2024,2067
2023,2005
2016,2021
2009,2073
2015,2080
2008,2019
1992,2040
1997,2060
1988,2063
1992,2054
1987,2033
1981,2063
1986,2045
1979,2063
1973,2058
1975,2056
1976,2067
1971,2043
1979,2070
1976,2053
1991,2063
1979,2063
1980,2051
1980,2072
1989,2040
2000,2065
1996,2017
2008,2039
2004,2039
2010,2056
2018,2067
2029,2055
2030,2017
2037,2080
2044,2013
2046,2041
2043,2037
2060,2046
2068,2043
2071,2032
2076,2001
2080,2048
2079,2013
2095,2027
2088,2071
2104,2078
2103,2055
2117,2075
2118,2003
2115,2035
2119,2065
2121,2063
2133,2010
2124,2042
2139,2024
2138,2037
2145,2020
2137,2011
2135,2035
2134,2093
2147,2011
2133,2033
2136,2021
2135,2033
2131,2038
2120,2023
2131,2063
2121,2023
2123,2076
2119,2026
2117,2044
2101,2065
2099,2065
2101,2071
2103,2070
2095,2060
2096,2011
2089,2048
2078,2043
2073,2025
2071,2039
2063,2003
2063,2066
2047,2005
2029,2063
2029,2063
2024,2023
2022,2039
2011,2023
2011,2075
2011,2080
2005,2075
2000,2034
1997,2033
2000,2025
2001,2075
1997,2068
1995,2021
1981,2011
1992,2071
1984,2060
1981,2065
1989,2068
1995,2063
2001,2040
1993,2008
1998,2026
2007,2009
1999,2040
2003,2056
2009,2033
2019,2001
2024,2003
2026,2033
2025,2005
2029,2023
2036,2021
2037,2035
2053,2031
2045,2076
2056,2037
2067,2069
2069,2017
2080,2055
2075,2076
2083,2064
2092,2063
2096,2019
2100,2067
2105,2033
2114,1991
2116,2043
2120,2057
2128,2011
2129,2023
2132,2024
2136,2040
2141,2046
2136,2044
2139,2056
2141,2055
2135,2011
2147,2088
2143,2068
2147,2040
2143,2079
2135,2047
2132,2047
2135,2001
2136,2027
2129,2075
2117,2025
2124,2035
2117,2033
2109,2066
2099,2066
2094,2042
2087,2039
2094,2063
2088,2028
2080,2039
2077,2071
2075,2040
2057,2027
2053,2034
2045,2029
2040,2069
2032,2030
2033,2057
2023,2047
2017,2067
2008,2002
2008,2066
1995,2036
1987,2065
1994,2015
1994,2080
1990,2038
1984,2075
1976,2067
1970,2032
1975,2043
1974,2037
1977,2036
1977,2069
1981,2052
1973,2022
1977,2069
1975,2071
1987,2035
1990,2057
1992,2017
1996,2064
1991,2047
1995,2060
2003,2035
2008,2032
2007,2084
2015,2056
2021,2065
2027,2048
2024,2073
2033,2065
2040,2013
2048,2033
2053,2028
2053,2012
2069,2023
2067,2023
2069,1992
2071,2065
2075,2023
2087,2030
2083,2031
2097,2069
2103,2044
2103,2039
2107,2056
2117,2063
2112,2067
2120,2030
2122,2035
2121,2046
2122,2039
2135,2041
2135,2024
2123,2028
2133,2019
2119,2029
2123,2035
2123,2025
2119,2048
2121,2071
2130,2037
2123,2076
2117,2048
2109,1991
2104,2033
2099,2039
2096,2031
2091,2079
2093,2045
2086,2027
2075,1997
2075,2028
2073,2064
2067,2027
2063,2023
2053,2041
2044,2025
2042,2037
2037,2045
2032,2055
2026,2080
2024,2029
2011,2051
2017,2071
2009,2065
2008,2028
2010,2032
1998,2054
2003,2007
1995,2069
1995,2044
1993,2015
2001,2067
1999,2018
2001,2025
2001,2037
1991,2073
1997,2075
2000,2029
1999,2025
2001,2019
2012,2027
2010,2026
2012,2001
2009,2056
2017,2009
2012,2077
2025,2071
2028,2063
2032,2020
2029,2066
2040,2009
2052,2009
2053,2053
2057,1989
2063,2060
2063,2025
2071,2063
2079,2057
2086,1991
2087,2015
2095,2041
2091,2026
2097,2021
2105,2035
2107,2075
2115,2071
2123,2073
2124,2057
2129,2043
2136,2075
2135,2012
2139,2060
2133,2019
2133,2020
2140,2078
2139,2009
2140,2040
2141,2043
2147,2071
2143,2043
2143,2017
2145,2033
2129,2043
2138,2016
2127,2033
2124,2056
2132,2023
2122,2063
2117,2040
2115,2074
2103,2055
2105,2019
2104,2055
2094,2063
2085,2071
2080,2073
2076,2062
2076,2011
2073,2009
2063,2063
2056,2071
2056,2032
2042,2023
2035,2079
2035,2051
2023,2043
2026,2055
2021,2074
2015,2057
2014,2025
2007,2068
2003,2043
2003,2071
2000,2035
1997,2072
1987,2063
1995,2037
1989,2080
1993,2039
1987,2063
1987,2040
1980,2064
1990,2011
1991,2053
1987,2067
1993,2008
1993,2060
1995,2071
1996,2065
2007,2063
2009,2056
2009,2060
2005,2057
2013,2017
2011,2032
2024,2039
2028,2068
2033,2063
2039,2002
2040,2047
2052,2021
2058,2080
2063,2064
2066,2017
2067,2011
2071,2023
2080,2041
2080,2063
2083,2028
2083,2017
2081,2031
2103,2029
2108,2062
2115,2053
2107,2083
2114,2035
2122,2007
2123,2072
2117,2012
2124,2032
2135,2032
2119,1995
2129,2011
2127,2056
2127,2020
2128,2066
2127,2088
2124,2019
2115,2045
2116,2026
2115,2035
2107,2054
2105,2017
2104,2019
2097,2067
2093,2041
2083,2035
2093,2080
2087,2063
2069,2065
2073,2072
2069,2029
2061,2027
2041,2060
2053,2075
2042,2044
2039,2076
2035,2027
2025,2013
2023,2073
2015,2040
2019,2072
2011,2079
2008,2040
1992,2053
2004,2073
1995,2036
1987,2043
1993,2060
1987,2044
1991,2060
1988,2027
1987,2055
1982,2024
1992,2029
1984,2025
1979,2043
1984,2039
1995,2057
1995,2066
1995,2055
1996,2017
2005,2040
2012,1999
2014,1991
2009,2063
2016,2059
2023,2073
2024,1995
2031,2072
2034,2072
2035,2043
2045,2057
2041,2019
2040,2021
2056,2035
2072,2015
2081,2044
2077,2035
2080,2071
2090,2045
2089,2045
2088,2039
2097,2055
2112,2021
2123,2039
2123,2025
2128,2057
2123,2056
2132,2056
2131,2072
2139,2008
2133,2011
2139,2062
2141,2030
2144,2027
2141,2056
2131,2029
2143,2035
2145,2035
2140,2048
2146,2068
2140,2024
2139,2029
2133,1999
2132,2020
2133,2025
2117,2035
2121,1997
2105,2017
2107,2029
2099,2039
2103,2072
2091,2030
2089,2017
2079,2056
2082,2044
2073,2076
2071,2045
2069,2045
2059,2038
2043,2042
2035,2065
2035,2011
2035,2044
2024,2072
2022,2026
2007,2063
2005,2043
2011,2025
2001,2080
2015,2038
1995,2066
1993,2076
1993,2011
1992,2057
1995,2022
1987,2058
1990,2036
1989,2057
1992,2053
1992,2012
1992,2055
1998,2065
1993,2045
1996,2072
2003,2054
2003,2064
2013,2044
2015,2011
2009,2033
2016,2047
2027,2023
2020,2053
2029,2065
2029,2021
2035,2045
2053,2035
2065,2029
2058,2029
2071,2056
2073,2029
2079,2033
2077,2037
2087,2024
2093,2003
2087,2048
2103,2063
2101,2057
2109,2025
2123,2017
2117,2084
2117,2003
2123,2021
2127,2070
2133,2059
2132,2071
2144,2028
2132,2057
2140,1998
2141,2012
2133,2072
2137,2034
2136,2066
2131,2035
2118,2027
2135,2036
2120,2054
2124,2039
2121,2064
2120,2071
2117,2036
2108,2063
2099,2044
2093,2039
2089,2064
2086,2063
2078,2080
2078,2031
2076,2057
2063,2070
2058,2063
2058,2071
2056,2067
2041,2025
2023,2053
2027,2063
2025,2035
2012,2037
2017,2025
2008,2045
1996,2063
2002,2036
2003,2037
1999,2070
1999,2044
1979,2055
1989,2035
1995,2021
1981,2056
1992,2089
1988,2039
1975,2065
1984,2028
1992,2046
1977,2035
1989,2057
1981,2024
1993,2071
2000,2067
2000,2079
2008,2036
2003,2060
2012,2054
2012,2025
2020,2036
2024,2030
2026,2043
2028,2040
2040,2019
2031,2032
2054,2071
2042,2080
2068,2068
2068,2075
2063,2020
2076,2041
2084,2029
2081,2075
2088,2028
2091,2005
2091,2045
2102,2070
2109,2058
2115,2009
2120,2068
2126,2059
2129,2055
2131,2039
2135,2056
2136,2071
2137,2036
2141,2019
2145,2025
2143,2011
2137,2022
2133,2035
2133,2042
2135,2039
2136,2043
2137,2039
2136,2058
2129,2021
2123,2033
2121,2044
2122,2079
2119,2072
2105,2030
2099,1999
2091,2067
2088,2017
2093,2062
2089,2041
2084,2044
2077,2031
2076,2091
2074,2007
2063,2063
2057,2035
2045,2042
2048,2065
2038,2062
2034,2040
2027,2043
2027,2079
2024,2034
2018,2080
2015,2034
2008,2052
2005,2041
2004,2021
1995,2039
2001,2075
2008,2056
2005,2074
2007,2068
1991,2036
1995,2039
1995,2012
1998,2027
1993,2028
2000,2048
2000,2003
2003,2017
2006,2063
2009,2075
2008,2003
2007,2056
2011,2059
2024,2011
2023,2063
2029,2071
2036,2011
2028,2037
2029,2035
2045,2066
2056,2084
2061,2056
2070,2080
2065,2048
2074,2009
2069,1997
2075,2041
2087,1989
2096,2024
2092,2036
2096,2044
2099,2018
2104,2024
2111,2030
2118,2026
2125,2051
2129,2088
2128,2010
2134,2061
2133,2055
2133,2027
2138,2023
2140,2021
2142,2060
2140,2021
2135,2027
2136,2020
2132,2048
2139,2077
2133,2038
2128,2053
2125,2080
2125,2009
2105,2026
2116,2029
2107,2027
2103,2003
2085,2035
2100,2063
2083,2037
2087,2068
2080,2048
2077,2029
2071,2009
2068,2072
2055,2074
2056,2073
2039,2039
2037,2017
2027,2039
2028,2072
2021,2056
2017,2075
2019,2021
2007,2072
1997,2029
2001,2044
1993,2067
1991,2071
1992,2021
1996,2091
1993,2069
1992,2041
1992,2040
1992,2048
1977,2063
1979,2075
1988,2031
1984,2025
1980,2063
1992,2011
1987,2075
1995,2048
1991,2071
2004,2036
2008,2017
2008,2054
2003,2065
2011,2025
2017,2007
2015,2048
2028,2011
2029,2015
2027,2039
2042,2038
2041,2075
2043,2013
2055,2017
2055,2011
2072,2064
2078,2033
2080,2057
2083,2063
2085,2036
2101,2040
2102,2023
2102,2064
2104,2051
2112,2019
2112,2060
2120,2043
2125,2020
2121,2043
2136,2021
2129,2031
2129,2058
2141,2041
2139,2042
2141,2060
2131,2041
2136,2046
2137,2034
2133,2056
2133,2071
2129,2045
2123,2059
2123,2023
2124,2024
2119,2041
2107,2043
2099,2084
2103,2027
2099,2009
2085,2057
2092,2054
2087,2069
2071,2068
2075,2040
2066,2075
2057,2057
2040,2035
2054,2047
2041,2067
2040,2037
2038,2007
2036,2017
2019,2040
2023,2071
2016,2017
2005,2059
2008,2053
2003,2030
1995,2063
1999,2023
1991,2080
1997,2040
1988,2018
1995,2027
1991,2025
1985,2009
1977,2063
1977,2034
1979,2023
1979,2047
1985,2048
1987,2032
1998,2064
2000,2075
2000,2009
2003,1991
2010,2037
2010,2063
2008,2011
2009,2025
2019,2028
2019,2065
2029,2027
2036,2077
2043,2033
2043,2071
2052,2040
2055,2033
2069,2033
2073,2044
2080,2051
2089,2047
2083,2023
2093,2067
2087,2055
2089,2029
2104,2023
2103,2019
2112,2072
2124,2022
2109,2025
2132,2075
2133,2081
2139,2035
2139,2063
2137,2057
2139,2017
2143,2007
2139,2062
2135,2043
2138,2056
2134,2033
2142,2011
2131,2063
2132,2044
2128,2043
2125,2068
2115,2039
2125,2064
2111,2038
2113,2041
2101,2041
2092,2040
2089,2063
2095,2076
2087,2023
2081,2047
2079,2068
2068,2055
2055,2022
2063,2036
2043,2064
2045,2066
2035,2020
2027,2067
2024,2064
2025,2054
2013,2046
2013,2026
1995,2065
2007,2042
2000,2064
1998,2025
1994,2056
1999,2025
1994,2059
1991,1997
1987,2021
1987,2068
1987,2067
1979,2017
1984,2066
1971,2021
1993,2019
1979,2043
1993,2074
1999,2056
2003,2024
2007,2056
2007,2078
2008,2067
2009,2025
2009,2037
2021,2080
2026,2056
2033,2017
2035,2019
2040,2058
2052,2071
2053,2041
2066,2020
2063,2068
2072,2064
2080,2033
2088,2051
2077,2075
2088,2064
2085,2063
2103,2036
2108,2072
2110,2019
2108,2033
2112,2069
2125,2037
2131,2033
2139,2027
2129,2043
2140,2059
2140,2040
2139,2030
2135,2056
2144,2045
2143,2017
2143,2066
2142,2075
2140,2062
2143,2076
2143,2067
2139,2042
2123,2072
2136,2077
2121,2031
2125,2042
2119,2063
2115,2065
2111,2062
2104,2071
2096,2080
2091,2059
2094,2069
2092,2001
2086,2030
2069,2043
2072,2056
2071,2045
2059,2023
2059,2069
2046,2042
2043,2031
2038,2059
2034,2024
2025,2043
2025,2001
2017,2047
2015,2072
2008,2072
2012,2076
2005,2035
2011,2029
2008,2021
1997,2057
2003,2064
2004,2038
2001,2066
1996,2024
2004,2069
2000,2010
1999,2060
1993,2071
2005,2082
1997,2008
2009,2056
2012,2054
2012,2019
2019,2055
2015,2055
2024,2011
2024,2034
2027,2007
2035,2030
2039,2070
2037,2072
2046,2056
2054,2044
2063,2071
2068,2022
2074,2080
2077,2058
2068,2053
2080,2022
2089,2009
2088,2027
2087,2045
2103,2005
2101,2015
2101,2003
2115,2055
2126,2088
2122,2063
2124,2075
2132,2032
2123,2044
2137,2082
2136,2017
2137,2025
2131,2025
2135,2032
2132,2079
2134,2005
2133,2060
2123,2067
2132,2043
2131,2101
2121,2028
2122,2004
2117,1994
2113,2069
2109,2039
2104,2035
2104,2039
2099,2056
2099,2001
2085,2079
2088,1994
2083,2072
2073,2048
2076,2033
2068,2045
2044,2050
2051,2063
2042,2039
2038,2029
2032,2009
2023,2067
2023,2043
2009,2040
2009,2035
1997,2035
1991,2075
1995,2041
1998,2061
1995,2033
1993,2075
1978,2015
1975,2035
1975,2054
1982,2074
1979,2073
1973,2063
1982,1988
1973,2072
1974,2063
1984,2040
1987,2023
1979,2037
1984,2056
1997,2056
1995,2021
2005,2031
2005,2040
2005,2063
2012,2043
2007,2030
2017,2064
2024,2056
2025,2043
2035,2042
2039,2027
2037,2028
2057,2017
2058,2009
2067,2053
2069,2052
2075,2060
2080,2017
2089,2041
2097,2007
2098,1997
2093,2018
2091,2047
2106,2071
2107,2076
2119,2011
2123,2039
2119,2018
2134,2065
2129,2017
2129,2026
2132,2071
2136,2054
2136,2064
2132,2045
2142,2072
2129,2041
2133,2063
2133,2035
2131,2045
2135,2052
2128,2030
2118,2074
2119,2040
2119,2057
2123,2039
2110,2091
2109,2023
2099,2054
2094,2084
2092,2045
2088,2055
2085,2071
2075,2039
2073,2073
2072,2074
2064,2041
2065,2027
2035,2065
2039,2039
2039,2063
2038,2048
2028,2040
2027,2040
2020,2060
2019,2027
2011,2041
2008,2063
2013,2065
2007,2071
2007,2042
2002,2053
2003,2040
2001,2051
2000,2071
1994,2056
1991,2042
1999,2068
1993,2065
2004,2034
1995,2040
2003,2023
2005,2003
2012,2007
2016,2068
2017,2005
2024,2031
2021,2067
2030,2045
2032,2045
2036,2059
2039,2035
2040,2048
2043,2046
2059,2056
2063,2032
2059,2070
2069,2039
2081,2024
2081,2039
2090,2006
2091,2012
2103,1997
2103,2065
2108,2007
2109,2054
2118,2025
2118,2043
2129,1995
2135,2058
2137,2039
2133,2013
2143,2023
2145,2061
2148,2040
2146,2074
2144,2041
2147,2054
2152,2071
2144,2091
2155,2038
2148,2005
2143,2064
2143,2066
2141,2024
2136,2040
2135,2075
2129,2063
2129,2009
2119,2041
2121,2025
2105,2026
2117,2068
2107,2055
2093,2045
2085,2015
2079,2027
2080,2038
2083,2065
2068,2071
2063,2028
2065,2040
2057,2018
2040,2040
2040,2034
2035,2074
2028,2056
2023,2022
2015,2067
2007,2076
2003,2039
1999,2057
1995,2021
1997,2054
1991,2070
1996,2056
1990,2040
1990,2070
1979,2055
1992,2037
1993,2054
1989,2045
1992,2023
1993,2031
1996,2078
1998,2045
1996,2068
1998,2076
2004,2005
2000,2001
2008,2063
2015,2051
2011,2035
2027,2008
2019,1995
2023,2055
2030,2037
2035,2012
2037,2010
2039,2001
2045,2009
2053,2063
2063,2021
2072,1987
2074,2078
2080,2060
2087,2041
2088,2004
2095,2052
2086,2055
2105,2009
2093,2031
2104,2063
2119,2062
2117,2043
2127,2052
2127,2042
2132,2030
2132,2080
2134,2019
2136,2015
2140,2022
2131,2048
2131,2018
2129,2035
2140,2066
2137,2040
2132,1993
2119,2068
2128,2054
2121,2039
2122,2002
2107,2026
2114,2046
2108,2048
2106,2052
2104,2068
2099,2040
2092,2075
2087,2056
2079,2063
2067,2063
2072,2026
2065,2063
2064,2040
2056,2041
2053,2038
2031,2080
2036,2034
2035,2040
2023,2060
2019,2017
2012,2021
2019,2031
2004,2003
1999,2071
1980,2041
2000,2052
1991,2071
2000,2041
1996,2011
1993,2027
1987,2042
1986,2033
1987,2039
1987,2054
1996,2069
2000,2059
1996,2056
2001,2028
2003,2009
2009,2048
2004,2001
2001,2033
2017,2079
2011,2043
2026,2043
2021,2024
2033,2036
2035,2063
2029,2045
2044,2070
2048,2040
2055,2009
2053,2035
2068,2059
2071,2003
2074,2019
2089,1997
2087,2038
2096,2037
2104,2055
2097,2039
2107,2066
2116,2017
2123,2061
2121,2021
2121,2046
2136,2021
2137,2071
2140,2017
2139,2020
2147,2066
2152,2048
2144,2067
2141,2055
2152,2005
2144,2063
2143,2042
2141,2067
2144,2019
2147,2025
2143,2048
2143,2036
2142,2068
2140,2039
2135,2038
2120,2037
2127,2039
2122,2039
2109,2068
2107,2056
2099,2043
2104,2062
2099,2041
2081,2025
2083,2063
2083,2040
2067,2067
2072,2040
2068,2033
2068,2028
2059,2060
2043,2018
2035,2055
2029,2063
2032,2059
2024,2051
2020,2070
2010,2035
2008,2015
2001,2012
2004,2074
2000,2043
1995,2051
2000,2057
1995,2060
1995,2039
1997,2070
1994,2027
1982,2011
1989,2039
1996,2064
1997,2071
1997,2031
1996,2033
2001,1988
2005,2043
2009,2069
2006,2048
2011,2056
2019,2043
2017,2052
2024,2065
2024,2071
2031,2063
2040,2041
2047,2025
2041,2034
2057,2027
2058,2034
2071,2021
2071,2069
2071,2019
2076,2072
2075,2007
2083,2017
2103,2044
2096,2073
2100,2040
2101,2052
2110,2057
2118,2068
2120,2089
2126,2012
2128,2037
2121,2025
2125,2040
2136,2008
2131,2020
2131,2021
2138,2023
2131,2023
2135,2066
2132,2022
2122,2073
2122,2007
2122,2018
2121,2077
2122,2060
2115,2069
2115,2067
2107,2043
2107,2039
2104,2005
2091,2037
2080,2072
2083,2036
2080,2077
2079,2072
2070,2044
2065,2040
2065,2018
2045,2072
2041,2079
2040,2039
2029,2078
2023,2073
2019,2040
2019,2071
2011,2034
2011,2040
2003,2066
1989,2045
1989,2058
1993,2052
1994,2034
1979,2064
1984,2037
1984,2080
1981,2068
1988,2012
1987,2080
1979,2063
1987,2065
1978,2064
1981,2040
1984,2068
1981,2065
1993,2040
1987,2052
1995,2061
1991,2072
1996,2039
2008,2024
2012,2042
2015,2060
2010,2048
2015,2043
2017,2043
2033,2046
2034,2045
2051,1993
2054,2001
2043,2017
2064,2017
2066,2042
2070,2067
2076,2060
2078,2066
2087,2040
2089,2021
2097,2070
2103,1993
2103,2021
2105,2037
2107,2080
2120,2039
2121,2069
2120,2055
2129,2035
2138,2066
2129,2023
2141,2068
2139,2063
2135,2060
2133,2065
2135,2013
2139,2055
2129,2027
2123,2068
2128,2042
2123,2081
2131,2025
2123,2029
2125,2037
2112,2019
2105,2020
2103,2040
2108,2058
2104,2041
2096,2022
2087,2021
2088,2056
2073,2063
2079,2075
2079,2089
2067,2021
2063,2035
2048,2052
2037,2056
2038,2023
2031,2088
2033,2039
2029,2005
2019,2035
2011,2067
2003,2057
2007,2055
1999,2040
2004,2001
2003,2023
1993,2055
2000,2069
1989,2043
1993,2063
1996,2032
1988,2053
1994,2001
1991,2066
1988,2021
1988,2032
2001,2079
2008,2060
2009,2088
2003,2043
2005,2048
2016,2011
2019,2073
2027,2021
2031,2072
2027,2035
2032,2041
2034,2057
2051,1993
2041,2017
2043,2025
2055,2019
2068,2072
2072,2035
2071,2023
2084,2069
2089,2048
2087,2029
2099,2080
2096,2040
2105,2033
2111,2068
2112,2043
2104,2028
2124,2046
2130,2038
2132,2055
2127,2032
2135,2043
2146,2057
2142,2080
2147,1997
2147,2058
2139,2072
2140,2040
2141,2037
2136,2037
2136,2032
2137,2080
2135,2063
2140,2033
2123,2011
2125,2032
2119,2040
2109,2012
2111,2074
2109,2052
2100,2044
2088,2033
2085,2059
2095,2044
2081,2068
2080,2065
2073,2032
2075,2030
2066,2056
2045,2020
2046,2056
2053,2078
2027,2057
2032,2067
2028,2027
2017,2033
2013,2065
2015,2067
2010,2040
2011,2037
2004,2080
1998,2068
1996,2048
1994,2019
1979,2009
1992,2033
1984,2055
1989,2076
1989,2030
1981,2055
1987,2035
1987,2056
1980,2043
1992,2033
2000,2069
1997,2063
2002,2041
2001,2029
2007,2031
2004,2025
2019,2084
2005,2061
2022,2025
2024,2041
2025,2059
2031,2036
2040,2044
2047,2071
2045,2034
2042,2063
2063,2053
2072,2012
2071,2077
2088,2053
2090,2080
2083,2021
2093,2007
2088,2069
2103,2039
2105,2041
2116,2025
2117,2009
2109,2076
2125,2063
2133,2015
2129,2019
2136,2018
2135,2019
2136,2010
2132,2063
2133,2044
2140,2013
2141,2043
2136,2035
2137,2061
2131,2035
2135,2030
2132,2017
2131,2025
2115,2068
2121,2057
2109,2077
2109,2072
2105,2079
2101,2068
2104,2031
2100,2039
2087,2018
2086,2033
2076,2071
2081,2053
2071,2027
2063,2055
2056,2071
2057,2019
2047,2027
2037,2015
2029,2021
2027,2091
2025,2023
2019,2043
2013,2037
2013,2039
2008,2060
1999,2023
1991,2033
1996,2009
1996,2027
1999,2036
1993,2021
1981,2080
1994,2067
1992,2072
1992,2071
1992,2072
1994,2067
1987,2070
1992,2048
1992,2057
1994,2063
1999,2071
1993,2056
2008,2065
2010,2075
2013,2076
2017,2030
2016,2037
2024,2021
2036,2069
2036,2027
2038,2023
2042,2008
2048,2021
2056,2019
2067,2007
2065,2025
2075,2035
2071,2019
2078,2021
2088,2019
2091,2073
2093,2066
2093,2056
2104,2079
2110,2053
2119,2059
2119,2080
2117,2056
2123,2019
2132,2019
2131,2025
2136,2070
2133,2038
2140,2059
2137,2063
2138,2041
2136,2025
2140,2023
2139,2053
2135,2027
2125,2036
2139,2020
2138,2038
2133,2041
2119,2041
2121,2030
2109,2063
2119,2063
2109,2028
2093,2029
2101,2072
2096,2037
2097,2058
2085,2040
2073,2009
2073,2072
2072,2019
2072,2079
2063,2039
2043,2077
2052,1994
2041,2063
2032,2068
2028,2068
2025,2045
2019,2067
2011,2009
2009,2079
2008,2080
1995,2055
2008,2005
1989,2040
1999,2036
1989,2023
1995,2056
1995,2043
1995,2072
1999,2030
1990,2028
1998,2024
1999,2040
1997,2009
2002,2025
2009,2063
2007,2077
2008,2060
2007,2047
2008,2037
2015,2035
2017,2051
2025,2066
2033,2056
2036,2053
2037,2028
2041,2015
2042,2044
2047,2061
2043,2021
2065,2047
2072,2037
2073,2061
2073,2082
2081,2055
2084,2035
2096,2080
2093,2037
2104,2017
2105,2023
2112,2034
2117,2072
2123,1995
2131,2019
2131,2044
2138,2039
2140,2025
2135,2027
2144,2015
2139,2068
2139,2040
2137,2023
2142,2077
2137,2099
2139,2060
2140,1989
2144,2036
2140,2036
2140,2080
2129,2017
2123,2007
2117,2025
2120,2080
2120,2056
2109,2054
2107,2045
2093,2025
2098,2065
2088,2070
2091,2028
2085,2076
2078,2040
2065,2040
2063,2066
2063,2071
2063,2037
2041,2021
2041,2039
2035,2005
2031,2059
2025,2069
2028,2053
2017,2041
2005,2079
2008,2068
2003,2021
1995,2035
2002,2007
2001,2031
1991,2057
1995,2017
1988,2041
1992,2067
1991,2048
1990,2025
1994,2027
1994,2023
1996,2021
1991,2057
1999,2063
1996,2027
1999,2060
1996,2065
2001,2071
2005,1989
2015,2037
2016,2019
2024,2076
2027,2071
2035,2044
2032,2060
2035,2072
2040,2018
2056,2021
2041,2042
2066,2040
2067,2031
2077,2064
2075,2071
2087,2021
2089,2071
2103,2033
2087,2059
2103,2025
2106,2023
2111,2036
2119,2063
2119,2063
2127,2043
2124,2039
2133,2035
2135,2027
2141,2055
2135,2025
2135,2063
2135,2040
2136,2044
2143,2040
2137,2056
2138,2005
2135,2043
2129,2040
2135,2007
2132,2011
2129,2025
2124,2079
2120,2019
2108,2019
2113,2019
2107,2059
2102,2072
2096,2015
2090,2068
2087,2048
2073,2060
2079,2075
2063,2057
2071,2023
2069,1993
2057,2075
2048,2069
2037,2071
2035,2091
2022,2065
2021,2043
2020,2015
2019,2059
2017,2053
2004,2072
1994,2068
1997,2033
1995,2027
1990,2045
1987,2037
1977,2062
1997,2021
1984,2008
1987,2023
1991,1991
1981,2036
1984,2019
1997,2040
1993,2077
1995,2073
1992,2063
2002,2012
1995,2044
1993,2034
2007,2052
2010,2068
2015,2007
2024,2080
2024,2083
2023,2043
2024,2063
2039,2035
2041,2077
2041,2040
2043,2036
2059,2007
2066,2040
2073,2072
2072,2024
2080,2055
2081,2043
2091,2021
2091,2058
2095,2055
2107,2048
2107,2054
2109,2045
2121,2007
2127,2077
2127,2041
2130,2045
2135,2017
2140,2060
2133,2056
2141,2020
2137,2011
2147,2015
2137,2077
2138,2072
2139,2023
2129,2029
2129,2037
2135,2060
2123,1995
2136,2019
2128,2063
2119,2080
2119,2011
2110,2055
2108,2029
2108,2017
2104,2071
2093,2001
2093,2076
2087,2074
2079,2011
2080,2002
2072,2065
2067,2011
2054,2029
2057,2066
2051,2072
2040,2007
2027,2042
2024,2072
2027,2077
2021,2074
2008,2044
2011,2019
2010,2035
2005,2063
1999,2027
2001,2073
2000,2063
2001,2061
1998,2055
1993,2027
1991,2045
2000,2056
1993,2067
2003,2051
1997,2036
2007,2033
1995,2019
2007,2026
2006,2063
2004,2048
2013,2029
2003,2056
2019,2053
2021,2063
2033,2041
2028,2060
2035,2048
2027,2055
2033,2027
2060,2040
2057,2038
2059,2035
2063,2025
2074,2071
2071,2065
2079,2053
2088,2058
2091,2080
2087,2027
2097,2021
2104,2063
2111,2047
2118,2067
2117,2033
2123,2040
2125,2037
2133,2057
2133,2025
2141,2064
2143,2033
2138,2015
2144,2009
2137,2043
2151,2060
2144,2027
2140,2023
2143,2027
2135,2029
2136,2002
2141,2054
2129,2059
2128,2017
2131,2041
2121,2066
2116,2042
2116,2041
2104,1995
2115,2023
2108,2072
2100,2080
2096,2058
2085,2041
2089,2043
2087,2028
2074,2035
2070,2056
2069,2048
2068,2067
2055,2024
2039,2005
2041,2015
2031,2044
2021,2028
2024,2043
2019,2028
2015,2025
2012,2021
2001,2044
2003,2056
1994,2009
1992,2027
1995,2007
1991,2076
1991,2024
1992,2043
1993,2063
1996,2068
1997,2056
1990,2070
1992,2063
1989,2027
1995,2037
1997,2063
1991,2029
2007,2079
2008,2019
2007,2041
2020,2023
2022,2047
2023,2041
2025,2039
2025,2037
2035,2069
2036,2043
2043,2045
2058,2058
2065,2030
2063,2053
2067,2036
2076,2052
2075,2063
2080,2009
2088,2052
2096,2037
2099,1995
2104,2020
2108,2056
2104,2069
2116,2003
2115,2011
2124,2076
2133,2004
2123,2025
2136,1997
2127,2061
2133,2025
2138,2025
2139,2063
2140,2023
2131,2043
2140,2028
2137,2071
2135,2036
2133,2023
2132,2033
2131,2005
2119,2034
2117,2035
2107,2038
2112,2065
2099,2040
2110,2037
2109,2079
2085,2055
2091,2068
2079,2040
2073,2041
2077,2011
2067,2033
2068,2071
2063,2069
2060,2011
2047,2005
2037,2048
2040,2077
2030,2065
2024,2044
2019,2019
2012,2067
2008,2035
2009,2035
2007,2017
1999,2065
1994,2001
2000,2078
1996,2056
1993,2019
1999,2019
1977,2039
1993,2063
1995,2063
1994,2036
1979,2006
1992,2028
2001,2046
2001,2007
2001,2043
1999,2036
2001,2057
2001,2024
2010,2039
2015,2041
2024,2072
2017,2015
2025,2046
2032,2060
2036,2063
2035,2059
2045,2021
2041,2027
2056,2071
2071,2042
2067,2068
2078,2071
2076,2058
2077,2017
2089,2034
2097,2027
2099,2045
2095,2025
2111,2032
2115,2087
2117,2057
2117,1592
2143,1353
2151,2112
2137,2199
2123,2325
2095,1446
2089,2713
2067,3595
2075,2862
2099,2289
2149,1681
2207,1881
2237,2011
2276,2066
2328,2354
2349,2045
2341,1873
2328,2300
2297,2096
2273,2073
2261,1877
2240,1805
2236,1939
2229,2097
2200,1969
2181,2072
2140,1918
2124,2075
2107,2219
2087,2197
2103,2064
2096,1941
2096,2081
2091,1984
2099,1865
2119,1965
2105,2028
2083,2040
2045,2121
1996,1983
1981,2029
1973,1915
1964,1927
1975,2124
1971,2260
1952,2200
1950,2081
1945,2129
1939,2105
1961,2149
1960,2051
1960,1928
1991,1952
2020,2094
2024,1953
2029,1963
2035,2071
2030,2045
2019,2007
1980,1995
1942,1959
1915,1838
1876,1963
1860,1991
1840,2068
1830,2105
1840,2012
1863,1952
1880,2074
1920,2063
1952,2167
1978,2165
2007,2003
2014,1995
2021,1980
1995,1869
1979,1882
1988,1823
1995,1861
2001,2156
2015,2122
2043,2056
2084,2207
2107,2313
2160,2352
2201,2360
2232,2196
2255,2000
2231,1890
2245,1653
2221,1811
2228,2043
2224,2263
2203,2117
2220,1942
2215,1976
2224,2081
2200,2084
2203,2090
2187,2066
2179,2233
2186,2229
2173,2029
2181,1999
2190,1809
2201,1768
2215,1961
2235,2160
2244,1939
2251,1928
2257,1833
2248,1880
2231,2168
2219,2163
2189,2176
2172,2335
2139,2119
2103,1938
2067,1960
2029,1825
1997,1856
1973,1968
1945,1869
1931,1836
1947,1939
1961,2136
1979,2297
2019,2285
2054,2076
2081,2121
2081,2147
2080,2128
2077,1955
2058,1799
2039,1909
2026,2098
2008,1795
2007,1720
2001,1966
1987,2127
1981,2187
1961,2343
1957,2128
1955,1937
1945,2027
1944,2054
1909,2080
1948,1937
1983,1726
2011,2015
2024,2077
2043,1920
2063,1956
2065,2215
2066,2285
2080,2133
2100,1915
2099,1835
2103,2157
2103,1927
2124,1981
2145,2076
2147,2046
2145,2023
2163,1904
2164,1835
2161,1795
2176,2043
2220,1565
2268,2072
2299,2323
2284,2169
2293,2029
2299,2283
2283,2339
2257,2105
2233,2017
2213,1862
2207,1931
2186,1716
2163,2088
2163,1977
2160,2036
2176,2120
2163,2258
2152,2021
2143,1891
2139,1889
2138,2344
2131,2219
2133,2147
2116,2091
2120,2058
2109,2007
2123,2099
2103,2068
2092,1952
2096,2036
2075,1964
2089,2223
2059,2127
2043,1898
2029,1683
2057,1929
2033,2081
2065,2464
2072,2055
2079,1998
2067,2208
2041,2092
2035,2091
2008,2281
2020,2311
2017,2259
2029,1988
2024,2048
2012,2356
2022,2313
2043,2077
2042,1869
2029,2412
2039,2232
2053,1705
2071,2091
2095,2456
2091,2078
2144,1988
2153,2155
2134,2073
2126,2008
2131,2005
2120,2185
2099,2466
2067,2095
2072,1601
2071,1717
2077,1883
2067,1945
2057,1883
2096,2006
2118,2065
2129,1851
2136,2025
2136,2161
2143,2075
2147,1960
2205,2176
2207,2078
2219,2190
2226,2140
2216,1768
2236,1892
2215,2199
2216,2063
2204,1971
2167,2109
2155,1896
2132,2008
2115,1925
2128,2009
2128,2029
2112,1990
2118,1822
2121,2089
2123,2219
2115,2143
2080,2145
2095,1949
2120,2090
2123,1972
2098,1909
2059,2035
2089,1920
2131,2008
2109,2223
2110,2022
2087,1847
2066,1869
2080,1880
2079,2105
2071,1893
2099,2387
2091,2107
2104,1905
2096,1847
2100,2221
2100,1938
2109,2048
2110,2440
2126,2165
2119,1785
2123,2163
2094,2275
2079,1912
2065,1832
2068,1946
2027,1961
2027,2283
1979,1928
1996,1845
2004,2116
2017,2076
2032,1917
2017,2591
2040,2072
2030,2167
2057,1915
2064,2029
2027,1801
2037,1739
2044,2173
2072,2019
2044,1745
2028,2200
2030,2093
2040,1971
2033,2195
2029,2103
2035,2221
2019,1768
2030,1937
2015,2264
2020,2007
2057,2200
2040,1848
2054,2237
2025,2205
2027,1529
2039,2217
2036,2553
2038,1952
2052,2185
2041,2201
2063,2081
2070,1896
2063,2009
2055,1774
2083,1960
2073,2111
2092,2121
2079,1849
2106,2192
2101,1969
2101,2105
2119,1976
2107,1987
2112,1803
2147,1939
2140,2158
2117,2055
2106,2235
2088,1887
2120,1759
2101,2157
2103,2230
2072,1777
2079,1883
2129,2109
2129,2351
2143,2117
2152,2232
2140,1913
2167,1971
2165,2038
2152,2119
2163,2009
2159,2042
2145,1973
2137,2022
2105,1945
2120,2149
2103,2076
2079,1852
2067,1883
2032,1992
2035,2096
2039,1973
2015,1971
2007,1817
2011,2096
2002,1991
2029,2478
2007,2417
2017,1843
2027,1989
2018,2233
2036,1852
2016,2288
1989,2032
2005,2261
1993,1915
2015,2237
1983,2063
1977,1813
2012,2071
1989,2107
1987,1669
1993,2029
1999,1707
2009,2151
2027,1768
2012,1763
2009,2048
2036,2080
2043,2043
2061,2132
2031,2196
2048,2138
2071,1964
2064,2275
2057,2332
2032,1925
2063,1863
2085,2137
2080,2160
2079,1901
2080,2024
2105,2318
2137,2121
2148,2119
2141,2032
2163,1760
2133,1892
2168,2073
2152,2080
2152,2147
2167,2034
2171,1809
2203,1932
2215,2275
2200,1765
2206,1681
2205,1696
2195,2595
2186,2014
2180,1739
2160,2164
2168,2228
2167,2030
2169,2063
2160,2171
2149,2437
2135,1760
2134,2217
2119,2132
2109,1944
2124,1819
2108,1928
2120,1969
2128,2135
2093,2159
2091,2073
2067,1756
2085,2132
2102,2083
2078,2027
2076,2295
2053,2129
2033,1837
2063,2211
2020,2245
1997,2063
1987,2023
1953,2309
1979,2084
1977,1968
1959,2184
1944,1804
1924,2013
1955,1939
1955,1907
1933,2319
1963,2297
1976,1811
1959,2224
1991,2165
1995,2202
1995,2201
1998,2228
2000,1961
2028,1809
1994,2140
1992,2081
1997,1644
2009,2024
2008,2071
1989,1841
1990,1657
1992,1789
2007,1963
2015,2084
1996,2344
2044,2045
2028,1943
2043,2380
2067,2043
2055,2268
2091,1980
2091,2357
2108,1804
2145,1837
2111,2220
2117,1971
2137,2087
2139,2281
2160,2071
2137,2058
2151,1939
2169,1982
2168,2219
2148,2079
2179,1689
2134,2266
2131,2008
2156,1804
2129,1920
2129,1947
2151,1937
2128,1896
2173,1996
2143,2231
2108,1986
2156,1892
2134,2264
2149,1984
2149,1488
2125,2081
2157,1717
2164,2083
2137,1813
2146,2172
2103,2017
2083,2378
2099,1709
2075,2025
2071,2236
2068,2235
2053,1988
2081,1941
2045,2157
2011,1873
2033,1507
2011,1853
2028,2069
2075,2040
2040,2112
2041,2075
2064,2419
2056,2081
2058,1932
2011,2073
2016,2283
2028,1911
2005,1815
1989,2079
2008,2249
1998,2121
1992,2073
1993,2119
1969,1930
1965,1826
1964,2057
1984,1880
2006,1917
1978,2121
2011,2247
2039,2495
2041,2026
2085,1927
2043,1953
2066,2131
2080,1936
2063,2317
2068,2188
2042,1877
2055,1871
2068,1835
2079,1758
2058,1811
2040,1908
2059,1907
2069,2087
2083,1941
2065,2531
2056,2039
2093,2092
2103,2249
2120,2235
2121,2203
2099,2003
2116,2251
2107,2209
2131,1722
2158,1869
2129,1833
2144,1918
2152,1782
2165,1939
2156,2213
2149,2087
2146,1880
2120,2066
2125,2191
2127,1774
2127,1735
2123,2134
2119,2535
2111,2283
2092,2221
2101,2513
2087,2232
2099,1989
2091,2186
2098,2246
2134,2160
2109,1880
2121,2168
2131,2099
2105,2030
2119,1846
2091,2519
2073,2199
2108,2138
2071,2099
2077,1706
2073,1771
2059,1723
2071,1881
2059,1939
2032,2183
2032,2199
2019,1977
2028,1859
2020,2193
2024,2044
2032,1808
2038,2380
2039,2011
2040,1913
2032,1890
2056,2232
2055,2374
2055,1935
2064,1740
2055,1606
2043,1719
2055,1773
2067,2375
2067,2197
2058,2315
2048,2362
2026,1943
2055,2053
2053,2356
2027,1887
2058,1937
2044,1669
2101,1982
2087,1240
2067,1736
2107,1997
2110,2429
2107,1826
2135,2525
2119,2293
2125,2040
2127,1784
2111,2093
2135,2273
2113,1999
2095,1893
2099,2459
2100,1971
2106,1930
2109,1949
2106,2379
2125,2107
2134,2129
2100,2124
2126,2100
2115,1675
2135,1940
2163,2009
2151,2228
2171,2195
2169,1931
2172,2154
2167,1601
2161,1876
2152,1608
2117,1654
2095,1607
21