1977,2048
1987,2005
1980,2041
1984,2042
1984,2043
1983,2027
1983,2027
1979,2040
1992,2023
1991,2056
1992,2061
1992,2036
1997,2031
2001,2055
2008,2056
2001,2041
2005,2025
2015,2079
2015,2040
2023,2063
2029,2039
2032,2088
2039,2041
2044,2022
2042,2071
2063,2027
2069,2071
2063,2054
2075,2009
2075,2031
2088,2056
2085,2027
2093,2028
2098,2037
2105,2058
2114,2063
2101,2029
2107,2040
2124,2027
2121,2060
2126,2077
2128,2030
2129,2055
2130,2033
2138,2021
2138,2037
2136,2011
2132,2023
2127,2021
2130,2055
2132,2037
2122,2056
2110,2038
2121,2019
2107,2067
2105,2027
2101,2069
2103,2077
2103,2063
2096,2063
2083,2065
2087,2019
2076,2067
2071,2053
2075,2059
2071,2055
2063,2077
2063,2037
2048,2040
2040,2026
2031,2063
2035,2027
2025,2008
2026,2041
2016,2080
2016,2017
2011,2066
2004,2044
1997,2029
1991,2071
1990,2055
1989,2067
1996,2060
1999,2017
1989,2055
1995,2039
1984,2067
1989,2060
1989,2027
1987,2037
1993,2058
1989,2025
1993,2067
2001,2054
2002,2022
2008,2060
2008,2063
2007,2053
2016,2015
2017,2069
2019,2059
2027,2071
2031,2040
2040,2043
2043,2048
2044,2059
2053,1997
2053,2046
2059,2009
2065,2063
2067,2041
2075,2043
2092,2002
2091,2025
2100,2032
2104,2076
2105,2053
2117,2036
2121,2027
2120,2011
2131,2013
2137,2039
2140,2025
2139,2044
2133,2059
2139,2053
2146,2005
2152,2052
2150,2004
2144,2025
2151,2013
2139,2051
2134,2067
2135,2060
2133,2077
2134,2029
2137,2043
2132,2063
2136,2058
2120,2037
2105,2053
2105,2043
2107,2041
2104,2017
2100,2033
2096,2061
2094,2080
2081,2025
2087,2040
2073,2063
2075,2067
2063,2073
2048,2072
2057,2044
2043,2021
2029,2063
2039,1991
2036,2017
2023,2079
2016,1994
2018,2027
2003,2071
2011,2024
1994,2077
1999,2060
1999,2026
1998,2022
1996,2041
1996,2073
1997,2018
1996,2035
1987,2043
1999,2011
1993,2047
1990,2040
1992,2066
2002,2023
1991,2071
2000,2036
2006,2067
2005,2017
2005,2025
2010,2025
2024,2036
2022,2074
2025,2053
2022,2069
2029,2024
2037,2024
2029,2021
2051,2046
2058,2011
2043,2037
2065,2027
2067,2019
2065,1999
2074,2052
2077,2021
2081,2048
2092,2036
2093,2063
2103,2054
2100,2057
2107,2063
2105,1992
2119,2003
2114,2035
2117,2007
2123,2025
2119,1995
2121,2020
2129,2045
2136,2017
2132,2068
2131,2065
2131,2013
2129,2045
2123,2035
2125,2033
2125,2040
2127,2053
2112,2051
2116,2005
2108,2070
2110,2040
2099,2027
2097,2035
2095,2015
2089,2022
2092,2012
2081,2025
2080,2058
2074,2004
2066,2030
2072,2029
2045,2043
2039,2048
2048,2064
2035,2070
2040,2004
2026,2066
2027,2067
2016,2061
2017,2063
2001,2003
2009,2033
1999,2041
1996,2058
2000,2023
1992,2063
1995,2018
2000,2058
1994,2057
1989,2091
1996,2007
1994,2011
1994,2017
1992,2022
1998,2015
1994,2063
1989,2043
1999,2058
2000,1995
2004,2029
2009,2068
2013,2023
2016,2060
2015,2054
2016,2040
2017,2042
2028,2036
2029,2033
2040,2021
2045,2040
2056,2073
2063,2041
2068,2015
2071,2027
2077,2037
2080,2041
2087,2059
2081,2017
2084,2037
2094,2025
2102,2035
2105,1999
2116,2007
2109,2031
2117,2027
2133,2027
2132,2035
2134,2046
2137,2015
2141,2059
2144,2072
2144,2047
2141,2071
2149,2031
2145,2033
2143,2040
2136,2036
2147,2071
2146,2071
2138,2055
2144,2067
2136,2047
2135,2038
2123,2054
2120,2043
2113,2034
2119,2037
2102,2041
2112,2058
2103,2025
2099,2076
2087,2051
2078,2069
2077,2068
2078,2055
2067,2069
2059,2027
2055,2035
2047,2011
2047,2008
2039,2062
2030,2032
2024,2069
2029,2068
2016,2025
2011,2046
2009,2064
2012,2019
2004,2017
2001,2060
1991,2063
1988,2067
1993,2030
2003,2054
1997,1997
1995,2036
1992,2033
2001,2077
1972,2036
1999,2053
1991,2040
1994,2042
1997,2071
2008,2060
2007,2048
2012,2061
2015,2036
2019,2063
2021,2059
2025,2020
2028,2026
2027,2064
2033,1991
2040,2015
2043,2009
2056,2072
2066,2030
2063,2021
2071,2033
2079,2054
2082,2039
2080,2021
2089,2068
2097,2037
2091,2029
2107,2046
2111,2044
2111,2063
2120,1993
2120,1996
2109,2071
2128,2056
2135,2044
2132,2056
2136,2077
2137,2065
2140,2043
2141,2041
2136,2033
2141,2009
2138,2026
2131,2028
2129,2063
2131,2030
2133,2011
2123,2072
2123,2064
2115,2080
2121,2055
2112,2042
2106,2073
2103,2042
2101,2055
2093,2046
2089,2064
2089,2057
2080,2043
2071,2007
2069,2063
2066,2036
2053,2033
2047,2041
2053,2013
2043,2055
2035,2040
2021,2028
2027,2021
2019,2019
2012,2048
2015,2041
1997,2047
1998,2066
1998,2022
1995,2048
1992,2023
1991,2054
1989,2063
1989,2055
1984,2027
1999,2034
1995,2023
1980,2041
1991,2071
1984,2007
1976,2030
1989,2065
1990,2041
1993,2017
1989,2037
2009,2029
2009,2041
2016,2037
2015,2077
2016,2077
2024,2075
2024,2060
2030,1999
2041,2017
2039,2036
2041,2072
2056,1987
2055,2017
2057,2078
2071,2035
2074,2028
2075,2046
2084,2059
2090,2023
2091,2030
2091,2035
2093,2041
2102,2043
2109,2060
2117,2015
2123,2003
2129,2046
2126,2024
2125,2035
2123,2038
2131,2072
2131,2059
2132,2048
2136,2019
2129,2058
2123,2058
2131,2064
2121,2069
2125,2063
2128,2060
2124,2075
2124,2040
2104,2054
2105,2072
2106,2007
2094,2041
2100,2063
2089,2074
2095,2048
2089,2055
2083,2070
2075,2040
2075,2080
2066,2040
2063,2003
2053,2037
2040,2056
2044,1997
2033,2070
2030,2079
2024,2073
2024,2078
2009,2055
2003,2081
2003,2037
1999,2037
1994,2025
1996,2074
1992,2046
1989,2047
1981,2028
1987,2043
1980,2021
1979,2039
1987,2020
1971,2040
1973,2065
1975,2043
1975,2041
1989,2065
1979,2070
1981,2056
1978,2041
1995,2029
2003,2058
1999,2021
2003,2074
2001,2056
2005,2011
2017,2013
2019,2042
2028,2068
2029,2073
2029,2039
2034,2037
2053,2006
2057,2065
2053,2055
2071,2056
2071,2079
2079,2023
2079,2025
2089,2062
2088,2018
2095,2078
2095,2037
2101,2024
2103,2027
2120,2044
2109,2064
2121,2075
2118,2040
2121,2017
2129,2009
2136,2039
2138,2015
2131,2023
2136,2067
2136,2063
2139,2053
2135,2019
2134,2041
2132,2052
2136,2024
2135,2007
2123,2041
2122,2041
2119,2019
2106,2023
2103,2037
2100,2033
2109,2039
2100,2060
2096,1995
2095,2013
2087,2048
2075,2065
2078,2065
2075,2083
2068,2060
2062,2041
2060,2025
2048,2043
2041,2076
2030,2079
2036,2067
2030,2067
2022,2015
2018,2064
2016,2060
2003,2060
2003,2029
2006,2031
2009,2056
2003,1967
2000,2075
1991,2040
1991,2065
1999,2078
2003,2019
1995,2063
1995,2045
1999,2056
2000,2079
2004,2071
2008,2055
2012,2020
2016,2076
2009,2028
2010,2053
2023,2027
2028,2011
2027,2068
2023,2004
2035,2039
2046,2081
2053,2040
2051,2039
2057,2058
2056,2059
2070,2067
2074,2059
2081,2040
2082,2048
2084,2067
2097,2063
2093,1975
2098,2073
2112,2072
2103,2040
2123,2005
2123,2034
2129,2048
2133,2015
2129,2005
2136,2065
2139,2046
2140,2060
2145,2065
2146,2067
2133,1993
2149,2027
2148,2078
2148,2063
2143,2032
2142,2042
2135,2059
2143,2071
2143,2071
2131,2017
2135,2001
2123,2025
2123,2021
2124,1991
2108,2054
2103,2091
2103,2023
2099,2033
2091,2066
2087,2023
2083,2043
2077,2065
2075,2042
2071,2036
2059,2064
2058,2009
2041,2048
2043,2021
2040,2017
2027,2025
2025,2063
2019,2066
2015,2012
2005,2036
2003,2022
2007,2011
2005,2035
1989,2041
2000,2035
1995,2075
1996,2037
1993,2070
1998,2063
1988,2021
1984,2041
1996,2028
1994,2020
1994,2040
1996,2011
2001,2063
1995,2069
1997,2027
2001,2048
2003,2040
2013,2048
2007,2064
2014,2016
2025,2011
2030,2052
2025,2057
2021,2034
2040,2011
2035,2019
2048,2060
2057,2028
2063,2005
2067,2001
2074,2026
2071,2069
2081,2041
2089,2060
2085,2073
2097,2017
2092,2011
2099,2029
2109,2054
2109,2035
2109,2035
2119,2067
2119,2019
2126,2022
2124,2001
2135,2027
2129,2085
2131,2079
2136,2024
2129,2036
2130,2011
2127,2063
2131,2027
2121,2033
2122,2041
2121,2063
2124,2066
2118,2033
2103,2027
2115,2065
2105,2063
2107,2005
2093,2057
2093,2053
2087,2065
2092,2026
2075,2033
2075,2015
2072,2044
2066,2021
2059,2025
2063,2005
2042,2021
2037,2042
2035,2059
2033,2029
2022,2056
2028,2090
2015,2060
2014,2001
2007,2011
2011,2037
1995,2048
1995,2067
1988,2065
1997,2058
1999,2038
1994,2009
1981,2045
1979,2043
1992,1987
1976,2023
1990,2019
1984,2068
1995,2011
1993,2011
1989,2039
1997,2057
1998,2028
2007,2024
1992,2030
2017,2035
2012,2023
2015,2079
2020,2009
2027,2043
2027,2056
2034,2029
2035,2040
2038,2048
2057,2027
2055,2041
2065,2062
2063,2042
2077,2032
2079,2071
2088,2044
2089,2011
2087,2002
2099,2073
2109,2012
2107,2055
2119,2021
2120,2033
2123,2025
2137,2036
2131,2057
2131,2021
2143,2056
2137,2067
2144,2056
2143,2055
2145,2029
2147,2061
2144,2079
2149,2057
2145,2043
2137,2059
2142,2063
2142,2009
2135,2068
2137,2004
2134,2023
2133,2035
2128,2058
2124,2058
2117,2027
2111,2040
2109,2029
2105,2072
2103,2027
2094,2054
2093,2055
2085,2040
2067,2040
2075,2059
2065,2040
2068,2080
2056,2075
2041,2063
2040,2055
2039,2037
2030,2035
2027,2027
2026,2008
2018,2015
2010,2025
2007,2043
2007,2036
2003,2068
2008,2037
2004,2061
2003,2039
1995,2061
1995,2071
1989,2043
1999,2044
2001,2048
2001,2075
1997,2068
2001,2029
2005,2057
1997,2034
2005,2069
2018,2003
2020,2025
2013,2036
2014,2035
2024,2023
2030,2003
2025,2043
2041,2053
2047,2007
2045,2021
2062,2056
2057,2029
2068,2043
2065,2043
2073,2053
2084,2022
2088,2019
2088,2061
2091,2063
2091,2022
2091,2009
2097,2001
2099,2011
2107,2073
2123,2080
2123,2063
2119,2027
2130,2012
2127,2035
2124,2055
2131,2021
2125,2035
2136,2063
2136,2057
2132,2036
2137,2067
2134,2063
2128,2048
2124,2058
2122,2069
2121,2039
2118,2042
2115,2041
2100,2021
2110,2040
2105,2062
2097,2046
2088,2080
2075,2068
2077,2044
2080,2043
2075,2068
2071,2033
2068,2066
2055,2068
2041,2080
2039,2067
2031,2033
2025,2027
2019,2017
2023,2072
2012,2075
2008,2020
2005,2073
2001,2075
1996,2072
1990,2021
1979,2019
1984,2017
1973,2063
1984,2053
1979,2068
1979,2028
1975,2089
1971,2007
1968,2028
1974,2044
1978,2023
1981,2056
1974,2063
1982,2023
1977,2058
1984,2061
1984,2027
1989,2045
1991,2039
2004,2063
2004,2063
2006,2009
2012,2011
2020,2064
2023,2056
2023,2054
2021,2009
2034,2027
2031,2054
2056,2054
2058,2033
2064,2068
2070,2080
2065,2031
2071,2057
2083,2021
2090,2038
2092,2040
2095,2046
2104,2017
2088,2017
2109,2056
2101,2056
2129,2020
2125,2062
2131,2055
2135,2062
2139,2019
2141,2021
2138,2001
2142,2060
2141,2067
2143,2047
2141,2078
2135,2071
2135,2072
2143,1997
2121,2042
2132,2063
2123,2063
2122,2063
2123,2044
2112,2036
2105,2069
2113,2065
2099,2023
2096,2066
2094,2057
2092,2069
2091,2077
2080,1997
2077,2020
2072,2040
2071,2071
2066,2015
2057,2004
2053,2044
2044,2047
2040,2068
2035,2079
2033,2077
2017,2063
2016,2027
2011,2069
2013,2024
2008,2029
2005,2007
1999,2057
2008,2023
2001,2080
2000,2079
2003,2060
2007,2021
2000,2060
2007,2062
2001,2025
2003,2077
2004,2051
2005,2041
2008,2038
2004,2024
2010,2037
2023,2069
2020,2040
2023,2032
2021,2035
2024,2076
2029,2030
2039,2045
2054,2051
2057,2075
2053,2033
2063,2036
2071,2035
2071,2073
2073,2035
2072,2019
2090,2038
2085,2039
2101,2025
2104,2040
2103,2067
2115,2040
2118,2063
2127,2058
2128,2027
2129,2043
2131,2048
2141,2040
2143,2069
2143,2067
2148,2035
2147,2023
2144,2068
2148,2011
2147,2094
2148,2038
2147,2065
2143,2070
2143,2047
2131,2041
2139,2007
2124,2037
2132,2040
2116,2033
2116,2063
2120,2008
2107,2043
2111,2027
2097,2027
2098,2076
2096,2064
2087,2040
2088,2035
2087,2063
2076,2029
2068,2063
2068,2037
2070,2087
2052,2034
2052,2059
2039,2028
2035,2053
2024,2035
2027,2029
2020,2002
2017,2058
2011,2072
2003,2092
2008,2069
2001,2023
2001,2001
2001,2063
1994,2039
1983,2060
2000,2056
1991,2079
1980,2065
1996,2019
1989,2011
1981,2005
1989,2024
1989,2076
2002,2035
1993,2023
1993,2017
2003,2029
2010,1993
2003,2035
2018,2015
2011,2010
2023,2036
2028,2059
2029,2019
2029,2027
2037,2067
2055,2063
2056,2041
2063,2029
2063,2040
2070,2057
2073,2057
2085,2003
2084,2057
2083,2040
2089,2045
2089,2027
2089,2017
2108,2056
2113,2043
2118,2061
2108,2026
2127,2051
2131,2045
2132,2080
2130,2025
2136,2025
2135,2045
2135,2040
2131,2029
2142,2060
2135,2047
2131,2039
2133,2069
2129,2045
2127,2011
2128,2008
2127,2046
2120,2041
2108,2018
2112,1992
2107,2022
2103,2020
2093,2035
2097,2065
2087,2036
2081,2077
2078,2033
2075,2067
2069,2018
2069,2019
2059,2035
2058,2023
2045,2035
2040,2017
2032,2077
2029,2078
2020,2028
2021,2064
2011,2024
2003,2067
2007,2028
2003,2041
1996,2045
2004,2043
1999,2005
1995,2024
1981,2024
1987,2064
1989,2071
1990,2025
1993,2063
1990,2065
1992,1997
1998,2038
1991,2023
1996,2064
1989,2026
1995,2058
2003,2040
2006,1993
2007,2056
2018,2052
2011,2063
2016,2088
2021,1997
2031,2063
2030,2027
2027,2021
2035,2056
2057,2043
2056,2078
2063,2056
2072,2024
2072,2003
2076,2024
2085,2039
2081,2028
2081,2035
2100,2082
2099,2032
2102,2019
2109,2035
2120,2063
2124,2017
2123,2043
2135,2060
2133,2043
2129,2025
2140,2063
2146,2019
2147,2042
2145,2059
2144,2035
2137,2043
2151,2009
2144,2048
2145,2035
2144,2071
2137,2020
2131,2007
2138,1998
2123,2071
2132,2072
2123,2027
2107,2021
2120,2060
2111,2072
2109,2041
2104,2054
2104,2033
2096,2063
2082,2042
2083,2046
2083,2035
2075,2052
2069,2023
2070,2020
2056,2055
2051,2056
2040,2093
2029,2077
2033,2009
2027,2043
2017,2037
2019,2041
2010,2039
2011,2009
2007,2003
1996,2057
2001,2055
1995,2028
2001,2053
1995,2035
1991,2063
1993,2005
1993,2011
1981,2021
1987,2018
1995,2027
1996,2011
2001,2019
1996,2030
2004,2070
2012,2025
2007,2054
2014,2035
2011,2035
2021,2028
2021,2077
2026,2018
2031,2071
2035,2029
2027,2037
2043,2037
2053,2021
2041,2021
2063,2063
2067,2012
2071,2071
2075,2060
2080,2048
2084,2034
2085,2045
2092,2064
2096,2017
2096,2077
2099,2084
2116,2064
2120,2043
2121,2007
2115,2073
2130,2021
2125,2047
2132,2075
2128,2041
2131,2003
2132,2004
2136,2063
2136,2035
2132,2075
2134,2068
2119,2041
2131,2043
2129,2031
2124,2008
2121,2044
2121,2055
2111,2048
2110,2024
2104,2058
2093,2035
2096,2063
2089,2041
2077,2017
2084,2051
2076,2043
2072,2011
2071,2046
2063,2072
2056,2010
2044,2071
2038,2045
2036,2028
2034,2019
2019,2025
2019,2063
2009,2019
2007,2007
2007,2057
1993,2039
1999,2073
1997,2055
1989,2071
1991,2058
1989,2034
1987,2066
1977,2056
1982,2044
1975,2048
1983,2025
1983,2056
1981,2076
1987,2063
1975,2038
1991,2023
1999,2019
1992,2074
1998,2074
1989,2048
2001,2024
2008,2063
2007,2056
2011,2066
2019,2019
2022,2032
2032,2072
2028,2027
2028,2044
2037,2029
2043,2024
2063,2042
2060,2044
2063,1994
2072,2017
2075,2040
2084,2072
2081,2035
2090,2021
2096,2042
2104,2024
2103,1999
2113,2025
2112,2045
2121,2063
2115,2037
2126,2035
2131,2065
2128,2025
2125,2012
2135,2021
2137,2063
2133,2065
2127,2025
2140,2026
2125,2043
2135,2058
2125,2053
2124,2027
2127,2055
2125,2068
2119,2044
2117,2065
2116,2056
2101,2077
2108,2043
2104,2067
2091,2027
2089,2054
2091,2040
2080,2046
2075,2071
2069,2063
2074,2019
2071,2056
2055,2072
2037,2044
2041,2069
2040,2070
2028,2072
2025,2060
2022,2027
2027,2029
2015,2064
2012,2027
2008,2041
2003,2023
1997,2046
2001,2087
2003,2074
1998,2041
1997,2027
1996,2072
1998,2021
1989,2029
1999,2046
1995,2075
1989,2039
1994,2056
2001,2047
2006,2046
2002,2031
2007,2042
2010,2071
2013,2063
2023,2077
2020,2071
2032,2043
2028,2067
2027,2043
2039,2037
2039,2056
2055,2040
2041,1996
2055,2035
2063,2015
2072,2043
2076,2005
2082,2039
2083,2064
2087,2033
2094,2011
2100,2079
2101,2055
2112,2040
2119,2041
2120,2040
2125,2035
2132,2017
2137,2071
2136,2063
2135,2025
2141,2067
2143,2019
2144,2048
2143,2065
2151,2066
2149,2063
2139,2068
2144,2063
2146,2071
2144,2048
2138,2043
2139,2076
2139,2032
2133,2055
2133,2076
2129,2063
2123,2017
2122,2042
2113,2058
2108,2036
2099,2071
2094,2063
2085,2035
2088,2055
2088,2011
2080,2017
2072,2057
2076,2007
2066,2036
2051,2027
2056,2023
2048,2042
2039,2077
2027,2022
2021,2063
2021,2076
2024,2021
2025,2058
2005,2071
2001,2026
2006,2043
2001,2053
2007,2064
2003,2068
1995,2065
2000,1988
1991,2028
1995,2020
1994,2072
2001,2071
1987,2076
2006,2040
1995,2029
2000,2021
1994,2023
2011,2068
2005,2099
2010,2059
2020,2042
2023,1995
2021,2039
2024,2056
2025,2031
2046,2011
2041,2072
2055,2041
2061,2064
2057,2039
2057,2036
2067,2025
2075,2024
2081,2066
2091,2066
2091,2021
2101,2079
2101,2004
2099,2003
2106,2029
2109,2029
2122,2033
2131,2032
2118,2017
2128,2019
2127,2011
2129,2058
2143,2073
2136,2076
2143,2037
2143,2079
2140,2025
2136,2004
2141,2053
2143,2034
2137,2056
2133,2029
2128,2025
2129,2051
2130,2020
2123,2060
2117,2058
2115,2009
2104,2067
2103,2015
2097,2073
2099,2038
2095,2053
2071,2075
2085,2003
2071,2065
2073,2042
2073,2035
2067,2064
2059,2068
2043,2073
2042,1995
2037,2023
2026,2059
2022,2045
2024,2069
2018,2035
2014,2029
2014,2025
2003,2068
2006,2029
1995,2007
1983,2071
1993,2073
1987,2075
1991,2021
1992,2019
1981,2057
1990,2053
1981,2067
1989,2055
1989,2072
1996,2071
1993,2055
1993,2055
1993,2039
1993,2057
2001,2040
2007,2042
2006,2028
2016,2045
2016,2073
2016,2063
2028,2029
2025,2034
2036,2064
2033,2029
2063,2029
2055,2065
2060,2063
2067,2035
2067,2040
2072,2027
2088,2055
2087,2093
2088,2020
2094,2035
2100,2011
2098,2011
2106,2064
2107,2063
2123,2057
2123,2080
2127,2044
2129,2054
2135,2077
2136,2027
2129,2027
2133,2040
2137,2037
2135,2059
2142,2066
2139,2027
2133,2029
2137,2017
2130,2033
2126,2041
2136,2056
2124,2060
2121,2046
2120,2062
2119,2037
2118,2043
2104,2033
2099,2020
2110,2057
2096,2053
2085,2025
2087,2056
2075,2063
2079,2063
2063,2043
2078,2055
2057,2056
2056,2068
2054,2071
2054,2039
2041,2019
2028,2071
2020,2080
2029,2021
2007,2071
2011,2068
2009,2053
2011,2063
2013,2009
2000,2017
1995,2033
2007,2034
2008,2043
1999,2017
2000,2021
1992,2035
2001,2053
2000,2040
1999,2074
2000,2058
1997,2071
1999,2089
2007,2043
2006,2060
2012,2009
2015,2003
2013,2084
2020,2072
2024,2063
2024,2027
2036,2024
2041,2068
2031,2023
2041,2034
2039,2053
2057,2063
2069,2059
2075,2021
2075,2063
2078,2053
2077,2037
2083,2063
2095,2040
2095,2041
2104,2021
2103,2056
2112,2066
2118,2030
2127,2015
2128,2051
2131,2065
2124,2042
2141,2037
2135,2063
2144,2071
2145,2058
2151,2003
2146,2017
2148,2063
2136,2044
2142,2059
2138,2060
2140,2060
2142,2063
2133,2043
2123,2041
2123,2056
2121,2029
2125,2055
2116,2056
2109,2030
2109,2042
2108,2023
2100,2074
2097,2045
2091,2071
2086,2048
2077,2027
2081,2024
2066,2041
2065,2022
2063,2029
2041,2052
2039,2027
2040,2063
2029,2035
2021,2043
2021,2076
2020,2028
2011,2051
2005,2059
2009,2053
2005,2046
2000,2019
1991,2040
1989,2065
1993,2029
1999,2041
1991,2029
1987,2066
1989,2019
1987,2024
1989,2043
1993,2065
1996,2056
1994,2011
2004,2017
1999,2041
2008,2027
1997,2019
2015,2037
2019,2031
2017,2055
2016,2045
2025,2040
2020,2005
2021,2015
2042,2045
2043,2094
2055,1995
2060,2007
2069,2041
2065,2053
2075,2055
2073,2065
2080,2021
2092,1995
2092,2030
2099,2056
2099,2020
2099,2056
2109,2012
2105,2025
2117,2062
2122,2054
2127,2046
2124,1996
2127,2026
2121,2033
2140,2024
2125,2028
2133,2058
2132,2025
2135,2017
2131,2029
2133,2019
2134,2071
2136,2056
2133,2065
2123,2034
2123,2023
2117,2025
2123,2035
2111,2045
2108,2038
2104,2053
2088,2068
2096,2059
2088,2092
2087,2056
2077,2073
2067,2048
2071,2036
2069,2009
2047,2024
2053,2069
2040,2024
2051,2058
2035,2023
2032,2021
2017,2061
2011,2067
2005,2069
2013,2041
2010,2009
1997,1995
1996,2067
2001,2009
2002,2007
2000,2020
1995,2071
1996,2061
1987,2047
1989,2035
1984,2029
1990,2065
1992,2071
1992,2075
2001,2042
1997,2052
1993,2063
2001,2035
2007,2029
1999,2021
2007,2007
2016,2071
2017,2053
2022,2005
2027,2029
2029,2007
2040,1624
2048,2231
2059,2666
2073,1545
2039,922
2035,1488
2003,2195
2023,2616
2004,2208
2037,1796
2097,1823
2153,1865
2202,2048
2235,2451
2307,2327
2323,2192
2345,2765
2333,2064
2316,1337
2297,1637
2271,1787
2272,2099
2262,2329
2267,2209
2245,1977
2221,2148
2187,2233
2157,2379
2141,2449
2146,2231
2172,2067
2176,2001
2187,2021
2183,1828
2183,1969
2199,1957
2201,1937
2188,1899
2154,1683
2108,1832
2064,2140
2048,2197
2039,2155
2060,2131
2067,2136
2047,2091
2032,2042
2028,2085
2031,2075
2023,2129
2031,2039
2020,1959
2010,1869
2024,1941
2033,1993
2039,2117
2039,2083
2038,1999
2023,2039
1993,2023
1945,2105
1900,2120
1853,1952
1834,1976
1811,1995
1811,1854
1812,1899
1813,2005
1837,2111
1864,2263
1895,2274
1917,2215
1932,2293
1943,2063
1933,1849
1923,1896
1916,1936
1907,1935
1925,2063
1935,2032
1936,2074
1952,2262
1976,2151
2008,1896
2052,2004
2094,2353
2122,2513
2153,2409
2157,2153
2168,2003
2198,2009
2208,1954
2211,2079
2189,2079
2184,2136
2184,2055
2191,2016
2179,1899
2169,2025
2174,1944
2176,2092
2161,2117
2152,2171
2171,2410
2204,2348
2221,2163
2237,2074
2275,1927
2302,1832
2321,2044
2321,2119
2319,1819
2332,1973
2328,2093
2299,2067
2259,2015
2232,1899
2199,1960
2169,2120
2135,2120
2098,2011
2079,1997
2044,1947
2039,2200
2032,2264
2033,2091
2052,1941
2086,2115
2104,2072
2147,2180
2146,2067
2150,1981
2155,1997
2143,2091
2125,2055
2085,1908
2070,1914
2041,1917
2031,2166
2005,2194
1975,2155
1969,2112
1946,2247
1933,2131
1916,2083
1926,2101
1933,2167
1947,2020
1957,2127
1975,1992
1989,2093
1997,2032
2011,2075
2024,2048
2029,2010
1995,1979
1997,2063
1997,1967
2017,2123
2021,2123
2017,1993
2041,2107
2060,2100
2081,2205
2095,2186
2109,2095
2133,1931
2153,2095
2161,2107
2171,2076
2200,1970
2200,1807
2193,1915
2187,2009
2176,2020
2180,2125
2167,2360
2165,2085
2165,2030
2147,2063
2152,1987
2169,2009
2171,2068
2169,2007
2155,2160
2161,2073
2165,2108
2157,2302
2160,2104
2150,1959
2151,1992
2157,2067
2131,1980
2115,1899
2120,2039
2108,2060
2115,2017
2103,1979
2105,1867
2101,1835
2096,1979
2103,2226
2128,2188
2135,1961
2146,2017
2156,2032
2145,2016
2146,2086
2128,2008
2109,2019
2128,2336
2101,2048
2099,1994
2074,2047
2063,2075
2067,1924
2075,2077
2043,1989
2037,2103
2051,1907
2080,2016
2089,2041
2089,1979
2100,1935
2123,1879
2136,2071
2133,2280
2097,2037
2099,1827
2092,1951
2094,2065
2072,2110
2041,1935
2039,1959
2040,2139
2024,2171
2017,2149
2025,2176
2024,2029
2045,1994
2051,1993
2075,1929
2068,2035
2087,2002
2105,1925
2123,2287
2127,2107
2136,2036
2137,2133
2128,2080
2129,2067
2125,2068
2116,2100
2101,1904
2112,1949
2096,1969
2079,1833
2088,1717
2072,2168
2083,2181
2071,2154
2071,1937
2071,1981
2031,2081
2044,2103
2042,2127
2028,2228
2056,2166
2059,1960
2065,1971
2063,2055
2077,2149
2091,1937
2124,2152
2129,2025
2127,1851
2115,1947
2117,1950
2143,2080
2143,2060
2141,2063
2167,1939
2179,2094
2172,2021
2136,2171
2137,2149
2170,2211
2164,1995
2176,2024
2172,2042
2168,1984
2167,1845
2168,1974
2149,1969
2152,2179
2152,2143
2160,1966
2125,1984
2102,2075
2092,1667
2096,1982
2117,2314
2103,2397
2106,1820
2102,1990
2109,1817
2108,1900
2081,2363
2069,2104
2076,1992
2072,2142
2048,1909
2028,1936
1995,1917
2010,2075
2021,2213
2024,2167
2041,2193
2006,1846
2018,2089
2021,1989
2013,1881
1984,2278
1990,2252
1992,1937
1972,2078
1951,2128
1937,2093
1933,1970
1943,2035
1965,1995
1953,1896
1962,2199
1960,2164
1972,1803
1977,1927
1987,1893
2001,2192
2027,2056
2009,2086
1987,2069
2002,1870
2000,1988
2013,2099
2026,1976
2018,2092
2026,1883
2057,2240
2081,2263
2072,2193
2091,2128
2117,1895
2109,2007
2125,2031
2117,2074
2107,2208
2110,1967
2139,1891
2165,1851
2152,2199
2160,2067
2173,1909
2176,2126
2208,2231
2219,2131
2232,2264
2251,1883
2245,1880
2237,1771
2251,1787
2230,1853
2223,2145
2195,2089
2183,2044
2165,1959
2156,2032
2133,1912
2123,2136
2108,2073
2096,1900
2104,2156
2118,2143
2109,1960
2094,1947
2099,1826
2112,1959
2106,1829
2106,2102
2077,2289
2072,2096
2065,2133
2064,1901
2058,1957
2038,2197
2032,2252
2020,2308
2011,2088
1993,2077
1976,2081
1979,2043
1965,2003
1976,1975
1972,1915
1969,1895
1977,1897
1975,2095
1979,2008
1993,2008
1975,2176
1981,1953
1980,2143
1992,2158
1987,2105
1971,1897
1973,1789
1980,1980
1995,1891
2008,1754
2023,2129
2035,1894
2063,1883
2077,2077
2091,2291
2100,2185
2116,2067
2109,2252
2123,2117
2134,1873
2139,2343
2136,2043
2132,1931
2131,1909
2124,2075
2136,1962
2144,2108
2126,2152
2136,2120
2156,1800
2194,2191
2164,2356
2167,1940
2211,1834
2209,2011
2224,2292
2245,1908
2199,2007
2195,2289
2180,1935
2176,1962
2163,1982
2129,2209
2136,1940
2148,2090
2148,2035
2149,1887
2131,1925
2120,2025
2133,2089
2129,2023
2107,2105
2100,2021
2108,1833
2121,2269
2105,2343
2081,2097
2079,2123
2065,2102
2063,2111
2041,1851
2001,2043
1992,2219
2007,2075
2000,2283
1999,2244
1976,2057
1980,2312
1988,1998
1969,1763
1988,1789
1976,2012
1973,2043
1987,1875
1991,2020
1989,1888
1975,2267
2001,1747
1983,1830
1975,2099
1973,1847
1961,1680
1967,2029
1961,2016
1948,1917
1958,1803
1938,1719
1969,2071
1990,1976
1994,1801
2015,2003
2017,1979
2048,1717
2072,2088
2068,1939
2073,1801
2063,1817
2075,1979
2068,2045
2068,1984
2074,1843
2065,1977
2074,1945
2092,2078
2079,1993
2073,2091
2083,2175
2099,1817
2114,1775
2104,2059
2118,2065
2121,2145
2131,2031
2152,1920
2148,1835
2146,2199
2143,1920
2149,2076
2137,1905
2143,2500
2140,2355
2136,2134
2144,1963
2127,2092
2147,1783
2147,2072
2111,1919
2143,1879
2164,1878
2139,2033
2169,2133
2163,1943
2154,2215
2159,2199
2127,2232
2137,2313
2144,2265
2097,2279
2105,1843
2100,1757
2092,2016
2099,2058
2090,2213
2071,1691
2069,2053
2067,2233
2067,1861
2065,1612
2060,2035
2069,1995
2081,1997
2076,1979
2075,1990
2065,2611
2048,2215
2063,1979
2028,2157
2020,1880
2012,2067
1997,2255
2017,2153
1997,2392
1993,1736
2022,1839
2008,2213
2010,2113
2021,1920
1997,2164
2028,1937
2023,2336
2020,2083
2033,1945
2022,2371
1997,2335
2043,1813
2037,2197
2009,2152
2022,2108
2000,2072
2025,1941
2031,1783
2017,2171
2034,1869
2030,2182
2027,1943
2070,2291
2056,2135
2075,2150
2071,2145
2056,2115
2076,1880
2095,1792
2094,2079
2104,1960
2095,2187
2079,1873
2073,2063
2076,2026
2096,1773
2100,2126
2073,2501
2123,1939
2137,2327
2146,2039
2166,1789
2123,2232
2149,2261
2155,2058
2109,2444
2156,1909
2172,2053
2139,1827
2172,1693
2154,1952
2138,1963
2171,1839
2129,2035
2153,2136
2160,1772
2127,1959
2147,1669
2169,2004
2132,1988
2136,2167
2107,1624
2097,1736
2108,1708
2109,1805
2122,2146
2120,2071
2109,2595
2105,2125
2087,2200
2090,1896
2078,2077
2053,1946
2068,2291
2071,1996
2070,2280
2071,2290
2058,2156
2042,2215
2027,1936
2025,1711
2035,2427
2032,1800
2046,2089
2040,2022
2055,2187
2056,1613
2041,1795
2035,1521
2009,2131
2005,2016
2004,2324
2003,2537
2009,1892
2009,1650
1995,1741
1986,1870
2001,1255
2003,2255
1994,1881
1999,2351
2008,2163
2016,2449
2040,2199
2032,1981
2044,1724
2065,2216
2069,2201
2043,1707
2043,2224
2042,2365
2063,2085
2063,2280
2056,1569
2078,2032
2073,1901
2067,1931
2080,1634
2069,2152
2089,1927
2077,2332
2081,1962
2121,1980
2100,2103
2111,2425
2132,1979
2127,1816
2148,1995
2152,2340
2119,1759
2139,1676
2127,2281
2123,2285
2151,1973
2138,1967
2131,1965
2144,2152
2127,1385
2130,1747
2118,1923
2115,2141
2129,1851
2102,2227
2089,2460
2103,2217
2104,2116
2109,1821
2097,2087
2096,1742
2093,1676
2078,1601
2060,2462
2075,2012
2075,1959
2065,2106
2072,2273
2068,2129
2056,1671
2063,2099
2028,1890
2023,1617
2035,1580
1978,2043
2006,2224
2008,1996
1995,1925
1984,2432
1979,2579
1973,2224
1955,2425
1944,2200
1944,2131
1963,1694
1960,2004
1952,2234
1965,2299
1971,2016
1980,2133
1973,2009
1975,1883
1957,1301
1963,1683
1977,1695
1976,2104
1965,1747
1995,2264
1969,2296
1973,2056
1993,1939
1964,1821
1999,2120
2008,2280
2000,1524
2029,2288
2023,2304
2020,1850
2041,1479
2053,1999
2039,2072
2056,2233
2069,1981
2085,2803
2072,2635
2099,2375
2123,2099
2115,1848
2125,2053
2131,1801
2128,1535
2136,1451
2118,2155
2109,2179
2146,2206
2114,2080
2120,2039
2128,2363
2104,1558
2135,1910
2153,2472
2123,2335
2149,2323
2167,2417
2161,2020
2160,2056
2157,2088
2153,1692
2143,1769
2132,2065
2121,2021
2097,2093
2103,2344
2097,1981
2079,1916
2095,1759
2071,1637
2063,2144
2068,2092
2027,1873
2066,2107
2067,1984
2025,2131
2065,1568
2021,1443
2025,1784
2037,2008
2009,2261
2019,1641
2019,2318
1992,1019
2009,1617
1980,1243
1987,1323
2025,2021
1975,2344
1999,2637
1997,2619
1954,2377
1976,1875
1957,2096
1944,1044
1969,1809
1933,2259
1963,2328
1997,1852
1981,2090
2025,1803
2016,1635
2011,1778
2035,1272
1991,1751
2009,2088
2029,1485
2042,1817
2048,2116
2039,2183
2035,1571
2081,2055
2029,3213
2051,2707
2075,2521
2060,2343
2093,2654
2084,2553
2079,2403
2095,2170
2101,2368
2114,2922
2121,2189
2096,2017
2102,1971
2102,2217
2100,3040
2151,2507
2156,2581
2133,2531
2167,2201
2163,1432
2142,2324
2170,2660
2156,1899
2153,2176
2164,2135
2132,1851
2136,2981
2132,2979
2136,1901
2111,3032
2099,2585
2104,1573
2079,1208
2083,2072
2067,1600
2063,2393
2074,2581
2068,2378
2025,2151
2044,1274
2055,347
2067,887
2067,1504
2072,1111
2066,1802
2051,2677
2042,1965
2036,1688
2027,1494
2008,1064
1984,1953
1984,3069
1974,2764
1973,2699
1958,2997
1951,1887
1956,1615
1954,1487
1937,1229
1930,1853
1948,2155
1968,2311
1977,2460
1959,3213
1988,1599
1977,1792
2012,2424
2005,1694
1973,1414
1991,2029
1993,1887
1978,2087
2007,2516
1991,1877
1992,2139
2015,2219
1992,1707
1988,1619
2007,1251
2003,1432
2012,1824
2032,1019
2010,1343
2043,2184
2060,1884
2060,1936
2057,2576
2070,2449
2075,2319
2065,2930
2076,2652
2075,1845
2107,2364
2087,1298
2093,1296
2117,1322
2095,536
2103,1521
2107,2518
2105,2057
2119,2340
2083,3176
2106,2824
2116,1847
2115,2449
2153,2595
2112,2664
2109,2395
2129,1867
2104,2221
2119,2519
2091,2073
2088,1786
2104,2273
2076,2475
2088,1863
2089,2355
2083,2238
2095,2266
2076,2537
2085,2160
2085,1548
2077,1655
2080,1890
2065,1748
2068,2117
2046,2043
2028,2323
2024,2496
2014,2249
2012,1789
2012,2077
1991,2329
1994,2200
1995,2078
2011,1963
2005,2020
1995,1677
2009,1765
2008,1669
1997,2073
2020,2345
2010,2206
2003,2147
1997,2169
1984,2136
1991,2007
1982,1915
1973,1751
1977,1901
1982,1863
1978,2073
1977,2166
1981,2221
1992,2095
1992,2005
2001,1962
2005,2011
1992,2013
2020,2000
2036,2080
2026,2085
2056,2119
2043,2025
2031,2090
2042,1976
2035,2027
2063,2005
2063,2135
2058,2004
2071,2040
2063,2055
2072,2070
2071,2071
2087,2016
2090,2068
2084,2110
2092,2063
2092,1971
2092,1963
2108,2015
2109,2019
2117,2056
2121,2056
2124,2067
2133,2003
2129,2009
2130,2020
2139,2027
2145,2062
2135,2048
2142,2031
2139,2055
2120,2017
2119,2023
2123,2056
2111,2068
2115,2063
2111,2088
2107,2044
2103,2040
2105,2033
2094,2075
2088,2064
2075,2042
2083,2041
2071,2023
2071,2037
2072,2056
2065,2065
2057,2039
2053,2057
2044,2067
2041,2060
2031,2036
2029,2080
2023,2038
2013,2072
2017,2007
2013,2042
2005,2020
2005,2029
2003,2024
2000,2053
2011,2037
1989,2026
1979,2008
1977,2041
1977,2037
1963,2037
1955,2039
1972,2033
1962,2052
1971,2063
1964,2076
1967,2004
1969,2063
1977,2059
1979,2041
1989,2090
1995,2084
1997,2063
2007,2029
2003,2027
2007,2023
2004,2065
2003,2028
2007,2054
2012,2038
2015,2055
2016,2039
2029,2029
2033,2021
2037,2021
2042,2029
2055,2001
2064,2066
2075,2063
2079,2021
2083,2082
2095,2003
2088,2063
2091,2043
2095,2027
2095,2033
2092,2040
2091,2043
2107,1997
2101,2019
2097,2056
2111,2047
2112,2047
2116,2029
2116,2027
2121,2063
2125,2081
2119,2083
2125,2061
2120,2031
2116,2043
2108,2043
2104,2063
2096,2042
2093,2074
2092,2056
2086,2010
2082,2044
2071,2027
2073,2048
2068,2063
2065,2044
2044,2073
2052,2044
2042,2027
2039,2022
2027,2037
2029,2020
2018,2021
2012,2035
2007,2065
2007,2078
2007,2048
2000,2019
1991,2021
1980,2035
1987,2077
1981,2069
1971,2073
1968,2029
1972,2054
1963,2001
1955,2045
1960,2001
1949,1995
1951,2055
1957,2044
1944,2080
1953,2024
1946,2024
1947,2069
1952,2064
1955,2040
1957,2038
1968,2063
1957,2057
1963,2021
1979,2040
1983,2048
1989,2067
1994,2029
1993,2019
2005,2015
2005,2047
2013,2018
2012,1993
2024,2072
2023,2064
2029,2043
2040,2073
2048,2024
2056,2027
2068,2004
2067,2053
2066,2065
2076,2063
2084,2008
2074,2014
2089,2021
2087,2080
2093,2041
2095,2082
2105,2072
2107,2042
2111,2070
2105,2041
2105,2040
2117,2041
2121,2001
2123,2065
2121,2043
2123,2027
2117,2063
2118,1995
2112,2078
2114,2040
2107,2025
2112,2063
2098,2062
2091,2063
2091,2063
2098,2020
2097,2029
2093,2075
2082,2077
2077,2020
2081,2074
2076,2020
2069,2025
2064,2023
2048,2001
2041,2059
2039,2063
2035,2034
2026,2025
2017,2080
2023,2045
2017,2029
2005,2067
2003,2072
2001,2056
2001,2065
2003,2025
1991,2020
1988,2064
1988,2040
1975,2037
1979,2027
1981,2009
1975,2056
1965,2071
1976,2021
1973,2007
1975,2029
1984,2063
1984,2041
1984,2073
1991,2044
1992,2007
1997,2029
1990,2030
1999,2068
2006,2015
2017,2001
2020,2042
2019,2024
2027,2057
2028,2005
2035,2008
2033,2075
2053,2065
2053,2047
2064,2068
2063,2019
2071,2023
2071,1992
2081,2046
2083,2060
2090,2029
2094,2055
2103,2075
2101,2057
2103,2055
2113,2011
2108,2005
2121,2004
2129,2023
2121,2068
2123,2037
2141,2039
2137,2037
2144,2011
2150,2009
2145,2043
2145,2018
2152,2068
2151,2057
2144,2040
2142,2034
2139,2026
2137,2020
2129,2048
2123,2031
2129,2066
2120,2041
2120,2056
2117,2045
2104,2056
2109,2060
2099,2073
2101,2023
2087,2076
2089,2042
2083,2021
2069,2035
2070,2009
2063,2023
2053,1991
2036,2071
2043,2030
2029,2062
2027,2024
2025,2009
2022,2035
2018,2055
2012,2056
2011,2037
1997,2063
2007,2046
1999,2070
1994,2063
1996,2017
2000,2080
1989,2035
1993,2073
1992,2079
1996,2033
1987,2019
1999,2068
1999,2048
1995,2048
1994,2057
2002,2025
2003,2080
2004,2027
2008,2035
2001,2056
2009,2075
2015,2056
2015,2009
2031,2053
2017,2035
2029,2088
2032,2076
2044,2024
2053,2071
2043,2028
2071,2032
2069,2043
2081,2017
2078,2036
2076,2087
2092,2028
2083,2008
2097,2078
2093,2072
2107,2039
2110,1991
2117,2063
2122,2053
2127,2048
2121,2063
2123,2056
2121,2007
2131,2052
2136,2080
2131,2027
2137,2051
2139,2002
2135,2064
2129,2019
2135,2023
2127,2067
2132,2023
2116,2037
2127,2024
2121,2039
2107,2080
2105,2046
2103,2068
2093,2027
2080,2056
2091,2009
2077,2035
2071,2043
2079,2061
2071,2043
2056,2027
2056,2077
2044,2079
2039,2040
2025,2048
2023,2015
2019,2021
2023,2038
2022,2068
2017,2079
2012,2033
2001,2056
2005,2060
1999,2063
1993,2027
1984,2076
1992,2024
1973,2020
1979,2039
1978,2060
1982,2035
1978,2072
1973,2021
1972,2093
1977,2081
1975,2080
1979,2065
1984,2043
1982,2019
1984,2023
1993,2019
1995,2029
1997,2088
1996,2077
2003,2052
2011,2079
2004,2041
2009,2066
2021,2027
2020,2033
2031,2047
2027,2072
2035,2068
2042,2078
2043,2065
2055,2067
2056,2048
2068,2057
2063,2025
2077,2010
2079,2055
2091,2056
2096,2072
2104,2079
2093,2053
2108,2039
2112,2032
2114,2015
2107,2040
2121,2033
2136,2029
2132,2024
2135,2048
2136,2054
2129,2041
2136,2084
2137,2074
2139,2062
2136,2076
2129,2024
2131,2067
2127,2056
2124,2011
2122,2028
2117,2023
2112,2034
2101,2068
2105,2079
2104,2077
2099,2072
2099,2029
2089,2025
2092,2027
2090,2027
2089,2024
2075,2095
2069,2043
2067,2013
2063,2061
2056,2017
2051,2056
2042,2041
2039,2044
2039,2029
2024,2024
2029,2043
2024,2035
2009,2067
2007,2069
2011,2003
2007,2092
2002,2053
2007,2044
1999,2007
1999,2054
1997,2074
1995,2042
1991,2063
1992,2080
2001,2027
1996,2037
1991,2057
2001,2005
2008,2051
1995,2039
2001,2039
2007,2080
2012,2024
2016,2075
2017,2071
2023,2064
2017,2034
2027,2040
2039,2064
2035,2025
2053,2067
2056,2072
2057,2063
2067,2048
2067,2077
2073,2029
2080,2036
2080,2045
2089,2057
2092,2043
2092,2079
2096,2041
2104,2008
2102,2029
2117,2034
2116,2069
2125,2077
2129,2066
2109,2009
2121,2005
2135,2057
2127,2035
2129,2022
2137,2056
2125,2033
2138,2025
2141,2058
2133,2063
2136,2063
2136,2058
2131,2079
2128,2065
2123,2061
2125,2043
2107,2043
2116,2057
2108,2027
2107,2007
2104,2039
2102,2063
2095,2063
2092,2043
2075,2075
2079,2079
2067,2043
2069,2035
2059,2009
2057,2017
2046,2033
2035,2057
2032,2025
2028,2023
2022,2037
2016,2056
2013,2072
2008,2053
2000,2082
1996,2065
1977,2041
1980,2068
1989,2050
1984,2039
1983,2033
1970,2004
1981,2022
1965,2040
1975,2080
1970,2077
1968,2071
1974,2079
1979,2071
1976,2017
1980,2023
1979,2036
1987,2024
1979,2028
1991,2044
1989,2053
1988,2073
1992,2073
2007,2035
2004,2012
2001,2073
2011,2047
2016,2071
2023,2055
2018,2035
2026,2055
2039,2062
2035,1980
2045,2063
2043,2021
2051,2036
2065,2035
2069,2096
2071,2047
2074,2074
2083,2077
2087,2027
2085,2037
2099,2063
2099,2040
2108,2025
2104,2023
2104,2039
2109,2053
2120,2070
2121,2028
2119,2032
2121,2048
2121,2059
2123,2011
2107,2056
2119,2002
2114,2037
2109,2020
2117,2028
2115,2019
2109,2035
2110,2010
2092,2066
2103,2036
2098,2015
2091,2035
2092,2071
2087,2054
2075,2058
2080,2036
2072,2035
2069,1988
2067,2087
2056,2074
2056,2005
2045,2017
2041,2039
2024,2009
2029,2038
2015,2035
2025,2019
2010,2015
2009,2063
2003,2063
2001,2066
2008,2057
1996,2027
1999,2058
1989,2066
1979,2043
1991,2067
1993,2075
1987,2064
1980,2041
1988,2067
1976,2069
1991,2039
1989,2057
1992,2019
1999,2056
2000,2026
1993,2011
1999,2025
2009,2042
2010,2072
2011,2065
2016,2077
2021,2067
2023,2027
2019,2035
2033,2029
2039,2069
2056,2029
2043,2018
2059,2024
2067,2045
2069,2031
2077,2029
2087,2088
2087,2029
2093,2043
2101,2074
2097,2038
2108,2063
2121,2038
2132,2031
2131,2037
2135,2027
2136,2066
2140,2005
2143,2079
2152,2019
2152,2069
2159,2072
2153,2046
2159,2057
2162,2064
2157,2073
2153,2039
2142,2057
2155,2040
2152,2017
2155,2042
2150,2056
2151,2059
2137,2017
2151,2021
2139,2075
2131,2033
2128,2068
2121,2079
2119,2035
2120,2079
2117,2066
2115,2084
2104,2067
2096,2072
2088,2024
2082,2023
2080,2053
2071,2079
2067,2055
2063,2058
2053,2065
2040,2080
2036,2080
2039,2070
2033,2019
2027,2049
2009,2035
2003,2027
2005,2063
2004,2068
2002,2059
2008,2062
2003,2040
2000,2057
2007,2066
1997,2024
1999,2063
2002,2001
1997,2027
1991,2056
1993,2021
2005,2068
1993,2064
1999,2043
2005,2011
2009,1997
2016,2066
2011,2039
2024,2058
2022,2059
2020,2028
2030,2052
2037,2080
2035,2037
2039,2040
2043,2065
2055,2045
2041,2054
2066,2078
2075,2017
2080,2037
2073,1989
2086,2072
2081,2036
2095,2034
2091,2018
2098,2065
2100,1994
2107,2040
2114,2038
2120,2071
2116,2043
2127,2035
2120,2033
2121,2044
2121,2051
2128,2045
2134,2065
2128,2021
2123,2072
2129,2063
2124,2084
2121,2040
2124,2023
2124,1992
2107,2055
2107,2093
2103,2073
2101,2034
2097,2017
2095,2011
2079,2037
2077,2033
2072,2025
2069,2071
2069,2043
2064,2074
2063,2076
2041,2027
2040,2031
2043,2072
2029,2009
2024,2025
2020,2035
2011,2063
2005,2048
2009,2068
2001,2009
1989,2027
1983,2043
1987,2080
1989,2023
1979,2078
1979,2023
1975,2039
1971,2058
1976,2030
1960,2063
1951,2037
1976,2063
1969,2056
1976,2070
1963,2057
1976,2013
1976,2069
1987,2061
1976,2057
1977,2063
1975,2067
1991,2076
1995,2039
1993,2022
2005,2063
2015,2088
2012,2040
2018,2058
2027,2029
2028,2072
2033,2033
2044,2074
2056,2064
2053,2009
2055,2023
2072,2025
2075,1997
2073,2001
2075,2040
2083,2021
2092,2027
2089,2029
2099,2041
2108,2033
2101,2053
2115,2043
2125,2044
2121,2034
2115,2019
2129,2071
2125,2017
2131,2013
2135,2078
2131,2026
2131,2079
2137,2035
2132,2066
2135,2053
2128,2067
2129,2061
2121,2023
2127,2059
2121,2004
2114,2034
2110,2032
2115,2072
2110,2005
2103,2037
2096,2058
2095,2045
2093,2023
2087,2053
2080,2041
2084,2078
2080,2019
2077,2026
2068,2075
2056,2022
2048,2009
2040,2028
2043,2071
2034,2035
2025,2064
2029,2041
2024,2036
2011,2066
2015,2046
2019,2019
2011,2055
2012,2063
2008,2045
2003,2062
2001,2025
2008,2001
2003,2029
2001,2029
1998,2063
2008,2023
2005,2033
2003,2063
2008,2059
2016,2059
2011,2045
2013,2029
2023,2048
2024,2011
2025,1997
2036,2017
2030,2056
2038,2071
2033,2036
2039,2061
2056,2043
2060,2063
2055,2071
2069,2037
2063,2011
2077,2009
2083,2068
2075,2038
2086,2027
2092,2024
2092,2019
2089,2003
2094,2033
2091,2027
2120,2003
2120,2057
2109,2071
2121,2056
2131,2027
2131,2003
2130,2036
2135,2053
2130,2029
2143,2037
2142,2052
2141,2037
2131,2037
2138,2015
2145,2075
2139,2035
2136,2024
2125,2048
2135,2035
2133,2063
2119,2060
2120,2080
2118,2075
2109,2007
2107,2029
2099,2080
2093,2063
2087,2071
2085,2040
2081,2079
2077,2027
2069,2023
2069,2023
2059,2027
2040,2041
2043,2040
2039,2019
2030,2005
2029,2021
2026,2080
2019,2056
2009,2027
2001,2072
2003,2080
1997,2073
1995,2036
2003,2021
1987,2027
1991,2046
1989,2058
1979,2048
1988,2041
1973,2033
1973,2048
1975,2080
1983,2021
1978,2017
1980,2024
1984,2059
1977,2004
1987,2075
1975,2007
1993,2011
1995,2011
2000,2004
2001,2009
2004,2068
2007,2080
2012,2080
2007,2022
2007,2060
2022,2028
2030,2013
2036,2021
2035,2009
2040,2066
2041,2055
2063,2008
2055,2043
2067,2040
2065,2055
2071,2027
2071,2023
2073,2003
2087,2043
2096,2072
2099,2067
2109,2035
2105,2069
2113,2011
2120,2036
2121,2024
2124,2030
2121,2011
2124,2039
2128,2036
2129,2019
2130,2037
2128,2026
2136,2011
2128,2026
2127,2032
2121,2048
2113,2041
2120,2065
2109,2041
2107,2003
2098,2017
2099,2075
2093,2024
2088,2040
2086,2071
2079,2057
2083,2024
2078,2037
2085,2021
2055,2059
2066,2013
2063,2025
2056,2009
2056,2011
2038,2057
2016,2089
2023,2067
2018,2048
2015,2060
2012,2029
2007,2007
2015,2075
2001,2023
2001,2075
1988,2070
1995,2048
1990,2066
1997,2093
1996,2054
1993,2005
1987,2070
1989,2045
1979,2011
1995,2036
1993,2078
1991,2023
1992,2051
1999,2039
2006,2053
1997,2035
2014,2040
2004,2045
2020,2080
2017,2044
2022,2071
2025,2041
2033,2025
2032,2021
2044,2080
2047,2063
2058,2038
2066,2060
2067,2077
2072,2087
2079,2053
2080,2056
2091,2063
2093,2026
2094,2024
2102,2056
2105,2063
2107,2055
2120,2019
2117,2007
2121,2018
2133,2067
2134,2070
2144,2031
2139,2068
2147,2053
2150,2025
2143,2063
2144,2024
2146,2075
2152,2034
2146,2057
2139,2070
2148,2015
2141,2076
2138,2011
2137,2028
2131,2067
2129,2035
2129,2027
2118,2001
2123,2070
2115,2056
2117,2071
2101,2028
2091,2052
2089,2041
2101,2053
2087,2027
2079,2046
2067,2041
2063,2039
2060,2004
2058,2011
2044,2039
2041,2077
2029,2075
2021,2059
2021,2051
2023,2021
2007,2024
2010,2020
2009,2069
2007,2020
2000,2003
2004,2008
1997,2063
1994,2043
1989,2065
1981,2043
1981,2073
1981,2043
1993,2059
2000,2053
1993,2063
1979,2041
1993,2056
1991,2063
1993,2029
2004,2027
1995,2024
2003,2057
2008,2048
2009,2043
2016,2066
2023,2041
2024,2071
2037,2035
2033,2057
2039,2047
2048,2052
2057,2080
2053,2038
2068,2052
2069,2063
2067,2050
2078,2072
2083,2040
2079,2040
2098,2063
2095,2040
2094,2039
2101,2027
2106,2056
2118,2005
2115,2005
2119,2063
2123,2035
2123,2065
2123,2017
2135,2060
2133,2076
2138,2039
2135,2015
2129,2022
2129,2015
2123,2035
2129,2027
2133,2075
2131,2063
2125,2077
2121,2075
2121,2007
2109,2019
2103,2066
2108,2028
2104,2041
2101,2011
2097,2023
2092,2071
2088,2029
2071,2040
2069,2029
2080,2023
2063,2009
2064,2055
2058,2076
2046,2063
2037,2024
2028,2063
2030,2072
2024,2023
2020,2080
2016,2067
2003,2067
2007,2077
2007,2054
1995,2035
1993,2064
1996,2077
1991,2040
1993,2036
1992,2061
1992,2068
1992,2063
1989,2076
1976,2053
1979,2063
1979,2027
1981,2055
1993,2041
1993,2069
1998,2067
1999,2025
2000,2044
1993,2075
2005,2044
2005,2032
2021,1999
2018,2043
2024,2037
2029,2060
2023,2029
2037,1995
2044,2074
2056,2007
2067,2027
2063,2058
2054,2071
2075,2034
2071,2012
2077,2067
2081,1997
2087,2080
2095,2088
2103,2053
2103,2061
2104,2063
2112,2004
2115,2025
2116,2047
2119,2071
2124,2067
2128,2063
2123,2029
2130,2041
2136,2073
2127,2041
2136,2009
2136,2072
2131,2060
2127,2048
2119,2047
2125,2077
2116,2045
2123,2067
2124,2040
2121,2075
2115,2068
2119,2060
2101,2056
2089,2024
2104,2057
2092,2060
2086,2020
2079,2044
2073,2019
2075,2079
2071,2007
2063,2066
2063,2017
2047,2029
2047,2035
2040,2080
2025,2076
2027,2073
2027,2079
2017,2058
2012,2008
2010,2067
2007,2057
2011,2037
2002,2009
1997,2053
1993,2039
1981,2063
1995,2073
1990,2029
1990,2063
1979,2036
1993,1996
1984,2059
1996,2035
1991,2051
1988,2029
2007,2041
2004,2053
2006,2009
2011,2027
2008,2056
2013,2025
2015,2045
2011,2063
2023,2024
2019,2029
2025,2060
2036,2074
2033,2035
2040,2031
2043,2091
2052,2012
2059,2037
2055,2018
2075,2024
2080,2072
2081,2072
2081,2048
2088,2015
2087,2043
2100,2035
2100,2059
2098,2034
2112,2072
2115,2063
2127,2068
2118,2059
2120,2036
2125,2056
2140,2025
2125,2008
2124,2043
2131,2037
2139,2063
2136,2018
2131,2056
2131,2071
2137,2007
2134,2071
2136,2015
2132,2011
2119,2065
2129,2030
2117,2071
2121,2068
2111,2012
2103,2043
2104,2072
2099,2056
2096,2071
2083,2025
2090,2055
2081,2044
2076,2042
2072,2037
2063,2029
2059,2062
2056,2028
2041,2022
2040,2076
2040,2018
2027,2063
2012,2048
2011,2057
2016,2064
2016,2044
2010,2066
1996,2015
1993,2046
1996,2046
2000,2043
1995,2055
1987,2065
1992,2066
1998,2029
1984,2037
1985,2038
1981,2026
1995,2045
1999,2023
1995,2041
1996,2019
1994,2065
2008,2055
2009,2044
2007,2064
2017,2029
2015,2045
2019,2075
2024,2056
2028,2023
2036,2038
2029,2046
2040,2078
2058,2029
2056,2041
2053,2059
2071,2017
2072,2026
2075,2027
2082,2020
2088,2067
2091,2026
2095,2045
2104,2007
2103,2057
2108,2076
2107,2028
2121,2053
2128,2060
2130,2065
2131,2059
2129,2037
2136,2047
2136,2056
2144,2011
2139,2067
2143,2073
2131,2031
2135,2011
2137,2067
2136,2096
2133,2047
2136,2023
2132,2036
2123,2003
2126,2051
2115,2029
2119,2044
2117,2071
2105,2065
2104,2056
2104,2023
2089,2007
2089,2059
2085,2066
2071,2043
2073,2018
2068,2080
2057,2071
2055,2019
2047,2044
2043,2054
2031,2067
2026,2076
2026,2067
2023,2027
2011,2076
2010,2040
1999,2021
1993,2059
1991,2064
1995,2023
1992,2015
1979,2030
1984,2058
1981,2080
1978,2055
1988,2042
1965,2028
1980,2080
1981,2060
1980,2035
1982,2072
1979,2046
1979,2071
1979,2057
1993,2055
1996,2051
1997,2035
1992,2064
1992,2029
2008,2036
2010,2046
2020,2037
2015,2019
2028,2027
2032,2024
2032,2025
2035,2055
2041,2035
2056,2060
2063,2067
2067,2051
2063,2037
2082,2027
2075,2033
2085,2020
2087,2029
2093,2057
2096,2071
2105,2048
2116,2044
2115,2027
2109,2071
2124,2055
2129,2001
2123,2013
2127,2043
2124,2028
2128,2036
2131,2023
2129,2039
2131,2025
2123,2045
2128,2079
2131,2033
2135,2040
2126,2018
2122,2021
2127,2054
2115,2075
2113,2073
2111,2066
2108,2076
2099,2043
2103,2037
2099,2019
2094,2017
2092,2043
2092,2017
2078,2028
2073,1991
2071,2040
2063,2074
2057,2023
2056,2071
2040,2069
2040,2047
2032,2043
2033,2070
2017,2059
2012,2043
2021,2041
2008,2040
2001,2063
2008,2023
2010,2045
1993,2063
2003,2028
1993,2077
1999,2077
1996,2025
2002,2017
1993,2035
1991,2023
2001,2023
2000,2068
2000,2046
2007,2032
2009,2044
2009,2077
2007,2035
2017,2057
2020,2047
2021,2079
2023,2023
2025,2007
2040,2063
2041,2061
2041,2069
2056,2037
2067,2027
2063,2036
2074,2075
2077,2033
2081,2007
2092,2017
2093,2003
2096,2042
2102,2011
2101,2042
2107,2032
2116,2015
2116,2073
2124,2015
2122,2042
2121,2065
2135,2033
2140,2059
2143,2044
2143,2024
2146,2043
2152,2074
2151,2056
2152,2040
2151,2027
2157,2071
2151,2053
2145,2029
2150,2067
2139,2019
2152,2033
2145,2054
2133,2041
2136,2032
2135,2067
2121,2033
2122,2068
2115,2068
2105,2031
2107,2011
2093,2010
2093,2044
2089,2065
2093,2063
2085,2041
2081,2034
2076,2036
2071,2056
2065,2033
2051,2036
2040,2009
2046,2077
2033,2038
2029,2015
2024,2042
2018,2031
2011,2019
2003,2068
2001,2068
2009,2080
2001,2080
1992,2061
2007,2071
2000,2025
1997,2030
1996,2028
1994,1981
1997,2010
1996,2015
1990,2075
1994,2020
1993,2075
1992,2034
2002,2025
2001,2071
2005,2061
2015,2041
2009,2021
2023,1993
2008,2048
2013,2037
2028,2044
2035,2060
2029,2063
2033,2029
2051,2015
2043,2044
2057,2037
2057,2071
2065,2038
2072,2044
2075,2017
2080,2039
2085,2063
2087,2021
2091,2017
2093,2008
2099,2060
2112,2074
2105,2075
2117,2064
2120,2063
2117,2065
2111,2041
2129,2056
2129,2039
2125,2041
2135,2060
2132,2058
2131,2028
2120,2009
2125,2057
2129,2017
2121,2029
2117,2038
2125,2075
2122,2072
2120,2033
2105,2040
2101,2073
2108,2018
2101,2073
2104,2023
2094,2053
2085,2037
2080,2079
2079,2073
2076,2059
2074,2020
2055,2010
2060,2067
2051,2020
2046,2080
2032,2019
2038,2072
2027,2076
2017,2065
2024,2043
2014,2057
1996,2036
2003,2042
2003,2019
1969,2040
1994,2035
1992,2041
1977,2059
1984,2080
1989,2068
1980,2075
1984,2071
1987,2075
1977,2044
1975,2029
1987,2056
1995,2066
1975,2047
1987,2063
1995,2083
1993,2059
2003,2041
2001,2069
2007,2041
2010,2045
2011,2002
2015,2025
2024,2051
2028,1991
2032,2040
2036,2063
2044,2037
2039,2021
2065,2029
2063,2025
2063,2039
2076,2079
2083,2055
2086,2041
2090,2043
2094,2056
2103,2008
2105,2043
2107,2024
2115,2060
2115,2010
2119,2059
2133,2040
2132,2056
2140,2058
2143,2029
2147,2035
2137,2015
2147,2030
2150,2056
2150,2065
2142,2039
2145,2011
2131,2029
2146,2033
2142,2021
2138,2009
2135,2043
2139,2072
2136,2054
2132,2017
2131,2027
2120,2076
2116,2024
2115,2027
2103,2019
2094,2088
2098,2028
2089,2060
2083,2057
2085,2048
2077,2001
2068,2047
2072,2059
2065,2067
2057,2073
2043,2087
2048,2069
2042,2057
2025,2057
2025,2068
2023,2067
2017,2044
2015,2072
2009,2048
2005,2037
1997,2035
2009,2028
2006,2069
2008,2046
2007,2041
2005,2066
1997,2035
2010,2028
2007,2017
2008,2067
2005,2032
2004,1995
2003,2037
2008,2020
2020,1992
2017,2035
2021,2056
2026,2027
2024,2007
2032,2048
2029,2045
2029,2033
2037,2025
2053,2071
2058,2066
2057,2080
2071,2054
2067,2001
2072,2020
2078,2025
2088,2024
2091,2056
2101,2064
2091,2037
2104,2003
2107,2010
2115,2079
2106,2058
2125,2025
2123,2019
2128,2061
2137,2063
2131,2026
2135,2069
2135,2053
2139,2037
2135,2021
2135,2024
2135,2044
2137,2071
2139,2056
2138,2017
2129,2057
2143,2041
2134,2036
2129,2024
2128,2042
2119,2076
2115,2077
2115,2046
2103,2041
2100,2080
2107,2029
2100,2029
2094,2035
2080,2072
2081,2075
2074,2047
2072,2003
2058,2063
2066,2058
2043,2041
2051,2028
2036,2017
2027,2043
2029,2027
2023,2025
2019,2040
2004,2006
2011,2001
1991,2077
2003,2026
2004,2072
1989,2025
1995,2077
1992,2063
1991,2040
1984,2041
1990,2007
1981,2027
1978,2029
1984,2033
1980,2056
1990,2063
1975,2039
1963,2024
1981,2027
1999,2005
1998,2072
2001,2035
2005,2056
2006,1977
2001,2019
2007,1995
2017,2019
2021,2042
2027,2027
2033,1991
2028,2028
2037,2021
2041,2054
2053,2021
2058,2052
2069,2039
2077,2072
2074,2067
2076,2055
2081,2045
2085,2064
2091,2065
2103,2034
2099,2019
2106,2039
2105,2054
2120,2044
2118,2048
2125,2019
2124,2072
2129,2005
2139,2017
2134,2052
2135,2041
2129,2008
2139,2021
2135,2035
2135,2048
2133,2033
2133,2063
2133,2069
2130,2091
2125,2071
2125,2071
2116,2029
2115,2005
2115,2019
2099,2029
2101,2058
2091,2072
2079,2077
2077,2056
2071,2069
2073,2048
2067,2059
2072,2037
2066,2027
2058,2036
2051,2023
2041,2017
2027,2065
2038,2053
2023,2059
2022,2036
2007,2067
2015,2063
2004,2046
2004,2007
1992,2063
2000,2060
2000,2021
1993,2079
1992,2056
2001,2080
1998,2007
1981,2063
1993,2079
1996,2033
1997,2011
1999,2065
1993,2037
1996,2035
2003,2072
2003,2080
2001,2043
2011,2088
2015,2055
2017,2022
2015,2037
2025,2072
2032,2068
2029,2052
2041,2029
2044,2068
2043,2046
2057,2052
2055,2052
2067,2037
2068,1995
2079,2025
2075,2029
2081,2053
2096,2012
2099,2067
2105,2047
2108,2033
2108,2025
2113,2089
2123,2044
2124,2035
2131,2079
2128,2027
2134,2029
2137,2026
2139,2055
2143,2026
2143,2011
2148,2042
2145,2040
2147,2043
2151,2068
2146,2067
2137,2035
2137,2024
2142,2064
2141,2073
2136,2071
2134,2035
2128,2017
2126,2043
2127,2044
2109,2033
2115,2069
2109,2036
2104,1997
2094,2021
2092,2043
2088,2055
2080,2029
2080,2058
2072,2035
2071,2043
2053,2043
2041,2063
2039,2055
2041,2063
2033,2041
2022,2045
2025,2044
2024,2033
2016,2066
2015,2023
2007,2018
1997,2067
2001,2039
1997,2025
1995,2054
1987,2067
1989,2051
1992,2053
2001,2040
2001,2027
1999,2004
1998,2058
2003,2044
1993,2073
1999,2077
2003,2072
2009,2015
2003,2020
2013,2021
2012,2096
2020,2037
2024,2011
2031,2031
2021,2056
2025,2069
2035,2063
2048,2044
2051,2053
2054,2024
2063,2044
2059,2024
2073,2012
2080,2059
2080,2048
2081,2015
2096,2027
2093,2023
2089,2007
2107,2028
2102,2015
2112,2017
2121,2033
2121,2021
2123,2026
2133,2078
2136,2028
2131,2010
2127,2003
2140,2005
2136,2041
2135,2063
2140,2043
2142,2044
2132,2042
2137,2048
2136,2012
2136,2021
212