2002
1981
1980
1979
1977
1993
1980
1988
1979
1997
1987
1996
2001
1994
2008
2000
2011
2011
2016
2027
2028
2035
2040
2063
2053
2063
2056
2067
2063
2071
2064
2070
2063
2057
2061
2059
2056
2039
2043
2039
2031
2021
2029
2025
2013
2015
2011
2000
1996
1998
1995
1991
1979
1989
1983
1978
1975
1979
1979
1980
1993
1987
1984
1993
1996
1997
1996
2006
2008
2010
2019
2019
2013
2025
2023
2025
2022
2021
2029
2025
2027
2027
2016
2024
2022
2023
2006
2004
1993
2007
1988
2003
1999
1988
1979
1977
1964
1977
1968
1963
1968
1972
1950
1949
1952
1949
1948
1947
1952
1959
1952
1959
1950
1962
1971
1964
1963
1977
1976
1976
1981
1993
1995
1994
1997
2008
2010
2014
2008
2023
2024
2024
2029
2035
2024
2031
2034
2034
2036
2029
2024
2015
2029
2022
2015
2025
2005
2003
2007
1996
1982
1985
1995
1980
1982
1974
1973
1973
1967
1963
1964
1964
1959
1962
1963
1967
1949
1963
1972
1975
1972
1975
1971
1989
1992
1993
2005
2007
2009
2022
2037
2035
2040
2037
2054
2056
2069
2063
2059
2068
2075
2065
2067
2067
2061
2071
2061
2048
2047
2047
2044
2028
2027
2025
2012
2008
2008
1983
1994
1995
1979
1977
1975
1967
1967
1965
1960
1955
1966
1958
1969
1957
1958
1961
1967
1963
1971
1972
1974
1988
1991
1992
1997
2007
2015
2013
2023
2028
2020
2038
2045
2040
2043
2063
2057
2065
2063
2053
2067
2063
2063
2048
2056
2059
2045
2044
2041
2039
2034
2021
2023
2019
2023
2010
2011
2003
1998
1992
1992
1979
1988
1976
1983
1975
1982
1977
1989
1977
1995
1971
1984
1996
2005
1993
2003
2003
2009
2020
2017
2020
2025
2031
2035
2029
2031
2039
2043
2057
2029
2043
2040
2055
2040
2035
2039
2031
2035
2021
2011
2022
2013
2021
2015
2013
2011
1997
1992
1991
1996
1995
1983
1997
1991
1994
1995
2001
1993
1995
1998
2003
2008
2017
2019
2019
2028
2029
2031
2037
2055
2053
2055
2056
2057
2065
2068
2067
2066
2073
2066
2065
2071
2063
2063
2063
2066
2053
2056
2045
2039
2037
2028
2025
2024
2017
2010
2001
2001
1993
1995
1989
1995
1989
1991
1984
1983
1973
1983
1976
1979
1991
1977
2003
1995
1997
2008
2023
2015
2021
2029
2031
2038
2043
2057
2056
2067
2071
2070
2077
2088
2083
2098
2093
2085
2092
2097
2093
2087
2087
2085
2084
2073
2083
2069
2065
2043
2039
2035
2019
2011
2007
1998
2001
1983
1975
1975
1965
1967
1961
1953
1952
1955
1952
1955
1958
1951
1963
1959
1971
1968
1973
1975
1989
1995
1984
2003
2000
2021
2017
2023
2033
2037
2039
2041
2035
2056
2048
2043
2045
2052
2059
2041
2043
2038
2037
2023
2022
2019
2015
2012
1995
2003
1991
1975
1975
1975
1976
1965
1960
1952
1965
1948
1943
1941
1944
1940
1939
1942
1945
1945
1944
1941
1961
1955
1965
1961
1971
1959
1976
1972
1975
1983
1981
1983
1983
2002
1993
2005
2006
1995
2007
2003
2007
2000
2001
1993
1997
1995
1997
1987
2005
1988
1996
1983
1982
1987
1977
1977
1973
1972
1977
1981
1979
1976
1981
1979
1989
1981
1980
1994
1997
2003
1996
2005
2008
2012
2016
2023
2028
2031
2030
2029
2037
2057
2041
2059
2039
2065
2057
2055
2057
2053
2051
2043
2041
2055
2029
2036
2027
2029
2009
2017
2009
2011
1998
1993
1987
1987
1979
1975
1977
1971
1976
1964
1963
1950
1967
1963
1964
1970
1979
1979
1989
1979
1992
1998
2001
1997
2013
2008
2023
2023
2031
2031
2043
2053
2055
2056
2067
2056
2067
2063
2071
2069
2067
2066
2055
2071
2063
2057
2063
2043
2035
2035
2028
2019
2020
1998
2005
2009
2004
2001
1990
1991
1978
1975
1979
1966
1975
1968
1973
1964
1965
1971
1974
1977
1981
1981
1984
1981
1993
1990
1993
2003
2007
2021
2016
2022
2039
2037
2041
2041
2055
2048
2048
2063
2067
2071
2067
2069
2065
2071
2060
2067
2069
2073
2061
2063
2045
2053
2035
2030
2027
2021
2012
2009
2005
2009
2000
1996
1989
1987
1973
1979
1967
1977
1967
1973
1975
1977
1973
1991
1980
1997
1997
2001
2005
2012
2015
2012
2021
2024
2036
2032
2043
2039
2060
2060
2071
2063
2071
2078
2069
2072
2071
2068
2063
2072
2054
2069
2056
2055
2041
2055
2039
2022
2009
2016
2017
2008
2005
2009
1995
1992
1996
1992
1999
1995
1992
1993
1995
1983
1995
1991
2001
1999
2000
2011
2016
2020
2025
2031
2026
2051
2035
2039
2053
2053
2063
2073
2075
2071
2083
2072
2087
2080
2084
2067
2088
2072
2081
2071
2067
2078
2063
2067
2063
2055
2053
2043
2037
2037
2028
2029
2027
2021
2013
2010
2011
2008
2013
2011
2008
2005
2007
2005
2005
2005
2010
2019
2013
2015
2017
2030
2027
2032
2037
2041
2053
2044
2058
2073
2070
2065
2077
2083
2077
2076
2083
2078
2073
2086
2067
2077
2075
2073
2071
2065
2047
2051
2041
2029
2029
2032
2017
2005
2010
2008
1991
1990
1988
1996
1980
1978
1982
1977
1978
1984
1971
1991
1989
1994
1991
2013
2007
2023
2025
2035
2027
2051
2057
2063
2071
2082
2086
2090
2087
2096
2101
2103
2091
2109
2108
2104
2103
2109
2104
2107
2096
2088
2079
2073
2073
2069
2057
2055
2053
2040
2025
2022
2010
2004
2005
2011
2001
1992
2001
1995
1987
1983
1980
1981
1987
1987
1995
1991
1992
1989
1995
2008
2005
2007
2019
2019
2021
2025
2031
2036
2039
2043
2052
2043
2055
2055
2055
2059
2059
2042
2043
2040
2037
2044
2039
2037
2027
2035
2020
2018
2011
2011
2004
2000
1981
1979
1983
1967
1975
1969
1963
1960
1960
1959
1953
1957
1961
1956
1957
1952
1971
1963
1976
1971
1965
1977
1974
1977
1984
1989
1998
1992
2003
1996
2007
2009
2004
2001
2008
2009
2011
2005
2007
2011
2000
2006
1995
2009
1992
1992
1992
1977
1977
1978
1988
1978
1973
1981
1981
1981
1981
1977
1991
1983
1989
1993
2003
2001
2009
2005
2011
2019
2015
2029
2025
2037
2037
2040
2045
2047
2057
2048
2059
2059
2063
2056
2048
2065
2045
2045
2045
2043
2040
2043
2031
2022
2009
2008
2013
2004
1996
1991
1991
1982
1975
1971
1963
1971
1963
1960
1950
1949
1949
1944
1948
1946
1949
1958
1959
1972
1963
1965
1980
1982
1981
1992
2003
2007
2019
2021
2023
2051
2048
2067
2069
2075
2073
2077
2091
2080
2086
2085
2087
2096
2085
2091
2102
2091
2089
2079
2073
2069
2065
2055
2045
2043
2031
2029
2025
2013
2003
1995
1994
1980
1989
1975
1979
1967
1964
1962
1972
1959
1971
1963
1977
1973
1969
1981
1981
1984
1993
2003
2003
2007
2007
2025
2013
2023
2027
2035
2037
2041
2039
2045
2055
2063
2056
2056
2063
2057
2055
2058
2065
2055
2047
2054
2040
2041
2039
2037
2021
2025
2017
2013
2013
2011
2007
2005
1999
2007
2004
2002
2003
1995
2003
1997
2007
1999
2007
2007
2023
2013
2013
2021
2026
2029
2035
2028
2035
2039
2040
2044
2042
2057
2063
2057
2069
2063
2071
2069
2071
2066
2063
2063
2063
2053
2067
2063
2057
2055
2056
2063
2044
2052
2043
2035
2038
2024
2034
2023
2023
2016
2027
2019
2009
2014
2001
2007
2008
2008
2010
2008
2009
2015
2008
2009
2016
2023
2015
2025
2030
2025
2037
2039
2043
2043
2036
2046
2039
2055
2042
2053
2061
2057
2067
2068
2063
2063
2071
2064
2056
2057
2063
2053
2045
2047
2053
2040
2037
2033
2039
2029
2029
2035
2028
2028
2032
2030
2021
2025
2028
2031
2022
2030
2024
2037
2036
2031
2029
2031
2035
2031
2037
2035
2035
2039
2035
2038
2038
2036
2038
2031
2044
2033
2041
2039
2043
2035
2039
2037
2041
2041
2041
2034
2024
2035
2023
2024
2019
2021
2021
2012
2010
2004
2012
2015
2012
2008
2007
2003
1998
1994
1994
1999
1992
1992
1999
1992
1991
1989
1984
1990
1989
1997
1996
2001
2005
2004
1993
2004
2008
2009
2011
2023
2015
2017
2028
2023
2035
2031
2024
2031
2027
2035
2027
2027
2035
2026
2023
2020
2009
2011
2011
2004
2007
1990
1988
1978
1977
1960
1968
1963
1960
1943
1952
1949
1948
1936
1933
1932
1939
1928
1933
1932
1933
1937
1929
1939
1943
1953
1959
1959
1961
1958
1976
1973
1992
1980
1995
2001
2006
2007
2007
2007
2015
2010
2020
2019
2020
2017
2019
2021
2026
2012
2021
2019
2011
2000
2005
2000
1996
1989
1983
1973
1972
1975
1960
1958
1957
1956
1946
1946
1949
1933
1944
1936
1949
1947
1943
1944
1955
1951
1951
1944
1952
1967
1967
1968
1982
1980
1991
1979
1990
1997
1993
1994
1992
2004
2001
2003
1996
1997
2000
1997
2007
2007
1992
1994
2000
1987
1992
1983
1979
1976
1976
1980
1978
1968
1967
1964
1971
1956
1959
1955
1961
1972
1965
1972
1975
1977
1967
1977
1979
1995
1991
2003
2009
2006
2019
2020
2035
2026
2037
2039
2035
2039
2053
2041
2043
2053
2044
2039
2043
2031
2035
2030
2036
2037
2013
2023
2014
2013
2008
1997
1992
1991
1992
1993
1976
1983
1981
1981
1977
1979
1965
1968
1968
1981
1981
1971
1981
1973
1984
1993
1984
2006
1996
2013
2015
2013
2019
2028
2035
2028
2035
2047
2053
2040
2059
2046
2056
2055
2067
2057
2063
2063
2059
2044
2065
2040
2043
2039
2029
2025
2026
2021
2019
1998
2003
1995
1997
1990
1977
1983
1976
1966
1971
1965
1971
1960
1969
1960
1951
1957
1949
1956
1952
1949
1958
1953
1957
1960
1951
1965
1957
1973
1968
1963
1975
1963
1979
1987
1980
1986
1979
1984
1984
2005
1984
2003
1983
1975
1997
1993
1983
1993
1995
1979
1992
1987
1981
1977
1977
1973
1981
1970
1964
1964
1967
1963
1965
1965
1963
1968
1971
1966
1972
1973
1973
1977
1966
1973
1979
1993
1993
1995
1997
2005
2012
2005
2011
2011
2019
2012
2022
2022
2025
2029
2023
2031
2029
2029
2037
2024
2037
2020
2027
2027
2020
2027
2023
2021
2023
2023
2023
2016
2019
2025
2023
2027
2023
2029
2018
2031
2027
2027
2028
2029
2029
2029
2040
2045
2042
2040
2053
2043
2056
2040
2058
2041
2063
2057
2065
2059
2063
2071
2065
2059
2059
2069
2053
2045
2053
2058
2063
2063
2067
2054
2063
2039
2041
2041
2044
2043
2036
2039
2037
2020
2023
2028
2029
2034
2027
2031
2029
2024
2024
2025
2028
2021
2031
2031
2027
2031
2024
2036
2023
2037
2038
2035
2038
2041
2032
2051
2044
2053
2043
2047
2057
2044
2055
2043
2041
2048
2041
2048
2042
2051
2045
2040
2037
2027
2031
2026
2029
2023
2025
2018
2014
2011
2010
2014
2009
2007
2003
2009
2007
2007
2000
2007
2000
1995
1997
1992
2005
1995
2001
2003
1992
1994
2003
1991
1997
1997
2005
1992
1996
2007
1997
2004
1988
2005
2002
2007
2003
2007
2004
2007
1998
2005
2007
2003
2008
2008
2017
2009
2009
2017
2007
2016
2003
2013
2011
2016
2013
2016
2011
2020
2013
2011
2015
2021
2017
2019
2013
2001
2001
1997
2003
1991
2003
1999
1997
1993
1996
1989
2001
1992
1995
1993
1977
1992
1982
1987
1995
1991
1983
1984
1981
1984
1989
1991
1981
1988
1979
1989
1983
1991
1992
1993
1996
1995
1995
1993
2003
2007
1995
2012
2017
2015
2029
2027
2035
2045
2053
2053
2066
2065
2079
2079
2093
2091
2101
2107
2123
2117
2121
2127
2128
2141
2141
2131
2139
2149
2137
2136
2133
2123
2129
2112
2105
2109
2091
2076
2083
2071
2065
2037
2037
2025
2014
2001
1995
1983
1981
1973
1964
1970
1963
1945
1949
1949
1955
1942
1947
1948
1959
1949
1959
1965
1971
1982
1977
1999
2003
2000
2023
2023
2035
2040
2035
2067
2062
2078
2074
2082
2089
2093
2091
2107
2107
2111
2106
2109
2103
2109
2118
2100
2103
2095
2099
2083
2081
2083
2067
2056
2055
2041
2041
2028
2013
2016
2007
2009
2004
1995
1992
1991
1992
1991
1983
1987
1969
1991
1984
1980
1997
1998
1995
2008
2010
2019
2029
2037
2039
2038
2055
2055
2065
2070
2075
2078
2075
2087
2090
2088
2094
2091
2099
2094
2097
2089
2095
2092
2092
2090
2085
2085
2071
2079
2071
2071
2069
2053
2042
2045
2046
2044
2043
2037
2042
2032
2037
2035
2025
2036
2035
2035
2039
2044
2063
2056
2055
2056
2057
2071
2065
2073
2083
2075
2085
2087
2093
2088
2101
2103
2109
2104
2101
2106
2109
2109
2099
2110
2103
2103
2096
2094
2095
2086
2090
2081
2079
2083
2070
2063
2065
2053
2053
2036
2040
2034
2030
2027
2029
2015
2019
2013
2017
2014
2019
2019
2029
2016
2024
2025
2030
2037
2029
2041
2047
2063
2063
2071
2076
2083
2087
2091
2097
2104
2096
2107
2119
2105
2121
2129
2117
2121
2121
2116
2108
2121
2107
2109
2100
2091
2087
2085
2077
2069
2063
2043
2045
2056
2036
2033
2029
2016
2011
2011
2011
2003
2005
2003
2000
2005
2004
2003
1998
2011
1998
2008
2023
2016
2021
2024
2025
2028
2032
2053
2053
2056
2053
2069
2067
2075
2072
2075
2072
2075
2089
2073
2075
2071
2066
2073
2071
2067
2059
2053
2043
2042
2037
2035
2031
2027
2013
2017
2007
2008
2002
2005
1989
1982
1997
1981
1991
1972
1977
1976
1971
1980
1987
1993
1982
1993
1987
1991
1991
1999
1993
1981
1989
1984
1997
1997
1992
1994
1997
1989
2003
1991
1991
1987
1984
1977
1976
1979
1979
1977
1978
1966
1971
1965
1965
1959
1959
1956
1957
1953
1947
1959
1947
1961
1947
1955
1957
1960
1964
1953
1973
1959
1959
1975
1972
1973
1976
1965
1977
1981
1981
1984
1990
1993
1989
1984
1993
1981
1979
1977
1989
1975
1979
1964
1966
1973
1957
1955
1949
1936
1939
1931
1944
1928
1930
1929
1920
1918
1924
1913
1912
1911
1931
1960
2041
2173
2323
2499
2728
2960
3219
3516
3855
4095
4095
4095
4095
4095
4095
4095
4095
4095
4095
4095
4095
4095
4095
4095
3967
3695
3464
3272
3080
2907
2769
2651
2589
2568
2592
2648
2715
2800
2887
2936
2923
2845
2701
2474
2165
1773
1366
925
496
45
0
0
0
0
0
0
0
0
0
0
0
0
0
0
0
0
0
0
0
0
0
0
0
0
397
736
1065
1423
1743
2063
2316
2585
2857
3113
3417
3752
4095
4095
4095
4095
4095
4095
4095
4095
4095
4095
4095
4095
4095
4095
4095
4052
3667
3280
2918
2556
2219
1915
1637
1402
1182
1011
851
680
538
382
267
145
77
35
27
63
139
263
416
565
717
869
1075
1295
1581
1839
2063
2277
2451
2601
2781
2927
3079
3193
3287
3368
3399
3401
3371
3291
3182
3063
2936
2829
2712
2603
2484
2363
2221
2107
2011
1938
1901
1883
1897
1925
1983
2063
2154
2227
2275
2329
2367
2410
2448
2489
2508
2515
2507
2484
2476
2439
2407
2351
2311
2283
2285
2299
2325
2347
2376
2403
2438
2461
2491
2520
2539
2560
2595
2613
2609
2578
2541
2494
2441
2359
2268
2157
2067
1949
1830
1705
1573
1461
1341
1241
1176
1101
1059
992
937
884
842
827
843
889
955
1055
1179
1319
1443
1581
1708
1834
2008
2189
2381
2533
2681
2797
2908
3017
3115
3215
3309
3356
3403
3401
3399
3360
3317
3237
3163
3069
3004
2962
2923
2853
2781
2685
2587
2503
2409
2322
2236
2159
2089
2026
1963
1883
1829
1755
1695
1640
1580
1557
1514
1481
1470
1445
1419
1388
1371
1358
1353
1340
1321
1310
1285
1277
1270
1244
1227
1209
1200
1187
1181
1197
1203
1211
1219
1255
1253
1264
1287
1291
1295
1301
1291
1276
1248
1229
1196
1156
1116
1093
1081
1063
1068
1068
1088
1139
1193
1271
1353
1465
1551
1656
1751
1861
1966
2083
2181
2287
2382
2509
2620
2724
2801
2875
2951
2985
3019
3047
3050
3045
3029
3001
2965
2911
2857
2775
2701
2601
2548
2491
2425
2360
2294
2221
2159
2101
2029
1962
1901
1843
1785
1723
1675
1625
1591
1548
1532
1515
1553
1571
1639
1684
1761
1825
1908
2007
2095
2181
2278
2389
2496
2607
2679
2745
2798
2853
2905
2947
3001
3035
3063
3091
3106
3112
3091
3079
3039
2987
2925
2889
2844
2811
2775
2726
2663
2601
2533
2477
2425
2366
2313
2256
2213
2183
2137
2131
2115
2138
2164
2201
2248
2295
2347
2392
2431
2471
2525
2567
2607
2642
2665
2683
2677
2670
2664
2647
2615
2568
2501
2453
2405
2351
2291
2233
2189
2125
2089
2025
1976
1910
1838
1758
1691
1623
1559
1481
1429
1361
1291
1233
1160
1109
1045
1016
988
983
969
973
992
1013
1051
1096
1138
1193
1272
1325
1405
1472
1551
1633
1696
1781
1856
1938
2007
2061
2099
2135
2163
2191
2207
2219
2209
2203
2179
2144
2115
2064
2007
1975
1931
1885
1847
1789
1735
1664
1605
1561
1513
1461
1415
1358
1315
1264
1228
1174
1139
1103
1053
1013
1001
979
955
947
912
901
888
862
844
854
859
855
887
896
916
946
985
1029
1067
1134
1201
1285
1367
1436
1500
1573
1639
1719
1795
1880
1961
2037
2123
2190
2276
2336
2412
2471
2533
2589
2617
2652
2685
2720
2757
2774
2795
2805
2816
2828
2829
2825
2816
2811
2804
2784
2791
2776
2775
2779
2748
2774
2779
2790
2811
2829
2845
2863
2871
2875
2888
2885
2891
2875
2845
2845
2795
2759
2723
2661
2611
2581
2519
2473
2447
2415
2360
2340
2304
2278
2256
2231
2228
2208
2207
2213
2211
2220
2222
2219
2215
2211
2217
2203
2193
2196
2183
2191
2195
2211
2233
2251
2279
2295
2315
2341
2359
2379
2396
2411
2430
2437
2472
2483
2509
2526
2532
2548
2555
2552
2546
2535
2535
2511
2472
2460
2423
2384
2331
2293
2232
2188
2152
2111
2072
2024
1973
1925
1869
1809
1758
1705
1640
1587
1549
1491
1453
1405
1361
1325
1292
1271
1256
1240
1234
1240
1251
1253
1254
1269
1272
1285
1279
1289
1278
1271
1272
1259
1255
1243
1240
1225
1233
1233
1232
1227
1238
1254
1273
1278
1307
1332
1363
1403
1448
1467
1502
1517
1525
1548
1551
1565
1559
1561
1546
1544
1525
1523
1507
1497
1483
1479
1469
1475
1480
1471
1492
1499
1539
1551
1586
1630
1648
1677
1695
1707
1721
1745
1757
1770
1790
1803
1824
1837
1853
1874
1895
1907
1933
1944
1980
2007
2037
2079
2119
2163
2199
2235
2285
2317
2357
2391
2412
2445
2464
2487
2494
2519
2528
2537
2552
2551
2552
2565
2554
2549
2552
2541
2529
2517
2483
2463
2443
2419
2400
2382
2363
2334
2335
2324
2335
2325
2329
2344
2354
2363
2384
2406
2421
2438
2471
2504
2533
2571
2604
2641
2667
2703
2717
2751
2775
2789
2803
2812
2811
2815
2812
2795
2780
2769
2757
2739
2732
2733
2739
2748
2749
2781
2799
2823
2837
2851
2855
2879
2887
2913
2917
2921
2931
2934
2937
2939
2935
2916
2897
2866
2827
2787
2723
2680
2639
2597
2551
2515
2473
2431
2389
2344
2301
2254
2215
2158
2112
2071
2021
1955
1910
1864
1819
1783
1733
1699
1673
1642
1609
1591
1567
1552
1533
1526
1520
1521
1519
1527
1531
1544
1555
1566
1587
1611
1643
1682
1695
1748
1771
1790
1813
1827
1839
1840
1852
1849
1843
1833
1816
1781
1760
1719
1674
1622
1589
1551
1504
1464
1419
1372
1331
1275
1223
1161
1109
1056
1001
947
901
859
820
789
765
741
722
716
719
704
712
729
728
753
783
808
855
911
943
1013
1072
1124
1184
1225
1271
1323
1385
1439
1494
1528
1596
1643
1689
1755
1811
1867
1914
1961
2003
2033
2071
2095
2125
2140
2151
2143
2139
2124
2111
2095
2077
2039
2020
1981
1952
1945
1915
1884
1868
1849
1849
1843
1855
1869
1891
1919
1945
1979
2020
2059
2092
2124
2156
2187
2213
2231
2252
2273
2312
2355
2391
2429
2487
2523
2571
2631
2680
2720
2765
2797
2847
2900
2925
2957
2995
3008
3031
3051
3050
3063
3065
3053
3052
3033
3015
2995
2979
2940
2919
2888
2865
2839
2806
2785
2765
2740
2717
2703
2695
2669
2643
2628
2595
2575
2541
2524
2496
2472
2459
2425
2397
2388
2363
2348
2344
2334
2341
2331
2302
2312
2301
2296
2299
2276
2268
2244
2230
2211
2189
2150
2127
2085
2059
2007
1971
1927
1884
1835
1788
1746
1708
1685
1651
1627
1591
1576
1554
1549
1542
1547
1560
1563
1579
1590
1613
1628
1659
1683
1705
1719
1747
1765
1773
1788
1805
1819
1829
1835
1841
1845
1838
1839
1837
1817
1803
1781
1763
1727
1705
1672
1651
1612
1579
1551
1507
1481
1447
1415
1372
1348
1317
1275
1245
1231
1207
1192
1176
1164
1148
1143
1129
1129
1124
1129
1137
1146
1159
1175
1189
1197
1233
1246
1272
1309
1339
1380
1425
1464
1495
1534
1585
1611
1655
1693
1749
1781
1815
1849
1877
1914
1947
1966
1984
2011
2015
2031
2032
2041
2032
2015
2017
2019
2005
2003
1987
1980
1969
1965
1961
1962
1957
1954
1966
1967
1965
1961
1980
1981
1994
2003
2011
2031
2055
2063
2073
2084
2103
2113
2125
2136
2152
2155
2163
2176
2200
2216
2251
2274
2311
2331
2375
2409
2432
2477
2495
2519
2547
2559
2587
2602
2621
2633
2653
2663
2671
2670
2683
2699
2711
2712
2732
2741
2743
2749
2759
2751
2761
2757
2757
2757
2745
2757
2761
2764
2763
2763
2768
2771
2769
2776
2759
2747
2750
2744
2733
2727
2720
2708
2691
2677
2640
2627
2595
2565
2535
2508
2477
2451
2422
2395
2362
2332
2315
2272
2247
2223
2202
2183
2159
2149
2128
2121
2121
2116
2117
2104
2115
2107
2094
2095
2089
2085
2079
2073
2059
2063
2053
2055
2036
2037
2013
1992
1992
1973
1959
1943
1914
1897
1870
1853
1829
1809
1797
1767
1755
1717
1697
1672
1647
1628
1593
1561
1547
1515
1502
1467
1440
1432
1407
1399
1388
1381
1379
1377
1373
1359
1367
1357
1371
1368
1357
1371
1376
1395
1393
1413
1419
1422
1436
1440
1459
1451
1472
1469
1469
1485
1492
1499
1496
1511
1503
1506
1507
1507
1503
1499
1495
1479
1469
1451
1445
1427
1413
1411
1403
1391
1388
1380
1395
1399
1416
1416
1433
1456
1490
1512
1547
1583
1592
1623
1643
1675
1696
1707
1736
1762
1774
1797
1821
1848
1849
1881
1895
1931
1952
1981
2000
2035
2066
2091
2129
2152
2191
2205
2232
2273
2291
2319
2351
2365
2379
2403
2428
2435
2443
2448
2459
2457
2463
2458
2463
2471
2469
2472
2474
2477
2486
2489
2489
2495
2495
2492
2502
2489
2499
2493
2485
2481
2483
2469
2473
2456
2437
2447
2423
2428
2425
2424
2424
2431
2424
2445
2456
2461
2469
2484
2502
2517
2539
2553
2569
2581
2608
2619
2632
2652
2667
2683
2692
2707
2718
2715
2728
2734
2736
2744
2749
2744
2732
2725
2725
2707
2684
2667
2637
2600
2571
2537
2495
2464
2431
2380
2346
2293
2247
2191
2156
2108
2069
2019
1968
1936
1882
1846
1799
1756
1719
1673
1638
1592
1575
1551
1523
1498
1483
1449
1447
1436
1421
1417
1401
1396
1395
1387
1386
1387
1383
1382
1381
1390
1401
1417
1431
1447
1476
1491
1504
1531
1550
1555
1560
1562
1569
1554
1555
1543
1529
1520
1511
1504
1507
1514
1511
1523
1539
1553
1565
1580
1608
1618
1650
1673
1696
1724
1752
1775
1817
1847
1872
1895
1926
1945
1970
1987
2003
2017
2019
2021
2018
2025
2006
2009
2005
1981
1982
1964
1956
1947
1929
1915
1907
1890
1855
1851
1819
1809
1775
1763
1728
1701
1688
1672
1654
1644
1642
1636
1641
1650
1656
1659
1680
1714
1747
1767
1814
1865
1914
1959
1998
2043
2080
2136
2173
2215
2276
2312
2355
2393
2429
2477
2514
2547
2583
2613
2648
2663
2696
2704
2731
2736
2742
2743
2743
2728
2717
2705
2671
2643
2611
2587
2542
2521
2479
2460
2439
2414
2394
2380
2371
2361
2357
2358
2360
2361
2359
2363
2381
2377
2382
2395
2407
2413
2425
2443
2444
2457
2458
2477
2485
2477
2488
2488
2491
2503
2497
2502
2507
2494
2503
2483
2477
2461
2441
2412
2387
2365
2336
2313
2272
2237
2218
2183
2153
2115
2101
2063
2035
2011
1989
1967
1944
1939
1935
1937
1933
1944
1949
1949
1962
1989
2008
2021
2059
2074
2091
2119
2124
2143
2155
2157
2167
2172
2158
2165
2140
2136
2106
2088
2041
2011
1973
1930
1885
1846
1814
1774
1724
1685
1632
1583
1555
1506
1463
1434
1385
1352
1311
1287
1252
1239
1211
1199
1184
1174
1176
1179
1179
1180
1182
1184
1204
1198
1221
1227
1243
1269
1292
1319
1357
1377
1432
1468
1501
1544
1577
1609
1627
1656
1695
1719
1743
1767
1780
1800
1802
1812
1826
1831
1824
1823
1813
1813
1813
1791
1772
1771
1760
1755
1751
1753
1753
1759
1773
1773
1799
1811
1835
1867
1895
1914
1939
1965
1979
2007
2039
2065
2083
2105
2129
2149
2163
2181
2203
2203
2210
2219
2233
2223
2229
2237
2247
2231
2229
2220
2227
2214
2213
2201
2189
2187
2171
2167
2153
2140
2133
2112
2109
2091
2087
2077
2067
2071
2071
2067
2066
2075
2091
2103
2123
2143
2157
2187
2219
2237
2275
2299
2329
2349
2385
2414
2442
2475
2492
2519
2539
2575
2597
2610
2621
2636
2639
2635
2635
2621
2604
2599
2576
2542
2520
2480
2455
2415
2377
2352
2313
2288
2260
2222
2187
2167
2133
2121
2105
2069
2063
2036
2029
2020
2013
2018
2011
2009
2025
2028
2027
2039
2035
2055
2073
2065
2079
2086
2081
2088
2077
2075
2073
2063
2048
2037
2026
2019
2011
2003
1991
1983
1982
1965
1950
1955
1944
1929
1910
1897
1883
1865
1860
1826
1820
1780
1775
1747
1723
1703
1678
1668
1642
1637
1616
1605
1600
1591
1597
1595
1608
1606
1613
1617
1623
1642
1659
1667
1657
1672
1679
1701
1691
1695
1695
1694
1689
1691
1687
1677
1664
1653
1642
1625
1621
1598
1595
1579
1568
1561
1567
1555
1544
1532
1545
1545
1533
1547
1542
1546
1544
1543
1553
1553
1571
1584
1608
1622
1632
1647
1683
1706
1741
1765
1799
1815
1845
1865
1891
1913
1933
1954
1961
1990
2019
2027
2055
2075
2095
2129
2138
2171
2190
2213
2229
2263
2265
2301
2323
2329
2344
2340
2349
2351
2347
2351
2351
2349
2341
2328
2318
2314
2301
2289
2280
2274
2265
2253
2247
2244
2231
2228
2223
2222
2227
2227
2219
2211
2215
2212
2220
2208
2196
2203
2197
2199
2200
2200
2199
2187
2201
2199
2199
2217
2213
2224
2249
2240
2253
2283
2289
2312
2304
2334
2328
2348
2364
2360
2367
2365
2363
2360
2376
2387
2376
2383
2379
2384
2375
2379
2376
2373
2364
2364
2359
2352
2347
2343
2336
2327
2317
2317
2311
2288
2287
2283
2271
2253
2245
2233
2217
2217
2193
2176
2164
2156
2136
2129
2107
2093
2070
2052
2015
2000
1976
1951
1927
1901
1866
1840
1821
1792
1757
1725
1711
1683
1663
1627
1607
1592
1580
1566
1548
1540
1526
1508
1498
1490
1499
1496
1483
1491
1482
1480
1485
1487
1489
1501
1499
1513
1525
1549
1565
1589
1597
1623
1641
1673
1688
1707
1725
1757
1767
1797
1803
1819
1836
1843
1849
1867
1863
1878
1877
1875
1877
1863
1869
1844
1836
1828
1801
1780
1760
1751
1723
1696
1687
1677
1656
1651
1640
1637
1626
1628
1630
1616
1625
1629
1621
1630
1639
1653
1657
1677
1689
1693
1717
1737
1757
1768
1789
1822
1848
1875
1891
1923
1931
1971
1981
2005
2039
2069
2103
2119
2159
2175
2217
2230
2276
2285
2307
2335
2347
2355
2378
2391
2407
2407
2427
2428
2439
2449
2455
2451
2454
2448
2456
2451
2439
2445
2436
2429
2422
2416
2417
2409
2409
2405
2409
2411
2409
2408
2421
2416
2410
2413
2412
2397
2397
2397
2375
2375
2360
2348
2338
2325
2300
2283
2275
2267
2238
2233
2204
2195
2167
2159
2145
2128
2121
2109
2087
2077
2073
2055
2054
2056
2040
2040
2040
2032
2044
2041
2039
2029
2035
2023
2032
2033
2032
2040
2054
2060
2066
2073
2063
2081
2101
2109
2105
2110
2119
2112
2113
2107
2102
2099
2080
2073
2044
2025
2024
1997
1983
1975
1949
1929
1900
1899
1875
1849
1831
1813
1799
1783
1755
1743
1733
1720
1716
1703
1687
1689
1678
1687
1688
1689
1705
1708
1715
1724
1739
1744
1763
1773
1787
1805
1815
1835
1843
1863
1865
1863
1877
1882
1880
1876
1877
1868
1870
1851
1838
1820
1799
1776
1762
1751
1733
1714
1704
1696
1687
1676
1689
1672
1685
1681
1674
1689
1681
1695
1703
1717
1728
1745
1757
1772
1806
1824
1847
1868
1907
1920
1961
1977
1997
2024
2039
2068
2093
2121
2135
2168
2199
2221
2235
2259
2268
2285
2299
2300
2312
2308
2304
2303
2313
2296
2277
2280
2253
2260
2235
2227
2220
2213
2205
2185
2187
2169
2164
2158
2147
2141
2140
2124
2125
2117
2123
2107
2121
2107
2123
2131
2139
2141
2144
2167
2176
2191
2216
2232
2255
2268
2295
2304
2339
2359
2368
2385
2408
2423
2441
2457
2469
2477
2489
2505
2493
2509
2507
2515
2515
2509
2491
2487
2471
2451
2444
2422
2395
2371
2359
2339
2304
2293
2263
2251
2225
2217
2195
2168
2141
2131
2121
2103
2086
2073
2048
2051
2030
2022
2015
2001
2011
1995
1997
1984
1993
1997
1988
1991
1987
1989
1987
1983
1981
1977
1981
1972
1973
1967
1960
1955
1963
1951
1961
1949
1933
1931
1917
1915
1907
1895
1893
1883
1877
1865
1848
1849
1842
1833
1817
1817
1815
1811
1799
1789
1785
1781
1777
1771
1781
1784
1783
1784
1800
1800
1801
1816
1821
1836
1839
1843
1854
1861
1856
1863
1847
1846
1847
1851
1839
1837
1825
1814
1799
1783
1777
1751
1739
1717
1709
1698
1689
1683
1664
1661
1647
1647
1651
1647
1637
1651
1639
1659
1647
1657
1654
1673
1676
1683
1704
1717
1735
1751
1763
1776
1799
1824
1845
1869
1887
1915
1927
1957
1972
1992
2009
2031
2041
2065
2078
2099
2107
2116
2126
2147
2156
2165
2171
2182
2199
2197
2214
2213
2223
2218
2214
2227
2216
2219
2201
2203
2196
2195
2170
2155
2164
2153
2153
2139
2147
2141
2139
2138
2136
2138
2130
2135
2133
2139
2147
2150
2157
2168
2185
2170
2179
2192
2197
2215
2212
2222
2223
2233
2228
2232
2235
2234
2247
2248
2247
2253
2264
2265
2279
2272
2284
2283
2300
2297
2304
2319
2309
2315
2315
2309
2316
2311
2299
2295
2286
2277
2275
2260
2251
2238
2233
2217
2194
2187
2175
2165
2163
2137
2132
2127
2117
2107
2103
2089
2078
2077
2067
2063
2043
2038
2019
2021
1996
1981
1967
1971
1952
1946
1920
1903
1899
1880
1865
1845
1832
1832
1815
1790
1765
1773
1755
1749
1735
1724
1710
1713
1705
1707
1697
1696
1695
1696
1705
1699
1701
1720
1716
1752
1744
1753
1770
1789
1798
1816
1824
1833
1851
1853
1875
1884
1888
1891
1898
1903
1904
1911
1903
1909
1900
1902
1895
1896
1883
1874
1876
1853
1846
1831
1819
1812
1801
1784
1780
1764
1750
1752
1741
1741
1735
1739
1731
1737
1735
1746
1752
1757
1762
1771
1784
1805
1816
1832
1855
1872
1897
1911
1915
1941
1951
1972
1971
1993
2002
2011
2014
2011
2027
2035
2045
2038
2063
2045
2067
2065
2071
2071
2057
2060
2071
2067
2063
2060
2059
2059
2063
2065
2054
2061
2067
2085
2073
2091
2107
2115
2123
2135
2155
2161
2185
2200
2205
2223
2245
2264
2282
2297
2314
2327
2339
2348
2360
2361
2383
2387
2381
2387
2391
2398
2397
2387
2392
2383
2383
2381
2381
2363
2363
2355
2323
2323
2297
2291
2272
2257
2236
2215
2195
2181
2159
2137
2133
2107
2099
2101
2085
2068
2068
2040
2025
2025
2023
2015
2007
2007
2004
1991
1995
1997
1980
1983
1982
1977
1979
1973
1967
1968
1957
1960
1958
1952
1951
1952
1954
1952
1951
1961
1943
1955
1949
1957
1944
1942
1936
1937
1925
1924
1911
1899
1895
1891
1883
1867
1862
1853
1845
1839
1821
1829
1811
1809
1807
1799
1785
1779
1779
1771
1773
1775
1767
1773
1771
1767
1775
1781
1781
1773
1783
1769
1783
1776
1781
1774
1779
1776
1773
1773
1771
1768
1760
1762
1763
1751
1745
1749
1745
1740
1737
1719
1737
1724
1712
1715
1715
1708
1703
1707
1696
1677
1690
1687
1701
1692
1701
1704
1712
1725
1728
1747
1757
1769
1795
1815
1823
1853
1865
1895
1903
1937
1943
1969
1975
1999
2013
2029
2039
2045
2071
2081
2080
2091
2104
2108
2105
2117
2105
2120
2117
2123
2119
2121
2115
2111
2107
2107
2115
2097
2101
2089
2085
2089
2083
2083
2075
2087
2084
2086
2092
2091
2096
2100
2111
2119
2131
2144
2143
2155
2157
2173
2181
2199
2198
2211
2229
2231
2239
2239
2251
2275
2273
2283
2281
2285
2301
2303
2301
2317
2321
2321
2323
2329
2332
2325
2323
2325
2312
2313
2299
2288
2283
2274
2261
2237
2233
2215
2192
2172
2161
2143
2131
2101
2099
2075
2066
2053
2043
2029
2028
2013
2011
1997
1983
1991
1984
1991
1991
1980
1987
1981
1987
1975
1979
1989
1984
1995
1995
2000
2009
2002
2005
2006
2009
2010
2011
2015
2005
2007
1993
1998
1992
1999
1984
1981
1975
1975
1962
1957
1949
1945
1936
1931
1925
1913
1911
1911
1897
1896
1877
1879
1865
1849
1861
1837
1839
1831
1824
1821
1804
1815
1800
1811
1799
1811
1803
1811
1815
1819
1831
1834
1843
1842
1847
1850
1865
1864
1865
1876
1883
1872
1878
1881
1877
1866
1876
1848
1861
1850
1842
1849
1824
1829
1831
1831
1823
1824
1829
1831
1829
1845
1853
1861
1865
1872
1899
1897
1931
1937
1949
1971
1993
2009
2016
2040
2063
2072
2097
2103
2123
2136
2156
2168
2187
2184
2204
2209
2219
2223
2231
2236
2231
2234
2233
2236
2231
2233
2216
2217
2216
2200
2189
2187
2183
2169
2144
2141
2135
2136
2123
2123
2119
2099
2101
2102
2104
2104
2115
2111
2109
2125
2137
2143
2141
2151
2171
2185
2200
2203
2221
2231
2249
2252
2263
2268
2275
2275
2269
2283
2282
2283
2271
2265
2265
2263
2249
2235
2223
2215
2206
2191
2181
2170
2155
2151
2145
2134
2119
2101
2108
2096
2089
2080
2089
2087
2080
2089
2088
2095
2099
2099
2103
2121
2125
2133
2135
2151
2157
2171
2173
2187
2184
2199
2204
2215
2210
2215
2227
2223
2216
2221
2215
2204
2200
2187
2181
2163
2141
2135
2120
2110
2088
2063
2031
2023
2008
1990
1965
1955
1932
1923
1907
1884
1869
1851
1845
1834
1824
1813
1814
1808
1811
1804
1806
1804
1810
1801
1811
1815
1816
1823
1830
1844
1841
1844
1852
1867
1869
1876
1890
1900
1911
1917
1916
1928
1933
1933
1936
1940
1938
1935
1929
1913
1913
1913
1901
1889
1885
1876
1879
1863
1861
1847
1835
1835
1831
1829
1821
1822
1815
1816
1813
1822
1827
1823
1824
1841
1847
1877
1873
1883
1895
1912
1939
1950
1967
1989
2001
2013
2032
2057
2059
2067
2072
2087
2090
2091
2103
2105
2100
2104
2107
2101
2097
2089
2077
2083
2071
2071
2063
2054
2054
2040
2039
2033
2035
2032
2029
2041
2037
2043
2041
2063
2071
2071
2086
2093
2100
2101
2117
2111
2133
2143
2145
2163
2167
2189
2190
2203
2213
2221
2224
2237
2251
2265
2262
2267
2267
2272
2282
2279
2280
2275
2271
2269
2265
2259
2250
2235
2225
2211
2199
2186
2155
2145
2132
2119
2101
2090
2087
2070
2043
2066
2059
2043
2043
2025
2028
2039
2037
2040
2035
2039
2037
2041
2043
2055
2048
2055
2066
2063
2073
2075
2071
2084
2080
2083
2080
2071
2063
2073
2044
2055
2041
2028
2018
2016
1997
1993
1992
1992
1968
1959
1965
1945
1941
1941
1928
1915
1923
1911
1911
1896
1890
1883
1887
1872
1875
1863
1863
1865
1835
1847
1848
1843
1847
1839
1838
1833
1835
1843
1821
1837
1829
1827
1829
1831
1835
1831
1835
1833
1838
1828
1837
1844
1842
1834
1840
1837
1834
1837
1847
1847
1843
1850
1846
1842
1847
1843
1849
1847
1851
1850
1849
1859
1865
1862
1871
1868
1884
1879
1885
1891
1880
1896
1911
1912
1933
1940
1943
1955
1958
1971
1976
1977
1981
1996
1993
2004
2003
2003
2015
2011
2020
2024
2022
2018
2029
2033
2040
2035
2037
2039
2029
2031
2024
2029
2016
2032
2033
2017
2025
2015
2014
2015
2019
2003
2011
2007
2015
2008
2011
2009
2009
2011
2021
2024
2027
2038
2048
2061
2068
2075
2083
2097
2105
2131
2125
2138
2154
2163
2168
2188
2188
2201
2200
2211
2208
2213
2221
2225
2229
2227
2224
2223
2229
2207
2213
2200
2197
2182
2167
2163
2153
2146
2137
2125
2117
2105
2087
2085
2069
2070
2046
2045
2028
2030
2012
2008
2008
1984
1997
1994
1981
1993
1993
1993
2001
1987
2006
2008
1996
2007
2013
2021
2012
2021
2014
2035
2025
2017
2033
2024
2035
2021
2035
2029
2023
2020
2007
2013
2007
1984
1991
1970
1961
1958
1947
1925
1919
1915
1911
1898
1896
1888
1880
1881
1867
1860
1853
1843
1847
1844
1843
1839
1831
1839
1831
1827
1824
1835
1824
1836
1844
1847
1845
1849
1863
1870
1867
1881
1869
1871
1889
1892
1883
1892
1885
1894
1893
1895
1886
1889
1890
1897
1885
1887
1867
1881
1877
1871
1864
1863
1852
1851
1841
1839
1835
1832
1832
1829
1811
1815
1806
1819
1808
1803
1811
1803
1807
1813
1816
1833
1837
1849
1848
1867
1883
1893
1900
1920
1929
1949
1959
1970
1975
1998
2007
2009
2023
2030
2039
2041
2059
2044
2056
2055
2063
2063
2063
2074
2072
2075
2076
2071
2075
2064
2065
2060
2063
2060
2065
2053
2057
2044
2041
2043
2053
2034
2041
2041
2056
2043
2053
2054
2057
2067
2067
2075
2073
2073
2092
2099
2105
2109
2110
2125
2128
2139
2143
2145
2151
2151
2155
2157
2155
2149
2153
2147
2141
2133
2131
2127
2117
2111
2091
2077
2076
2056
2056
2031
2019
2011
1995
1980
1975
1975
1964
1971
1968
1965
1975
1975
1990
1984
2004
2011
2017
2036
2036
2048
2063
2071
2083
2100
2107
2095
2111
2117
2123
2122
2123
2119
2120
2124
2114
2123
2108
2107
2099
2095
2087
2074
2063
2063
2053
2043
2025
2029
2009
1992
1981
1967
1961
1944
1937
1929
1909
1901
1894
1875
1875
1870
1867
1871
1863
1861
1865
1863
1865
1876
1877
1883
1888
1899
1909
1911
1929
1937
1956
1956
1965
1979
1991
2005
2011
2012
2010
2027
2025
2029
2019
2027
2018
2019
2012
2005
2002
1993
1983
1976
1960
1961
1948
1944
1928
1911
1915
1903
1892
1891
1881
1885
1864
1865
1856
1855
1851
1859
1863
1854
1863
1856
1862
1864
1865
1877
1880
1869
1888
1892
1903
1904
1909
1913
1920
1942
1944
1960
1971
1976
1979
1983
2007
2007
2023
2032
2040
2055
2061
2071
2083
2080
2077
2091
2099
2099
2100
2108
2108
2106
2099
2110
2103
2106
2107
2117
2107
2111
2106
2115
2117
2119
2120
2125
2135
2131
2145
2142
2154
2155
2157
2153
2169
2171
2168
2173
2181
2175
2180
2187
2183
2186
2189
2194
2172
2183
2189
2173
2187
2171
2184
2169
2169
2159
2165
2157
2148
2155
2140
2132
2134
2123
2121
2123
2121
2109
2103
2107
2092
2090
2080
2082
2076
2069
2066
2063
2063
2063
2059
2058
2063
2055
2053
2063
2063
2063
2083
2068
2085
2071
2080
2085
2083
2074
2075
2079
2079
2079
2076
2077
2069
2073
2069
2059
2057
2041
2033
2024
2015
2011
2005
1997
1984
1976
1971
1959
1967
1949
1952
1944
1945
1945
1944
1948
1940
1936
1949
1943
1949
1947
1944
1958
1952
1967
1963
1964
1967
1973
1977
1989
1988
1993
1990
1989
1993
1999
2003
2003
1997
2005
2004
2001
2004
2008
2008
2008
1999
1996
1995
1993
1990
1976
1979
1968
1973
1963
1949
1951
1939
1938
1933
1919
1933
1908
1913
1915
1914
1919
1919
1917
1931
1927
1939
1925
1933
1941
1936
1939
1947
1951
1963
1966
1976
1979
1990
1988
2005
2011
2025
2022
2029
2036
2039
2048
2067
2069
2066
2073
2078
2080
2077
2088
2083
2093
2084
2080
2095
2101
2097
2088
2091
2097
2087
2097
2101
2102
2093
2091
2094
2101
2095
2105
2106
2118
2109
2120
2123
2121
2135
2136
2133
2136
2146
2159
2157
2154
2168
2171
2184
2175
2188
2197
2211
2201
2207
2215
2213
2221
2212
2223
2221
2217
2211
2215
2215
2201
2203
2215
2200
2196
2200
2174
2185
2158
2147
2155
2149
2142
2137
2124
2116
2119
2115
2116
2109
2104
2099
2095
2099
2101
2091
2083
2091
2075
2073
2075
2059
2056
2063
2057
2055
2045
2041
2055
2039
2052
2055
2041
2038
2032
2029
2026
2033
2027
2021
2017
2003
2000
2003
1998
1990
1993
1979
1982
1972
1967
1961
1957
1955
1944
1947
1951
1936
1941
1931
1937
1929
1939
1945
1944
1943
1943
1951
1961
1962
1973
1977
1976
1989
1996
1995
2013
2008
2013
2011
2007
2017
2008
2016
2023
2002
2009
2001
1993
1995
1977
1971
1961
1960
1947
1945
1931
1939
1909
1911
1901
1899
1888
1889
1885
1877
1881
1877
1867
1872
1868
1867
1882
1876
1875
1883
1880
1898
1888
1901
1901
1914
1917
1931
1945
1953
1955
1971
1980
1980
1995
2008
2009
2028
2029
2039
2043
2048
2065
2062
2075
2073
2073
2077
2077
2068
2075
2066
2070
2066
2057
2054
2045
2039
2029
2033
2028
2017
2019
2017
2003
2007
2008
2005
2007
2008
2017
2008
2013
2012
2011
2007
2019
2024
2040
2040
2041
2045
2065
2069
2067
2073
2075
2077
2087
2099
2088
2103
2097
2087
2100
2089
2104
2093
2092
2089
2089
2088
2083
2080
2083
2071
2081
2063
2069
2059
2055
2036
2027
2020
2008
2012
2003
2011
1995
1991
1981
1971
1977
1965
1977
1965
1962
1975
1965
1976
1975
1981
1979
1984
1993
2005
2005
2019
2019
2027
2036
2041
2063
2057
2063
2076
2075
2077
2077
2084
2079
2082
2056
2069
2059
2043
2040
2035
2012
2005
1995
1997
1979
1971
1952
1948
1935
1927
1908
1906
1893
1890
1883
1881
1869
1874
1873
1853
1864
1867
1865
1862
1863
1867
1869
1877
1868
1880
1883
1883
1887
1903
1897
1901
1912
1917
1932
1927
1951
1949
1956
1960
1971
1964
1970
1989
1988
1979
1989
1977
1979
1990
1977
1977
1971
1968
1964
1953
1951
1943
1948
1941
1934
1920
1915
1918
1919
1926
1915
1911
1915
1917
1918
1929
1929
1938
1939
1950
1967
1973
1977
1987
1984
1998
2009
2017
2014
2020
2032
2035
2037
2055
2063
2048
2055
2059
2057
2060
2063
2064
2047
2052
2044
2039
2041
2028
2021
2020
2011
2013
2016
1995
1984
1981
1980
1977
1964
1965
1958
1963
1957
1961
1959
1955
1965
1965
1965
1973
1988
1995
1995
2003
2005
2023
2016
2039
2041
2043
2063
2075
2074
2087
2094
2101
2121
2121
2125
2129
2131
2127
2133
2137
2124
2138
2131
2126
2123
2109
2109
2099
2089
2099
2077
2091
2079
2075
2069
2056
2056
2053
2036
2029
2031
2018
2017
2009
2012
2007
1997
2008
2001
2004
1994
2005
1998
2003
2003
2015
2008
2021
2007
2021
2021
2025
2030
2037
2038
2041
2039
2044
2055
2053
2057
2059
2053
2053
2045
2058
2043
2041
2043
2035
2039
2021
2020
2011
2011
1997
1998
1981
1980
1969
1971
1962
1951
1941
1935
1917
1914
1929
1917
1906
1908
1909
1904
1909
1912
1904
1913
1904
1913
1917
1927
1925
1932
1939
1947
1936
1945
1946
1951
1949
1951
1946
1950
1948
1947
1941
1945
1944
1944
1947
1936
1941
1937
1927
1929
1913
1917
1915
1903
1907
1912
1903
1901
1899
1896
1892
1896
1901
1899
1902
1901
1904
1909
1909
1916
1929
1933
1943
1947
1951
1960
1968
1977
1992
1994
2005
2021
2015
2039
2036
2044
2067
2069
2072
2075
2077
2087
2078
2088
2090
2079
2077
2079
2072
2071
2066
2067
2059
2054
2045
2029
2028
2031
2016
2017
2010
2011
2006
2009
1997
2004
1997
2007
2011
2011
2008
2008
2016
2018
2036
2029
2052
2059
2069
2071
2088
2089
2095
2103
2107
2117
2123
2143
2147
2151
2150
2167
2165
2156
2175
2167
2164
2172
2170
2167
2171
2160
2157
2152
2153
2141
2133
2135
2127
2117
2110
2107
2097
2090
2087
2080
2072
2077
2069
2065
2063
2063
2041
2055
2057
2033
2036
2036
2044
2044
2039
2053
2037
2053
2052
2044
2045
2055
2043
2059
2057
2043
2045
2052
2036
2040
2040
2029
2035
2030
2037
2016
2017
2016
2013
2010
2003
1983
1982
1991
1981
1993
1992
1979
1979
1979
1979
1976
1978
1965
1968
1976
1976
1977
1979
1987
1974
1981
1987
1992
1994
1990
2005
1996
1999
2007
2007
2017
2012
2023
2022
2024
2029
2027
2030
2023
2032
2027
2039
2034
2037
2035
2039
2032
2036
2030
2029
2025
2022
2017
2012
2011
2009
1996
1988
1977
1973
1973
1963
1954
1955
1955
1949
1944
1931
1943
1939
1947
1943
1950
1948
1971
1971
1967
1973
1976
1979
1997
2003
2004
2013
2021
2032
2043
2051
2065
2063
2067
2071
2069
2077
2085
2080
2088
2094
2102
2099
2099
2083
2101
2101
2105
2099
2109
2110
2104
2094
2101
2105
2103
2105
2105
2103
2104
2104
2115
2108
2104
2102
2109
2107
2119
2125
2123
2131
2128
2131
2136
2148
2152
2152
2160
2157
2170
2168
2189
2171
2185
2174
2187
2193
2185
2181
2188
2188
2183
2183
2182
2171
2186
2172
2181
2170
2167
2163
2155
2155
2145
2147
2133
2127
2131
2119
2103
2107
2100
2095
2089
2077
2072
2066
2068
2067
2045
2059
2043
2047
2039
2040
2030
2030
2030
2033
2031
2029
2030
2035
2031
2040
2040
2038
2035
2041
2040
2039
2034
2033
2032
2031
2037
2031
2024
2027
2023
2012
2019
2014
2017
2007
1997
1991
1991
1993
1975
1981
1974
1967
1966
1965
1961
1961
1963
1947
1957
1961
1957
1961
1957
1971
1967
1959
1979
1975
1981
1980
1987
1989
1993
1991
1992
1992
2005
1997
2007
2008
2002
2021
2005
2009
2003
2006
2008
2003
1998
2011
1997
2005
1991
1993
1993
1992
1993
1978
1987
1968
1977
1969
1977
1960
1965
1963
1965
1957
1961
1959
1948
1957
1953
1949
1962
1945
1958
1958
1971
1960
1963
1973
1974
1981
1988
1983
1993
2003
2003
2009
2011
2017
2011
2014
2024
2027
2028
2024
2035
2027
2035
2027
2029
2031
2027
2024
2016
2013
2020
2019
2009
2005
2000
1997
2003
1993
2001
1990
1978
1980
1984
1989
1979
1991
1997
1993
1994
1996
1990
1996
2003
1995
2011
2013
2023
2027
2031
2041
2037
2054
2059
2056
2063
2067
2065
2075
2079
2091
2101
2095
2105
2115
2108
2109
2107
2117
2119
2112
2111
2119
2105
2098
2095
2082
2078
2078
2066
2056
2042
2035
2023
2019
2017
2011
1981
1983
1978
1963
1971
1957
1949
1957
1952
1947
1951
1959
1957
1952
1963
1952
1960
1961
1963
1961
1975
1973
1975
1977
1987
1995
1994
1993
1997
1979
1993
2002
2001
1994
1996
1994
1993
1995
1997
1995
1992
1991
1991
1969
1975
1971
1973
1976
1970
1965
1964
1963
1955
1947
1941
1938
1940
1939
1939
1925
1923
1925
1928
1918
1917
1912
1915
1917
1919
1929
1920
1925
1927
1928
1935
1931
1933
1941
1939
1933
1943
1948
1945
1957
1955
1961
1959
1961
1971
1968
1971
1963
1967
1965
1964
1971
1949
1970
1961
1952
1959
1961
1961
1950
1961
1959
1961
1962
1951
1963
1967
1973
1967
1981
1977
1989
1987
1989
1995
2003
2008
2007
2013
2013
2027
2026
2029
2039
2053
2054
2059
2063
2056
2066
2067
2069
2053
2064
2075
2071
2075
2075
2079
2075
2075
2072
2068
2065
2056
2065
2060
2063
2057
2046
2040
2056
2043
2053
2029
2055
2031
2024
2037
2027
2037
2031
2035
2035
2037
2043
2041
2045
2039
2045
2057
2061
2066
2069
2073
2083
2077
2077
2091
2088
2096
2095
2101
2109
2117
2103
2115
2105
2104
2108
2109
2115
2107
2101
2103
2103
2101
2088
2096
2101
2088
2093
2085
2079
2084
2069
2075
2072
2067
2079
2059
2065
2065
2059
2063
2069
2047
2053
2056
2060
2063
2060
2068
2069
2072
2075
2072
2071
2077
2074
2083
2075
2080
2091
2083
2079
2076
2075
2075
2075
2072
2071
2055
2043
2043
2029
2029
2023
2011
2003
1995
1972
1976
1975
1952
1948
1943
1928
1926
1909
1916
1915
1907
1901
1886
1891
1895
1897
1892
1894
1890
1897
1896
1901
1907
1896
1911
1912
1919
1920
1932
1913
1933
1931
1941
1937
1936
1957
1944
1956
1955
1957
1960
1962
1971
1952
1963
1955
1956
1955
1943
1949
1944
1943
1936
1928
1934
1917
1927
1919
1919
1908
1914
1903
1909
1903
1897
1895
1900
1893
1903
1903
1907
1909
1897
1908
1909
1909
1909
1919
1926
1928
1927
1937
1941
1945
1951
1949
1964
1971
1968
1975
1977
1999
1990
2007
2003
2011
2007
2017
2011
2017
2019
2015
2022
2016
2021
2014
2021
2021
2020
2022
2011
2024
2016
2021
2020
2021
2026
2021
2023
2023
2021
2021
2020
2029
2023
2033
2021
2029
2035
2023
2031
2037
2029
2025
2039
2027
2037
2039
2039
2044
2038
2041
2043
2041
2045
2043
2037
2040
2057
2039
2043
2038
2032
2040
2039
2044
2039
2034
2025
2035
2024
2023
2023
2019
2019
2014
2013
2019
2017
2023
2019
2024
2023
2021
2029
2031
2019
2027
2035
2039
2035
2027
2037
2041
2055
2048
2053
2055
2056
2055
2058
2053
2052
2051
2053
2041
2039
2031
2035
2027
2025
2025
2024
2019
2007
2001
1996
1996
1995
1980
1977
1972
1960
1955
1946
1939
1937
1927
1925
1927
1919
1907
1901
1900
1903
1900
1900
1899
1899
1899
1901
1901
1900
1901
1914
1917
1920
1927
1937
1943
1947
1959
1973
1964
1976
1980
1984
1996
1989
1999
2008
2017
2011
2012
2007
2021
2019
2017
2007
2011
2010
2003
2007
1992
1989
1987
1982
1979
1975
1965
1969
1955
1960
1945
1944
1938
1940
1937
1947
1933
1943
1933
1943
1944
1936
1939
1947
1951
1949
1955
1959
1952
1963
1981
1987
1977
1992
1997
1996
2019
2012
2022
2019
2039
2035
2041
2040
2059
2059
2069
2073
2067
2067
2073
2075
2073
2072
2072
2072
2075
2073
2067
2071
2083
2068
2067
2065
2063
2055
2063
2063
2063
2075
2053
2056
2067
2063
2058
2070
2065
2068
2065
2073
2075
2080
2079
2082
2085
2087
2092
2099
2101
2103
2104
2108
2111
2120
2120
2120
2123
2132
2129
2124
2112
2119
2121
2107
2119
2112
2119
2105
2102
2103
2097
2090
2088
2083
2086
2079
2075
2068
2071
2071
2067
2055
2059
2056
2055
2056
2029
2057
2059
2053
2046
2057
2053
2066
2058
2063
2071
2069
2076
2069
2069
2073
2071
2067
2074
2085
2071
2073
2067
2069
2067
2061
2055
2037
2051
2040
2028
2039
2023
2021
2017
2005
2007
2000
1999
2002
1991
1997
1979
1976
1987
1973
1967
1979
1975
1980
1977
1980
1983
1993
1997
1994
1995
1999
2007
2012
2005
2018
2020
2024
2022
2035
2028
2027
2045
2032
2053
2043
2043
2056
2056
2040
2055
2032
2027
2029
2025
2021
2011
2010
2007
2005
1997
1993
1981
1970
1977
1963
1973
1952
1955
1941
1939
1946
1939
1936
1933
1940
1931
1947
1941
1945
1949
1951
1956
1964
1965
1977
1984
1984
1995
1995
1995
2013
2010
2023
2029
2027
2036
2030
2041
2040
2043
2029
2040
2041
2045
2037
2045
2041
2020
2036
2029
2029
2031
2021
2005
2019
2008
1999
2006
2007
2003
2001
1995
1991
1995
1997
1981
1997
1997
2000
2003
1995
2008
2014
2007
2014
2019
2035
2042
2037
2041
2057
2063
2071
2071
2081
2079
2078
2069
2083
2080
2087
2087
2089
2087
2088
2087
2069
2091
2081
2075
2063
2063
2065
2055
2047
2056
2027
2037
2038
2025
2027
2023
2011
2017
2005
2017
2003
2003
2007
2003
2013
2011
2003
2009
2020
2013
2023
2035
2030
2035
2037
2035
2053
2053
2052
2055
2054
2057
2076
2067
2053
2057
2063
2065
2046
2040
2035
2037
2053
2045
2019
2016
2016
2013
2021
2003
2008
1992
1989
1981
1969
1977
1968
1963
1948
1949
1953
1947
1932
1927
1942
1931
1931
1920
1933
1944
1943
1942
1949
1952
1965
1960
1973
1972
1987
1995
1987
2003
2008
2002
2011
2017
1997
2024
2023
2016
2017
2014
2012
2011
2010
2007
2002
1999
1991
1981
1976
1967
1963
1956
1957
1944
1939
1934
1929
1925
1917
1909
1909
1906
1905
1897
1895
1896
1895
1888
1894
1898
1901
1898
1903
1903
1913
1915
1920
1929
1928
1943
1946
1951
1959
1975
1975
1980
1984
1993
1996
2004
2018
2024
2031
2029
2043
2039
2055
2055
2063
2054
2060
2067
2071
2063
2066
2065
2060
2055
2054
2063
2044
2043
2051
2040
2037
2034
2043
2029
2021
2027
2024
2018
2024
2019
2019
2019
2025
2023
2024
2032
2031
2031
2035
2041
2040
2045
2058
2057
2063
2065
2077
2087
2077
2079
2089
2095
2111
2103
2115
2105
2119
2119
2117
2119
2115
2125
2120
2123
2132
2131
2127
2125
2123
2134
2124
2123
2112
2111
2119
2117
2108
2115
2110
2103
2105
2112
2111
2106
2115
2115
2096
2110
2096
2109
2097
2109
2108
2099
2104
2105
2107
2101
2107
2094
2105
2103
2101
2099
2101
2101
2096
2094
2089
2093
2100
2091
2091
2084
2075
2084
2077
2075
2071
2071
2075
2055
2055
2055
2045
2057
2044
2041
2030
2029
2028
2035
2029
2009
2027
2020
2017
2021
2019
2020
2025
2016
2029
2016
2024
2022
2016
2023
2023
2030
2031
2024
2037
2039
2027
2021
2037
2029
2040
2036
2039
2035
2024
2041
2032
2028
2025
2029
2024
2029
2017
2009
2013
2020
2004
2013
2007
2011
2002
1995
1999
2002
1992
1994
1992
1993
2001
2001
1995
1999
2001
1995
2002
2011
2008
2021
2019
2014
2017
2027
2016
2025
2029
2035
2037
2040
2041
2041
2035
2043
2045
2053
2037
2055
2033
2037
2035
2031
2033
2031
2024
2023
2021
2017
2021
2023
2012
2009
2007
2009
2005
1991
2001
1996
1995
1993
1991
1992
1988
1992
1991
1995
1995
2005
1995
2007
2008
2011
2014
2029
2021
2020
2029
2043
2035
2044
2067
2069
2067
2070
2069
2085
2075
2093
2077
2091
2092
2085
2092
2086
2094
2093
2088
2083
2096
2088
2087
2084
2085
2080
2073
2076
2075
2069
2060
2058
2063
2053
2045
2039
2035
2037
2031
2039
2018
2015
2029
2025
2018
2023
2015
2013
2023
2024
2017
2022
2013
2019
2009
2026
2025
2031
2024
2034
2016
2024
2012
2016
2017
2024
2021
2015
2018
2021
2018
2005
2018
2005
2013
2003
1993
1996
1981
2003
1987
1983
1982
1987
1987
1979
1979
1979
1972
1976
1979
1983
1976
1989
1980
1976
1979
1977
1977
1980
2001
1999
1989
1995
1984
1989
1989
1983
1997
1993
1981
1983
1989
1995
1990
1993
1980
1991
1976
1979
1963
1975
1979
1965
1963
1959
1955
1952
1956
1945
1961
1951
1952
1955
1952
1958
1962
1956
1961
1963
1964
1965
1967
1973
1971
1976
1979
1991
1993
2004
1997
1995
2007
2013
2008
2013
2028
2026
2029
2021
2040
2029
2029
2043
2027
2043
2039
2031
2032
2031
2027
2029
2027
2016
2011
2015
2013
2001
1991
1988
1983
1980
1968
1971
1967
1965
1947
1952
1951
1945
1941
1945
1947
1936
1941
1943
1944
1947
1938
1955
1948
1941
1963
1960
1973
1972
1987
1983
1984
2003
2003
2011
2023
2016
2030
2028
2043
2045
2056
2043
2065
2065
2063
2072
2073
2073
2072
2073
2081
2073
2072
2072
2063
2069
2058
2063
2063
2059
2048
2053
2041
2041
2035
2039
2029
2029
2027
2025
2016
2017
2024
2023
2024
2025
2025
2023
2031
2028
2031
2028
2023
2035
2028
2036
2037
2038
2035
2059
2048
2045
2047
2043
2055
2045
2063
2056
2059
2043
2063
2059
2055
2048
2063
2054
2054
2045
2055
2044
2045
2039
2043
2039
2033
2039
2031
2031
2029
2024
2037
2025
2024
2025
2015
2021
2023
2010
2023
2017
2013
2016
2013
2019
2019
2019
2013
2021
2012
2021
2008
2009
2012
2001
2004
2006
1996
1995
2007
1996
1977
1995
1983
1981
1989
1983
1975
1971
1957
1971
1961
1960
1944
1956
1944
1939
1941
1941
1940
1925
1929
1920
1925
1920
1929
1937
1931
1929
1939
1942
1945
1947
1955
1946
1950
1965
1960
1967
1971
1975
1983
1974
1979
1976
1990
1999
2003
1991
2003
1999
2003
2000
1991
1996
1994
1990
1998
1991
1996
1984
1991
1977
1991
1977
1965
1975
1964
1971
1962
1953
1955
1947
1947
1943
1937
1937
1933
1928
1929
1917
1925
1918
1912
1927
1915
1925
1918
1928
1919
1920
1920
1943
1938
1937
1938
1952
1955
1959
1975
1967
1971
1977
1983
1984
1992
2003
2005
2007
2011
2013
2013
2016
2013
2016
2012
2017
2014
2022
2011
2015
2015
2007
2011
2009
2003
2004
1995
1992
1994
1991
1987
1981
1976
1976
1974
1989
1972
1979
1975
1971
1977
1979
1976
1991
1989
1981
1992
1996
2007
2007
2005
2011
2009
2014
2009
2013
2018
2019
2024
2027
2023
2029
2038
2020
2035
2035
2033
2039
2019
2027
2032
2035
2020
2024
2019
2019
2013
2022
2013
2013
2012
2007
1998
2007
2006
2004
2003
1992
2005
2000
1995
2003
2007
1998
1995
1999
1995
1999
1993
1996
2000
1999
1997
2000
1999
2001
1995
1994
1998
2001
1987
1995
2004
1981
1993
1991
1979
1991
1981
1971
1974
1965
1969
1964
1969
1959
1955
1951
1947
1951
1949
1948
1940
1933
1944
1943
1931
1936
1944
1934
1935
1941
1937
1947
1941
1955
1948
1961
1956
1965
1966
1960
1963
1975
1979
1983
1977
1991
1989
1977
1995
1981
1993
1983
1992
2001
1995
1995
1989
1980
1973
1987
1983
1979
1979
1963
1967
1968
1965
1957
1961
1957
1949
1949
1949
1944
1951
1948
1956
1951
1953
1961
1965
1966
1967
1973
1982
1982
1993
1990
2005
2000
2004
2014
2023
2023
2036
2039
2053
2047
2057
2057
2056
2071
2071
2072
2072
2069
2069
2067
2080
2076
2072
2075
2063
2071
2063
2062
2063
2060
2059
2055
2044
2053
2043
2036
2028
2031
2033
2029
2024
2024
2019
2024
2023
2021
2023
2027
2035
2029
2036
2043
2042
2041
2047
2066
2056
2065
2063
2073
2076
2081
2089
2083
2093
2085
2099
2093
2103
2101
2100
2103
2101
2101
2103
2099
2101
2095
2102
2100
2087
2094
2086
2071
2078
2075
2073
2073
2070
2067
2051
2059
2053
2057
2038
2035
2043
2040
2037
2028
2041
2043
2042
2039
2036
2034
2051
2041
2035
2057
2063
2059
2067
2062
2057
2063
2063
2069
2075
2067
2079
2077
2072
2079
2073
2075
2073
2075
2071
2072
2073
2072
2067
2063
2043
2068
2048
2065
2040
2055
2039
2043
2039
2039
2053
2053
2027
2037
2029
2029
2039
2037
2031
2041
2031
2022
2043
2040
2043
2035
2055
2040
2041
2057
2054
2048
2063
2063
2063
2061
2072
2067
2068
2067
2071
2060
2066
2067
2065
2069
2071
2067
2066
2059
2063
2056
2063
2060
2057
2041
2053
2055
2040
2035
2044
2041
2051
2039
2056
2041
2036
2037
2051
2041
2057
2043
2041
2047
2055
2063
2053
2054
2063
2077
2065
2069
2085
2083
2085
2088
2085
2087
2090
2089
2106
2104
2101
2096
2099
2103
2106
2107
2099
2115
2092
2106
2102
2091
2089
2091
2086
2089
2083
2078
2085
2073
2074
2063
2059
2047
2055
2053
2035
2041
2031
2040
2029
2028
2031
2025
2024
2031
2023
2024
2031
2028
2027
2033
2029
2044
2040
2060
2063
2066
2077
2073
2071
2087
2096