2090
2018
2020
2089
1981
2074
2009
2024
2069
2072
2057
2005
2071
2019
2023
2002
2065
2072
1989
1983
2056
1995
2095
2075
1998
2001
2071
2118
2067
2088
1955
1997
2038
1976
2023
2063
2095
2065
1971
2012
2079
1999
2005
2078
2053
2043
1999
1994
2047
1971
2071
2067
2003
2072
2045
1974
2056
2078
1993
2094
2063
2024
2007
1991
2019
1981
2017
2063
2073
1987
2064
2039
2063
1979
2068
2004
1997
1989
2001
1992
2068
1971
1971
2015
1981
2076
2087
1947
2019
2072
2053
1989
2073
2052
2063
2086
1989
2073
2047
1993
2067
1971
1981
1965
2027
1993
2101
2104
2053
1981
2039
1983
2013
2092
2006
2091
2024
2012
2078
1963
2029
1959
2011
2024
1979
2019
1982
2001
2036
2016
2023
2067
2030
2039
1976
2041
1999
1993
2043
2010
2035
2019
1975
2041
2027
2028
2040
1963
2081
2036
2059
1987
1945
2016
1961
2056
1977
2048
2065
2071
2088
2017
2022
2055
2025
1980
2000
2011
1971
2026
1987
2053
2016
2019
1981
2061
1967
2053
2067
1957
2007
2056
1939
1940
2032
1949
1963
2045
2057
2065
2055
2024
2022
1992
2055
1949
2031
2053
1961
1983
2016
1943
1976
2003
1987
2007
2017
1951
2059
1981
1979
2028
2039
2071
1964
1925
2032
2024
1977
2091
1979
1961
2016
1981
1995
1970
2077
2040
1999
2033
2024
2072
2055
1981
2047
1991
2063
1963
2035
2087
2022
1969
1967
1979
2009
2039
2035
1964
1971
2013
1979
2002
1995
2001
2021
2071
2072
2027
1991
2013
2039
2078
2080
2009
1971
2043
1999
1965
2024
2072
1989
2067
1950
2029
2063
2036
1976
1994
2058
2091
2073
2076
2053
2077
1976
2034
2003
2071
1965
2115
2045
1989
2075
2063
2037
1987
1989
2096
2060
2005
2027
1943
1995
2072
1993
2067
2073
2082
1979
1971
2039
2023
1977
2039
2030
2063
2007
1989
2088
2107
2047
1977
2093
1997
2007
2035
2074
2007
2017
1996
2043
2109
1981
2111
2117
2001
2081
1967
2029
2040
2021
2077
1989
2011
2081
2029
2043
2057
2059
1997
2063
2038
2105
2027
1979
2063
2027
2040
2122
1998
2063
2001
2076
2075
2091
2076
1977
2101
1999
1999
2003
2094
1989
2045
2088
2063
2075
2113
2075
2083
2055
2036
2084
1992
2078
2017
2071
2037
2095
2047
1953
2080
2023
2011
1979
2026
2017
1963
2077
2035
2087
2072
2054
1991
2036
2071
1981
1990
1975
2011
2060
2030
2031
2077
2024
1991
2007
1960
2072
2044
2064
2057
2004
2046
2063
2072
2031
2059
1979
2032
1976
1940
2007
2089
2005
2059
1943
2027
2023
2064
2024
2065
2013
1974
2064
2068
2044
2045
1965
2063
1991
2088
1996
2045
1960
2044
2024
2037
2089
2053
1993
2001
1976
2075
2041
2044
1971
2040
2028
2024
2032
1971
1983
2041
2041
2053
2037
2024
1957
2009
2041
2080
2014
2013
2063
2022
1941
2058
2004
2069
1992
2043
1976
1989
2063
2067
1975
2035
2063
1943
2032
2060
1992
2030
1971
2058
2008
1987
2009
1959
1976
2075
1971
2095
1955
2016
2044
2039
2007
1973
2079
2004
2013
2043
2076
1987
2017
1983
1995
2071
1988
2021
1961
2027
2016
2009
2056
2067
1992
2023
1995
2009
1957
2023
1939
1964
1991
2078
1975
2059
2009
2064
1993
1979
1973
2071
1981
1976
2035
2006
2065
2019
2017
2003
1995
2055
2035
2059
2018
2035
2008
2007
2032
2074
2023
1949
1975
1949
2029
2020
2056
2065
2055
1993
1992
1995
2043
2040
2001
2027
1979
2077
2032
2089
2043
1987
2063
2048
1993
2023
1939
1994
2011
2007
2056
2072
2069
1981
1981
2067
1995
2101
2016
1972
1997
2048
2095
2060
2060
2069
2011
2023
2063
2011
2023
2029
1963
2072
2067
2029
2003
2074
2029
2019
2071
2074
2068
2035
2068
1963
2063
1971
1965
2076
2102
2076
2065
2016
2053
2077
1997
2042
2095
2008
2091
1984
2016
1965
2043
2007
2037
2071
2060
2007
2067
2075
1959
2067
1999
2025
2017
2083
2092
2076
2041
1953
2078
2047
2071
2092
2072
2041
2007
2041
2029
1983
1993
2090
2044
2011
1944
2060
2090
2102
2063
2004
2007
1973
1989
2027
2025
2072
2031
2032
1995
2027
2065
2082
2048
1960
1999
2035
1987
2010
2055
2045
2060
2031
2033
2067
2067
2045
1991
2079
2046
2039
2096
1979
2038
2020
1975
2034
2040
2007
2087
1961
2029
2011
2031
1982
2041
2011
2076
2021
2084
2090
2036
1976
2041
2094
2069
2022
2068
2044
2073
1981
2024
2063
1995
2097
2075
2084
2014
2071
2024
1987
1983
1979
2039
2047
2085
2002
2081
2047
2040
2078
2074
1990
2067
1957
2004
1975
2097
2081
1959
2048
2023
2011
1981
2069
2011
2074
2009
2040
1979
2067
2008
2057
1961
1974
2020
1995
2027
1979
2080
1955
2072
1992
2107
2003
2088
2031
2031
1964
2065
2066
1992
2025
1977
2035
1967
2061
2023
1992
2046
2087
1987
1981
1977
2063
1996
2053
2032
2071
2019
2100
2080
1991
1916
2056
1955
2031
2041
2019
2078
1983
2040
1947
2069
1990
1971
1961
2063
2048
1967
2029
2021
2061
2023
1967
2088
1979
2095
2042
2029
1971
1989
2069
2089
2072
2048
2012
2090
2012
2057
1992
2028
1978
1964
2063
1969
1995
2061
2032
2043
1964
2021
1981
1983
1991
1973
2027
2085
2052
1991
2057
2044
2066
2028
1953
1941
2013
1987
1948
1991
2035
2032
2038
1971
1976
2039
2057
2081
2016
1917
2033
1997
2037
2057
1993
1987
2045
1979
2068
1977
2064
1987
2088
2003
1971
2021
1949
2078
2015
2047
1977
2075
2036
2044
2074
2019
2089
2034
1975
1996
2063
2027
2057
1989
2009
2041
2053
2013
1972
2029
1981
2040
2038
2069
2063
2056
2056
2063
2011
2059
2023
2021
2060
2087
2040
1993
1991
2035
1995
2048
2005
2093
2091
2057
1991
1944
2093
2056
2042
2083
2071
2017
2075
1961
1964
2056
1983
2035
2055
1991
2015
2093
1989
2027
1973
1991
2053
2027
2001
2045
2017
2106
1967
2026
2007
2039
2073
2023
2083
2079
2065
1995
2059
1943
1963
2081
2079
2043
1995
2112
2085
2035
2039
2032
2028
2073
1980
2019
2041
1995
2093
2003
2043
2071
1992
2089
2099
1965
2037
2056
1979
2029
2035
1955
2070
2008
1997
2007
1983
1970
1987
2020
2021
2079
1981
2009
2045
2019
2031
1967
1967
2080
2065
2012
2033
2058
2036
1987
1991
2096
2089
2108
1977
2065
2071
2015
2044
2025
1951
2063
1961
2040
2091
2027
1961
2039
1980
2069
1981
1979
2040
2089
2041
2077
2039
2055
2055
2057
2028
1966
2025
2028
1960
1965
2031
2099
2011
2101
1975
2025
2071
2012
2091
1991
1997
2048
2035
1957
2036
2069
1995
2032
1995
2024
1993
2088
1939
1975
2011
2085
2011
2079
1989
2092
1991
2031
1999
1975
1948
2007
2087
2091
2004
2069
2037
2059
2024
2066
2071
1976
2056
1981
1965
2056
2082
2027
2072
1947
1998
2003
2060
1957
2029
1967
2066
2056
1989
2055
1995
1983
2056
2007
2048
2035
2081
2009
2030
2060
2084
1977
1981
1995
1991
1998
1981
1974
2073
2071
1965
2004
2058
2093
2053
1947
2040
2028
2038
1973
1991
2071
2069
2074
2035
2039
2037
2004
1947
1987
2011
1978
2029
2023
2040
2058
1973
2075
2021
2001
2009
2014
2073
2029
2036
2097
2028
2037
2017
1997
2048
2051
2051
1977
2060
1961
2044
2056
2073
2019
2069
1987
2019
1965
2015
1981
2035
1965
2013
1997
2028
2039
2088
1997
2027
2044
2063
2063
1975
1945
1933
1991
1996
2054
1975
1964
2035
1967
2010
2070
1961
2017
1977
2023
2068
1957
2101
2061
2027
2063
1975
1973
2103
1975
2082
1977
2004
2052
2035
2063
1979
2006
1967
2053
1993
2003
1963
2085
1981
1949
2072
2005
2026
2080
2032
2005
1979
1979
2071
1971
2065
1995
2079
2031
2022
2063
2045
2076
2040
2091
1973
2039
2057
1957
2027
2072
2035
2027
2032
2065
1967
2060
2031
2073
2001
2053
1963
2028
1945
2043
2027
2075
2037
2058
2011
1997
1991
1995
2063
1961
1993
2073
2077
2041
1991
1971
1975
2057
2120
2008
1995
2032
1967
2087
2017
2043
2084
1990
2068
1972
2074
1981
2060
1987
2024
2037
2091
2046
2032
2075
2065
2065
1963
2045
2019
2060
2087
2040
2071
2005
2008
2009
2076
2073
2073
1949
2066
1981
2057
2063
2039
2095
2002
2105
1989
2043
2065
2003
2081
2009
2026
2007
2009
2040
1951
2090
2041
2011
2075
1996
1992
2104
2063
2081
1956
2023
1949
1982
1969
2080
2035
1989
2093
2059
2001
2071
1969
1979
1992
2091
2013
2075
2028
2056
2058
2068
2037
1993
2051
2080
1995
2090
1991
2029
2035
2035
2055
2056
2068
1994
2040
1978
2080
2003
2055
2043
1974
2063
2033
2089
2063
2071
2069
2072
2070
2040
2029
2094
2003
2068
2013
2075
1997
2099
2005
2002
2087
2017
2076
2088
2071
1987
2039
2015
2067
2071
2063
2076
2043
2057
2005
2068
2005
2012
2002
2023
2031
2059
1993
2069
2009
2080
2031
1989
1971
2059
2075
2017
1991
1973
2019
2048
1975
1997
2056
2029
1966
2086
2017
2063
1953
2017
1991
2041
1979
2019
1999
2037
2048
1996
1991
2045
1995
1972
2065
2039
1972
2073
2003
1993
2056
2031
2063
1987
2086
2000
1977
2065
1956
1997
2021
1979
1979
2044
2069
1975
2016
1997
2015
1973
2023
2092
2040
1992
1963
1955
2063
1989
2028
2047
1971
2056
1957
2039
1955
2063
1983
2020
1929
1998
1957
2051
2092
1973
1997
1993
2031
2039
2056
1930
2039
1963
1980
2044
1994
1959
2032
2067
2074
2080
2003
2038
1942
2084
2045
1987
2069
2011
1961
2055
2024
1991
2057
2057
1983
2028
2027
2035
2023
2069
1983
2063
2029
2017
2005
2081
2024
2045
2035
2067
1977
2053
1995
2068
1987
2031
2036
2040
1973
1987
2091
2076
2077
1976
2021
2058
2001
2024
1957
1981
2010
2043
1973
1971
2025
2065
2067
2085
2044
2083
2001
2043
2093
2067
2043
2029
1995
2020
1949
1965
1991
1963
1979
2085
2015
2056
2045
2073
2066
2024
2045
1981
2013
2053
2037
2028
2011
2031
2023
2080
1975
2073
2065
2076
2057
1977
2037
2000
2056
2001
1987
1947
2082
2031
2073
2055
1976
1983
1996
2099
2059
1988
2027
2040
2063
1979
2067
2028
1954
2080
2002
2029
1993
2072
2055
1992
2075
2016
2063
2035
2059
2039
2013
2046
2011
2063
2003
2008
2085
2013
2057
2075
2051
2067
2071
2082
1957
2065
1996
2075
1971
2055
2020
2071
2066
2087
2045
1981
2077
1997
2083
2041
2025
1976
1981
2026
2088
2001
2007
2072
2029
2077
1991
2085
2056
1983
2021
2055
2024
2058
1963
2063
2036
1972
1987
2055
2005
2016
2028
1995
2029
2060
2070
1976
2026
2027
1997
2021
1971
2043
2071
2032
1969
2039
2003
2081
2023
2036
2048
2017
2075
2003
2035
2029
1994
2040
2059
2056
2028
2079
2072
1993
2087
2005
2071
2001
2069
2063
2028
2046
1979
2019
2048
2005
2090
2032
2057
2088
2007
2085
2075
2033
2071
1983
2026
2025
2055
1975
1993
2071
2021
2053
2048
2029
2057
2069
2103
2041
2039
2083
1981
2092
2031
2072
2039
2032
2089
2005
2092
2075
2093
1977
1979
1979
2075
2031
2056
2030
2039
2099
2066
1987
1972
2068
2070
2022
2055
1987
2045
2091
2016
2023
1983
2055
2092
2016
2029
2001
2073
1975
2033
1981
1995
1971
2011
2059
2071
1961
2024
1965
2043
2064
1993
2061
1976
2085
2040
2009
2069
2003
2027
1967
1975
2055
2092
2017
2048
2075
2072
2026
2071
2003
2068
2035
1975
2063
2040
2075
1993
2039
2056
2016
2037
1992
2009
2063
1999
1989
1959
1964
1973
2003
2077
2004
1956
2038
1963
1949
2011
1978
1969
1961
1981
2018
1941
2063
2019
2029
2027
2043
2041
2045
2032
1995
2013
1989
1966
2085
2080
2063
2071
2087
1979
2039
1973
2013
1973
2009
1983
2059
2003
1964
1967
2095
2098
2028
2013
1955
2071
2040
2002
2023
2017
2084
2071
1973
1991
2027
1976
2060
1933
2031
2057
2056
2035
2043
1967
2038
1992
2055
2023
2046
2024
2045
2048
2045
2011
2072
2046
2003
2036
2005
1959
2069
2043
1981
1963
2029
2059
2104
2051
2051
2040
2094
1992
1991
1961
2063
2086
1988
2063
1989
2019
2053
2016
2041
2051
2067
2011
2007
2035
2029
2073
2045
2001
1965
2045
2007
2037
2040
1943
2057
2053
2031
2040
2067
1987
2041
2094
2063
2091
2039
1969
2015
1973
2030
1980
2021
2029
1957
2041
2031
2027
1974
2033
2039
1990
2068
1975
2008
2019
2042
1989
2091
2074
2062
2002
1991
1991
2076
1971
2079
1973
2011
2077
2015
1997
1965
2002
2063
2073
1995
2026
2075
2097
2068
2083
2079
2035
2011
1983
1983
2055
2007
2075
2044
2080
2025
1972
1963
2092
2071
2079
2004
2063
2043
2070
1995
1965
1987
2083
2011
2100
2056
2071
2043
2004
2010
2097
2027
2043
2008
2075
2067
1943
2082
1974
2068
2100
2009
1977
2083
1979
2027
2001
1959
2044
1975
2080
2043
2087
2063
2008
2005
2006
2004
2072
2013
2011
2056
2063
1962
2066
1987
2068
2053
1989
2057
2016
2063
1989
2075
1957
2064
1980
1958
1973
2067
2083
2037
2069
2071
1957
2007
1997
2059
2065
2071
2047
2032
2008
2067
1997
1954
2002
2051
1975
2024
2077
2019
1975
2101
2003
1997
2030
2011
2032
2045
2038
2037
2044
2102
2023
2067
1994
2012
2076
2072
2085
2068
2022
2036
2029
2065
2039
2024
2072
2091
2038
2090
1973
2084
1951
1983
1955
2021
2032
1959
2029
1979
2054
2075
2055
2047
2048
2017
2083
2055
2100
2053
1974
2041
2057
2046
2012
1955
1989
2063
2024
1967
2001
2054
2067
2008
2060
1975
2043
2027
1975
2025
1960
2037
1961
2043
2005
2073
2072
2053
2044
2075
2009
2071
1997
1931
2041
1975
1977
2090
1966
2053
2040
2067
1967
1987
1995
2076
2055
1979
2031
2061
2065
2036
2063
2039
2040
2074
2083
1977
2043
1991
2037
2041
1955
2071
2068
2053
2071
2025
1975
1994
1987
2043
2073
2063
1963
2024
1975
1939
2029
1981
2056
2021
2031
2041
2024
1943
2072
2060
1997
2065
2099
2019
1979
1995
1971
2048
1947
2074
1957
2053
2029
2010
2080
2010
2044
2043
2013
1925
2023
1987
1995
1949
2005
2027
2044
2007
1987
2031
2055
1980
2003
2053
2089
2057
2052
2067
2003
2008
2011
1962
2099
1979
2073
2013
2024
2079
2055
1944
1989
2016
2057
2011
2085
2036
2023
2000
2025
1997
2003
1973
1987
2078
2033
1993
2040
1997
2032
1961
2013
2063
2072
2034
1989
1993
1995
2059
2067
2002
2043
1978
2055
2075
1981
2071
2088
2005
2067
2038
2003
2073
1988
2025
2032
2076
1967
2007
2063
2052
2036
2037
2091
2031
2085
1963
2067
2032
2032
2033
2087
2040
2031
1953
2021
2046
1969
2066
2043
2089
2007
2076
2088
2087
2065
2040
2055
2009
2003
2003
1993
2016
1959
2085
2036
2096
1981
2031
2091
2027
2055
1997
2007
2032
2073
2001
1989
2085
1993
2087
1995
2012
1959
1979
1972
2009
2077
1979
1992
2071
2075
2035
2068
1990
2060
1977
2091
2058
2069
2005
2027
2035
2011
2003
1991
1999
2063
2019
2078
1991
2039
2092
2089
2079
2101
1975
2002
2088
2015
1979
1977
2021
2087
2029
2003
2043
1992
2055
2040
2015
2003
2024
2016
2056
2060
2102
1979
1973
2071
2037
2040
2075
2077
2073
2066
1991
2019
2058
1989
2065
2038
2009
1946
1962
2021
2086
2046
2093
2060
2041
2085
2044
2043
2031
2055
2071
2065
2027
2089
2072
2069
2025
2020
2083
1997
1959
2072
1940
2059
2054
2060
2040
2043
2011
2027
1992
2060
2058
1987
2023
1999
2009
2032
2011
2002
2045
2001
2073
2061
2039
2007
2067
2009
2007
2021
2119
2077
2037
1999
2021
2076
2002
2077
1987
1982
1971
2082
2019
2099
1981
2043
1979
2087
2063
2043
1988
2040
1960
2058
1987
2035
2012
1955
2083
2031
2008
2116
1993
2074
2079
2046
2057
2071
2073
2040
2077
2088
2035
2037
2082
2064
1979
2011
2077
1979
1997
1997
2027
2047
2003
2057
2008
1947
2059
2056
1975
2057
2040
2029
2067
2005
2052
2010
2005
1973
2084
1996
2075
1991
2056
2039
1961
1961
2082
2044
2046
2023
2065
2067
2037
2097
2011
2073
2009
2101
1961
2071
2058
1933
2067
1995
2067
2024
2012
2013
1989
2080
1989
2001
1957
1967
2032
2084
2039
2001
2067
1991
2065
1997
2027
2017
2034
2007
1961
2041
2027
2059
2059
2038
2016
1989
1959
2027
2057
1993
2096
2046
1991
2037
2056
1987
2071
2033
2033
2023
2040
2019
2083
1955
2071
2063
1964
2059
2023
1964
2027
2019
2009
2059
2028
1960
2074
2012
1971
2072
2009
2063
1971
2057
2056
2080
2042
2009
2065
2085
2068
1989
2073
2039
2005
2071
2011
1992
2041
2039
2087
2002
2002
2023
1983
2069
2108
2076
2013
2010
1988
2011
1993
2088
2026
2074
2019
2063
2041
2044
1991
2037
1989
2044
2034
2032
2037
1975
2036
1959
2063
2011
1971
1991
2053
2063
2064
2040
1989
2084
2075
2021
2080
2084
2048
1973
2035
1993
2075
2015
2055
1983
1994
2059
2063
2005
2044
2020
1981
2025
2039
2047
2083
2082
2010
2103
2069
2063
1949
2063
2043
2011
2088
2063
1955
2073
2067
1980
1973
2032
2003
1965
2007
1979
2072
2077
2033
1977
2057
2040
2003
2088
2057
2053
1993
2083
2023
2069
2088
1989
2077
2013
2052
2009
1963
2058
2096
2031
2003
2055
2017
2007
2077
2065
1995
1967
2064
1995
2064
2046
2035
2044
1955
2058
2061
2032
2025
2024
2043
2077
2011
1965
2009
2052
2083
2053
2053
2048
2039
2044
1947
1989
2044
2044
2031
2087
2099
2073
2039
2041
2029
2025
1997
2055
2042
1996
2035
1991
2103
1981
2087
2020
2063
2015
1991
2023
2013
2007
1997
2081
1993
2040
2077
2035
2045
2093
2039
1955
2015
2001
2071
1969
2031
2026
2011
2041
2015
2029
2067
2029
1959
1973
1980
1957
2084
1963
2040
2041
2019
2015
1981
2009
1971
2031
2009
2076
2057
1990
1955
2075
2075
1983
2025
1991
2072
1961
1955
2043
2035
1965
2055
2055
1993
2029
2035
2087
2009
2053
2062
2001
2055
2005
2035
2027
2007
2009
2075
2048
2067
1949
2040
2066
2075
2080
2009
1981
1979
2093
2071
1991
1989
2029
2016
1963
1963
2057
1963
1977
2063
2040
2039
1995
2063
2040
2080
1981
2072
2069
2071
2027
1992
2037
2016
2023
2028
1919
2034
2032
2066
1965
2104
1991
2056
2072
2039
2002
2059
2029
2044
1975
2007
1997
2023
2059
2003
2035
1966
2043
1979
2083
2059
2056
1995
1959
1924
2059
2064
1982
1981
2048
2019
2028
2007
1993
2027
1971
2065
2063
2004
1972
2084
1931
1996
2019
2001
2071
2077
1977
2060
2007
1959
1980
2079
2007
1971
1955
2080
1973
1955
2011
2069
1963
2054
2067
2037
1965
2093
1973
2048
2047
2060
1975
1965
2073
2067
2043
1987
2017
2098
1955
1987
2043
2088
2063
2058
2039
1971
2029
1981
2065
1979
2092
2063
2065
2053
1997
2003
2040
2027
2043
2068
2011
1989
1960
2080
2029
2071
1971
2028
2007
2039
2005
2083
2036
1955
2071
2080
2041
1963
2101
2116
2007
1989
2079
2061
2056
2031
2035
1980
2080
2063
2003
2102
2016
1978
2070
2076
2009
1971
1981
1991
2031
2035
2068
2003
1993
2075
2039
1991
2063
1981
1997
2028
1981
2035
1987
2066
2019
2023
1997
2044
2042
1997
1971
2080
1999
2039
1973
1991
2017
2021
1995
2097
1955
2024
2059
2003
2043
2064
2064
2073
2001
1971
2066
1977
2083
2011
2067
1988
2088
2001
2003
2007
2085
2005
2046
1947
2007
2068
2031
2087
1982
2107
1997
2029
2028
2003
1995
2066
2022
1977
2057
1976
1976
2072
2003
1999
2032
2025
2011
2054
2067
2095
2009
1989
1983
2074
1993
2012
2081
2074
2014
1975
2076
2059
2091
2026
2097
2112
2027
2035
2031
2034
2041
2088
2056
1979
2093
2075
2072
2027
1991
1989
2071
2065
1983
2067
2072
2039
2013
2010
1967
2027
2040
2013
1971
1999
1979
1976
2063
2025
2077
2030
1977
1958
2100
2031
2072
1975
2011
1939
1987
2073
2058
2065
2068
1975
2023
2041
2027
1997
2072
1962
2035
2063
2063
2080
2038
2077
1976
2024
2074
2025
2035
2021
2055
2032
2016
2001
2080
1993
1949
2067
2043
1989
2075
2058
1995
2032
2023
2055
2042
1980
2056
2045
2033
1981
1983
2057
2071
2068
2043
1947
2032
2041
2079
2052
2032
2072
1993
1974
2039
2024
1989
2008
2031
2089
2024
1973
2059
2042
2057
2032
2022
2071
2023
2011
1999
1991
2040
2005
2075
2079
2068
1957
2069
1963
2035
1988
1951
2028
1992
2039
1988
2033
2104
1987
1995
2017
2077
1975
2028
2013
1977
2057
2048
2029
1943
2037
2063
2029
2008
2047
2057
1977
1957
2048
1961
2066
2001
1961
1999
1965
2041
2094
2040
1979
1965
2012
1996
2057
1961
1995
2075
1979
2085
1967
1992
1989
2070
2008
2041
1993
1973
2065
2087
1962
2013
2007
2071
2089
2037
2001
1995
1992
2038
2069
1987
1976
1946
2069
1995
2066
2075
2041
1987
1973
2039
2027
2034
2003
2083
2072
2012
1971
2029
2079
2028
2056
2003
1972
1995
2053
2072
1961
2083
1993
2014
2071
2009
2059
1973
2003
2003
2058
1959
2040
2055
2029
1989
2025
2029
2025
2019
2035
1977
1987
2019
2065
2037
1955
2059
2075
2060
2072
1981
2086
1957
2072
1976
2013
2101
2057
2041
2063
2075
2040
2080
1967
2032
2069
2085
1987
2067
2047
2091
2056
2007
2032
2063
1981
2073
1971
2087
1969
2028
2037
2064
2035
2015
2020
2027
2069
1975
2027
2013
2053
2105
2094
1979
2019
2043
2009
2031
2029
2024
2055
2029
2017
1977
2063
2099
2063
2024
2025
2103
2005
2071
2071
2040
2055
2087
2056
2075
2033
1993
2083
2007
2029
2075
2029
2083
2088
2060
1951
2008
2012
2008
2041
2088
2045
2021
2023
2057
2022
2063
2017
1992
2016
2007
2020
1981
2079
1989
2029
1997
1970
2089
2080
2027
2083
2035
2085
2063
2027
2063
2039
2073
2032
2031
2024
2016
2039
2021
2084
2064
2011
2069
1963
1963
2077
2006
2037
2040
2075
2016
2011
2035
2007
2028
2057
2087
2035
1984
2003
1954
1992
2075
2056
1981
2072
2021
1996
2076
2041
2054
2058
2053
2041
2023
2003
1977
2058
1973
2025
2090
2063
1971
1971
1965
2068
1959
1989
2031
2043
2079
2003
2031
2056
2004
2057
2067
1993
2036
2002
1995
2085
2048
1993
1989
2039
2085
1963
2032
1947
2001
2046
1989
2095
2077
2093
2011
2072
1950
2053
2009
2037
2099
1993
2072
2003
2055
1997
1973
2066
2005
2077
2034
2027
2099
2039
2065
2077
2073
2077
2068
1979
2063
2031
2088
2054
1977
2063
2013
2060
2073
2044
2067
2024
1993
1995
2042
1981
2037
1995
2078
1995
2058
2070
2091
1993
2057
2099
2065
2072
2054
2028
2040
2053
2073
2007
2011
2064
2063
2007
2055
2056
2008
2032
1977
2044
1981
2039
2009
2068
2024
2021
1943
1963
2057
2021
2009
1974
2017
2086
2088
2030
1987
2012
2081
2040
2065
2059
2085
2053
2026
2023
2012
2019
2076
1963
2008
2016
1957
2021
2067
2020
2056
1959
2036
2035
2008
1989
2027
2045
2101
2025
2071
2043
2063
2030
1991
2023
2074
2003
2063
2087
1979
1995
2048
2035
1977
2027
1973
2041
2045
1988
2066
1973
1998
2056
2015
2006
2003
2040
1981
2004
2103
2090
2059
1995
1967
2036
2025
1992
1993
1997
2009
2008
1969
2087
2005
2003
2036
1977
1980
1973
2074
2028
2003
2066
2052
1961
2055
2065
2043
2057
2014
2015
1982
1970
2079
1960
2067
2017
1966
1995
2007
1973
1939
1937
1997
2058
1963
2043
2053
1989
2040
2027
1981
2045
2015
2084
2011
2063
2075
2013
1973
2043
1992
1989
1999
2076
1979
2021
2091
1979
2072
2027
2063
2001
2088
1965
1951
2031
2011
1951
2043
2084
1975
2065
2043
2053
2032
2015
2106
2007
1996
2023
1998
2063
2007
2079
1973
2027
2027
1979
1991
1969
2029
2033
2136
2037
2005
2057
1981
2073
1944
2035
2094
2093
1997
2092
1981
2054
2104
1959
1955
2075
1975
2068
1968
1990
2020
1969
1991
2009
1979
2072
2071
2024
2024
1975
2055
1987
2013
2071
1975
2032
1969
2003
2029
2071
2097
2035
2041
1991
1993
1957
1971
2048
1997
2080
2056
2067
2054
2040
1971
2033
1971
1995
2059
2071
1989
2063
1991
2089
2073
2019
2063
2047
2016
2056
2048
1991
2040
2060
1965
1977
2077
1964
1928
1993
1991
2092
1976
2071
2029
2047
2065
2035
2066
2032
2053
2033
2039
2064
2037
1973
2075
2032
1997
2087
1991
2018
2095
1989
1977
2090
1989
1981
2056
1967
2077
2031
1995
2045
2079
2045
2073
2060
2026
2006
1975
2048
2093
1957
2036
2091
2001
2032
1977
2003
2068
2043
2022
2072
1977
2043
1991
1995
2089
2044
2065
2001
1995
2019
2017
1947
2090
1977
2060
1992
2016
1960
1961
2023
2079
1993
2040
2087
2057
2002
2066
2044
2057
2059
1969
2055
1991
2063
2059
2033
2044
2067
2023
1947
1997
2017
1993
2044
2016
2029
2047
2084
2038
1998
2009
2038
1989
2055
2068
1979
2025
2071
2007
2009
2031
2037
2044
2065
2077
1995
1971
2022
1993
2080
2063
1995
1979
2078
2057
1961
1991
1947
2083
2017
2077
2040
2024
2091
1979
1965
2058
1977
1987
2057
2045
2068
1963
2065
2011
2039
2093
2005
2075
1992
1981
2060
2062
2013
2073
2063
1979
2070
1990
2029
1981
2046
1959
1957
2023
1959
1933
1975
1981
2048
1983
2032
1991
1961
2055
2048
2023
2074
2019
2073
2016
1963
2035
2044
2089
2071
1943
2078
2009
1983
1997
1995
1970
2036
2048
1996
2019
2063
2073
2027
2007
2027
2041
2054
2063
2072
2033
2009
1997
2011
2078
1971
1961
1997
2024
1977
2023
2081
2025
2029
2001
1981
2056
2023
2075
2027
1964
2078
2063
2075
2005
2110
2062
1998
2037
2057
2060
1991
1944
2027
1951
2074
2003
2038
2021
2044
2001
2025
2023
1971
2023
2040
2075
1993
2045
2000
2035
1981
2088
2076
2021
2055
2062
2028
2080
2092
2085
2043
2001
2063
1979
2061
2088
1973
1959
2060
1981
2032
1993
2083
2083
1980
2071
2106
1980
2007
2041
1971
2067
1989
1955
2079
2071
1966
2072
2069
1976
2094
2064
1981
2035
2075
2079
2099
2073
1985
2075
2009
1955
2024
2089
2085
2064
1973
2066
2053
1971
2017
2001
2040
2017
1959
2063
2084
2033
2012
1993
2023
1983
2037
2009
2003
1979
2040
2063
2060
2063
1983
2017
2041
2055
2064
2029
2072
2058
2009
2055
1979
1989
1979
1980
2063
2083
1981
1964
2083
1971
2063
2029
2097
2019
2009
1995
2083
2063
2036
2005
2035
2071
2003
2058
2063
2029
2072
1995
2077
2091
2026
2075
2055
1963
1954
2031
2041
2087
2059
2041
2007
2080
2089
1980
2001
2008
2052
2068
2044
1983
2000
2053
2063
2046
1979
2030
2073
2066
2080
2091
2073
2005
1999
1981
2063
1963
1969
2075
2066
1976
2067
2090
2007
2063
2029
2100
2079
2021
1957
2029
2094
2031
2074
1974
2067
1989
2068
2045
2019
2013
2000
2055
2074
1979
2083
2043
1988
2031
2059
2069
2044
2035
2053
1965
2056
2025
2072
1981
1950
2065
2080
2039
1976
2040
1955
2056
1997
2065
2060
1971
2081
2047
2065
2015
2018
2045
1971
2055
2001
2005
2024
2055
1964
2029
1947
2057
2051
2059
2072
2034
1981
2066
2009
2009
2011
1977
2037
2039
2044
2003
1961
2069
2033
2032
1989
2082
2088
2007
2035
2071
1977
1979
2031
2003
1963
1991
1965
1980
2086
2005
2067
2030
2013
2059
1987
2065
2004
2080
2021
2095
1967
1978
2035
2056
2040
1997
2096
2069
1993
1976
2067
2007
2008
1973
1987
2021
2047
1971
1999
1989
1975
1994
2020
2028
2011
2015
2087
2003
2008
1969
1966
2032
2021
2001
2055
2009
2072
2024
2041
2044
2054
1983
1971
2075
2039
2040
1995
2095
1976
2032
1957
1975
2076
2053
1989
2085
2067
1993
1978
2041
1959
1981
1987
2067
2071
2068
2023
2094
2019
2026
1957
2029
2063
2039
1989
2037
2070
2022
1991
2056
2040
1969
2025
2042
2067
2079
2011
2055
2039
2028
2025
1997
2075
2071
2045
2027
1957
1990
2087
2044
2077
2056
1999
1996
2058
2058
2061
2068
1955
1979
2043
1995
1961
2037
2084
2043
2037
1959
2011
2004
2055
2066
2093
1977
2073
1997
2077
1992
1982
2044
2098
1990
1975
2003
2017
2057
2060
2022
1963
2031
2063
2027
2057
1997
2002
2030
2042
1963
2044
2002
2075
2013
1957
2068
2024
2071
1989
1941
2024
2016
2073
2010
1973
2003
2069
1950
1995
2093
2077
2084
2045
2013
2015
1975
1995
2063
2016
1989
2029
2071
2063
1981
2028
2016
1999
2023
1967
2067
2043
2029
2042
2055
2074
1995
2031
2071
2078
1971
1961
2058
1961
2055
2074
1991
2008
1975
2001
2080
1995
2007
2048
2080
2065
2084
2005
1979
2063
2009
2061
2076
2041
2068
2069
2073
2013
2005
2023
2012
1992
1957
2053
2057
2036
2022
2073
2046
2013
2059
2047
2005
1993
2028
2039
2086
1979
2007
1989
2008
1977
1981
2099
2052
1959
2025
1986
2024
2083
2068
2112
1981
1981
1973
2024
2007
2065
2075
2009
1975
2039
2016
2067
2008
2009
1987
1996
2073
2005
2033
2071
2024
2005
2029
2048
2007
2104
2044
2017
2056
2021
2033
2085
2015
2037
2099
2001
2063
2019
2037
2048
1979
1976
2063
1957
2073
2080
2055
2016
2057
2045
2009
2068
1975
2091
2003
2021
2036
2041
1973
2088
2028
1959
2035
2013
1995
2011
2007
2083
2045
1957
2038
1951
2099
2057
2033
2066
2040
1971
2072
1979
2013
1965
2035
2071
2040
2032
2030
2020
2020
2009
2006
2029
2060
1972
2073
2016
2043
2036
2079
2059
1977
2054
1956
2063
2089
2061
2047
1975
2065
2065
2027
2031
2087
2007
2055
1953
2067
1981
2032
2025
2055
2041
2029
2013
2069
1939
2073
2075
2058
1965
1983
2028
2016
2005
1971
2013
1943
2103
2105
2064
1987
2019
1961
2009
2063
1994
1987
2037
1979
2013
1977
2043
2009
1983
1994
1964
2059
2026
1997
2057
2011
2055
2009
2056
1983
2039
2024
2076
1979
1971
1990
2063
1995
2074
1950
2071
2065
2005
2019
2067
2074
2037
2009
2008
1979
2010
1997
2073
2056
1963
2099
2055
2076
2018
1981
2028
1988
2023
1961
2071
2060
2039
2048
2003
2005
2002
2076
2040
2079
1975
2069
2091
2059
2015
2059
2022
1979
2019
1981
2043
2046
2043
2045
2039
1998
1991
2023
2046
2055
2047
1977
2045
2071
2055
2021
1975
1991
1967
2068
2073
2023
2027
2072
2039
1971
1988
2063
2019
2065
2040
2105
1999
2057
2085
1971
1976
1967
1982
1945
1993
2074
2063
2011
2073
2056
2063
2061
2085
2083
1972
1973
2039
1974
2017
2043
2032
2067
1981
2015
2063
1996
2028
2107
1983
2045
2008
2076
1955
1941
2041
2045
2025
2032
1989
1990
2056
2025
1988
2071
2075
1997
2078
2008
1949
2053
2065
2063
2011
2013
1965
2060
1957
2037
2094
1963
2032
2084
1997
2083
1965
2040
2089
2047
1966
2071
2024
1998
1959
2043
2059
2095
2009
2015
2063
2071
1999
2071
2041
2001
2035
2021
2005
2015
2003
2091
1947
1997
2043
2011
2063
2037
2043
2048
2057
2096
1995
1937
2044
2003
2090
2037
2003
2067
2059
1957
2067
1995
2007
1996
2007
2078
2039
1970
1959
2081
2009
2019
1983
1995
2005
2005
2063
2008
2033
2075
2037
2025
2082
2014
1989
2071
2021
1975
2071
2073
2036
2065
1993
2024
2035
2062
2019
2083
2056
2026
1995
1981
2064
1972
2074
1973
2030
2056
2066
2001
2031
1999
2080
1995
2028
1977
1966
1969
2029
2009
2077
2088
2040
2011
2036
2035
2009
1951
1974
2053
2062
2007
2083
2016
2074
1981
2037
1964
2085
2007
2072
1987
2065
2009
1991
2065
2001
2079
1997
2027
2092
2093
2067
2039
1979
2041
1933
2056
2023
2060
1969
2008
2069
2063
1994
2092
2091
2036
2043
2072
1991
2067
2029
2020
2008
2007
1979
1981
2001
2023
2003
2059
1973
1947
2024
1955
1981
2043
2024
1947
2067
1979
2007
1994
2071
2045
2072
2031
2013
2079
2044
2028
2043
2041
1995
2087
2015
2099
2078
2027
2027
2043
2088
1959
2035
1995
2059
2003
1979
2058
2032
2067
2063
1975
1999
2039
2055
2003
2045
2044
2030
2079
2028
2088
1983
2033
2070
1995
1966
1999
2063
2056
1993
2041
2016
2059
2057
2063
2026
1975
1997
2060
2013
2023
1971
2075
2063
2024
2043
2019
2053
2077
2025
2048
1989
1953
2071
2005
2075
1981
2037
2003
2067
2083
2071
1959
2054
2055
1971
2056
1983
2096
2088
2065
2063
2074
1973
2017
2009
2005
1997
2011
2099
2072
2080
2027
2033
1965
2019
2032
2105
2043
2017
2077
2027
1953
2092
2039
2057
2067
2059
2083
1992
2025
2054
2029
2048
1963
2081
2023
2105
2021
2045
2057
1979
2043
2055
1961
1978
2040
1967
1943
1977
2091
1963
1951
2088
2007
2009
1995
2068
2081
2039
2039
2087
2039
1995
2048
2007
2017
2064
2041
1977
2078
1947
2031
2001
2091
1973
2041
1979
2040
2008
2071
2065
1983
2043
2022
1979
2023
2045
2088
2091
2023
2043
1975
1959
2102
2031
2008
2028
2067
2048
1981
2021
1980
2008
2017
2040
2072
2073
2023
2082
2069
1995
1973
2071
2019
2037
1992
2024
2087
2054
1989
2025
2016
2012
2020
2103
2035
1972
2053
2017
1979
2002
1989
2094
2075
2027
1945
2056
2005
2078
2003
2040
2072
1959
2008
2075
2066
2093
2023
2016
2068
2015
2024
1981
2044
2031
1965
2058
1999
2016
2059
1971
2084
2063
1971
2089
2077
2048
2041
2070
2017
1989
2008
2060
1989
2063
1953
1971
2095
2075
2037
2077
2052
2075
2015
2039
2098
2071
2059
2093
2003
2083
2085
2021
2084
2027
1979
1991
2055
1989
1991
2043
1957
2011
2031
2048
2088
2005
2035
2059
2058
2024
2038
2089
1958
2001
2074
2031
2018
2063
2037
2072
1973
2027
2002
2077
2013
2031
2041
2013
2016
2041
2040
1939
2045
2043
2088
2045
2035
1991
1991
2001
2064
2083
2056
2089
2042
2040
2047
1957
2067
2068
2030
1964
1997
2075
2065
2074
2075
2013
1959
1955
2008
1969
2005
2028
1975
2084
2023
2025
2097
1993
2032
2063
2045
2036
1979
2013
2056
2005
2063
2022
2002
2077
1971
1995
2068
2076
2012
2028
2040
2063
2048
2023
2055
2015
1981
2016
1997
1979
2027
1981
1995
2066
2043
2003
2053
2027
2015
1977
2089
2074
2021
2063
1971
1995
2073
2031
2055
1977
2037
2000
1959
2059
2016
2067
1987
2009
1959
2037
2003
2061
2059
2043
2011
2078
1993
2052
2069
2019
2085
2057
2029
1964
2064
1991
2054
1991
1989
2030
2005
2044
1951
2001
2087
2016
2025
2041
1956
1972
2005
2071
2104
2033
2003
2063
1989
2076
2031
2064
2003
2047
2085
2087
2012
2079
2068
1989
1971
1979
2087
1951
2101
1999
2041
1981
2063
2033
1976
2095
1991
2067
1961
1996
2040
1971
1991
2043
2085
2039
2010
2064
2040
1977
2005
1969
2067
2093
2044
2001
1971
2021
2092
2045
2044
2068
2058
2043
2016
1969
2019
2008
2075
2011
2099
2058
2032
2073
2030
2073
2046
2034
1961
2044
1991
1992
2009
2044
1961
2072
2040
2077
2032
2070
2072
1973
2068
2043
2080
2024
2031
2007
2067
2093
2067
2033
1969
2007
2044
2009
2037
2039
2035
2069
2003
2059
2040
1975
2055
2048
1971
2032
2031
2011
1975
2053
2055
2031
2067
1963
2088
2001
1926
2065
2029
2055
2021
2022
2043
2040
2079
2041
2097
2021
2007
2032
2013
2059
2068
2017
2066
2027
2077
1996
2101
2071
1977
2033
2058
2028
2037
2073
1975
2053
2021
2054
1963
1971
2075
2044
2041
2037
2031
1983
2091
2072
1965
1993
2013
1965
2101
2059
2048
2013
2045
2024
2007
2053
2019
2087
2027
1973
1977
2063
2009
2073
1974
2001
2078
2035
2073
1997
2022
2067
1991
1965
2016
1999
1961
2053
1987
2042
2053
1977
2026
2088
1981
2001
2027
1983
1992
2006
2083
2046
2079
1949
2015
2056
2055
2001
2042
2031
2079
1973
2042
2044
1983
1974
1948
1943
2072
2027
2078
2016
1965
2031
2055
2063
2099
2029
1997
2069
2013
2016
1973
2011
1963
1993
1995
2100
2063
2043
2069
1961
2091
2060
1949
1983
2027
2022
2057
2011
1989
1972
2065
2012
2026
2096
2071
2060
2083
2063
2016
2004
2071
2083
1987
2044
2077
1991
2077
1994
1991
2058
2077
2044
2016
2037
2019
1953
2004
2035
1961
2035
2041
2011
2000
1965
1980
2058
2017
2017
2009
1993
1979
2016
2025
2057
2088
1957
2087
2058
1973
2066
1955
2047
2027
2077
2085
1991
1993
2067
1977
2013
1981
1979
1975
2042
2072
2023
2059
2027
2056
2081
1995
2065
2076
1979
1992
1965
2073
1961
2013
2032
2004
2075
2032
2063
1965
2069
2056
2058
2001
1930
2017
2067
2063
1989
2071
2033
2018
2041
1969
2078
2056
1997
2092
2001
2053
1959
2094
2035
2067
2020
1995
1963
2019
1975
2023
2020
1997
2083
1991
2059
2020
1969
2017
2063
2086
2038
2085
1959
2053
2072
2083
2031
2071
2055
2085
2032
2001
2039
2000
2007
2012
2035
1976
2040
2076
2019
2054
2027
2066
2041
2031
2056
1959
2071
2073
1993
1961
1961
2029
2045
1989
2017
2040
2027
2068
2019
2063
1971
1960
1995
2085
2074
2063
2032
2005
1983
1971
2052
2003
2011
1960
2077
2023
2008
2093
2077
1988
2080
1987
2016
2021
1975
2088
1988
2021
2085
1958
2023
2024
1987
1992
1977
1989
1959
2019
2001
2029
1982
1949
1989
1951
1979
2085
1994
2031
1977
2023
2027
1975
2042
1989
2029
1991
2024
2036
2056
2038
1959
2037
2027
2092
1989
2005
2034
2071
2055
2083
2023
2029
2087
2064
2027
2016
1971
2044
2043
1981
1995
2057
2021
2093
2020
2036
2025
2003
1976
1980
1995
1975
2048
2058
2008
2001
1989
2077
2040
2068
2009
1978
1991
2087
2037
2068
1972
2011
2008
1995
2013
2039
2065
1969
2075
2019
2005
2067
2039
2007
1997
2055
1993
1980
2009
2068
2025
2082
2099
2040
2037
1961
2015
1971
1995
1971
2088
2066
1995
2029
1991
2071
2013
1975
2057
1981
2004
1947
2042
2072
2025
1995
2020
1983
1980
1957
2019
2057
1946
2041
1931
1959
1960
2019
2045
2109
1977
2001
2067
1975
2059
2043
2009
2086
2072
2042
1939
2026
2031
2071
2063
1997
2082
1961
2075
2019
2027
2047
1964
2063
2044
2078
2079
1973
2039
2016
1947
2035
2100
2068
2066
1979
2063
1965
2101
2059
2039
2011
2001
2044
1972
2106
2068
2101
2025
1987
2043
1991
2057
2036
2039
2039
2031
1965
2066
2023
2096
2033
1957
2068
2008
2025
1964
2101
2039
2039
1999
2029
1997
2008
1997
2084
2080
1975
1969
2087
2086
2029
1957
2063
2056
2003
1979
2035
1980
2071
2067
2087
2084
1949
1973
2069
2097
1975
2042
2016
2043
2011
2037
2001
2009
1969
2045
2075
2043
2069
1997
2062
2027
2031
1975
2036
2067
2065
2010
2031
2019
2080
2076
2017
1987
2041
1999
2074
1973
2080
2025
1979
2075
2037
2032
2013
1992
1979
2077
2076
1994
2047
2005
1989
2063
2043
1973
2051
1972
1978
2065
2107
2055
2005
2088
2007
1997
2021
2063
2043
2017
2085
1967
1978
2003
1961
2064
2008
1979
1981
2053
2037
2015
1957
1967
2077
2009
2039
1981
2031
1961
2072
1991
2096
2069
2025
2057
2077
2068
1976
2064
1959
2086
1975
2048
1957
2077
2094
1973
2086
1999
2071
2015
1981
2039
1975
1975
1949
2067
1977
1997
2044
1970
2031
1977
1992
1961
1993
2013
2039
2023
2075
1963
2012
2044
2063
2013
2003
2056
2007
2071
2015
1971
2019
1955
2006
2071
2038
2065
1959
2104
2032
2046
2032
2067
1991
2091
2031
2005
2035
2029
1964
1965
2060
2007
2017
2027
2083
1997
2030
2005
2069
2071
2068
2025
1993
2063
2055
2027
1951
1966
1987
2040
2036
1993
2009
2064
1989
1983
2039
2041
2053
2020
2029
2090
2007
1963
2033
2075
1995
2075
2056
1997
1983
2019
2023
2072
2059
2053
1955
2078
2059
2027
1973
2083
2007
2034
2010
2018
2002
2036
1961
2005
2071
2040
1977
1973
2000
2017
1987
1979
2074
2003
2083
1981
2056
1975
1991
2041
2071
2056
2059
1959
1992
2015
2085
1961
2013
1976
1993
2077
2066
1979
2044
1997
2071
1979
2060
2060
1976
2061
1976
2065
2011
2067
2065
2040
1960
2001
2055
2041
1979
2072
2019
1980
2073
2078
1962
2063
1995
1953
2077
2011
2087
2087
2056
2073
2021
2063
1945
1995
1987
2073
1973
1961
2044
2035
1992
2026
1999
2082
2033
2056
2085
2073
1997
2032
2077
1961
2080
2007
2058
1965
1954
2070
1995
2024
2026
1966
2015
2017
2069
1974
2048
2071
2013
2005
2072
2017
2071
1978
1971
1973
2040
2003
2040
1997
2043
2066
2057
2103
1963
2045
1957
2059
1977
2071
2008
2075
2092
2069
1956
1992
2052
2082
2060
2040
1995
1976
2069
2066
2013
2085
1977
2083
2027
2031
1981
2016
2016
2017
2048
2077
2077
2071
2091
1981
2009
2016
1946
2009
2096
1975
2047
1987
2073
1995
1957
1939
2009
2055
1987
2084
2109
2029
1957
2009
2055
2003
2071
2017
2047
1975
2027
1970
1982
1973
1951
2043
2009
2075
1979
2056
1965
2027
1979
2036
2021
2045
1945
2017
2035
2005
2097
2003
2055
2039
2066
2066
1976
2063
2047
2023
1999
1965
2057
1955
1959
2082
1995
2032
2011
2007
2096
2065
2003
2046
2057
2035
1976
2083
2024
2067
1987
1961
2041
2046
2046
2033
1978
2040
2071
2023
2027
2032
1988
1995
1992
2038
2007
2041
2046
2033
2042
2103
2040
2093
2011
2001
1953
2063
2031
2053
2016
1961
1981
1993
2083
2090
2005
2079
2071
2004
1989
2057
1971
1991
2065
1965
2071
2063
2019
2063
2023
2085
2032
2068
2043
2016
1960
1951
1997
2058
2063
2025
2055
2076
2046
2003
2093
1973
1945
2055
1974
1978
2035
2058
2040
1983
2088
2106
2005
1972
2045
2091
2063
1991
2065
2071
2075
1997
2045
2087
2023
2056
2001
2026
2019
2069
2043
1974
1975
2053
2068
2081
2063
2063
2003
2071
1960
2042
1969
2115
2043
2001
2048
2042
1997
2015
2005
2075
2094
1967
2031
1992
2072
2077
2009
2072
2059
2035
1997
1971
2068
1967
2043
1978
2007
1977
2040
2112
2009
2009
2045
2057
1975
2090
2100
2017
2094
2053
2064
2005
2097
2003
2072
1980
1989
2079
2025
1991
2012
1965
2040
2041
1982
1971
1957
2094
2022
1999
2037
1983
1988
2081
2009
1979
2086
2095
2044
2007
1959
2058
2076
2030
2076
2044
2017
2005
2073
2034
2071
2103
2004
1967
2055
2038
2013
2094
1961
2018
2030
2077
2076
2073
2063
2009
2028
2063
2011
2067
2013
1993
2045
2093
2093
2001
2067
2019
1987
1960
2071
2088
1973
2089
2070
1964
1975
2060
2007
2055
2091
2017
2059
1978
2087
2040
2028
1975
2105
1995
2027
2063
2077
2063
2081
1963
2065
2013
2003
2059
2009
2075
2080
1992
1951
2053
2043
1967
2008
2034
1979
2016
1971
2027
2005
1959
2081
2059
2037
2031
2077
2039
2039
2005
2057
2081
1977
2084
1979
2032
2087
2072
1943
2071
2040
2019
1976
2126
1958
2068
2072
1989
2028
2076
1991
1937
1991
2032
2067
2079
2068
1971
2043
2078
2005
1977
2082
2086
2057
2008
2087
2047
2068
2002
1943
1981
2045
2067
2015
2039
2035
2073
2030
1955
1967
2036
2027
2043
2045
2057
1973
2068
1977
1959
1973
1987
2030
2097
1979
2055
2059
2043
2025
2082
2086
2086
2084
2036
1962
2065
2001
2038
1997
2059
2074
2017
2035
2066
1967
2003
2069
2066
1977
2063
2009
2056
2093
1993
2059
1979
2077
2063
2023
2063
2081
2013
1973
2039
1995
1996
2059
2075
2043
2063
1989
2087
2077
2036
2007
2070
2001
2032
2047
1979
2080
2019
2037
2039
2070
2041
2063
1971
1967
2011
2069
1995
1974
2073
1992
2017
2029
1975
2084
1979
2035
2025
1982
2058
1989
1995
2013
1991
2007
2083
1980
1979
2087
2011
2084
1959
2039
2053
1995
2040
2023
2077
2040
2074
2053
2085
1981
2026
2035
2053
1997
2037
2076
1959
2048
2001
2059
2041
2022
2008
1983
1949
2040
2047
2082
1993
2103
2031
2028
1978
2011
2075
2029
1971
2092
2025
2055
2051
2045
1961
2015
2027
1991
2024
1989
1981
2041
1955
2077
1981
2004
1967
2043
1977
1976
2015
2080
2047
1980
2077
2075
1993
2061
2092
2039
1966
1969
2029
2031
2010
2057
2092
1998
2076
2019
2096
2058
2077
2032
1963
2033
2041
2061
2056
2077
1973
2001
2041
2039
2067
2071
1983
2013
2048
2044
1976
2055
1971
2055
1988
2037
2083
2040
2066
2035
1958
1963
2052
2029
2031
2083
1981
2071
2052
2066
1987
2089
2025
1967
2067
1981
1973
2075
2007
2039
2063
2069
1981
1975
2068
2070
1965
2081
2045
1993
2032
1967
2066
2011
1973
2039
1997
2095
2062
1992
2053
2015
2008
1961
1971
2045
2027
2063
2044
1991
2045
1967
1972
2037
2057
2093
2076
2032
2007
1981
2034
2057
2057
2024
2008
2063
2021
2036
2003
2011
2029
2078
2045
1995
1991
2029
1960
2098
1961
2068
1956
2003
2012
2084
2065
2045
2011
2005
1981
2007
2042
2055
2027
1993
2082
1967
2069
1972
2043
1973
2071
2059
1973
2083
1974
1992
1971
1997
2089
2078
2039
1967
1975
2006
1967
2065
2071
2045
2103
2053
2027
1957
2074
2051
2068
2075
1971
2007
2067
1995
2007
2076
1991
2089
1972
2056
1977
2092
2056
2013
2056
2084
1994
2057
1993
1955
2043
2086
2023
2077
2063
2084
2088
2070
2087
1974
2046
2044
1981
2006
1961
2069
2028
2044
1957
1995
2063
2069
1979
2005
2033
1951
2063
2021
2047
2044
1991
2011
2071
2066
2009
2073
1997
1959
2065
2017
2029
1971
2035
2003
2072
1965
2044
1975
1997
2021
2056
2015
2063
2022
1993
1961
2031
2059
2104
1992
2025
2071
2047
2009
2007
2027
1962
1992
1991
2087
1957
2007
2040
1981
2077
1995
1977
1973
2029
2070
2061
1997
2107
2040
2069
2058
1973
1989
2085
2035
2059
1995
1981
2086
2008
1971
2069
1955
2005
2053
2062
1961
2021
1965
1986
2046
2068
2038
2083
2101
2076
2027
2040
2079
2011
2118
1997
2027
2063
1997
1955
2076
2003
1993
2063
2016
2079
1991
2051
1961
2027
2026
2043
1993
1955
2060
1966
1991
2027
1993
2054
1977
2055
1991
2009
2073
2023
2063
1961
2076
2012
2093
2111
2063
2032
1991
2052
2036
1991
2005
2040
2055
2024
2072
2025
2095
1988
2031
2059
2059
2048
2032
2075
1997
1973
2083
2063
2024
1973
2053
2031
2076
1979
2040
1969
2007
1937
1994
2044
2075
1996
1951
1965
2098
2067
1973
2003
1989
2093
2065
2019
2116
2055
2054
2043
1946
2043
1992
2071
2043
2015
1993
2024
2087
1993
1961
2036
2029
2007
2043
2041
2028
2023
2095
2027
2009
2047
2075
1946
2001
2060
1979
1997
1981
2058
2016
1995
2024
2057
2080
2005
2065
1979
2065
2024
2009
2039
2009
1989
2016
2027
1991
2009
2084
2083
2033
1989
2063
2024
2071
2028
1971
2045
2038
1983
2058
1977
2032
1981
2024
1971
2067
2021
2073
2011
2025
2026
2068
2025
2039
1981
2101
2033
1951
1997
1943
2029
2017
2030
1949
2005
2009
2077
1843
2148
1779
2027
1869
2107
1788
2539
1324
2531
1792
1855
1953
1984
2021
1979
2089
2019
2136
2129
1960
2196
1961
1929
1913
1854
1814
2055
2005
1911
2043
2115
1824
2141
1865
2105
2027
2187
2249
2295
2335
2295
2314
2216
2209
2166
2247
2095
2183
2019
1978
1941
1851
1907
1833
1835
1848
1925
1863
1880
2008
2045
2042
2125
2051
2211
2199
2267
2268
2329
2334
2187
2312
2163
2196
2104
2111
2108
2187
2123
2121
2123
2081
2116
2065
2093
2172
2212
2233
2254
2263
2253
2259
2136
2190
2208
2145
2141
2133
2139
2085
2115
2179
2085
2059
2067
1984
1947
2055
1997
2019
2007
2013
2071
2076
2104
2056
2089
2172
2173
2082
2149
2079
2131
2083
2037
2063
2033
1945
2008
1900
1963
1960
2039
1959
2033
2039
1983
2023
2063
2029
2073
2079
1989
1972
1969
1891
1883
1831
1891
1821
1904
1852
2199
1833
1599
1761
1195
1244
1755
1505
1904
1987
2117
1965
2060
1687
1725
1632
1630
1708
1849
1904
1963
1994
1933
2001
1848
1771
1747
1792
1740
1853
1805
1955
1893
1912
1947
1920
1960
1905
1852
1928
1941
1973
1949
1959
1951
1925
1915
1981
1915
1945
1948
1964
1893
1888
1939
1881
1897
1980
1933
1877
1881
1963
1988
1909
1960
1896
1976
2078
2027
2009
2078
2043
1997
2058
1972
2028
1987
2067
2022
1963
2067
2088
2025
1997
2063
2005
2013
2055
2063
1969
2041
1992
2007
1969
2032
1983
2067
2099
2077
2067
2003
2101
1948
2099
2037
2015
2027
2065
2065
2019
2067
2073
2105
2071
2071
2103
2073
2135
2057
2023
2132
2108
2111
2129
2094
2101
2077
2207
2127
2152
2126
2368
2237
2216
2069
1799
1561
1472
1468
1575
1840
2066
2151
2135
2158
1932
1904
1779
1817
1901
2059
2168
2309
2269
2295
2152
2093
2011
1976
2076
2102
2123
2107
2057
2141
2336
2123
2121
2081
2188
1812
2168
2428
1776
2375
2173
2072
2073
2313
2196
2170
2273
2056
2351
2093
2258
2197
2276
2155
2261
2251
2199
2277
2272
2257
2347
2352
2285
2384
2261
2235
2167
2101
2203
2086
2057
2109
2147
2160
2114
2055
2140
2121
2043
2019
2121
2088
2144
2135
2123
2246
2105
2164
2040
1995
1965
2076
1993
2017
2009
2058
2071
2019
2053
2023
2107
2105
2075
2151
2137
2168
2143
2192
2223
2086
2099
2094
2003
2009
2023
1925
1978
1992
1987
1944
1996
1971
1931
1953
1968
1998
1983
1935
1963
2029
1943
2035
2036
2021
2045
1931
2021
2009
1916
2024
1927
2013
2028
2067
1925
1993
2088
2044
2013
2063
1939
2011
2057
2011
2028
1973
1963
1903
1979
1947
1976
1931
2005
1916
1975
1999
1893
1949
1937
1995
2008
1962
1968
2015
1905
1981
1933
1915
1991
1978
1971
1912
1996
1995
1955
1965
1997
1968
1993
1903
1989
1929
1868
1983
1961
1881
2024
1893
2003
1996
2011
2010
1975
1977
2030
2000
1963
1909
1917
1967
1905
1991
1891
1976
2017
2145
1927
1955
2107
2006
2089
1829
2072
1837
2085
1928
2033
1968
2036
2069
1927
1941
2001
2013
1907
2073
1995
2094
1967
2100
1940
1988
1848
1997
1965
1936
2021
1981
1992
2043
2003
1981
2043
2024
2012
1993
1965
2098
2011
2058
2017
2044
2076
1877
2085
1898
1981
1971
1915
1973
2183
1972
2059
2100
2096
2152
2112
2008
2015
1919
1891
1911
2017
1965
2073
2102
2072
1944
1984
1929
1973
1984
2025
2069
1991
2136
2082
2055
2067
2031
2053
1973
1883
1950
2001
1959
2017
2092
2073
1961
1995
2039
2013
1951
2020
2056
2079
2074
1963
2071
1987
2122
1970
2079
1983
2079
2040
2015
2071
2128
2035
2080
2092
2103
2100
1989
2075
2063
2092
2069
2121
2138
2059
2019
2077
2091
2118
2110
2145
2101
2037
2117
2073
2163
2101
2135
2063
2111
2107
2104
2051
2067
2013
2077
2103
2005
2056
2043
2031
2131
2059
2110
2117
2139
2132
2057
2075
2104
2091
2096
2019
2084
1960
2048
2032
2007
2037
1977
2074
2028
2106
2111
2043
2021
2041
2040
1977
2056
2012
2053
1932
2045
1969
2039
1953
1941
2021
1981
1973
2014
2037
1949
2040
1972
2055
2064
1960
1917
1968
1978
1976
1941
2005
1996
2036
2000
2043
2025
2007
2037
2040
1946
1953
1919
1997
1933
1931
2023
1966
1983
1992
2036
2005
2011
2007
1931
2039
2008
1946
1996
1942
2015
1984
1949
2012
2025
1973
2000
1973
2003
2025
2001
2010
2028
2032
1987
2075
2059
2029
2035
1985
2051
2016
1971
1975
1927
1972
1929
2008
2120
1987
2090
2100
2072
2091
2155
1880
2089
1989
2071
1929
2099
1939
2095
2004
1963
2081
2008
1947
2019
2099
2019
2139
2025
2168
2150
2040
2024
2099
2052
1989
2109
2032
2093
2068
2147
2056
2023
2130
2037
2100
2029
2197
2168
2032
2156
2165
2043
2065
2123
2179
1982
2213
2107
2042
2073
2009
2075
2154
2149
2118
2123
2067
2112
2040
2009
2073
2057
2017
2063
2073
2047
2142
2079
2097
2074
2011
1945
2087
2029
2024
2133
2093
2112
2091
2149
1994
2040
2029
1997
2055
2060
2021
2063
2128
2021
2017
2063
1975
2065
2063
2021
2067
2067
2013
2120
2025
2076
2117
2079
2071
2009
1996
2066
1988
2045
2073
1941
2028
2067
2006
2063
2079
2045
1963
2070
2031
1963
2011
1993
2036
2027
2040
2060
2055
1979
2058
2054
1997
2051
2075
2073
1996
2020
1979
2021
2078
2002
1989
2012
2005
1940
2075
1959
1939
2022
1980
2011
2070
2070
2028
2056
1995
2057
1961
1961
2033
2039
2047
1945
1984
2001
1993
1943
1991
1952
2044
2008
2045
1973
2066
1981
2028
1943
2020
1981
1937
1979
1939
2029
1911
2011
1941
1993
2011
1965
1975
1969
2011
1927
1958
2026
2017
2013
2066
2026
1959
2010
2019
2001
1973
2041
2021
2023
2030
1973
1957
1998
2013
1975
1987
1950
1997
1898
1981
1901
2013
1939
1911
1984
1996
2038
1983
2023
1976
1945
1913
2028
1902
1995
1945
1949
2003
1988
1990
1933
2018
1937
1941
2007
1976
2043
1971
1944
2007
2045
1993
2023
1953
2027
1983
1997
1989
1971
2012
1975
1988
1961
2016
1995
1947
2000
1940
1968
2028
2012
2007
1971
1945
1925
1941
1977
1955
2041
2065
2044
1968
2029
1959
2063
2024
2015
1925
2071
1997
1963
2037
2053
2019
2040
2029
1965
1959
2056
1943
2032
2014
1973
2020
2007
2072
1960
2043
2095
2088
1997
2041
2104
2067
2088
2012
2056
1963
2011
2056
1975
2007
2075
2074
1997
2109
2112
2040
2007
2041
2071
2019
2012
2093
2080
2104
2100
2005
2088
2031
2132
2105
2030
2057
2085
2121
2009
2086
2100
2071
2131
2029
2129
2116
2064
2108
2112
2009
2073
2079
2131
2057
2137
2155
2103
2141
2116
2084
2143
2163
2085
2123
2104
2149
2035
2124
2122
2075
2138
2039
2041
2118
2131
2057
2139
2080
2148
2059
2129
2055
2056
2119
2087
2071
2165
2153
2063
2089
2104
2063
2069
2029
2107
2040
2123
2145
2095
2101
2104
2099
1994
2025
2120
2018
2104
1999
2063
2067
1977
2015
2060
2005
2108
2068
2121
2055
2105
2096
2126
2039
2099
2134
2053
2089
2025
2055
1961
2108
2092
2021
2056
2077
1981
2087
2025
2071
2133
2063
2001
2091
1976
2030
1957
2016
2063
2027
2040
2010
2005
2101
2072
2031
2008
1929
2060
2020
2063
2015
2001
1997
2027
2015
2024
1972
1912
2012
1993
2005
2023
1981
2016
1947
2003
2059
2029
1965
2009
2020
1998
2019
1909
2028
2004
1929
1957
2055
2040
1949
2031
1996
2034
1996
1971
1992
2035
1931
1971
2023
1929
1965
2043
1969
1938
1955
1987
1927
1960
2023
1952
1999
2011
1997
2024
1979
1909
2008
1984
1927
1999
1933
2003
1915
2027
2035
2028
1994
1929
1992
1945
1992
1950
2028
1993
2055
2020
1997
1979
1948
2031
1979
2018
2013
1959
1946
2009
1955
2036
1956
2007
2011
2004
2000
2017
1987
2005
1917
1998
1976
1957
1979
2063
1933
2024
1942
2054
1923
2041
2028
1997
2021
2040
1959
1947
2045
2031
2002
1959
2057
2029
2017
2020
1945
1997
2076
1965
1945
1977
1971
2001
2068
1988
2008
2066
2005
2024
1965
2044
1945
2069
1963
2031
1991
2017
2040
1965
2055
2015
1981
2007
2070
1991
2040
1975
1997
2063
2053
2028
1963
2098
1993
2056
2067
2063
1979
1981
2065
2015
2009
2059
2037
1991
2067
2058
2017
1981
1947
2016
2027
2053
1948
1989
2071
1978
2004
2105
2001
2001
1971
2077
2016
2072
1997
1999
1993
2040
2061
2013
2005
2072
1971
2063
2071
1999
2068
2063
2109
1997
2030
2083
2045
2025
1965
2003
2017
1995
2015
2027
2076
2092
2045
2109
1979
2080
2027
2020
2059
2002
2077
2029
1995
2079
2008
1997
2069
2009
2107
2053
2009
1979
2017
2087
1973
2015
2131
2027
2037
2091
2093
2031
2065
2047
2080
2024
2086
1983
2070
2080
2094
2018
2102
2027
2041
2069
2017
2069
2047
2093
2075
2105
2037
2135
2057
2108
1995
2088
1997
2099
2087
2068
2093
1981
2105
2079
2017
2033
2072
1982
2027
1987
2091
2111
2013
2092
2101
2063
1987
1977
2077
2087
2023
1972
2090
2021
1961
2065
2071
2024
2107
2057
2077
2003
2027
2008
2075
2063
2068
2046
2069
2040
1966
2058
2077
2072
1971
2042
1989
2056
2057
2083
1959
2005
2074
2045
1989
2023
2028
1983
2063
2027
1997
1955
1977
1979
1992
2056
2067
1970
2006
1965
2021
2053
2032
2036
1981
2051
2041
2007
1948
2072
1982
2094
2028
2022
2082
1997
2072
1991
1981
1987
2077
1963
1993
1961
2066
1995
2068
1984
2077
1965
2024
2026
1975
2043
1971
2035
1973
2051
2027
1947
2069
1978
1973
2058
1981
2054
2023
2037
2021
2039
1971
1995
1997
2073
2042
2043
2093
2083
2027
2024
2052
2011
2039
2067
1991
2057
1967
2093
2051
2011
1969
2029
1976
2059
2002
2063
2047
2040
2008
2011
1991
2040
2028
2004
1993
2070
2053
2043
2073
2005
2020
2028
2005
2059
2037
2083
2008
2003
1975
2073
2070
2031
1995
2000
1947
1997
2073
1951
2090
2043
2076
2007
2063
1943
2031
1991
2096
1997
1988
2080
2065
2009
2044
1976
2025
2073
1959
2069
2029
2055
2063
1979
2009
2079
2053
1959
2053
1928
2000
2075
2086
2007
2086
2063
1989
2053
1971
2011
2043
1983
1943
1981
2027
1961
2017
1967
1951
1983
2071
1957
2021
2063
2058
2041
2016
2029
1957
2075
2004
2029
1939
2042
1977
1969
1947
2035
2071
2024
2016
1943
2041
2040
2031
2043
1959
2071
2075
1991
1958
2008
1963
1945
2016
2068
2063
2046
1955
1917
2043
2057
2059
2030
2044
1975
2040
2087
2042
2079
1997
2011
1991
2062
1995
1980
2071
2008
2040
2016
1919
2019
2037
1960
2066
2011
2011
1963
2067
2007
2057
2032
1955
1995
2088
1947
1965
2001
2041
2014
1993
2011
2031
1980
2059
2039
2076
1993
2070
2009
1961
2034
2063
2091
1989
2011
2029
2054
2053
2013
2089
2032
2055
1981
2009
2004
2057
2071
2074
1989
2086
2075
2024
2027
2042
2038
1992
1975
2069
2103
2035
2010
1947
2069
2007
2076
2080
2095
2079
1993
2051
2063
2032
1995
1966
1962
1981
2063
2059
2013
2043
2027
1981
2093
2010
2074
1989
2040
2012
2078
2023
2070
1992
2089
2065
2048
1977
2079
2017
2040
2073
2031
2024
2057
1972
2067
2059
2079
2009
2035
2024
2015
2091
1997
1991
2021
2015
2066
2087
2029
2025
1973
2109
2011
1981
2081
2117
2027
2026
2001
1976
1977
2101
1979
2074
2015
2067
2069
2029
2079
2065
2057
2095
2081
1993
2104
2090
1993
2078
2072
2063
2057
2123
2078
1992
2023
2032
2079
2011
2085
2057
2059
1969
2077
1989
2124
2064
2075
2023
1967
2099
2066
2057
2057
2060
2035
2005
1977
2045
2068
2101
2040
1989
2015
2019
2063
2058
2069
1990
2039
2057
2077
1997
1973
1983
2076
1989
2057
1960
2047
1995
2073
2011
2040
2037
2007
2040
2025
1967
1971
2095
1953
1971
2076
1974
2055
2083
2005
1994
2072
2023
2011
1949
1965
2026
2065
2029
2003
2053
2099
2032
1997
2012
2061
1993
1969
2032
2041
1955
1947
2057
1966
1956
2071
1994
2001
2025
2039
2025
1967
2029
2057
2063
2023
2060
2009
2073
1981
2066
2003
1993
2012
2039
1953
1959
2079
2028
1969
1975
2043
2029
2011
2059
2020
2037
2046
1957
2003
1947
2037
1947
1965
1931
2030
1950
1965
2032
2026
1948
2009
1981
1973
1975
1991
1996
2038
1937
2024
2039
2041
2076
2040
2015
1957
1957
2016
1931
1931
2007
1957
2023
2001
2044
1967
1996
2068
2028
2033
1959
2066
2003
2016
1961
1931
2031
2055
2039
2024
1981
2040
2031
2043
2019
2041
1977
2013
2040
2071
1983
2059
1966