1955
1955
2052
1976
2032
2080
2003
2092
2001
2068
2063
1941
2075
2035
2090
2021
2084
1960
2007
2099
2094
2019
2085
2001
2093
1977
2042
2091
2039
2041
2071
1997
2037
2009
2005
2063
2077
2003
2071
2087
1995
2045
2002
2056
1983
2087
2009
2017
2051
1987
1993
1980
2067
2001
2092
2045
2040
2078
2005
2072
2059
2068
2009
1980
2059
2060
2009
2030
2040
2041
2087
2081
1987
1997
2037
2001
2065
2064
2099
2032
2024
2059
2029
2069
2025
2067
2016
2007
2030
2067
2051
1969
2001
2090
1966
2033
2029
2035
2057
2025
2074
1997
2046
2033
2016
1956
2031
1993
2027
2003
2031
2003
2056
2063
2058
2006
2027
1989
2075
2075
1973
2104
2024
1932
2005
2053
2041
2053
1983
2064
2032
1981
2011
2032
2075
1981
2007
2053
2072
1983
1975
1989
2016
2031
2011
2029
2029
2053
2071
2083
2089
2062
1988
1957
1992
1977
2077
2089
1977
2072
2013
2037
1977
2039
2074
1992
2070
2104
2077
2053
2065
2057
2007
2074
1996
2063
2005
1999
2011
2058
1944
2066
1973
1979
2048
2063
1965
2005
2015
2056
2002
1963
2060
2019
2007
1975
2044
2008
1955
1991
2039
1997
2079
1973
2093
1981
2033
2029
2067
2001
2047
1996
1975
2057
2032
1981
2040
2087
2040
2085
2086
1991
2074
2021
2088
2020
2015
2032
1979
2016
2083
2029
2067
1941
2031
2072
2002
2017
2073
2032
2060
1996
2030
2055
1979
2066
2093
2043
2033
2067
1973
2063
1965
2026
1978
2067
2055
2019
2001
2042
1987
1955
1967
2035
2093
2013
1967
2003
1965
2015
1976
2063
1989
2039
1989
1947
2067
2034
2023
2019
2013
2068
2007
2029
1965
1988
2043
2025
2025
1976
2069
2011
1980
2009
1961
2058
2064
2075
1977
2031
1979
2048
2021
2031
2046
2025
1959
2072
2037
1979
2038
1911
1959
2085
2067
2063
2014
2081
1987
1969
1992
2024
2043
2065
2030
2028
2079
2041
2043
1965
2032
1989
2058
2059
2007
2058
2043
1979
2060
1993
2105
1973
2068
2053
2027
2040
1957
1963
1995
2067
1979
1995
2083
2024
2023
1981
2040
2065
2063
2009
1955
2016
2013
2085
2044
2035
2035
2012
2025
2067
2055
1992
2092
2065
2074
2021
2003
1959
2076
2059
2029
2060
1976
2013
1981
2064
2029
2053
2067
1983
2040
1975
2053
2042
2053
2019
2021
2063
2067
2074
2012
2001
2057
2075
2054
1987
2012
2072
1988
2010
1954
2082
2051
2032
2003
2063
2032
2037
1987
2056
2069
2044
2016
2026
2003
2039
1989
2013
2058
1987
2039
2037
1955
2063
2008
2023
1962
2065
1976
1997
2011
2056
2116
1977
2009
2028
2027
2087
2013
2023
2085
2054
2032
2065
2053
2016
2077
2004
2029
2026
2040
2009
1979
2035
2079
2057
2088
2065
2063
2069
2083
1996
2019
2083
2024
1981
2011
2059
2025
2077
1976
2077
2097
2001
2044
2037
2089
2065
2053
2016
1990
2082
2092
2105
2003
2021
1979
2027
2040
2059
2045
2062
2008
2019
2005
2063
2097
1995
2048
1995
1979
2052
2031
1973
2071
2016
2072
2031
2055
2021
1979
2064
2101
2001
2065
1961
2057
2026
2057
1943
2045
2048
1995
2048
1993
2076
2011
2063
1979
1976
2037
2073
1988
2059
2041
2067
2072
2027
2069
1929
2043
2014
2089
1950
2043
1999
2019
1981
1964
2040
2027
1977
2056
2068
1979
2003
2026
1961
2031
2056
2041
2105
2048
2096
2035
1997
1989
2029
1975
2016
2013
2007
2093
2013
1979
2021
1958
1979
2030
2066
1979
2011
2067
2009
2000
2063
1961
2036
2019
2005
2005
2027
2072
1977
2039
2027
2072
2001
2005
2010
2068
2102
1967
2057
2015
2017
1981
1993
2048
2084
2077
2045
2032
2031
1975
2029
1972
2021
2065
2018
2005
2027
2032
2039
2080
2032
2024
2040
1981
2041
2002
2028
1977
2058
2021
1998
2061
2067
1991
1993
2030
2013
2024
2085
2030
2003
2060
2081
1974
2053
2046
2041
1987
2039
2073
2032
2091
2032
1989
2067
1971
1949
2043
1981
2022
2043
2068
2091
2029
1969
1989
2018
1977
2060
1993
2063
2005
1977
2045
1964
2071
2045
2029
1973
1959
1971
2055
2072
2085
1997
2071
2065
1980
2039
1959
2003
2028
2041
2016
2048
2063
1995
2015
2068
2011
2053
1955
2092
2077
1987
1993
2039
1981
1959
1959
2060
2013
2016
2059
1992
2007
2105
2056
2004
2079
2083
1989
2030
2001
2103
2009
2015
2042
1981
2044
2099
2037
2069
1975
2016
2067
2015
1992
2009
2021
2061
2014
2054
2086
2069
1967
1966
2023
2015
2001
2015
2008
2064
1993
2027
2063
2027
1963
2087
1963
2090
1979
2070
2029
2069
2027
2063
2065
2081
2075
2093
1979
1995
2071
2071
2067
2024
2077
1963
1993
1977
1983
2075
1970
1971
2053
2071
2077
1977
1961
1963
2080
2073
2030
2045
2059
2067
2069
2130
2094
2072
1987
1993
1976
1995
1944
2039
2040
1997
2067
2053
1994
2036
2075
1944
2040
2041
1995
2101
2009
2007
2071
2007
2075
2025
2071
1959
2032
1991
2066
2015
2088
1992
1975
2100
1945
1981
2071
1974
1971
2021
2030
1977
2019
2071
2056
2055
2021
1987
1993
2048
2034
2012
2044
1997
2057
1973
2037
2037
2053
2077
2073
2035
2091
1975
2067
1996
2043
1996
1949
2068
2072
2025
1970
1997
2097
1971
2077
2088
2037
1973
2087
2083
2011
1949
2005
2079
2003
2068
2005
2018
1987
2063
2059
2016
2077
2042
2015
2058
1988
1973
1995
1971
2053
2037
2043
2096
2075
2073
2000
2015
2075
2059
2060
2092
2065
1981
2068
2031
1963
2005
2004
2055
1997
2071
2019
2076
2035
2054
2056
2072
1979
2047
2048
1988
1971
2020
2053
2056
2091
2008
2048
2021
1947
2005
1981
1974
2003
2083
2021
2067
2001
2048
2076
2017
2057
2035
2044
2015
1961
1997
2063
2042
2065
2011
2024
1945
1988
2001
2032
2031
2105
2024
2024
1967
2040
2009
1989
2031
2058
2065
1996
2048
1989
2073
2065
2032
1958
2071
2067
2045
1992
1999
2063
1975
2091
1974
2091
2075
1975
2008
2035
2007
2040
2023
2060
2009
1991
2072
1996
2091
2059
1987
1976
2042
1995
2021
2031
1965
2063
2085
2076
2052
2026
2052
2014
1979
1977
2057
2087
2055
2024
2035
1989
2005
1981
2089
2063
1997
1963
2054
2083
2040
1962
1995
2053
2023
2056
1980
2019
2059
1993
2036
1961
1947
2058
2040
2043
2081
1993
1983
2035
2008
1976
2047
2063
2032
2075
1948
2063
2029
2023
2002
1989
2083
2063
2089
1991
2045
2033
2069
1977
2056
2063
2003
2075
2009
2048
1959
2007
2017
2083
2083
2057
2063
2037
2043
2014
2071
2100
2048
2041
1973
2061
2073
2029
2053
1993
2075
1995
2037
2001
2087
2045
2011
2071
2022
2043
1992
2068
2019
1991
2074
1975
2003
2006
1973
2019
2088
1966
2069
1995
2071
2063
2079
2023
2077
2063
2063
2069
2063
2019
2005
2048
2053
1961
2069
2023
2023
2019
2039
2077
2083
2063
2024
2059
1997
2063
2015
2001
2039
2079
1982
2024
1999
2005
1989
1983
1995
2055
1993
2097
2047
2039
2091
2044
2024
2087
2048
2073
2043
2066
2032
2001
2059
2017
1981
2035
2026
1993
2018
1974
1965
2087
1991
2003
2047
1931
2083
1981
2008
1960
2072
1997
2074
1997
2087
2027
2002
2012
2063
1993
2075
1961
2043
2035
2055
1989
2007
2023
2071
1971
2057
2037
2013
2091
2027
2033
2056
1981
2069
2009
2053
2044
2063
2073
2017
2067
1969
2072
2075
2073
2012
1980
2093
2063
2097
2063
2043
2068
2057
2015
1975
2087
2046
2001
1965
2011
2001
2099
2058
2003
2025
1971
2044
1992
1962
2080
2037
2042
1965
1980
2075
1959
2027
1977
2065
2079
2065
1970
1963
2013
2033
2032
2010
1939
2009
2039
2069
2076
1966
1977
2043
2016
1987
2015
2063
2009
2084
2091
2036
2053
2020
2031
2029
2041
2057
2067
2005
2031
2031
2013
2073
2065
1963
2057
2054
2022
1988
2040
1962
2047
1971
1979
1977
2003
2069
2021
1965
1979
1947
1970
2043
2072
2009
2090
2059
2099
2039
2048
2013
2084
1981
1931
1967
1959
2006
1961
2040
1980
2007
2040
1980
2023
2006
1946
2019
1995
1976
2060
2022
1951
1971
1968
2072
2035
2087
1950
2032
2008
2024
1981
2011
2094
2007
1976
2075
1977
2074
1959
2046
2029
2003
2086
1969
1956
2041
2060
2040
2077
2009
2003
1977
2071
1970
1979
1995
2021
2003
2068
2091
2067
1947
1973
1957
2055
2027
2046
1960
2047
1974
1976
1991
2091
1988
1965
1966
2015
2039
1995
2069
1957
2075
2048
2061
2058
2047
2063
2079
2048
1965
1979
1943
2041
1999
2074
1991
2039
2060
1967
2005
2066
1983
2056
2026
2083
1980
2021
1995
2101
2100
2014
2039
2069
2019
2024
2059
2055
1997
2025
2043
2011
2037
2018
1993
2031
2073
2063
2003
2027
2063
2007
2001
2029
2042
1973
2057
1995
1997
2063
2041
2005
2073
2034
1989
2029
2056
2072
1966
2080
2013
1956
2022
1996
1962
2041
2065
2007
1977
1977
2107
1965
2013
2003
2024
1981
2070
2048
2001
1960
2025
2027
2032
2099
2015
2039
2083
2071
1995
2031
2004
2062
2057
2107
2076
1989
2057
2008
2063
2044
1979
2032
2009
2057
2013
2014
2024
1993
2053
2072
1973
2075
2013
2068
2053
2019
2028
2041
2039
2043
1983
1989
2036
2016
2009
2043
2094
2017
2003
2001
2024
2011
2040
1995
1990
1975
2063
1995
2071
1972
2069
2076
2074
2008
1981
2067
2062
1982
2001
2035
2063
2039
2084
2071
2059
2043
2075
2075
1993
2056
2023
2091
1991
1967
1962
2047
2067
2043
2023
2013
2072
2016
2107
2044
1977
2039
2079
2001
2063
2066
1973
2035
2069
2072
2056
2004
2016
2066
1981
1973
1977
2063
2040
2058
2063
2024
1955
1955
2088
1995
2063
2012
2001
2019
2081
2003
1975
2060
2013
2056
2045
1982
2100
2007
2035
2068
1991
1977
1965
2048
2066
2066
2064
2077
1973
2055
2075
1996
2027
2028
1956
2058
2025
2055
2059
2087
1997
2061
1979
1995
2040
1996
2069
2031
1979
2080
2031
1997
2087
2007
2063
2016
1991
2068
2024
2066
1976
2031
2007
2105
1991
1992
2027
1966
1971
2033
1981
2071
1979
1979
1991
2052
2056
1989
2101
2009
1973
2002
2044
1995
2080
2042
2029
2053
2005
2036
2056
1959
2069
1976
2073
2037
2083
2041
1989
2063
2044
1949
1982
1967
2077
1963
1979
1997
2059
2031
2083
2063
2021
2005
2066
1997
2025
2095
1988
1976
2029
2077
2038
2080
2017
1935
2063
1951
2024
2008
2044
2086
2088
1993
2037
1993
1972
2055
1979
2039
2058
1943
1949
2009
1975
2075
2025
2063
1981
2066
2044
2084
2056
2035
2005
2058
2071
2032
2060
2007
1999
1987
2063
1997
2009
2095
2019
2073
2075
2045
1989
2065
2040
2027
2011
2021
2025
2076
2013
2043
1997
1991
2055
1971
2035
1961
1969
1977
2099
1979
1982
2012
2035
2039
2008
2032
1975
2041
2056
2056
2031
2028
2023
2069
1997
1979
2059
1973
2063
2056
1993
2055
2080
2024
2072
2027
2044
1962
1997
2003
2010
2035
2088
2067
2039
2073
2075
2036
2093
1981
2056
2071
2073
2032
2093
1979
1992
2028
2000
2091
2041
2065
2083
2056
2015
2031
2008
2013
2045
2008
2026
2026
2005
2019
2043
2024
2039
2074
2084
1973
2057
2067
1961
1991
2092
2055
2047
2016
2036
1977
2087
1995
2055
2064
2009
2063
2011
2039
2028
2023
2031
2069
2045
1960
1999
2063
2081
2038
2043
2040
2029
2059
2032
1987
1980
2059
1992
2059
2005
2063
2043
2004
1981
2069
2041
2007
2060
2066
1969
2005
2067
1992
1992
1962
1961
1981
1991
2059
1969
2087
2107
2096
2045
1965
2006
2039
1991
2075
2076
1998
2099
1988
1977
2037
2024
2019
1979
1948
2009
2065
1982
2083
2037
1987
2057
1993
2065
2007
2075
2033
1961
2069
2022
2041
2119
2017
1979
2063
2108
2041
2041
1991
2089
2027
2053
2016
2023
2035
1975
2053
2029
1977
2042
2039
2007
2029
2001
2069
2027
1991
2027
1979
1977
2072
1967
1933
2068
2073
2023
2066
2043
2092
2011
2099
2085
2023
2056
2036
1927
2058
2046
1961
2020
1975
1956
2044
2029
1975
2066
2063
1993
1974
2005
2073
2073
2057
1966
2032
2037
1967
1979
2016
2094
2067
2017
1991
2008
2040
1982
2053
2003
2068
2037
2086
2037
2009
1955
2073
2064
1971
2035
2015
2075
2072
1977
2076
2044
2024
1975
2023
1975
2056
2024
2059
1996
2082
2089
2015
1976
2039
2017
2035
2073
2068
1997
2037
2016
1988
2043
1959
2067
2040
1965
2056
1994
2027
1981
2001
1981
1980
2047
2057
2017
2082
2008
1979
1965
1979
2095
2013
1977
1979
2063
2069
1991
2057
2108
2047
1964
2039
1992
1992
2039
1978
1989
2043
1957
2041
2028
2057
2036
2005
2045
2075
2086
1993
2026
2041
2063
2071
2053
2017
2063
2027
1971
1975
1981
2005
2087
1983
2067
2091
1989
1993
1979
2055
2048
1975
2029
2035
2045
2019
1987
2063
1979
2031
2077
2072
2009
2061
2068
2001
1965
2057
2003
2064
1981
1959
2007
1969
2075
1953
1993
2064
2056
2032
2078
2073
1953
2048
2083
2013
2067
2067
1979
1973
2008
2073
2025
1973
1983
2011
2048
2038
2071
2021
2012
1995
1979
2034
2040
1975
2040
2012
1981
1987
2031
2056
2027
2037
2073
2036
1973
2023
2102
2011
2005
2056
2082
2023
1997
2080
1971
2029
2025
1967
2029
2054
2011
1987
2071
2057
2084
2038
2032
2068
1969
2055
2048
2032
2105
2032
2001
2043
2032
1987
2035
2001
2063
1991
2091
2007
2019
2005
1995
2025
2044
1958
2089
2048
2068
2084
2019
2013
1965
2041
2059
1963
2048
2018
2046
2031
2063
1973
2056
2069
2019
2047
1995
2003
2051
2067
2053
2053
1993
2055
2057
2027
2059
1989
2004
2029
2108
1997
1995
1983
2059
2013
2056
1999
2070
2077
2001
1995
2048
2001
2056
2031
2085
2009
2031
2087
2008
1980
2071
2041
2058
1976
1991
2023
2025
2063
2029
2013
1960
2036
1992
2029
2071
2076
2053
2039
1961
2056
2042
1975
1979
2063
2065
1979
2016
2067
2066
2075
2083
2005
2076
1969
2075
1976
2033
2075
1981
2032
2015
2007
2013
2007
2043
1975
2000
2011
2021
2002
2042
2035
2089
1977
1947
1995
2043
2032
2031
1991
2071
2013
2015
2057
1960
2073
1999
2067
1971
2016
1975
2055
2051
2075
2043
2007
2051
2043
2051
2011
2080
2036
2059
1973
2069
2058
2077
1991
2107
2071
2003
2099
2013
2019
2015
2073
2041
1959
2028
2095
2060
1978
1975
2077
2023
2067
2082
2007
2063
2035
2005
1991
2089
1976
2054
2053
2027
1977
2007
1992
2087
2017
2104
2001
2005
2043
2009
2075
2011
2023
2076
2057
2040
2063
2024
1975
2084
2003
2115
1979
1977
2039
2044
2055
2043
2036
2069
2023
1979
1995
2102
2063
2073
1997
1995
2056
2041
2071
2027
1976
2059
2001
1971
2007
1957
2063
1948
2069
2070
1959
2037
2088
2063
1987
2011
1957
1975
2024
1995
1956
1963
2071
2009
2011
1955
1969
2057
2029
2063
2068
2024
2063
2095
2018
2076
2013
1965
1971
2001
2042
1982
1949
2067
2037
2011
2009
2043
2067
1977
2027
2007
2067
2039
2001
2042
2029
2085
2043
2058
2011
2046
2083
2057
1987
2057
2027
1989
1971
2065
1979
2042
1969
2029
2027
2016
2099
1983
1951
1960
2070
2048
2081
2073
2011
1981
2065
1987
2040
1961
2055
2037
2080
2030
1967
2001
1957
1993
2043
2039
2077
2057
1955
2033
2056
2025
2002
2032
1947
2071
2033
1963
1976
2079
2035
2077
2016
1983
2075
2086
1980
1963
1993
2063
2056
1955
2085
1991
2063
2064
1988
2063
2063
1991
2071
2045
2035
2063
2073
2029
1960
1977
1981
2029
2069
2040
2003
2100
1979
2008
1973
2035
1971
2047
2008
2055
1979
2063
2072
2024
2031
1971
1989
2075
2084
2003
2041
2101
1982
2078
2007
2039
2038
2057
2102
1993
2073
2053
1940
2033
2035
2063
1997
2063
1973
1981
2071
2058
2069
2005
2045
1991
2085
2053
2077
2026
1945
1955
2031
1981
2078
1977
1969
2063
2007
1981
1960
2068
1990
2053
1947
1963
1983
2067
2067
1997
2087
2051
2089
2034
1975
2075
1997
2086
2069
1995
2009
2043
2083
1963
2073
2063
2094
2072
2041
2112
2024
2087
2031
2027
1975
2027
1965
2005
1959
2071
1969
2041
1977
2057
2072
2013
1997
2077
2068
1971
2094
1960
2001
1981
2067
2063
2076
2040
2101
2016
2069
2056
1961
1991
1967
2065
2041
2004
1993
2025
1981
2059
2065
2040
2007
2040
2104
2027
2025
1975
2072
2067
2073
2082
2003
2075
2026
2031
1979
2005
2001
2033
2024
1982
1977
1993
2083
2059
2053
1977
2079
2107
2007
2023
1983
1983
2063
1980
1975
1967
2024
2079
2046
2016
1981
2085
1995
2056
2015
1965
2059
2053
1983
2007
2068
1978
2073
2065
2053
2003
2027
2024
1975
2032
2029
2011
2088
1993
1979
2071
2075
1975
2072
2063
2024
2057
2000
2058
2073
2040
1989
1973
2060
2035
2037
2069
1953
2041
2036
1965
1991
2041
2041
2037
1947
1971
1989
1980
2039
2040
2078
2021
2075
2047
1987
2046
2063
2081
2036
2031
2066
1997
1978
2043
2063
2032
2095
1981
1976
2025
2019
2069
1973
1967
2044
2097
2073
2013
2005
2063
2011
1963
1975
2063
2031
2046
2026
2035
1995
2084
2013
1965
1979
2059
2087
2084
2028
1963
2026
2003
1961
2067
2056
2071
2071
1987
1988
2063
2063
1971
1999
2060
1977
2071
2032
1931
2028
2075
2068
2080
2027
2041
2007
2023
2012
2029
1970
2055
1981
2037
2071
1991
2053
1990
1977
2032
1997
2069
2069
2063
2084
2016
1991
2100
2025
1967
2074
1980
2072
2005
2073
2063
2056
2104
2005
2073
2057
2071
2058
1945
1981
2079
2068
2037
2057
2058
2063
2045
2027
2079
1975
1979
2005
2071
2023
1947
1969
2080
1989
2065
1959
1948
1931
1967
2051
1987
2012
2035
2009
2009
1967
2045
2052
1965
2025
1967
2085
1951
2021
2018
1973
2043
2007
1997
1977
1979
2053
2058
1976
2021
2013
2022
2067
2003
1987
2051
1959
2045
1953
2032
1977
1997
2013
1999
2085
2070
2029
2011
2022
2005
2063
2030
2048
2083
2056
1995
1992
1977
2013
2101
2040
2039
2020
2031
1987
2077
1983
2048
2072
2082
2065
1973
1975
1991
1979
2035
1997
2077
1999
2035
2025
1991
1991
1957
1979
2045
2031
2044
2083
1965
2055
2007
2056
2086
2005
1947
1993
1963
2084
2001
2085
1989
1966
2058
1965
2080
1993
1975
2060
2001
2007
2056
1967
1995
2019
2029
2057
2017
2105
2055
2071
2021
1976
2011
2088
1973
1973
2088
2080
2085
2005
2073
2032
2019
1959
1961
2044
2029
2024
2035
2007
1989
1976
1981
2045
1991
1973
2015
2003
2016
2072
2043
1991
2032
2005
1971
2055
2032
2063
2005
2093
2023
2071
2076
2069
2056
2072
2074
2023
1999
2080
1983
2035
2056
1983
2040
1991
2009
2066
2056
2024
2041
2039
1979
2005
2040
2005
1959
2029
1963
2069
2069
2063
1983
2017
1927
1993
2072
2047
2023
2013
2081
2038
2003
1979
2031
2063
2063
2051
2071
2013
2040
1994
2100
1999
2013
2036
2032
2039
1953
2060
1955
2075
1971
2091
2007
1980
1997
1978
2019
2066
2008
2043
2009
2087
2056
2077
2016
2091
2120
2071
2025
2029
2087
2088
2067
2002
2056
2036
2005
2063
2035
2069
2013
1981
2009
1979
2019
1981
2059
2016
2033
2063
1973
2037
2013
2069
1997
2099
2039
2036
2063
1993
2076
2021
2099
1981
2079
2009
2065
2084
2065
2076
2023
1989
2073
2040
2018
2044
2081
1988
1977
2044
2001
1977
1979
2055
2045
2075
2063
1958
2063
1973
2044
2045
1961
1957
2001
2069
2044
1955
1971
2075
2003
2048
1975
2001
2031
2043
1965
2035
1965
2067
1995
2043
2025
2017
2070
2073
2033
2014
1991
2002
2071
2065
2055
2044
2016
2039
2011
1965
2036
1989
1957
2028
2020
2012
1973
2013
2047
1977
1997
2011
2036
1983
2069
2091
2068
2062
2028
2057
2056
2055
1981
2027
2071
2063
2034
2019
2023
1988
2055
2006
1949
1965
2003
1971
1989
1994
2107
2027
1974
2063
2043
2032
1995
2057
2064
2040
2041
2031
1967
2037
1955
2059
2029
2041
2070
2083
1980
1966
2071
2003
2084
1975
2007
1981
2016
1976
2080
2016
2069
2024
2067
2093
2001
2057
1991
2032
2041
1975
2026
2032
1975
2008
1987
2057
2076
2075
2055
2032
2045
2039
2019
1979
2054
2007
2027
1995
1947
2063
1978
2022
2055
2005
2073
1988
1983
2003
2023
2057
2003
2027
1996
1987
2041
2009
2034
2067
2004
2029
1993
2073
2072
2033
2031
2096
1973
2066
2021
2045
2080
2003
2083
2017
2011
2063
2041
2071
2020
2035
2069
1993
2035
1983
2048
1995
2057
2029
2098
2003
2023
2024
2015
2083
2107
2028
1975
2083
2040
2095
2043
2088
2025
1959
2045
2057
2075
2089
1981
2005
2043
1983
2031
2025
2067
2063
1977
1973
2023
1963
2044
2043
2078
1975
2008
2023
2058
1995
1997
2035
1965
2021
2083
2021
2039
2027
2067
2005
2101
2060
2004
2009
2032
2089
2027
1977
2029
1951
1989
1955
2038
1974
2054
2003
2035
1959
2045
2075
1972
2079
2080
2007
1962
2063
2066
1975
2065
2053
1977
1965
2052
2003
2040
2044
1993
1997
1957
2092
1991
2039
1973
2101
2011
2036
2083
2073
2055
2007
2009
2056
1990
1983
2045
1963
1975
2032
1999
2063
2004
2060
1965
2007
2016
2065
2039
2063
2070
2039
2038
2071
2043
2069
2051
2072
1971
1963
2066
1979
2033
2023
2065
1997
2121
1965
2067
2032
1995
2044
1995
2053
1971
2021
2014
1971
2015
1941
2063
2008
2043
2018
2045
1997
2026
2078
1975
2003
1981
2069
1967
2070
2007
2003
1961
1932
2035
2027
2005
2035
1994
2100
2092
2003
1993
1996
2083
2008
2045
2058
2031
1963
2027
1989
2059
2019
2029
2088
2029
1989
2007
1998
2033
2057
2048
1991
2067
2008
2009
2025
2073
2032
2011
2027
1963
1977
1996
1991
2024
2068
2044
1979
2067
2079
2072
2083
2041
2011
1963
2043
1963
2013
2070
1977
1959
2072
2017
1979
2073
1991
2039
1969
2041
2056
2023
2036
1993
1943
2021
2046
1976
2087
2023
2068
1976
2037
2027
2077
1993
2040
2080
2009
2025
1997
2045
2092
2009
1943
2011
1989
2006
1957
2027
2058
2058
2004
2019
2076
2040
2071
1975
1971
2067
2077
1977
2021
2031
1971
2055
2079
2071
2002
2074
2059
2042
2071
2037
2029
2027
1981
2075
1967
2055
2035
1992
1953
2003
2076
2063
1979
2001
1979
2105
2012
2015
2063
1981
1971
2066
2065
1980
2095
1991
2104
2053
2047
1995
1977
2063
1981
2063
1997
1983
2013
2065
2021
1978
2043
2079
1971
2063
1991
2083
2037
2044
2032
2075
2035
1961
2055
2011
1983
2027
1997
1997
1955
2084
2032
2077
2056
2015
2089
2007
2060
2012
2080
1963
2058
2022
2029
1995
2004
2077
1975
2048
2035
2029
2072
1997
2053
2040
1993
2035
2023
1981
2080
2057
2025
2019
2031
2044
2084
2057
2030
2075
2087
1993
2014
2048
1997
2060
2032
2095
2035
2039
2023
1961
1979
2078
2025
2085
2083
2032
2030
1960
1943
2005
2013
2031
1979
2052
1969
1989
2059
2003
2030
1975
2056
2002
2047
2009
1978
2021
1963
2077
2052
2014
2092
1975
1965
2053
2032
2039
2061
2004
1977
2001
1981
1977
2043
2031
2079
2120
2075
2043
2055
1991
2019
2065
2030
1996
2058
1999
1961
2047
2001
1996
2041
1951
2039
2065
2043
2056
1975
1978
2066
2072
1980
1989
1971
2004
2037
1972
1943
1996
1963
1942
1995
2071
1973
2053
2028
2063
2032
1997
2035
2027
1963
2073
2063
2023
2071
1973
1973
2002
2075
1993
2073
2040
1998
2053
2076
1979
2055
2029
2021
1980
1945
2043
2011
1971
2039
2005
2097
2025
1989
2043
2030
1979
2044
2045
1941
1951
2014
2024
2026
2067
2007
2031
2009
2036
2085
2029
2026
1971
2022
2007
2048
2009
2042
1967
2029
2032
1987
2061
1979
1991
2062
1964
1981
2093
2032
1975
2007
2071
2043
2048
2008
2003
2010
2067
2071
2019
2058
2008
1959
1977
1964
2052
2067
2046
2009
2058
2055
1989
1979
1955
2069
2079
1981
2040
2010
2068
2093
2075
2040
2016
1993
2045
1975
1955
2078
2059
2046
1991
1999
2058
2027
1995
1967
1977
2063
2057
1965
2075
2078
2041
2012
1973
2073
2063
1971
2041
2015
1994
1972
1981
2067
1992
2079
2077
1995
2009
2013
2091
2009
1989
2080
2087
2078
1990
2032
2066
1975
2063
2029
2056
1977
2033
2015
2068
2013
1947
2038
2015
2068
2110
2021
2107
2016
2071
2067
2027
2056
2005
1987
2091
1979
1997
1992
1979
2086
2065
2038
2073
2070
1979
2108
2064
1959
2065
2047
1965
2011
2011
2074
2013
2074
2043
2039
2077
2024
1979
2066
1987
1983
1999
2027
2014
2105
1961
2024
2019
2089
1991
2036
2011
2053
2003
2063
2036
1983
2055
1995
2080
2087
2075
1997
2067
2004
2093
2003
2027
2015
2067
2075
1996
2043
2008
1981
2000
2003
1977
2084
2037
2067
2024
2046
2039
2001
2035
2063
2080
2024
2067
2032
1957
2080
1997
2076
2042
2011
2045
1933
2043
2090
1953
2069
2035
2015
2046
2044
2024
2067
2054
2016
2056
2092
2029
2091
2077
2019
2007
2015
1989
2033
2063
1997
2095
2127
2056
2067
1995
1990
2087
2054
2023
2072
1977
2069
1977
2032
2067
2096
2090
2017
2023
1987
2003
2009
2086
2039
2082
1975
1963
2028
1947
1963
2063
2004
2033
1992
2080
1955
2095
1979
2041
2060
1972
2072
2003
2016
2059
2063
2015
2039
2069
1996
2024
1975
2005
2009
2092
2045
1951
2065
1991
2075
2075
2058
1945
2058
2072
2021
2009
2016
2053
2065
2071
2089
2057
2012
1992
2025
2007
2023
1963
2053
1987
2009
2042
2023
2041
2085
2023
2013
2055
2053
2081
2009
1981
1938
2007
1955
2021
1967
2058
2011
2024
2060
2013
2138
2070
1987
2080
2095
2016
1992
1979
2024
2032
1971
1972
2075
2016
2067
2023
2004
1961
2003
2053
2059
2043
2028
2032
2043
1991
2088
2009
2087
2057
1996
2032
2046
1993
1995
1991
2009
2100
2048
1975
2075
2029
1979
2029
1989
1981
2067
2020
2031
2035
2027
2043
2034
2023
2025
2019
2063
2029
2085
2041
2044
2032
1971
2063
2058
2016
2067
2044
2003
1997
2066
2017
2071
2031
2011
2076
2021
2091
2007
2008
2037
1965
2072
2073
2016
2063
2045
2013
2067
1989
2059
1991
2063
2072
2048
2017
1998
1947
2047
1960
2068
1979
2076
2026
2037
1979
1995
2015
2019
1976
2082
2003
2083
2104
2033
2031
2028
2065
2068
2005
2011
2011
1989
2011
2024
2043
1945
2083
1997
2063
2009
2069
2076
2007
2063
2036
1977
2039
2012
2020
2024
1998
2059
2017
2023
2045
2008
2069
2073
1971
1971
1993
1993
2041
2080
2066
1983
2080
2008
2078
2033
2059
1999
2080
2035
1961
2011
1963
2013
2065
2083
1995
2005
2063
1971
2075
2034
1989
2069
1977
1976
2030
1983
1973
2077
2036
2044
2072
2013
2041
1963
2027
2067
2099
1996
2027
2001
2017
1993
2011
2065
1998
2078
2025
2000
2005
2011
2070
1969
2063
2016
2080
1965
2063
1963
2019
1975
2007
2015
2063
2002
2043
1981
2072
2059
1963
2059
2078
2047
2040
2030
1943
2065
1971
2076
2012
1987
1971
2055
2027
2067
2056
2013
1959
2068
2002
2031
1993
1965
1969
2075
1997
1995
1964
2010
2057
2015
2039
2084
2015
2025
2046
2030
2059
2047
2012
1961
2013
2043
2052
2003
2036
2039
2096
1981
2001
2082
2072
1992
1989
2053
2036
1981
2048
1975
2089
1989
2043
1957
2071
2044
2048
1987
2043
2023
2071
1948
2051
2053
2075
2074
1981
2029
2002
2083
2027
2023
1988
2048
2095
2063
2059
1997
1971
2029
2008
2057
2032
2059
1973
2025
1995
1977
2027
1974
2073
2037
2005
2077
2056
2068
1975
1982
2041
1944
2024
2067
2055
2072
2027
2052
2011
2037
2067
2041
2041
2071
2074
2007
2058
2007
1979
1974
1987
1992
2059
1994
2067
2003
2098
2083
2019
1972
2013
2075
2033
2037
2017
2010
2060
2035
2043
2070
1989
2079
2056
1947
2056
2047
2085
2014
1988
2063
2072
2028
2076
2045
2077
1949
2048
2018
1979
1961
2096
1994
1955
2091
2040
2058
1973
1999
2099
2087
2056
2019
1982
2063
2009
1989
2068
2065
2063
1956
2066
1999
2023
2024
2056
2009
1979
2024
2010
2016
2069
1960
2088
2003
2074
2090
2009
2023
2030
1983
2053
2005
2071
2071
2001
2073
2037
1967
2059
2038
1981
2066
1987
2048
1977
2068
1989
1965
2075
2057
2063
2007
2073
2010
1965
2075
2066
1973
2032
2003
1989
2040
2077
1999
2063
2000
2075
2013
2083
1997
1950
1995
2043
1989
2063
1964
2009
1961
1961
2071
2044
2075
1971
2089
2062
2067
1973
2030
2015
2072
2054
1965
2042
2090
1983
1975
1967
2093
1991
2043
2063
1971
2057
1981
1961
2087
1986
2055
2040
1981
2035
2007
2055
1997
2072
2040
2052
2007
2056
2002
2029
2032
1933
2037
2009
2067
2085
2022
2063
2011
2008
1974
2093
2063
1995
2085
2023
2046
2003
2078
2065
1986
2063
2011
2076
1975
1989
1971
2011
1970
1975
1971
1957
2043
1967
2036
2055
2057
2056
2027
2029
2013
1983
2034
2065
2019
2075
2036
2035
1997
2063
2035
2087
2005
2083
2060
2023
1979
2017
1997
1992
2063
2088
2059
2048
1989
2073
1935
1997
1997
2065
1959
2033
2077
1966
1963
1953
2066
2035
1931
2063
2024
2097
2087
2001
1987
1947
2064
2039
1993
1959
1991
2041
2058
2052
2040
2088
2063
2062
2007
2091
1979
2087
2041
2029
2054
2070
2047
1997
2052
2063
1990
2080
2023
2084
2055
2092
1993
2041
2072
2007
2072
2071
2029
2045
2023
2032
2063
2059
2003
2063
2022
2075
2101
1992
1971
1993
2093
2060
2011
2023
2043
1995
1960
1973
1993
2072
2025
1993
2056
2012
2041
2103
2043
2026
2075
1967
2108
1979
1989
2003
2027
2094
2017
2063
2009
1973
2083
1981
2069
1951
2082
2021
2008
1955
2009
2097
2067
2040
1971
2087
1993
2043
2009
1991
2063
2059
2027
2063
2072
2055
2046
1964
2044
1965
1975
1980
1953
2088
1987
2034
1967
2019
2091
1977
2032
1999
2063
2067
2001
2068
1976
2011
2063
2021
1949
1993
2055
2080
2053
2036
2024
2078
2101
2076
1991
2037
2043
2076
2041
2015
1961
2066
2008
2023
1977
2048
2095
2053
2015
2039
2028
2060
2079
1963
1972
2019
2024
2073
2074
2031
2089
2058
1963
2088
2057
2079
2007
2009
2071
1969
2032
1981
2043
1997
2007
2008
1979
1979
2063
1977
1973
2013
2068
1973
1975
1989
2013
2041
1971
1973
2073
2065
2093
2042
2059
2045
2035
2060
2089
2043
2053
1993
2013
2070
2088
2043
2031
2005
2021
2042
1977
2001
1964
2076
2032
2024
2028
2032
2063
2043
1987
2031
1991
1973
2020
2063
2055
2025
2105
1998
2001
1997
2017
1965
2039
2001
2068
1987
2005
2063
1945
2058
1959
2084
2029
2009
1965
2066
1995
1992
2084
1973
2016
2088
2003
2091
2073
1989
2085
1992
1967
2003
1979
2058
2069
1998
2023
1977
2021
2057
2043
1993
2100
2056
1965
2063
1988
2048
2071
1959
2032
2039
2081
2023
2005
2092
2059
2068
2010
2011
1981
1979
2069
2024
2043
1994
2065
2083
1983
1971
1979
1955
2100
2040
1982
2063
2031
2040
1989
2080
2038
2107
2038
2038
2063
2047
1988
2022
2056
1991
2067
2041
2043
1997
1946
2096
2015
2068
1990
2063
2058
1964
2107
1993
2031
2072
2011
2066
2031
1989
2072
1975
2055
2003
2063
1979
2079
2075
2001
1996
2023
1979
1973
2021
1975
2033
2012
2007
2072
2005
2017
2091
2087
2063
2072
2056
1981
1994
2101
2038
1995
2035
2044
2088
1989
2045
1979
1987
1989
2019
1967
1975
2025
1993
2065
2055
1997
2041
2017
1976
2032
1971
2005
2021
2074
2048
2083
2002
2071
2030
2085
2047
2011
1965
2010
2068
2023
2056
2069
1948
2053
2072
2035
1990
2056
1979
2008
1967
1993
2067
2072
1971
2088
1979
2007
2005
2034
2092
2007
1966
2060
2067
2013
1987
2089
2012
2080
2059
2043
1993
2074
1980
1971
2037
2028
1976
2071
2033
1995
1961
2025
1971
2017
2083
2068
1971
2004
2057
1961
2071
2005
2077
2017
2083
2068
1943
2072
2063
2030
2009
2063
2031
2035
2032
2016
2072
2066
1991
2004
2070
2015
2069
2042
1993
2013
2063
2040
1937
2039
1973
1980
2023
2067
2061
1963
2058
1981
2027
1965
2091
2071
1957
2074
2072
2045
2003
2095
2007
2053
2067
2023
1960
2082
2052
1991
2109
2063
2084
2041
2023
2054
2019
2028
1971
2089
2093
2011
1981
2091
2011
2072
1985
2021
1965
2088
2001
2003
1976
2037
2011
2083
2084
2060
2068
1992
2089
2094
2029
2055
2040
2001
1983
2086
1953
2053
2021
1979
2088
2107
1987
2066
2021
2076
1989
2027
2023
1979
2001
2092
2075
2088
1991
1999
2025
2055
1955
2069
2077
2042
2033
2067
2033
2075
1988
1963
2057
2008
1993
1969
2072
1991
2011
1967
1987
1976
2071
2026
2053
1971
1992
2053
2032
1941
2016
2053
2071
2074
2025
2085
2075
1964
2013
2007
2057
2027
1989
2016
2077
2023
1969
2083
1994
2063
2027
2085
2027
1963
2037
1979
2063
2077
1988
1981
2061
2017
1963
1948
2038
2021
2065
1981
1993
2101
2069
2039
2093
2063
2053
2054
1990
2029
1981
2014
1993
2041
1997
1979
2032
2071
2103
1973
2015
2039
2015
2030
1991
1993
1999
2046
2039
2069
2057
2001
2059
2037
2021
2056
2016
1992
2068
1961
2055
1994
1955
2064
1957
2024
1977
2099
2067
1991
2029
2039
2098
1973
2025
2081
2007
2020
2054
1997
2020
2053
2072
1956
2056
1969
1987
2096
1981
2053
2063
2013
2085
2063
1977
2068
2015
2046
2029
2028
1969
1978
2041
2064
1977
2026
2003
1991
2039
1995
2077
2031
1973
2061
2071
2080
2091
2077
2051
2068
1992
2029
2039
2023
1975
2063
1997
2040
2041
1971
2052
1981
2029
2024
2001
2037
2040
2073
2057
2076
1978
2071
2044
2001
2052
2090
1973
2046
2077
2011
1977
2015
2014
2040
2001
2063
2030
2055
2008
2014
2056
2037
2031
2070
2011
2073
2072
2066
2072
1975
1995
2027
1975
2005
2023
2055
2019
2063
2096
2055
2048
1977
2039
1987
2096
1961
2012
2073
1989
2093
2001
1989
1965
2071
1976
1972
1960
1995
2051
2009
2072
2095
1976
1995
2059
1965
2056
2024
1995
2007
2059
1997
2108
1976
1975
2019
1997
2093
2017
2028
2027
2091
1973
2079
1971
1955
2070
2053
2037
2001
1993
1981
2065
2091
2043
2011
1957
2065
1977
2007
1972
1963
2039
1969
2053
2056
2007
2073
2031
2101
2015
2001
2023
2089
2031
2021
1988
2037
1959
2071
2017
1967
2033
2065
2043
2039
1983
1988
2069
2028
2032
2032
2045
2058
1991
2029
2032
2071
1987
2089
1971
2060
2028
2063
2027
2021
2035
2024
2016
2057
1960
2003
2017
2054
2084
2011
2007
2041
1993
2021
2071
2027
2021
2011
2065
2043
1975
2055
2055
2032
1962
2011
2077
2109
2020
2072
1983
2027
1997
2071
2101
1997
2101
2017
2089
1981
2044
2038
1982
1999
1965
2037
2001
2063
2005
2040
1995
2023
2088
2044
1989
2099
1995
2071
2032
1965
2017
2005
2032
2003
2068
2057
2088
2013
2081
2007
1994
2052
1983
1974
2015
2072
2046
2035
2027
2004
2009
2025
2055
2030
1963
2082
1995
2056
2048
2048
1971
1989
2056
1969
2087
2071
2005
2106
1981
2044
2068
2003
2043
1977
1989
2069
2029
1989
2009
2015
2051
2057
2043
2063
1995
1965
2079
2023
2093
1982
2071
2068
2099
2057
1979
2040
2028
2028
2055
1991
2073
2040
2024
2071
2040
2003
1947
1987
2056
2096
1993
1937
2056
2073
1989
2011
1969
2035
2031
2100
2018
2004
2032
2059
1954
2011
2011
1981
1981
1973
2083
2001
2053
2072
2040
2091
2055
2003
2003
2040
1943
1979
2063
1970
2072
2065
1981
2021
1977
2068
1992
1988
2038
1970
2001
2063
1987
1963
2046
2037
1971
2073
1972
2012
2063
1989
1991
2072
2075
1972
2043
1999
2075
2056
2103
1993
2041
1995
1963
1977
2071
1980
2068
2085
2017
1951
1975
1965
2023
1971
2063
2024
1993
2064
1950
2011
2041
2035
1996
2007
2044
2079
1989
2068
2093
1987
2031
2084
1987
1989
2000
1997
2045
2029
2040
2080
1997
2071
1976
1996
1989
2010
2013
2013
1999
2041
2063
2056
2067
2076
1995
1983
2019
2003
2043
1997
2058
1995
1957
2073
2003
1955
2059
2027
2101
2075
1991
2036
2003
2063
2036
2067
1989
2078
2067
1982
1957
1969
2063
2055
2065
2093
2048
2025
2055
2103
2071
2069
2024
2072
1983
2001
2084
2009
2040
2058
2069
2024
1965
2029
2032
1963
2032
2005
2013
2072
1997
1937
2030
1972
2079
2032
2076
2011
1987
2053
2102
2078
1963
2091
1977
2075
1990
2039
2073
2057
1975
2010
2001
1960
2078
2003
1994
1991
2084
1979
2058
2029
1965
2028
2020
2072
2073
2075
2040
2089
2080
2005
1965
1959
1997
1965
1961
2091
2088
1975
1983
2057
2032
2059
2001
2045
1976
2063
2021
2036
2079
2019
1959
2056
2026
2083
2009
2027
2067
1973
2054
2094
2072
2002
2044
1995
1991
1987
2098
1992
1995
2076
2056
2027
1994
2043
1953
2067
2068
1979
2083
1989
1975
2093
2062
2077
1989
2013
1969
2096
2078
1979
2053
1939
2064
2015
2008
2063
2008
2034
2063
2069
2039
1987
2110
2029
2072
1987
2035
2075
2078
1964
2047
2025
1993
2016
2072
2023
1967
2077
1991
2019
2019
1993
2087
2043
2011
1988
2053
2002
2001
2040
2047
1965
2029
2015
2001
2083
1965
1989
2011
2016
2088
1995
2044
1999
2034
2071
1977
2027
1975
1971
2043
2066
2025
2023
2077
2073
2005
1963
1965
2036
2088
2088
2023
2087
2079
1967
2029
2008
2086
1995
2017
2027
1963
2054
2031
2032
2071
2077
2077
2023
2024
1973
2080
2047
2029
2058
2024
2031
2079
2028
2072
1998
2007
2091
2061
1977
1945
2029
1964
2071
2104
2066
1989
2032
2045
2063
2091
2058
2025
1993
2025
1977
2044
1995
2080
2023
1939
2064
2035
1988
2016
2030
2067
2012
1980
1996
1997
1975
2039
2089
2065
2021
2005
2088
2071
2076
2001
2053
2007
2078
2084
2076
2009
2085
2069
1982
2019
2017
1963
1959
2058
2010
2008
1999
1995
2069
2072
2027
2039
2092
2032
2019
2024
1993
1996
2057
1979
2069
2041
2002
2044
2017
2056
2072
1991
1971
2078
1967
1989
1961
2017
1971
2091
2010
2040
2035
2053
2010
2057
2007
2005
2071
2045
1963
2083
2008
2011
2068
2007
2039
2060
1999
2073
2040
2030
2039
2075
1996
1916
2072
1961
1979
1865
2016
1993
2041
2067
1973
2026
2092
2007
2099
2037
1963
2053
2061
1973
2095
2100
2008
2120
2007
2035
1963
2001
2001
2041
1949
2077
2009
1897
2105
1911
2080
1993
2080
1983
2091
2121
2135
2096
2009
2011
2072
2007
1995
2055
2039
1993
1980
2069
1999
1941
1979
1971
1964
2066
2053
2009
2067
2044
1960
2097
2024
2015
1937
2073
2000
2027
1976
2107
1941
2035
1929
2030
2129
1971
2071
2011
2018
2115
2047
1996
2028
2004
2013
2035
2057
2084
2019
2112
2097
1991
2003
2043
1993
1963
2042
2085
2055
1988
2103
2019
2013
2094
2083
2041
2087
2085
2091
2057
2041
2105
2095
2013
2044
2053
2053
2101
2084
2116
2101
2067
2067
2055
2115
2152
2157
2155
2017
2114
2077
2042
2153
2131
2125
2133
2156
2093
2065
2063
2101
2189
2185
2075
2184
2111
2139
2128
2072
2037
2039
2082
2068
2153
2095
2148
2168
2148
2027
2075
2109
2079
2069
2115
2076
2084
2003
2091
1947
2009
1992
2057
1995
2007
2074
1951
2063
1997
2077
1967
2027
2020
2016
1939
1975
2009
1980
1931
1998
1917
1895
1979
1929
1931
1982
1971
1982
1933
1867
1955
1952
1861
1930
1855
1947
1893
1830
1914
1853
1889
1812
2019
1816
1840
1831
1803
1799
2503
1431
2037
1696
1753
1461
2084
1645
2132
2071
2165
2071
1948
1771
1848
1748
1755
1771
1835
1911
2029
2040
2019
1995
1832
1884
1863
1864
1897
1951
1933
1993
2020
1995
2008
1910
1945
1969
1895
1887
1933
1901
2053
1951
2001
2005
1984
1995
1929
2013
1919
2041
2041
2071
2007
2001
1929
1924
1786
1785
1920
1877
2030
1961
1978
2029
1977
1917
1996
1971
1967
1901
1938
1967
1973
1941
2063
1971
1943
1947
2044
2004
2009
2077
2083
2092
2071
2022
2066
2107
2095
2071
1963
2037
2040
2093
2013
2104
2091
2091
2087
2128
2031
2153
2077
2134
2071
2081
2155
2063
2119
2076
2149
2092
2129
2085
2122
2103
2072
2163
2180
2158
2149
2193
2158
2111
2189
2157
2159
2168
2168
2188
2109
2081
2160
2172
2176
2085
2068
2115
2112
2119
2174
2083
2151
2127
2144
2104
2154
2185
2075
2134
2129
2133
2080
2153
2129
2140
2153
2117
2068
2154
2142
2085
2087
2159
2144
2189
2144
2019
2130
2071
2055
2045
2066
2080
2007
2110
2073
2118
2028
2104
2075
2013
2028
2119
2039
2109
2104
2053
2125
2155
2100
2073
2055
2085
1989
2109
2048
2077
2029
2080
2075
2085
2094
2081
2068
2010
2089
2083
2063
2075
2140
2005
2063
2085
2136
2057
2073
1997
2029
2021
1949
2065
1997
1989
2076
1989
2083
1971
2112
1999
2096
1991
2111
2079
2100
1989
2083
2026
2076
2087
2076
2007
1991
2043
2011
2088
2084
2044
2011
2023
1965
2063
2060
1994
2053
2085
2014
1956
2027
2063
2072
2012
2058
2003
2063
2069
1941
1971
2032
2019
1965
2063
1979
2024
2029
2039
1975
2037
1975
2046
2019
1991
2032
2054
1967
2087
2055
2043
1955
1931
1983
1969
2027
2019
1983
1971
1988
1979
2024
1974
1983
2044
2063
2011
2025
1918
2063
1945
1941
2019
1973
2008
1949
1971
1995
1967
1995
1976
1995
1929
1983
1966
1932
1981
1907
1955
1915
2013
1919
1933
2011
2024
1939
1963
1971
2013
1999
1981
1999
1957
2035
1992
1982
1903
1990
1951
2009
1962
1995
1928
1976
1925
2014
1931
1977
1992
1978
1976
1949
1963
1955
1973
2019
1941
1905
2011
1991
1951
1961
1926
1913
2015
2052
2040
1957
2055
1907
1987
2063
1951
1993
1927
2007
2039
2042
1955
1929
1937
2032
1947
2024
2039
2057
1955
2037
2007
2025
1967
2021
1993
1971
2080
2090
2004
2071
2043
2057
1981
1991
2067
2006
2003
2009
2073
2001
2069
2075
2035
2027
2095
2093
2065
2063
2080
2120
2074
2092
2083
2092
2065
2057
2105
2066
2104
2037
2019
2061
2060
2126
2131
2029
2104
2079
2043
2089
2026
2112
2112
2107
2035
2105
2065
2074
2045
2135
2106
2141
2131
2063
2107
2107
2089
2092
2072
2011
1976
2027
2103
2045
2089
2001
2053
2071
2002
1992
2088
2108
2004
2068
2003
2103
2095
2015
1973
2067
1991
2071
2065
2089
1967
2063
2060
2067
2052
2027
1977
2063
2043
1959
1991
2039
2040
2037
2039
1998
1973
2089
1945
2065
2071
1962
2032
2005
1973
2023
2010
2043
1979
2025
2041
2025
2024
2016
1961
1987
2073
2071
2016
2040
1951
2048
2042
1955
2027
2022
2056
1973
1992
1947
1981
1989
2005
2036
1949
2023
1969
2007
1983
2047
1982
2028
1979
2063
1949
2040
1977
1997
2075
2011
1963
1949
2009
1955
2023
1976
1917
1997
1989
2087
2027
1959
1975
2068
2067
2023
1963
1963
2066
1973
2093
2071
2003
2044
2047
2028
2035
2031
1957
2044
2022
1971
2077
2059
2005
2076
2056
2091
2071
2072
2090
2060
2077
2100
2022
2101
1989
2067
2055
2092
2063
2027
2077
2004
2063
2039
2009
2073
2021
2055
2089
2065
2103
2023
2104
2023
2067
2039
2069
2133
2074
1995
2101
2091
2091
2021
2076
2008
2120
2039
2011
2105
2024
2086
2066
2017
2055
1999
2065
2104
2080
1991
1975
2043
2087
2085
2109
2036
2057
2085
2085
2093
2097
2009
2120
2068
2007
2077
2009
2093
2024
2041
2099
2004
2093
2108
1997
2037
2109
2005
2088
2009
2037
1997
2097
2011
2097
2081
2037
2031
2063
2101
2073
2101
1993
2100
2067
2091
1981
2057
2083
2071
2076
2011
2099
2027
2111
2053
2069
2007
2071
2012
2072
2065
2080
1997
2024
1941
1958
2046
2031
2038
1949
1961
1997
2005
2068
2024
2041
1992
1999
2002
2040
2001
2059
1955
1977
2042
2082
2063
2031
1963
2055
2009
2048
2072
2016
1991
2066
1981
2039
2069
2017
1987
2039
1933
2025
2037
2044
1945
2024
2008
1959
2035
2032
2039
1976
1927
1995
2029
2011
1959
2024
1997
2014
2023
1941
1997
1997
1996
2003
1963
1992
1941
2017
1995
2012
1955
2021
2039
1971
1996
1943
1989
1943
2023
1951
1981
2023
2007
1982
2022
1979
2072
2035
2054
1932
2029
2030
2053
2059
2012
1997
1993
1939
1960
1929
1917
1991
2024
2003
1979
1912
2021
1983
2021
1941
1953
2032
2014
2033
1957
1946
2033
1959
1994
2015
2007
1979
2021
1963
2029
1951
1935
2063
2023
1946
1950
2052
2003
2009
2053
1947
1960
2011
1951
2053
1999
1992
1993
2013
1926
1991
1917
2023
2043
2056
2023
1971
1945
1976
2055
2029
2024
2048
2055
1991
2018
1971
2005
1960
1975
2027
2030
2035
2029
2036
1975
2055
2016
2015
2001
2075
2099
2055
2029
1961
2058
2074
1971
2071
2009
2043
2107
2007
2042
1983
2043
1987
2055
2084
2019
2063
2018
2041
2063
2023
2071
2005
1967
2088
1992
2021
2041
2027
2014
2019
2072
2095
2072
2121
1977
2099
2053
1981
2072
2107
2025
2073
2017
1973
2011
2063
2090
2116
2137
2111
2094
2073
2088
2093
2006
2099
2035
2115
2087
2057
2019
2085
2149
2011
2067
2114
2025
2059
2137
2045
2045
2071
2129
2051
2161
2117
2035
2123
2118
2039
2138
2029
2119
2025
2120
2019
2035
2053
2123
2109
2094
2003
2013
2087
2026
2091
2101
2053
2072
2076
2081
2035
2083
2105
2081
2092
2134
2149
2079
2075
2119
2005
2037
2136
2068
2063
2076
2021
2053
2040
2063
2027
2083
2063
2107
2007
2098
2035
2041
1983
2100
2119
2037
2096
2092
2055
2102
1995
1975
1972
2080
2013
2068
2071
2077
1995
1987
2011
1973
2085
2074
2060
2071
2087
1953
2041
2019
2003
2083
1957
2040
2025
1929
2057
1981
2077
2052
1987
1995
2063
2008
2035
2024
1950
2048
1967
2033
2026
2011
2007
2028
1995
2037
1973
2011
1996
2006
2053
1945
1963
1963
2041
1896
1971
1989
1995
2063
1961
1913
1935
1993
1937
1983
2037
1943
2032
2053
2024
2039
1984
2015
1961
1939
1997
1984
1961
1906
1975
2010
2029
2003
2024
1937
1960
2028
1915
1959
2069
2040
2042
2000
1975
1972
2044
2028
2010
1946
2031
1981
1947
1913
2082
1947
1997
1971
1992
1995
1927
2043
1994
1955
2001
1981
1975
1956
2023
2069
2039
1975
2053
1993
2013
1941
1946
1979
1933
2043
1933
1996
2016
1979
1967
1961
1995
2055
1961
2015
2024
1959
2029
2032
2046
2005
2014
2027
2017
1977
2018
2017
1993
1992
1941
2071
1961
1988
2078
2024
2005
2036
2001
1989
1975
1981
2040
2010
1975
1971
2026
1996
2080
2066
1987
1963
2045
2056
2060
1963
2040
1956
1975
1997
1965
1978
1941
1977
1995
2043
2045
2071
2004
2029
1931
2088
1991
2073
2027
2068
2005
1997
2053
2001
2039
2087
2079
2072
2007
1997
2070
2077
2065
2065
2007
2076
2020
2011
2104
2075
2053
2053
2052
2025
2055
1993
1979
2105
2046
2091
2073
2021
2091
2072
2083
2064
2065
2115
2022
2073
2017
2072
2057
2004
2083
1995
2105
2108
2037
2041
2025
1993
1987
2080
2103
2099
1989
2001
2074
2040
2002
2100
2012
2035
2103
1981
1976
1995
2091
2077
2035
2058
2088
1991
1994
2083
2023
2019
2071
2009
2045
2073
2001
2104
2071
2083
2010
2032
2035
2071
2039
2085
2037
2082
2025
1961
2043
2035
2041
2116
2015
2027
2099
2027
2090
2071
2076
2089
2017
2071
2041
2083
2063
2083
2086
2089
2064
1991
1997
2024
2075
2059
2022
1999
2029
2087
2051
2082
2078
2073
2011
1959
2027
2007
1967
2067
2065
2078
1969
2120
2066
1979
1967
1981
2068
2101
2035
2053
2022
2037
2063
2011
1977
2069
1983
2036
2046
2039
2084
2084
1981
2041
1988
2063
2006
2072
2023
1949
2089
1995
1959
2093
1980
2048
2007
2069
1997
1947
2013
2037
1997
2056
2069
2003
2069
1976
2001
2065
2055
2037
2024
1972
2005
2059
2067
2023
1945
1959
1989
2036
2027
2025
2041
1987
2031
2055
2038
2055
2029
2011
2024
2083
2001
1955
2096
1979
2032
2060
1989
1960
2027
2068
1963
2063
1993
2019
1965
1981
1927
1992
2015
2004
2033
2023
2067
2041
1977
2056
1983
2030
1993
2045
2031
1949
2005
1976
1955
1979
1984
1949
1982
2011
1996
1994
2045
2008
2043
2093
1949
1991
2075
2045
1975
2072
2031
2095
2007
2024
2044
1975
2085
2044
2013
2087
2031
2008
2057
2020
1943
1979
2059
2007
1959
1995
2009
2035
1999
2009
2067
2040
2032
1960
2029
2007
2057
2027
1975
2047
1993
2084
1971
2072
1981
2055
2020
1979
1954
2006
2041
2029
2081
1961
2037
2039
1982
2015
2063
2041
2082
1961
1980
2099
1991
1994
2031
2039
2086
2058
2072
2043
2045
2015
1943
2027
2028
2032
2073
2007
1959
1960
2032
2005
1977
1989
1995
2036
2027
2080
2023
2091
2071
2063
1973
2031
2067
2014
1955
1973
2042
2029
2055
2024
1987
2072
2031
2057
1992
1971
2058
1976
1999
2043
1981
2030
1963
2078
2056
1959
2024
1961
2072
1971
2043
2037
1980
2078
2037
2033
2001
2035
1977
2072
2041
1963
2043
2044
2081
1995
2055
1971
1993
1975
2048
2020
2065
2027
1971
1957
1995
2053
2035
2067
2040
2055
2045
2081
1997
2068
1967
2056
2032
2019
2012
2001
2042
2056
1961
2001
2019
1995
2009
2034
1973
2091
2074
2024
2041
1987
2035
2047
2003
1993
2083
2041
1983
2040
2016
2072
2083
2033
2046
1991
2003
2041
1981
2037
2073
2040
1993
2057
2057
2077
2048
2060
2028
1969
2065
2019
2075
2012
1949
2101
2083
1977
2068
2031
2069
2075
2077
2072
2085
2009
2009
2067
2078
2019
2047
2009
2077
2083
2056
2003
2043
1982
1956
1997
2083
2048
2072
2043
2013
2055
1977
2065
2062
1981
2097
2029
2071
2007
2015
1997
2054
2012
1975
2044
2001
1975
1997
2032
2077
1977
2080
2009
2029
1975
2074
2001
2096
2013
2083
2063
2003
2085
2027
2089
2040
2031
2101
2068
1995
2048
2019
2067
2072
2077
1971
2041
2003
2057
2029
1963
2003
2016
2007
1980
2041
2003
1969
2057
2069
2055
2032
2035
2052
2039
2033
2063
2057
2074
2079
2072
1965
2089
2007
2017
2003
2005
1998
2080
2029
2006
2031
1980
2041
2084
2031
2023
1995
2060
2005
1996
2042
2003
2003
2074
2055
2052
1979
2071
2006
2036
1981
2059
2085
1991
2011
1947
2033
2035
2068
2071
2073
1988
1995
2076
2048
2041
2031
2023
2081
2079
2007
2043
1996
2008
2013
2053
2063
2008
1970
2019
2074
2016
1965
2001
2013
2009
1967
2013
1995
1939
2025
1957
2051
2003
2003
2044
1999
1929
2048
1965
2059
1934
2037
2041
2045
2076
2032
2063
1991
2023
2063
2053
1998
2036
1963
2069
2080
2063
2004
2035
1979
2038
1979
2057
2029
2065
2029
2047
2063
2037
1989
2001
1955
1973
2039
2076
2053
2003
2045
1943
2037
2025
2029
2066
2027
2011
1975
2024
2007
2045
2053
2007
1966
1941
1957
2020
1955
2037
2040
2055
2054
1999
2053
2071
2057
2046
2047
1993
2024
1965
1992
1955
2063
2004
2053
2012
2024
2023
2040
1993
1977
2040
2031
2071
2005
2083
1996
2066
2008
2091
2040
2043
2028
1996
1973
2056
2032
1971
2043
2038
2055
2085
2032
1977
2026
1992
2047
2007
1995
2043
2040
1981
2055
1997
2068
2023
2033
2065
2091
2100
2032
2068
2039
1979
2051
2056
2010
2066
1979
2067
2048
2052
2031
2009
2096
2068
1999
2048
2023
2023
2012
2095
2027
1996
1967
2041
2063
2071
1992
2007
2087
2005
2076
2047
2037
2104
1977
2001
2063
2057
1993
2069
2025
2069
2083
2085
2037
2043
2037
2063
1995
2055
2110
2069
2013
2039
2101
2057
2025
2005
2092
2104
2044
2090
2072
2046
2003
2067
2059
2021
2069
2088
1975
2096
2009
2026
2023
2047
1993
2023
2035
2048
2057
1989
2035
1973
2099
2079
2027
2088
2056
2027
2103
2054
2071
1993
1975
2084
2080
1981
2067
2075
2001
2057
2056
2103
2022
2021
2027
2017
2090
2026
2058
2019
2057
2048
2008
2031
2077
2068
2033
1980
2021
2057
1995
2044
1995
2063
2040
1943
1971
2062
2007
1980
2072
2016
2048
2005
2107
1977
1965
2101
2032
1933
1989
2041
2103
2028
2029
2009
2065
2063
2032
1993
1948
2066
2040
1971
2085
2027
2033
2016
2009
2005
1967
2034
2099
2025
2080
1987
2055
2043
2035
1973
2044
2008
2029
2068
2060
2041
2044
2057
2032
1991
2017
2042
2057
2025
1989
2007
1997
1947
2059
1981
2006
2072
1975
2072
1983
2071
2055
1949
1949
2071
1989
2064
1998
2096
1965
1949
2009
2015
2027
2025
2072
2033
2055
2043
2028
2025
2035
1993
1989
2020
2048
1981
1931
2027
1963
2058
2070
1973
2055
1981
2017
1973
2068
2017
1976
2008
1991
1963
2043
1977
2044
2005
2077
2045
1996
1987
2021
2021
2043
1961
2053
2003
1974
2053
2082
2007
2018
1979
2012
2015
2007
2031
1995
2053
2053
2011
1993
2007
2011
2059
2080
2023
1973
2036
2024
2020
2045
1974
2099
2030
2041
2071
1979
1943
2031
2035
1973
1992
1959
2060
1975
2071
2059
2027
1993
2047
1977
2088
2059
2088
2031
1989
2037
2020
2063
2067
2031
1971
2039
2032
1975
2065
1957
2060
2032
1992
2039
2091
1977
1960
2089
2063
2071
1991
1981
2072
2011
1975
2043
2053
2056
2107
2063
2003
2089
2035
2016
2010
2030
1973
2068
2040
2093
2003
2063
1979
1981
2042
1981
2076
1971
1971
2053
2003
1979
2084
2089
2074
1997
2067
1980
1944
2055
2010
1996
2097
2057
1987
1958
2053
2000
2073
2039
1983
2002
1998
2087
2002
2044
2067
2092
2027
1997
2033
1987
1971
2025
2021
2067
2074
2066
2023
2011
1981
1976
2056
1955
2071
2040
2056
2022
2067
1972
2008
1947
1997
1979
2067
1991
2009
2071
2075
1962
2001
2063
2053
2076
1983
1973
1980
2063
2021
1961
2072
2075
2078
2073
2059
2013
2032
2067
2005
1989
2056
2009
1960
1979
2009
2015
2005
1981
2040
1991
2039
1989
2013
1971
1969
2041
2047
2108
2011
2081
1975
2007
2040
1979
2057
2080
2056
1973
2065
1993
2077
2031
2007
1973
2077
2040
2003
2023
2029
2024
1962
2077
1997
1991
1994
2083
2031
2042
2037
2031
2026
2060
2104
1975
1977
1995
2011
2041
2023
2040
1967
2031
2042
2093
1975
2078
2095
2027
1991
2056
1989
1949
2063
2043
2035
2055
2080
2109
1989
2097
2020
1979
2048
2012
2073
2069
2045
1964
2019
1991
1960
1988
2080
1976
1989
2069
1979
2005
1966
2045
2043
1955
2052
2020
1996
2056
1981
2060
2075
2028
2063
2055
2044
2020
1975
2033
2024
2104
1970
2069
2023
2009
2027
1997
2071
2068
2010
1995
1977
2043
2035
1965
1980
2063
2011
2087
1965
2099
1989
2041
2101
2060
2029
1979
2055
2069
2048
1979
2035
1989
1976
2071
2002
2053
2031
2053
2075
2043
1980
1992
2089
2044
2086
1997
2039
2048
2005
1959
2067
2059
2002
2084
2080
2024
2001
2015
2004
1979
2055
1977
2011
2011
2068
2066
1993
2007
2013
1977
2076
2067
2060
1991
2070
1971
2044
2061
1963
2011
2009
2009
2073
2039
1993
1983
2009
1967
1971
2029
2030
2034
1965
2023
2056
2029
1949
2090
2085
1957
2071
2043
1975
2057
2085
2069
2073
1991
2025
2058
2025
2017
2040
1960
2007
2066
2040
1993
2076
2001
1971
2016
2011
2063
2088
2087
2093
2021
1961
2059
1958
1979
2083
2011
1993
1965
1991
2019
1975
2066
2055
2007
2037
2055
2041
2003
1987
2031
2014
1971
2017
2036
2043
1961
2039
2020
2039
2088
2010
1997
2027
1997
2055
1961
2008
2087
2056
1988
1961
2076
2088
2066
2076
1993
2059
2027
2074
2057
2067
1955
1993
2085
1971
2100
1976
2089
1995
2063
2044
1980
2077
2063
2037
2057
2031
2029
2053
2055
2066
1969
2063
2057
2066
2073
2021
2032
1979
1993
2085
2005
2055
2053
2084
2061
1963
1997
2077
2038
2024
1967
2043
2070
2063
2069
2027
2063
2043
2060
2023
2043
2015
2063
2008
1977
2065
2040
1999
1947
2080
2065
2043
2071
2041
2088
2066
2039
2069
2009
2002
2059
2088
1979
2065
1981
2009
1977
2063
1971
2091
1992
2005
2080
2011
2109
2029
2048
1957
2075
2097
2063
2056
2081
1965
1966
2033
2053
2071
2023
2031
1971
2023
2053
2058
2023
1991
1997
2063
2007
2099
2027
1983
2016
2035
2007
2064
1971
2071
2042
1995
2064
2022
1979
2020
2031
1992
2003
2073
2086
1995
2073
2031
2063
2065
1997
1967
2058
2009
2092
2036
1979
2027
2072
2021
2025
2072
1997
2027
2043
2105
2084
2038
1989
2023
2023
1979
2063
1972
2039
2039
2065
2099
2027
1991
2055
1995
2077
2077
2063
2028
2080
2003
2003
2063
2005
1988
2058
2037
2104
1981
2040
2055
2052
1975
2074
2068
2089
1980
2055
2029
2077
2053
1965
2072
2007
2018
2036
2095
1999
2041
2036
2011
2025
2001
2021
2056
1977
1993
1989
2009
1943
2085
2089
2066
2027
2007
2021
2044
2005
2040
1951
2043
1987
1963
1965
2079
2071
2085
1981
2065
2030
2025
2043
1957
2005
2009
1971
2059
2071
2023
2045
1963
2080
1975
1989
2007
2065
2017
2072
2059
2083
1973
2044
1944
2005
2055
2083
1994
2027
1995
2009
2059
1983
2066
2069
2080
2063
2087
1973
2027
2071
2069
2027
1971
1947
1973
2077
2003
2025
2076
2013
1964
2065
2016
2066
1992
2036
1975
1995
2089
2024
1951
2073
1989
1993
2077
2008
2023
2002
2039
2024
2034
2044
1945
2079
2013
2018
2088
1975
2031
1995
2040
2025
1993
1973
2039
2011
1987
2060
1971
2090
1980
2075
2023
1980
2023
1971
2063
2045
2021
2088
1959
1957
2012
2037
2005
2057
2089
2053
2059
2024
2013
2052
2021
2003
2016
2008
2082
2084
1992
2005
2063
1981
2043
2040
2007
1969
2035
2011
2059
1993
2087
2029
1971
1995
2119
1993
2081
2032
2011
2067
2086
2088
1987
2096
2011
1977
2037
2072
2009
2016
1949
2057
2079
1997
2039
1981
2075
2068
2024
2003
1975
2084
1995
1976
2067
2041
1974
2023
2036
2080
1992
2002
1976
2039
1977
2017
1993
2079
2028
2005
2063
2059
2053
2075
2044
2108
2059
2055
1997
2065
2059
1979
2035
2091
2031
2025
2033
2076
2043
2007
2047
2027
1987
2035
1979
2059
2025
1997
1979
2058
2085
2032
2005
2047
1999
2071
1976
2099
2016
2043
1977
2085
2023
2072
1981
1991
2037
1993
2041
2009
1993
2063
1992
2037
2073
2071
2072
1973
2048
2072
1976
2078
1981
2063
2063
2084
2067
2083
1998
2080
2039
2007
2060
2024
2001
2033
2033
1987
2021
1958
1967
2071
2037
1972
1995
2019
2063
2039
2040
2013
2055
1999
2029
1965
2039
2029
2087
1989
2095
1965
2011
1987
2069
2021
1975
2039
1993
2078
2104
2023
2066
2046
2075
2026
1991
2056
2011
2060
2046
2077
1971
2039
2016
2089
2072
2015
2037
2039
2065
2053
2024
2052
2007
2093
2011
2035
2039
2041
1973
2075
2019
2021
2031
1965
2051
2040
2011
2072
2029
2016
1997
1961
1971
2077
2044
2075
2008
2067
2032
2015
2041
1950
2032
2073
1992
2093
2045
2045
1997
2059
1947
2031
2040
2021
2067
2029
2039
2039
2048
2039
1992
2025
2048
1971
1965
2063
1960
2067
1994
2045
2040
2005
1977
2071
1987
1967
2023
2005
2073
1996
2043
2016
2056
2007
2041
2007
1979
2063
1981
2053
1981
2022
1981
2024
2077
2001
2091
1981
1963
1951
2015
1965
2009
2071
2082
1993
2063
2031
1979
2067
2041
2035
2073
1989
2063
1965
2065
1995
2009
2021
2067
2001
2006
1987
2022
2023
2067
2052
2041
2010
2045
1983
2029
1960
2071
1972
2055
1955