2072
2045
2007
2076
2104
1959
1973
2089
2035
1949
2002
2045
2054
2056
2021
2079
2063
2031
2059
2003
2078
1973
1975
1937
2025
2063
2027
1933
2063
2063
2077
1951
2025
2043
2067
2063
2057
1999
2001
1995
2018
2010
1937
2065
2015
2079
2013
2011
2009
1987
1989
2055
2023
2065
2005
2013
2043
2080
2001
1993
2053
2044
2045
2021
2043
2057
2040
2037
2063
2047
2003
2104
2037
2040
2024
2032
1989
2089
2065
2060
1978
2043
2040
1985
2063
2001
1991
2081
2017
1955
2059
1993
2053
2040
1973
2073
2031
1971
1959
1979
2063
2016
2041
2074
2063
2041
1989
2071
1989
2040
2028
1987
2059
2025
1987
2063
2032
2038
2092
2009
2040
2003
2027
1990
2035
1980
2007
2003
2013
1971
2023
2068
2043
2080
2019
2006
2029
2084
2044
1993
2040
1983
1979
1997
1971
1997
2028
2023
2058
1989
1976
2069
1964
1987
2020
2031
2063
2067
2068
2077
2063
2037
1973
2067
1977
2011
1991
2041
2029
2059
2035
2001
1979
1971
1988
2029
1971
2048
2015
2057
2070
2068
1963
2003
1979
2029
1990
2016
1991
1975
2102
1993
2008
2035
2027
2074
1947
2095
1991
2092
2009
2103
1955
1997
2085
2104
2015
2047
1986
2057
2059
2038
1955
2085
2059
2082
2028
2027
2030
2064
2001
2019
2067
2006
2087
2054
2048
2003
2042
2031
1993
1947
2058
2093
2046
2063
2016
2056
2056
2084
2055
2011
2009
2005
2032
2024
1989
2071
2078
2087
2076
2015
2040
2011
1967
2020
2011
2071
2043
2016
2074
2027
2037
1976
2003
2020
1957
2015
2041
2024
2063
2023
2085
2068
2073
2011
2058
1990
2018
2002
1981
2068
2055
2023
2052
2043
2048
1989
2039
2077
1995
2059
2023
1997
2075
2043
2057
1991
2015
2063
2043
2090
1991
2037
1949
2003
2025
2095
2017
2045
2077
1993
2083
2029
2105
2065
2051
1963
2067
1993
2056
1975
2069
2017
2013
1980
2008
1945
2063
2007
2028
2096
2082
2004
2053
2067
1993
2017
2033
2096
2075
2011
1967
2055
2026
2013
2040
2028
2034
2027
1991
2056
2030
2063
2029
2027
2047
1989
2039
1991
2061
2065
2007
1965
2023
2071
2068
1983
2001
2057
2063
1947
1993
2077
2037
2084
2065
2063
2030
1975
2066
1919
2029
2071
2037
2065
2076
2009
2075
1983
2005
2011
2001
2099
2056
1957
2063
1995
2097
2093
2048
1957
2039
2071
2011
2093
1977
2059
2077
1970
1947
2040
2037
2036
2083
1963
2101
2058
2013
1987
1983
2065
2048
1980
2009
2046
2067
1961
2023
1969
2067
1993
2048
2009
2019
2065
2059
1961
1977
1992
2019
2013
2040
2043
2063
2044
2023
2052
2073
2024
1975
1965
2077
2073
2016
1935
2057
2060
2041
2068
1997
2069
1987
2087
2044
2001
2031
2048
2003
2085
2023
2019
2007
2043
2025
1955
2063
1971
2071
1997
2012
2076
2009
2068
2017
2031
1951
2061
2059
2039
1994
2021
2035
2066
2008
1964
1991
1992
1948
2066
2027
2063
2044
2083
1979
2087
1964
1969
1967
2023
2007
2073
1966
2063
1989
2100
2057
2068
2040
2039
1997
2036
2041
2073
2020
2029
2063
2077
2013
2035
1990
2016
2023
2071
2023
2056
1971
2108
1994
2069
2067
2077
2002
1980
2038
2105
2104
2063
2073
2071
2023
1953
2039
2043
1978
2037
2002
1979
1956
2069
2031
2056
1991
2021
1957
2031
2001
1979
2089
2085
2090
2059
2027
1957
1989
2076
2071
2072
2011
1997
2045
1992
2039
1963
1978
2071
1995
2056
2044
1979
2010
2027
2043
2073
2005
2072
2035
2084
1975
2001
2027
2105
2063
2072
2015
2089
2076
2027
2028
1975
1961
1962
2040
2007
2000
2039
2063
2082
2009
2091
2066
2069
2005
2033
1971
1981
2087
2029
2095
2066
2039
2063
2060
2057
1963
2079
2091
1989
2013
1979
2064
2071
2084
2023
2093
2007
2063
2008
2083
1994
2001
2031
1964
1963
1976
1949
2045
1977
1957
2095
2009
2093
2033
2095
2068
1995
1997
2060
1981
1975
2035
2044
1967
2037
2080
1971
1997
2001
2105
2063
2038
2065
2075
2048
2079
2039
1993
2084
2039
1984
2003
2039
1993
2093
2003
2029
1974
2019
2037
1981
2069
2028
2080
1995
2100
2087
2100
2040
1969
2039
2059
2039
2074
2003
2083
1996
2076
2072
1973
2007
1983
1951
1973
2043
2063
1987
2023
2071
1960
2027
2027
2043
2019
2011
2012
1957
2023
1995
2095
1981
2085
2093
1999
2027
1976
2032
2007
2085
1995
2055
2065
1981
1961
2052
2012
2048
1939
1995
2051
1993
1954
1981
1995
1989
1995
2021
2024
1995
2005
2084
2005
2044
2011
2016
2003
2063
2053
1957
2027
2081
1970
2039
2023
1975
1973
2087
2043
2067
1983
2101
2072
2023
2060
2009
2071
1973
2028
2017
2077
1951
1989
2041
2005
1949
2069
2058
2020
1995
2009
2027
1993
2057
2025
2007
2017
1995
1981
2009
1997
2001
2021
2025
2045
2075
2053
2076
2011
2083
1965
2044
1963
2036
2055
1991
2036
1995
2013
2029
2094
2011
2063
2032
1959
2023
2001
2065
1965
2041
2030
1961
1997
2087
2063
1989
2063
2007
1991
1955
1995
2046
2008
2057
2057
1976
2007
2020
1975
1983
2098
2068
2107
2060
2031
2030
2072
1977
2085
1997
1967
2067
1975
2057
2028
2017
2067
2009
2013
2087
2085
2027
2007
1971
2035
1987
1993
2058
2064
2013
1973
2069
2090
1966
2065
1967
1987
2022
1991
1988
2068
2020
2023
1980
2031
1991
1943
2040
2057
2071
2109
2023
2044
1971
1977
2053
2073
2059
2024
2045
1988
1958
2083
1997
2078
2053
2019
2065
2075
2043
2068
2073
2099
1973
2055
1988
2073
1989
2008
2029
2023
2025
2083
2063
2067
2035
2001
1977
2015
2055
2034
2038
1959
1961
2073
2063
1987
2059
1981
2056
1993
2095
1973
1979
2081
2029
2073
2019
2032
2021
1979
2021
2017
2065
2063
2055
2021
2080
2009
2088
1955
1977
1976
2012
2067
2064
2043
2067
2029
1993
1977
2088
2087
2040
2001
2053
2003
1989
2081
2027
1978
1949
1973
1955
2044
2005
2087
2063
1993
1973
2023
2056
2019
1971
1975
2007
2047
2056
2072
2002
2013
2038
1963
2040
1995
1982
1999
2019
2016
2080
2023
2074
2072
2072
2039
2025
2037
1977
1973
2058
2067
2015
2045
2103
2075
2044
2109
2059
2098
2017
2104
2045
2091
2040
2063
2058
2034
2025
2031
1951
2044
2023
2038
1977
1965
2041
2053
2075
1995
2021
2081
2044
1991
2039
2077
1991
1969
1961
2035
1999
2064
1993
2107
2069
2025
1981
2092
2089
1997
2011
2086
2042
2071
2010
2035
2069
2053
1988
2000
2012
1991
1981
2065
2021
2066
2097
2063
1980
2068
2023
2068
2069
2015
2053
2039
1975
2041
2005
2013
1973
1977
2023
2006
2073
2081
2009
2063
2047
2077
2045
2001
2071
2077
1971
1979
2027
1971
2075
2043
2075
1980
1998
1980
2025
1967
2038
2013
1997
2063
1979
2063
2027
2027
2072
2073
2021
1964
1991
2003
1977
2048
2084
2055
1979
1981
2007
2087
2003
2019
2063
2059
1967
1979
2005
2067
2022
1993
2060
2033
2075
1931
1989
2099
1949
2077
1998
1933
2071
2027
2044
2009
2067
2013
2063
2024
1983
2037
1946
2023
2041
1961
2094
2029
2011
2059
2003
2012
2068
2063
2063
2009
2043
1984
2043
2017
2015
1977
2024
1995
2059
2043
2040
2003
2067
1993
2040
1981
1977
1977
2003
2040
2093
2012
2048
2063
1997
2066
2101
2038
2047
2056
2035
1993
1961
2079
1986
2039
1983
2056
1979
2065
2010
2063
1979
2065
2040
2065
2072
1973
1964
1993
2043
1975
2076
2060
2083
2013
1973
2009
2048
1971
2045
1976
2031
1975
1997
2014
1991
2044
2015
1947
1999
2039
2023
2043
1997
2063
1996
1997
2069
2045
1963
2083
1997
2071
2039
2021
1959
2055
2005
2002
2057
1975
2063
2013
2005
2083
2029
1992
2090
2048
1995
2004
2063
1973
2099
2081
1958
2025
2037
2003
2088
2027
2020
2063
1976
2073
1987
2060
2068
2013
2056
2058
2103
2093
2040
2005
1994
2009
1977
2013
1995
2074
2067
2025
1981
2070
1983
2065
1967
2079
2065
2057
2077
2015
2081
2080
2040
2103
2015
2076
2018
2031
2005
2080
2045
2063
1971
2040
2021
2003
2058
1993
2079
2074
2077
2057
2110
1997
2059
2043
2080
2042
2077
2075
1995
2068
2037
2027
2013
2027
2099
1981
2069
2054
2003
1962
1959
2039
2053
2045
2003
2020
2087
2069
2089
2043
2039
1991
1989
2004
2058
2003
2019
2060
2011
1953
1981
1962
2010
2042
1981
2011
2088
2091
2075
2058
2038
2039
2032
1981
2067
2039
2110
2005
1959
2043
2088
1987
1989
2011
1992
1991
1958
2029
2089
1995
1995
2087
2075
1971
2059
2027
1957
1981
1991
2036
1978
2040
1965
2037
1991
2011
2071
2082
2015
2042
2073
2044
2075
2078
2043
2053
2040
2099
2011
2045
2072
2059
2036
2031
2071
2012
2067
2037
2021
1971
2068
2053
2033
2089
2077
2065
2025
2072
1995
2027
2057
2008
2040
2086
1979
2077
2045
2003
2028
1957
2091
2032
2092
2089
2091
2007
2056
2074
1965
2007
2078
2040
2043
2069
2040
2045
2063
1975
1947
2033
2009
2063
1967
1951
1965
2013
2048
2005
2025
1995
1987
2005
2088
2079
2065
2059
1976
2037
2080
2015
1977
1972
2063
2048
2021
2056
2056
1979
2043
2004
2072
1989
1995
2009
2063
2053
2039
2030
2053
2044
2069
2017
1977
2101
1993
2013
2030
2101
2011
2071
2043
2035
2016
1971
1997
2063
1981
2007
2065
2063
2041
1963
2009
1971
2028
2024
2073
2055
2040
2023
2055
1973
2085
2045
2003
2041
2048
2058
2023
1944
2021
2043
2069
1987
2005
2019
2057
2016
1981
2027
1989
1999
1957
2030
1996
2067
2033
2063
2004
2011
2099
2088
2008
2076
2045
2036
2038
2060
2003
1993
2027
2015
1971
1995
2068
2005
2076
2041
2097
2019
1975
2023
2043
2040
2012
2097
2068
1989
2027
2059
1987
2075
2039
1975
2040
2071
2003
1959
1973
2086
2057
2024
2071
2063
2016
1947
2037
2091
2063
1957
2073
2070
2068
2016
1969
2019
2029
2039
2019
1955
2014
1996
1981
2003
2097
2071
2053
2075
2059
2100
2003
2008
2071
2039
1993
2088
2034
2073
1997
2053
2001
1957
2001
1976
2067
2063
2083
2068
1983
2054
2037
2055
1996
2041
2011
2065
2058
2083
1973
2071
2036
2055
2075
2046
2001
2021
1987
2023
2089
2058
2024
1961
2057
2055
2003
2007
2043
2039
2011
2026
2032
1967
2029
1983
1973
2069
1965
2055
2060
2060
2041
2063
2000
2071
1997
2084
2025
1991
2019
2087
2035
2026
1972
2004
2057
2044
2017
2024
2069
1995
1977
2011
2032
1977
2058
2066
2010
2012
2099
1993
2103
2059
2057
2057
2043
2017
1993
1983
1976
2075
2073
1961
1963
2057
1971
1995
2043
2087
2076
2092
2011
2017
2074
1997
1981
2003
1973
2039
1951
1979
2001
2032
2003
2030
1993
2020
1975
2073
2015
2015
1991
2083
1991
2029
2067
1989
2033
2056
2009
2037
2035
1957
2083
2036
2041
2065
2072
1996
2008
2093
2009
2068
2009
2060
2074
2054
2073
2045
2016
2057
2030
2025
1965
1963
2037
2040
2033
1993
2024
1961
2045
2009
1999
2037
1989
2039
2043
2075
2075
2044
2032
1981
1960
1957
1991
1951
1976
1977
2021
2001
2075
1949
1991
2027
1973
2070
1992
2116
1977
1983
2030
1954
2057
2091
1993
1992
2016
2017
2087
2099
1961
2016
1997
2074
2007
2003
2063
1997
2073
2019
1993
2081
2063
2076
2098
2083
2045
2003
2055
2083
2067
2003
2016
1996
1983
2045
1965
2067
1997
2039
1963
2010
1973
2055
2046
2003
2067
2023
1981
2016
1983
2039
1997
1982
2039
1957
2025
2063
2029
2023
2099
2043
2025
2071
1975
1961
2085
2027
1979
1988
2046
2081
1991
2029
2079
1975
2013
2083
1987
2069
1977
2004
2041
2069
2067
2008
2011
2043
2053
2008
2039
2075
1997
1964
1969
1961
2029
1975
2033
1977
2011
2043
1989
2028
1949
1961
1977
2088
2078
2067
2060
1987
1995
1994
2085
2002
1971
2037
1995
1983
2041
2040
2044
2013
2017
1977
2039
2056
2042
2078
2038
1967
2079
2027
2071
2046
2001
1956
2044
2043
2001
2032
1975
1997
1975
2003
2027
1995
2023
2091
1966
1975
2012
2051
2039
2070
2080
2040
2121
2040
2035
2027
2053
1969
2035
2042
1955
2035
2033
2054
2023
2007
2015
2015
1981
2063
1981
1989
2068
2085
2071
2072
2039
2023
2016
2032
1955
2080
2083
1953
2035
1956
2087
2071
1950
2058
2039
2031
2001
2002
2040
2072
2103
2025
2078
2067
2056
2067
2048
2041
2044
2039
1989
2004
2083
1997
1995
2085
1995
2073
2020
2011
1981
2028
2007
1965
2075
2009
2071
2107
2057
2060
2008
1975
1997
2063
1969
2083
2031
1938
2025
1999
2005
2103
2047
1991
2080
2019
2044
2038
2060
1947
2031
2078
1995
2048
2009
2045
2033
2027
2016
1989
2032
2032
1945
2085
2021
2069
1959
2055
2066
2044
1977
2025
2097
2063
2063
2088
2055
2035
2060
2015
2063
1955
2097
1978
2096
2040
2043
2083
2054
2092
2023
2035
1987
2038
2039
2065
2003
2011
1975
2041
1997
2011
2025
2023
2063
2066
1979
1973
2073
2019
1989
2042
2063
2024
2032
2057
1991
2105
1997
1991
2053
2007
2021
2011
1947
2048
2029
2037
1963
2031
2040
1979
2001
2088
2103
1991
2052
2053
1981
2025
2007
1981
2011
2003
2005
1997
2035
2026
2092
2065
2053
2028
2087
2097
2007
1995
2080
2009
2055
2001
2084
2047
1975
2023
2037
1983
2105
2053
1964
2069
1961
1976
2008
2062
2029
2035
2007
2056
2047
1999
2075
1943
2045
2071
2071
2039
2024
2025
2073
1995
1992
1991
2043
1975
2048
1963
1963
1993
2073
1991
2041
2023
2006
2007
2069
2016
1991
1988
1957
2012
2029
2046
2019
2059
2079
2013
2072
2029
2085
2024
1993
2063
2001
1989
1995
1995
2063
1995
2063
2069
2023
2048
2048
2030
2063
2071
2059
2024
2031
2028
1967
1981
1989
2029
2076
1975
2080
2016
1961
2056
2074
2004
2013
1965
1991
2043
1957
2069
2039
1991
2084
1995
2043
1958
2032
1991
2031
1971
2080
2005
2091
1993
2063
2023
2040
2008
2058
2032
2015
1993
2001
2009
2069
2044
2043
2018
2023
2075
1978
2056
2067
2096
2024
2010
2001
2024
2029
2056
2063
1981
1980
2072
1992
1975
2029
2059
2096
2037
1979
1996
1971
2078
2076
2060
2048
1975
1977
1989
1993
2072
1962
2024
2055
2087
1988
1975
1974
2030
2017
1973
2029
2024
2069
2033
2036
2035
1963
2067
1977
2089
1979
1976
1971
2069
1996
2003
2085
2104
1979
1970
2077
2001
2071
1941
2005
1999
2026
2058
2076
2008
2052
2007
2035
2065
1993
2003
2024
2079
2111
1995
2055
2012
1959
2001
1965
2063
1989
2071
1953
2065
2013
2020
2077
2039
2075
2035
1947
2063
1987
2103
2058
1961
1995
2071
2017
2057
2036
1967
2032
2009
1979
2063
2003
2083
2060
1979
2087
2001
2013
2003
2023
2003
2023
2021
2101
1971
2008
1971
1959
2065
1972
2024
2037
2075
2025
2093
2080
2035
1967
1947
2017
1993
2108
2007
2104
2015
2075
2065
1979
2024
2027
1999
2029
2063
2047
2029
2041
2065
2067
1961
2017
1989
1980
2079
2005
2063
1979
2024
1961
2076
2057
2034
2028
2059
2023
2027
2027
2039
1976
2027
2015
1957
2102
1991
1991
2011
2041
2019
2029
2063
2005
2092
2009
1981
2085
1998
2063
2063
1983
2060
2015
2025
1997
2016
2007
2057
2095
2004
2032
1980
2083
1955
1987
2017
2041
2083
2063
2067
2024
2039
2087
2011
2000
2039
1976
2093
2060
1999
1983
2035
1975
1977
2067
2025
1997
2029
1952
2065
1963
1995
1953
2063
1971
2016
2043
1977
2060
2072
2043
2035
2073
2068
1981
2072
2040
2021
2072
2040
1947
2051
2056
2029
1975
2058
2003
2083
2001
1991
2059
2029
2037
2055
2003
2047
2029
2040
1995
1998
2078
2082
2073
1971
1965
2053
2067
2027
1977
1979
2085
2081
2038
2007
1957
1992
2032
2035
2040
1974
2027
2005
2039
1951
2065
2033
2036
2069
2028
1982
2060
2031
2041
1949
1947
2031
1964
1973
2053
2092
2031
2027
2036
1993
2104
2042
2027
2088
2056
1988
2068
2067
2039
2018
2078
1992
2083
1997
2096
2037
1995
2044
2087
2030
2032
2065
1989
1973
2052
2011
2007
2065
2067
2035
2065
2059
1953
2040
2042
1987
2071
1971
1991
2069
2041
2008
2032
2032
1965
2040
2055
1992
2021
2030
2056
2009
1977
1981
2075
1971
2023
2027
1971
2001
2068
2024
1995
2040
2071
1999
2092
2021
2072
2039
2063
1972
2055
2058
2057
1972
2088
1993
2073
2007
2036
1993
2047
1996
2008
1987
2092
2007
2069
2048
1949
1978
2053
2043
2041
2040
2019
2008
2031
1987
2075
1978
1951
1943
1950
2071
1979
1965
2011
1972
2048
2069
2046
2028
2085
2039
1959
2015
2077
2016
2069
1959
2063
2007
2039
2039
1956
2007
2005
1947
2076
2076
2013
1977
2083
2069
2108
2001
2031
2069
2014
2071
1981
2040
2011
2075
2032
2085
2055
1989
2060
2076
2067
2041
2023
2073
2067
1981
2078
1997
2085
2099
2008
2059
2063
2072
1975
2011
2073
2045
2053
2023
1966
1965
1974
2007
2075
2052
2072
2005
2004
2025
2020
1971
2063
1967
2011
2063
2067
2007
2052
2002
2032
2001
2061
1971
2013
2074
2075
2068
1976
2104
2030
2001
2055
2078
2093
2074
1994
2036
2001
2003
2012
2100
2092
1995
2074
2024
1995
2026
2068
2065
2037
2071
2063
1993
1961
1972
2083
1973
2056
1973
1985
2027
1971
2063
2037
2072
1987
2055
2076
2028
2043
1971
2066
2057
2093
2048
1991
2040
1973
2065
1943
2065
1948
1975
2020
2017
1959
1943
2060
1975
2025
2041
2027
2087
2039
2032
2060
2035
1979
2069
2009
1989
2001
2039
2096
2075
2024
2089
2017
2017
2043
2067
2015
1979
2003
2068
2011
2131
1975
1958
2037
2030
2107
2063
2008
2063
1977
1967
2035
2071
2083
1975
2074
1960
2101
2058
2015
2069
1957
1959
2016
2040
2072
2066
1993
2072
2016
2009
2104
1961
2056
1989
2019
2024
2027
2062
1993
2054
2040
1950
2013
1955
2036
2070
1977
2024
2054
2065
2039
2065
2077
2106
1991
2001
2065
1983
2071
2091
2069
1995
2074
2072
1991
2078
2011
2090
1975
2003
1993
2063
2084
2022
2063
2009
1989
2056
1977
1997
1939
2077
1975
2053
1975
2047
2011
1971
2080
2071
1987
2015
2023
2051
2001
2104
2071
2053
2075
2068
2031
2059
2029
2016
1963
2044
2047
2011
2015
2091
2023
1993
2063
2088
2001
2007
1988
2041
2067
2078
2072
2008
1993
2029
2007
1949
2024
1972
1995
2028
2058
2001
2043
2048
2009
2056
2056
2039
2047
2039
1995
2013
1963
2071
2077
2013
2072
2054
1997
1961
2057
1977
2069
1967
2032
1975
2013
1967
1992
2043
2076
1981
1975
2003
1964
2071
1979
1972
2010
2079
2013
2044
2029
1963
2058
2013
2037
2065
2029
2099
2046
2042
1977
2063
1987
2007
2005
2035
2025
2076
2095
2025
1993
2087
2019
1965
1977
2041
2063
1993
2087
1997
2071
2063
2043
1967
2045
2058
2040
1983
2021
1957
2015
1989
2055
1976
2053
2069
2027
2027
2045
2031
1979
2011
2023
1981
2032
2087
1975
1983
2069
2047
2057
1969
1983
2083
2071
2078
2029
2007
2039
2029
1973
2060
1995
1979
2063
1995
2098
2083
2029
2005
2065
2019
2029
2068
2075
2032
2058
2018
2129
2011
2001
2065
1961
2025
1965
2058
2037
2044
2042
2006
2057
1972
2071
2003
2103
2083
2068
2059
2065
2025
2005
2009
1945
1996
2073
2031
1977
1979
2067
2063
1983
2096
2037
2020
2027
1984
2072
2063
2013
2013
2068
1968
1965
1979
2009
2024
1944
1979
1943
1961
2061
1976
2071
2005
2055
2003
2077
2079
2015
2107
2098
2026
2085
2003
2007
2106
2075
2066
2038
2072
2063
2003
1973
2067
1957
2101
1947
2101
2015
1989
2056
2101
2067
1993
2061
2071
2062
2037
2014
1959
2045
2017
1957
1981
1999
2039
1969
2059
2063
2016
2063
1989
2075
2067
1977
1972
1943
1997
2044
2018
2028
1961
2021
2035
2027
2077
2018
2023
2059
2072
2036
2027
2072
2037
2031
2089
2099
1977
1992
1979
1965
2009
2068
2007
2063
2068
2019
2072
2039
1982
2078
2105
2077
2043
2055
2061
2105
2071
1977
2071
1939
2083
2013
2033
1989
2053
1993
2028
1979
2004
2039
2015
2016
2041
1979
1977
2040
1979
2005
2047
1975
1959
2016
1989
2031
1953
2007
2008
2063
2040
2031
1965
2063
1979
1975
2074
2039
1980
2005
1989
1994
2089
2011
2063
2063
2003
2089
2063
2080
1947
2071
2083
2031
1992
2019
1981
2028
1981
2011
2037
2038
1951
1971
2087
2037
2066
2003
2092
2057
2073
2035
2076
2014
1982
2076
1979
2024
2040
2009
1980
1975
2020
1956
2007
1944
1955
2067
2059
2005
2056
2024
1955
2087
2003
2056
2011
2002
1959
2041
2041
2051
2073
2008
1987
2063
1989
2003
2073
2035
2076
2103
2063
2042
2032
2076
1993
2071
2016
1987
2063
2016
2065
2035
2009
2055
2080
2004
2108
2007
2040
2074
2058
2032
1987
2091
1996
2066
1961
2048
1967
2019
2045
2008
2063
2013
1957
1975
2041
1957
2065
1948
2077
2022
2029
2038
2016
1989
2055
2071
2091
1979
2000
2011
2077
1959
2094
2016
2064
2013
2020
2058
1997
2028
2008
2057
1999
2076
2045
2007
2016
2011
1991
1961
2044
1973
1989
2045
2003
2053
2053
2087
2037
2027
2041
2073
2109
2003
2088
2064
2071
2005
2023
1945
2067
1991
2067
2072
2088
1997
2063
2032
2013
2007
2052
2041
1981
2041
1967
2075
2034
2005
2057
1999
2076
2015
2088
2016
1991
1979
2001
2053
1971
2039
2074
2027
1995
2047
2019
2083
2013
2069
2024
2042
1980
2037
2001
2041
2063
1991
2087
1997
2081
2064
2041
1993
2047
2025
1967
1970
1987
2025
2077
1991
2063
2073
1973
2093
2017
2094
1975
2021
2040
2032
1997
1961
2059
1990
2025
2077
1971
1975
2021
1993
2060
2045
2040
2040
2073
1991
2013
2064
2065
1991
2087
1977
1975
1981
2029
1983
1975
1991
2023
2040
1953
2067
2028
1981
2073
1997
2067
2075
2015
1964
2017
2037
2077
2027
2071
1992
1994
2059
2023
2016
2058
2001
1955
2059
2031
2008
2011
1989
2068
1971
2055
2038
2011
2083
2007
2008
1989
1979
1966
2009
1997
2011
2067
1961
2040
2027
2024
2036
2003
1981
2077
1993
1975
2076
2090
2011
2039
2077
2020
1989
2066
1967
1929
2019
1979
2043
2017
2040
2028
2055
2035
2015
2087
1961
2075
2011
2037
2079
2048
2101
2015
2089
2096
2009
2090
2104
2037
1969
2088
1979
2015
2029
2016
2067
2009
2055
2027
2104
1996
2011
2033
2112
1977
1977
1976
2071
1969
2041
2006
2020
2043
2001
2025
2016
2019
2068
1997
2077
2057
2001
2070
2021
2060
2008
2022
2067
2025
1961
2045
2038
2069
2077
1994
1939
2007
2056
1949
2035
1980
2004
2016
2065
2005
2051
2080
1981
1977
1979
1966
1992
2025
2115
2011
2067
2057
2063
1973
2079
1987
2041
2059
2083
2011
2021
2088
1989
2005
2067
1973
2029
2093
2007
2063
2039
2009
1981
2021
1931
1965
2039
2003
2005
1991
2003
1975
1987
2073
2077
2045
2066
1973
2007
1965
2046
2023
2024
1971
1955
2071
2040
1977
1967
2039
2037
2075
2013
1959
1967
1971
2086
2077
2073
2096
2060
2040
2007
1999
2060
2011
2071
2088
1991
2013
1969
2069
2012
1965
2067
2011
1989
2027
2024
2028
2021
2019
2087
1997
2013
2057
2018
2021
1963
2059
2029
2009
2057
2068
2063
2055
2006
2077
2008
1941
1993
2047
2067
2005
2057
2067
2063
2058
2019
2001
1961
1973
2035
2075
2087
2058
2063
2021
2036
2055
1939
2044
1972
2069
2045
2055
2021
2063
2090
2024
2084
2023
2063
2003
2069
2027
2093
2084
2027
2028
2085
2055
1997
2063
2065
2040
2025
2071
2067
2078
2083
1991
1951
1977
1964
2063
2060
2055
1991
2039
1957
1995
2013
2031
1981
2029
2029
1963
2071
2044
2005
1955
1997
2021
2021
1983
2038
2043
1948
2008
2063
1979
2015
1975
2025
1973
2055
2048
2005
1992
2074
1977
2075
2075
2012
2083
2001
2069
2057
2108
2083
1992
1997
2009
2025
2057
2060
2034
1977
2003
2071
2067
2103
2074
2017
2048
2015
1997
2012
2028
1977
2044
2080
1997
2099
2047
1989
1971
2040
2025
1931
2062
2019
2021
2003
2048
1993
1949
1996
2076
2072
1990
2031
2001
2033
2038
1960
1976
2028
2016
2059
1987
1972
2043
2042
1991
1979
1955
1967
2072
1982
2065
2009
2100
1971
2023
2041
2034
2067
2063
2067
2039
1983
1995
2107
2029
1972
1983
2040
2005
2047
2027
1996
1959
2071
2040
1995
1997
2075
1997
2094
1965
1989
2071
1991
2055
1965
2078
1989
2053
2035
1979
2008
2037
2059
1991
2051
2004
2098
2039
2005
1961
2013
1979
2065
2025
2048
2068
2055
2075
2021
2063
2059
2046
2046
2024
1989
1962
2043
2071
2008
2035
2063
2039
2044
2075
2088
2058
2008
2040
2052
1970
1995
2013
2057
2032
2081
2041
1973
1959
2039
2032
2055
1995
1965
2027
2035
2023
2086
2048
1977
2001
1933
2009
2009
2067
2032
2037
2063
1975
1951
2077
2057
2130
2069
2003
2032
2008
2053
2020
2027
2041
2005
2037
2003
1977
1977
1981
2032
1957
2001
1955
1967
1973
1994
2071
2032
2013
2117
2001
2071
2003
2067
2039
2055
2043
1981
1960
1949
1997
1945
2077
2057
2038
2021
2003
2071
2023
2076
2001
2009
2039
2043
2036
1955
2043
2022
2063
2059
1997
2039
1975
1965
2029
2055
2003
1988
2071
1982
2037
2060
2043
1992
2064
2027
2051
1987
2075
2031
2053
2009
1961
1979
1976
2041
2028
1993
1949
2085
2021
2053
2074
2034
2037
2006
2073
2035
2077
2019
2025
2048
2044
2053
1975
1995
2005
1993
2059
2028
2079
1998
2025
2011
2078
2055
1993
2093
2071
1979
2038
2063
2043
1977
2044
2053
1979
2067
1975
2039
2027
2074
2016
2041
1981
1973
2045
2040
2044
2063
1987
2021
2077
2087
2055
1995
2035
1997
1976
2035
2025
1961
1951
2037
1959
1981
2043
2075
2063
2039
2035
2094
1958
2001
1989
2041
2077
2065
2075
1993
2059
2064
2074
2016
1996
2016
2040
1975
1995
2020
2071
2095
2067
2044
1977
2001
2027
2097
2031
1973
2066
2042
2056
2014
2073
2052
2040
2067
2023
2063
2052
1971
2053
2016
2104
1992
1988
1981
2071
1997
2063
2023
2055
2025
1983
2000
2001
1983
2067
1987
1965
2065
1949
1959
2023
1991
1963
1990
1963
2100
2069
2003
2101
1981
2077
2023
2105
2027
2080
1939
2025
2081
2091
1995
2067
2001
2011
1988
1993
2073
2015
2083
2047
2071
2056
2084
2073
2056
2005
2072
2072
2063
2073
2053
2071
2076
1991
2023
1965
2002
2072
2013
2059
1989
2068
2059
1977
2032
2043
2059
2056
2027
1941
1967
2013
2043
1976
2025
2072
1992
2045
2058
2095
1945
2033
2047
2036
1973
2003
1998
2028
2108
2096
1993
2057
2043
1997
2056
2069
1981
2021
2063
2055
2025
2083
1989
2099
1953
2011
2085
2063
2023
1997
2070
2027
2096
2005
2055
2071
2045
2072
1977
2072
2009
1937
2067
2046
2009
2029
1971
1977
1981
2075
2030
1989
2035
2058
2071
2029
2015
2063
2030
2095
2012
1945
1983
2053
2036
1957
2084
2042
2048
2060
2009
2087
2002
2067
1975
1971
2043
2063
2059
2065
2023
1969
2076
2017
1977
2040
2062
2037
2007
2019
2001
2021
1991
1964
2021
2008
2018
1978
2003
1982
2084
1979
1979
2083
1979
1995
2069
2029
1933
2032
1988
2035
2085
2015
2019
2003
2047
1965
2037
2005
2055
2061
2025
2044
1971
1957
2057
2063
2072
1989
2063
2030
1963
1960
1991
2000
1964
1940
2048
1995
2063
2077
1956
2043
2012
2083
1992
2067
2005
2086
2009
2001
2038
2029
2081
2045
2063
1991
2037
2095
2091
2043
2008
2058
2072
2024
2065
2013
1971
2103
1980
2083
1977
2063
1973
1963
2021
1977
2029
2069
2007
1977
1947
1987
2096
1999
1971
2065
2075
2039
1997
1997
1944
1968
2021
2043
2088
2031
2036
1971
1973
1997
1957
1946
2074
2088
2011
2072
2010
2075
2024
2043
2023
2032
2005
2044
2060
1989
1961
2044
2075
2027
2060
2053
2025
2005
2063
2042
2003
1996
2018
1977
2023
2027
2014
1992
2011
1983
2055
2024
2071
2015
1957
2059
2084
1994
2009
2031
2043
1993
1970
2029
1977
2069
2083
2025
1979
1975
2056
2042
2005
2066
1995
2085
1943
1955
1989
1979
1937
1987
2047
2053
2016
1977
2016
2041
2092
2021
1967
1997
2076
2080
2032
1943
2067
2074
2048
2021
2065
2074
2088
2043
2057
2025
2011
1963
2004
2040
2080
2068
1994
2073
1987
2090
1991
2104
2007
2023
1961
2022
1963
2068
1975
1972
1975
2007
2073
2007
2102
1959
1981
2072
2090
2053
1992
2040
1959
2005
1995
2015
1993
2043
1960
1993
2071
1979
2065
2025
1977
2042
2029
1993
1987
2056
1995
2011
2029
2047
2068
1975
1988
2048
2035
1993
1979
2063
2103
2073
1993
2021
2079
2087
2003
2007
2075
1962
2065
2057
2085
2059
2063
2035
2068
2024
1973
1987
2077
1977
2055
1974
1987
2013
2040
2063
2031
2083
2007
1967
1975
2041
2081
2038
2033
2061
2042
1971
2069
2059
1993
2033
1992
2031
2065
2093
2010
1995
2035
2073
2045
1989
2093
2064
2071
2077
2068
2069
2015
2063
2011
1977
1991
1995
2001
2033
2005
1987
2032
1997
2089
2016
2044
2064
2027
2036
2095
2028
2011
1993
1981
2057
2015
2084
1988
2088
2041
2080
2040
2067
1977
1981
2091
1990
2047
1961
1979
2008
2091
1989
2055
1982
2035
2042
1979
2008
1975
1995
2041
2007
2044
2013
2059
1971
1958
2057
2068
2067
1993
2071
2000
2023
1981
2069
2017
2036
2005
2083
1993
2043
1980
2036
2016
1972
2042
1966
2003
2063
2037
2067
2055
2004
1997
2074
2039
2007
1976
2043
2027
2076
2027
2007
2001
2093
2065
2015
2041
2001
2003
2084
2067
2027
2019
2023
2039
2063
2071
2011
1947
2087
1977
2001
2075
2072
2024
2085
1983
2064
2015
2065
2031
1987
1965
1999
2027
2042
2087
2041
2039
1976
2028
2103
2009
2009
2099
2040
1993
2071
1965
1965
2066
2075
2029
1959
1975
2016
2008
2072
2040
2077
2041
1950
2031
2067
1996
2039
2045
2035
2040
1979
1941
2018
2072
2032
1949
2033
1993
2043
2059
2055
2059
1989
1955
1971
2067
2004
1965
2019
1971
2013
2004
2093
2026
2013
1979
2054
2015
2019
2077
2059
2016
2040
2019
2067
2048
2003
2001
2048
2066
2011
2023
2057
2064
2043
1975
2007
2004
2079
2036
1981
2023
2072
2076
1971
2021
2068
2063
2085
2029
1987
2063
2078
2057
2069
2059
2059
1979
2041
2055
2019
2071
2035
1993
1965
2039
2053
2020
1996
2073
2075
2075
2053
2043
2065
2111
1995
2043
2032
2005
2063
1993
2041
2037
2044
2069
2031
2085
2031
2011
1987
1975
2058
1991
2019
2093
1966
1976
2027
2048
1966
2037
2057
2056
2067
2043
1965
2063
2018
1994
2056
2065
1995
2087
1983
2041
1978
1982
2031
2030
1981
2071
1971
2040
2077
1999
1979
2032
1981
2045
2057
2025
1995
2076
2054
2013
1992
2073
2027
2023
2055
2019
1996
2030
1995
1973
1995
2031
1991
1995
1959
1973
2071
1981
2043
2003
2091
2041
1959
2044
2063
2048
2017
1989
1996
2081
2067
1991
2010
1995
2041
2068
2085
2009
1973
2029
1997
2028
2067
2005
1998
2043
1975
1981
2094
1992
2086
1992
2003
2083
2083
2019
2031
2091
2063
2059
2071
2077
1997
2005
1999
2068
1976
2031
2053
1959
1982
2019
2031
2017
1997
2043
2045
1999
2007
1979
2059
2011
2044
2044
2009
2084
1981
2027
2067
2056
2075
1973
2001
2011
2007
2067
2045
2005
2057
2003
2044
1981
2056
2066
2018
2071
2067
1979
2085
2083
2007
2025
2058
2053
2025
2068
2059
2009
2092
1981
2089
2065
2067
1965
1995
2057
2057
1990
2035
1960
2086
2011
2040
2039
2045
2036
2026
1991
2003
2029
2053
2023
2031
1976
1964
1965
2021
2056
2011
2007
2011
2061
2033
2039
2063
2044
2009
1979
2074
2092
2063
1959
2073
2064
2073
1993
2080
2083
1975
2091
2078
1997
2035
2021
2013
1991
1993
1990
1951
2043
1977
1963
2055
2009
2075
1975
2060
2009
2019
1951
2077
2115
2013
2056
2027
2011
2019
2028
2052
2016
1957
2096
1973
1967
1997
2057
2056
2040
2067
2041
2002
2008
2012
1987
2015
1975
2045
1951
1979
2077
2029
2022
2046
2030
2057
1975
2064
2088
2017
2047
2087
2056
2090
2021
1957
2032
2077
2005
2063
1961
2093
2099
2028
2068
1980
1960
1991
2071
1997
2085
1961
2039
1978
2039
2035
2011
2055
2053
2075
1961
2077
1992
2016
1969
2071
2021
2060
2092
2078
2067
1993
2055
2055
2001
1975
1941
2045
2041
2058
1999
1993
1958
2007
2072
2003
2063
2063
2005
2076
1963
2055
2027
2035
1970
2061
1997
2099
2101
2065
1959
2067
1956
1945
1955
2045
2016
2005
2063
1973
1989
2043
1965
1971
2037
2032
2043
2026
1971
2037
1965
2090
2039
2045
2031
2027
1991
2031
2065
2046
2012
2077
2065
1975
2092
2065
1979
1963
1975
2044
2057
2084
2032
1981
1993
2069
2048
2071
2074
2044
1959
2069
2077
2067
2026
2024
2056
1971
2027
2043
2079
2085
1953
1991
2056
1995
2056
2039
2048
2023
2106
2032
1975
2067
1965
1971
1993
1997
2087
1999
1979
2017
2055
2074
2043
1973
2013
2035
1991
2067
2006
2091
1979
1989
2071
1995
2068
1973
2012
1996
2068
2007
1961
1997
2088
2005
2002
2063
1963
2068
1997
2071
1989
2076
2071
2024
1966
2096
2009
2041
2013
2068
2040
1973
2009
2045
2067
1973
2099
2011
2061
1993
2073
2010
2003
2083
2016
1976
1977
1965
2004
2035
2011
2081
2059
2071
2067
1955
2072
2075
2059
2058
2081
2071
1987
2031
2011
2083
2016
2080
2063
2063
2039
2048
1958
1993
1978
2091
2024
1973
2098
2009
2096
2021
2007
1993
2083
2015
1965
2065
2071
2063
2037
2038
1987
2071
2041
1991
2078
1987
1975
2016
2043
2088
2034
1991
2065
1983
1939
1984
2073
2055
2036
2021
2005
1991
1973
2066
1989
2099
2005
2077
2007
2024
1992
1981
2071
2083
1989
2071
2085
2052
1979
2063
2023
1971
2092
2027
2056
2044
2071
2011
1995
2065
1993
1997
2044
2069
1995
2052
2031
2059
2038
2011
1969
2040
2071
1973
2055
2021
2070
2078
2072
2035
1991
2056
1971
2031
2076
2003
2055
2060
1973
2017
2043
2009
2040
2035
2088
2048
2066
2056
2089
1943
2069
1973
2086
2055
2003
1981
1993
2091
2044
2016
2045
2041
2022
2071
1993
2008
1977
2057
2036
2071
1964
2003
2063
2015
1938
2055
2019
2024
1991
2063
1976
2016
2040
2085
2081
1949
2071
2035
2016
2063
2136
2037
2087
1963
2053
2090
1976
2031
2071
1947
2021
2041
2055
2045
2063
2085
2010
1997
2067
2032
2005
1987
2069
1963
2037
2069
2007
1989
2015
2001
1979
2043
2032
2029
2041
2011
2047
2013
2015
1998
2007
2013
2069
2067
2063
2025
2076
2041
2045
1971
2087
1992
2037
2027
2005
1995
2069
2044
1995
2043
2069
1992
1960
1959
2089
2015
2010
1977
1969
2071
2030
2026
2003
1979
1970
2041
2099
2088
1988
2091
2079
2003
2067
2031
2071
2031
2005
2016
2040
2000
2040
1979
2077
1961
2089
2024
2037
2042
2056
2023
2022
2071
1981
2031
2077
2070
1983
2041
2055
2048
2039
2073
2059
2023
2012
2042
1975
2006
1995
2083
2093
1983
2008
1979
2085
2053
2056
2003
2008
2045
2019
2068
2062
1989
2087
2094
2006
2017
2083
1976
2003
2009
2021
2001
1963
2071
2065
2093
2024
2013
2015
2032
2067
2017
1979
2065
1938
1977
2011
2057
2067
2059
2088
2019
2116
2043
2075
2028
1997
2036
1984
2067
1988
2009
1972
2015
1997
2016
2002
2025
1993
2011
1995
2044
2027
1997
1971
2056
1991
2057
2044
1979
2004
2041
2077
2033
2077
2005
2043
2001
2088
1981
2037
1965
2000
1967
1988
1963
2057
2059
2059
2059
1961
2054
2032
2023
2085
1977
2005
2041
2032
2041
2032
2063
2021
2004
1975
2056
2081
2060
2016
1981
2077
2040
2010
1979
2005
2041
2091
2005
2055
1983
1989
2075
2011
2080
2048
2013
2001
1979
2013
2066
2089
2069
2067
2024
2051
2099
1976
1995
2081
2063
1993
2005
2003
1953
2027
1950
2047
2023
2105
1989
2091
2067
2044
2077
2009
2055
2048
2067
1989
2079
2011
1937
2002
2023
2077
1977
2007
2107
2001
2063
2071
2072
1987
2015
2019
2027
1964
1990
2085
2045
2037
2063
2028
2039
2084
2040
2011
2078
1993
2075
2011
2087
2013
1967
1973
2092
2038
2076
1976
1979
2007
2067
1977
2029
2028
2056
2072
1989
1991
2010
2032
2025
2032
2088
1995
2037
2104
2042
2043
2071
2056
2072
2011
2019
1962
2040
2009
2021
2069
2001
2072
1971
2052
2100
2060
2024
1975
1973
1965
2089
2043
1987
2077
2053
2071
2032
2015
1973
2056
2103
2060
2024
2059
2038
2079
1996
1998
2019
2072
2103
2055
2063
2007
2040
2013
2022
1995
1995
1959
2031
2043
2072
2079
2007
2001
2052
2008
2069
1964
1999
2085
1981
2009
1971
2059
1987
1978
1965
2039
1973
2063
2013
2068
2046
2005
2008
2041
2040
2037
1967
2059
1982
1959
2033
2039
1998
2012
2003
1993
2048
1976
1997
2065
2037
2039
2029
2037
2035
1995
1983
1970
2063
2056
1975
2038
1989
2035
2000
1966
2027
1996
2043
2067
2039
2055
1961
2043
1981
2024
2109
2063
2043
2079
2009
2000
1975
1997
1971
2051
2011
2109
2023
1971
1947
1993
2091
1971
2027
2033
2001
2043
1996
1979
2019
2013
1963
2008
1997
2065
2022
2023
2032
2023
2024
2068
2071
1997
1989
1997
2043
1983
2075
2034
1995
2040
2031
2023
2063
2068
1997
2056
1983
2057
2005
2035
2007
2017
2076
2045
1992
2007
2056
2031
1955
2037
1961
2089
2039
2059
2032
2047
2025
2012
2047
1983
2032
1949
2071
2032
2032
2077
2036
1987
1989
2072
2010
2001
2029
1977
2089
1991
1965
2060
1955
2063
2071
1973
2032
2024
1995
2071
2027
2004
1993
2029
2102
1966
2007
2037
2011
2078
2001
2095
2067
2078
1984
1955
2005
2043
1995
2084
2013
2073
2053
2071
2014
2117
2005
2069
2064
2003
2021
2085
2057
2040
2013
2024
2009
1961
2090
2053
2028
2077
2028
1971
2076
1967
2032
2033
2063
2011
2069
2056
2059
2032
2088
2040
2011
2009
2065
2039
2020
2063
2130
2037
1973
2024
2004
2027
1963
1989
2031
2053
2066
2012
2039
2016
2071
1993
1975
2059
2056
2073
2120
2068
2032
2044
2061
2009
2039
2027
1983
2067
2053
2055
1996
2013
1955
2028
1991
1989
2013
1989
1977
2063
2056
2044
2085
1977
2013
2041
2041
1973
2003
1981
2041
2014
2005
2075
2044
2054
1972
2004
2105
1999
2072
2022
2101
2043
2037
1977
1965
2041
1981
2024
2091
1971
2048
2055
1993
2055
2043
2033
1981
2031
2063
2041
2075
1992
1961
2047
2060
1972
1992
1979
2036
1957
2083
2045
2039
2001
2096
2030
1974
2068
2003
2009
2060
2001
1995
2083
2041
1979
2029
1989
2086
2067
2007
2046
2039
2046
2029
2065
2039
1989
2027
2007
2083
1989
2041
2021
2099
1997
1991
2088
2072
2017
1949
2072
1979
2069
2053
2045
2046
2092
2075
1992
2071
2071
1964
1989
1975
2017
1963
2056
2057
2078
1945
2058
2083
2028
2057
2066
1977
1971
2072
2044
2005
2044
2025
2041
2027
2088
2025
2033
2026
2036
2008
1973
2024
2056
1957
2039
1979
2012
1953
2095
2007
2059
2032
1965
2039
2039
2067
2001
2075
1989
2011
2104
2003
1993
1976
2040
1995
2043
2009
2057
2013
2007
2007
2089
2084
2026
2032
1941
2057
2048
2007
2081
2063
2075
2023
1982
2047
2043
2031
1947
2073
2044
1959
2085
2081
2035
2073
2027
2077
2063
2010
2008
2073
2045
2003
2004
2101
2003
2091
2065
2088
2027
2029
1989
2015
1981
2005
2085
2024
2104
2055
2004
2031
2066
1989
1973
2076
2087
1991
2021
2067
2063
2059
2099
1993
2016
2063
1965
2026
2071
2094
2037
2069
1980
2029
2027
1951
2039
2013
2068
2011
1977
2071
2005
1987
2025
2073
2063
2038
2023
1987
1999
2093
2029
2072
2036
2021
2073
2005
1997
1989
1971
2076
2075
2077
1965
2063
1963
2007
1989
1961
1998
2086
1973
1995
2099
2057
2005
2085
2041
1971
1963
2067
2094
1993
2042
2061
1983
2069
2008
2087
2069
1989
2063
2063
2077
2031
1995
2025
2007
2046
2007
1997
2073
1997
1959
1980
2075
2043
1991
2057
1992
2087
2040
2065
2063
2060
2009
2088
1991
2089
2075
2011
2085
2027
2001
2053
2056
1947
2079
2044
2073
2010
2075
2003
2067
2083
2059
1989
2029
1967
2019
2011
2063
1973
2044
1964
1979
2019
2069
1959
2057
2005
2077
2036
1965
2079
2009
2080
2065
2044
1993
2040
2008
2015
2029
2005
2072
2045
2042
1975
2091
1992
2001
2059
1979
2035
2007
2090
2035
2031
2059
1989
2074
1999
2067
1996
2102
2013
2088
1996
2059
2054
1967
2053
2055
1992
2012
2004
2052
2011
2048
2033
1979
2028
2043
2075
2034
2035
2001
2084
2019
2012
2036
2057
1965
1993
2043
2057
2041
1991
2035
2007
2105
1947
1995
1991
2031
1984
2072
1979
2024
1991
2041
2040
2037
2057
1955
2057
2085
2011
1971
2038
1987
1959
2037
2028
2007
2063
2009
2093
1971
2001
2048
2007
2057
2013
2007
2039
2065
2005
1992
2075
2007
2007
2053
2060
2065
2073
2032
2076
2009
2024
2017
2003
2040
1987
1995
2077
2083
2003
1965
1965
2029
2027
2087
2015
2023
1993
2004
2056
2029
2087
2073
1981
2042
2001
2013
2063
1991
2095
2016
2065
2039
2036
2040
2073
2033
2024
1977
2059
2040
2066
2067
1979
2094
2017
1983
2067
1967
2032
2067
1975
1959
2063
2003
2083
2037
2013
2090
2075
2071
1973
2053
1977
1956
2037
2024
2019
1973
1932
2055
1983
1979
2074
2068
2013
1989
2056
1991
2063
1999
2073
2047
2023
1960
2007
1969
1997
2063
1991
2069
2040
2035
2009
2072
2004
2065
1965
1995
1974
1971
2076
2039
2053
1977
2088
2013
2003
1996
2072
2036
2006
2041
2045
2053
2003
1989
2011
2037
2097
1979
2073
1997
2044
2104
2043
2056
2013
2001
2080
2023
2037
1998
1966
1983
1955
2009
2042
2011
1977
2047
2023
2025
1979
2048
1981
2071
2101
2011
2069
2003
2102
2017
1987
2003
2063
2059
2057
2069
2067
2037
2012
1947
2041
1975
1991
2037
2063
1994
2053
1962
2039
2046
2093
2044
2025
1999
2072
2084
1983
1967
2023
2033
2063
2063
2041
2008
1987
1951
2063
2005
2041
1980
1973
2060
1969
2033
2071
2029
2086
2063
2028
2033
1991
2006
2005
2056
2072
2015
2063
2007
2076
2063
2025
2048
1971
1956
2039
2020
2027
2075
2072
2053
2067
2063
2081
2040
2047
2036
2087
1993
1966
1943
1997
2028
2017
2013
1966
2089
2041
2023
2083
2035
1974
1943
2009
2075
2003
2051
2080
2005
2028
2036
2040
2039
2051
2063
2043
2069
1997
2013
2084
2104
2097
1991
2086
2061
2008
2068
2089
1969
2055
2059
2056
1973
1997
1987
2071
1988
2087
2040
2037
1997
1975
2088
2037
2007
2027
2041
2090
2011
2040
2048
1963
1995
2063
2035
1983
2001
2028
2032
1995
2068
2019
2082
2005
2001
2056
2005
1979
2029
1977
2017
2063
1957
2061
2071
2004
2023
2019
2003
2057
2003
2063
2013
2048
2004
1961
2039
1997
1997
2069
1981
1988
2083
2027
2035
1999
2075
2009
2103
2009
2040
1987
2013
2064
2029
2045
2023
2032
1980
1977
2035
2075
1991
2072
1984
2063
2032
1991
2046
1993
1957
2087
2043
2007
1945
2092
2012
2104
2076
2088
2071
2036
1961
2040
1976
2074
1987
2067
2073
2089
2001
2005
2024
2076
2082
1993
2013
2117
1989
2039
1997
2031
2079
2005
2008
2033
2057
1981
2067
2007
2009
2079
1979
2011
1963
2037
1997
1977
2099
2040
1963
2055
2044
2022
1964
2077
2044
2063
2029
2027
2070
1981
2013
2003
2009
2035
1975
1961
2063
1979
2029
2043
2047
1989
2077
1991
2054
2011
2039
2073
2077
2013
1987
2040
2009
2033
2011
2066
2016
2026
1959
2054
2063
1999
2080
2001
2024
2063
2088
2067
2027
1957
2063
2048
2041
1969
2072
1987
2008
2067
2008
2037
2083
2001
2075
1971
1957
2063
2057
2063
2058
2012
2065
2076
2060
2025
2059
2039
1955
2081
2041
2005
2093
1951
2069
2073
2038
2031
2063
2045
2001
2038
2031
1933
2058
2066
1981
2040
2003
2075
2093
2043
2085
2058
1967
2047
1973
2031
1965
2044
2023
1995
2031
2001
2051
1988
1991
2035
2007
2071
2071
1941
2069
2044
2019
1963
2030
1977
2031
2017
2077
2007
1979
2092
2004
2044
2003
2107
2056
2091
1977
1993
2003
1990
2035
1964
2077
2032
1973
2017
2011
2059
2108
2048
2013
2101
2011
2071
2011
2021
2055
2088
1995
1987
1987
1995
2039
2008
2035
2009
2083
2007
1992
2011
2019
2070
2011
2037
2042
1992
2023
2077
1979
2101
2008
2088
2016
2091
2056
2082
2072
2058
2047
1993
2064
1963
2047
2090
1973
1981
1989
1983
2032
2097
1976
2025
2037
2003
1980
1971
2100
1995
2029
2024
1989
2033
2008
1975
2057
2071
2040
1983
2019
2077
2039
2009
2068
2118
2037
2089
2042
1955
2015
2025
1989
2026
1983
2075
2007
2047
2057
2027
2028
2063
2062
2034
2075
2092
2056
1970
2081
1978
2067
2199
1941
1983
1810
2056
1781
1847
2108
2039
2019
2141
2016
1959
2101
1945
2021
1917
2123
1961
2179
2023
2201
1681
2541
1561
2129
1897
2199
1945
2088
1996
2063
1945
1929
2036
1949
2004
2027
2197
2108
2123
2227
1928
2063
1955
2088
1964
2028
2111
1893
2141
1979
2033
1971
1983
1899
2105
1996
2204
2034
2183
1976
2119
1933
2017
1912
1999
1929
2083
1939
2009
1977
2030
1835
1995
1853
1951
1972
2000
2014
2096
2011
2072
1991
1981
2099
2074
1993
2140
2207
2160
2264
2200
2217
2035
2165
2080
2105
2122
2083
2089
2019
2027
1995
1993
1997
2058
2046
2027
2134
2188
2158
2185
2216
2223
2131
2103
2189
2123
2206
2227
2248
2216
2187
2143
2139
2171
2152
2140
2138
2263
2224
2256
2248
2233
2222
2173
2269
2225
2224
2280
2234
2219
2183
2230
2151
2263
2183
2183
2165
2125
2151
2129
2168
2067
2072
2041
2051
2063
2016
1995
2032
2048
2013
1976
2046
1969
2042
2040
2023
1963
1981
1899
1985
1900
1879
1882
1872
1803
1863
1890
2040
1777
2005
2356
960
2067
1292
999
1835
1800
1951
2229
2404
2058
2085
1699
1777
1566
1641
1787
1931
1964
2123
2184
2043
2043
1799
1771
1704
1654
1822
1896
1979
1995
1958
1880
1809
1849
1809
1755
1862
1876
1912
1916
1981
1855
1900
1972
1912
1873
1950
1867
1877
1951
1976
1973
1974
1971
1917
1992
1881
2038
1873
1931
1957
1931
1894
1981
1915
1977
1901
1979
1881
1983
1971
1991
1971
1945
2013
2001
2015
2055
1925
1912
1997
2014
1984
1897
2008
2039
2032
2025
2027
2015
2080
2127
2003
2073
2053
2079
2015
2085
2013
2057
2035
2082
2093
2072
2063
2089
2039
2045
2009
2076
2009
2011
2036
1991
2095
2083
2047
2073
2096
2009
2056
2069
2075
2135
2163
2129
2121
2056
2101
2063
2104
2023
2139
2065
2073
2355
2443
2283
2137
1960
1594
1477
1408
1563
1768
2068
2174
2328
2154
2082
1879
1661
1688
1810
1845
2117
2218
2301
2221
2181
2185
2109
2027
2129
2097
2223
2073
2449
2075
2317
2365
2638
1674
2563
1675
2439
2301
1716
2858
1439
2475
1761
2275
1959
2332
2041
2461
2291
2422
2432
2300
2295
2217
2231
2216
2263
2236
2211
2129
2219
2115
2056
2193
2131
2133
2171
2247
2183
2297
2239
2253
2147
2125
2151
2216
2107
2191
2123
2096
2109
2100
2039
2009
2122
2085
2123
2029
2097
2133
2125
2073
2139
2153
2057
2091
2035
2039
2040
2071
1931
2041
1955
2043
1995
2071
1989
1983
1992
1995
2085
2022
2073
2144
2154
2131
2118
2122
2116
2108
2066
1968
2068
1955
2026
1903
2035
1973
1915
1971
1972
1915
1933
2021
1957
2032
1993
1976
2065
2051
2006
1933
1947
2011
2011
2095
2028
2055
2033
2004
1955
2057
1990
1959
2072
2024
1967
2067
1999
2007
1932
1909
1951
1960
1938
2018
1961
1961
1935
2005
2009
1941
2055
2030
2057
1944
1929
1933
2003
2030
1957
1989
1971
1989
1980
1990
2008
1959
2024
2020
2012
1960
1981
1973
1845
1976
1865
1952
1864
1941
1980
1915
1989
2040
1945
1979
2018
1897
2083
1958
1981
1952
2133
1908
2002
2039
1948
1879
2055
2003
2022
2090
2032
2009
2046
1989
1941
2007
1832
2008
2011
1897
2057
2021
1937
1907
2021
1952
1995
1993
1968
2071
1933
1995
1991
2032
1972
2016
1961
2026
2015
1981
1955
1987
1899
2003
2132
1959
2013
2007
1993
1967
2000
1949
1975
2025
2013
2019
1907
1968
1943
2057
1911
2043
1953
1988
1941
2031
2027
2059
1957
1959
1957
2041
2039
2005
2040
2011
2007
1991
1929
2003
1947
1960
1971
2013
1995
2005
1949
1995
2029
2041
1961
2013
2039
2027
2013
2067
1967
1977
2015
2039
1995
2073
2091
1997
2087
2043
2076
1981
1997
1967
2013
2043
2076
2091
2070
2083
2086
2088
2103
2063
2093
2024
2092
2072
2065
2145
2029
2088
2057
2065
2015
2089
2141
2092
2110
2097
2065
2077
2131
2055
2029
2125
2063
2124
2076
2116
2128
2156
2111
2057
2053
2155
2092
2157
2077
2088
2059
2024
2097
2063
2047
2071
2083
2068
2090
2045
2082
2006
2076
2092
1989
2041
2005
2056
2029
1993
2074
2011
2053
2032
1995
1963
1997
1972
2016
2035
2063
1981
2045
2019
1951
2019
2017
2047
2040
2027
1941
1961
1969
2040
1939
1988
2044
1971
1949
2044
2028
2009
2056
2011
2025
1979
2017
2007
1912
2000
1997
1959
1996
1973
1911
1947
1961
2023
2028
1949
1947
2036
1967
1955
2058
2073
2033
2011
1957
2003
1939
1978
1951
1939
1971
2032
1949
1943
1961
2017
1987
2009
2111
1976
1975
2041
2003
2091
2039
1979
1967
2021
2007
2037
2008
2003
2087
1979
2048
1976
2087
2071
2013
1931
2027
2065
2071
2007
2029
2095
1981
2003
2079
2031
2110
2079
2071
2057
2053
2092
2027
2021
2087
2013
2063
2103
2071
2067
2069
2019
2096
2084
2120
2072
2153
2111
2085
2149
2083
2119
2076
2003
2009
2087
2011
2077
2063
2103
2031
2124
2037
2041
2129
2071
2133
2090
2068
2081
2039
2019
2057
2095
2091
2048
2083
2013
2045
2138
2096
2089
2069
2128
2056
2019
2095
2088
2036
2088
2079
2009
2115
1990
2093
1999
1993
1979
2077
2033
2129
2095
2093
2088
2013
2087
2027
2068
2019
2104
2063
2059
2047
2079
2073
2087
2028
2039
2051
2027
2067
2087
2102
1997
2069
1989
2016
2031
2083
2032
2077
2001
2063
2092
1967
2017
2033
2097
2027
2117
2029
1977
2073
2093
2068
2085
2009
2075
2087
2031
2039
1933
1989
2006
2068
1973
2068
1991
2040
1989
2091
2092
2020
2039
1963
1959
2028
1969
2040
1947
1995
1931
2037
1947
2009
1955
2011
1931
2065
1962
2063
2040
1961
1933
2023
1944
2008
2024
2015
1971
2013
1952
2058
2013
2022
1948
1954
1953
2039
1984
2021
2053
2016
1959
2013
2017
1962
2021
2013
2013
1941
1981
1933
2009
2023
2003
1960
1962
2018
2069
2026
1943
1913
2023
1977
1957
2029
2012
1993
1913
2021
1929
2015
1935
2005
1935
1955
2029
1990
2012
1944
1967
1963
1947
2001
2023
1994
1939
1913
2013
1933
1976
1976
1939
1917
1937
1931
2047
1951
1946
2027
2015
1943
1941
2044
2025
1919
1976
1984
1916
1979
2042
2011
1946
1928
2030
1941
1999
2010
2056
1975
1965
1957
2016
2031
2012
2003
1979
2036
2002
2044
2015
2019
1984
1945
2035
1975
1993
2015
1975
2058
2035
1965
1976
2039
1971
2007
2007
2069
2034
2044
1977
2107
1960
2030
1965
1989
1917
2011
2077
2063
2029
2036
2071
2093
2067
2069
1997
2016
1966
1931
2055
2029
2047
2057
1989
2026
2021
1957
2087
2076
2044
2115
2075
2084
2023
2129
2056
1975
2088
2059
1997
2108
2007
2094
2012
2083
1959
2128
2133
2077
2096
2137
2056
2140
2045
2040
2071
2080
2079
2063
2095
2107
2095
2090
2072
2124
2145
2041
2027
2021
2033
2036
2149
2056
2116
2053
2104
2002
2075
2066
2101
2025
2092
2147
2135
2109
2112
2067
2151
2104
2116
2026
2093
2119
2026
2125
2117
2051
2065
2157
2066
2121
2116
2059
2065
2091
2129
2096
2115
2025
2072
2043
2111
2123
2139
2103
2069
2099
2102
2079
2057
2097
2039
2021
2140
2133
2129
2112
2017
2096
2080
2103
2005
2015
2021
2100
2079
2069
2005
2103
2141
2073
2038
2073
2051
2017
2073
2001
2077
2099
2011
2104
2069
2088
2044
2101
2071
2003
2086
2059
1996
2023
2073
2070
1992
1957
2065
1995
2063
1999
1979
2046
1959
2053
2014
1998
2058
1978
2037
2041
1953
2068
1971
2061
2000
1945
2004
1997
1945
1939
2051
2028
1971
2035
2040
2043
1955
2011
1991
2034
1994
1963
2041
1975
1948
1991
1951
1931
2055
1955
2009
2001
1941
2083
2001
2033
1988
2029
1906
2005
1959
2026
2043
1976
2056
2010
1984
1997
2027
1971
1984
1981
1981
2001
1997
1988
2014
1992
2039
2020
1965
2024
1989
1957
1949
1992
1933
1963
2046
2044
1949
2041
1984
2043
2019
2020
1938
1944
1949
1928
1999
1938
1975
2024
1947
1989
2028
2000
1932
1959
2001
1957
2007
1987
1953
1941
2032
1933
2001
2031
2007
2055
1997
2043
2011
1976
1943
1941
1961
2031
1946
1969
1932
2006
2039
1943
1976
1959
2005
2033
2001
2043
2016
2031
1948
1989
2056
1947
1955
2065
1933
2033
1997
1973
2040
2014
1959
2023
1957
1977
2069
1971
2021
1979
1940
1918
2033
2116
2024
2063
2029
2003
2008
1999
1945
2037
2045
2025
1972
2063
2039
2016
2087
1941
2032
2075
2066
1995
1975
2019
2101
1976
1991
2043
2005
2027
2019
2056
2063
2035
2071
2040
2059
2013
1979
1991
2056
2072
1971
2044
2060
2045
2068
2069
2071
2047
2092
2077
2073
2071
2055
2009
2071
2078
2092
2017
2097
2013
2066
2071
1977
2099
1991
2032
2017
2101
1989
1996
2047
2105
2023
2091
2046
2104
2118
1987
1977
2011
2069
2045
2035
2120
2027
2084
2101
2065
2013
2104
2091
2027
2011
2041
2132
2099
2048
2109
2093
2063
2099
2063
2037
2047
2075
2067
2092
2099
2008
1997
2038
2009
2006
2017
2121
2129
2072
2103
2064
2121
2034
2104
2075
2025
2073
2039
2100
2080
2047
1992
2037
2011
2039
2099
2088
2067
2105
2048
1981
2075
2030
2022
2108
2024
2035
2040
2072
2069
2036
2025
2083
2068
2013
2067
2001
1969
2086
2044
1979
2071
2043
2003
2077
2032
2043
1983
2007
1991
1987
2067
2063
1963
2016
2023
2032
2105
1989
1993
2021
2087
2044
1981
2045
2051
2015
2039
2023
2005
1967
2044
2005
2088
1943
2109
2005
2013
2059
2039
2056
1964
2031
2031
2012
2009
2076
2095
2056
2040
1975
2029
1963
2035
1993
1979
2052
2015
2053
1987
2014
2080
2024
1947
2013
2028
1959
2072
1955
2008
2065
1995
2074
1975
2088
2048
2023
2052
2065
2041
2023
1955
1981
1950
2046
1988
2068
2025
1992
2077
1991
2086
2004
2001
2029
2029
2007
2065
1989
2083
2007
2087
2027
2035
1989
2065
1989
1995
2061
2089
2069
1976
2016
2008
1969
1971
2055
2076
2035
1989
2088
1957
2085
2036
1975
1947
1950
1991
2077
1989
2003
2075
1987
1975
2040
2035
2063
2005
1957
2072
2037
2109
2060
1989
1941
1945
1994
2082
2003
2038
1977
1991
2013
1959
2038
1977
2083
2006
2073
1979
1976
2043
2007
2013
2057
2044
2009
2091
2025
2057
1983
1976
2041
2081
2039
1977
2032
2093
2026
2025
1997
2015
2041
2044
2025
1974
1993
2065
1959
2030
2066
1957
2055
2005
1965
2004
1959
2055
2001
2067
2043
1989
2013
2039
2029
1993
1959
2007
1947
2063
1956
1943
2054
2029
2023
1943
2074
2005
2071
2047
2003
2054
1977
1995
2042
2056
2047
2028
2006
2011
2043
2066
2091
2001
1987
2046
2011
1981
2013
1919
2056
1993
1979
2033
1959
2009
1971
1941
2076
2059
1977
1961
2073
2000
1951
2044
2002
1977
1950
2029
2013
2067
2040
2063
2040
2009
1979
1963
2011
1971
2047
2019
1965
1979
2044
1948
2075
2083
1970
2095
2036
1971
1949
1981
2025
1979
2072
2035
2062
1948
2025
1972
2056
2071
2054
2069
2027
1976
2009
1989
2057
2047
1997
1963
2029
1995
2063
2072
2063
2067
2029
2071
2007
2025
2013
2069
2058
2017
1980
1975
2080
1999
2068
2001
2067
2106
2009
2085
2015
2073
1990
1973
2072
1933
2020
1979
2059
2023
2071
2001
2086
1989
2029
2076
1987
2011
2092
2007
2059
2069
1995
1991
2003
2003
2107
2063
2037
1984
2075
2027
2056
2037
2012
2068
1995
2060
2088
2048
2054
1983
2037
2025
2095
2011
2036
2076
1977
1983
2099
2063
2073
2013
2019
2017
2073
2090
2120
2008
1981
1995
2041
2071
1973
2031
2075
2081
2088
2085
2007
2031
2030
2055
2060
2007
2002
2074
2057
2023
2069
2058
2021
2041
2061
2014
2069
2085
1979
1996
2063
2079
2024
1963
2069
1995
1992
2023
1997
2068
2025
2011
2085
2034
2039
2075
2090
2005
2009
2077
2037
2107
2003
2005
2095
2023
2048
1973
2071
2083
2075
2040
2060
2075
2019
2091
2035
2077
2079
2032
2067
2003
2091
2093
2058
2065
1974
2055
1990
2003
2076
2063
2025
1991
2029
2043
2055
2076
1993
1987
1993
2067
2015
2072
2009
2005
2063
1983
2024
2007
2063
1997
1989
2037
2029
2045
1971
2048
1957
2025
2071
2079
2063
1973
2032
1971
2072
2101
2057
1967
1991
1971
1948
2003
2003
2045
2073
2022
2028
2041
1941
2023
1977
1967
2043
2071
2031
2023
2067
1995
1947
2032
1983
2030
2026
1997
2037
1959
2086
1959
2037
2012
1971
2004
1997
2063
1979
2030
2059
2055
2071
1976
1943
2056
1996
1973
2029
2017
2010
2021
1995
1977
2031
1945
2030
2063
2011
2020
1979
1987
2033
2013
1990
2046
1974
1993
2030
2076
1991
1953
2056
2045
2047
2040
2085
1990
2023
2000
2021
2008
1979
2032
2025
2035
1940
1963
2060
1959
2009
1996
1991
2015
2059
2058
2033
2035
2040
2029
2023
2044
1961
2008
1987
2075
2029
2069
1975
2052
1939
2061
2016
2025
2003
2011
2067
2012
1978
2046
2016
2059
2072
2006
2089
2044
1957
2073
2013
1971
2018
2005
1987
2017
2056
1971
2043
1997
2087
2014
1957
2044
2039
1979
2015
2040
2004
1961
2083
2107
1977
2021
1997
2030
2005
2088
2055
1983
1991
2085
2073
2075
2001
2072
1996
2021
2029
2071
2123
2037
2074
2077
2023
2063
2040
2102
2069
2065
2065
2020
2079
1981
2084
2079
2087
1977
2091
2100
2071
2057
2072
1982
2065
2077
1993
2007
2063
2023
2099
2003
2009
2021
1983
1977
2083
1977
2063
1973
1971
2084
2021
2107
2063
2048
2003
1995
1959
2056
2075
2029
2027
2060
2013
2003
2091
2093
2096
2035
2057
2072
2056
2094
2019
2071
2081
2098
2071
2074
2059
2091
2068
2063
2037
2053
2106
2086
2085
2048
1993
2040
2074
2060
1978
2013
2076
2101
2071
2076
2067
2065
2071
1959
2073
2041
1979
2075
1977
2068
2055
2101
2068
1990
2068
2032
1976
1991
2091
2010
2091
2047
1975
2094
2043
2042
1959
1995
2005
1989
2067
2023
2003
1958
2023
2076
2008
2005
2039
2045
2012
1961
2089
2001
1960
2073
2007
1995
2060
2071
1973
2055
2075
1997
2087
1983
2071
2064
2017
2037
1949
2023
2008
2089
2058
1949
1992
1939
2079
2032
2021
2055
2020
1977
2045
2077
2057
2067
2008
2059
1975
2023
2004
2007
2009
2013
1981
1980
2025
1981
2009
2024
2044
2082
1988
2005
2059
1949
2015
2007
2035
2013
1933
1951
2039
1967
2065
1957
2008
2031
2016
1979
2055
2047
2067
2038
1946
2027
2065
1981
2041
2015
2073
2022