2041
2001
2031
2007
2015
2080
2039
2058
1996
1965
1991
2029
2017
2075
1971
1941
1942
2044
2036
2086
1969
2011
2072
2005
2054
1987
1988
1992
2009
1993
2030
1971
2067
2024
2015
1987
2039
2068
2047
2008
2017
2013
2055
1991
1935
1948
1975
2069
2007
1965
2070
1991
2056
1991
1973
1995
2015
2084
2025
2026
1987
2044
1970
2069
2036
2007
1979
2032
1971
1981
2065
1997
1959
2075
2045
1991
2056
2044
1971
1993
2026
2075
2047
1979
2074
2106
2060
2016
1997
2096
2055
2005
2044
1981
2040
2053
2035
2072
2048
1971
2038
2009
2047
2022
2042
2058
1961
1987
2005
1977
2057
2059
2067
2071
2028
2036
2091
1959
2057
2032
2066
1997
2011
1991
1998
2025
2053
2016
2038
2012
2087
2027
2053
2020
2043
1991
1973
1991
1975
2064
2016
2039
2078
2043
1997
2101
2043
1979
1977
2070
1979
2067
2064
2071
2032
1989
2039
2027
2047
2043
2015
2017
2065
2055
2039
2021
2053
2027
2041
1987
2005
2038
2025
2036
2043
2071
2032
2060
2036
2027
2003
2062
2013
1991
2007
2068
1991
2037
2024
2056
1979
2085
2045
2042
2072
2065
2057
1981
1956
1991
1993
2003
2007
2076
1969
2071
2047
2060
2032
2080
2118
2043
2069
2056
2067
2071
2017
1972
2040
2072
2044
1973
2019
2038
2081
2032
1974
2067
2045
2056
2025
2028
2076
1947
2020
2056
1996
2083
1983
1995
2071
2081
2023
2063
2015
2021
1963
2003
2017
2024
1969
2055
2069
2057
1960
2013
2003
1964
2025
2077
2027
2052
2017
2063
2036
2085
2037
2009
2038
2043
1989
2074
2063
2037
2078
1977
2071
2023
2071
2027
2072
2014
2038
1993
2048
1979
2024
1987
2039
2068
2065
2004
2063
2073
1979
2088
2035
2019
1979
2056
2040
1975
1977
2044
1991
2040
2039
1970
1999
2091
2108
2003
2063
2044
2017
2024
1966
2069
1971
1984
2056
1947
2029
2003
1959
2005
2084
1983
1972
1989
2087
2027
2043
2085
2005
2056
2027
1963
2015
2015
1971
2023
2029
1959
2083
2064
2057
1973
2043
2028
2057
2042
1997
2089
2039
1989
2073
2013
2025
2096
1980
2028
2076
1977
2020
1976
2046
2033
2048
1983
2027
2063
1965
2058
2002
2025
2081
2012
1975
1963
1994
1961
1993
1996
2095
1989
2031
2059
1983
2026
2077
2067
2027
1979
2027
2058
2023
2028
1993
1981
1975
2056
2001
2057
2030
2068
2025
2019
1983
2046
2024
2038
2065
2001
2076
1975
2075
1992
1961
2036
2065
1975
2066
2025
1963
2041
2024
2063
1991
2003
2040
2053
2045
2042
1975
1996
2031
2092
2095
2068
1957
1975
2040
2101
2105
2073
2027
2043
2030
1966
1983
2073
2053
2076
2076
2032
1981
1961
2045
1971
1997
2042
1977
2001
2035
1989
2088
1971
1981
1967
2035
1977
1974
2074
1993
2069
1957
2071
2085
2012
2073
2069
2085
2057
1973
2073
2008
2008
2070
1997
2079
2056
2041
1981
2065
2057
2057
1988
2065
1958
2083
2063
1973
2032
2070
2027
2003
1990
2055
2041
2007
2000
2048
2021
1993
2010
2005
2048
2017
2017
2089
2039
2062
2065
1987
2028
2067
2023
1981
2082
2080
2092
2024
1981
2063
2023
2102
2003
2048
2063
2008
1979
1947
2053
2027
2069
2071
2003
2073
2030
2080
2039
1976
2016
2032
2033
2057
2057
2043
2001
2056
1976
2086
2059
2063
2072
1970
1953
1963
2091
2005
2048
1993
2028
1947
2043
1963
2073
2003
1993
2015
2077
2086
2068
2104
1981
2036
2066
1993
2007
2040
1961
2037
2007
2074
1963
2055
2087
2001
1979
2044
1988
2063
2037
1981
1987
2076
1965
2092
2053
2035
2058
1991
2013
2081
2056
2035
2079
2027
2058
2086
2079
1972
1999
2008
2076
1993
1965
2063
2087
2005
2077
2042
2093
2007
1997
2033
2037
2046
2007
2089
2084
1964
2003
2025
2001
2025
2074
2045
1989
2059
1994
1995
2021
2016
2024
2009
2081
2039
1963
2009
2032
2009
2078
1977
2081
1961
2063
1973
2077
2011
2090
1973
2073
2030
2021
2094
2103
2029
1980
1955
2063
2023
1955
2060
2007
1973
2024
1979
2063
1992
2077
2032
2029
2011
2048
2047
2095
2080
2087
1959
1981
1947
2067
1973
2016
2042
2040
2069
2057
2071
2084
1977
1992
1964
2103
2057
2059
2040
2044
2040
2085
1979
2065
2056
2030
1977
1971
2070
2071
2044
1971
2065
2011
2035
2038
2005
1992
2083
2026
2015
2003
2077
2011
2012
2110
1981
2074
2032
2021
2053
1999
2010
1963
2011
2027
1992
2011
2003
2071
1967
2045
1987
2021
2035
1947
2039
2077
1965
2037
2021
2035
2069
2044
2063
2030
2076
1959
2030
1985
1957
2048
1981
2025
1983
1954
1992
2076
1991
2066
2039
2026
2007
2092
2079
2019
1996
1995
2002
1977
1987
2071
2069
2035
2045
2072
1997
2075
1991
1963
2076
2043
2041
2095
2015
2044
1999
2069
2048
1979
1957
1965
2009
2039
2048
2004
1993
1990
2009
2048
2065
2025
2034
2032
2039
2019
1965
1973
2080
2057
2013
2018
2035
2030
2022
2037
1983
2030
2065
1972
2073
2057
2027
2091
1992
2001
2026
2005
2003
2025
2025
2057
2039
1989
2005
2085
1970
2019
2073
2013
2047
2015
1991
2053
1999
2083
2013
2036
2053
1960
1986
2003
2072
1971
2063
2008
1995
2055
1993
1955
2057
2022
1975
2074
2063
2080
2009
2003
2024
2056
1963
1983
2015
1963
2035
2063
2017
2067
1945
2043
2071
2059
1967
1981
2094
2061
2053
2071
2107
1997
2031
2007
1961
2019
1990
2053
2035
1996
1981
2042
1995
1963
2073
1967
1961
1975
2053
1987
2029
2039
1980
1943
2018
2015
1983
1955
2039
2006
2027
2083
2067
1949
2069
2066
2047
2029
2069
2020
2036
2054
1977
2075
2065
2029
2065
1965
2059
2040
1989
2053
2055
1969
2041
2025
2017
2063
2059
2029
2065
1963
2064
2080
2025
2055
1963
2006
2083
2009
2081
1971
2077
2085
2081
2077
1979
2027
2031
2030
2017
2055
1981
2023
2047
2092
2029
2022
2075
2075
2039
2057
2032
2083
2005
2083
2016
2039
2015
2075
1997
2067
2085
2008
2065
2071
2071
2079
1995
2074
2017
2010
2030
2097
2075
2027
2076
2045
1988
2051
2067
1989
2087
2003
2024
2064
2011
2088
2032
2040
2070
2028
1989
2076
2092
1991
2071
2069
1975
2083
2007
2071
1978
1975
2019
2011
1980
2040
2063
1943
2026
2052
2045
2073
2076
2080
2057
2024
2025
2067
2003
2040
2025
2085
1947
2054
2032
1973
2015
1967
2080
1965
1995
1987
2075
2019
2055
2023
2043
2036
1993
1981
2055
2032
2028
1979
2009
1979
2091
2077
2001
2005
2029
2042
1979
2068
2014
2077
2036
2067
2099
2040
2076
2038
2003
2054
1979
1957
1999
2069
2068
2045
2032
2042
1991
2015
2027
2065
1989
2036
2009
2015
1995
2089
1975
2031
2013
2051
2058
2035
2071
2071
2069
2027
1959
1995
2063
2075
2040
1995
2077
2019
1961
2079
1973
2011
2007
2002
2039
1989
1995
2067
1989
2029
2045
2040
2039
2072
2005
2045
1973
2073
2008
2028
1971
2063
2009
2071
1991
2069
1973
1957
2031
2063
1956
2077
1981
1948
1957
2085
2003
2043
1993
1956
1959
2022
1985
2083
2065
2011
2024
1995
1997
1979
2071
2073
2107
2005
1945
1932
1931
2012
2077
2060
1961
2015
1987
2080
2053
1989
1959
1979
1977
2076
2109
2059
2027
1992
2053
2027
1977
2039
1978
1961
1973
1965
2053
2067
2073
2003
2021
1969
2008
2081
2021
2076
2067
1994
2020
2065
2089
1975
2016
2035
2031
1989
2059
1984
2022
1989
2072
1948
2027
2023
2080
2037
2075
2061
2035
2039
1997
2091
2077
2005
1969
2039
1974
2066
2027
2041
2037
2063
2029
2032
1987
1963
2028
2021
2057
2071
2024
1969
2027
2068
2039
1973
2060
1997
1965
2038
2048
2057
2039
2013
2084
2065
2029
2043
2072
2041
1981
2035
2008
1961
1995
1989
2044
1995
2092
1971
2035
2036
2036
1949
2058
1979
2013
2056
2043
2060
1997
2097
2041
2012
2029
2073
2047
2094
2005
2063
2069
2001
2011
2032
1957
2078
1991
2027
1989
2047
2075
2001
2023
2043
2015
2040
2097
2016
1960
2030
1991
2066
2048
2067
2039
2009
2103
2086
2044
1973
2057
2079
2068
2040
2019
2027
1973
2034
1991
2041
1975
2095
2064
2063
2067
1980
2003
2076
1955
2041
2007
2101
2037
2068
2056
2083
2051
1975
2052
2085
1981
2059
2019
2063
2053
2092
2025
1981
1963
2030
2093
2047
2022
2081
2063
1995
2073
2015
2003
2019
1945
2071
1992
1962
2075
2045
2088
2025
1963
1963
2026
2077
1988
2108
2032
2029
2063
2067
1963
1973
2007
2074
2007
2067
1995
2101
2029
1975
2054
2047
2031
2001
2023
2004
2032
1993
2053
2040
2043
2032
2025
2020
2003
2038
2026
1987
2032
2083
2011
2003
2053
1996
2044
2004
2047
1991
2015
1975
2033
2019
1996
2097
2007
2043
2037
1975
2075
2053
1947
2072
2088
2029
2023
2030
1959
2038
1965
2074
1959
1993
2065
1981
2065
2072
1971
2055
2012
2063
2016
2093
2009
1997
1997
2021
1979
2063
1976
2040
2003
2025
2005
1961
1981
2073
1961
2059
1989
2024
1967
2072
1979
1988
2037
2055
2056
1973
2039
2063
2075
2019
1995
2031
1977
2006
2087
1949
1980
2065
2063
2033
2011
2087
2022
2062
2094
2079
2072
2043
2031
2065
1977
1949
2019
2053
2016
2029
1976
1971
1961
1943
2026
1989
2056
2043
2031
2057
2040
2023
2076
1989
2084
1987
2048
2025
2047
2017
1969
1955
2041
2012
2028
1977
2059
2089
1982
2036
2071
1967
2077
2013
2042
1982
1975
2067
2017
2077
1957
1950
2033
2067
2031
2066
2007
2007
2054
2069
2011
2074
2032
2029
2035
2071
2040
2001
2025
2016
2003
2066
2031
2023
2076
2040
1959
1955
2041
2071
2070
2063
2056
2015
2118
2017
1981
1996
2060
2083
2059
2068
1991
2059
2056
1996
2055
1959
2075
2041
2016
1959
2017
2023
2057
2061
2082
1955
2067
2001
1957
1993
1983
2075
2083
2063
2036
1981
2013
2066
2003
1945
2032
2035
2002
2057
2007
2037
2063
1977
2074
2077
1976
2057
2068
2016
1965
1981
2048
1973
2012
1997
2056
1961
2079
2004
2043
2024
2085
1976
2033
2071
2073
2048
2018
1960
1977
1971
2068
2073
2019
1956
2093
2077
2073
1993
1987
2091
2011
2029
2104
2016
2005
2082
2071
2003
2011
2108
2017
2031
2068
2005
1989
2077
1991
2057
2053
2065
2007
1994
1961
2025
1990
1965
2003
2087
1993
2012
2003
2021
2041
1965
1963
1996
2003
1995
2028
2037
2003
2030
2039
2053
2036
2096
2024
2071
1988
2075
1987
1977
2017
2062
2028
2079
2017
1987
2056
2027
2066
2071
2071
2091
1992
2016
2004
2055
2059
2063
2003
1979
2073
2021
1971
2077
1991
1989
2009
1937
1943
2007
2088
2017
2103
1979
1979
1964
2042
2098
2057
2017
1977
2088
2083
2072
2011
2066
1971
2063
2014
1981
2084
2083
2059
2013
2025
2067
2016
2023
2024
2007
2070
1997
1971
1987
2073
2043
2032
2077
1965
1975
2068
1956
2077
2013
2007
2077
2032
2007
1964
1993
1967
1972
2056
1976
2040
2017
2031
1973
2094
1988
2055
2063
2053
2076
2031
2029
1991
2020
2065
1995
2063
2037
2023
1978
2015
2107
1959
1995
1991
2065
2019
1990
2069
1965
2037
2094
1996
2005
2068
1973
2071
2002
2045
2005
2032
2007
1975
2069
2088
2043
1998
1941
2003
1962
2064
1957
2065
2003
2053
2074
2005
2069
2024
1975
2075
1995
2024
2013
2083
2005
1966
1965
2013
2035
2001
2064
1949
1961
2074
1979
1996
2023
2041
1961
2075
2044
1991
1983
2047
2031
1957
2031
2011
2070
2104
2096
2005
1967
2104
2056
2007
2074
2003
1960
2071
2032
2071
1953
2035
2074
1992
2030
1977
2076
1971
2005
2008
2063
2011
2041
2060
2069
2073
2027
2011
2006
2068
1947
1987
2063
2029
1981
2055
2091
2028
1983
2000
2071
2055
2012
2088
2003
2087
2041
2077
1975
2027
2040
1981
2077
1981
1963
2089
2084
1988
2021
2035
2057
2043
2021
2055
2023
2047
2015
2048
2017
1957
2017
1995
2041
2005
1997
2013
2001
2035
2075
2023
1987
2027
2020
2029
2032
2001
2072
2063
2060
2063
1983
2019
2040
2055
2023
2089
2029
2095
2029
1976
2067
2048
1969
1978
1993
2013
1961
1980
1991
2064
2007
2053
1989
2032
2024
2019
2045
2039
1981
2005
1993
2015
1995
1957
2017
1975
2016
2084
2007
2072
2063
2039
2068
1988
2025
1974
2023
2025
2069
2068
2031
1990
2074
2027
1953
2064
2085
1995
2003
1987
2067
2038
2053
2068
2097
2093
2099
2017
2093
2019
2077
1973
2032
2076
2028
1997
2040
2007
2028
2077
2028
2023
2053
2005
2037
2031
1970
2065
2012
1997
2081
2079
2077
1961
2039
1969
2058
2073
2027
1988
2059
2065
2077
2043
2077
1971
1991
2005
2071
1987
2009
2033
2005
1997
2037
1976
1979
1971
2074
2056
2010
2008
2087
2040
2095
2040
2036
1987
2077
2080
2060
2088
2063
1965
1965
2001
2013
2041
1996
1992
2057
2012
2100
2021
2048
1977
2061
1977
2040
1999
1987
2038
2071
1991
1993
2059
1989
2043
2087
2057
1991
1993
1989
1997
2027
1980
2075
2015
2067
1957
2027
1949
2063
2015
1961
2044
2003
2041
1965
2070
2103
2039
2007
2025
1981
2068
1978
2056
1967
2026
1983
2039
2024
1981
2103
2033
2035
2085
1993
2055
2023
1995
2108
2013
1967
2068
1995
2065
1977
1963
1979
2001
2016
2027
2017
1991
1987
2005
2024
1998
2001
2043
1979
2010
2017
1989
1997
2028
1998
2103
1991
2047
2019
2060
2013
2044
2074
2011
2032
2038
2063
2009
2029
2045
2039
1947
2013
2015
2023
2019
2037
1970
1972
2013
2039
2071
1951
2023
2042
1959
2068
1981
2031
1995
2083
2005
2066
2035
1974
1957
2007
2027
1978
2063
2095
2065
2071
2037
2048
2039
2001
1989
1995
2067
1943
2007
2059
2035
2023
1957
2015
2044
1973
2005
2055
2011
1957
2048
2017
2076
2071
1988
2054
2040
2063
1964
1969
2040
2069
2044
2029
2031
2083
2063
2057
2015
2026
2075
1995
1975
1999
2104
2066
2076
2067
2041
1979
2063
2065
2008
1957
2032
1960
2063
2058
2023
1975
1973
2008
2066
2005
2016
2025
2010
2043
2060
1971
2027
1991
2088
2019
1977
2028
1971
2072
1998
2075
2063
2016
2013
2078
2085
2043
1959
2028
2013
2007
1974
2075
2072
1995
2024
2007
2001
2016
2093
2046
1978
2003
2040
2016
2066
1991
2017
2023
2075
2065
2005
2009
2007
2011
2081
2087
2056
2002
1996
1995
2080
2071
1992
2077
2003
2056
2011
2029
2024
2071
2005
2011
2076
1988
2068
1987
2068
2006
2003
2039
2072
2088
2069
2056
1997
2023
2040
2003
2033
2063
1995
2003
1945
2005
2021
1993
2019
1981
2095
2021
2063
1958
2036
1997
2073
2104
2019
1980
2044
2089
2056
1991
1982
1995
2019
1995
1992
2016
1987
2067
1981
1993
1991
1979
2042
2034
1974
1947
2068
2002
2088
2040
2057
2025
2087
2025
1963
2036
1955
2029
2088
2029
2063
2069
2001
2063
2008
1991
2072
1965
2059
2068
2008
2075
1972
2067
1951
2030
1989
2035
1966
2039
2001
1955
2066
2057
1977
2010
2053
2048
1965
1983
1994
1983
2072
2030
2077
2084
1987
2097
1969
2003
2057
1977
1981
2036
1971
2068
1989
2018
2007
1965
2037
2022
2001
2064
2079
2067
1943
2046
1967
1933
2071
1953
2019
1963
2031
1953
2004
2057
2023
2023
2035
2010
2078
2039
2013
2011
2029
1961
2023
1996
2075
2035
2073
1970
1989
2003
1987
2004
2075
1970
2001
2024
1967
2014
1999
2059
2040
1960
2038
2027
1971
2035
2053
2025
2093
2084
1996
1993
2011
2089
2032
2028
2072
2009
2077
1977
2040
2065
1959
2001
2071
1994
2013
2003
1987
1974
1973
2015
2063
2005
2103
1997
1971
2065
2041
1962
1983
2027
2009
2027
2038
1991
2009
2027
2043
1993
2055
1997
2055
2080
2028
2068
2032
2029
1981
2094
2025
1979
1989
2018
2029
2065
2052
1977
2003
1983
1989
1997
2065
2003
2077
1991
1955
1981
2012
1994
2032
1967
2067
1979
1941
2071
2057
2057
2024
2045
2039
2039
2084
1979
2046
1979
2063
1953
1979
2043
1945
2072
2074
1997
1987
2035
1967
2073
1971
1978
2068
2013
2025
2047
1943
2067
2060
1943
2027
2043
2077
1972
2085
2007
2063
2041
2039
2063
1989
2055
1963
1983
2068
2033
1995
2055
2069
2075
2043
2014
1977
2015
1966
2024
1977
2063
2011
2103
1993
2051
2077
1975
1988
2019
2013
2054
2063
2076
2045
2048
2047
2087
2023
2068
1994
1977
2020
1965
2076
2017
2041
1997
2040
2008
1933
2072
2029
2076
2011
2063
2046
2045
2078
2027
1992
1977
2035
2009
2011
2028
1989
1963
1990
2060
2057
2047
1959
2063
1983
1979
2054
1977
1988
2057
2017
2095
2072
2040
1991
2035
1981
1963
2005
2032
1989
2025
1957
2006
2043
2009
2069
2077
1973
2031
1998
2023
2067
1995
2041
2047
2071
1988
2069
2063
1981
1978
1992
2059
2086
1965
1991
2048
1976
2055
2057
2077
2044
1961
2081
2044
1987
1995
2084
2058
2076
2089
2066
1990
1997
2065
2027
1997
1947
1987
2109
2057
2039
2071
2087
2044
2033
2096
2023
2045
2063
2039
2035
2089
1989
2009
1981
2097
1993
2021
2008
2021
1992
2101
1995
1959
1984
2090
2009
1959
2039
2040
2028
2063
2087
1990
2076
2001
2036
2004
2075
2007
1977
2040
2072
2056
2037
2041
2044
2075
2071
1977
2055
2032
1956
2021
2071
1975
2057
2061
2009
2043
2071
2000
1961
2009
2016
2055
2063
2017
2071
1979
2058
2073
2060
2023
2007
2024
2021
2033
2063
2034
1955
2068
2051
2043
2016
2024
2071
2016
2032
2065
2002
1989
2059
2013
2001
2040
2036
1998
2008
1977
2071
2037
2015
1989
2055
2043
1993
2063
2021
2078
2037
2087
1961
2086
1975
2048
2055
2009
2011
1993
2013
2036
2068
1965
2013
2015
2019
1993
1961
2075
2074
2085
1965
2087
2027
1983
2029
1995
1987
2091
2016
2072
1956
1975
2057
1947
2056
2063
1987
2023
2063
2017
2001
2087
2007
1980
1989
2019
2056
2015
2071
2009
1996
2011
2056
2048
2079
2058
2088
2031
2056
2084
2094
2035
2007
2068
2065
1992
2005
2031
1965
1947
1999
1994
2053
2055
1993
2011
2089
2021
2120
1991
1993
1981
2042
2067
1989
2015
2003
1995
2037
2040
2067
2070
2039
1994
2057
2004
2012
1981
1992
2040
2067
1977
2066
2030
2005
2072
2044
2017
2083
1989
2005
2087
2108
2019
2003
2084
1977
1960
2059
2032
1971
2037
2075
2070
2055
2029
1971
1961
2033
1975
1955
2018
2011
2073
1965
1989
2003
2088
2030
2001
2083
2048
2015
2075
2077
1995
2043
2017
2055
1989
1966
2059
2043
2029
2092
1979
2007
1949
2055
1977
1993
2021
2013
2088
2085
2038
2010
2037
2043
2038
2032
2027
2080
2071
2060
2071
2076
2057
2035
2063
2070
1967
2072
2044
2009
2085
1983
1951
1967
1991
1991
2035
2043
2029
2012
2071
2058
1963
1941
2075
1979
2072
2016
2063
2003
1995
2075
2005
1979
2076
1999
2088
2097
1981
1943
2034
2007
2065
2041
1978
1979
1945
2000
2011
1977
2032
2025
1979
2035
2063
2040
2083
2072
2003
1995
1965
2005
1975
1955
2101
2056
2007
1973
1995
2054
2007
2055
2088
1999
2048
2009
1983
2083
1979
2005
2002
2057
2071
2065
1996
2080
2019
2030
2067
2088
2071
2016
2041
2039
1977
2071
2075
1990
2029
2001
2045
2011
1957
2029
2021
2035
1956
2009
1995
2085
2028
2007
1976
2037
1997
2032
2013
2028
1939
2036
2006
2083
2066
2067
2029
2005
2012
2076
1965
2031
2025
2045
2023
2117
2019
2008
2078
2031
2063
2059
1995
1995
2071
2016
2063
1987
1991
1945
2065
2073
2075
2063
1981
2118
2022
2051
2094
1993
1987
1973
1993
2062
1991
2007
2023
2031
2078
2044
2060
2071
1987
2005
2087
1949
1973
1974
2059
2065
2023
2063
1991
2011
2057
2069
1993
2071
2045
2078
2083
2023
2013
2057
2039
2058
2024
2087
1973
2067
2031
2009
1962
2023
2025
1955
1961
2040
2024
2076
2032
1989
2076
1969
2002
2068
2091
1993
2043
2011
2070
2109
2003
2048
2001
2003
2090
1997
2043
2075
1965
2097
2023
1969
1993
2077
1988
1980
2087
2012
2086
2045
1959
2078
2018
2056
2085
2004
1971
2037
2079
1987
2026
2056
2037
2073
2067
2023
1981
2087
2069
2040
2023
2059
2062
1963
1951
1943
2045
1993
1961
2002
2057
2084
2034
2084
2057
2073
1945
2065
2032
2029
2086
2037
2093
1961
2063
2053
1997
2055
2020
1973
2074
2009
2030
2011
2068
2048
1955
1976
2055
2003
2103
2103
2003
1999
2065
2044
2007
1958
1961
2039
2063
2065
2014
1979
2055
1996
2071
2016
2066
2027
1991
1956
2015
2101
1997
2091
1991
2089
2009
1991
1971
1959
2063
1964
2063
1976
2089
1971
1997
1965
2067
1992
2095
2048
2009
2080
2031
1983
1971
1961
2004
1983
1978
1995
2003
1987
2077
2079
2056
2058
2037
2069
1988
2059
2024
2031
2029
1987
1991
1975
1965
1981
1951
2063
1976
2071
1971
2063
2028
2096
2019
2064
2108
2015
2048
2036
1987
2023
2073
2030
2067
2016
2039
1963
1989
1981
2025
1963
1979
2003
2013
1990
2032
2105
2008
2051
2105
2041
1943
2039
2028
1965
2033
2039
2071
1977
1973
1937
2027
2039
2075
1971
2041
2080
2027
2083
2043
2067
2054
1975
1993
1973
2031
2031
2070
2020
2011
2029
2008
2080
2021
2072
1991
2066
2013
2035
2075
2047
2011
1991
2063
2034
2029
2093
2056
1963
2013
2040
2056
2053
1977
2054
2044
1981
1988
2048
2004
2037
2074
2057
2041
1997
2087
2039
2048
1963
1995
1996
1970
1997
2079
2057
2075
1995
1967
2043
2039
1981
2048
1993
1977
2003
2025
2040
1945
2071
2017
2017
2058
2019
2031
2063
2032
2085
2074
2033
2040
2025
2023
2015
2015
1980
1979
1960
2063
2024
1987
2037
2041
2005
1981
2059
2025
1965
2055
1973
2066
2039
2043
2007
1959
2082
2064
1978
1979
1987
1971
2008
1978
2072
2023
1963
2013
2015
2032
2064
2073
2011
2040
2036
2071
2060
2045
2077
2029
1997
2021
1991
1963
2023
1965
1953
2059
1989
2067
2060
2001
2056
2033
1991
1975
2091
2012
1987
2055
1997
2052
2007
2047
2060
2104
2042
1979
1995
2039
2035
2055
2079
2047
1995
2083
2025
2039
1957
1995
2076
1989
2053
2007
2091
2003
2095
2009
1977
2013
2012
2041
1949
1989
1961
2021
2021
1965
2068
2001
1999
2039
2005
2040
2063
2055
2037
1977
2043
1965
1981
1933
2014
1989
2021
2045
2025
1981
2005
1977
2111
2033
2071
2009
2010
2077
1999
1957
2067
2059
1999
1953
2012
2029
2040
1995
2057
2014
1979
2068
2091
2016
1947
2076
1991
2093
1978
1975
2034
1947
1988
2037
2053
2011
1965
2093
2007
2080
1991
1995
2084
2066
2023
1997
1971
1932
2041
2035
2024
2058
2000
2059
1951
1979
2035
2019
2071
2059
2044
2017
1995
2040
2048
1980
1960
2055
2029
2075
2040
2040
1971
2057
2031
1991
1981
2076
1987
2010
2063
2001
1995
2063
2001
1992
1949
2075
2058
2079
2071
1995
2040
2014
1975
2014
1999
2034
2070
1961
2059
2030
2067
2067
1991
2063
2060
1999
1963
2043
1988
2008
2067
2037
1991
2024
1961
2009
2037
2074
2037
1975
2067
2053
1993
1925
2016
1983
1995
1971
2058
1963
2079
2009
2040
2032
2007
2080
2072
2046
2063
2043
1997
1951
1965
2088
2065
2039
1998
2065
2027
2008
1958
1995
1979
2008
1996
2039
2043
2075
2039
2031
2025
2091
2023
2085
2047
2095
2044
2041
2078
2057
2011
2087
1993
2066
1995
2036
2028
1965
2031
2035
2033
1987
2027
2007
2031
1945
2073
2001
2032
2001
1995
2095
2089
2083
1997
1961
1975
2079
1965
2091
2008
2043
2048
2053
2080
2032
2039
2063
2007
2060
2027
1977
1988
1983
2057
1970
2024
2063
2031
2025
2056
1972
2077
2048
2009
2043
2003
2064
2040
2063
2063
2039
1999
2041
1989
2040
1971
2063
2019
2039
2048
2029
2041
1991
2024
2043
1987
2040
2072
1979
2041
2071
2076
2022
2031
1981
2057
2055
2033
2013
2060
2011
2064
2025
2065
2095
2007
2063
2005
2007
2109
1995
1963
1945
2025
2044
1962
1997
2043
2024
1979
1957
2037
1962
2088
2063
2063
2016
2003
2069
2033
2079
1979
2003
1959
2032
2029
1977
2039
2036
2016
2056
2076
2015
1950
1939
1966
2005
2063
2054
2016
2009
2005
2094
1997
1991
2063
1957
1993
2048
2061
1993
1955
2071
1967
2037
2056
1981
2076
2027
2041
2069
2088
2065
1955
2063
1981
2013
2067
2087
2063
2041
1953
2053
2086
2039
1981
2003
2067
2021
2063
1976
2067
2066
1957
2080
1993
2007
1965
2099
2091
2011
1995
2027
2035
2055
1973
1960
2021
2057
1998
2080
2021
1987
2071
2059
2083
2088
1947
2007
2045
1959
2069
2085
2001
2083
2056
2089
1979
2046
1996
2069
2031
1949
1997
1979
1991
2024
1989
2063
1979
2009
1971
1999
2056
1990
2039
2000
1977
2072
2063
2017
2015
1993
2065
2120
2074
1989
2065
2007
2032
1972
2015
2065
1973
2044
2055
1996
2069
2003
2044
1995
2024
2047
2088
2060
1995
2003
2027
2085
2033
2003
1991
2011
1977
2041
2046
2003
2014
1941
2023
2079
1949
2061
2009
2036
2013
1996
2063
2061
2083
2042
2019
2068
1975
2013
2089
2024
2099
1983
2066
1995
1977
1988
2021
2075
2040
2057
2042
2051
2025
2080
1979
2009
2071
1991
2040
2006
2040
2007
1997
2067
2066
2054
2072
1967
1987
2079
2015
1989
2018
2084
2059
2003
2063
2004
1964
2041
2024
2001
1991
2078
2025
2024
1947
2039
1941
2075
2091
1973
2017
2025
2041
2065
2007
2057
2033
2099
2057
2019
1999
2076
2044
2067
2071
2048
2063
2032
2005
2080
2047
1974
1967
2007
2055
1981
1972
1997
2063
2020
2057
2073
2031
2007
1971
1939
2027
1953
1979
2007
2084
2024
1963
2095
2071
1981
1995
2002
2056
1997
1964
2032
2055
2063
2032
2035
2007
2071
1997
2035
2026
2048
2008
2032
2005
2065
1954
2060
2009
2048
2005
2085
2035
2057
2074
2016
2035
2048
1979
1955
2068
1969
2073
2042
2059
2041
2031
1957
2071
1991
2099
2035
1961
2084
2083
1959
2039
2069
2043
1990
2031
2072
2011
1962
2081
1973
2065
2066
2019
2013
2025
1984
2059
2068
2076
2011
2043
1991
2071
2079
2057
1959
1986
2079
2041
2028
2083
2021
2036
2025
1975
2005
1979
2039
1979
2091
1975
2089
2058
2040
2059
1999
2082
1976
2055
2040
2063
1971
2015
1995
1989
1974
2095
2005
1995
2024
1991
2055
1975
2016
2001
1993
1981
2063
2009
2081
2017
2092
2040
1991
1981
2065
2063
1995
2091
2044
2075
2070
1991
2037
2063
2015
2108
2001
2068
2084
1981
2068
2073
2068
1972
2087
2035
1995
2038
2071
2041
2043
2066
2072
2004
2009
2076
1956
2069
1977
2021
1991
2060
2024
2011
2068
1973
1989
2025
2062
2015
2041
2055
1959
2077
2032
1995
1979
1947
1997
1999
2003
2012
2056
1995
1991
2074
2081
2035
2073
1945
2072
2055
1979
2041
2055
2020
2021
1965
2063
2040
2068
2060
1975
2068
1997
2040
2054
1989
2072
2003
2087
2024
2068
2080
2037
2055
2042
2032
2023
1974
2088
2063
2067
1981
2055
2040
1973
2071
1965
1976
2052
2023
2011
2009
2063
2070
2003
1988
2084
2025
2063
2010
2057
2021
2053
1983
1977
2060
2064
2053
2043
1973
2037
2007
2083
2027
2063
2007
2084
2067
2093
2005
2019
1963
1961
2063
2022
2008
1990
1956
2015
2037
2008
2013
1987
1991
2007
1992
2031
1973
2063
2063
1961
2044
2017
2011
2007
2019
2027
2040
2059
1997
2039
2011
2043
2041
2069
1949
2016
2063
1957
1953
2063
2009
2003
2057
2043
2044
1992
2047
2009
2053
2084
2037
2041
2024
1971
2072
1973
2059
1993
1975
2036
1989
2053
2072
1991
2032
1955
2076
1967
1991
2087
2073
1987
2073
2036
1965
2021
1973
2025
2028
2009
1960
1979
2024
2024
2029
1989
2071
2037
2011
2008
2088
1987
1993
2066
2079
2045
1987
2092
2011
2003
2092
2045
2038
2077
2076
2013
2059
1993
2058
2072
2053
2031
2039
2104
2033
2035
2082
2030
2063
2015
1963
2001
2035
2015
2044
2018
2065
1989
2024
2067
1951
2025
2014
1967
2089
2071
2016
2083
2020
2008
2093
2071
1979
1981
2030
1996
2096
2094
2045
2072
2031
2057
2011
1973
2063
2073
1988
2008
2008
2099
1997
2075
2083
1975
2008
2053
2068
1991
2073
1971
2025
1981
2033
2063
2024
2091
1961
2007
2041
2072
1991
2005
2088
2036
2036
2014
2025
1999
2022
1977
2023
1997
2068
2016
1991
2025
2002
1992
1933
1959
2032
2037
2021
2041
1995
1996
2037
1955
2032
1961
2052
2040
2077
2008
2058
2015
1977
2015
2056
2058
2005
2032
1981
2084
1977
1989
2007
1979
2045
2057
2048
1977
1971
2046
2073
2043
1996
2079
1991
2023
2022
2031
1980
2042
2081
2080
2076
1987
2009
2075
2036
2007
2090
2015
1988
2048
2040
2043
1981
1970
2017
2094
2085
2010
2026
2041
2036
2063
2003
1991
2029
2076
2002
2003
2033
2080
1961
2016
1983
2085
2057
2035
1997
2042
2066
1962
2033
2032
1997
2100
2108
2060
1971
1981
1963
2060
2001
2076
2011
2085
2036
2003
1983
1971
2099
2028
1995
1975
1987
1987
2030
1965
2056
2081
2036
2109
2087
2089
2067
2015
2063
1997
2075
2007
2085
2067
2013
2071
2040
2009
2089
2028
2028
2016
1963
1965
2011
2074
1989
2040
2065
2056
1973
2016
2048
2043
2016
2019
2035
2040
2057
2069
2057
1983
1955
2056
2027
1995
2017
1995
1944
2093
2025
2087
2056
1997
2071
2011
2060
2093
1947
2025
2023
1983
1971
1993
1963
1963
2087
2065
2085
2056
1975
2073
2020
1978
2056
1993
2067
2043
1999
2073
2073
2065
2063
1976
2048
1943
2061
2008
1963
2011
2029
2001
2035
2031
2063
2026
2027
2029
1981
2072
1997
2083
1981
2070
2054
2047
2065
2001
2063
2011
2093
1955
2007
1955
1955
2095
2084
2076
1979
2016
2083
2073
2056
2093
2001
1987
2032
1990
2071
2069
2090
1971
1963
2007
1975
1932
2063
1981
2003
1945
1973
1967
2067
2086
1983
2048
1997
2035
2063
2009
2073
2024
2039
2025
2035
2029
1980
1979
2055
2004
2005
2075
1992
1951
2087
2020
2059
2070
1982
2063
2015
2068
2044
2063
1997
2024
1943
2029
2072
1989
2027
2063
2021
2071
2017
1977
1993
2063
2028
1973
2084
2027
2053
2071
1971
2019
2057
1979
1961
1995
2054
2058
2027
1989
2087
2023
1953
2035
1961
1973
2036
2084
2040
1997
2025
1971
1970
2041
2021
2088
2040
1977
1983
2075
1981
2079
2040
2045
2032
2005
2015
2063
2033
2005
1963
1981
2035
1982
2072
2027
2016
2001
2012
1955
2084
2016
2048
2016
2019
2027
2069
1993
2032
1989
2055
1975
1993
1991
1941
2063
1987
2013
1991
1969
2067
2005
1979
1961
1957
2024
2023
2066
2033
2055
1979
2054
2033
2096
1949
2007
2067
2030
1965
2051
2059
2084
2047
2088
1965
2090
2053
1960
1994
2075
2013
1993
1979
2041
1983
1995
2019
2009
2065
2015
2020
2075
2021
1997
2086
2057
1979
2040
2046
2029
2069
2037
2072
1973
2044
2013
1947
2063
2007
2090
2053
1959
1953
2068
2053
2035
2023
2031
2084
2029
1959
2080
2024
2007
2032
1997
2059
2008
2048
2075
2061
2079
2011
2103
2063
2090
2089
2051
2026
2021
2043
2042
2067
2028
2095
2073
2096
2077
1991
2041
1981
2095
1997
2039
2060
2056
1967
2054
2067
2003
2055
2007
2095
2021
2005
2067
2077
2041
2048
1979
2057
2079
1987
2017
2066
2015
1987
2051
2087
2055
2035
2004
1929
2060
2075
2092
2063
2033
2078
2057
1977
2001
2002
2057
2041
2095
2083
1979
1977
2027
2068
2080
2075
2055
1981
2032
1995
2091
2027
2037
1971
2071
2032
1989
2072
1997
2013
2039
2027
1994
2007
2011
1978
1995
2011
1978
2044
2031
1964
2070
2034
2080
1974
2067
2032
2024
2033
2066
2067
2082
2104
2021
2067
1995
1977
1979
2086
2055
1972
2077
2008
1999
2052
2040
2059
2119
1987
2063
2009
2080
1997
2065
2063
1979
2077
2040
2071
2017
1961
1999
2012
2095
2047
1977
2025
2068
2081
2023
2039
2059
2023
2031
2066
1991
1982
1979
2007
1978
2073
2032
1995
2025
1975
2037
2089
2063
1995
2041
1961
1997
2075
2056
2063
2027
2007
1979
2063
1957
2067
2063
2065
1999
2016
2019
2101
1944
2031
2068
1994
1994
2045
2023
2086
2041
1961
2047
2092
2029
1964
2035
2099
2040
2011
2079
2016
2043
2048
1957
2028
1997
2026
2088
1983
2086
1997
1995
1947
2023
2003
2071
2007
1993
1983
1981
1971
1989
2063
2009
1977
2013
1977
1981
2105
2090
2088
1973
1993
1989
2073
1977
1957
2090
2001
2071
2033
1947
2068
2066
1979
2059
2068
2019
2053
2024
2086
2016
2012
1973
2072
1975
1977
2013
2024
1991
2047
1991
2087
1995
2065
2065
2035
1964
2015
1946
2060
1993
2072
2057
2047
2087
2085
2075
2024
2081
1971
2055
2055
2073
2075
1991
2083
2003
2035
2019
1971
1989
1997
2045
1979
1979
2073
2077
2007
1997
2055
2020
2071
2057
2035
2040
1995
1979
2081
2043
2052
2011
2030
1979
2041
2078
1975
2073
2043
2005
2077
2017
2066
2043
2057
2063
1993
2071
2075
1975
2089
2019
2031
1978
2068
1995
2077
2031
1992
2032
1969
2040
1973
2063
2076
2073
2091
1957
2063
1981
1989
2056
2072
1987
2043
1971
2083
2094
2001
1966
2057
1976
2063
2001
2045
1995
2041
2016
2027
1967
2083
1964
1941
2087
2059
2075
1997
2080
2011
2017
2032
2067
2027
2003
2106
2041
1992
1993
2081
2055
1981
2053
1947
2076
2029
2035
2023
2023
2009
1991
1974
2019
2055
2063
2071
2059
2056
2007
2004
2016
2061
2075
1992
1977
1987
2063
2043
1977
2001
2027
2087
2071
2068
2040
2043
2044
2063
2016
1977
2077
1967
1998
2080
2022
2057
2063
2099
2028
1975
2017
2005
2001
2017
2075
1983
1975
2015
2067
2025
2030
2018
2059
2073
2027
2077
2099
2041
2037
2041
2012
2060
2066
1988
2059
2069
2031
1944
1973
1977
2023
2043
1982
2054
1981
2063
1989
2066
2043
1983
1992
2009
2018
1995
2031
2073
1953
2008
2090
2011
2096
1976
2081
2068
1991
1975
1937
1993
2095
2009
2013
1971
2043
2075
2083
2023
2059
1955
1960
1997
2013
1996
2065
2068
2085
2046
1973
1963
2040
2027
2087
2095
2001
2061
1999
2053
2044
2075
2071
2086
2056
2005
2016
1965
1997
2076
2063
2015
2027
1971
2052
2036
2030
2013
2045
2003
2091
1964
2039
2066
2055
2029
2016
2051
2054
2015
1963
2030
2044
2084
1989
2019
2011
2043
1992
2073
2009
2095
2045
2066
1955
1963
1993
2021
2029
1980
2087
2041
2002
2071
2068
2025
2085
2103
2071
1996
2055
2083
1978
2041
2043
2088
2076
2069
1960
1990
2040
1961
2047
2029
2032
2056
2028
2015
2015
1979
1983
1957
2059
1983
2007
1996
1976
2081
2023
2071
2022
2059
2051
2074
1963
2078
1975
1961
2056
2084
2063
1987
2029
2019
2007
1990
2058
2011
1977
2028
1975
2016
2039
2021
2075
2093
2047
1960
2013
2041
1997
2086
2008
2032
2019
2073
2040
1973
1977
2001
2045
1991
2088
2024
2012
1959
2057
2032
2012
2006
2007
1975
2071
1953
2067
1961
1991
2011
2005
2068
2048
2009
2047
1971
2069
2063
2083
2063
2077
1975
2063
1973
2043
2057
2011
2027
2067
2065
2066
1973
1999
2035
2019
1976
2027
2054
2098
2029
2029
2047
2067
1995
2028
2059
2039
2036
2069
1967
1989
2000
2075
2000
1975
2041
2072
2007
2032
1991
2017
2078
2020
2093
2067
2065
2072
2035
1967
2063
2016
2021
2076
2075
2029
2066
2008
1997
2032
2065
1973
2009
2046
2044
2104
2029
2021
2016
2063
2091
2088
2048
2016
2063
1997
2045
2056
1961
2013
1962
2067
2042
2002
1990
1992
2060
1977
1999
1977
2093
2027
2059
2035
1971
2040
2055
1995
2003
2039
2048
2058
2067
2060
2000
2091
1993
1991
2065
1954
2042
2039
2009
2103
2022
1981
2003
2009
2063
1977
2072
2055
1983
2067
1993
2055
2011
2067
2065
2045
2009
2073
2057
2048
2055
1979
2040
1979
2071
2039
2016
2041
2053
1932
2027
2017
2021
1995
1973
2097
1995
1977
2063
1981
2005
1929
2031
2001
1977
2009
2083
2007
2019
2063
2042
2055
2094
1977
2021
1864
2085
1939
1928
2048
1979
1995
2149
1965
2091
2037
1951
1975
2012
1991
2021
2075
2008
2035
2099
1977
2117
1990
1909
2013
1975
1995
2094
1991
2001
2039
1977
2018
2063
2040
2070
1994
2055
2029
2023
2093
2007
2042
1999
2033
2077
1981
1998
2084
1917
2011
1967
1889
1956
1959
2240
1806
2187
2110
1945
2152
2040
2039
2085
2079
2017
2041
2056
1980
2103
2042
2101
2089
1991
2059
1964
2041
2028
2104
2023
2025
1980
1975
2037
2005
2021
2083
2159
1995
2146
2115
2093
2107
2179
2059
2108
2131
2107
2089
2083
2005
2135
2082
2040
2113
2173
2185
2127
2041
2139
2126
2077
2153
2137
2105
2127
2139
2187
2093
2125
2117
2202
2154
2119
2125
2197
2131
2121
2196
2133
2123
2147
2198
2059
2125
2159
2059
2103
2154
2069
2099
2172
2235
2157
2085
2151
2152
2118
2019
2065
2109
1992
1989
2093
2099
2056
1996
2096
2063
2077
2085
2060
1960
2015
1967
2043
1915
1947
1955
2005
1977
2001
1916
1913
1933
1937
1894
1937
2017
1885
1823
1963
1725
1728
1873
1861
2137
2299
1187
2391
1179
1196
1741
1619
1638
2025
2087
2044
2279
1971
1849
1641
1624
1521
1714
1816
1952
2041
2027
1991
1845
1849
1835
1779
1705
1816
1880
1869
1943
1937
1957
1945
1917
1913
1838
1873
1845
1900
1933
1892
1897
1843
1971
1945
1988
1949
1955
1913
1951
1895
1975
1875
1927
1979
1909
2001
1867
1998
1933
1941
2024
1955
1973
2040
1942
2104
2012
2053
2005
1980
1997
1983
1977
1896
2006
1961
2056
2031
2028
2016
2084
2066
2019
2093
2077
2147
2053
2112
2106
2096
2037
2025
2073
2063
2048
2103
2063
2090
2060
2040
2039
2037
2067
2075
2025
2072
2041
2118
2096
2065
2080
2072
2033
2045
2066
2021
2088
2091
2397
2323
2188
1982
1761
1399
1451
1373
1603
1915
2187
2283
2293
2121
1944
1788
1799
1724
1817
1905
2069
2227
2221
2251
2284
2131
2104
2044
2190
2059
2153
2203
2293
2336
2215
2255
2120
2087
2045
2115
2184
2296
1792
2283
2067
2057
1981
2412
2030
2337
2345
2462
2350
2504
2202
2299
2295
2220
2234
2219
2124
2169
2269
2221
2171
2232
2191
2131
2216
2115
2203
2153
2141
2188
2256
2216
2212
2156
2195
2155
2133
2133
2159
2139
2136
2084
2135
2067
2041
2109
2144
2087
2085
2135
2096
2055
2104
2135
2017
2071
1999
2072
1973
2099
2023
2079
2016
2086
1997
2108
2063
2091
2095
2107
2155
2126
2053
2106
2119
1993
2063
1979
2029
2020
1957
1959
2006
2024
1915
1959
1993
1932
1993
1987
1931
1992
1954
1929
2011
2024
2039
1995
1957
2013
2055
1992
1967
2084
2055
2068
2019
2055
1995
2011
1992
2040
2013
2007
1963
1960
1895
2022
1939
1919
1935
1897
1875
1968
1963
1989
1988
2006
1939
2056
2016
1994
2003
2017
2007
1963
2011
1956
2004
1907
2023
2013
2021
1977
1984
2057
1912
2003
1907
1928
1945
2016
2040
2038
1943
1939
2016
1929
1923
1991
1976
1997
1975
2000
1917
2017
1951
1945
1977
1947
1972
2001
2008
1901
1877
1853
1893
1931
1917
1963
1981
1941
2080
1913
1997
2082
2007
2058
1869
2069
1904
2112
1881
2067
1831
2022
2008
1975
1950
2080
1967
1965
2088
2031
2080
2137
2066
2024
1963
1917
1947
1897
1895
1947
1976
1931
1995
2075
1932
1943
2046
1929
2003
1900
2011
2008
1978
2068
1975
2001
1937
1961
1869
1980
1897
1945
2009
2093
1927
2027
1983
1879
1997
1995
1977
1971
2059
2007
1955
2046
1959
2024
2015
1944
2023
1939
1925
1984
1923
2011
2067
1947
2103
2037
2060
2007
2045
2024
2039
1931
2067
1997
2067
1997
2063
1978
2080
2006
1997
1988
2029
2001
2004
2003
2092
1991
2133
2017
2031
2030
2064
2028
2099
2075
2123
2101
1996
2103
2119
2023
2013
2101
1999
2109
2087
2093
2021
2059
2071
2080
2092
2093
2025
2116
2093
2087
2073
2137
2112
2145
2138
2093
2071
2037
2137
2093
2149
2011
2022
2124
2011
2110
2024
2087
2080
2012
2096
2107
2063
2067
2132
2101
2105
2127
2123
2053
2077
2075
2044
2074
1979
2077
2003
2002
2007
1967
2015
2063
2036
2063
2041
2107
2032
2004
1980
2090
1992
1959
2035
2004
1937
2030
2028
2072
1979
2071
1965
2036
2007
2029
2027
1955
2030
1977
1949
1975
1973
2027
1983
1899
2009
1998
2023
1983
1963
1959
1981
2013
2021
1975
2024
2013
1992
1991
1991
2029
1952
1943
2023
1997
1927
1967
1941
1963
2066
2016
2063
1949
1939
1971
1959
2023
1960
1989
1947
1981
2079
1973
2027
2131
2027
2008
2020
2041
1883
2030
1969
1964
2095
1971
1887
1994
2008
1873
2111
1987
2036
2133
1991
2133
2063
2107
2068
1980
2075
2054
2120
1998
1945
2085
2075
1963
1995
2100
1957
1989
2033
2066
2104
2043
2077
2120
2045
2017
2104
2077
1992
1998
2137
2063
2136
2136
2112
2076
2055
2096
2057
1967
2021
2073
2091
2112
2021
2118
1991
2076
2019
2071
2121
2147
2105
2057
2144
2037
2134
2146
2101
2096
2169
2019
2134
2104
2080
2047
2077
2075
2048
2063
2111
2089
2081
2109
2077
2040
2040
2063
2092
2087
2085
2119
2004
2031
2075
2077
2044
2019
2117
2041
2071
2083
2071
2009
2043
1979
2079
2007
2095
2071
2025
2057
1995
2109
2039
1975
1995
2100
2091
2029
2080
2072
2009
1993
2071
2025
2016
2063
1957
1987
2045
2055
2054
1992
1990
2066
2115
2088
2057
2041
2005
2073
2011
2066
2003
2001
1971
1950
2003
1977
2007
2029
2037
1969
2039
2067
2028
2041
2063
1995
2003
2011
1993
1975
2067
1967
1928
2024
1997
1981
1955
1905
1963
2025
2015
2010
2063
2069
2030
1948
2005
1991
2015
2008
2009
1977
2024
1992
1977
2009
1958
2066
1980
1997
2040
1929
2009
1955
2005
1935
1928
1931
2011
1927
1978
1981
2019
1933
1900
1998
2019
2027
1910
1963
2029
1967
2015
1950
2029
1992
1961
1968
2019
1925
2002
2024
1970
1959
1948
1987
1901
1952
1983
2013
2024
2007
1917
1993
1983
1925
2001
1949
2022
1931
2006
1989
1949
1983
2006
1957
1932
2046
1995
2055
1992
1928
2053
1916
2027
2027
2003
2040
1973
2007
1915
2011
2009
2006
1990
1993
1931
2005
2012
2027
2028
2007
1979
1999
1965
2039
1971
2025
2031
1961
2023
1965
1963
2023
2037
2020
1967
2043
2025
1992
2035
1969
2015
2052
1965
1965
2016
2028
1969
2068
2003
2027
2033
2029
1967
2018
2012
2055
2046
1979
2040
1975
2011
2012
2016
2055
2023
1989
2099
2119
2007
2067
2018
2093
2019
2001
2059
2009
2079
2067
2037
2024
2035
1971
2077
2019
2094
2019
2037
2037
2092
2005
2087
2013
2063
2070
1979
2085
2025
2136
2066
2075
2108
2109
2083
2063
2103
2124
2035
2121
2042
2087
2136
2057
2004
2094
2015
2112
2089
2035
2031
2143
2059
2075
2069
2109
2075
2053
2045
2122
2064
2129
2103
2065
2144
2111
2063
2039
2137
2099
2089
2104
2151
2029
2083
2140
2025
2120
2028
2104
2153
2152
2026
2092
2066
2151
2084
2149
2167
2055
2089
2089
2105
2089
2111
2155
2011
2095
2086
2017
1992
2099
2021
2125
2119
2145
2115
2104
2093
2096
2147
2104
2020
2107
2075
2024
2011
1997
2072
2117
2093
2023
2098
2093
2104
2099
2099
2019
2104
2011
2095
2024
2013
2093
2059
2001
2003
2087
2126
2031
2123
2021
2013
1977
2041
2054
2069
2085
2037
2063
2005
2032
1950
1997
1983
2041
2088
1998
2054
2015
2004
1981
1979
2041
2043
2064
2046
2069
1965
2035
2041
2036
2011
2005
2005
2037
1909
1947
1917
1999
1997
1959
2022
2044
2006
2045
2028
1969
2038
1979
2024
1990
1991
1997
1934
2053
1997
2026
1991
1919
1957
1949
1955
2006
1996
1978
2017
1927
1979
1975
1997
1980
1913
2005
1927
1997
2019
1957
1989
1929
2008
1957
1993
1967
1939
1905
1943
1968
1943
2030
2009
1959
2027
1946
2019
1984
1915
1929
2013
1943
1949
2006
1955
2017
1945
2024
2011
1993
1982
2028
1997
1918
1965
2065
2063
2025
2019
2005
1911
2016
1947
2024
1950
2005
2027
1965
1953
1959
1967
2008
2029
1963
1995
2000
1917
2028
2031
2039
2035
2031
2060
1979
2011
2020
1984
1943
2047
1975
2059
2041
2000
1971
2025
1989
2005
1964
2015
2034
2045
2089
1958
1973
2077
2035
2024
1963
2035
2071
1975
2013
2063
2003
1957
2029
1977
2069
1977
1974
2015
1939
1999
1947
2066
1980
2041
2004
2060
2077
2030
2015
2071
2033
1993
2023
2003
2075
1973
1991
2011
1992
2055
1953
2041
2016
2053
2025
1991
2082
2053
2069
1944
2095
2101
2003
1995
2079
2040
2071
2063
2085
2063
1967
2042
2021
1990
2008
2015
2070
2001
1987
2095
2007
2063
1979
2089
2071
2059
1994
2019
2087
2018
2071
2054
2029
2007
2048
2108
2011
2083
2116
2083
2097
1997
2007
2093
2073
2038
2068
2057
2089
2069
2089
2089
2045
2043
2005
2108
2035
2083
2060
2103
2063
2059
2007
2023
2103
2085
2060
1960
2095
2067
2067
2027
2074
2023
2105
2069
2104
2017
1993
2106
2077
2075
2104
2100
2093
2036
1967
2080
2031
2102
2028
1991
2018
2011
2005
2115
2077
2017
2039
2093
2005
2091
2107
2075
2125
2030
2080
2101
2078
2044
2063
2003
2087
2067
2070
2058
2071
1975
2084
2022
2109
2023
2053
2008
2024
2009
2103
1969
2088
1997
2009
2096
1973
2084
2063
2084
2017
1991
2045
2065
2032
2079
2088
2075
2076
2040
2056
2075
2038
2103
2064
2024
2060
2073
2073
2023
1995
2020
2055
1999
2083
2029
2037
2030
2071
2007
1997
2072
2004
2027
2043
2009
2023
1995
1957
2003
1959
2065
1960
2029
1982
2042
1969
2029
2075
1971
2057
2055
2037
2022
2016
2066
2029
1990
2001
1997
1965
2025
1960
2033
2068
2029
2045
1975
2026
2038
2072
1993
2074
2011
2013
1977
1970
1957
2008
2007
2013
2057
1967
2015
1973
1963
2063
2059
1989
2071
1976
1982
1981
2063
2035
2044
1967
1949
2025
1957
1979
2057
2003
2071
1995
2036
2060
2019
2044
2008
1977
2073
2058
2001
1972
1915
2008
1997
2071
2077
2035
2046
2081
2084
1958
2013
2024
2008
2012
2045
2023
2029
2008
1971
2043
2105
2040
2039
2076
2024
1971
2037
1979
2058
2027
2005
2057
2023
1963
2059
2009
2055
2036
2059
2007
1981
2035
2071
2070
2007
1965
2012
2023
2015
2071
2001
2073
1976
2066
2037
2037
1975
2025
2088
2025
2035
1983
1991
2073
1961
1991
2009
1983
2034
2010
2029
2043
2064
2015
1979
2063
2055
2033
2053
2060
2023
1975
2007
1975
1976
2015
1947
2063
2015
2039
1958
2017
2040
1963
2034
2089
1998
1961
1967
2065
1949
2032
2010
1971
2016
1992
2088
2029
1984
1918
2063
2035
2046
1957
2072
1993
2040
2015
2033
1989
2075
2045
2027
2041
2055
1961
1965
2063
2008
2085
2043
2028
1955
2019
2029
1992
2043
2030
1947
2063
1979
2037
1971
2039
2037
2005
1969
2061
2038
1981
2084
1993
2035
2060
2040
2021
1995
1993
2007
2009
2016
2069
1974
1971
2005
1965
2048
1989
2041
1995
1945
1989
2048
2011
2057
2072
2043
1989
2077
1979
1981
2048
2111
2077
2083
2060
2040
2039
1967
1981
2056
2068
2061
1964
2016
2025
2099
2001
1979
1976
2063
2039
1998
2091
2059
2089
2073
2060
2038
2060
2018
1993
2073
1993
1999
2081
1995
2040
2006
2105
1976
1992
2041
2010
1983
2001
2071
2053
1957
2059
2092
2089
2007
2056
2071
1972
2003
2055
2108
2087
1980
2023
1960
2081
2083
2099
2076
2099
2033
2087
2123
2065
2060
2010
2081
2091
2063
2108
2090
2002
2048
2081
2059
2009
2017
2033
2013
2068
2039
1979
1977
2054
2088
2007
1979
2031
2087
2068
2043
1975
2097
2084
2001
2039
2075
2039
2057
2060
2037
2067
2097
2013
2043
2019
2101
2009
2083
1979
1991
2062
1999
2083
1981
2057
2072
2072
1973
2033
1981
1971
2069
2001
2069
2075
2012
2034
1987
2024
2015
2077
2102
2031
2115
1993
1995
2025
1983
1980
2088
2073
2041
2072
2044
2031
2030
2107
2053
2039
2065
1973
2003
2045
2040
1971
2019
1997
1981
1995
1979
2044
2024
2023
2056
2006
2047
1975
2065
1979
2067
2059
2041
1992
1990
2071
2056
1979
1957
1947
2060
2035
2070
1981
2072
2059
2034
2009
2055
2067
2040
2027
2029
1977
2039
2001
2041
2035
1954
2045
1976
2031
2031
1975
1980
2069
1989
2077
2057
2011
2023
1973
2063
2027
2021
2036
1937
1963
1957
2083
2025
1976
2031
1977
2031
2024
1941
2031
1979
2077
1945
1996
1981
2039
2022
1993
1984
2040
2009
2037
1964
1955
2037
2036
1995
2024
2071
2056
2032
2029
2020
2024
1991
2053
1991
1973
2041
1937
2023
2047
2003
2047
1984
1935
1971
2065
2028
2053
1995
1943
2065
2056
1949
2066
2024
2029
2042
2060
1997
2016
1975
2042
2063
2011
1971
1994
1991
2031
1957
1957
1999
2035
2008
2020
1993
1977
2059
1967
2043
2072
2003
2020
1988
2041
2056
2021
2071
1977
2029
1931
2068
2053
2067
2075
2007
2077
2025
2053
1963
2071
2009
2023
2016
2025
2060
2011
1989
2078
1954
2017
2035
2085
2031
2075
2021
2024
1977
2015
2072
1991
2073
2029
2117
2088
2035
2059
1981
2089
2080
2021
2080
2072
2088
2093
2071
2011
2053
2020
2071
2068
2053
2097
2060
2083
2040
1993
2027
2104
2013
2120
2137
2101
2056
2077
1991
2052
2072
2025
1999
2077
2055
2088
2112
2055
2068
2028
2013
2026
2087
2027
2069
2109
1993
2100
2013
2068
2073
2040
2023
2041
2101
2023
1989
2020
2003
1991
2075
2089
2024
2063
2011
1969
2045
1977
2071
2041
2104
2058
2003
1987
2055
2087
1979
2017
2087
1997
2081
2045
2116
1993
2017
2087
1991
2065
1988
2021
2086
2043
2071
2083
2027
1991
2063
2017
2011
1971
2048
1993
2029
1971
2031
2029
2023
1979
2041
1995
2104
2027
2072
1957
2083
2027
1997
2095
1965
2084
2072
2091
2025
1971
2040
1995
1969
2029
1991
2088
2016
2039
1975
2055
2063
2037
1993
2009
2001
2001
2047
2040
1997
1963
2067
2041
2025
2057
1971
2026
2080
2040
2005
2063
2055
2051
2075
1995
2066
2012
2032
2013
2015
2046
1964
2077
1959
2089
1982
2067
2048
1997
2018
2003
1974
2001
1943
2042
1971
2063
1973
1981
2016
2040
1997
2019
2016
1993
2039
1979
1963
2027
1947
1944
2048
2007
1975
2041
2001
1997
2059
2071
2025
2010
2080
1991
2045
2005
2015
1933
2006
2024
2004
2021
1973
2007
2053
2020
2014
2027
2069
1959
2083
1980
2052
2039
2063
1993
2073
2013
2055
2040
1977
2066
1997
2072
2023
2024
1981
2001
1977
2063
2041
2031
2075
1987
2037
1995
2001
1992
2069
2002
2042
1988
1997
2096
1976
2071
2066
1927
2005
2005
2067
2011
1947
2080
2039
2073
1989
2037
1999
2057
1941
2019
2058
2056
2055
2044
2005
1957
1991
2020
2083
1987
2057
2065
2051
2063
2047
2021
1977
2044
1976
2032
2040
2075
1995
1961
2053
2084
2038
2019
1994
2042
2003
1981
1957
1970
1981
2041
1975
2019
1981
2038
1979
2035
2068
1959
1960
2075
1991
2059
1992
2063
1993
1998
2085
2060
2087
2016
2016
2040
2068
2012
2077
2063
1993
2085
2077
2024
2063
2047
2067
2084
2044
1984
2005
1992
2004
2088
2023
2111
1977
2055
2087
2016
2021
2023
2056
2023
1981
2045
2040
1995
2041
2013
2001
2002
1990
2035
2025
2081
2011
2071
2089
2067
1995
2023
2015
1993
1964
2021
2023
2041
1991
2039
2069
2060
1977
2055
2044
2032
2016
2080
2025
2111
2106
2043
2041
2016
2067
2072
2079
2063
2035
1973
2032
2009
2065
2019
2065
2083
2013
1989
2071
2031
2056
2060
2072
1981
1989
2043
1995
2066
2047
2011
2068
2076
2007
1977
2073
2054
2036
2028
2072
2055
2091
2060
2016
1993
2011
2056
1960
2055
2071
2056
2043
2063
2041
2039
2093
2065
2044
2032
2043
2041
2009
1998
2035
1973
2075
2057
1997
2029
1931
2037
2068
2087
2041
2005
2069
2028
1995
2085
2032
2103
2015
2007
2003
2067
2040
2022
2016
1941
2066
1989
2071
1965
2003
2045
1963
2063
2025
2006
1974
2023
2084
2044
2047
2023
2043
1975
2067
2068
2007
2039
2041
2071
2040
2005
2068
2040
2003
2080
1966
1981
2039
2069
2055
2023
2067
2033
2011
1991
2015
2008
1981
2065
2025
2084
2033
2087
2009
2037
2019
2070
1991
2057
2055
2072
2100
1997
2087
2063
2007
1981
1988
2059
2074
2053
2063
2083
1967
2079
2067
2037
2021
2071
2071
2072
2009
2055
2043
2015
2028
2075
2072
1982
2037
2073
1979
2013
2075
2019
2075
2091
1988
2044
1992
1959
1972
2013
1977
2007
2069
2020
2048
1957
2029
2045
1987
2029
2033
2056
1997
2072
2085
1955
2025
2079
2086
1991
2011
1961
1959
2074
2020
2057
2028
1995
2012
2111
2027
1951
2071
2016
2039
2078
1991
1987
2020
1989
1989
2068
2047
2032
2042
2048
1975
2019
1967
2008
2076
2065
2075
2028
2042
2005
2011
2007
2075
1995
2027
1977
2055
2031
2047
2003
2095
2065
2044
1995
2001
1975
2087
2052
2063
2016
1981
2079
2071
1997
2041
2029
2037
1981
2071
2060
1993
2067
1995
1989
2001
2028
2020
1989
2057
2043
2095
2008
1992
2024
1981
1998
2035
1956
1955
2021
2005
2017
2052
2007
2072
1983
2037
2030
2043
2058
1989
2039
2017
2032
2099
2079
2016
2089
2045
2015
2071
2009
2009
2091
1960
2071
2055
2072
2059
2040
2063
1995
1973
2039
1987
1961
2044
1997
2093
2031
2038
2021
2034
2001
2059
2072
1983
2005
2083
1965
2080
2029
2013
2005
2040
2019
2026
2005
1975
1963
2029
1977
1991
2027
1983
1991
1976
1999
2024
2029
2037
2032
2056
2047
2015
2071
2032
2015
2072
1979
2077
2088
2007
2091
1987
1955
2013
2067
1981
1997
2003
2032
2007
1969
1995
2023
2067
2024
1994
2051
2060
2101
2104
2043
1998
2028
2021
2091
2030
2076
2030
2059
2017
1972
2015
2087
1973
2065
1971
2082
2038
2041
1989
1981
2036
2076
2085
2024
2069
2040
2088
2053
2093
2093
2063
1983
2057
2084
1991
1971
2093
1971
1963
2065
1989
1977
2059
1973
2091
2048
2080
2032
2016
2076
2015
2003
2048
2060
1991
2027
2029
2015
2059
2027
2056
1966
2012
2079
2066
2003
2027
2057
2088
2011
2077
2023
2005
2047
2003
1982
1975
2063
2043
2032
2042
2013
2081
2041
1964
2006
2007
2035
1979
1979
2003
2073
2072
2029
1973
1992
1975
2073
2071
1964
1983
2032
2024
2021
2091
2063
1989
2037
2052
2084
1963
2043
2040
1979
1989
2091
2001
2059
2047
2031
1987
2103
2048
2057
2044
2027
2082
1977
2047
2003
2057
1979
2001
2073
2013
2080
2056
2009
2005
2059
2063
1975
2087
1983
2013
2035
2005
2073
2044
1957
1956
1983
1959
1981
2020
1999
2071
1977
1963
1977
2048
1991
2063
2035
1997
1965
1995
2087
2008
2053
2080
2036
2024
1981
2087
2055
1992
1957
2060
1977
2025
2008
2075
1999
1973
2029
1979
1982
2075
2004
1975
2052
2024
2077
2085
2065
2029
1976
2013
1989
2085
2055
1989
2065
2068
1966
2023
2047
1955
2005
2011
2087
1963
2054
2003
1993
1961
2056
1997
2084
2040
1969
1991
2067
1989
2009
2037
2010
2063
2037
2011
1990
2032
1999
2013
2055
2039
1980
2017
1980
2053
1994
1961
1976
2005
2036
2053
2019
2068
1987
2080
2011
2016
2039
2092
2067
2023
2052
1967
2063
2063
1969
1961
2055
1940
2045
1973
2064
2036
1995
2048
1999
1979
2016
1979
1990
2021
2091
2003
2071
2005
2025
2073
2084
2009
2084
1997
2090
2071
2068
1978
2039
2047
2067
2028
2036
2031
2071
2063
2044
2035
2078
2047
2044
2038
2011
2027
1941
2066
2085
2048
1993
2019
2046
1980
2001
2043
1973
1997
2007
2005
2016
2011
2003
2027
2031
2083
1973
2055
2067
2053
2045
1989
2067
1969
2059
2094
1999
2036
2116
1979
1993
2073
2055
2078
2039
2079
1972
2041
2044
2040
2099
2007
2072
2022
2015
1997
2059
2031
2040
2001
2057
2048
1993
1957
2001
2077
2068
2072
1988
1988
2057
2068
2007
2019
2040
2087
1995
2063
2077
2039
2101
1999
2107
1987
1961
2040
2012
2091
1991
1979
2087
2067
2040
2028
2047
1989
1961
2062
1979
1977
2071
2056
2065
2003
2023
1955
2077
2005
2076
2037
2023
2053
2037
1995
1967
2100
2075
2032
2071
1983
2031
1987
2063
2032
1977
2083
2099
2021
1997
1982
2097
2037
2076
2057
2029
1962
1981
1955
1999
2082
2009
2093
2071
2016
1993
1947
2003
2003
2029
2043
2045
2089
2012
2030
2023
1941
2055
2007
2063
1963
2057
2039
2076
2060
1995
2046
2016
2052
1993
1975
2023
2089
2075
1993
1955
2065
2035
1973
2033
2060
1948
2047
2024
2011
2027
1971
1945
1995
2008
2063
2028
1997
2081
2009
2086
2047
1975
2047
2031
2057
2011
1993
2067
2030
1957
2067
2038
2043
1960
2060
1971
2016
1983
2084
2059
2072
1979
2041
2031
2070
1971
2009
2067
2107
2059
1973
1992
2011
2057
2026
2075
2011
2063
2028
1996
1971
2034
2024
2063
2032
2065
2023
2065
2023
1961
2028
2078
1963
1989
2005
2067
2080
2061
2043
2067
1979
1975
2041
2010
1963
1955
2042
2009
2005
2024
1991
1981
1974
2084
2063
2090
2027
1999
2031
1995
2003
1996
2076
2058
2063
2015
2053
2044
2001
2085
2006
2017
2072
1995
1989
1917
2071
2061
2008
2085
2005
2077
2057
2070
2041
2040
2096
2076
2055
2015
2073
1955
2016
1963
1993
2057
2101
1957
1976
2072
2064
2047
2019
2040
1993
1979
2055
1981
2104
1989
1997
2067
2056
1975
2032
2095
2075
1981
2036
1973
1967
1931
2072
2063
2025
2105
2001
1996
2075
2037
2069
2040
1959
2002
2014
1961
1955
2038
1943
2032
2021
2067
2023
2096
2074
2065
2021
2057
1973
1989
2045
2055
1987
2063
2013
2013
2069
2077
2013
2024
2040
2039
2011
2039
1977
2032
1960
1975
1980
2063
2032
2065
2096
2012
2055
2043
2016
2105
2009
1941
2043
2075
2057
2025
1994
2011
2039
2069
1999
2075
2036
2088
1993
2085
2007
1998
2015
2037
2005
1977
1975
2033
2067
1977
2077
2003
2029
1973
2036
2006
2065
2001
2063
2016
2074
2064
2048
2070
1997
2003
2076
2067
2033
2047
2040
2003
2089
2040
1991
2016
2045
2020
2059
2042
2008
1963
2083
2043
2072
2016
2001
2069
1987
1981
2084
2003
2114
1961
1979
2055
2047
2022
2013
2015
2029
2051
2003
2043
2055
1987
2010
2058
2043
2067
2067
2015
2026
2060
2063
1979
2047
1965
2075
2040
2065
2119
1979
2028
2034
2037
2003
2079
1995
2043
1996
1987
2059
2003
2025
2063
1971
2056
2082
2015
2091
1983
2068
2056
2004
2063
1959
2040
1971
2067
1995
2022
1997
2047
1975
1981
2077
2092
2072
2009
1995
2060
1961
2039
1945
2067
2001
2056
1963
1999
2010
1971
2077
1981
1987
1960
2037
1981
2041
2007
1997
1955
1981
1965
1979
1955
2063
2032
1999
2005
1961
1957
2041
2031
1991
2086
2031
2041
2074
1991
2087
1989
2023
2083
2019
2093
2017
2060
2063
2079
1971
1975
2039
1965
2071
2011
2093
1989
2035
2032
2039
1972
1993
1965
2024
2067
2047
2065
2064
2001
2053
2071
2023
2063
1971
1980
2047
2075
2071
1959
2062
2075
1965
2071
1993
2032
2040
2005
2026
2054
1971
2021
2085
1973
2089
2078
2032
2053
1979
2091
1989
2008
1999
2004
2083
1973
2045
1992
2063
2017
2072
1999
1967
2053
2080
2063
1995
1975
2076
2042
1997
2034
1941
2021
2009
1997
2018
1957
2083
2017
2007
2047