2125,2021
2119,2026
2107,2043
2104,2019
2093,2043
2067,2030
2080,1992
2079,2034
2058,1995
2056,2003
2040,2017
2041,2015
2044,2039
2040,2048
2032,2018
2027,2024
2032,2043
2028,2078
2031,2042
2028,1996
2022,2035
2015,2033
2001,2029
1991,2036
1988,2056
1973,2080
1971,2035
1967,2069
1960,2043
1953,2041
1944,2081
1946,2017
1942,2021
1946,2067
1945,2075
1952,2041
1956,2095
1965,2079
1971,2078
1974,2019
1976,2082
1975,2080
1980,2067
1993,2065
1989,2039
2001,2005
2007,2039
2004,1947
2003,1992
2004,2001
2005,1979
2007,2017
2012,2080
2018,2032
2015,2021
2028,2037
2035,2005
2045,2001
2057,2037
2069,2020
2079,2048
2099,2058
2103,2063
2116,2040
2126,2043
2135,2060
2129,2044
2131,2076
2131,2035
2139,2015
2152,2028
2151,2027
2145,2006
2151,2021
2147,2025
2153,2063
2160,2032
2156,2063
2160,2023
2160,2021
2159,2075
2167,2076
2179,2073
2181,2029
2173,1981
2189,2007
2190,1979
2189,2056
2187,2052
2193,2028
2189,2021
2189,2074
2179,2080
2176,2104
2169,2069
2165,2052
2162,2101
2161,2093
2164,2045
2153,2017
2151,2037
2152,2042
2143,2015
2135,2028
2131,2079
2136,2009
2136,2018
2118,1997
2124,1997
2122,2063
2119,1991
2112,2029
2099,2009
2093,2051
2103,2010
2091,2018
2094,2029
2090,2080
2074,2044
2079,2069
2067,2055
2071,2122
2068,2136
2071,2111
2065,2040
2053,2023
2041,2021
2043,1991
2025,1982
2039,2017
2031,2060
2036,2088
2037,2095
2045,2057
2046,2005
2037,2067
2056,2068
2057,2019
2055,2088
2063,2038
2071,2024
2072,2031
2083,2011
2076,1969
2075,1979
2075,1917
2079,2001
2084,2007
2083,2041
2088,2003
2080,1995
2077,1979
2088,2045
2080,2031
2091,2021
2087,1962
2085,1979
2088,2048
2090,2048
2086,2063
2075,2035
2077,2103
2075,2055
2075,2086
2083,2043
2072,2027
2083,2007
2080,2037
2077,1974
2073,2039
2071,2025
2073,2046
2073,2063
2074,2029
2077,2123
2073,2140
2079,2071
2067,2059
2057,2023
2072,2008
2063,2035
2043,2047
2040,2038
2040,2015
2036,2053
2032,2087
2021,2109
2009,2092
2001,2068
2006,2088
2007,2053
2001,2100
1998,2105
1981,2043
1992,2077
1996,2093
1998,2112
1995,2044
1992,1988
1981,1980
1989,1985
1990,2091
1997,2136
2002,2120
2002,2007
1999,2027
1999,2027
1992,2055
2011,2023
2008,2053
2008,2099
2013,2082
2012,2008
2010,2035
2008,2063
2009,2045
2017,2041
2022,2056
2027,2092
2035,2135
2031,2116
2037,2155
2040,2125
2058,2083
2063,2091
2076,2039
2081,2002
2089,1981
2085,1994
2092,2012
2103,2044
2112,2087
2122,2106
2123,2121
2123,2101
2129,2060
2134,2030
2133,2056
2138,2032
2137,2042
2141,2035
2147,2043
2151,2060
2149,2041
2159,2007
2153,2059
2159,2088
2155,2071
2167,2015
2165,2007
2157,2000
2152,1993
2173,2031
2163,2028
2167,2053
2160,2097
2164,2085
2165,1995
2151,2024
2160,2025
2152,1995
2144,2015
2133,1993
2125,1969
2127,2029
2117,2056
2105,2012
2115,2040
2098,2093
2096,2096
2081,2070
2077,2086
2077,2044
2074,1981
2056,2056
2063,2065
2041,2127
2025,2111
2033,2069
2024,1989
2018,2044
2018,2056
2006,2067
1982,1987
1994,2079
1988,2025
1984,1965
1966,2007
1977,1982
1980,2069
1964,2173
1970,2100
1965,2082
1967,2079
1971,1988
1979,2035
1972,2032
1973,2024
1965,2009
1974,2075
1971,2087
1969,2088
1976,2020
1987,2032
1987,2023
1993,2040
1996,2027
2000,1962
2012,2033
2016,2106
2020,2063
2032,2027
2031,2035
2041,2016
2040,2026
2045,2040
2063,2046
2070,2065
2071,2073
2065,2057
2073,2011
2085,1980
2096,1970
2095,2023
2098,2044
2112,2019
2110,2007
2116,2044
2121,2063
2119,1995
2127,2008
2123,2041
2123,2143
2136,2128
2140,2044
2137,2028
2139,2028
2137,1966
2138,2003
2133,2011
2139,2005
2139,2039
2139,2060
2142,2094
2138,2068
2133,2147
2136,2114
2124,2091
2121,2110
2131,1972
2117,1955
2107,2066
2111,2027
2111,2024
2104,2021
2093,2020
2091,2020
2083,2023
2083,2032
2065,2087
2079,2004
2068,2032
2066,2118
2066,2072
2055,1933
2041,1993
2039,2092
2041,2103
2018,2072
2035,2071
2026,2088
2019,2135
2031,2066
2030,1988
2019,2005
2025,2032
2019,2056
2022,2088
2024,2012
2026,2009
2028,1947
2030,2023
2024,1975
2031,1963
2017,2093
2034,2120
2029,2032
2024,2097
2041,1968
2040,1961
2043,2107
2056,2073
2054,2020
2061,2060
2057,2093
2063,2001
2063,2150
2073,2080
2075,2016
2071,1995
2082,1996
2088,2067
2091,2111
2098,2117
2107,2028
2107,2015
2105,2059
2109,2008
2123,2023
2133,2152
2129,2099
2123,2097
2125,2074
2136,2063
2144,1993
2142,2069
2137,2080
2140,2024
2135,2068
2144,2023
2135,2043
2135,2097
2127,2067
2131,2087
2131,2168
2124,2119
2121,2099
2128,1975
2115,1977
2115,2032
2111,2063
2091,2063
2100,2064
2093,2091
2075,2057
2073,2057
2066,2065
2066,2083
2064,2067
2044,1997
2037,2075
2040,2019
2022,1971
2011,2027
2015,1961
2001,1982
2001,2053
1995,1999
1971,2031
1969,2040
1975,2043
1965,2105
1961,2125
1959,2125
1951,2035
1951,1983
1946,1961
1942,2043
1949,2076
1937,2080
1936,2028
1940,2063
1944,2096
1927,2075
1940,2077
1933,1985
1930,1981
1944,2004
1948,1981
1949,1994
1941,2017
1945,2040
1954,2065
1952,2061
1957,1976
1968,2001
1963,2080
1971,2012
1979,1979
1989,2116
1996,2163
2000,2071
2003,2127
2019,2090
2022,2065
2023,2023
2024,2025
2037,2048
2031,2057
2059,2018
2045,2121
2057,2105
2069,2022
2072,2038
2073,2095
2077,2120
2080,2063
2089,2071
2090,2066
2083,2057
2085,2063
2091,2096
2091,2008
2101,1943
2102,1972
2096,1960
2096,2080
2098,1976
2088,1996
2081,2137
2095,2096
2088,2021
2081,2131
2088,2117
2074,2036
2068,2051
2073,2065
2067,2069
2063,2056
2056,2037
2057,2005
2044,1939
2046,1949
2040,2029
2040,2001
2036,1948
2032,1957
2016,1953
2016,2065
2012,1995
2004,2035
2005,2076
1981,1933
1998,1993
1989,2045
1988,1902
1973,2018
1976,2035
1975,2000
1964,1987
1967,2115
1962,2065
1964,1975
1959,2047
1963,2011
1957,2045
1968,2110
1966,2075
1959,2154
1971,2105
1975,2076
1968,1976
1963,1997
1969,2067
1963,2009
1971,2109
1984,2106
1983,2042
1979,2076
1991,2092
1987,2082
1988,2124
1995,2121
2003,1999
2001,2068
1993,2002
1996,1981
2007,2043
2005,2008
2007,2097
2027,2131
2027,2001
2027,2024
2036,2017
2029,2075
2039,2036
2056,2017
2048,2037
2056,2019
2057,2028
2069,2040
2071,2047
2068,1977
2074,2040
2069,1977
2080,2005
2082,1993
2080,1999
2080,2068
2083,2075
2085,2045
2068,2096
2091,2053
2076,1949
2074,2008
2081,2058
2057,2019
2063,2071
2074,2097
2065,2129
2065,2067
2063,2019
2059,2065
2057,2015
2041,2075
2041,2104
2034,2090
2024,2066
2027,2005
2019,2004
2023,2092
2023,2055
2015,1989
1999,2089
2007,2015
2003,2098
1983,2063
1995,2040
1992,2028
1977,2022
1976,1979
1981,2017
1979,2104
1984,2071
1977,2032
1979,2019
1971,1970
1974,2012
1987,2063
1971,2025
1965,2031
1971,1960
1977,2008
1974,2041
1979,2066
1976,2160
1975,2093
1984,2018
1981,2024
1996,1973
1988,2042
1999,2047
2004,2044
2005,2004
2011,2001
2011,1939
2014,1961
2011,1989
2024,2020
2028,2048
2034,2005
2041,1986
2044,1945
2061,2015
2058,2048
2055,2063
2063,2068
2068,2095
2076,2082
2093,2066
2088,2076
2085,2066
2089,2063
2104,2021
2104,2080
2101,2040
2107,1992
2113,1991
2120,2008
2120,2025
2127,2027
2119,2011
2127,2032
2127,1979
2117,2031
2133,2021
2121,2013
2123,2003
2129,2024
2105,2073
2119,2025
2105,2063
2103,2101
2105,2064
2100,1995
2087,2028
2089,1971
2080,2079
2084,2099
2072,2070
2073,2091
2068,2036
2064,2062
2045,2048
2048,2028
2035,2043
2033,2008
2028,1996
2027,2018
2027,2063
2015,2127
2009,2076
2011,2071
2005,2070
1995,1995
1993,2011
1982,2035
1987,2043
1992,2115
1977,2091
1976,2001
1992,2011
1979,2057
1979,2106
1973,2058
1971,2073
1975,2057
1972,2077
1992,2088
1977,2075
1984,2053
2003,2082
1996,2063
1995,2113
2000,2063
2009,2011
2005,2023
2007,2035
2011,2103
2021,2109
2027,2031
2036,2090
2030,1976
2044,2019
2061,2128
2066,2128
2068,2071
2068,2020
2088,2023
2081,2104
2089,2045
2091,2056
2096,1971
2107,2065
2109,2067
2111,2096
2104,2053
2124,2035
2124,2027
2135,2008
2134,2024
2133,2057
2129,2044
2144,2072
2139,2063
2135,2036
2151,2040
2149,2003
2149,1993
2143,2000
2143,1989
2145,1977
2143,1977
2130,2011
2125,2009
2131,2053
2122,2039
2123,2043
2109,2017
2112,2021
2103,2005
2108,2019
2096,1978
2094,2019
2094,2078
2081,2058
2081,2033
2069,2092
2068,2033
2063,2075
2057,2015
2063,2055
2048,2038
2045,2027
2044,1977
2027,2024
2032,2068
2017,2080
2024,2035
2016,2084
2024,2017
2016,2038
2019,2019
2016,2032
2012,2072
2012,2015
2014,2065
2017,2045
2014,2039
2015,2059
2016,2029
2020,2020
2011,2030
2016,2065
2019,2045
2021,2061
2025,2048
2027,2069
2040,2088
2034,2039
2042,2024
2055,2007
2063,2067
2063,2059
2065,2059
2063,2075
2075,2041
2077,2033
2084,2007
2094,2040
2095,2033
2096,2035
2104,2060
2107,2035
2113,2025
2107,2059
2119,2041
2119,2039
2127,2072
2132,2053
2141,2025
2142,2058
2148,2042
2139,2040
2151,2063
2147,2063
2153,2046
2153,2072
2149,2025
2153,2072
2147,2063
2153,2063
2143,2067
2144,2041
2138,2054
2136,2023
2131,2042
2136,2063
2119,2040
2121,2037
2117,2013
2111,2023
2100,2015
2104,2015
2097,2058
2085,2037
2083,2071
2073,2039
2063,2032
2068,2018
2063,2037
2044,2057
2048,2044
2036,2072
2028,2040
2026,2013
2005,2056
2013,2075
2008,2056
2007,2019
1987,2047
1993,2039
1981,2071
1983,2056
1979,2043
1968,2095
1966,2005
1961,2079
1966,2001
1952,1997
1961,2037
1959,2039
1951,2029
1949,2019
1951,2047
1946,2047
1947,2029
1947,2040
1945,2037
1952,2045
1951,2080
1960,2071
1956,2063
1960,2017
1963,2070
1975,2058
1972,2046
1981,2035
1975,2056
1988,2047
1984,2066
1986,2046
2001,2035
2004,2047
2007,2037
2005,2011
2009,2033
2018,2009
2032,2048
2029,2021
2041,2060
2042,2059
2047,2068
2048,2054
2055,1987
2063,2046
2066,2021
2063,2056
2070,2053
2072,2033
2079,2040
2079,2063
2079,2056
2072,2059
2076,2053
2082,2036
2079,2067
2085,2007
2083,2005
2082,2060
2078,2017
2071,2043
2072,2048
2074,2019
2072,2004
2059,2048
2063,2029
2066,2011
2055,2015
2056,2023
2040,2043
2037,2068
2040,2056
2035,2067
2029,2021
2029,2009
2025,2076
2007,2079
2005,2067
2003,2069
2005,2067
1993,2065
1989,2053
1978,2033
1987,2011
1982,2029
1979,2015
1963,2043
1963,2027
1965,2063
1959,1987
1956,2056
1960,2025
1960,2033
1960,2035
1951,2079
1959,2039
1960,2077
1960,2088
1960,2033
1955,2015
1957,2056
1965,2075
1971,2032
1961,2063
1970,2058
1971,2037
1972,2053
1984,2043
1992,2044
1994,2045
1992,2045
2003,2062
2008,2056
2014,2065
2011,2077
2024,2073
2021,2035
2026,2077
2039,2020
2037,2052
2060,2086
2063,2011
2063,2008
2069,1992
2070,2029
2076,2056
2088,2065
2091,2060
2104,2033
2107,2054
2110,2007
2105,2053
2100,2023
2120,2025
2124,2021
2129,2046
2125,2048
2132,2030
2136,2087
2129,2013
2133,2059
2136,2021
2128,2033
2135,2060
2127,2063
2131,2044
2134,2065
2121,2029
2119,2025
2120,2041
2123,2064
2122,2068
2105,2066
2118,2072
2115,2063
2097,2043
2100,2027
2104,2043
2095,2064
2089,2039
2089,2039
2080,2044
2081,2060
2076,2011
2059,2071
2069,2029
2057,2082
2055,2068
2053,2056
2058,2027
2053,2023
2041,2055
2036,2064
2037,2056
2035,2048
2041,2025
2032,2021
2036,2065
2039,2033
2025,2045
2030,2080
2033,2039
2036,2072
2030,2067
2035,2071
2041,2005
2035,2025
2036,2071
2040,2023
2047,1993
2067,2043
2068,2040
2071,2009
2067,2037
2067,1986
2084,2024
2083,2029
2088,2041
2081,2039
2096,2038
2101,2032
2098,2071
2106,2029
2101,2027
2115,2056
2129,2013
2119,2025
2131,2041
2137,2040
2143,2079
2148,2017
2137,2063
2153,2040
2151,2021
2153,2063
2162,2057
2153,2044
2157,2058
2171,2028
2166,2022
2173,2071
2167,2031
2163,2035
2168,2023
2175,2008
2169,2019
2170,2068
2154,2039
2157,2063
2157,2055
2153,2011
2146,2018
2137,2043
2141,2026
2148,2035
2144,2019
2136,2036
2133,2044
2131,2056
2115,2044
2116,2041
2112,2065
2103,2043
2095,2009
2096,2015
2088,2041
2086,2009
2080,2040
2063,2070
2071,2041
2063,2073
2063,2026
2044,2044
2042,2042
2039,2028
2035,2062
2031,2056
2023,2055
2021,2073
2031,2071
2030,2012
2026,2069
2023,2059
2019,2035
2021,2064
2011,2067
2021,2036
2019,2007
2035,2017
2028,2070
2027,2062
2039,2045
2035,2042
2033,2041
2043,2060
2055,2038
2060,2072
2066,2040
2072,2017
2076,2071
2080,2072
2088,2003
2084,2033
2098,2018
2099,2022
2101,2040
2117,2041
2119,2017
2129,2059
2136,2009
2139,2063
2135,2040
2145,2060
2146,2038
2151,2028
2153,2064
2167,2017
2167,2011
2167,2037
2168,2018
2172,2004
2172,2019
2169,2015
2180,2039
2176,2040
2171,2020
2167,2054
2176,2058
2167,2057
2173,2023
2156,2022
2165,2064
2166,2029
2168,2047
2153,2083
2151,2035
2141,2033
2135,2070
2131,2048
2132,2007
2127,2037
2120,2025
2112,2030
2108,2024
2103,1991
2087,2013
2088,2076
2084,2068
2081,2053
2065,2072
2059,2048
2056,2069
2056,2018
2053,2024
2033,2033
2032,2071
2023,2063
2024,2021
2009,2039
2019,2063
2014,2025
2016,2065
2011,2040
2007,2045
2023,2019
1999,2043
2007,2037
2014,2066
2007,2071
2012,2056
2007,2063
2015,2012
2016,2010
2031,2028
2020,2058
2035,2054
2027,2042
2040,2036
2043,2028
2056,2024
2063,2051
2063,2056
2068,2042
2076,2038
2081,2011
2084,2085
2094,2071
2104,2011
2099,2003
2110,2065
2116,2025
2128,2068
2127,2027
2138,2019
2139,2054
2142,2076
2150,2021
2149,2068
2160,2033
2160,2028
2163,2058
2166,2055
2171,2056
2179,2033
2175,2051
2176,2060
2187,2078
2181,2037
2186,2041
2181,2039
2186,2025
2181,2043
2183,2070
2184,2060
2186,2029
2169,2019
2169,2063
2169,2054
2169,2080
2166,2047
2153,2068
2156,2043
2156,2035
2152,2084
2143,2019
2139,2029
2139,2038
2129,2077
2131,2063
2120,2066
2111,2074
2107,2073
2098,2063
2096,2031
2083,2027
2077,2002
2081,2080
2065,2039
2054,2025
2056,2058
2056,2019
2040,2037
2042,2009
2029,2071
2035,2063
2033,2056
2015,2018
2023,2056
2024,2023
2019,2045
2009,2034
2016,2079
2012,2039
2005,2029
2012,2012
2015,2005
2004,2011
2009,2042
2009,2055
2018,2039
2016,2039
2015,2079
2015,2041
2024,2059
2029,2018
2028,2038
2035,1992
2028,2063
2027,1992
2035,2015
2048,2004
2052,2028
2053,2025
2058,2048
2070,1994
2071,2012
2063,2015
2069,2030
2076,2043
2080,2035
2083,2028
2087,2052
2084,2019
2089,2044
2102,2007
2091,2007
2104,2068
2108,2040
2110,2030
2117,2065
2119,2047
2121,2053
2123,2011
2103,2025
2120,2047
2113,2033
2122,2015
2120,2028
2118,2022
2115,2042
2117,2079
2106,2056
2099,2035
2098,2006
2092,2072
2091,2033
2090,2025
2088,2019
2090,2029
2076,2041
2079,2011
2075,2037
2072,2058
2070,2063
2060,2026
2053,2063
2043,2067
2030,2041
2029,2021
2019,2048
2019,2057
2023,2064
2024,2055
2009,2027
2001,2071
1991,2072
2000,2040
1980,1999
1987,2041
1989,2056
1976,2067
1981,2021
1982,2021
1980,2027
1974,2053
1975,2027
1983,2028
1983,2048
1978,2025
1979,2072
1984,2043
1992,2035
1987,2040
1983,2063
1994,2068
1996,2006
2008,2036
2011,2071
2007,2076
2020,2024
2015,2070
2030,2057
2031,2072
2028,2045
2041,2010
2043,2053
2056,2071
2055,2024
2079,2070
2077,2080
2083,2003
2089,2061
2094,2068
2103,2027
2111,2066
2112,2019
2113,2019
2117,2020
2123,2042
2127,2023
2146,2037
2136,2052
2145,2059
2153,2055
2160,2033
2157,2030
2172,2011
2171,2040
2171,2037
2170,2080
2170,1997
2179,2039
2171,2030
2172,2045
2170,2011
2171,2084
2171,2043
2170,2021
2155,2033
2159,2044
2164,2066
2156,2071
2157,2021
2137,2023
2145,2057
2143,2035
2139,2042
2136,2043
2131,2015
2119,2045
2120,2015
2107,2063
2105,2065
2107,2041
2091,2056
2094,2063
2088,2057
2080,2027
2077,2056
2071,2057
2065,1999
2051,2073
2057,2065
2058,2041
2056,2035
2057,2073
2059,2063
2037,2061
2038,1991
2042,2060
2041,2074
2027,2032
2042,2030
2035,1999
2037,2019
2045,2025
2046,2035
2048,2025
2048,2008
2058,2056
2058,2029
2071,2011
2056,2039
2068,2040
2069,2041
2081,2023
2084,2011
2089,2005
2094,2054
2090,2055
2091,2061
2101,2067
2110,2077
2118,2011
2124,2015
2119,2031
2137,2037
2135,2028
2141,2055
2140,2080
2145,2044
2158,2041
2154,2076
2161,2063
2163,2035
2173,2019
2173,2023
2179,2011
2171,2068
2179,2067
2183,2062
2186,2051
2183,2043
2184,2027
2189,2003
2187,2054
2179,2033
2169,2019
2182,2019
2166,2029
2163,2042
2164,2024
2157,2040
2152,2046
2149,2068
2139,2056
2139,2061
2133,2056
2133,2020
2135,2072
2126,2027
2113,2023
2113,2061
2101,2027
2103,2056
2102,2039
2085,2019
2080,2063
2076,2023
2069,2012
2073,2064
2069,2039
2055,2068
2059,2070
2029,2011
2032,2063
2032,2080
2034,2066
2033,2070
2021,2059
2026,2071
2022,2011
2013,2003
2024,2023
2027,2072
2018,2056
2020,2071
2019,2063
2017,2033
2023,2023
2025,2042
2017,2054
2015,2044
2027,2065
2027,2071
2027,2054
2045,2011
2035,2033
2057,2065
2056,2024
2065,2059
2068,2025
2073,2019
2066,2027
2079,2062
2079,2040
2091,2015
2083,2056
2095,2027
2097,2041
2095,2045
2109,2030
2117,1995
2122,2005
2125,2046
2123,2053
2127,2048
2136,2033
2138,2066
2143,2072
2139,2072
2152,2027
2147,2039
2155,2064
2152,2065
2163,2030
2160,2019
2151,2037
2155,2046
2149,2057
2149,2039
2159,2063
2156,2084
2153,2023
2152,2019
2152,2025
2140,2042
2136,2037
2139,2047
2129,2067
2131,2056
2109,2048
2115,2034
2113,2075
2108,2056
2105,2065
2091,2077
2089,2063
2085,2059
2079,2063
2080,2075
2068,2077
2067,2044
2069,2063
2053,2024
2057,2039
2039,2073
2029,2063
2026,2080
2025,2063
2030,2037
2023,2073
2024,2013
2019,2023
2019,2068
2025,2079
2023,2037
2017,2043
2015,2027
2011,1996
2016,2027
2018,2039
2016,2003
2021,2066
2027,2055
2032,2065
2029,2052
2029,2058
2032,2077
2044,2030
2048,2027
2048,2068
2048,2080
2058,2077
2070,2058
2067,2029
2076,2063
2080,2046
2087,2040
2090,2029
2100,2054
2100,2039
2108,2019
2109,2036
2119,2056
2120,2042
2135,2052
2136,2077
2136,2025
2149,2006
2147,2055
2153,2021
2149,2007
2152,2042
2150,2025
2161,2025
2160,2069
2168,2009
2166,2021
2164,2069
2159,2027
2169,2037
2165,2063
2163,2054
2159,2068
2151,2067
2146,2063
2152,2037
2155,2044
2144,2058
2140,2056
2140,2024
2128,1977
2120,2021
2121,2043
2108,2023
2104,2018
2104,2015
2098,2040
2091,2036
2083,2053
2082,2044
2073,2068
2068,2062
2044,2029
2043,2070
2041,2055
2051,2041
2038,2019
2023,2063
2017,2072
2011,1997
2013,2068
2007,2008
2001,2029
2000,2053
1996,2043
1995,2060
1997,2020
1989,2075
1995,2023
1981,2044
1984,2079
1979,2072
1983,2040
1992,2036
1987,2065
1993,2080
1988,2072
2000,1996
1987,2037
2008,2007
2006,2036
2011,2071
2011,2028
2024,2027
2017,2028
2015,2036
2023,2040
2028,2023
2029,2035
2041,2063
2039,2027
2063,2037
2063,2019
2057,2019
2065,2060
2068,2020
2082,2009
2085,2056
2083,2057
2097,2006
2101,2044
2104,2029
2109,1997
2101,2044
2111,1987
2115,2068
2123,2072
2121,2055
2121,2072
2124,2065
2120,2035
2129,2032
2122,2044
2128,2056
2120,2031
2127,2038
2124,2005
2122,2024
2108,2045
2117,2056
2106,2039
2106,2055
2104,2076
2101,2039
2098,2021
2087,2047
2088,2046
2078,2036
2083,2060
2073,2037
2063,2048
2057,2059
2048,2026
2042,2063
2030,2009
2033,2021
2029,1997
2015,2041
2014,2069
2013,2063
1995,2039
2009,2061
1996,2080
1993,2035
1973,2065
1969,2055
1975,2024
1971,2071
1965,2054
1963,2033
1957,1993
1963,2054
1963,2020
1955,2036
1960,2019
1955,2063
1955,2068
1957,2087
1955,2058
1960,2042
1962,2019
1964,2063
1965,2071
1967,2023
1971,2056
1979,2063
1975,2068
1981,2057
1984,2055
1995,2025
1989,2032
2002,2027
2008,2010
2012,2051
2011,2017
2024,2008
2013,2023
2031,2044
2036,2027
2042,2003
2054,2041
2063,2041
2059,2034
2063,2040
2075,2028
2073,2035
2080,2043
2088,2044
2079,2011
2099,2063
2100,2029
2115,2057
2112,2040
2105,2071
2117,2065
2119,2043
2124,2067
2119,2038
2125,2060
2125,2046
2123,2063
2123,2024
2122,2020
2122,2007
2121,2019
2124,2009
2115,2058
2115,2051
2109,2056
2103,2033
2105,2068
2101,2035
2102,2008
2101,2067
2095,2060
2088,2040
2079,2015
2085,2007
2073,2063
2078,2075
2070,2060
2070,2038
2063,2003
2053,2066
2053,2025
2039,2041
2032,2069
2036,2068
2029,2004
2024,2025
2022,2023
2020,2043
2004,2018
2017,2021
2013,2059
2012,2044
2007,2005
2001,2056
2008,2034
2007,2079
2007,2066
1995,2007
2016,2029
2010,2025
2014,2058
2005,2069
2015,2063
2016,2052
2019,2021
2023,2064
2015,2063
2021,2039
2027,2080
2031,2075
2039,2056
2039,2048
2056,2027
2055,2039
2060,2073
2072,2040
2073,2011
2076,2040
2081,2035
2086,2039
2092,2072
2099,2073
2099,2041
2099,2057
2093,2066
2118,2023
2115,2024
2126,2025
2120,2043
2136,2007
2136,2015
2139,2075
2136,2071
2137,2037
2139,2071
2139,2096
2148,2007
2152,2091
2149,2044
2152,2048
2143,2076
2144,2067
2137,2058
2125,2066
2140,2027
2129,2031
2124,2072
2119,2047
2121,2067
2115,2055
2105,2057
2104,2017
2103,2021
2096,2046
2091,2021
2085,2005
2069,2034
2068,2013
2055,2059
2058,2071
2046,2019
2051,2003
2031,2027
2015,2055
2026,2063
2018,2017
2001,2039
2006,2063
1992,2034
1991,2031
1981,2003
1978,2024
1980,2017
1966,2071
1963,2017
1964,2058
1960,2063
1962,2055
1960,2003
1953,2069
1957,2039
1951,2057
1958,2029
1948,2063
1949,2053
1961,2029
1960,2041
1960,2058
1971,2027
1963,2030
1974,2020
1977,2035
1979,2017
1984,2005
1984,2039
1995,2017
1993,2031
2009,2076
2005,2043
2011,2042
2015,2048
2020,2043
2026,2011
2032,2003
2040,2021
2039,2019
2047,2056
2063,2059
2065,2063
2064,2011
2076,2002
2071,2055
2077,2040
2083,2056
2096,2020
2094,2061
2098,2040
2089,2055
2105,2080
2104,2064
2112,2011
2108,2015
2104,2019
2116,2058
2116,2029
2103,2007
2116,2034
2101,2032
2097,2043
2104,2061
2104,2064
2103,2008
2096,2056
2092,2023
2087,2047
2086,2065
2086,2039
2080,2071
2079,2043
2072,2033
2070,2076
2068,2053
2053,2075
2043,2063
2053,2047
2041,2076
2029,2068
2036,2043
2024,2061
2024,2068
2019,2053
2014,2045
2005,2041
2008,2041
2007,2055
2000,2079
1996,2024
1987,2048
1999,2054
1995,2060
1991,2040
1993,2017
1995,2059
1980,2039
1991,2039
1987,2057
1991,2017
1981,2025
1997,2025
1997,2072
1997,2036
2003,2057
2000,2057
2004,2026
1999,2041
2015,2042
2016,2005
2023,2035
2028,2079
2028,2021
2040,2071
2038,2063
2041,2065
2061,2066
2067,2027
2065,2008
2065,2072
2063,2035
2071,2063
2078,2063
2072,2023
2091,2019
2091,2053
2091,2036
2097,2036
2104,2034
2107,2024
2105,2033
2111,2044
2109,2058
2119,2029
2121,2015
2117,2047
2127,2040
2117,2041
2123,2074
2127,2009
2126,2001
2126,2011
2120,2044
2117,2027
2122,2011
2109,2027
2103,2036
2103,2058
2103,2045
2106,2010
2100,2011
2096,2076
2092,2066
2088,2011
2080,2015
2065,2071
2069,2072
2058,2048
2056,2017
2063,2076
2044,2056
2044,2001
2037,2068
2031,2015
2025,2073
2015,1991
2008,2045
2016,2088
1997,2015
1997,2022
1992,2063
1979,2063
1984,2074
1980,2048
1971,1995
1973,2063
1971,2055
1968,2055
1967,2058
1956,2077
1962,2007
1967,2025
1960,2057
1962,2024
1957,2025
1955,2063
1959,2001
1956,2007
1963,2040
1968,2024
1962,2015
1964,2034
1967,2051
1973,2035
1983,2056
1988,2036
1987,1995
1987,2025
1995,2071
1993,2043
2004,2017
2009,2039
2019,2020
2027,2052
2025,2035
2025,2059
2040,2023
2045,2058
2045,2036
2053,2043
2063,2056
2071,2057
2065,2035
2073,2072
2083,2072
2080,2060
2099,2080
2095,2039
2094,2063
2089,2024
2108,2023
2103,2019
2112,2064
2093,2062
2117,2044
2113,2039
2116,2023
2107,2041
2117,2009
2107,2044
2121,2056
2118,2035
2116,2030
2113,2040
2112,2004
2103,2043
2104,2007
2104,2035
2097,2011
2098,2056
2092,2029
2081,2020
2075,2041
2075,2069
2073,2068
2071,2027
2065,2009
2056,2043
2055,2044
2047,2051
2037,2067
2037,2046
2037,2011
2027,2042
2016,2076
2014,2033
2011,2063
2005,2068
2000,2068
1995,2075
2006,2021
1989,2034
1979,2035
1997,2074
1994,2075
1993,2071
1996,2067
1989,2068
1997,2054
1987,2035
1981,2070
1989,2083
1998,2019
2003,2011
1997,2063
2003,2015
2003,2043
2013,2073
2014,2071
2024,2044
2021,2071
2023,2037
2029,2029
2037,2007
2041,2072
2039,2089
2063,2070
2060,2072
2063,2009
2072,2022
2072,2063
2080,2041
2091,2023
2086,2040
2089,2023
2085,2043
2091,2039
2103,2043
2103,2063
2103,2019
2116,2002
2121,2011
2109,2075
2117,2063
2114,2072
2119,2043
2132,2037
2128,2053
2124,2037
2111,2007
2121,2038
2120,2017
2109,2073
2105,2044
2108,2051
2097,2035
2102,2037
2093,2036
2095,2074
2075,2061
2077,2044
2075,2074
2067,2039
2059,2041
2056,2037
2048,2025
2041,2079
2037,2025
2023,2068
2015,2047
2017,2025
2013,2023
2000,2021
1988,2017
1984,2008
1969,2037
1977,2001
1972,2045
1959,2075
1947,2063
1948,2035
1945,2069
1943,2015
1939,2077
1940,2025
1939,2031
1937,2063
1939,2075
1927,2032
1929,2057
1939,2072
1936,2056
1932,2063
1944,2042
1942,2070
1947,2045
1946,2044
1953,2058
1952,2040
1956,2074
1967,2038
1965,2078
1976,2019
1982,2003
1991,2079
1995,2003
1991,2056
2008,2008
2013,2065
2018,2067
2024,2003
2029,2044
2040,2068
2041,2030
2041,2027
2060,2003
2068,2027
2073,2028
2076,2070
2080,2070
2081,2023
2096,2070
2106,2075
2093,2041
2107,2025
2113,2009
2117,2072
2121,2065
2120,2048
2126,2003
2123,2029
2131,2033
2132,2048
2136,2042
2135,2048
2132,2031
2129,2067
2135,2056
2133,2068
2131,2039
2119,1996
2124,2020
2108,2002
2112,2059
2111,2063
2110,2022
2104,2035
2104,2020
2088,2041
2092,2019
2088,2041
2073,2039
2075,2048
2077,2015
2068,2040
2067,1999
2045,2080
2060,2027
2048,2035
2045,2035
2040,2052
2035,2041
2028,2027
2008,2043
2017,2075
2015,2048
2016,2007
2009,2051
2004,2069
2010,2080
2008,2035
2005,2029
2009,2063
2006,2039
2001,2023
2007,2028
2003,2056
2010,2025
2007,2056
2010,2015
2007,2041
2009,2068
2019,2013
2020,2057
2033,2076
2032,2008
2030,2028
2027,2025
2035,2061
2039,2039
2056,2031
2046,2054
2056,2048
2063,2032
2063,2043
2071,2041
2076,2019
2077,2037
2088,2024
2092,2024
2083,2055
2098,2019
2100,2052
2103,2053
2103,2028
2104,2037
2112,2003
2119,2040
2127,2036
2121,2032
2124,2006
2121,2052
2127,2058
2135,2056
2133,2056
2135,2011
2131,2030
2127,2060
2132,2088
2123,2042
2132,1992
2123,2025
2126,2063
2127,2065
2121,2065
2120,2063
2112,2037
2108,2048
2103,2070
2103,2039
2097,2055
2087,2068
2083,2037
2080,2058
2077,2064
2076,2025
2065,2031
2069,2033
2060,2044
2040,2007
2040,2040
2032,2005
2029,2054
2029,2023
2016,2019
2011,2040
2011,2054
2000,2055
1993,2065
1996,1987
1991,2073
1991,2040
1989,2042
1988,2071
1989,2009
1985,2019
1985,2025
1987,2072
1975,2027
1978,2063
1979,2077
1978,2071
1980,2065
1981,2072
1977,2017
1984,2033
1991,2015
1999,2043
2003,2025
2004,2009
2006,2026
2014,2008
2011,2064
2020,2063
2027,2019
2030,2058
2033,2042
2039,2063
2039,2023
2060,2077
2064,2044
2072,2080
2065,2039
2075,2019
2075,2040
2083,2011
2085,2035
2101,2028
2101,2029
2101,2036
2106,2033
2120,2037
2129,2051
2134,2054
2147,2056
2132,2035
2148,2021
2150,2071
2154,2039
2156,2025
2163,2029
2158,2003
2162,2071
2155,2064
2155,2015
2160,2030
2139,2063
2155,2054
2147,2067
2156,2043
2134,2056
2133,2009
2139,2028
2135,2063
2123,2067
2132,2043
2125,2045
2123,2063
2107,2063
2108,2072
2104,2055
2105,2045
2099,2055
2098,2003
2074,2029
2079,2041
2072,2023
2072,2055
2067,2039
2058,2043
2054,2052
2037,2070
2035,2035
2035,2063
2035,2057
2023,2068
2024,2063
2027,2041
2021,2027
2017,2057
2016,2063
2024,2084
2016,2070
2009,2027
2016,2071
2009,2063
2012,2075
2020,2072
2022,2088
2024,2071
2025,2051
2027,2055
2024,2035
2033,2048
2039,2060
2039,2036
2040,2067
2035,2035
2066,2033
2055,2063
2063,2040
2071,2017
2076,2031
2080,2040
2075,2035
2086,2039
2095,2056
2097,2075
2104,2020
2108,2009
2120,2011
2131,2009
2129,2009
2136,2055
2139,2064
2133,2046
2137,2037
2151,2025
2147,2047
2160,2029
2161,2054
2155,2080
2159,2029
2155,2080
2168,2060
2165,2035
2167,2079
2160,2035
2164,2035
2147,2011
2153,2018
2165,2063
2160,2055
2151,2011
2156,2071
2144,2041
2148,2020
2136,2077
2131,2057
2136,2042
2136,2036
2120,2020
2118,2029
2116,2105
2099,2048
2100,2067
2096,2078
2091,2018
2071,2019
2076,2028
2065,2045
2060,2071
2066,2073
2056,2023
2053,2007
2037,2017
2035,2053
2026,2079
2026,2056
2016,2031
2022,2005
2024,2035
2012,2028
2005,2072
2008,2056
2014,2024
2006,2021
2008,2029
2005,2037
2007,2041
2008,2027
2001,2038
2005,2017
1986,2064
2001,2043
1997,2067
2005,2042
2011,2026
2005,2059
2021,2011
2017,2029
2016,2027
2024,2044
2027,2044
2029,2027
2027,2065
2023,2029
2032,2044
2040,2037
2038,2017
2037,2056
2048,2040
2059,2020
2063,2056
2066,2040
2071,2035
2069,2039
2075,2037
2077,2038
2084,2042
2086,2023
2089,2066
2083,2067
2091,2041
2097,2037
2104,2023
2101,2024
2106,2057
2108,2023
2104,2057
2115,2077
2105,2064
2119,2041
2107,2043
2101,2047
2111,2060
2100,2057
2103,2015
2091,2055
2104,2089
2100,2034
2093,2037
2089,2006
2085,2057
2080,2001
2081,2044
2077,2011
2073,2080
2075,2043
2075,2008
2063,2057
2057,2035
2064,2019
2048,2034
2053,2040
2044,2007
2040,2075
2040,1992
2028,2029
2027,2043
2023,2055
2024,2025
2015,2065
2007,2071
2015,2028
2003,2001
2013,2033
2009,2080
1999,2038
2004,2043
2008,2057
2006,2052
2007,2042
2001,2071
2005,2053
2001,2015
2009,2087
2008,2071
2015,2048
2005,2032
2026,2068
2008,2052
2021,2011
2019,2021
2026,2060
2024,2065
2028,2025
2040,2058
2056,1993
2039,2053
2063,2060
2059,2072
2065,2066
2067,2041
2071,2033
2075,2063
2079,2027
2083,2037
2089,2029
2097,2039
2112,2039
2108,2044
2105,2026
2121,2047
2115,2055
2122,2022
2135,2051
2137,2054
2141,2056
2131,2040
2135,2024
2148,2028
2151,2021
2152,2039
2137,2072
2152,2011
2138,2011
2143,2003
2136,2018
2135,2008
2135,2063
2137,2033
2132,2029
2116,2051
2128,2035
2123,2063
2123,2079
2120,2058
2107,2068
2109,2028
2093,2017
2099,2029
2088,2051
2077,2060
2080,2077
2072,2059
2067,2080
2063,2040
2048,2055
2063,2019
2035,2052
2031,2039
2037,2064
2025,2074
2023,2072
2019,2035
2011,2043
2018,2042
2003,2003
2003,2033
2006,2076
2007,2056
2005,2035
2007,2046
1996,2078
1995,2015
1997,2083
2003,2037
2007,2056
2012,2021
2010,2011
2017,2056
2016,2071
2024,2060
2021,2056
2029,2058
2032,2038
2046,2075
2044,2003
2048,2076
2068,2058
2069,2028
2074,2057
2075,2067
2085,2080
2075,2070
2108,2066
2103,2030
2108,2018
2120,2054
2124,2063
2124,1995
2132,2039
2138,2072
2133,2031
2145,2009
2151,2024
2156,2042
2172,2060
2181,2032
2166,2053
2184,2064
2181,2043
2193,2056
2197,2075
2200,2025
2196,2027
2199,2007
2197,2040
2193,2007
2188,2080
2197,2087
2193,2039
2186,2075
2179,2063
2182,2032
2169,2043
2170,1987
2165,2053
2167,2027
2155,2037
2155,2043
2152,2017
2147,2024
2143,2063
2132,2043
2123,2012
2117,2019
2103,2016
2101,2056
2104,2043
2089,2067
2086,2069
2085,2071
2065,2040
2063,2044
2063,2055
2060,2015
2040,2009
2035,2068
2033,2021
2039,2027
2021,2063
2024,2029
2026,2055
2024,2066
2024,2072
2013,2067
2015,2076
2016,2080
2022,2088
2021,2015
2020,2009
2011,2007
2016,2011
2024,2009
2017,2025
2021,2062
2024,2066
2038,2062
2041,2067
2033,2045
2035,2072
2040,2055
2052,1995
2048,2067
2063,2003
2055,2035
2063,2057
2063,2065
2072,2019
2079,2033
2076,2025
2078,2056
2093,2023
2095,2007
2098,2041
2103,2052
2102,2036
2103,2048
2113,2055
2123,2033
2125,2054
2122,2063
2125,2056
2121,2041
2130,2070
2123,2040
2134,2037
2128,2046
2131,2020
2133,2035
2131,2009
2129,2031
2123,2036
2128,2003
2117,2041
2123,2056
2121,2008
2121,2027
2104,2067
2107,2079
2095,2028
2099,2073
2100,2033
2089,2063
2094,2052
2077,2066
2083,2027
2076,2059
2072,2075
2069,2035
2058,2040
2066,2051
2052,2080
2053,2035
2048,2066
2052,2006
2030,2035
2039,2043
2030,2028
2020,2058
2025,2030
2021,2037
2016,2056
2015,2024
2020,2063
2013,2069
2015,2093
2017,2033
2016,2044
2017,2024
2018,2041
2016,2028
2010,2023
2024,2065
2023,2071
2015,2041
2021,2073
2023,2063
2030,2039
2034,2059
2028,2044
2043,2063
2043,2013
2045,2010
2063,2023
2063,2028
2071,2021
2073,2027
2073,2039
2081,2003
2077,2023
2089,2063
2101,2041
2105,2048
2095,2021
2117,2032
2122,2067
2131,2057
2136,2017
2129,2027
2144,2019
2148,2009
2146,2045
2157,2051
2159,2030
2164,2037
2159,2025
2164,1991
2167,1995
2171,2071
2176,2067
2179,2063
2169,2042
2181,2023
2189,2023
2187,2072
2183,2017
2188,2044
2176,2022
2165,2015
2167,2027
2165,2039
2165,2077
2149,2029
2168,2017
2160,2055
2151,2080
2147,2076
2147,2009
2139,2057
2137,2076
2134,2027
2122,2013
2107,2037
2112,2063
2107,1999
2098,2035
2092,2068
2088,2087
2071,2039
2065,2017
2071,2008
2065,2003
2055,2071
2045,2040
2042,2068
2040,2037
2037,2009
2030,2040
2033,2089
2009,2087
2015,2069
2016,2001
2004,1954
1995,1957
1989,1943
1993,2118
1975,2151
1981,2103
1978,2024
1975,2160
1973,2139
1977,2075
1980,2020
1995,1944
2003,2056
2015,2081
2031,2071
2047,2059
2063,2139
2080,2103
2087,2042
2099,2032
2091,2000
2107,1984
2105,2023
2108,1991
2099,2028
2091,2065
2080,2028
2080,1975
2075,2018
2064,2021
2060,2030
2046,1961
2040,1976
2048,1995
2053,2023
2043,2047
2059,2017
2070,2023
2088,2039
2093,2027
2085,2035
2099,2056
2101,2037
2099,2063
2107,2056
2093,2063
2096,2067
2092,1997
2087,2064
2074,2010
2069,2055
2055,2079
2037,2067
2035,2030
2025,2033
2007,2054
2005,2076
2007,2054
1992,2052
1993,2024
1983,2070
1977,2069
1982,2092
1988,2048
1975,2064
1980,2032
1975,2064
1984,2080
1981,2064
1995,2027
2003,2035
1999,2072
1989,2025
1995,2039
1979,2063
1985,1997
1982,2005
1963,2027
1964,2003
1964,2069
1947,2015
1943,2034
1940,2021
1933,2018
1923,2064
1931,2066
1941,2028
1939,2021
1943,2029
1949,2096
1957,2088
1968,2079
1972,2055
1984,2072
2008,2080
2007,2079
2023,2051
2024,2086
2027,2076
2028,2072
2031,2068
2031,2035
2037,2051
2037,2015
2037,2073
2040,2058
2048,2066
2042,2035
2059,2015
2068,2074
2073,2041
2080,2079
2085,1995
2095,2028
2100,2041
2109,2045
2116,2024
2124,2026
2119,2033
2128,2065
2127,2040
2128,2057
2119,2068
2119,2040
2124,1974
2116,2000
2133,2031
2128,2034
2129,1966
2135,2032
2133,2048
2144,2063
2144,2032
2147,2064
2165,2069
2160,2068
2145,2055
2163,2068
2168,2080
2160,2078
2151,2043
2149,2101
2145,2079
2133,2069
2117,2011
2107,2037
2093,2059
2088,2064
2089,2066
2076,2093
2063,2091
2069,2073
2053,2039
2035,1977
2048,1992
2039,1988
2039,2019
2029,2044
2036,2055
2037,2058
2051,2065
2037,2084
2043,2039
2040,2036
2035,2080
2044,2057
2043,2069
2042,2055
2027,2042
2027,2029
2032,2029
2025,2037
2015,2028
2021,2013
2017,1991
2018,2004
2020,2019
2015,1996
2023,2040
2011,1987
2021,2111
2025,2089
2027,2077
2031,2021
2052,2012
2048,2048
2059,2015
2065,2048
2073,2056
2071,2009
2074,2017
2090,2076
2084,2076
2082,2079
2087,2039
2083,2005
2093,2065
2088,2071
2096,2054
2083,2040
2101,2074
2098,2096
2103,2039
2109,1989
2103,2029
2105,2015
2106,2107
2121,2051
2134,1976
2137,2027
2143,2023
2139,1984
2150,2012
2147,1989
2155,2079
2152,2028
2164,2001
2156,2024
2169,2060
2155,2080
2162,2019
2156,2028
2139,1992
2144,2007
2137,2021
2132,2063
2130,2044
2128,1999
2121,2001
2112,1944
2111,2028
2112,2040
2098,2094
2091,2071
2083,2095
2090,2096
2073,2096
2069,2021
2065,1971
2053,2057
2035,2045
2042,2007
2031,2107
2025,2123
2025,2107
2027,2086
2023,2066
2031,2056
2032,2059
2027,2045
2035,2067
2036,2104
2036,2091
2042,2096
2043,2091
2051,2051
2044,2053
2035,2008
2045,1982
2035,2003
2035,2056
2035,2041
2035,2020
2041,2073
2053,2074
2063,2048
2060,2024
2065,1912
2070,1969
2079,2006
2080,1951
2088,2016
2101,2039
2115,2085
2118,2040
2117,2053
2135,1992
2137,1971
2155,1995
2158,1981
2157,2035
2165,2027
2165,2059
2169,2038
2176,2109
2181,2089
2181,2012
2179,2109
2183,2109
2181,2021
2187,1996
2198,1979
2187,2073
2182,2122
2195,2144
2196,2096
2188,2003
2196,2005
2183,1989
2187,2039
2197,2088
2192,2059
2171,2084
2176,2057
2185,2032
2169,2017
2168,2055
2164,2077
2151,2003
2149,2079
2133,2030
2128,2154
2120,2142
2107,2047
2094,2039
2081,2090
2079,2038
2063,2073
2063,2122
2035,2076
2035,2012
2028,1995
2024,2011
2013,2005
2015,2044
2012,2015
2008,2053
1997,2091
1993,2027
1995,1975
1989,1956
1984,1966
1977,2008
1973,2072
1979,2015
1979,1945
1976,1853
1970,1939
1974,1974
1963,1995
1974,2024
1969,1981
1975,2072
1968,2082
1976,2028
1973,2025
1983,2074
1981,1992
1984,2027
1987,2032
2009,1961
1987,2088
2003,2139
2019,2168
1999,2066
2017,2089
2025,1997
2025,2035
2027,2143
2041,2169
2043,2160
2053,2142
2062,2108
2059,2088
2068,2043
2067,1995
2084,1991
2077,2014
2089,2027
2093,2005
2104,1993
2108,2039
2099,2056
2120,2136
2109,2041
2112,2040
2121,2018
2120,2040
2115,2059
2127,2093
2119,1973
2116,1912
2121,1981
2119,1991
2108,2043
2108,2043
2116,2007
2111,2043
2103,2034
2104,2028
2108,1981
2104,2054
2095,2006
2094,2093
2101,2089
2091,2059
2077,2071
2077,2042
2073,1952
2072,2040
2053,2073
2043,1987
2047,2068
2040,2164
2025,2101
2029,2172
2031,2067
2019,2072
2017,2023
2020,2053
2012,2047
2012,2011
2006,2028
2001,2103
2004,2172
2009,2104
2012,2043
1999,2041
2007,2088
2009,2017
2004,2005
2007,2096
2011,2141
2015,2160
2020,2170
2025,2052
2010,2019
2019,2000
2031,2012
2021,2005
2019,1949
2017,1943
2031,2015
2036,2015
2021,1954
2039,2023
2037,2044
2033,2039
2058,2007
2063,2016
2063,1993
2071,2104
2073,2089
2069,2141
2075,2029
2091,1925
2101,1977
2091,2072
2093,2089
2105,2079
2104,2088
2107,2158
2123,2121
2119,2041
2124,2003
2134,2054
2125,2020
2121,2080
2137,2129
2144,2037
2137,2040
2144,2159
2147,2117
2135,2079
2139,1974
2140,2070
2139,2052
2138,1979
2139,1998
2129,2005
2124,2123
2130,2079
2124,2005
2112,2084
2123,2071
2117,2100
2107,2097
2097,2025
2080,2062
2091,2083
2094,2017
2088,1989
2084,2120
2067,2123
2063,2069
2055,2151
2056,2105
2043,2027
2042,1960
2035,1964
2021,1987
2025,2042
2014,2109
2018,1982
1989,1949
2000,1899
1995,1902
1975,2028
1980,2054
1973,2026
1970,1993
1968,2023
1961,2025
1956,2043
1961,2071
1951,2076
1960,2097
1952,2076
1954,2112
1964,2093
1944,2077
1949,2102
1953,2077
1947,2071
1949,2063
1955,2046
1949,2103
1962,2083
1955,2019
1960,2060
1964,1969
1965,2055
1964,2080
1963,2039
1979,2063
1977,2057
1975,2076
1999,2088
1992,2027
2004,2029
2002,2024
2013,1937
2016,2017
2023,2008
2025,2007
2035,2021
2040,2059
2063,2103
2035,2064
2057,2102
2069,2022
2052,2083
2063,2009
2083,2072
2077,2100
2088,1998
2087,2061
2075,1978
2088,2080
2097,2080
2096,2007
2089,2039
2088,2071
2100,1993
2091,2027
2089,2112
2089,2019
2081,2080
2104,2067
2091,2003
2088,2041
2083,2040
2079,2029
2069,2072
2080,2011
2074,1978
2063,2119
2064,2096
2062,1955
2042,2055
2055,2095
2052,2075
2031,2112
2025,2140
2019,2141
2023,2027
2019,2005
2013,2031
2009,2040
2007,2032
2000,2120
1993,2053
1987,2063
1979,2063
1987,2021
1977,2033
1977,2040
1979,1959
1980,2007
1963,1972
1964,1991
1969,2020
1965,2038
1962,2036
1964,2037
1963,2087
1968,2093
1972,2088
1970,2072
1967,2080
1971,2088
1973,2086
1976,2130
1983,2129
1992,2031
1978,2086
1984,1964
1993,1939
2003,1952
2011,1964
2008,2013
2013,1961
2024,2044
2024,2127
2024,2094
2042,2019
2030,1975
2044,2022
2059,2043
2065,1983
2068,2094
2075,2037
2067,2028
2086,2035
2084,1995
2093,2088
2089,2088
2099,2117
2102,2069
2099,2065
2105,2065
2103,2167
2106,2087
2101,1999
2104,2055
2107,2005
2122,2035
2108,2063
2107,2112
2108,2088
2106,2085
2105,2056
2095,2024
2093,2054
2087,2131
2089,2147
2089,2103
2088,2011
2082,2003
2069,1964
2073,1952
2071,2076
2063,2057
2063,2023
2060,2011
2054,1987
2033,2079
2048,2023
2024,2006
2023,2048
2023,2008
2001,2097
2005,2020
1987,2067
1991,2072
1995,2039
1981,2075
1981,2076
1974,2041
1969,2039
1955,2055
1963,2039
1971,2016
1972,2023
1967,1989
1973,2067
1971,2033
1967,2001
1965,2042
1956,2021
1964,2039
1972,2026
1975,2071
1976,2006
1972,2076
1976,2028
1977,2056
1995,2043
1991,2063
1992,2024
1993,2013
1995,1997
2007,2077
2011,2059
2020,2084
2017,2096
2019,2079
2028,2015
2032,1966
2035,2015
2041,2100
2041,2018
2042,2003
2063,2015
2063,2026
2063,2086
2063,2065
2080,2078
2073,2016
2080,2024
2083,2003
2096,2066
2097,2117
2092,2094
2100,2041
2100,2036
2104,1998
2111,2032
2099,2027
2104,2027
2101,2044
2104,2072
2103,2079
2107,2009
2108,2001
2099,2043
2104,2069
2101,2071
2100,2104
2104,2118
2091,2032
2094,2021
2092,2039
2083,2035
2080,2027
2087,2054
2079,2023
2073,2080
2065,2090
2072,2023
2053,2035
2053,2087
2043,2083
2042,2077
2041,2001
2035,1980
2035,1993
2028,2044
2021,2032
2011,2055
2017,2080
2015,2071
2015,2072
2022,2017
2007,2045
2015,1997
2006,2017
2007,2004
2012,1973
2011,1932
2008,2031
2015,2097
2008,2071
2012,2080
2005,2053
2021,2092
2009,2055
2012,2096
2017,2088
2022,2064
2021,2011
2019,2056
2020,2068
2032,2071
2039,2055
2033,2092
2043,2028
2041,2063
2043,2119
2051,2039
2068,2070
2072,2076
2078,2043
2080,2042
2085,2072
2087,2025
2085,2060
2097,2032
2091,2015
2092,2009
2103,2044
2112,2042
2120,2000
2124,1998
2116,2072
2128,2003
2129,2039
2129,1999
2115,2015
2120,2027
2136,2042
2135,2064
2138,1994
2129,2003
2143,1992
2125,1931
2131,1999
2132,2029
2132,2085
2132,2088
2127,2045
2127,2069
2108,2031
2101,2043
2102,2063
2098,2073
2091,2063
2091,2007
2087,2025
2077,2069
2067,2088
2065,2069
2067,2087
2056,2070
2051,2035
2040,2007
2032,2039
2036,2019
2027,2072
2017,2077
2011,2093
2010,2028
2001,2037
1996,2020
1993,2063
1985,2065
1984,2039
1979,2032
1981,2032
1975,2057
1982,2003
1977,2035
1969,2021
1974,2037
1976,2033
1965,2065
1977,2035
1965,2063
1971,2006
1971,2040
1973,2038
1977,2027
1989,2033
1991,2072
1996,2011
1997,2029
2007,2023
2009,2057
2016,2027
2017,2029
2025,2043
2025,2039
2035,2053
2038,2027
2043,2035
2041,2027
2063,2028
2068,2068
2077,2043
2073,2005
2075,2004
2091,2071
2093,2063
2103,2068
2111,2033
2112,2021
2123,2032
2129,2067
2124,2021
2127,2034
2140,2076
2143,2025
2147,2037
2153,2079
2143,2071
2147,2053
2150,2058
2159,2076
2155,2080
2147,2063
2155,2037
2153,2003
2152,2056
2143,2063
2137,2044
2140,2040
2130,2025
2129,2008
2125,2055
2129,2013
2115,2027
2121,2059
2108,2046
2108,2029
2096,1987
2092,2019
2088,2063
2075,2033
2073,2053
2069,2036
2053,2063
2045,2059
2044,2056
2039,2068
2036,1995
2036,2037
2016,2057
2020,2017
2009,2067
2003,2029
2005,2039
2009,2074
1999,2017
1995,2042
2000,2063
1995,2074
1996,2040
1991,1989
1981,2040
1984,2029
1985,2025
1979,2037
1984,2070
2001,2039
1988,2066
2001,2065
1997,2037
1993,2017
1998,2028
2007,2025
2011,2067
2011,2063
2023,2057
2023,2040
2027,2017
2025,2027
2025,2040
2043,2012
2052,2038
2058,1999
2047,2008
2057,2072
2073,2020
2071,2039
2067,2032
2077,2035
2080,2063
2089,2080
2091,2036
2095,2080
2103,2045
2103,2071
2107,2071
2110,2077
2107,2025
2108,2021
2112,2080
2116,2041
2106,2028
2108,1993
2112,2059
2109,2069
2109,2035
2104,2060
2103,2059
2097,2019
2088,2073
2085,1995
2091,2054
2083,2009
2073,2071
2069,2056
2071,2063
2072,2073
2058,2012
2055,2036
2044,2019
2035,2027
2032,2008
2031,2013
2017,2043
2017,2065
2013,2028
2008,2066
1999,2031
1999,2038
1986,2009
1991,2037
1987,2009
1965,2041
1977,2062
1967,2054
1962,2051
1956,2009
1952,2037
1959,2025
1958,2056
1952,2020
1940,2041
1949,2063
1946,2055
1939,2025
1955,2011
1947,2034
1941,2079
1956,2037
1947,2033
1955,2057
1960,2040
1964,2023
1955,2056
1968,2054
1965,2074
1978,2045
1984,2080
1983,2066
1984,2025
1994,2058
1996,2063
2004,2025
2003,2039
2016,2019
2022,2044
2028,2017
2030,2054
2037,2032
2045,2065
2047,2043
2057,2011
2063,2015
2064,2024
2071,2013
2074,2056
2076,2043
2087,2062
2091,2067
2097,2018
2100,2027
2104,2047
2091,2068
2122,2056
2107,2041
2124,2029
2124,2063
2129,2025
2123,2046
2125,2054
2119,2035
2131,2080
2128,2060
2130,2068
2128,2044
2121,2076
2122,2055
2115,2020
2119,2057
2107,2035
2112,2076
2107,2048
2111,2054
2104,2055
2107,2027
2097,2071
2096,2034
2089,2052
2077,2035
2083,2064
2073,2030
2077,2048
2074,2036
2072,2063
2066,2037
2063,2023
2063,2042
2041,2003
2040,2080
2035,2033
2035,2034
2032,2078
2029,2057
2023,2057
2021,2076
2024,2063
2017,2027
2031,2060
2019,2058
2027,2019
2024,2037
2022,2071
2028,2039
2021,2037
2019,2053
2035,2086
2025,2041
2032,2007
2025,2029
2033,2080
2033,2057
2041,2031
2040,2063
2054,2026
2039,2039
2047,2079
2053,2088
2057,2031
2042,2065
2063,2071
2067,2029
2075,2010
2080,2075
2079,2057
2086,2023
2089,2023
2089,2061
2096,2007
2093,2060
2105,2044
2109,2033
2107,2057
2117,2011
2122,2029
2123,2094
2128,2072
2128,2030
2129,2073
2137,2033
2135,2069
2133,2019
2140,2008
2133,2058
2141,2042
2136,2079
2135,2071
2145,2040
2136,2088
2136,2043
2139,2017
2139,2044
2136,2033
2129,2069
2116,2048
2121,2066
2112,2054
2123,2072
2101,2071
2108,2026
2101,2057
2093,2021
2101,2079
2091,2077
2090,2043
2086,2035
2075,2053
2072,2044
2063,2068
2065,2071
2057,2068
2057,2021
2056,2029
2047,2040
2039,2073
2040,2025
2033,2085
2032,2076
2028,2060
2024,2063
2027,2052
2023,2069
2018,2077
2024,2057
2021,2067
2021,2060
2025,2058
2024,2041
2027,2001
2025,2023
2020,2065
2033,2040
2027,2037
2023,2076
2039,2029
2043,2009
2044,2009
2044,2061
2055,2040
2056,2057
2063,2041
2067,2042
2067,2072
2075,1991
2067,2011
2084,2063
2083,2035
2089,2048
2095,2071
2099,2043
2108,2015
2112,2063
2108,2046
2109,1997
2127,2067
2131,2072
2136,2072
2139,2080
2140,2003
2144,2043
2148,2027
2153,2011
2157,2091
2158,2057
2163,2005
2155,2037
2164,2027
2163,2036
2161,2052
2160,2037
2165,2058
2156,2032
2153,2032
2153,2063
2159,2058
2160,2035
2155,2055
2149,2053
2141,2043
2141,2078
2132,2056
2129,2056
2135,2039
2127,2060
2124,2027
2120,2024
2103,2039
2104,2035
2096,2005
2085,2057
2077,2063
2071,2071
2072,2068
2059,2064
2063,2054
2043,2069
2039,2048
2035,2063
2029,2029
2033,2068
2025,2067
2021,2051
2019,2042
2015,2051
2017,2042
2019,2021
1996,2043
2008,2035
2012,2011
2007,2022
2013,2072
2011,2003
2011,2037
2001,2027
2011,1992
2012,2063
2020,2011
2024,2027
2025,2017
2029,2040
2027,2064
2039,2055
2039,2052
2041,2072
2040,2040
2043,2027
2063,2005
2067,2021
2069,2023
2076,2056
2084,2039
2074,2013
2099,2039
2102,2009
2099,2024
2110,2035
2120,2005
2131,2032
2124,2032
2136,2040
2140,2055
2140,2063
2157,2034
2147,2035
2151,2060
2163,2010
2163,2067
2171,2033
2174,2028
2171,2002
2176,2023
2167,2023
2174,2029
2172,2056
2163,2017
2167,2008
2163,2038
2167,2043
2167,2072
2157,2052
2156,2065
2153,2015
2152,2021
2145,2012
2143,2009
2138,2021
2139,2003
2122,2041
2128,2037
2120,1995
2112,2023
2101,2068
2109,2040
2091,2059
2092,2080
2088,2092
2080,2069
2073,1987
2072,2021
2066,2058
2065,2011
2064,2027
2040,2053
2039,2047
2040,2040
2036,2075
2027,2079
2030,2068
2032,2011
2026,2075
2023,2017
2031,2060
2032,2055
2028,2009
2029,2073
2029,2093
2040,2001
2035,2057
2043,2070
2041,2061
2040,2035
2044,2056
2056,2072
2065,2025
2069,2030
2067,2035
2077,2025
2073,2012
2081,2029
2085,2035
2097,2062
2098,2027
2102,1987
2101,2009
2109,2027
2115,1996
2116,2039
2118,2060
2134,2012
2143,2051
2136,2037
2133,2059
2143,2025
2154,2007
2155,2074
2149,2027
2156,2063
2163,2041
2168,2045
2163,2045
2162,2055
2171,2063
2169,2072
2163,2039
2156,2030
2159,2007
2171,2048
2168,2088
2164,2035
2155,2054
2150,2017
2149,2059
2152,2023
2146,2056
2131,2069
2131,2037
2129,2067
2121,2039
2115,2067
2105,2077
2103,2027
2101,2079
2088,2025
2081,2071
2065,2063
2063,2058
2063,2021
2063,2075
2063,2021
2036,2025
2043,2029
2029,2009
2024,2023
2011,2029
2016,2068
2008,2058
2008,2045
1995,2058
1982,2080
1996,2023
1991,2011
1989,2044
1988,2026
1980,2043
1976,2051
1979,2036
1973,2072
1977,2001
1976,2058
1979,2068
1975,1993
1975,2080
1980,2072
1979,2054
1991,2021
1992,2008
1989,2076
1997,2067
1998,2017
1998,2027
1997,2007
2007,2055
2015,2063
2015,2035
2015,2059
2016,2069
2023,2067
2033,2035
2040,1991
2044,2038
2040,2019
2045,2069
2062,2045
2065,2027
2075,2023
2065,2019
2072,2054
2086,2004
2090,2068
2096,2042
2100,2060
2108,2060
2108,2063
2110,2065
2111,2019
2120,2080
2126,2066
2121,2004
2126,2001
2130,2036
2132,2077
2125,2063
2119,2063
2116,2079
2119,2067
2119,2043
2124,2039
2115,2033
2124,2015
2116,2042
2118,2059
2109,2064
2108,2061
2113,2042
2099,2021
2098,2070
2089,2009
2099,2068
2088,2045
2088,2041
2077,2035
2071,2078
2081,2028
2068,2057
2071,2037
2067,2015
2055,2007
2056,2072
2060,2029
2043,2045
2042,2058
2024,2077
2033,2078
2026,2080
2021,2012
2025,2025
2027,2027
2027,2027
2024,2027
2032,2053
2019,2079
2017,2062
2028,2031
2033,2019
2032,2075
2019,2043
2035,2021
2029,2007
2029,2025
2037,2057
2040,2017
2037,2024
2043,2051
2043,2039
2055,2035
2063,2024
2068,2056
2068,2063
2077,2045
2072,2037
2080,2035
2089,2063
2096,2063
2104,2072
2101,2022
2112,2037
2111,2048
2107,2071
2115,2091
2133,2056
2136,2035
2131,2063
2133,2009
2138,2015
2145,2032
2152,2075
2165,2035
2156,2027
2165,2007
2157,2053
2171,2075
2165,2055
2169,2035
2169,2019
2173,2069
2179,2073
2174,2063
2180,2027
2180,2035
2166,2041
2161,2025
2157,2063
2166,2009
2160,2082
2160,2038
2155,2084
2147,2060
2137,2071
2135,2075
2131,2063
2136,2046
2131,2034
2125,2076
2127,2007
2117,2039
2109,2037
2109,2060
2095,2060
2088,2015
2083,2025
2073,2043
2079,2084
2070,2080
2071,2040
2068,2020
2056,2009
2043,2054
2040,1989
2038,2009
2025,2071
2035,2017
2032,2004
2028,2030
2023,2024
2027,2071
2028,2029
2025,2029
2028,2032
2015,2043
2021,2045
2023,2043
2027,2017
2031,2019
2032,2076
2035,1997
2041,1999
2044,2051
2054,2025
2056,2039
2057,2063
2057,2036
2063,2024
2072,2040
2063,2040
2081,2023
2085,2009
2086,2080
2096,2037
2096,2018
2099,2022
2101,2009
2113,2044
2117,2038
2119,2071
2131,2023
2138,2024
2144,2064
2146,2063
2155,2051
2156,2007
2162,2033
2163,2024
2162,2057
2161,2063
2168,2027
2171,2048
2173,2046
2171,2074
2179,2011
2167,2033
2182,2039
2174,2017
2169,2068
2171,2037
2165,2038
2171,2035
2165,2068
2152,2048
2149,2060
2143,2056
2148,2047
2144,2056
2136,2011
2134,2077
2125,2023
2119,2060
2113,2030
2112,2033
2110,2025
2103,2065
2095,2037
2095,2025
2083,2048
2074,2070
2075,2027
2071,2069
2044,2057
2053,2063
2036,2027
2043,2057
2024,2048
2033,2013
2021,2045
2025,2027
2024,1994
2011,2071
2024,2065
2019,2035
2021,2045
2017,2071
2008,2056
2011,2054
2008,2033
2014,2063
2018,2044
2015,2015
2020,2036
2027,2039
2025,2071
2029,2017
2023,2053
2028,2061
2029,2035
2052,2064
2041,2043
2058,2066
2064,2005
2075,2076
2072,2021
2076,2007
2087,2048
2083,2068
2089,2069
2096,2017
2108,2041
2107,2028
2111,2009
2117,2043
2123,2048
2119,2023
2143,2036
2132,2052
2143,2061
2147,2057
2154,2041
2159,2067
2168,2005
2171,2027
2167,2034
2183,2035
2172,2039
2175,2038
2170,2072
2171,2063
2177,2063
2168,2055
2171,2023
2168,2056
2163,2046
2167,2080
2157,2059
2164,2029
2151,2039
2152,2063
2145,2048
2148,2052
2135,2068
2137,2064
2123,2072
2120,2066
2112,2058
2105,2013
2109,2011
2097,2025
2093,2025
2089,2004
2080,2041
2069,2059
2067,2048
2068,2071
2063,2036
2040,2055
2040,2067
2039,2033
2030,2032
2023,2033
2024,2028
2009,2088
2015,2040
2007,2087
2004,2054
1997,2041
2007,2043
2007,2042
2005,2019
2005,2040
2008,2076
2008,2058
2004,2046
2007,2024
2005,2060
2011,2068
2011,2066
2007,2048
2015,2042
2007,2063
2021,2048
2023,2067
2031,2063
2032,2012
2030,2028
2041,2059
2041,2036
2058,2085
2066,2077
2063,2048
2072,2037
2077,2059
2088,2017
2089,2021
2102,2060
2099,2038
2099,2027
2099,2040
2105,2037
2115,2059
2119,1987
2132,2048
2128,2035
2141,2007
2143,2041
2140,2029
2145,2044
2148,2041
2147,2066
2143,2021
2147,2018
2143,2043
2147,2027
2152,2068
2151,2035
2145,2023
2135,2034
2137,2070
2132,2048
2135,2052
2136,2040
2119,2047
2123,2060
2121,2036
2115,2045
2104,2041
2090,2028
2096,2037
2090,2072
2091,2067
2079,2053
2072,2038
2063,2045
2057,2059
2055,2031
2036,2039
2035,2033
2027,2044
2021,2071
2019,2021
2004,2054
2010,2035
2004,2035
2001,2020
1984,2032
1980,2035
1987,2044
1989,2055
1989,2033
1987,2019
1974,2028
1980,2063
1975,2040
1979,2071
1975,2027
1969,2042
1972,2065
1965,2011
1975,2005
1980,2011
1975,2044
1973,2045
1975,2040
1987,2086
1993,2071
1999,2055
1997,2037
2001,2027
2005,2064
2003,2057
2015,1995
2009,2060
2024,2023
2021,2011
2027,2041
2029,2053
2041,2048
2038,2059
2043,2073
2044,2008
2059,2065
2059,2031
2070,2063
2071,2046
2071,1987
2077,2067
2077,2065
2092,2073
2088,2018
2088,2023
2091,2073
2092,2036
2083,2027
2104,2060
2094,2029
2103,2080
2100,2035
2099,2045
2099,2037
2091,2066
2081,2044
2077,2048
2088,2071
2079,2025
2076,1993
2076,2060
2070,2017
2063,2034
2072,2027
2069,2068
2058,2041
2047,2041
2041,2079
2039,2063
2032,2038
2028,2013
2023,2054
2019,2057
2012,2075
1997,2063
1997,2080
1997,2017
1987,2088
1996,2038
1991,2044
1987,2067
1988,2071
1976,2021
1968,2069
1963,2037
1971,2034
1973,2073
1972,2011
1971,2077
1967,2060
1963,2056
1965,2054
1970,2004
1971,2009
1968,2065
1974,2018
1973,2043
1978,2039
1984,2068
1983,2088
1988,2030
1991,2063
1993,2037
1996,2072
2003,2079
2009,2071
2005,2073
2016,2033
2025,2072