2140,2051
2140,2029
2133,2025
2135,2031
2124,2015
2128,2051
2121,2053
2119,2019
2109,2027
2103,2019
2105,2055
2099,2043
2092,2041
2094,2064
2088,2056
2085,2037
2080,2048
2072,2039
2067,2068
2060,2048
2055,2056
2051,2017
2036,2056
2029,2072
2027,2063
2019,2041
2015,2071
2005,2066
2008,2056
2008,2056
1999,2067
1993,2069
1997,2072
1994,2040
1994,2039
1995,2033
1979,2056
1992,2041
1981,2023
1996,2033
1993,2047
1977,2066
1994,2063
1987,2023
1999,2063
1992,2054
2007,2056
2001,2055
2006,2051
2013,2039
2014,2046
2017,2037
2024,2080
2021,2055
2032,2046
2040,2065
2037,2055
2040,2019
2064,2048
2063,2052
2063,2029
2073,2048
2076,2060
2071,2029
2079,2021
2091,2058
2084,2055
2093,2081
2093,2007
2107,2040
2120,2055
2120,2070
2117,2038
2123,2056
2123,2053
2135,2061
2135,2060
2143,2037
2139,2058
2139,2065
2146,2056
2143,2027
2140,2070
2140,2063
2135,2053
2133,2055
2135,2041
2126,2056
2126,2063
2117,2039
2117,2057
2107,2041
2109,2067
2104,2079
2099,2041
2093,2044
2088,2038
2075,2043
2073,2055
2069,2029
2070,2071
2068,2063
2053,2037
2053,2065
2027,2024
2033,2040
2029,2056
2021,2043
2012,2035
2005,2053
2009,2012
2002,2040
1995,2053
1997,2068
1992,2053
1989,2058
1977,2043
1982,2072
1971,2043
1977,2063
1979,2068
1977,2065
1976,2069
1971,2043
1969,2024
1976,2052
1975,2066
1971,2029
1979,2042
1979,2055
1989,2059
1994,2076
2000,2038
1995,2039
2008,2060
2005,2061
2015,2039
2015,2039
2025,2048
2025,2068
2036,2057
2039,2063
2046,2043
2041,2053
2070,2020
2067,2040
2080,2045
2073,2007
2086,2043
2087,2023
2093,2059
2097,2044
2101,2023
2112,2041
2110,2064
2121,2033
2122,2048
2117,2017
2136,2047
2138,2043
2140,2060
2141,2012
2141,2025
2137,2044
2151,2048
2145,2068
2139,2071
2144,2041
2139,2020
2133,2033
2137,2055
2137,2052
2125,2034
2130,2055
2125,2029
2117,2071
2104,2057
2111,2063
2103,2042
2091,2027
2099,2039
2088,2074
2083,2029
2076,2079
2075,2063
2067,2044
2035,2035
2043,2023
2040,2060
2035,2055
2031,2057
2017,2083
2019,2028
2013,2072
2003,2071
2001,2071
1994,2059
1989,2045
1977,2017
1973,2080
1976,2039
1963,2056
1973,2027
1973,2071
1961,2045
1968,2056
1965,2070
1957,2021
1961,2039
1963,2029
1966,2058
1972,2023
1965,2057
1975,2037
1980,2067
1979,2041
1987,2063
1987,2009
2000,2063
1999,2055
1996,2031
2007,2057
2015,2041
2019,2057
2028,2063
2030,2068
2027,2059
2036,2005
2048,2056
2053,2027
2067,2043
2072,2044
2069,2033
2091,2041
2092,2040
2093,2019
2105,2067
2108,2046
2107,2037
2125,2043
2135,2063
2135,2058
2128,2047
2127,2039
2139,2027
2144,2072
2152,2035
2152,2057
2157,2065
2151,2055
2157,2063
2147,2019
2150,2056
2139,2055
2145,2063
2144,2059
2137,2035
2139,2074
2137,2025
2135,2073
2115,2069
2117,2029
2120,2071
2112,2035
2101,2071
2108,2077
2100,2080
2093,2064
2088,2057
2080,2039
2073,2056
2068,2065
2066,2055
2055,2047
2041,2067
2040,2048
2031,2078
2025,2029
2015,2055
2020,2063
2016,2068
2005,2056
1997,2059
1995,2042
1996,2056
1993,2041
1988,2029
1977,2065
1993,2039
1975,2027
1980,2056
1979,2024
1975,2029
1979,2075
1977,2045
1977,2021
1992,2060
1984,2043
1993,2068
1993,2034
2003,2057
2008,2061
2008,2059
2015,2069
2005,2017
2024,2043
2022,2021
2023,2011
2035,2056
2044,2070
2037,2069
2055,2030
2058,2035
2069,2027
2071,2066
2075,2071
2091,2045
2094,2021
2100,2041
2104,2068
2110,2053
2112,2063
2124,2021
2125,2041
2134,2072
2125,2043
2143,2027
2144,2055
2139,2033
2153,2048
2154,2027
2151,2029
2159,2071
2157,2063
2157,2023
2160,2070
2149,2053
2153,2077
2153,2035
2152,2046
2139,2039
2144,2061
2131,2053
2135,2040
2125,2059
2123,2033
2121,2054
2118,2043
2107,2027
2095,2066
2098,2066
2096,2065
2091,2072
2080,2021
2076,2063
2067,2042
2064,2032
2058,2059
2035,2046
2039,2041
2039,2073
2022,2055
2029,2057
2014,1999
2003,2047
1991,2023
1996,2060
1999,2033
1987,2061
1976,2028
1983,2071
1978,2064
1980,2072
1981,2039
1973,2051
1971,2063
1976,2060
1976,2041
1973,2048
1975,2065
1965,2029
1979,2056
1980,2063
1988,2037
1987,2025
1994,2056
1999,2030
1989,2048
2012,2043
2001,2063
2009,2062
2016,2021
2022,2037
2017,2048
2035,2038
2032,2055
2041,2035
2042,2037
2059,2044
2063,2043
2071,2021
2072,2027
2075,2040
2083,2048
2080,2035
2092,2058
2091,2040
2099,2043
2112,2025
2121,2074
2113,2043
2124,2056
2119,2025
2128,2072
2129,2041
2136,2060
2131,2033
2135,2047
2137,2057
2132,2073
2131,2041
2139,2041
2122,2070
2131,2067
2127,2024
2120,2063
2121,2043
2115,2037
2107,2045
2108,2041
2104,2059
2093,2059
2094,2054
2081,2052
2081,2071
2081,2047
2076,2039
2069,2059
2057,2067
2043,2043
2054,2076
2039,2043
2036,2060
2024,2057
2025,2057
2020,2068
2007,2035
2011,2062
2000,2067
1991,2007
1992,2070
1999,2048
1985,2022
1979,2048
1980,2075
1978,2053
1979,2041
1981,2063
1979,2039
1978,2063
1980,2060
1975,2084
1977,2068
1978,2055
1975,2063
1981,2021
1989,2039
1993,2035
1994,2068
2003,2055
1999,2059
2008,2037
2013,2070
2016,2029
2017,2039
2018,2048
2035,2067
2040,2063
2052,2053
2056,2063
2055,2033
2067,2056
2069,2017
2079,2059
2076,2055
2085,2037
2093,2028
2093,2035
2105,2065
2104,2041
2115,2025
2110,2039
2121,2071
2118,2013
2135,2035
2139,2052
2141,2039
2136,2062
2144,2036
2145,2064
2151,2015
2145,2063
2144,2053
2151,2041
2151,2040
2148,2017
2146,2067
2141,2029
2140,2021
2133,2071
2125,2061
2132,2017
2124,2062
2121,2027
2105,2035
2105,2048
2111,2071
2104,2070
2099,2033
2071,2037
2088,2041
2071,2056
2079,2029
2065,2035
2055,2025
2043,2037
2028,2075
2033,2047
2027,2058
2020,2047
2017,2033
2011,2080
2012,2076
2012,2066
1993,2057
1998,2036
1997,2059
1989,2039
1981,2040
1979,2037
1975,2066
1975,2055
1975,2029
1978,2033
1971,2074
1979,2045
1985,2055
1987,2027
1992,2041
1981,2056
1990,2040
2001,2060
2000,2048
1993,2038
2001,2043
2012,2066
2016,2075
2015,2033
2019,2035
2019,2056
2033,2036
2035,2039
2037,2060
2055,2055
2055,2063
2055,2025
2071,2068
2073,2060
2080,2005
2086,2041
2094,2063
2097,2037
2097,2020
2105,2043
2112,2063
2120,2041
2124,2054
2131,2040
2143,2063
2138,2047
2141,2064
2133,2024
2148,2044
2150,2027
2150,2070
2143,2039
2145,2058
2152,2067
2153,2063
2139,2025
2143,2068
2137,2043
2135,2019
2137,2041
2137,2043
2135,2035
2125,2029
2120,2070
2120,2071
2107,2028
2114,2039
2101,2067
2096,2045
2095,2057
2094,2075
2076,2011
2073,2069
2075,2046
2067,2035
2053,2063
2044,2029
2042,2066
2029,2037
2033,2056
2017,2043
2021,2036
2009,2043
2007,2063
2011,2063
1996,2064
1998,2060
1994,2064
1989,2015
1993,2075
1975,2057
1983,2071
1989,2063
1981,2012
1980,2066
1984,2055
1987,2055
1984,2056
1979,2066
1984,2037
1990,2027
1991,2043
1999,2044
1998,2033
2003,2025
2013,2017
2005,2063
2011,2035
2025,2037
2029,2043
2011,2009
2037,2044
2033,2045
2047,2063
2056,2063
2065,2030
2067,2072
2071,2053
2080,2065
2092,2056
2099,2051
2097,2043
2104,2058
2103,2066
2107,2043
2115,2032
2121,2053
2132,2047
2140,2041
2137,2037
2141,2027
2149,2047
2153,2043
2147,2057
2157,2037
2152,2033
2157,2069
2152,2024
2158,2056
2154,2069
2139,2040
2143,2059
2140,2053
2135,2063
2144,2025
2129,2055
2131,2069
2131,2063
2118,2019
2119,2066
2116,2035
2114,2040
2101,2059
2099,2060
2096,2067
2087,2056
2079,2067
2071,2043
2069,2044
2063,2044
2061,2051
2039,2051
2044,2036
2039,2035
2032,2068
2028,2025
2027,2046
2019,2033
2014,2044
2007,2041
2008,2057
2001,2051
1999,2057
1995,2033
1998,2080
1989,2033
1992,2044
1987,2041
1979,2055
2001,2063
1992,2056
1992,2053
1991,2047
1996,2054
2008,2061
1992,2053
2007,2057
2010,2027
2012,2043
2007,2021
2011,2043
2017,2035
2030,2051
2029,2058
2039,2073
2054,2019
2056,2067
2055,2060
2070,2029
2078,2039
2080,2033
2072,2019
2083,2047
2095,2021
2100,2075
2113,2058
2109,2055
2112,2056
2116,2035
2121,2017
2135,2043
2138,2048
2138,2035
2151,2039
2140,2021
2147,2057
2152,2044
2153,2025
2152,2019
2154,2055
2152,2035
2160,2025
2158,2063
2152,2063
2152,2041
2153,2041
2146,2064
2137,2027
2143,2033
2135,2029
2139,2029
2133,2060
2125,2079
2123,2029
2121,2067
2117,2062
2110,2019
2099,2063
2089,2040
2091,2043
2082,2071
2074,2024
2066,2023
2060,2021
2063,2063
2042,2041
2035,2039
2023,2071
2026,2041
2024,2041
2022,2063
2012,2065
2005,2029
1999,2058
1994,2072
1992,2074
1992,2072
1992,2041
1986,2064
1981,2057
1975,2029
1976,2055
1981,2073
1984,2071
1976,2068
1978,2043
1991,2029
1973,2029
1979,2031
1990,2052
1992,2059
1994,2040
1989,2037
2004,2080
2008,2055
2013,2048
2015,2025
2011,2011
2019,2063
2024,2068
2035,2025
2043,2031
2052,2038
2043,2055
2063,2045
2066,2057
2067,2025
2079,2063
2086,2021
2091,2069
2093,2053
2100,2047
2099,2063
2116,2045
2113,2029
2119,2057
2127,2041
2136,2040
2125,2046
2143,2058
2143,2041
2146,2054
2146,2067
2145,2035
2149,2027
2150,2063
2148,2019
2147,2056
2153,2031
2144,2023
2143,2055
2136,2054
2141,2063
2125,2067
2134,2056
2124,2058
2115,2033
2112,2033
2103,2055
2110,2037
2098,2064
2096,2062
2089,2065
2076,2027
2080,2029
2072,2043
2065,2037
2066,2037
2044,2040
2037,2069
2039,2073
2029,2019
2024,2072
2022,2066
2019,2023
2010,2055
1996,2043
2004,2071
1995,2042
1992,2051
1981,2007
1984,2054
1979,2029
1988,2082
1976,2079
1979,2063
1977,2033
1981,2063
1979,2033
1977,2063
1976,2035
1972,2072
1977,2059
1989,2068
1987,2039
1989,2018
1997,2039
1989,2007
2008,2042
2009,2035
2013,2025
2024,2043
2011,2048
2027,2023
2035,2017
2039,2037
2040,2048
2055,2075
2061,2039
2066,2068
2071,2051
2080,2021
2083,2019
2097,2071
2097,2044
2100,2027
2100,2042
2113,2035
2107,2046
2115,2058
2128,2068
2135,2054
2138,2057
2133,2035
2143,2039
2143,2019
2149,2063
2154,2029
2158,2035
2152,2043
2147,2048
2151,2053
2153,2021
2152,2027
2143,2043
2148,2030
2141,2027
2143,2048
2137,2060
2127,2021
2131,2058
2128,2065
2119,2033
2117,2039
2119,2039
2104,2071
2094,2067
2099,2035
2092,2069
2077,2042
2078,2046
2068,2073
2065,2041
2063,2037
2055,2048
2040,2066
2029,2056
2039,2053
2032,2056
2017,2023
2017,2041
2009,2015
2001,2055
1997,2066
1999,2041
1989,2033
1995,2057
1993,2039
1992,2061
1989,2046
1988,2080
1981,2063
1989,2017
1991,2063
1992,2058
1984,2044
1991,2035
1995,2037
1993,2071
1995,2040
2008,2029
2003,2067
2014,2064
2012,2068
2017,2042
2025,2039
2025,2040
2039,2074
2035,2062
2045,2041
2057,2053
2064,2032
2063,2041
2055,2063
2072,2056
2086,2035
2097,2067
2099,2035
2101,2043
2112,2041
2108,2025
2116,2025
2119,2035
2135,2025
2140,2042
2139,2027
2146,2063
2145,2080
2151,2048
2155,2031
2155,2029
2163,2013
2153,2024
2149,2023
2161,2061
2155,2063
2156,2057
2152,2039
2149,2025
2151,2039
2152,2061
2147,2080
2141,2063
2143,2043
2131,2053
2131,2054
2123,2060
2125,2043
2109,2061
2115,2072
2105,2040
2103,2019
2096,2062
2084,2043
2083,2071
2077,2053
2063,2053
2065,2021
2060,2066
2041,2029
2037,2030
2029,2048
2033,2055
2023,2068
2018,2063
2005,2035
2007,2056
2005,2064
1995,2071
2003,2027
1993,2047
1995,2065
1981,2027
1993,2053
1987,2055
1992,2068
1987,2037
1988,2063
1989,2041
1981,2060
1990,2023
1981,2043
1995,2023
1997,2063
2001,2039
2004,2018
2005,2060
2018,2046
2024,2047
2024,2040
2028,2054
2033,2066
2034,2055
2039,2037
2043,2043
2060,2067
2065,2041
2067,2040
2072,2035
2077,2063
2085,2044
2087,2037
2099,2059
2102,2072
2104,2040
2107,2025
2115,2064
2132,2044
2121,2072
2129,2067
2133,2037
2137,2039
2137,2040
2140,2035
2145,2072
2149,2043
2149,2035
2152,2063
2149,2025
2149,2056
2140,2056
2141,2063
2148,2064
2144,2033
2143,2039
2131,2064
2141,2023
2129,2071
2121,2051
2124,2046
2119,2033
2120,2071
2103,2019
2104,2064
2102,2039
2096,2048
2095,2044
2080,2069
2079,2071
2075,2065
2073,2053
2068,2072
2043,2038
2053,2055
2042,2036
2035,2038
2032,2052
2017,2041
2008,2039
2011,2056
2011,2039
2004,2060
2000,2053
2003,2063
1992,2075
1999,2058
1995,2072
1993,2035
1994,2046
1981,2029
1994,2066
1987,2043
1993,2048
1993,2051
1996,2076
1989,2025
1999,2061
1995,2041
2004,2044
1995,2035
2016,2059
2018,2068
2016,2065
2015,2043
2021,2029
2029,2063
2037,2041
2047,2063
2039,2001
2055,2027
2071,2063
2067,2063
2069,2039
2074,2070
2071,2057
2097,2033
2097,2039
2105,2067
2100,2021
2107,2079
2116,2035
2130,2042
2135,2063
2138,2057
2138,2072
2150,2039
2143,2044
2143,2040
2155,2067
2148,2041
2155,2043
2155,2021
2155,2060
2150,2040
2149,2056
2163,2057
2152,2072
2151,2039
2155,2063
2145,2035
2137,2060
2139,2023
2134,2054
2135,2005
2120,2063
2121,2039
2116,2039
2104,2072
2101,2024
2099,2072
2096,2047
2088,2056
2085,2052
2075,2060
2063,2074
2063,2051
2060,2072
2055,2045
2035,2015
2033,2059
2024,2031
2019,2027
2022,2058
2012,2041
2005,2042
2004,2040
2000,2059
1991,2023
1993,2074
1995,2077
1992,2058
1996,2063
1989,2057
1992,2067
1991,2063
1987,2073
1992,2035
1992,2056
1987,2076
1991,2040
1999,2051
1993,2077
1997,2063
2008,2039
2015,2068
2007,2027
2016,2063
2026,2064
2026,2060
2033,2021
2042,2072
2053,2065
2041,2036
2069,2029
2071,2060
2072,2015
2076,2034
2093,2055
2088,2044
2091,2054
2099,2037
2103,2030
2109,2038
2117,2048
2108,2021
2127,2019
2133,2067
2144,2056
2147,2024
2139,2057
2151,2043
2155,2043
2160,2059
2160,2061
2161,2037
2157,2063
2164,2066
2157,2036
2167,2040
2151,2055
2149,2048
2155,2039
2152,2067
2153,2074
2137,2063
2137,2013
2135,2043
2132,2057
2120,2065
2122,2040
2119,2046
2108,2051
2103,2040
2104,2067
2087,2057
2085,2027
2083,2035
2074,2060
2063,2063
2066,2053
2052,2055
2044,2057
2040,2079
2027,2063
2027,2039
2023,2043
2015,2063
2007,2041
2007,2048
1999,2051
1996,2040
1984,2063
1981,2023
1984,2059
1977,2034
1980,2064
1965,2025
1971,2015
1981,2059
1976,2068
1971,2037
1980,2029
1975,2039
1984,2060
1984,2059
1993,2034
1984,2056
1998,2064
1992,2043
2001,2035
2007,2036
2011,2022
2010,2068
2023,2069
2019,2031
2027,2042
2020,2055
2029,2063
2044,2076
2040,2041
2057,2057
2071,2033
2070,2065
2071,2061
2080,2063
2082,2029
2099,2058
2092,2063
2099,2053
2104,2072
2114,2052
2124,2039
2119,2041
2122,2052
2134,2048
2123,2035
2142,2059
2145,2059
2135,2021
2137,2051
2148,2039
2138,2066
2139,2073
2135,2065
2142,2057
2138,2029
2138,2068
2133,2037
2135,2045
2135,2053
2126,2073
2125,2011
2118,2073
2117,2025
2106,2065
2099,2033
2096,2060
2098,2035
2088,2075
2075,2060
2072,2053
2072,2056
2063,2057
2059,2039
2039,2073
2043,2065
2033,2056
2023,2063
2027,2063
2019,2055
2015,2057
2001,2067
2003,2075
1996,2066
1994,2066
1997,2080
1990,2056
1981,2017
1975,2048
1981,2063
1983,2021
1980,2052
1979,2070
1979,2063
1985,2053
1978,2070
1984,2072
1979,2060
1989,2024
1989,2027
1991,2051
1999,2065
2005,2056
2001,2080
2007,2028
2011,2050
2012,2037
2023,2035
2024,2052
2032,2053
2032,2057
2043,2063
2055,2030
2055,2057
2057,2058
2071,2057
2073,2068
2080,2023
2082,2068
2091,2009
2103,2025
2108,2029
2108,2078
2109,2056
2117,2037
2132,2046
2126,2045
2133,2066
2132,2021
2137,2039
2148,2025
2137,2037
2145,2028
2153,2034
2156,2072
2151,2043
2152,2070
2143,2029
2145,2054
2144,2033
2139,2068
2131,2017
2139,2057
2136,2042
2135,2065
2121,2019
2118,2073
2117,2058
2112,2063
2109,2054
2100,2055
2096,2045
2089,2045
2092,2063
2075,2048
2080,2011
2069,2046
2057,2020
2057,2041
2044,2057
2039,2061
2025,2034
2027,2021
2027,2056
2019,2063
2015,2063
2010,2052
2006,2027
1993,2074
1993,2042
1981,2017
1979,2041
1988,2059
1984,2053
1984,2072
1988,2051
1977,2033
1981,2029
1979,2039
1980,2063
1976,2027
1985,2055
1977,2043
1996,2048
1981,2058
1989,2025
1989,2063
2001,2055
1998,2063
2011,2008
2012,2044
2015,2037
2017,2011
2021,2055
2023,2068
2029,2039
2039,2045
2039,2055
2059,2061
2055,2052
2067,2063
2076,2063
2078,2072
2080,2053
2088,2037
2091,2068
2108,2071
2103,2031
2110,2063
2111,2035
2109,2058
2127,2069
2120,2045
2123,2063
2124,2030
2132,2063
2135,2037
2135,2069
2125,2039
2129,2063
2131,2037
2135,2029
2132,2048
2124,2023
2125,2035
2120,2043
2122,2069
2109,2039
2109,2076
2104,2023
2100,2058
2089,2029
2089,2064
2085,2029
2081,2027
2074,2076
2077,2029
2068,2053
2055,2072
2066,2029
2039,2071
2041,2063
2035,2044
2028,2021
2025,2063
2019,2061
2015,2065
2003,2015
2002,2058
2000,2011
1989,2056
1987,2068
1978,2075
1973,2071
1973,2055
1971,2065
1963,2025
1967,2071
1961,2063
1966,2068
1963,2021
1959,2048
1961,2035
1961,2060
1963,2035
1975,2035
1968,2063
1970,2063
1979,2065
1981,2044
1981,2040
1987,2043
1992,2041
1999,2057
1994,2068
2004,2033
2013,2027
2014,2027
2018,2036
2023,2029
2030,2063
2029,2072
2040,2029
2037,2025
2054,2034
2063,2007
2066,2041
2063,2064
2077,2053
2081,2062
2071,2063
2087,2047
2091,2035
2091,2023
2107,2069
2104,2025
2111,2043
2114,2045
2117,2056
2117,2039
2108,2027
2121,2033
2127,2043
2123,2046
2119,2066
2123,2072
2116,2067
2121,2069
2119,2047
2112,2032
2109,2021
2109,2011
2108,2041
2101,2035
2104,2043
2103,2060
2088,2017
2086,2035
2088,2035
2075,2064
2076,2025
2068,2032
2068,2035
2072,2066
2045,2023
2047,2044
2037,2041
2033,2055
2025,2063
2024,2067
2018,2056
2009,2065
2009,2048
2000,2056
1997,2067
1989,2056
1981,2064
1980,2043
1969,2072
1973,2026
1965,2037
1959,2063
1966,2072
1971,2063
1965,2060
1967,2056
1971,2033
1955,2027
1962,2072
1971,2071
1979,2061
1961,2067
1976,2070
1979,2029
1986,2070
1987,2056
1989,2053
1996,2072
1995,2054
2000,2047
2005,2003
2014,2055
2016,2044
2015,2056
2025,2039
2032,2046
2038,2042
2030,2025
2044,2071
2053,2036
2058,2064
2057,2051
2075,2061
2075,2056
2080,2063
2082,2063
2088,2043
2102,2035
2095,2029
2101,2053
2104,2032
2107,2037
2115,2021
2120,2075
2115,2043
2125,2035
2131,2035
2125,2065
2128,2060
2124,2042
2115,2055
2124,2033
2126,2040
2116,2045
2119,2059
2105,2019
2110,2071
2104,2060
2108,2058
2088,2042
2094,2063
2089,2063
2075,2067
2076,2045
2073,2070
2059,2068
2063,2043
2057,2062
2051,2028
2040,2066
2032,2057
2032,2032
2023,2022
2009,2037
2011,2060
2002,2056
2003,2059
1992,2036
1995,2070
1992,2033
1975,2066
1968,2052
1961,2037
1970,2073
1964,2055
1959,2065
1968,2077
1963,2036
1952,2039
1956,2055
1959,2027
1959,2039
1951,2065
1961,2043
1967,2044
1969,2041
1973,2063
1967,2068
1979,2063
1979,2058
1979,2061
1992,2046
1997,2043
1999,2043
2003,2064
1997,2037
2013,2044
2016,2028
2020,2069
2027,2043
2028,2019
2040,2047
2043,2063
2041,2017
2060,2069
2059,2053
2065,2003
2076,2045
2085,2057
2079,2033
2089,2055
2101,2052
2100,2038
2104,2008
2108,2038
2110,2040
2109,2059
2112,2059
2124,2048
2119,2065
2120,2027
2120,2031
2121,2026
2119,2067
2123,2043
2116,2068
2120,2051
2118,2067
2101,2035
2105,2059
2108,2029
2104,2044
2097,2063
2093,2027
2092,2028
2080,2047
2073,2019
2077,2063
2067,2063
2067,2029
2048,2068
2039,2029
2039,2063
2039,2064
2032,2070
2024,2041
2019,2063
2016,2054
2003,2030
2001,2073
1999,2061
1991,2059
1990,2040
1983,2063
1968,2038
1964,2043
1962,2033
1964,2037
1956,2025
1955,2066
1956,2033
1956,2068
1949,2019
1952,2078
1948,2043
1947,2088
1958,2056
1947,2038
1961,2015
1955,2035
1957,2048
1963,2053
1964,2068
1971,2024
1974,2063
1981,2057
1984,2062
1987,2033
2000,2012
1996,2064
2009,2041
2007,2037
2015,2048
2028,2037
2032,2058
2031,2039
2037,2069
2043,2063
2045,2027
2063,2059
2063,2063
2063,2046
2079,2042
2079,2052
2084,2063
2091,2029
2093,2027
2104,2064
2116,2052
2105,2021
2116,2056
2117,2023
2123,2034
2125,2043
2132,2039
2128,2072
2127,2023
2123,2029
2120,2040
2121,2056
2128,2072
2120,2084
2123,2063
2118,2043
2109,2027
2101,2047
2107,2077
2096,2056
2091,2059
2093,2063
2090,2027
2085,2071
2071,2057
2073,2028
2071,2047
2054,2052
2056,2053
2039,2063
2039,2071
2027,2063
2011,2045
2016,2057
2005,2056
1995,2056
1987,2043
1994,2069
1988,2021
1979,2043
1973,2029
1971,2078
1965,2061
1968,2038
1955,2042
1954,2065
1952,2062
1953,2039
1945,2070
1948,2058
1952,2024
1941,2063
1949,2054
1951,2062
1946,2043
1947,2063
1960,2063
1956,2072
1957,2039
1959,2067
1963,2070
1967,2023
1971,2063
1973,2047
1992,2067
1987,2057
1989,2072
2001,2054
2010,2043
2003,2055
2019,2015
2020,2021
2032,2037
2040,2058
2052,2059
2041,2009
2057,2020
2065,2027
2072,2063
2073,2017
2077,2041
2086,2029
2090,2063
2103,2059
2100,2067
2099,2017
2107,2028
2121,2039
2123,2056
2109,2066
2117,2058
2121,2051
2124,2039
2123,2063
2120,2021
2130,2040
2127,2074
2115,2063
2117,2025
2107,2063
2112,2048
2103,2058
2099,2021
2103,2066
2095,2061
2087,2026
2088,2055
2071,2078
2073,2072
2072,2043
2064,2031
2052,2075
2053,2059
2045,2065
2029,2048
2029,2039
2019,2063
2007,2037
2012,2072
1999,2046
1989,2037
1997,2063
1987,2045
1975,2041
1976,2025
1965,2076
1969,2055
1959,2026
1961,2059
1958,2034
1958,2059
1959,2027
1945,2044
1956,2059
1953,2065
1951,2037
1945,2055
1952,2072
1945,2063
1956,2040
1957,2037
1958,2064
1957,2018
1968,2062
1968,2043
1966,2053
1975,2058
1987,2039
1980,2036
1981,2076
2001,2041
2006,2044
2009,2072
2015,2061
2010,2056
2022,2041
2024,2065
2035,2058
2047,2069
2041,2059
2065,2045
2064,2043
2072,2039
2070,2058
2075,2036
2086,2044
2095,2035
2104,2027
2101,2068
2112,2023
2104,2045
2120,2030
2117,2059
2121,2059
2127,2055
2119,2059
2127,2021
2126,2054
2124,2029
2121,2055
2125,2064
2125,2040
2107,2067
2115,2022
2107,2039
2107,2044
2103,2071
2104,2056
2093,2028
2085,2055
2083,2057
2075,2056
2080,2057
2068,2056
2068,2052
2043,2067
2057,2039
2038,2064
2036,2054
2031,2055
2029,2055
2016,2036
2007,2064
1995,2039
2003,2043
1983,2037
1989,2071
1978,2043
1975,2063
1961,2041
1964,2059
1957,2021
1952,2045
1955,2072
1951,2022
1953,2058
1944,2051
1945,2047
1940,2053
1945,2048
1940,2063
1947,2063
1943,2040
1948,2070
1954,2055
1951,2043
1954,2071
1956,2075
1963,2040
1958,2039
1972,2033
1976,2048
1971,2058
1979,2051
1991,2017
1996,2072
1999,2033
2013,2047
2009,2044
2011,2037
2021,2043
2026,2041
2038,2037
2033,2045
2044,2030
2056,2052
2066,2022
2067,2055
2072,2063
2080,2039
2084,2039
2091,2052
2099,2063
2099,2054
2104,2027
2108,2048
2112,2046
2117,2047
2117,2053
2120,2048
2125,2043
2115,2033
2120,2027
2121,2027
2123,2040
2124,2064
2121,2035
2112,2040
2112,2048
2107,2043
2099,2024
2104,2065
2099,2027
2087,2065
2092,2045
2079,2063
2074,2040
2077,2063
2073,2037
2063,2073
2056,2072
2047,2044
2042,2043
2031,2040
2025,2018
2019,2080
2018,2047
2015,2062
2005,2037
2003,2052
1997,2042
1984,2062
1982,2058
1978,2037
1968,2056
1968,2067
1969,2021
1963,2041
1964,2047
1960,2031
1953,2055
1951,2075
1949,2055
1947,2043
1946,2035
1952,2056
1952,2059
1960,2040
1956,2058
1959,2025
1962,2066
1960,2056
1963,2040
1977,2045
1984,2056
1980,2065
1979,2051
1992,2068
1996,2055
2001,2056
2007,2043
2011,2033
2023,2067
2019,2060
2032,2019
2038,2057
2044,2045
2057,2053
2064,2075
2063,2043
2071,2039
2067,2058
2084,2027
2081,2025
2095,2067
2101,2035
2100,2063
2104,2021
2116,2068
2117,2043
2123,2025
2119,2058
2123,2065
2121,2027
2128,2071
2125,2037
2128,2063
2131,2053
2120,2072
2128,2039
2119,2011
2123,2057
2120,2060
2112,2037
2102,2051
2106,2044
2100,2040
2093,2060
2088,2055
2088,2056
2079,2043
2080,2048
2074,2068
2067,2072
2067,2042
2056,2043
2041,2059
2041,2037
2027,2024
2028,2068
2015,2041
2017,2059
2011,2040
2004,2078
1994,2055
1993,2058
1978,2053
1980,2066
1976,2055
1969,2076
1969,2040
1963,2021
1961,2043
1960,2072
1949,2034
1953,2012
1953,2053
1948,2063
1957,2056
1960,2048
1955,2029
1956,2037
1953,2054
1961,2055
1967,2060
1953,2043
1969,2057
1975,2068
1981,2039
1980,2045
1979,2024
1997,2055
1995,2074
1996,2042
2011,2053
2004,2070
2023,2072
2011,2039
2020,2037
2035,2043
2050,2075
2037,2043
2055,2042
2064,2025
2067,2040
2068,2063
2075,2036
2074,2055
2088,2043
2091,2068
2091,2072
2098,2033
2109,2057
2110,2054
2112,2039
2113,2063
2124,2017
2109,2035
2125,2068
2122,2066
2121,2072
2128,2063
2123,2039
2121,2029
2116,2058
2120,2055
2107,2044
2120,2060
2104,2052
2105,2046
2099,2057
2088,2007
2081,2040
2085,2027
2075,2057
2079,2067
2076,2087
2068,2033
2062,2039
2060,2040
2035,2027
2040,2063
2023,2061
2025,2063
2026,2059
2015,2061
2004,2063
1999,2042
2000,2056
1984,2043
1978,2041
1973,2063
1963,2036
1968,2063
1959,2039
1955,2058
1959,2063
1947,2075
1955,2055
1955,2022
1944,2064
1949,2025
1947,2030
1945,2059
1957,2027
1958,2063
1952,2040
1945,2033
1953,2028
1963,2054
1967,2052
1961,2007
1963,2071
1979,2066
1984,2068
1973,2071
1989,2045
2000,2028
2002,2029
2007,2042
2012,2051
2008,2041
2027,2048
2027,2011
2029,2060
2040,2045
2043,2041
2043,2071
2066,2021
2065,2063
2072,2045
2077,2066
2080,2047
2078,2067
2089,2068
2101,2025
2104,2056
2104,2057
2107,2063
2113,2056
2112,2063
2107,2055
2119,2027
2129,2033
2117,2051
2123,2051
2117,2056
2117,2063
2117,2023
2107,2043
2104,2024
2111,2063
2107,2071
2097,2043
2088,2071
2099,2067
2083,2057
2091,2074
2077,2053
2073,2053
2068,2043
2064,2048
2055,2033
2056,2061
2054,2021
2029,2025
2038,2058
2025,2025
2015,2063
2009,2009
2009,2075
2000,2039
1993,2033
1992,2063
1990,2064
1984,2056
1976,2027
1963,2015
1969,2076
1958,2025
1960,2062
1957,2019
1948,2066
1943,2060
1947,2019
1952,2072
1946,2041
1952,2063
1960,2068
1955,2029
1960,2063
1959,2071
1959,2063
1964,2059
1963,2056
1972,2035
1976,2055
1979,2056
1989,2043
1992,2056
1992,2047
1995,2029
2008,2060
2005,2025
2003,2002
2019,2042
2023,2040
2032,2005
2029,2063
2039,2022
2041,2056
2055,2021
2063,2055
2068,2063
2073,2033
2069,2029
2083,2053
2086,2021
2094,2067
2096,2059
2099,2037
2097,2051
2099,2056
2111,2041
2111,2057
2110,2040
2105,2069
2112,2037
2107,2074
2114,2041
2119,2036
2110,2060
2100,2005
2104,2047
2104,2061
2104,2057
2104,2063
2087,2029
2095,2045
2088,2060
2067,2035
2080,2047
2069,2024
2073,2045
2070,2044
2066,2046
2045,2035
2058,2071
2039,2035
2037,2048
2029,2076
2017,2067
2024,2084
2009,2057
1997,2063
1991,2065
1998,2066
1979,2035
1981,2041
1973,2071
1965,2065
1972,2064
1957,2029
1953,2069
1965,2065
1962,2036
1959,2054
1963,2041
1966,2068
1945,2053
1961,2076
1959,2056
1968,2054
1964,2056
1972,2056
1965,2030
1979,2056
1975,2047
1979,2026
1992,2023
1991,2058
1989,2053
1993,2056
2001,2059
2007,2028
2010,2029
2015,2056
2024,2060
2029,2054
2025,2027
2040,2037
2047,2048
2053,2029
2045,2021
2071,2065
2071,2063
2072,2044
2089,2041
2088,2032
2084,2015
2088,2063
2099,2066
2108,2072
2115,2053
2116,2037
2117,2060
2122,2056
2125,2055
2132,2039
2123,2063
2134,2068
2135,2045
2138,2063
2131,2019
2129,2033
2121,2048
2128,2059
2113,2031
2119,2033
2112,2048
2108,2053
2108,2041
2106,2072
2091,2063
2088,2065
2088,2025
2082,2045
2085,2052
2077,2055
2067,2052
2057,2039
2055,2041
2063,2023
2037,2064
2036,2055
2035,2070
2031,2064
2013,2041
2017,2084
2005,2039
2001,2036
2004,2063
1988,2063
1993,2043
1980,2045
1973,2025
1971,2053
1976,2053
1965,2043
1963,2035
1963,2063
1970,2075
1961,2042
1961,2019
1971,2061
1961,2026
1968,2035
1970,2061
1975,2057
1971,2032
1985,2056
1983,2071
1984,2041
1990,2039
1991,2035
1995,2039
2007,2040
2008,2017
2007,2021
2015,2075
2007,2056
2031,2064
2038,2068
2021,2015
2039,2039
2058,2048
2063,2044
2067,2033
2066,2044
2079,2025
2087,2054
2103,2017
2093,2060
2102,2024
2108,2065
2108,2041
2120,2067
2129,2056
2129,2009
2135,2027
2143,2075
2143,2031
2146,2058
2140,2031
2150,2056
2131,2033
2145,2071
2149,2065
2146,2027
2140,2003
2147,2069
2143,2060
2136,2033
2135,2056
2129,2033
2125,2038
2119,2039
2109,2009
2120,2080
2105,2027
2111,2064
2102,2051
2096,2068
2083,2029
2083,2073
2076,2063
2071,2063
2067,2043
2043,2061
2053,2073
2035,2040
2026,2039
2025,2028
2022,2043
2015,2056
2004,2053
1999,2057
1989,2071
1984,2071
1987,2056
1974,2043
1980,2063
1974,2067
1972,2072
1972,2058
1963,2045
1968,2040
1965,2056
1967,2063
1966,2035
1965,2056
1972,2056
1971,2021
1972,2067
1978,2070
1970,2012
1984,2065
1987,2057
1991,2040
1989,2060
1998,2040
2001,2064
2007,2056
2017,2063
2024,2068
2023,2056
2027,2064
2034,2048
2040,2065
2051,2058
2063,2053
2063,2069
2068,2039
2076,2019
2069,2053
2073,2019
2088,2055
2091,2021
2101,2057
2105,2044
2105,2053
2115,2041
2115,2025
2122,2072
2127,2067
2131,2043
2139,2072
2138,2033
2141,2064
2135,2066
2139,2021
2139,2026
2143,2045
2134,2068
2129,2028
2132,2038
2136,2061
2123,2071
2123,2053
2118,2042
2124,2030
2105,2027
2108,2035
2089,2084
2092,2065
2088,2037
2073,2027
2075,2045
2071,2037
2059,2055
2061,2043
2040,2043
2028,2040
2032,2039
2027,2071
2021,2063
2016,2056
2012,2057
2006,2063
1992,2041
1994,2065
1982,2063
1976,2060
1975,2035
1961,2053
1958,2062
1959,2043
1957,2059
1959,2039
1955,2037
1952,2061
1951,2071
1953,2033
1949,2058
1951,2064
1953,2069
1952,2042
1952,2056
1953,2043
1960,2043
1956,2021
1956,2041
1966,2041
1968,2071
1978,2011
1971,2056
1975,2058
1981,2017
1991,2056
2004,2042
2007,2035
2017,2065
2027,2028
2021,2056
2031,2048
2033,2069
2041,2042
2061,2048
2063,2058
2067,2056
2067,2055
2076,2079
2080,2035
2083,2039
2088,2068
2093,2041
2103,2045
2110,2041
2113,2059
2120,2069
2122,2072
2109,2065
2125,2035
2119,2038
2127,2017
2133,2035
2123,2054
2128,2059
2123,2040
2118,2029
2121,2042
2120,2040
2116,2072
2105,2043
2104,2056
2100,2060
2091,2045
2083,2055
2080,2033
2082,2072
2076,2056
2075,2025
2057,2053
2059,2035
2037,2063
2040,2056
2031,2045
2029,2072
2011,2019
2009,2021
2007,2048
1997,2071
1993,2063
1987,2055
1980,2080
1971,2043
1959,2023
1967,2066
1947,2028
1944,2040
1948,2065
1948,2063
1941,2063
1942,2057
1931,2053
1942,2075
1931,2053
1929,2023
1929,2027
1927,2056
1931,2065
1928,2025
1932,2039
1941,2063
1941,2035
1944,2053
1944,2033
1955,2029
1953,2045
1961,2025
1957,2064
1976,2027
1971,2060
1979,2045
1987,2057
1994,2054
2000,2031
2007,2037
2015,2048
2009,2045
2020,2047
2029,2056
2035,2076
2047,2060
2056,2048
2059,2029
2065,2048
2069,2057
2076,2060
2080,2039
2081,2052
2096,2029
2093,2079
2107,2063
2105,2060
2108,2027
2112,2032
2120,2035
2120,2043
2117,2028
2126,2042
2121,2055
2123,2060
2125,2039
2116,2015
2112,2039
2108,2035
2107,2063
2106,2065
2101,2056
2104,2070
2093,2037
2084,2063
2093,2057
2075,2041
2078,2040
2069,2045
2072,2062
2053,2030
2061,2023
2033,2029
2041,2043
2023,2057
2026,2056
2011,2074
2008,2036
2013,2048
1991,2069
1991,2058
1982,2055
1979,2053
1977,2063
1961,2035
1967,2037
1961,2064
1961,2019
1947,2080
1960,2068
1960,2063
1952,2060
1949,2064
1944,2057
1951,2063
1949,2048
1941,2040
1952,2029
1951,2048
1939,2067
1945,2055
1956,2058
1955,2063
1967,2063
1951,2025
1966,2056
1963,2059
1980,2036
1979,2027
1989,2054
1992,2063
1993,2038
1995,2040
2006,2044
2004,2037
2020,2063
2021,2035
2021,2027
2035,2048
2037,2064
2047,2053
2045,2027
2053,2054
2065,2039
2065,2029
2069,2034
2084,2069
2092,2035
2087,2024
2093,2063
2092,2036
2101,2072
2105,2055
2115,2033
2120,2056
2109,2065
2108,2045
2112,2039
2112,2072
2105,2043
2106,2024
2106,2063
2099,2056
2095,2035
2091,2052
2097,2067
2083,2035
2089,2036
2084,2063
2080,2056
2073,2069
2066,2039
2063,2072
2066,2068
2061,2072
2036,2045
2033,2029
2033,2027
2019,2036
2024,2043
2015,2056
2011,2063
1995,2035
1991,2025
1999,2062
1979,2025
1981,2040
1963,2067
1961,2029
1967,2073
1949,2056
1960,2057
1953,2057
1944,2011
1957,2035
1952,2059
1944,2048
1952,2044
1942,2063
1935,2065
1951,2043
1941,2037
1948,2058
1953,2031
1958,2058
1947,2069
1963,2059
1959,2019
1961,2041
1971,2066
1980,2077
1980,2037
1980,2035
1984,2056
1995,2029
2008,2065
2008,2032
2009,2048
2015,2041
2028,2047
2031,2068
2034,2028
2035,2033
2028,2058
2053,2043
2060,2052
2067,2032
2067,2067
2074,2044
2075,2017
2091,2062
2089,2021
2102,2041
2107,2048
2101,2025
2109,2064
2110,2064
2107,2019
2108,2046
2123,2044
2121,2055
2121,2039
2116,2067
2115,2043
2108,2055
2107,2072
2111,1993
2097,2071
2104,2063
2099,2037
2099,2056
2083,2039
2087,2075
2079,2045
2072,2044
2067,2042
2073,2063
2057,2023
2059,2035
2054,2066
2056,2041
2041,2015
2034,2044
2024,2072
2026,2055
2013,2039
2008,2057
2011,2063
1995,2017
1990,2053
1992,2060
1979,2036
1969,2023
1969,2065
1961,2020
1962,2072
1960,2072
1963,2068
1963,2027
1961,2058
1963,2060
1953,2027
1956,2028
1954,2051
1950,2019
1953,2062
1966,2063
1955,2038
1956,2058
1963,2065
1976,2072
1975,2019
1979,2039
1989,2059
1992,2068
1996,2021
1996,2043
2008,2071
2005,2064
2011,2040
2025,2048
2024,2068
2027,2054
2040,2057
2039,2029
2051,2066
2057,2027
2071,2044
2066,2039
2071,2056
2080,2056
2096,2048
2087,2071
2091,2041
2099,2025
2108,2044
2109,2051
2117,2043
2122,2046
2125,2029
2123,2038
2130,2060
2139,2064
2139,2033
2133,2040
2139,2065
2127,2063
2125,2067
2130,2045
2122,2052
2128,2069
2117,2015
2129,2048
2115,2054
2112,2056
2112,2048
2109,2063
2093,2039
2097,2063
2091,2035
2083,2053
2072,2067
2067,2056
2067,2078
2060,2059
2065,2063
2041,2011
2037,2063
2029,2031
2030,2062
2024,2063
2015,2063
2013,2027
2008,2063
1997,2053
1996,2047
1981,2039
1980,2076
1973,2029
1976,2059
1980,2058
1969,2041
1964,2065
1965,2044
1961,2045
1955,2039
1960,2051
1958,2072
1962,2063
1965,2063
1957,2033
1961,2071
1965,2025
1976,2060
1969,2069
1977,2023
1971,2058
1984,2061
1987,2033
1988,2058
1992,2072
2000,2033
1997,2029
2009,2040
2011,2048
2020,2056
2024,2030
2034,2035
2027,2064
2051,2039
2053,2040
2058,2055
2063,2048
2074,2052
2075,2035
2081,2065
2088,2017
2099,2065
2099,2039
2100,2045
2112,2048
2116,2043
2120,2067
2129,2033
2129,2058
2130,2037
2131,2042
2131,2068
2138,2045
2133,2055
2136,2029
2139,2053
2131,2058
2130,2043
2123,2064
2124,2063
2117,2015
2127,2072
2109,2027
2110,2069
2101,2048
2106,2071
2101,2039
2097,2045
2091,2023
2092,2017
2085,2037
2083,2063
2072,2070
2069,2065
2055,2056
2056,2063
2040,2056
2035,2081
2029,2068
2021,2042
2020,2043
2015,2056
1999,2072
1995,2055
1994,2041
1989,2044
1989,2072
1986,2055
1970,2027
1973,2029
1971,2041
1965,2054
1973,2031
1970,2040
1966,2037
1964,2036
1968,2059
1970,2067
1967,2057
1971,2067
1976,2075
1971,2029
1975,2069
1977,2041
1981,2030
1988,2039
1999,2043
1996,2033
2001,2063
2011,2054
2016,2040
2019,2024
2025,2031
2021,2041
2038,2025
2044,2036
2053,2025
2063,2064
2057,2067
2071,2037
2075,2035
2084,2042
2084,2041
2083,2035
2099,2035
2103,2037
2106,2068
2111,2043
2109,2023
2122,2087
2127,2037
2132,2061
2137,2055
2134,2043
2135,2055
2136,2056
2143,2033
2139,2065
2140,2072
2145,2053
2142,2055
2139,2040
2140,2068
2127,2059
2129,2046
2133,2052
2125,2031
2115,2068
2112,2035
2105,2029
2108,2055
2099,2039
2091,2075
2088,2053
2083,2039
2083,2035
2076,2054
2067,2028
2067,2047
2043,2037
2047,2063
2041,2071
2034,2071
2029,2068
2028,2068
2018,2048
2020,2044
2009,2038
2006,2041
1991,2055
1999,2008
1992,2060
1992,2039
1981,2061
1989,2055
1989,2044
1982,2056
1977,2039
1967,2035
1975,2071
1981,2059
1976,2052
1970,2069
1975,2036
1987,2063
1979,2064
1992,2056
1999,2019
1997,2043
1999,2043
2005,2041
2005,2018
2015,2048
2019,2043
2024,2040
2028,2070
2033,2075
2039,2053
2043,2060
2055,2024
2066,2064
2067,2062
2076,2056
2074,2033
2084,2056
2092,2056
2096,2045
2104,2068
2097,2036
2106,2064
2116,2060
2115,2056
2125,2029
2131,2067
2135,2042
2143,2060
2147,2067
2139,2055
2145,2041
2151,2054
2143,2035
2151,2058
2151,2043
2143,2068
2153,2029
2143,2066
2142,2036
2136,2043
2139,2047
2125,2039
2134,2063
2122,2055
2119,2027
2113,2076
2111,2060
2103,2011
2089,2037
2100,2070
2086,2064
2088,2024
2075,2029
2071,2035
2056,2046
2058,2052
2052,2045
2048,2056
2036,2040
2032,2044
2015,2057
2021,2063
2012,2053
2005,2072
2000,2066
2000,2037
1995,2027
1988,2063
1979,2060
1977,2063
1980,2055
1971,2037
1966,2017
1973,2056
1973,2060
1976,2080
1966,2043
1971,2063
1964,2063
1963,2025
1977,2067
1975,2027
1988,2058
1980,2045
1994,2068
1990,2045
1997,2075
2001,2039
2003,2025
1999,2071
2012,2039
2020,2057
2023,2043
2035,2038
2039,2047
2033,2041
2043,2021
2060,2041
2067,2037
2067,2015
2078,2068
2087,2068
2091,2063
2091,2052
2091,2072
2100,2063
2103,2015
2120,2055
2118,2035
2119,2063
2135,2063
2134,2072
2138,2050
2137,2027
2144,2034
2149,2088
2151,2027
2146,2030
2150,2056
2152,2027
2139,2068
2144,2017
2138,2073
2140,2063
2135,2065
2124,2053
2124,2039
2123,2059
2121,2025
2115,2057
2105,2065
2100,2063
2091,2011
2093,2065
2085,2063
2085,2039
2073,2035
2073,2024
2067,2057
2063,2058
2051,2019
2034,2054
2017,2058
2033,2021
2015,2063
2020,2064
2008,2033
2008,2066
1999,2047
1999,2063
1978,2019
1982,2043
1992,2025
1976,2071
1976,2041
1975,2023
1965,2035
1964,2052
1968,2027
1959,2067
1959,2060
1968,2072
1966,2064
1975,2025
1976,2044
1977,2042
1975,2063
1983,2080
1987,2023
1984,2073
1987,2029
1994,2052
1994,2044
2007,2027
2015,2063
2017,2041
2035,2057
2031,2065
2035,2065
2043,2075
2041,2033
2059,2062
2071,2023
2073,2071
2080,2075
2084,2045
2089,2036
2094,2054
2100,2055
2104,2068
2115,2071
2120,2040
2123,2039
2130,2067
2133,2059
2131,2034
2135,2063
2139,2044
2143,2047
2149,2033
2155,2038
2156,2022
2153,2061
2152,2036
2150,2040
2151,2029
2151,2063
2136,2051
2143,2048
2137,2078
2127,2035
2131,2072
2128,2056
2127,2069
2121,2069
2115,2053
2108,2072
2097,2040
2104,2066
2095,2043
2091,2041
2077,2043
2079,2044
2071,2053
2068,2041
2063,2028
2044,2043
2027,2043
2032,2063
2020,2009
2021,2046
2008,2037
2005,2066
2001,2072
1998,2056
2001,2043
1994,2071
1989,2039
1981,2063
1982,2055
1981,2041
1977,2039
1987,2064
1984,2045
1976,2039
1985,2063
1977,2063
1990,2074
1987,2042
1990,2072
1979,2069
1987,2068
1999,2037
2003,2072
2000,2027
2003,2040
2004,2021
2018,2029
2024,2048
2027,2057
2033,2072
2037,2042
2039,2044
2041,2017
2054,2043
2059,2033
2070,2068
2076,2052
2072,2043
2087,2055
2091,2063
2103,2065
2104,2055
2103,2035
2115,2053
2120,2072
2121,2059
2121,2047
2136,2062
2136,2080
2134,2063
2135,2037
2147,2074
2147,2039
2139,2069
2155,2045
2155,2044
2145,2023
2149,2055
2153,2056
2147,2068
2139,2028
2139,2063
2144,2077
2139,2039
2131,2039
2123,2043
2123,2055
2119,2039
2105,2017
2107,2057
2101,2021
2104,2044
2092,2053
2088,2060
2080,2072
2067,2062
2063,2015
2060,2044
2043,2037
2037,2063
2034,2055
2039,2031
2023,2054
2021,2059
2015,2024
2003,2043
1996,2011
1989,2027
1989,2074
1992,2057
1980,2065
1975,2027
1975,2066
1978,2041
1976,2055
1976,2059
1975,2041
1963,2045
1973,2037
1968,2060
1975,2075
1971,2041
1981,2072
1977,2031
1984,2040
1989,2041
1990,2055
1991,2035
2004,2056
1996,2022
2003,2077
2012,2058
2019,2053
2022,2038
2029,2055
2021,2071
2042,2065
2047,2039
2045,2029
2063,2063
2067,2052
2077,2051
2079,2034
2083,2067
2091,2024
2096,2012
2091,2056
2112,2055
2108,2073
2120,2064
2128,2065
2124,2063
2128,2067
2137,2072
2136,2048
2146,2070
2134,2017
2143,2063
2141,2058
2152,2025
2143,2039
2148,2043
2144,2032
2144,2043
2141,2043
2131,2070
2129,2052
2135,2039
2123,2023
2128,2044
2119,2036
2116,2036
2116,2056
2101,2040
2102,2068
2096,2019
2090,2021
2075,2060
2080,2068
2075,2064
2068,2029
2063,2036
2039,2024
2034,2056
2033,2021
2025,2027
2021,2041
2027,2048
2011,2041
2003,2039
2008,2011
2002,2037
1994,2063
1977,2035
1979,2020
1992,2058
1979,2068
1981,2063
1981,2073
1979,2051
1971,2053
1973,2063
1979,2033
1971,2052
1987,2065
1979,2066
1992,2027
1987,2043
1995,2051
2001,2056
2003,2067
2003,2057
2009,2043
2015,2045
2007,2017
2013,2065
2024,2033
2027,2035
2040,2075
2039,2043
2043,2025
2056,2042
2068,2033
2077,2071
2079,2029
2076,2021
2090,2043
2094,2045
2103,2021
2093,2038
2104,2039
2117,2063
2128,2069
2116,2032
2136,2068
2141,2023
2139,2040
2137,2019
2152,2042
2148,2037
2156,2052
2163,2048
2167,2056
2160,2060
2165,2024
2161,2063
2153,2007
2151,2053
2157,2027
2151,2007
2149,2003
2143,1975
2141,2168
2135,2136
2137,1889
2132,2068
2122,2229
2137,2089
2117,1799
2092,2103
2123,2171
2110,1977
2075,1993
2109,2132
2093,2011
2037,2043
2081,2120
2072,2029
2037,2009
2057,2109
2041,2036
2025,2042
2013,2055
2021,2056
2017,2111
1996,1955
2012,2057
1993,2169
1997,2036
1993,1993
1986,2071
1994,2057
1995,2043
1990,1957
1980,2039
1995,2136
1976,1992
1975,1975
1979,2112
1976,2065
1992,2090
1981,2063
1984,2053
1998,2043
1999,2040
1994,2079
2003,2025
2001,2025
2008,2080
2022,2056
2023,2022
2021,2022
2032,2017
2039,2071
2043,2066
2043,2028
2063,2053
2067,2093
2056,2076
2079,2008
2075,2072
2085,2037
2103,2076
2097,2116
2104,2008
2116,1991
2120,2128
2123,2055
2123,2015
2136,2053
2135,2033
2131,2011
2136,2093
2149,2075
2143,1980
2155,2056
2155,2081
2145,1999
2155,2105
2156,2076
2137,2005
2155,2121
2151,2060
2137,1991
2152,2159
2143,2035
2127,1995
2136,2080
2137,2013
2103,2072
2127,2103
2120,2037
2099,1963
2099,2025
2093,2075
2083,2071
2085,2089
2082,2067
2069,2010
2068,2106
2059,2055
2042,2042
2056,2072
2029,2024
2033,2068
2023,2085
2020,2052
2009,2067
2001,2018
1993,2033
1999,2112
1991,2029
1990,2066
1989,2080
1969,2011
1980,2068
1976,2063
1973,2043
1987,2064
1966,2035
1975,2068
1981,2072
1971,2096
1972,2063
1984,2003
1973,2063
1989,2047
1991,2001
1977,2051
2001,2076
2009,2032
2001,2073
2017,2017
2015,2053
2024,2077
2030,2054
2025,2007
2045,2035
2051,2021
2047,2030
2067,2089
2067,2019
2063,2035
2079,2015
2083,2089
2087,2065
2093,2027
2093,2029
2104,2068
2112,2075
2104,2072
2120,2015
2130,2079
2128,2071
2142,2043
2136,2063
2146,2055
2143,2011
2144,2066
2152,2025
2154,2065
2151,2076
2154,2003
2154,2085
2158,2063
2157,2028
2147,2063
2147,2004
2152,2078
2137,2053
2141,2047
2137,2075
2129,2025
2132,2038
2124,2076
2110,2040
2120,2066
2101,2019
2101,2025
2099,2073
2090,2078
2087,2045
2079,2028
2075,2056
2078,2067
2055,2035
2060,2066
2035,2041
2045,2066
2030,2055
2025,2063
2019,2023
2024,2058
2009,2047
2015,2074
2009,2039
1995,2009
1992,2037
1995,2040
1991,2035
1988,2057
2003,2016
1989,2053
1987,2076
1991,2030
1992,2033
1992,2023
1996,2065
1991,2082
1995,2039
1997,2045
1992,2063
1995,2035
2007,2057
2011,2056
2016,2057
2015,2033
2024,2040
2032,2068
2032,2056
2027,2053
2056,2065
2043,2068
2056,2021
2065,2076
2064,2077
2069,2057
2081,2021
2075,2072
2093,2025
2087,2063
2094,2060
2101,2019
2103,2074
2113,2057
2121,2037
2130,2088
2129,2042
2132,2021
2130,2073
2136,2033
2150,2041
2151,2037
2152,2077
2160,2020
2153,2045
2156,2085
2152,2052
2147,2040
2152,2041
2151,2023
2140,2035
2143,2039
2143,2044
2132,2063
2136,2058
2120,2067
2127,2076
2121,2029
2102,2046
2109,2072
2103,2024
2098,2078
2090,2027
2091,2029
2073,2084
2073,2055
2073,2017
2059,2021
2057,2029
2045,2079
2025,2027
2039,2044
2003,2035
2024,2072
2020,2054
2010,2072
2003,2039
2000,2056
1990,2039
1984,2067
1975,2063
1972,2027
1975,2036
1979,2051
1980,2053
1976,2075
1976,2034
1968,2057
1971,2043
1965,2071
1969,2067
1977,2007
1968,2057
1976,2039
1980,2060
1988,2044
1995,2071
1988,2043
2000,2065
1995,2076
1997,2029
2010,2071
2007,2027
2011,2041
2021,2054
2024,2047
2028,2005
2039,2048
2044,2025
2055,2026
2055,2072
2054,2025
2075,2035
2075,2063
2081,2073
2088,2060
2085,2066
2094,2065
2107,2063
2103,2066
2119,2058
2109,2053
2124,2047
2123,2063
2129,2012
2127,2034
2137,2065
2135,2058
2133,2048
2143,2031
2137,2033
2140,2055
2135,2057
2133,2029
2140,2035
2131,2054
2125,2039
2119,2063
2117,2028
2120,2029
2117,2035
2115,2068
2108,2071
2101,2056
2092,2064
2089,2041
2069,2039
2080,2053
2073,2041
2067,2029
2069,2037
2040,2040
2044,2067
2037,2021
2038,2043
2019,2041
2024,2065
2015,2035
2011,2037
2005,2069
2000,2069
1995,2034
1975,2053
1976,2053
1978,2065
1977,2063
1975,2063
1967,2065
1972,2043
1971,2067
1971,2037
1963,2023
1973,2047
1968,2031
1957,2056
1971,2039
1963,2057
1968,2063
1975,2063
1977,2036
1976,2027
1973,2028
1999,2063
1999,2037
1998,2027
2007,2040
2008,2055
2007,2048
2021,2064
2027,2071
2028,2056
2039,2043
2043,2067
2055,2053
2058,2063
2066,2064
2065,2041
2077,2039
2082,2044
2092,2065
2095,2052
2096,2059
2103,2027
2113,2063
2119,2019
2121,2042
2129,2039
2135,2044
2131,2072
2136,2039
2136,2040
2143,2043
2143,2025
2137,2063
2145,2033
2144,2063
2153,2048
2149,2036
2148,2021
2148,2057
2141,2063
2140,2055
2138,2043
2129,2060
2131,2047
2124,2053
2116,2091
2120,2031
2103,2048
2111,2051
2099,2084
2093,2046
2095,2019
2075,2035
2075,2052
2063,2053
2060,2009
2063,2071
2047,2033
2035,2042
2033,2019
2027,2056
2027,2045
2012,2044
2016,2066
2007,2048
2002,2045
1988,2031
1997,2069
1977,2037
1983,2058
1979,2021
1971,2027
1980,2044
1971,2037
1973,2043
1975,2031
1973,2066
1971,2053
1982,2069
1979,2041
1976,2045
1992,2037
1993,2065
1992,2076
1996,2063
2001,2067
2004,2037
2010,2060
2007,2052
2016,2060
2024,2011
2026,2041
2027,2021
2029,2031
2043,2043
2045,2039
2056,2048
2071,2029
2072,2015
2069,2068
2080,2027
2081,2063
2089,2045
2103,2033
2103,2043
2099,2067
2112,2075
2115,2072
2121,2039
2121,2035
2129,2063
2143,2035
2139,2023
2144,2063
2148,2037
2150,2066
2144,2071
2139,2033
2147,2021
2144,2053
2148,2011
2151,2068
2145,2068
2146,2048
2144,2033
2137,2043
2135,2043
2133,2055
2123,2071
2113,2053
2112,2039
2108,2048
2105,2068
2103,2040
2085,2073
2077,2030
2082,2041
2075,2072
2070,2043
2058,2034
2053,2065
2053,2066
2036,2056
2032,2027
2021,2062
2020,2070
2007,2043
2003,2029
2008,2068
1991,2041
1996,2072
1996,2027
1987,2068
1981,2056
1983,2041
1975,2057
1973,2056
1981,2040
1963,2037
1980,2068
1974,2022
1971,2063
1969,2011
1965,2051
1971,2033
1973,2061
1981,2073
1986,2041
1980,2041
1989,2057
1998,2077
2001,2055
2006,2042
2008,2028
2016,2066
2024,2060
2030,2045
2027,2060
2034,2063
2041,2037
2054,2044
2060,2071
2057,2065
2067,2041
2075,2018
2075,2066
2088,2063
2096,2048
2093,2039
2101,2045
2113,2054
2112,2064
2119,2065
2121,2039
2130,2055
2135,2017
2137,2059
2143,2068
2143,2053
2150,2055
2145,2024
2149,2034
2151,2071
2147,2074
2144,2039
2140,2066
2143,2080
2140,2071
2137,2053
2131,2080
2133,2035
2118,2056
2120,2048
2109,2057
2116,2043
2104,2068
2100,2056
2093,2063
2091,2056
2084,2057
2081,2073
2071,2029
2067,2042
2059,2065
2052,2066
2047,2055
2043,2027
2035,2023
2024,2072
2021,2065
2021,2056
2004,2060
2007,2056
2004,2048
2000,2063
1981,2033
1979,2044
1984,2052
1987,2063
1983,2058
1973,2051
1971,2054
1978,2063
1973,2073
1976,2051
1976,2056
1976,2040
1982,2053
1985,2067
1969,2033
1991,2059
1981,2073
1994,2039
1997,2055
2001,2052
2007,2043
2011,2056
2016,2039
2015,2061
2021,2072
2039,2040
2041,2058
2042,2039
2053,2059
2057,2067
2071,2069
2076,2042
2074,2068
2087,2062
2086,2063
2091,2055
2097,2074
2116,2058
2105,2048
2127,2063
2130,2067
2131,2027
2135,2051
2143,2065
2141,2020
2139,2025
2160,2082
2156,2072
2155,2024
2160,2063
2160,2058
2163,2063
2163,2063
2163,2057
2159,2064
2149,2015
2155,2048
2149,2059
2152,2048
2148,2023
2141,2079
2141,2037
2136,2040
2133,2060
2132,2066
2119,2068
2120,2057
2112,2071
2107,2043
2099,2043
2095,2021
2087,2041
2084,2066
2080,2046
2067,2037
2066,2071
2057,2031
2035,2056
2039,2021
2027,2063
2034,2063
2024,2027
2025,2064
2018,2045
2012,2063
2009,2038
2007,2025
2007,2039
2000,2063
2007,2075
1977,2050
1999,2038
1990,2063
1995,2072
1996,2066
1997,2035
1997,2048
2000,2080
1995,2059
1996,2037
2007,2071
2009,2075
2009,2064
2024,2074
2015,2043
2032,2072
2030,2057
2027,2065
2036,2063
2042,2015
2063,2041
2059,2056
2068,2066
2076,2027
2079,2057
2084,2055
2092,2007
2093,2047
2097,2029
2104,2024
2119,2063
2124,2063
2122,2044
2128,2044
2137,2012
2145,2056
2147,2037
2154,2022
2149,2080
2143,2057
2161,2043
2160,2065
2167,2043
2168,2046
2165,2041
2168,2058
2168,2025
2168,2028
2170,2060
2167,2052
2168,2056
2155,2043
2168,2063
2155,2063
2156,2045
2143,2071
2151,2070
2143,2075
2138,2020
2138,2047
2130,2071
2124,2066
2116,2068
2111,2015
2097,2063
2100,2072
2091,2059
2088,2038
2074,2021
2073,2061
2069,2044
2057,2056
2043,2057
2043,2069
2040,2061
2021,2023
2026,2076
2016,2046
2016,2042
2013,2063
2003,2043
2008,2063
1995,2038
2001,2059
1995,2039
2001,2051
2001,2055
1996,2048
2000,2024
1999,2056
1995,2063
2000,2042
2008,2063
2003,2064
2003,2041
2015,2068
2015,2021
2011,2056
2020,2062
2023,2058
2028,2037
2035,2062
2041,2021
2043,2056
2063,2048
2063,2054
2071,2039
2074,2056
2087,2024
2083,2053
2092,2021
2104,2058
2100,2063
2112,2071
2123,2063
2117,2060
2137,2055
2136,2067
2137,2042
2140,2023
2148,2059
2149,2033
2152,2027
2168,2063
2157,2063
2162,2068
2172,2052
2165,2031
2183,2037
2163,2025
2169,2057
2173,2055
2172,2047
2169,2075
2163,2015
2166,2063
2158,2045
2156,2056
2151,2017
2153,2027
2143,2055
2152,2080
2136,2064
2137,2039
2131,2063
2124,2047
2127,2053
2115,2038
2108,2061
2104,2059
2096,2072
2087,2023
2086,2043
2072,2040
2073,2053
2069,2063
2063,2059
2063,2013
2040,2053
2035,2041
2027,2050
2023,2063
2024,2043
2027,2076
2021,2073
2013,2055
2015,2051
2014,2045
2007,2071
2008,2063
2007,2036
2010,2059
2005,2074
2006,2037
2009,2041
2008,2036
2011,2063
2009,2031
2023,2051
2023,2051
2029,2048
2027,2028
2033,2074
2027,2039
2039,2039
2043,2041
2056,2058
2063,2037
2057,2015
2069,2087
2071,2037
2074,2064
2092,2005
2099,2042
2101,2071
2104,2033
2111,2053
2122,2064
2126,2047
2125,2007
2138,2056
2141,2027
2136,2053
2149,2040
2154,2072
2159,2063
2155,2039
2170,2039
2172,2071
2174,2065
2180,2063
2170,2025
2172,2026
2183,2035
2183,2051
2180,2034
2184,2053
2183,2042
2171,2065
2170,2082
2168,2054
2171,2077
2160,2053
2155,2037
2154,2013
2147,2068
2153,2043
2148,2043
2143,2060
2139,2047
2132,2041
2123,2041
2124,2042
2107,2076
2106,2072
2103,2056
2092,2063
2084,2037
2088,2041
2071,2011
2065,2039
2065,2035
2052,2011
2055,2059
2040,2038
2041,2071
2021,2072
2024,2065
2022,2063
2015,2068
2011,2045
2011,2058
2008,2063
2005,2068
2010,2063
2009,2056
2008,2055
1999,2030
2008,2038
2013,2055
2006,2028
2015,2063
2011,2023
2017,2036
2015,2063
2013,2045
2024,2074
2027,2023
2032,2056
2035,2056
2038,2021
2043,2036
2056,2048
2066,2036
2072,2061
2071,2048
2076,2027
2082,2051
2087,2063
2090,2039
2105,2048
2109,2071
2107,2056
2119,2035
2125,2044
2132,2070
2136,2039
2139,2065
2152,2072
2151,2042
2151,2041
2153,2042
2163,2037
2164,2060
2161,2025
2177,2063
2169,2064
2165,2053
2169,2068
2167,2019
2176,2067
2171,2048
2169,2039
2162,2055
2165,2067
2168,2064
2158,2035
2157,2066
2152,2027
2143,2036
2148,2046
2141,2044
2131,2038
2132,2063
2122,2028
2115,2010
2103,2038
2103,2022
2100,2057
2092,2047
2075,2033
2078,2080
2078,2071
2068,2029
2055,2043
2039,2035
2041,2027
2040,2048
2024,2072
2020,2029
2024,2066
2016,2061
2015,2055
2006,2039
2005,2023
2009,2067
2005,2071
2003,2063
2000,2072
1985,2033
1999,2076
2001,2063
2005,2063
2007,2045
1996,2053
2008,2041
2010,2009
2007,2072
2018,2039
2020,2036
2026,2056
2022,2024
2033,2035
2033,2072
2042,2067
2043,2054
2056,2057
2063,2056
2067,2027
2063,2039
2076,2067
2082,2024
2092,2031
2096,2040
2099,2039
2097,2056
2120,2033
2110,2060
2120,2019
2115,2004
2135,2044
2136,2048
2135,2041
2145,2025
2152,2076
2149,2063
2155,2037
2160,2068
2158,2023
2165,2053
2167,2056
2173,2048
2161,2072
2168,2053
2169,2056
2168,2057
2165,2052
2156,2033
2161,2043
2159,2071
2157,2070
2155,2056
2143,2039
2148,2064
2139,2044
2143,2023
2127,2069
2132,2039
2126,2045
2115,2024
2103,2035
2100,2058
2105,2041
2091,2068
2092,2052
2080,2019
2069,2039
2068,2056
2059,2019
2063,2022
2063,2053
2055,2069
2043,2063
2029,2021
2020,2055
2027,2064
2020,2056
2019,2070
2019,2057
2018,2059
2016,2070
2003,2068
1991,2067
2014,2078
2001,2053
2009,2057
2011,2047
2005,2025
2020,2076
2004,2036
2022,2055
2017,2065
2024,2060
2028,2035
2033,2019
2035,2023
2040,2075
2055,2055
2041,2042
2063,2039
2063,2040
2067,2044
2073,2064
2077,2060
2095,2043
2095,2046
2096,2048
2104,2056
2107,2054
2112,2063
2118,2037
2131,2024
2133,2035
2141,2026
2141,2056
2152,2042
2151,2022
2153,2030
2163,2027
2168,2043
2171,2063
2182,2043
2171,2031
2183,2056
2182,2051
2179,2034
2189,2041
2186,2068
2185,2029
2181,2041
2181,2021
2179,2056
2171,2066
2173,2058
2172,2068
2163,2022
2159,2068
2153,2040
2154,2064
2156,2040
2146,2051
2133,2068
2139,2059
2128,2037
2126,2076
2109,2041
2115,2040
2093,2044
2097,2060
2087,2041
2084,2052
2077,2027
2063,2051
2055,2017
2055,2060
2040,2064
2041,2063
2035,2041
2035,2048
2001,2037
2022,2037
2017,2064
2013,2033
2015,2063
2009,2032
2003,2044
2001,2071
2007,2021
2001,2035
2005,2060
2000,2063
2007,2041
1997,2060
2004,2010
2007,2063
2007,2044
2004,2053
2015,2043
2016,2038
2019,2036
2022,2056
2031,2031
2029,2056
2043,2