2160,2028
2160,2040
2155,2021
2156,2037
2152,2060
2147,2048
2135,2037
2143,2066
2137,2065
2136,2065
2121,2037
2119,2035
2108,2041
2115,2063
2109,2041
2102,2055
2093,2019
2095,2063
2085,2044
2084,2027
2068,2043
2063,2043
2046,2088
2057,2025
2046,2019
2044,2037
2027,2027
2024,2057
2027,2025
2011,2043
2020,2069
2012,2025
1999,2068
2007,2025
1995,2051
1987,2063
1996,2057
1996,2037
1998,2066
1997,2061
1993,2079
1996,2025
1993,2071
1997,2063
1995,2043
1989,2063
2008,2063
2011,2040
2016,2018
2007,2062
2015,2023
2021,2070
2019,2051
2027,2068
2041,2041
2029,2055
2055,2058
2056,2036
2058,2072
2059,2041
2067,2068
2074,2054
2082,2044
2092,2020
2095,2046
2096,2037
2104,2071
2106,2056
2117,2080
2122,2055
2121,2043
2137,2045
2132,2038
2147,2011
2155,2045
2145,2029
2155,2031
2156,2072
2164,2024
2163,2057
2164,2029
2168,2063
2161,2070
2165,2053
2167,2057
2155,2069
2161,2041
2162,2064
2160,2023
2154,2055
2149,2027
2141,2056
2136,2029
2136,2034
2127,2051
2123,2059
2120,2027
2120,2057
2112,2044
2108,2057
2100,2040
2094,2037
2092,2055
2073,2043
2067,2027
2057,2063
2063,2043
2052,2045
2047,2027
2040,2068
2032,2071
2032,2055
2030,2037
2016,2027
2009,2043
1997,2047
2005,2038
2001,2057
1987,2063
1991,2068
1989,2045
1987,2040
1979,2034
1992,2058
1991,2063
1990,2070
1984,2073
1994,2078
1992,2061
1992,2043
1995,2056
1995,2063
1993,2031
1991,2064
1997,2027
2005,2041
2003,2046
2021,2056
2024,2056
2025,2063
2032,2043
2026,2055
2038,2063
2041,2066
2058,2039
2054,2033
2059,2076
2070,2036
2073,2048
2088,2056
2085,2043
2085,2067
2085,2027
2104,2056
2107,2046
2107,2054
2117,2029
2124,2076
2128,2041
2131,2043
2129,2029
2133,2033
2137,2044
2148,2063
2133,2029
2141,2042
2139,2011
2139,2044
2139,2039
2148,2072
2143,2039
2139,2023
2138,2055
2143,2068
2133,2071
2125,2027
2124,2044
2119,2056
2117,2035
2107,2037
2103,2055
2099,2043
2094,2060
2091,2060
2083,2033
2079,2075
2073,2027
2059,2074
2054,2071
2055,2055
2039,2063
2033,2056
2027,2042
2026,2052
2023,2063
2011,2054
2014,2037
2001,2063
1995,2028
1992,2056
1989,2053
1977,2039
1977,2048
1984,2055
1979,2027
1969,2024
1980,2052
1980,2048
1978,2041
1977,2060
1973,2037
1978,2066
1978,2067
1985,2063
1992,2045
1981,2044
1995,2063
1998,2035
2008,2056
1995,2029
2007,2067
2007,2057
2015,2038
2024,2063
2024,2053
2029,2058
2040,2039
2043,2057
2044,2052
2059,2056
2066,2060
2072,2023
2075,2044
2077,2035
2081,2077
2093,2019
2102,2073
2103,2029
2108,2044
2109,2023
2124,2068
2121,2053
2128,2048
2135,2063
2144,2041
2144,2017
2142,2060
2145,2019
2149,2065
2151,2037
2161,2025
2156,2065
2149,2025
2151,2029
2148,2067
2143,2045
2147,2028
2146,2042
2137,2037
2131,2060
2136,2055
2135,2025
2121,2063
2120,2068
2112,2059
2105,2068
2108,2021
2097,2039
2097,2072
2087,2063
2079,2037
2072,2044
2065,2063
2066,2068
2056,2054
2063,2043
2040,2061
2029,2059
2032,2052
2019,2057
2016,2045
2000,2063
2001,2067
2000,2067
1998,2076
1997,2043
1991,2007
1977,2075
1987,2027
1977,2021
1992,2061
1979,2054
1977,2022
1975,2053
1973,2063
1977,2033
1981,2048
1979,2024
1973,2058
1995,2040
1981,2055
1992,2039
2004,2071
2004,2059
2007,2063
2009,2025
2009,2063
2019,2043
2029,2056
2027,2057
2032,2029
2040,2048
2054,2066
2063,2025
2063,2073
2073,2045
2077,2037
2080,2027
2079,2039
2095,2044
2093,2027
2105,2055
2105,2069
2109,2048
2123,2024
2125,2066
2130,2055
2136,2067
2137,2035
2151,2064
2152,2065
2152,2053
2159,2042
2157,2065
2145,2071
2161,2052
2160,2062
2151,2065
2153,2023
2151,2047
2156,2043
2156,2063
2152,2044
2139,2067
2137,2063
2141,2068
2136,2063
2126,2055
2120,2035
2127,2054
2116,2029
2099,2009
2102,2058
2097,2051
2092,2043
2089,2068
2081,2067
2073,2071
2069,2069
2071,2029
2043,2076
2036,2035
2035,2011
2025,2033
2021,2041
2028,2044
2009,2041
2007,2031
2007,2071
1999,2029
2003,2060
1998,2067
1997,2063
1990,2057
1990,2063
1989,2039
1988,2065
1984,2035
1977,2060
1984,2062
1988,2058
1987,2055
1989,2060
1991,2063
1994,2043
1997,2024
1992,2057
2008,2063
2008,2063
2009,2063
2015,2023
2024,2063
2028,2070
2025,2070
2027,2067
2039,2043
2051,2072
2048,2037
2063,2043
2071,2068
2074,2029
2073,2048
2083,2071
2087,2063
2086,2037
2093,2025
2104,2048
2109,2029
2111,2047
2115,2048
2130,2053
2133,2044
2139,2039
2135,2039
2136,2021
2133,2053
2144,2056
2148,2073
2151,2061
2149,2039
2143,2063
2147,2063
2137,2025
2145,2023
2141,2028
2133,2057
2136,2035
2137,2055
2130,2046
2123,2031
2121,2063
2117,2044
2117,2039
2115,2056
2099,2039
2103,2047
2091,2023
2093,2063
2083,2068
2075,2071
2071,2055
2066,2028
2058,2040
2043,2053
2040,2072
2033,2057
2027,2041
2027,2037
2015,2030
2009,2055
2001,2037
2005,2055
1999,2059
1981,2065
1997,2024
1988,2061
1992,2047
1979,2027
1984,2060
1985,2047
1982,2045
1973,2058
1979,2064
1982,2041
1978,2060
1979,2066
1987,2003
1989,2065
1988,2056
1995,2062
1999,2069
2008,2056
2005,2035
2012,2063
2014,2033
2017,2079
2023,2055
2028,2054
2040,2045
2035,2063
2042,2057
2052,2021
2059,2047
2071,2025
2075,2048
2080,2012
2096,2047
2087,2063
2095,2056
2107,2045
2105,2048
2109,2009
2123,2029
2131,2029
2135,2035
2139,2056
2142,2063
2146,2048
2150,2059
2135,2041
2141,2039
2153,2052
2151,2045
2151,2071
2153,2021
2161,2060
2159,2041
2145,2035
2147,2041
2136,2021
2135,2055
2140,2043
2136,2043
2135,2070
2119,2034
2124,2033
2116,2044
2115,2050
2109,2055
2103,2074
2087,2065
2094,2073
2088,2079
2077,2019
2073,2068
2069,2053
2064,2051
2059,2033
2035,2035
2031,2069
2036,2023
2032,2063
2009,2026
2015,2029
2006,2063
2000,2066
1996,2029
1992,2035
1991,2071
1988,2021
1989,2065
1978,2066
1984,2072
1980,2043
1976,2048
1977,2041
1975,2022
1977,2058
1979,2027
1978,2039
1972,2067
1980,2039
1989,2043
1994,2037
1993,2045
1999,2078
1999,2019
2011,2063
2014,2048
2007,2019
2024,2045
2027,2066
2025,2052
2038,2045
2041,2057
2043,2056
2045,2056
2066,2047
2070,2066
2076,2071
2088,2053
2085,2053
2092,2043
2096,2057
2099,2063
2107,2029
2118,2072
2115,2042
2121,2031
2133,2027
2139,2039
2130,2056
2144,2029
2143,2058
2151,2027
2152,2058
2157,2044
2157,2035
2156,2071
2157,2047
2152,2058
2152,2067
2141,2063
2129,2045
2148,2055
2143,2045
2133,2022
2136,2061
2131,2015
2123,2039
2119,2019
2119,2059
2112,2070
2109,2052
2100,2053
2099,2056
2091,2052
2084,2028
2077,2054
2065,2039
2068,2078
2057,2025
2062,2060
2044,2057
2040,2060
2024,2051
2024,2040
2017,2045
2013,2056
2001,2021
2005,2069
1993,2039
1991,2044
1994,2068
1988,2082
1993,2047
1978,2029
1976,2035
1984,2044
1975,2064
1973,2031
1983,2063
1975,2025
1979,2056
1978,2029
1983,2044
1999,2069
1987,2063
1996,2027
2009,2060
1998,2053
2004,2025
2016,2067
2019,2053
2015,2039
2027,2021
2033,2045
2045,2048
2039,2040
2057,2056
2061,2043
2063,2019
2072,2023
2075,2041
2087,2044
2076,2053
2090,2009
2103,2026
2106,2048
2108,2076
2108,2055
2121,2061
2126,2063
2130,2044
2136,2053
2135,2071
2143,2056
2149,2065
2152,2029
2149,2073
2147,2053
2151,2059
2159,2076
2151,2060
2146,2042
2149,2053
2148,2068
2147,2057
2137,2071
2136,2063
2132,2032
2131,2059
2127,2028
2119,2028
2124,2039
2109,2055
2112,2053
2101,2072
2087,2051
2086,2045
2091,2059
2088,2066
2080,2055
2075,2041
2071,2071
2055,2065
2041,2042
2051,2054
2028,2011
2029,2034
2024,2068
2019,2060
2012,2072
2006,2076
2007,2029
1994,2027
1995,2046
1992,2021
1981,2069
1981,2029
1987,2071
1991,2035
1982,2065
1987,2027
1984,2039
1984,2047
1977,2041
1971,2063
1983,2056
1992,2053
1987,2048
1987,2024
1987,2073
2000,2022
1996,2059
2001,2063
2007,2056
2015,2057
2018,2065
2020,2035
2023,2035
2029,2046
2035,2023
2055,2043
2056,2028
2065,2058
2071,2042
2072,2066
2079,2037
2077,2029
2082,2051
2091,2028
2095,2043
2105,2057
2103,2033
2104,2071
2109,2055
2127,2048
2128,2043
2125,2067
2128,2059
2132,2071
2139,2041
2137,2053
2135,2038
2140,2036
2143,2068
2141,2015
2136,2039
2143,2027
2136,2047
2132,2060
2131,2058
2131,2065
2124,2058
2114,2021
2107,2024
2115,2015
2101,2078
2095,2044
2094,2060
2085,2034
2079,2067
2076,2053
2075,2043
2072,2064
2053,2055
2057,2064
2043,2064
2036,2071
2024,2063
2017,2041
2023,2060
2018,2034
2012,2072
1999,2053
1998,2039
1992,2069
1984,2028
1980,2063
1974,2057
1963,2055
1976,2038
1975,2040
1965,2055
1964,2074
1955,2025
1971,2041
1959,2063
1965,2067
1960,2077
1960,2039
1968,2048
1968,2060
1973,2053
1980,2068
1965,2055
1972,2067
1984,2071
1982,2042
1989,2051
1992,2063
1995,2039
2009,2027
2016,2056
2013,2052
2019,2023
2024,2021
2033,2039
2037,2063
2056,2046
2059,2023
2068,2027
2065,2048
2080,2025
2077,2068
2081,2067
2093,2037
2092,2060
2100,2039
2107,2066
2109,2015
2112,2055
2124,2073
2125,2041
2132,2035
2135,2039
2137,2054
2140,2065
2138,2033
2132,2080
2135,2010
2144,2045
2131,2060
2133,2045
2127,2060
2136,2061
2129,2017
2123,2045
2127,2056
2122,2076
2110,2039
2101,2043
2108,2043
2100,2043
2086,2036
2085,2072
2091,2056
2072,2060
2071,2054
2075,2044
2057,2063
2063,2067
2053,2044
2044,2069
2030,2043
2031,2063
2027,2051
2015,2027
2015,2067
2013,2039
2004,2041
1990,2056
1994,2039
1984,2039
1983,2067
1979,2023
1981,2043
1973,2037
1981,2071
1984,2060
1959,2017
1983,2054
1976,2059
1977,2060
1987,2056
1982,2044
1987,2029
1981,2039
1992,2060
1987,2013
1993,2066
2004,2056
2013,2048
2010,2011
2011,2056
2009,2071
2023,2055
2034,2035
2039,2011
2035,2069
2056,2043
2063,2052
2063,2039
2071,2047
2075,2060
2079,2039
2088,2035
2091,2041
2099,2028
2097,2039
2109,2027
2120,2072
2117,2056
2129,2025
2138,2047
2136,2040
2136,2033
2144,2039
2151,2041
2139,2066
2151,2033
2160,2047
2157,2056
2155,2037
2164,2040
2164,2060
2160,2037
2156,2065
2157,2029
2160,2061
2155,2037
2152,2053
2145,2043
2144,2060
2131,2037
2135,2041
2131,2055
2131,2065
2119,2051
2119,2070
2101,2039
2099,2039
2091,2027
2091,2067
2088,2063
2080,2075
2075,2063
2069,2040
2068,2072
2056,2043
2051,2063
2039,2035
2042,2056
2025,2071
2021,2029
2021,2035
2015,2056
2008,2045
1993,2063
2004,2051
2003,2063
1999,2063
1994,2027
2000,2029
1999,2020
1999,2068
1993,2051
1991,2023
1995,2045
1992,2010
1999,2067
1995,2063
2006,2067
1996,2027
2009,2056
2016,2068
2019,2040
2013,2059
2021,2020
2025,2064
2024,2027
2036,2053
2044,2063
2045,2027
2053,2053
2066,2007
2069,2051
2078,2055
2075,2052
2085,2036
2093,2063
2101,2069
2085,2063
2105,2071
2112,2053
2120,2069
2123,2024
2120,2057
2136,2065
2140,2021
2129,2051
2145,2073
2144,2063
2152,2033
2151,2064
2156,2021
2156,2065
2159,2035
2153,2048
2156,2043
2157,2027
2151,2060
2152,2033
2140,2071
2143,2035
2138,2041
2138,2073
2133,2055
2125,2041
2119,2043
2127,2043
2108,2029
2111,2063
2101,2060
2092,2043
2089,2042
2090,2036
2070,2061
2074,2039
2072,2057
2057,2040
2043,2065
2041,2067
2040,2027
2027,2076
2025,2009
2021,2074
2015,2060
2008,2048
2006,2029
1997,2056
1997,2068
1996,2030
1977,2063
1981,2037
1984,2063
1980,2071
1980,2053
1972,2056
1980,2053
1980,2057
1977,2080
1973,2060
1979,2039
1978,2025
1978,2056
1983,2047
1984,2055
1995,2037
1995,2057
1999,2027
1999,2036
2015,2063
2007,2059
2016,2055
2018,2068
2032,2041
2034,2053
2040,2039
2036,2066
2056,2072
2056,2033
2071,2054
2073,2024
2079,2048
2074,2063
2085,2051
2092,2061
2101,2059
2101,2069
2108,2033
2107,2063
2124,2057
2124,2074
2121,2015
2135,2029
2127,2053
2129,2033
2141,2065
2137,2021
2136,2080
2148,2058
2139,2056
2144,2060
2144,2054
2143,2055
2136,2063
2138,2064
2135,2054
2133,2011
2133,2044
2130,2043
2128,2071
2115,2057
2110,2031
2104,2058
2102,2075
2099,2041
2093,2033
2075,2023
2071,2039
2074,2047
2067,2037
2057,2025
2056,2067
2037,2067
2033,2039
2029,2035
2032,2058
2021,2043
2011,2052
2014,2056
2000,2055
1995,2053
1993,2035
1984,2051
1979,2068
1985,2039
1976,2037
1976,2041
1973,2080
1975,2033
1960,2037
1969,2064
1968,2021
1972,2068
1968,2026
1977,2024
1971,2009
1976,2062
1975,2035
1977,2009
1987,2056
1987,2065
1991,2055
2001,2067
1997,2044
1989,2043
2003,2044
2012,2075
2019,2068
2024,2066
2021,2038
2040,2048
2034,2046
2047,2039
2053,2057
2055,2019
2071,2022
2075,2056
2076,2063
2077,2073
2082,2059
2095,2063
2096,2071
2105,2066
2105,2071
2115,2042
2127,2063
2131,2070
2109,2044
2131,2076
2141,2063
2148,2068
2135,2070
2129,2066
2145,2039
2135,2044
2133,2021
2137,2063
2143,2033
2136,2029
2127,2019
2131,2052
2128,2063
2115,2039
2120,2066
2106,2041
2104,2025
2103,2069
2095,2025
2100,2048
2091,2027
2090,2044
2072,2063
2074,2048
2067,2030
2070,2047
2063,2063
2055,2039
2035,2041
2033,2075
2024,2039
2012,2021
2016,2076
2011,2040
2011,2028
2000,2057
1989,2055
1989,2044
1981,2035
1983,2037
1979,2064
1973,2052
1977,2045
1978,2063
1975,2077
1973,2033
1972,2066
1961,2038
1975,2061
1975,2043
1971,2032
1975,2020
1976,2048
1983,2039
1988,2065
1991,2039
1991,2068
1997,2037
2004,2056
1993,2027
2011,2048
2015,2056
2024,2023
2026,2067
2033,2080
2039,2070
2051,2058
2055,2063
2045,2056
2068,2025
2063,2039
2072,2066
2080,2057
2089,2033
2094,2040
2089,2027
2103,2044
2112,2056
2109,2028
2117,2041
2128,2040
2132,2043
2136,2055
2130,2072
2135,2021
2144,2043
2150,2048
2150,2058
2136,2072
2144,2064
2145,2064
2148,2064
2143,2035
2144,2032
2140,2063
2135,2065
2129,2060
2133,2045
2121,2063
2120,2041
2117,2063
2105,2035
2105,2054
2105,2023
2091,2062
2092,2041
2091,2035
2084,2056
2076,2063
2069,2059
2063,2043
2058,2068
2054,2057
2029,2037
2036,2040
2027,2057
2025,2056
2020,2051
2018,2067
1994,2027
2002,2036
1999,2067
1995,2068
1992,2040
1993,2032
1984,2044
1989,2045
1988,2067
1976,2053
1979,2057
1985,2057
1983,2042
1981,2073
1980,2071
1975,2038
1989,2066
1981,2041
1991,2025
1989,2044
2000,2029
2003,2045
2008,2027
2016,2063
2016,2065
2025,2033
2022,2074
2031,2031
2027,2030
2044,2039
2054,2046
2053,2039
2055,2055
2067,2029
2080,2042
2088,2055
2087,2033
2083,2040
2097,2080
2105,2020
2103,2038
2119,2059
2117,2063
2128,2048
2138,2053
2131,2015
2140,2057
2137,2040
2151,2017
2151,2035
2150,2056
2158,2051
2153,2068
2154,2047
2152,1997
2157,2060
2155,2039
2147,2055
2145,2035
2150,2058
2152,2036
2137,2027
2135,2062
2136,2064
2131,2023
2128,2071
2123,2037
2123,2044
2109,2040
2107,2063
2107,2067
2095,2043
2089,2039
2086,2066
2084,2065
2073,2048
2067,2043
2064,2059
2060,2059
2040,2063
2039,2055
2028,2055
2032,2048
2015,2038
2020,2068
2014,2033
2007,2033
1993,2027
2000,2043
1999,2065
1992,2034
1989,2043
1979,2034
1989,2063
1979,2039
1992,2063
1979,2035
1977,2025
1990,2048
1987,2057
1981,2036
1981,2043
1992,2027
2007,2046
2000,2036
1992,2045
2008,2036
2007,2039
2014,2042
2018,2071
2026,2039
2025,2071
2035,2040
2040,2048
2051,2069
2054,2036
2056,2043
2070,2043
2069,2017
2071,2053
2080,2040
2090,2061
2077,2029
2097,2047
2099,2053
2106,2048
2118,2035
2107,2039
2119,2059
2125,2064
2137,2065
2133,2071
2137,2029
2131,2063
2144,2015
2151,2065
2145,2036
2139,2025
2147,2068
2146,2044
2152,2063
2141,2065
2149,2053
2142,2025
2141,2053
2139,2033
2131,2035
2127,2035
2119,2058
2126,2040
2103,2055
2118,2070
2100,2057
2092,2070
2091,2043
2088,2065
2083,2037
2079,2061
2066,2068
2071,2056
2065,2066
2042,2027
2042,2019
2028,2023
2032,2077
2015,2030
2017,2039
2013,2011
2009,2036
1999,2053
1993,2053
1995,2063
1987,2057
1988,2007
1984,2053
1976,2043
1980,2068
1975,2043
1974,2045
1972,2045
1973,2078
1971,2057
1978,2017
1975,2078
1976,2033
1971,2070
1988,2042
1988,2059
1995,2019
1990,2043
2000,2068
2001,2035
2007,2021
2003,2064
2011,2063
2016,2047
2021,2031
2035,2043
2037,2025
2041,2057
2052,2029
2044,2023
2065,2064
2072,2035
2068,2036
2081,2058
2087,2045
2085,2067
2097,2063
2088,2048
2099,2033
2101,2037
2120,2071
2124,2048
2127,2029
2121,2057
2134,2043
2131,2058
2136,2058
2138,2056
2147,2043
2147,2051
2147,2070
2144,2037
2151,2044
2146,2069
2139,2055
2136,2043
2138,2072
2131,2028
2131,2059
2129,2027
2127,2065
2109,2043
2118,2070
2112,2051
2101,2058
2102,2063
2089,2068
2085,2041
2085,2066
2075,2076
2076,2061
2066,2076
2071,2035
2053,2067
2056,2045
2046,2048
2030,2063
2029,2011
2020,2029
2018,2041
2014,2063
2003,2040
2000,2040
1987,2059
1989,2064
1989,2057
1981,2034
1992,2047
1988,2037
1979,2051
1987,2053
1978,2035
1979,2035
1987,2058
1980,2039
1975,2079
1984,2033
1981,2019
1984,2062
1997,2053
1999,2038
1995,2033
2008,2063
2005,2039
2013,2029
2023,2053
2015,2069
2023,2064
2028,2035
2028,2025
2039,2017
2056,2063
2053,2040
2071,2029
2071,2055
2073,2044
2083,2058
2088,2039
2085,2036
2104,2061
2107,2055
2107,2024
2120,2065
2117,2054
2121,2025
2132,2023
2135,2059
2136,2063
2148,2044
2145,2055
2152,2045
2150,2029
2160,2079
2157,2021
2155,2056
2157,2033
2159,2057
2153,2054
2158,2067
2151,2053
2151,2027
2147,2040
2147,2067
2147,2038
2138,2079
2135,2043
2130,2043
2125,2055
2119,2060
2119,2027
2112,2035
2108,2023
2097,2024
2096,2068
2081,2051
2088,2047
2073,2040
2070,2072
2066,2055
2055,2048
2046,2072
2037,2057
2039,2056
2030,2053
2019,2021
2011,2063
2009,2041
2007,2039
2009,2043
1999,2068
2000,2067
1994,2033
1997,2059
1995,2043
1993,2029
1995,2070
1993,2051
1992,2063
1989,2063
1993,2037
1997,2055
1996,2056
1989,2019
1993,2021
2007,2039
1999,2063
2007,2041
2004,2070
2025,2063
2019,2065
2021,2042
2032,2037
2030,2044
2041,2053
2054,2037
2063,2031
2063,2063
2069,2065
2073,2063
2069,2060
2088,2060
2088,2039
2086,2077
2100,2048
2108,2008
2110,2037
2105,2047
2113,2053
2119,2058
2130,2074
2140,2056
2136,2035
2133,2037
2139,2033
2149,2045
2147,2069
2149,2051
2159,2035
2158,2007
2153,2027
2159,2053
2159,2045
2157,2069
2152,2056
2143,2035
2143,2072
2144,2056
2136,2040
2136,2067
2128,2024
2128,2057
2119,2042
2115,2057
2117,2057
2103,2040
2093,2066
2096,2061
2087,2063
2080,2039
2077,2058
2075,2041
2068,2037
2055,2044
2045,2036
2037,2028
2035,2035
2029,2048
2031,2029
2024,2068
2019,2035
2010,2035
2009,2063
1996,2056
1993,2069
1999,2026
1979,2051
1992,2052
1988,2048
1988,2059
1971,2048
1984,2037
1979,2029
1984,2062
1985,2041
1987,2071
1989,2056
1995,2048
1987,2043
1987,2027
1997,2040
2012,2027
2007,2042
2012,2054
2011,2039
2016,2055
2022,2055
2026,2053
2025,2037
2036,2060
2048,2063
2043,2029
2063,2067
2067,2063
2069,2039
2069,2035
2082,2029
2088,2035
2088,2027
2097,2047
2097,2026
2101,2057
2107,2017
2107,2056
2121,2043
2131,2031
2135,2040
2138,2029
2139,2045
2144,2048
2140,2025
2139,2059
2139,2056
2148,2053
2145,2072
2152,2064
2152,2039
2155,2043
2153,2074
2147,2056
2137,2043
2127,2039
2131,2037
2131,2029
2135,2066
2119,2062
2121,2056
2123,2067
2117,2035
2104,2060
2097,2027
2086,2059
2083,2045
2089,2072
2071,2073
2071,2059
2068,2037
2059,2059
2054,2055
2043,2059
2038,2039
2026,2071
2025,2035
2027,2068
2009,2033
2012,2071
1996,2055
1997,2058
1992,2023
1999,2034
1996,2075
1979,2023
1992,2059
1993,2037
1981,2034
1987,2077
1984,2063
1989,2057
1989,2053
1980,2011
1991,2082
1989,2075
1999,2053
1991,2027
2007,2069
2007,2023
2011,2037
2010,2039
2011,2071
2024,2072
2023,2038
2029,2046
2045,2048
2043,2067
2044,2076
2064,2060
2069,2063
2068,2027
2076,2066
2074,2023
2080,2047
2096,2048
2100,2056
2103,2070
2110,2068
2112,2065
2120,2056
2126,2040
2135,2063
2123,2036
2137,2010
2149,2043
2149,2039
2150,2041
2147,2071
2156,2059
2156,2063
2155,2035
2155,2066
2159,2027
2152,2040
2155,2045
2155,2034
2159,2070
2150,2056
2141,2023
2149,2076
2141,2039
2131,2035
2131,2040
2129,2058
2121,2066
2124,2045
2104,2067
2103,2034
2101,2034
2099,2055
2088,2033
2083,2022
2071,2060
2072,2059
2070,2065
2057,2043
2048,2063
2041,2024
2039,2066
2024,2025
2028,2023
2017,2039
2008,2063
2007,2057
2007,2025
1999,2056
2001,2071
1996,2059
1992,2041
1976,2028
1993,2029
1979,2030
1990,2063
1989,2053
1982,2041
1984,2041
1971,2063
1984,2069
1992,2054
1985,2017
1997,2072
1987,2021
1997,2071
2005,2040
2010,2067
2011,2066
2009,2025
2016,2053
2024,2072
2025,2041
2032,2056
2030,2024
2037,2077
2053,2033
2055,2080
2070,2048
2068,2039
2082,2074
2073,2055
2083,2058
2092,2056
2088,2056
2099,2019
2099,2065
2103,2039
2112,2045
2128,2044
2128,2071
2132,2077
2131,2025
2131,2041
2140,2063
2145,2082
2146,2028
2137,2071
2146,2056
2150,2057
2143,2035
2146,2056
2135,2065
2136,2053
2125,2024
2131,2053
2131,2043
2136,2059
2123,2058
2116,2063
2115,2045
2120,2043
2103,2025
2106,2075
2103,2044
2084,2035
2088,2064
2080,2039
2075,2060
2069,2058
2065,2042
2045,2041
2040,2058
2040,2055
2033,2072
2021,2063
2025,2071
2008,2039
2008,2044
2002,2063
1998,2051
1993,2079
1995,2027
1989,2067
1989,2073
1976,2024
1971,2051
1975,2063
1977,2035
1973,2053
1978,2053
1976,2064
1976,2067
1976,2029
1979,2047
1972,2051
1978,2077
1975,2030
1991,2047
1994,2041
1997,2033
1991,2039
2002,2064
1996,2039
2005,2039
2013,2053
2015,2048
2029,2039
2027,2032
2036,2055
2043,2039
2046,2023
2051,2074
2063,2043
2067,2038
2066,2043
2072,2027
2088,2056
2092,2065
2091,2039
2104,2057
2103,2054
2107,2040
2116,2064
2126,2068
2131,2059
2120,2063
2132,2033
2135,2028
2141,2051
2145,2044
2139,2055
2137,2015
2143,2042
2137,2041
2145,2037
2150,2045
2139,2055
2135,2035
2129,2055
2136,2057
2131,2058
2128,2073
2119,2056
2123,2068
2099,2042
2106,2037
2103,2041
2093,2051
2096,2033
2088,2041
2080,2059
2076,2031
2073,2063
2059,2028
2057,2072
2052,2041
2044,2066
2039,2043
2021,2037
2025,2057
2025,2042
2016,2072
2005,2037
2011,2066
2000,2053
1987,2035
1995,2071
1993,2063
1983,2067
1987,2053
1981,2025
1971,2072
1982,2057
1975,2068
1975,2029
1981,2059
1984,2056
1985,2044
1984,2042
1982,2048
1992,2070
1987,2042
1992,2058
2001,2043
1997,2059
2010,2046
2017,2065
2009,2023
2024,2047
2019,2044
2039,2055
2037,2064
2036,2067
2045,2023
2060,2036
2057,2043
2063,2071
2077,2041
2079,2024
2084,2015
2085,2009
2097,2055
2098,2055
2109,2043
2112,2068
2107,2029
2125,2063
2129,2068
2123,2035
2132,2055
2141,2054
2136,2058
2143,2033
2144,2063
2149,2053
2139,2040
2148,2050
2133,2065
2151,2062
2144,2042
2141,2065
2137,2039
2129,2064
2136,2063
2131,2066
2119,2037
2119,2063
2120,2061
2112,2066
2108,2066
2096,2070
2089,2025
2088,2039
2087,2026
2080,2027
2079,2059
2065,2063
2063,2029
2053,2048
2039,2021
2038,2047
2031,2047
2015,2015
2017,2072
2016,2055
2007,2056
2002,2055
1995,2055
1979,2021
1977,2015
1976,2039
1982,2044
1978,2064
1977,2055
1971,2039
1971,2056
1971,2060
1972,2030
1963,2058
1964,2055
1967,2066
1971,2018
1963,2025
1977,2041
1978,2012
1975,2025
1975,2029
1978,2041
1996,2031
1994,2058
2000,2064
2004,2063
2010,2066
2013,2059
2017,2035
2025,2040
2023,2063
2029,2066
2038,2055
2056,2060
2055,2027
2054,2028
2068,2047
2072,2023
2079,2071
2089,2051
2087,2045
2096,2066
2097,2056
2103,2063
2111,2043
2112,2031
2124,2065
2120,2052
2123,2039
2137,2059
2135,2043
2144,2062
2131,2063
2136,2035
2142,2035
2137,2039
2142,2056
2129,2051
2135,2037
2136,2067
2135,2044
2127,2054
2115,2057
2115,2055
2119,2056
2109,2028
2107,2084
2103,2035
2094,2046
2091,2041
2089,2056
2087,2068
2084,2064
2075,2048
2063,2037
2068,2043
2041,2029
2056,2040
2040,2048
2028,2059
2019,2043
2024,2043
2010,2057
2007,2063
2003,2039
2005,2072
1992,2045
1992,2033
1990,2055
1979,2078
1975,2030
1976,2035
1977,2056
1976,2040
1976,2044
1976,2059
1976,2043
1973,2022
1973,2063
1973,2033
1977,2044
1978,2063
1984,2068
1988,2046
1984,2046
1992,2045
1996,2039
2005,2053
2005,2045
2012,2041
2016,2043
2011,2055
2023,2037
2028,2068
2028,2045
2035,2039
2039,2079
2055,2052
2068,2053
2071,2036
2067,2029
2083,2058
2088,2027
2088,2033
2096,2076
2103,2058
2105,2042
2115,2029
2123,2035
2119,2072
2121,2068
2133,2024
2135,2037
2135,2039
2138,2067
2144,2068
2151,2059
2144,2067
2147,2063
2145,2027
2139,2019
2144,2057
2139,2056
2147,2051
2146,2063
2139,2044
2120,2011
2133,2054
2122,2054
2129,2037
2117,2065
2119,2022
2105,2077
2104,2072
2097,2033
2087,2033
2081,2011
2091,2069
2073,2063
2063,2060
2075,2066
2062,2041
2054,2068
2041,2035
2041,2067
2035,2042
2028,2040
2015,2035
2020,2062
2001,2027
1995,2072
1997,2056
2000,2069
1992,2041
1981,2028
1992,2025
1979,2071
1976,2041
1982,2057
1974,2003
1980,2067
1979,2056
1973,2042
1987,2060
1987,2041
1980,2039
1979,2039
1989,2028
1992,2066
1994,2043
1999,2051
2000,2063
2007,2043
2010,2035
2014,2035
2019,2039
2028,2076
2033,2057
2035,2040
2046,2079
2055,2063
2056,2033
2060,2041
2067,2066
2069,2066
2071,2019
2093,2056
2091,2037
2097,2041
2099,2033
2107,2060
2120,2071
2111,2041
2123,2040
2127,2025
2133,2043
2129,2039
2131,2063
2139,2041
2135,2056
2143,2031
2150,2015
2145,2043
2141,2024
2151,2045
2148,2072
2137,2068
2141,2071
2136,2069
2129,2077
2135,2041
2121,2065
2121,2041
2117,2052
2113,2077
2106,2056
2099,2027
2105,2056
2088,2045
2092,2071
2081,2055
2073,2054
2071,2053
2065,2035
2055,2053
2037,2055
2037,2063
2036,2067
2026,2051
2021,2068
2010,2057
2010,2072
2008,2063
2001,2056
1996,2051
1978,2056
1990,2065
1978,2063
1977,2076
1971,2045
1975,2056
1972,2023
1961,2058
1960,2057
1963,2019
1968,2046
1969,2041
1961,2043
1961,2063
1971,2059
1966,2027
1976,2037
1975,2070
1973,2023
1981,2060
1984,2041
1993,2058
1991,2044
1996,2033
2003,2063
2005,2064
2021,2068
2013,2033
2025,2063
2027,2065
2038,2043
2041,2068
2056,2011
2059,2037
2063,2043
2065,2040
2076,2039
2083,2043
2091,2063
2095,2053
2095,2068
2104,2056
2105,2069
2112,2035
2115,2053
2121,2043
2131,2045
2131,2040
2125,2021
2135,2055
2140,2059
2139,2072
2139,2053
2135,2019
2135,2054
2140,2058
2131,2055
2125,2045
2127,2066
2125,2028
2123,2026
2120,2040
2116,2035
2108,2042
2106,2052
2099,2072
2088,2066
2089,2041
2089,2047
2080,2037
2073,2033
2073,2056
2067,2027
2063,2067
2053,2057
2041,2037
2038,2042
2023,2034
2028,2037
2024,2062
2007,2053
2005,2044
2000,2048
1992,2035
1992,2048
1977,2021
1984,2040
1975,2043
1976,2043
1979,2067
1973,2041
1969,2039
1966,2037
1965,2045
1968,2056
1969,2059
1971,2031
1972,2029
1973,2063
1975,2053
1969,2053
1980,2055
1984,2066
1986,2035
1995,2023
1995,2042
2001,2063
2009,2059
2013,2035
2009,2045
2023,2055
2019,2059
2032,2056
2039,2032
2041,2055
2056,2040
2055,2047
2068,2021
2075,2075
2071,2056
2080,2041
2087,2051
2095,2063
2097,2022
2103,2058
2108,2063
2107,2040
2119,2019
2128,2059
2133,2064
2125,2035
2139,2036
2137,2038
2135,2056
2146,2064
2148,2003
2148,2064
2139,2066
2144,2066
2145,2033
2155,2067
2145,2045
2137,2028
2129,2073
2135,2039
2135,2055
2128,2037
2121,2043
2107,2063
2112,2047
2098,2025
2105,2056
2099,2068
2081,2045
2083,2053
2080,2075
2077,2035
2071,2043
2071,2071
2060,2031
2053,2039
2029,2066
2040,2068
2025,2053
2023,2056
2020,2075
2015,2067
2007,2025
2001,2037
1997,2059
1995,2041
1987,2031
1979,2045
1987,2021
1987,2068
1984,2055
1984,2069
1982,2032
1982,2031
1985,2037
1977,2062
1978,2052
1978,2017
1986,2063
1992,2067
1993,2065
2001,2063
1999,2054
2006,2040
2003,2057
2007,2058
2011,2028
2015,2048
2025,2071
2031,2055
2035,2071
2037,2028
2054,2035
2053,2008
2063,2036
2067,2045
2073,2048
2080,2015
2087,2043
2087,2058
2095,2066
2100,2015
2099,2011
2103,2037
2107,2035
2126,2055
2121,2020
2131,2072
2132,2027
2133,2041
2136,2041
2144,2045
2152,2039
2148,2069
2152,2053
2147,2068
2141,2067
2149,2055
2145,2073
2152,2057
2147,2041
2143,2063
2144,2063
2137,2017
2136,2023
2121,2053
2125,2063
2123,2073
2115,2036
2115,2045
2111,2040
2089,2025
2095,2075
2092,2070
2080,2011
2063,2069
2072,2039
2063,2035
2064,2053
2055,2055
2038,2078
2034,2055
2033,2051
2031,2064
2025,2042
2011,2037
2011,2063
2004,2077
1999,2019
1995,2053
2001,2053
1991,2066
1984,2044
1984,2070
1984,2052
1976,2067
1979,2048
1979,2063
1984,2067
1981,2070
1979,2033
1987,2052
1989,2043
1987,2056
1995,2057
2001,2066
1987,2055
1999,2040
2000,2041
2008,2059
2008,2040
2017,2045
2017,2053
2029,2063
2031,2056
2029,2033
2027,2064
2048,2063
2066,2068
2063,2042
2071,2053
2075,2037
2077,2021
2091,2019
2088,2048
2099,2053
2095,2063
2111,2069
2120,2071
2120,2039
2121,2063
2128,2040
2129,2028
2139,2043
2143,2061
2144,2058
2152,2056
2152,2034
2145,2068
2154,2069
2143,2063
2148,2044
2145,2048
2149,2029
2152,2043
2137,2032
2141,2045
2143,2040
2136,2044
2137,2039
2132,2041
2129,2065
2121,2035
2116,2035
2108,2066
2104,2037
2094,2023
2088,2072
2076,2058
2088,2074
2075,2071
2067,2029
2063,2069
2063,2038
2054,2030
2040,2037
2032,2021
2019,2071
2024,2068
2017,2057
2016,2056
2016,2055
2004,2043
2000,2044
1991,2035
1994,2065
1987,2064
1980,2055
1984,2056
1981,2027
1978,2051
1981,2063
1981,2029
1991,2079
1977,2037
1979,2048
1984,2026
1989,2042
1991,2063
1981,2027
2007,2057
2000,2066
2008,2056
2005,2066
2016,2056
2019,2068
2023,2059
2033,2040
2036,2056
2043,2055
2052,2040
2056,2072
2044,2068
2063,2023
2077,2063
2073,2073
2085,2058
2097,2044
2096,2042
2099,2027
2107,2070
2105,2057
2120,2056
2119,2053
2130,2043
2135,2056
2135,2047
2143,2031
2147,2063
2140,2064
2152,2023
2143,2040
2156,2066
2147,2023
2155,2046
2153,2054
2156,2035
2151,2039
2153,2058
2152,2036
2147,2027
2139,2067
2139,2044
2137,2063
2138,2060
2121,2033
2123,2055
2124,2041
2107,2063
2112,2020
2104,2042
2097,2073
2098,2063
2089,2039
2077,2063
2071,2039
2068,2027
2057,2027
2044,2063
2053,2072
2043,2057
2027,2039
2028,2037
2020,2029
2016,2068
2012,2055
2010,2038
2007,2033
2003,2029
1983,2023
1990,2040
1990,2020
1991,2068
1992,2059
1984,2068
1984,2079
1988,2068
1980,2062
1992,2051
1987,2033
1998,2052
1993,2035
1993,2019
2003,2019
2003,2065
1999,2071
2006,2035
2013,2063
2019,2057
2022,2068
2024,2068
2032,2051
2026,2039
2030,2035
2044,2043
2058,2041
2063,2029
2068,2076
2077,2056
2073,2019
2075,2051
2095,2039
2097,2043
2104,2067
2104,2063
2105,2040
2119,2043
2123,2043
2131,2064
2135,2057
2137,2053
2141,2048
2140,2043
2147,2055
2152,2055
2152,2023
2155,2051
2158,2069
2155,2019
2153,2044
2156,2043
2151,2056
2145,2076
2153,2061
2139,2058
2146,2023
2132,2063
2136,2057
2129,2041
2127,2063
2125,2043
2121,2038
2112,2020
2103,2060
2104,2040
2088,2017
2088,2069
2086,2060
2083,2071
2075,2056
2059,2011
2060,2066
2055,2055
2037,2051
2039,2063
2036,2080
2024,2025
2024,2063
2016,2052
2001,2057
2010,2058
2001,2039
1995,2033
1985,2046
1979,2071
1994,2063
1995,2060
1976,2033
1980,2017
1975,2035
1987,2073
1982,2063
1978,2039
1980,2039
1982,2033
1980,2054
1993,2063
1993,2021
1984,2036
2001,2071
2004,2035
2001,2041
2010,2036
2011,2043
2011,2037
2025,2039
2027,2054
2037,2063
2031,2031
2043,2065
2058,2058
2060,2036
2068,2067
2071,2035
2073,2046
2085,2026
2092,2047
2098,2035
2101,2060
2107,2071
2105,2034
2112,2058
2117,2035
2123,2058
2135,2039
2131,2023
2143,2058
2146,2024
2147,2033
2147,2070
2146,2053
2153,2051
2151,2029
2147,2040
2156,2063
2152,2037
2152,2027
2147,2033
2153,2060
2146,2044
2135,2027
2142,2065
2139,2060
2135,2055
2129,2035
2122,2047
2123,2041
2112,2056
2105,2055
2100,2072
2095,2062
2096,2060
2080,2042
2082,2067
2076,2059
2057,2037
2059,2033
2043,2037
2041,2043
2032,2073
2032,2056
2029,2063
2019,2035
2011,2041
2003,2033
1997,2051
2007,2056
1989,2034
1998,2068
1994,2048
1980,2028
1996,2063
1991,2048
1992,2074
1990,2060
1988,2067
1992,2072
1984,2055
1992,2063
1991,2047
1991,2035
1987,2069
2000,2063
2001,2059
1999,2055
2010,2042
2005,2024
2019,2037
2024,2052
2027,2021
2035,2067
2039,2044
2046,2057
2035,2056
2060,2065
2071,2055
2070,2056
2079,2040
2081,2039
2087,2032
2097,2046
2096,2056
2105,2046
2109,2069
2109,2043
2117,2051
2128,2048
2129,2023
2141,2063
2138,2043
2140,2063
2149,2027
2151,2035
2153,2030
2159,2063
2155,2069
2155,2039
2161,2055
2155,2045
2153,2073
2162,2035
2157,2076
2156,2035
2152,2062
2144,2070
2136,2035
2137,2040
2140,2021
2136,2056
2131,2022
2119,2068
2123,2028
2104,2053
2108,2043
2103,2021
2088,2045
2093,2041
2083,2056
2071,2035
2075,2051
2069,2039
2057,2041
2041,2033
2039,2066
2040,2068
2030,2080
2030,2043
2013,2056
2018,2028
2005,2033
1993,2030
2001,2057
1999,2067
1990,2044
1991,2043
1995,2020
1996,2066
1991,2046
1981,2025
1987,2045
1993,2064
1993,2040
1987,2072
1992,2051
1992,2043
1996,2044
1991,2023
2003,2080
2003,2072
2008,2063
2001,2055
2009,2048
2016,2041
2024,2073
2027,2052
2023,2057
2035,2043
2041,2047
2052,2042
2056,2065
2057,2063
2070,2039
2076,2066
2083,2017
2085,2040
2092,2027
2096,2045
2098,2063
2104,2076
2110,2063
2118,2040
2135,2035
2131,2044
2133,2055
2141,2063
2141,2049
2144,2037
2148,2045
2156,2063
2147,2072
2155,2062
2155,2053
2149,2065
2151,2063
2152,2027
2150,2024
2141,2055
2137,2033
2145,2041
2135,2073
2136,2043
2129,2040
2124,2035
2103,2045
2118,2056
2104,2042
2108,2063
2099,2055
2107,2064
2079,2037
2080,2056
2073,2063
2072,2056
2069,2037
2057,2041
2037,2044
2041,2055
2025,2056
2026,2048
2033,2045
2024,2063
2013,2043
1993,2059
2003,2065
1996,2068
1987,2043
1982,2063
1997,2043
1989,2063
1985,2056
1979,2027
1978,2076
1979,2065
1972,2041
1971,2037
1982,2069
1979,2025
1986,2047
1985,2065
1984,2071
1989,2067
1987,2072
1997,2039
2001,2044
2006,2048
2016,2055
2011,2040
2020,2060
2021,2052
2032,2066
2029,2021
2039,2029
2054,2071
2065,2066
2063,2043
2067,2067
2074,2042
2084,2025
2083,2055
2087,2060
2104,2079
2101,2063
2099,2019
2112,2037
2124,2054
2121,2045
2123,2037
2133,2039
2133,2037
2140,2045
2139,2063
2150,2067
2153,2068
2156,2061
2149,2042
2162,2021
2157,2017
2153,2037
2159,2073
2150,2061
2151,2068
2154,2041
2143,2065
2143,2029
2138,2037
2129,2065
2136,2043
2129,2037
2119,2064
2122,2039
2119,2035
2110,2046
2107,2035
2091,2056
2094,2039
2088,2067
2079,2060
2076,2043
2071,2053
2066,2075
2057,2053
2043,2056
2039,2043
2036,2033
2023,2037
2021,2056
2007,2067
2005,2017
2012,2059
2003,2073
1999,2053
1992,2041
1995,2076
1993,2057
1995,2063
1977,2030
1976,2040
1975,2028
1984,2040
1985,2060
1990,2038
1989,2036
1989,2045
1984,2066
1997,2063
1999,2055
2005,2023
2005,2040
2003,2031
2016,2043
2007,2035
2023,2011
2017,2084
2031,2045
2030,2060
2036,2044
2041,2037
2043,2039
2065,2040
2067,2022
2075,2065
2078,2058
2084,2035
2087,2063
2087,2029
2096,2021
2100,2063
2105,2067
2107,2053
2109,2024
2118,2055
2123,2037
2136,2019
2137,2066
2136,2059
2139,2024
2143,2065
2144,2056
2152,2057
2143,2023
2156,2009
2149,2037
2151,2059
2145,2037
2144,2055
2135,2063
2135,2055
2136,2037
2136,2039
2128,2041
2121,2019
2123,2065
2120,2077
2105,2011
2097,2068
2091,2063
2100,2063
2083,2061
2088,2019
2075,2055
2073,2043
2057,2066
2063,2041
2045,2029
2035,2051
2028,2056
2029,2037
2019,2027
2013,2063
2016,2068
2004,2053
2001,2052
1994,2054
1992,2040
1981,2037
1977,2051
1977,2040
1976,2064
1979,2060
1976,2064
1965,2069
1973,2060
1974,2052
1971,2046
1972,2056
1965,2035
1973,2064
1979,2021
1976,2052
1973,2019
1979,2066
1988,2059
1990,2035
1999,2072
1993,2065
1991,2033
2005,2012
2015,2059
2007,2039
2019,2043
2033,2064
2036,2051
2043,2036
2053,2041
2045,2023
2063,2072
2065,2017
2071,2072
2080,2021
2081,2073
2075,2040
2091,2075
2091,1969
2100,2107
2107,1960
2116,2128
2112,2005
2117,1971
2120,1903
2121,2265
2135,2227
2137,1676
2117,2125
2143,2156
2145,2016
2119,2164
2131,1923
2172,1909
2101,2055
2120,2041
2156,2216
2103,2031
2135,2066
2123,2073
2108,2074
2109,2088
2091,1900
2106,2056
2090,2053
2081,1953
2083,2189
2066,2067
2072,1927
2065,2073
2055,2151
2065,2114
2044,2008
2040,2056
2024,2041
2027,2041
2017,2054
2016,2003
2011,2115
2005,1987
2000,2035
1997,2100
1988,2040
1985,2135
1973,1999
1976,2097
1977,2040
1962,1976
1965,2132
1963,1991
1960,2032
1976,2096
1965,1979
1968,2063
1959,1996
1963,2036
1965,2103
1968,2084
1969,2027
1983,1955
1987,2116
1965,1963
1992,2043
1992,2122
1995,1978
2010,2153
2004,2077
2014,2016
2017,1974
2019,1995
2029,2136
2023,2003
2033,2152
2055,2037
2039,1992
2072,2063
2065,2005
2063,2033
2087,2074
2072,2033
2079,2032
2103,2108
2090,2023
2104,2033
2120,2111
2123,2001
2109,2016
2131,2145
2135,2029
2119,2056
2147,2059
2137,1956
2136,2121
2151,1999
2139,2081
2146,1991
2149,1955
2141,2063
2135,2063
2133,2063
2140,2039
2129,1998
2140,2088
2136,1995
2119,2078
2125,2065
2117,2024
2115,2095
2107,2027
2093,2057
2104,2096
2089,1973
2081,2004
2086,2096
2072,2029
2072,2055
2066,2066
2056,2001
2043,2020
2040,2087
2032,2041
2033,2011
2024,2030
2013,2065
2020,2092
2001,2099
2008,2056
2003,2004
1988,2088
1995,1999
1975,2031
1982,2076
1987,2047
1971,2030
1980,2064
1977,2063
1969,2073
1982,2047
1973,2019
1969,2039
1977,2029
1975,2045
1979,2048
1975,2063
1988,1995
1981,2035
1988,2014
1999,2093
2004,2068
2007,2017
1999,2010
2016,2013
2024,2034
2019,2041
2035,2007
2033,2040
2040,2067
2056,2023
2048,2074
2065,2042
2071,2030
2072,2025
2081,2010
2068,2078
2091,2076
2091,2040
2096,2096
2107,2048
2103,2074
2117,2069
2119,2020
2127,2078
2127,2027
2129,2067
2139,2053
2134,2029
2144,2092
2143,2019
2151,2042
2146,2060
2138,2040
2139,2037
2143,2075
2143,2040
2139,2090
2125,2063
2133,2017
2130,2060
2132,2063
2127,2043
2109,2024
2120,2057
2109,2073
2101,2033
2108,2044
2099,2036
2083,2039
2080,2043
2080,2035
2072,2088
2067,2068
2057,2043
2047,2077
2033,2015
2032,2048
2015,2069
2025,2067
2023,2012
2008,2041
2007,2039
1990,2057
1992,2070
1997,2019
1987,2063
1976,2031
1976,2076
1976,2069
1976,2028
1976,2068
1970,2044
1968,2039
1964,2042
1963,2053
1963,2033
1977,2073
1964,2033
1974,2023
1975,2033
1975,2088
1978,2033
1984,2041
1987,2057
1989,2023
2000,2074
2003,2051
2012,2037
2003,2036
2009,1999
2019,2020
2021,2051
2027,2012
2035,2055
2042,2033
2057,2065
2055,2043
2066,2007
2074,2072
2079,2029
2071,2058
2084,2064
2093,2024
2091,2074
2107,2047
2112,2035
2104,2035
2120,2027
2126,2045
2121,2069
2133,2053
2129,2065
2133,2070
2135,2015
2139,2038
2146,2021
2147,2055
2131,2077
2124,2043
2129,2039
2133,2063
2139,2028
2129,2039
2117,2044
2115,2027
2106,2077
2115,2069
2114,2017
2097,2041
2092,2057
2099,2053
2089,2029
2081,2073
2076,2027
2074,2067
2072,2037
2057,2023
2053,2079
2043,2046
2042,2041
2033,2061
2031,2037
2021,2078
2007,2068
2010,2040
2011,2065
1994,2043
1989,2072
1993,2063
1978,2072
1984,2055
1982,2066
1972,2007
1981,2045
1973,2067
1976,2063
1971,2033
1976,2060
1968,2061
1973,2057
1965,2076
1975,2069
1969,2054
1977,2020
1981,2057
1981,2024
1992,2080
1998,2018
1995,2040
2003,2076
2004,2055
2015,2029
2015,2055
2015,2059
2025,2056
2039,2047
2035,2052
2038,2072
2040,2044
2058,2051
2068,2039
2072,2045
2080,2056
2084,2027
2089,2067
2096,2042
2093,2047
2107,2056
2110,2080
2112,2038
2128,2075
2125,2059
2129,2028
2133,2056
2135,2063
2145,2027
2143,2065
2148,2072
2153,2023
2151,2058
2154,2043
2143,2025
2144,2063
2138,2023
2135,2057
2144,2036
2137,2019
2137,2064
2133,2073
2131,2051
2130,2029
2125,2045
2109,2027
2111,2055
2107,2041
2096,2036
2094,2068
2091,2057
2088,2080
2089,2068
2076,2030
2063,2039
2063,2044
2056,2055
2043,2038
2037,2058
2021,2065
2031,2037
2021,2080
2020,2045
2012,2039
1992,2055
2001,2063
2001,2053
1993,2046
1992,2044
1996,2056
1979,2054
1981,2063
1981,2026
1988,2067
1980,2063
1980,2039
1975,2051
1987,2063
1988,2019
1990,2067
1992,2045
1994,2030
2000,2047
2002,2055
2008,2057
2003,2037
2009,2059
2007,2043
2023,2067
2023,2063
2033,2064
2028,2068
2037,2053
2048,2025
2054,2067
2061,2071
2068,2044
2074,2071
2076,2062
2081,2027
2083,2033
2089,2033
2096,2066
2101,2039
2108,2040
2111,2065
2120,2068
2123,2028
2131,2056
2134,2063
2139,2039
2139,2047
2141,2055
2151,2029
2149,2029
2145,2037
2156,2071
2137,2053
2153,2040
2155,2045
2143,2060
2151,2027
2147,2062
2145,2034
2138,2042
2133,2047
2139,2035
2130,2042
2117,2019
2119,2063
2115,2043
2103,2063
2101,2043
2098,2072
2096,2027
2088,2021
2079,2066
2076,2068
2075,2053
2069,2066
2059,2045
2039,2025
2044,2057
2027,2019
2021,2027
2027,2025
2023,2063
2011,2045
2003,2058
2004,2055
1998,2063
1995,2064
1992,2038
1975,2027
1988,2068
1989,2068
1981,2043
1975,2029
1975,2045
1972,2021
1979,2039
1977,2075
1973,2065
1980,2031
1977,2043
1990,2029
1988,2042
1992,2019
2001,2071
2003,2047
2001,2071
1996,2031
2019,2067
2015,2029
2023,2043
2018,2025
2028,2063
2029,2023
2039,2069
2044,2036
2055,2040
2067,2019
2075,2053
2071,2066
2069,2021
2089,2051
2094,2066
2089,2035
2104,2037
2111,2063
2109,2015
2109,2047
2125,2044
2132,2063
2132,2048
2131,2054
2139,2043
2147,2029
2147,2021
2156,2047
2151,2070
2158,2075
2145,2037
2149,2052
2147,2057
2150,2039
2149,2067
2143,2030
2135,2004
2134,2034
2136,2056
2120,2025
2130,2045
2130,2041
2107,2036
2112,2035
2099,2029
2102,2055
2096,2042
2086,2019
2083,2066
2080,2056
2063,2029
2069,2040
2063,2044
2058,2072
2052,2070
2028,2023
2028,2078
2023,2024
2022,2080
2014,2073
2005,2057
2003,2070
1996,2036
2000,2066
1995,2035
1991,2043
1987,2058
1981,2029
1979,2033
1984,2061
1984,2067
1981,2027
1985,2029
1986,2065
1982,2040
1989,2069
1993,2043
1986,2060
1999,2029
1995,2041
1995,2042
2008,2047
2012,2044
2015,2040
2025,2056
2023,2071
2025,2043
2033,2044
2039,2039
2048,2058
2053,2068
2055,2085
2065,2058
2072,2046
2080,2059
2088,2017
2089,2069
2100,2072
2096,2043
2103,2041
2111,2067
2123,2011
2129,2025
2129,2045
2129,2058
2145,2063
2137,2019
2143,2041
2143,2063
2151,2063
2152,2073
2151,2029
2156,2047
2164,2056
2159,2055
2159,2029
2151,2071
2151,2058
2156,2064
2156,2037
2143,2023
2147,2043
2135,2053
2129,2069
2136,2057
2131,2067
2117,2023
2116,2018
2112,2045
2103,2045
2104,2033
2093,2056
2087,2040
2085,2039
2071,2039
2077,2058
2063,2071
2043,2071
2056,2046
2037,2035
2035,2066
2023,2039
2025,2035
2024,2062
2017,2069
2008,2048
1995,2053
2000,2021
1991,2024
1996,2071
1984,2063
1980,2070
1990,2021
1988,2053
1976,2037
1973,2080
1983,2057
1979,2067
1979,2063
1981,2062
1981,2051
1975,2029
1997,2048
1995,2033
1989,2067
2000,2044
2004,2069
2008,2059
2005,2063
2011,2063
2016,2033
2021,2066
2029,2028
2035,2040
2040,2046
2041,2037
2055,2063
2056,2067
2072,2063
2073,2021
2077,2053
2086,2060
2083,2065
2087,2052
2085,2029
2099,2069
2100,2027
2115,2025
2116,2043
2128,2041
2134,2027
2139,2063
2133,2039
2144,2033
2143,2057
2148,2053
2143,2042
2152,2060
2145,2068
2144,2044
2146,2072
2137,2021
2141,2053
2139,2053
2129,2025
2136,2063
2131,2063
2118,2055
2123,2056
2120,2058
2114,2031
2111,2055
2100,2037
2103,2057
2097,2061
2097,2057
2083,2053
2080,2023
2075,2041
2059,2040
2063,2030
2041,2029
2043,2057
2043,2080
2027,2063
2020,2072
2024,2066
2012,2040
2013,2042
2007,2063
2000,2058
1996,2069
1996,2067
1995,2073
1980,2033
1977,2043
1987,2054
1977,2067
1979,2040
1979,2045
1987,2072
1966,2053
1975,2035
1975,2053
1975,2053
1987,2066
1982,2053
1995,2057
1991,2062
1993,2059
1991,2063
2003,2011
2005,2080
2012,2068
2016,2056
2024,2021
2021,2035
2032,2056
2029,2037
2051,2013
2056,2072
2055,2025
2068,2071
2072,2009
2073,2065
2080,2063
2087,2065
2096,2065
2089,2064
2103,2053
2107,2043
2115,2068
2124,2055
2124,2048
2136,2076
2133,2021
2139,2041
2140,2055
2146,2076
2137,2071
2151,2041
2145,2053
2152,2064
2149,2039
2152,2039
2139,2055
2144,2039
2143,2063
2143,2066
2142,2061
2137,2024
2136,2038
2123,2067
2127,2074
2120,2043
2109,2063
2112,2074
2105,2039
2101,2060
2100,2064
2089,2021
2079,2068
2084,2025
2068,2055
2066,2048
2063,2052
2042,2055
2043,2044
2033,2015
2035,2047
2026,2065
2024,2056
2024,2053
2001,2037
1996,2048
2000,2061
2001,2057
1996,2041
1990,2053
1992,2061
1992,2069
1981,2015
1987,2056
1984,2053
1980,2068
1979,2068
1989,2056
1987,2063
1979,2033
1988,2044
1980,2044
1996,2063
2000,2067
1997,2063
2011,2052
2016,2053
2014,2028
2019,2063
2021,2043
2026,2015
2035,2072
2043,2067
2038,2033
2040,2072
2065,2043
2063,2044
2071,2035
2071,2030
2075,2036
2094,2039
2089,2029
2103,2037
2099,2037
2105,2060
2111,2053
2120,2056
2123,2027
2136,2060
2135,2064
2136,2042
2145,2058
2137,2029
2147,2057
2155,2041
2156,2065
2157,2035
2147,2071
2149,2072
2153,2021
2149,2070
2149,2059
2149,2076
2145,2063
2143,2041
2139,2046
2135,2074
2135,2070
2131,2073
2127,2057
2115,2056
2109,2053
2105,2036
2106,2037
2091,2045
2089,2072
2080,2053
2080,2043
2067,2039
2063,2055
2056,2063
2045,2063
2037,2043
2040,2075
2027,2051
2035,2045
2020,2048
2005,2022
2010,2043
2003,2023
2003,2065
1996,2076
1989,2053
1988,2066
1982,2039
1992,2072
1976,2023
1976,2058
1965,2025
1965,2042
1964,2053
1976,2040
1976,2064
1971,2029
1982,2064
1988,2064
1984,2035
1988,2056
1994,2025
1995,2048
1992,2052
2001,2045
2008,2080
2007,2043
2012,2037
2015,2044
2031,2045
2023,2051
2028,2057
2053,2067
2048,2048
2063,2066
2066,2075
2072,2058
2083,2058
2078,2056
2092,2053
2092,2024
2093,2020
2100,2043
2106,2029
2116,2057
2120,2040
2123,2023
2123,2053
2133,2055
2125,2060
2139,2080
2144,2048
2143,2072
2142,2059
2145,2052
2148,2019
2146,2028
2143,2039
2150,2056
2139,2043
2137,2023
2143,2044
2136,2063
2133,2048
2119,2055
2124,2057
2117,2072
2121,2068
2108,2057
2098,2052
2099,2063
2093,2033
2090,2063
2072,2024
2078,2054
2071,2044
2068,2027
2056,2040
2051,2056
2043,2045
2037,2056
2021,2060
2024,2042
2020,2056
2009,2056
2008,2043
1996,2035
1995,2042
1977,2035
1994,2025
1987,2053
1980,2034
1979,2037
1976,2012
1983,2034
1976,2043
1982,2068
1971,2053
1977,2051
1975,2043
1973,2039
1989,2029
1984,2059
1992,2075
1992,2036
1987,2027
1993,2080
2008,2063
2010,2036
1996,2063
2015,2052
2023,2063
2026,2068
2032,2037
2029,2063
2038,2054
2051,2069
2043,2043
2065,2017
2067,2060
2075,2043
2075,2041
2087,2064
2081,2056
2100,2069
2092,2017
2103,2011
2119,2063
2123,2015
2121,2029
2125,2007
2133,2043
2137,2057
2135,2042
2140,2058
2149,2024
2147,2056
2151,2037
2139,2063
2149,2019
2152,2063
2150,2064
2149,2052
2149,2068
2145,2035
2148,2058
2144,2037
2138,2071
2133,2055
2123,2022
2121,2063
2105,2071
2113,2021
2109,2067
2107,2048
2102,2063
2097,2024
2095,2047
2087,2071
2084,2056
2067,2039
2072,2062
2055,2024
2055,2040
2047,2047
2043,2051
2040,2073
2028,2036
2021,2035
2025,2066
2016,2061
2007,2019
2001,2054
2004,2025
1993,2040
1995,2031
1992,2063
1987,2063
1989,2064
1992,2066
1996,2064
1979,2024
1990,2036
1989,2060
1991,2063
1993,2063
1995,2053
1990,2075
1992,2048
2006,2076
2008,2043
2007,2041
2009,2041
2019,2043
2019,2063
2028,2035
2023,2060
2040,2069
2039,2063
2057,2043
2055,2072
2068,2030
2071,2028
2077,2042
2080,2067
2077,2040
2089,2033
2094,2031
2103,2056
2105,2040
2112,2041
2115,2035
2119,2039
2129,2045
2135,2033
2133,2060
2139,2076
2140,2068
2151,2044
2146,2041
2157,2044
2151,2043
2154,2055
2149,2040
2153,2056
2155,2048
2145,2035
2148,2039
2147,2040
2135,2044
2137,2043
2133,2065
2136,2046
2127,2035
2126,2067
2121,2017
2110,2070
2107,2023
2104,2075
2099,2023
2091,2044
2087,2051
2077,2066
2075,2045
2067,2037
2063,2033
2058,2036
2048,2041
2043,2048
2027,2041
2023,2015
2017,2063
2016,2065
2013,2061
2003,2068
1995,2052
1995,2053
1987,2054
1978,2003
1977,2041
1977,2028
1977,2025
1983,2047
1973,2058
1971,2054
1976,2056
1975,2041
1971,2039
1963,2051
1965,2026
1973,2021
1975,2056
1982,2056
1990,2039
1991,2054
2000,2074
2008,2045
1999,2027
2008,2071
2005,2039
2015,2067
2011,2023
2023,2065
2025,2067
2029,2072
2058,2060
2044,2057
2055,2019
2072,2071
2071,2039
2073,2056
2076,2070
2088,2080
2094,2028
2089,2043
2099,2034
2111,2057
2116,2072
2117,2068
2131,2035
2135,2060
2133,2056
2138,2060
2137,2042
2143,2025
2137,2043
2137,2056
2143,2059
2147,2021
2153,2079
2139,2020
2146,2032
2152,2053
2143,2040
2135,2023
2137,2037
2137,2055
2123,2031
2119,2052
2127,2077
2107,2072
2112,2060
2099,2035
2096,2074
2091,2053
2088,2055
2083,2029
2076,2075
2065,2043
2068,2076
2065,2039
2054,2035
2052,2061
2030,2029
2025,2055
2023,2037
2023,2063
2015,2056
2012,2053
2006,2048
2000,2065
2000,2068
1989,2025
1995,2063
1976,2039
1992,2057
1977,2068
1983,2053
1977,2029
1975,2063
1973,2045
1975,2063
1983,2041
1979,2071
1988,2069
1979,2037
1988,2041
1997,2040
2000,2055
1991,2063
2003,2025
2005,2063
2005,2051
2023,2039
2024,2039
2028,2025
2035,2037
2027,2015
2048,2044
2057,2056
2056,2035
2068,2057
2069,2068
2077,2011
2074,2063
2091,2047
2092,2052
2099,2039
2104,2063
2105,2066
2112,2041
2115,2053
2126,2053
2136,2065
2131,2072
2140,2025
2139,2063
2147,2021
2140,2043
2143,2055
2156,2056
2156,2063
2156,2051
2157,2057
2149,2070
2151,2059
2147,2048
2147,2029
2143,2035
2155,2042
2143,2063
2139,2043
2137,2064
2127,2024
2123,2058
2124,2048
2118,2037
2107,2037
2105,2053
2099,2041
2099,2039
2081,2061
2085,2041
2076,2041
2071,2057
2072,2068
2055,2068
2053,2057
2040,2043
2033,2051
2029,2066
2027,2025
2011,2059
2013,2058
2008,2051
2003,2033
1993,2029
1995,2073
1996,2046
1989,2040
1992,2068
1989,2056
1987,2030
1984,2056
1985,2057
1992,2056
1987,2045
1981,2017
1987,2077
1992,2054
1997,2059
1998,2070
2003,2045
2001,2011
2001,2068
2011,2055
2011,2047
2018,2064
2023,2027
2029,2023
2032,2023
2039,2066
2037,2031
2048,2063
2041,2063
2063,2052
2075,2060
2075,2056
2080,2028
2087,2058
2089,2031
2096,2074
2103,2040
2103,2035
2112,2057
2109,2068
2122,2060
2136,2059
2123,2039
2135,2055
2133,2053
2144,2048
2144,2053
2151,2063
2152,2065
2148,2068
2152,2039
2149,2028
2155,2024
2151,2069
2151,2022
2147,2043
2146,2057
2130,2055
2140,2068
2128,2058
2128,2060
2123,2048
2120,2063
2101,2037
2105,2029
2104,2056
2095,2068
2093,2068
2085,2079
2080,2059
2071,2021
2069,2064
2060,2053
2055,2033
2051,2041
2035,2076
2035,2038
2032,2029
2019,2024
2007,2023
2001,2072
2003,2068
2008,2072
1992,2023
1977,2061
1975,2039
1981,2065
1981,2035
1978,2069
1977,2066
1974,2065
1972,2053
1976,2078
1971,2025
1965,2023
1976,2032
1973,2033
1975,2045
1983,2063
1982,2051
1984,2079
1999,2046
1993,2048
1993,2058
2008,2064
2008,2032
2015,2060
2013,2048
2023,2052
2026,2044
2027,2060
2029,2018
2041,2021
2048,2070
2066,2040
2067,2048
2078,2076
2081,2063
2087,2051
2088,2029
2099,2055
2097,2044
2107,2005
2109,2065
2115,2039
2126,2063
2128,2013
2125,2066
2131,2053
2137,2053
2139,2023
2151,2059
2143,2055
2151,2047
2145,2055
2152,2071
2155,2035
2146,2066
2144,2006
2147,2040
2143,2029
2139,2069
2135,2055
2136,2065
2123,2024
2113,2037
2124,2056
2117,2028
2104,2039
2107,2036
2100,2031
2096,2060
2083,2063
2081,2058
2077,2041
2072,2076
2057,2047
2056,2045
2053,2057
2048,2063
2036,2025
2025,2063
2027,2033
2022,2068
2011,2061
1995,2023
2001,2068
1995,2027
1992,2072
1992,2048
1984,2035
1977,2020
1971,2055
1969,2025
1982,2079
1978,2053
1963,2051
1976,2065
1970,2057
1972,2027
1987,2035
1982,2059
1979,2059
1987,2035
1989,2041
1989,2063
1996,2066
1995,2047
2001,2068
2010,2066
2015,2019
2020,2048
2015,2021
2028,2045
2027,2057
2040,2041
2038,2058
2057,2069
2056,2036
2071,2020
2081,2040
2079,2058
2081,2037
2089,2071
2095,2044
2097,2041
2112,2059
2107,2053
2118,2062
2126,2021
2121,2065
2133,2031
2138,2039
2135,2068
2139,2055
2140,2035
2147,2021
2155,2053
2150,2060
2143,2018
2152,2056
2152,2035
2149,2056
2149,2026
2139,2055
2143,2033
2139,2056
2135,2063
2129,2077
2130,2055
2129,2024
2120,2061
2112,2019
2112,2058
2091,2053
2104,2056
2087,2029
2084,2057
2075,2055
2076,2081
2063,2045
2064,2037
2039,2064
2035,2064
2029,2056
2027,2065
2025,2048
2013,2072
2005,2072
2002,2041
2005,2047
1992,2066
1981,2043
1973,2043
1984,2088
1975,2041
1976,2072
1976,2072
1972,2039
1965,2055
1975,2060
1961,2029
1976,2037
1972,2055
1963,2041
1971,2037
1972,2035
1975,2052
1982,2064
1993,2045
1985,2063
1987,2063
1999,2065
2001,2063
2003,2036
2002,2033
2013,2044
2015,2065
2019,2023
2033,2043
2039,2021
2035,2017
2045,2058
2066,2054
2063,2047
2074,2058
2067,2072
2073,2043
2090,2056
2088,2057
2091,2018
2104,2058
2103,2051
2112,2018
2119,2058
2121,2051
2121,2041
2133,2044
2133,2063
2142,2067
2143,2063
2144,2063
2135,2037
2144,2057
2148,2055
2136,2027
2143,2046
2137,2070
2135,2071
2135,2041
2135,2064
2135,2039
2119,2041
2117,2029
2113,2043
2109,2053
2107,2056
2105,2035
2091,2034
2089,2052
2080,2069
2077,2064
2072,2063
2071,2060
2068,2063
2057,2063
2035,2036
2037,2056
2032,2040
2027,2056
2019,2066
2019,2055
2014,2063
2003,2058
1992,2065
1992,2060
1988,2043
1973,2051
1983,2063
1969,2060
1976,2063
1976,2040
1975,2057
1972,2063
1972,2036
1968,2052
1965,2068
1961,2032
1971,2040
1972,2038
1972,2063
1972,2053
1975,2040
1975,2027
1979,2057
1990,2058
1987,2026
2000,2043