2131,2027
2140,2039
2139,2023
2139,2074
2136,2057
2131,1975
2131,2139
2119,2073
2107,1972
2103,1944
2104,2110
2097,2119
2091,2054
2091,2007
2076,1996
2068,2140
2077,2111
2065,2029
2063,1937
2056,2100
2037,2132
2026,2003
2027,1988
2026,2071
2023,2069
2003,2065
2003,2041
1993,2033
1995,2073
1992,2120
1992,1949
1991,2023
1980,2079
1983,2084
1975,2007
1976,2008
1978,2112
1971,2042
1977,1998
1980,2017
1977,2039
1980,2088
1971,2071
1984,2004
1979,1984
1984,2120
1989,2045
1994,2002
1993,2001
2007,2084
2002,2075
2009,2071
2015,2004
2026,2095
2021,2093
2030,2084
2040,2020
2039,2023
2060,2087
2057,2088
2072,2079
2071,2015
2080,2062
2089,2055
2090,2133
2092,2058
2094,1996
2107,2045
2097,2070
2112,2103
2120,2008
2128,1993
2124,2058
2131,2124
2130,2040
2135,2011
2139,2056
2133,2055
2136,2045
2145,2009
2146,2067
2139,2071
2137,2024
2144,2054
2129,2104
2137,2071
2136,2016
2132,2015
2126,2085
2117,2090
2118,2037
2117,1977
2102,2019
2106,2088
2088,2071
2099,2032
2089,2055
2080,2075
2069,2005
2074,2024
2063,2029
2055,2025
2055,2057
2051,2063
2037,2026
2024,2026
2026,2091
2016,2081
2009,2027
2007,2043
2000,2071
2000,2033
1988,2072
1992,2007
1979,2063
1982,2063
1968,2058
1966,2067
1975,2019
1963,2043
1963,2021
1971,2044
1976,2056
1948,2088
1968,2006
1975,2040
1973,2065
1974,2079
1985,2034
1989,2071
1983,2020
1989,2087
1996,2055
1995,2029
1995,2073
2012,2039
2011,2072
2023,2025
2023,2088
2024,2028
2040,2041
2043,2055
2043,2036
2057,2074
2067,2007
2067,2075
2077,2073
2077,2063
2091,2071
2094,2104
2088,2039
2093,2039
2106,2044
2111,2027
2115,2030
2123,2007
2137,1993
2136,2023
2141,2039
2140,2044
2148,2030
2147,2088
2141,2118
2152,2072
2149,2128
2149,2091
2146,2037
2148,2029
2145,1986
2135,1984
2143,1972
2135,2000
2139,1973
2133,2031
2136,2080
2128,2102
2115,2117
2118,2137
2105,2127
2105,2131
2091,2135
2094,2048
2095,1961
2073,1927
2076,1996
2068,1945
2072,2001
2053,2011
2059,2053
2029,2088
2035,2117
2025,2108
2017,2153
2015,2140
2003,2104
1997,2017
2001,1980
1980,1943
1999,1944
1997,1991
1973,1971
1987,2035
1983,2073
1984,2088
1982,2081
1977,2120
1977,2156
1978,2144
1982,2169
1971,2040
1987,1995
1984,2007
1981,2027
1989,1939
1997,1995
2001,1987
2008,2072
2009,2057
2013,2055
2020,2036
2022,2176
2021,2171
2025,2121
2033,2118
2035,2033
2039,2038
2045,1912
2045,1968
2070,2024
2063,2041
2071,2016
2092,2031
2081,2005
2104,2081
2105,2043
2109,2143
2099,2184
2105,2133
2107,2097
2128,2007
2130,2028
2120,1955
2135,2008
2135,2028
2136,1981
2152,2084
2145,2023
2151,2041
2158,2000
2145,2145
2149,2123
2137,2208
2143,2067
2124,1984
2131,2021
2122,1976
2119,1965
2129,1999
2115,2068
2124,2011
2115,2029
2109,1999
2113,2022
2105,2040
2094,2102
2088,2155
2077,2157
2077,2168
2061,1933
2055,2040
2039,1955
2037,2054
2027,1999
2024,2043
2032,2014
2025,2041
2015,2004
2013,2063
2011,2037
2003,2096
1996,2139
1981,2144
1974,2172
1960,1917
1972,1993
1955,1962
1968,2057
1963,1985
1961,2080
1975,1989
1975,2080
1969,2011
1982,2019
1975,2025
1970,2073
1988,2167
1961,2173
1974,2160
1963,1929
1969,2052
1980,1933
1981,2025
1996,1929
2008,2104
2002,2021
2021,2100
2024,2000
2021,2057
2038,2088
2029,2100
2041,2145
2040,2175
2045,2124
2043,2103
2058,2024
2057,1909
2074,1963
2078,2019
2085,2016
2100,1979
2106,2011
2108,2027
2120,2065
2122,2053
2121,2053
2115,2107
2119,2204
2123,2161
2127,2047
2124,2029
2121,2089
2128,1960
2137,1927
2135,1981
2143,2121
2149,2003
2138,2044
2132,2015
2136,2107
2131,2063
2122,2087
2120,2033
2101,2169
2095,2155
2089,2041
2093,1939
2085,2053
2097,1995
2098,1959
2083,1953
2079,2009
2071,2033
2065,2094
2063,2072
2054,2027
2037,2125
2029,2080
2027,2036
2019,2140
2003,2163
2011,2128
1997,1977
1996,2060
2007,2033
1995,1961
1999,1905
1997,2004
1992,1984
1980,2120
1979,2024
1974,2081
1967,2072
1967,2089
1960,2032
1956,2161
1954,2193
1952,2136
1963,2035
1976,2092
1980,1974
1989,1908
1989,1899
1994,1993
1993,2017
1991,2114
1991,2080
2000,2073
1993,2081
2003,2027
2008,2029
2025,2155
2015,2232
2032,2147
2039,2108
2045,2056
2056,1835
2069,1875
2076,1956
2083,2000
2075,1977
2080,2108
2087,2072
2081,2069
2088,2076
2091,2069
2101,2005
2111,2198
2119,2223
2123,2179
2142,2157
2139,1955
2143,1844
2157,1864
2145,1959
2156,1963
2153,2059
2136,2071
2140,2068
2129,2055
2136,2055
2129,2033
2135,2077
2129,2121
2138,2192
2125,2211
2140,2080
2136,2043
2119,2013
2127,1817
2123,1853
2115,1983
2108,2031
2091,1991
2075,2083
2069,2071
2070,2104
2065,2127
2070,2126
2057,2044
2055,2160
2060,2140
2037,2189
2046,2029
2027,1955
2019,1943
2020,1924
2018,1867
1996,1963
1992,2008
1989,2035
1980,2114
1977,2079
1980,2121
1981,2115
1975,2112
1984,2060
1981,2063
1987,2144
1977,2131
1986,2041
1971,1992
1976,1993
1979,1883
1977,1950
1978,1943
1971,1992
1986,2091
1987,2103
2000,2056
1999,2145
2001,2148
2011,2060
2015,2011
2016,2069
2027,2046
2029,2101
2029,2092
2053,2117
2031,1895
2056,2022
2052,1933
2063,1933
2070,2036
2067,2088
2069,2015
2089,2149
2086,2124
2087,2073
2099,2143
2101,2092
2109,1963
2116,2004
2117,2041
2120,2025
2121,2112
2125,2135
2132,1939
2129,2009
2123,1984
2125,1996
2142,2041
2141,2103
2132,2071
2139,2035
2123,2123
2135,2116
2131,2082
2125,2063
2130,1994
2124,1931
2127,2046
2105,2063
2107,2088
2104,2240
2085,1997
2097,2055
2077,2027
2066,1996
2080,2010
2063,2044
2059,1941
2063,2073
2057,2112
2060,2129
2047,2104
2028,2055
2027,1967
2022,1931
2015,2023
2011,2119
1991,2115
1997,2171
1979,2137
1983,2072
1988,2096
1975,1944
1969,1965
1973,1969
1973,2016
1980,2055
1984,2019
1965,2121
1977,2111
1975,2024
1961,2037
1971,2006
1961,1943
1973,2098
1959,2076
1972,2100
1982,2227
1976,2083
1981,2110
2003,2069
1992,1979
2007,1984
2012,1976
1999,1955
2023,2035
2020,2015
2008,2108
2032,2126
2027,2081
2041,2044
2035,1976
2040,1938
2057,2024
2057,2028
2067,2120
2077,2161
2080,2199
2084,2166
2098,2092
2099,2038
2104,1980
2105,1904
2101,1965
2115,2019
2121,2033
2125,2132
2119,2083
2125,2036
2131,2033
2125,1979
2125,1924
2139,2004
2131,2069
2136,2120
2143,2170
2148,2221
2132,2125
2139,2096
2132,2035
2124,1960
2128,1928
2119,1951
2105,1945
2112,2015
2107,2097
2096,2065
2100,2048
2080,2067
2077,2053
2073,2043
2072,2020
2067,2037
2063,2075
2055,2087
2054,2128
2032,2149
2029,2154
2025,2071
2024,2041
2016,1961
2007,1939
1992,1967
1999,1993
1995,2011
1973,2088
1980,2108
1973,2123
1978,2087
1976,2040
1961,1967
1972,1991
1972,2015
1971,2070
1981,2091
1979,2188
1975,2145
1983,2108
1972,2072
1980,2035
1979,2009
1983,2025
1979,2017
1991,2059
1995,2093
1992,2063
2003,2039
2010,1977
2007,1917
2019,1992
2021,1991
2027,2015
2042,2141
2039,2053
2052,2096
2056,2130
2061,2075
2067,2076
2067,2012
2071,2007
2075,2076
2083,2080
2090,2037
2094,2063
2099,2007
2117,1984
2120,2006
2119,1976
2129,2000
2133,2001
2129,2063
2141,2011
2132,2110
2143,2144
2144,2111
2136,2056
2139,2020
2143,2063
2148,2067
2137,2091
2150,2041
2143,2073
2151,2075
2137,2027
2141,1968
2135,2009
2127,1969
2107,1981
2117,2015
2103,2065
2101,2071
2096,2117
2085,2021
2087,2094
2087,2075
2079,1997
2068,2063
2071,2041
2065,2067
2067,2086
2058,2031
2051,2067
2027,2017
2021,2066
2022,2015
2007,2020
2003,2063
2004,2047
2000,2027
1996,2120
1987,2073
1992,2044
1978,2101
1992,2025
1980,2088
1973,2071
1983,2109
1979,1939
1980,2067
1983,2004
1972,2041
1977,2007
1971,2077
1977,2033
1973,2002
1979,2023
1984,1933
1990,2074
1992,2056
1989,2100
1995,1959
2012,2208
2013,2092
2018,2035
2011,2055
2024,2077
2027,2013
2043,2006
2048,2010
2053,1995
2064,2053
2069,1992
2071,2019
2071,2104
2073,2009
2087,1970
2087,2043
2098,2079
2097,1991
2101,2159
2113,2086
2107,2165
2119,2084
2128,2075
2127,1970
2137,2154
2131,1992
2136,2043
2138,2024
2139,2029
2140,2032
2138,2044
2131,1989
2133,2069
2136,2091
2129,2058
2132,2064
2113,1963
2122,2088
2105,2127
2120,2076
2101,2039
2108,2036
2103,2009
2099,2156
2092,1955
2080,2035
2088,2004
2082,2103
2081,1932
2072,1995
2057,2025
2063,2039
2044,2032
2040,2080
2023,2081
2027,2065
2004,2170
2016,2023
2011,2028
1998,2079
1981,2029
1984,1963
1979,2060
1976,2067
1980,1968
1967,2116
1977,2085
1973,1988
1973,2115
1976,2056
1975,1996
1971,2015
1968,2140
1968,1917
1966,2091
1966,2011
1973,1889
1971,2086
1963,2157
1977,1936
1979,2127
1981,2125
1979,1953
1996,1981
2005,1948
2015,1909
2016,2024
2017,2053
2033,1955
2036,2016
2041,2163
2038,1892
2055,1831
2056,2022
2063,2133
2070,2122
2067,2028
2073,2024
2084,2084
2081,2207
2091,1965
2100,1896
2099,1953
2117,2081
2107,2063
2129,1975
2129,1955
2134,2080
2143,1987
2135,1953
2143,2127
2153,2068
2148,2032
2146,2039
2148,1931
2139,2099
2143,2157
2144,2000
2148,2150
2131,2107
2135,2090
2134,2153
2135,2147
2130,2043
2131,2109
2121,1867
2120,2027
2115,2091
2108,2115
2103,1901
2100,1972
2083,1961
2084,2124
2079,1971
2069,1957
2057,1944
2060,2160
2045,2018
2036,2121
2035,2072
2029,2109
2022,1951
2016,2065
2016,1959
2009,2005
2008,2104
2001,2121
1989,1995
1991,2138
1977,1995
1981,1964
1977,2043
1974,2188
1980,2053
1979,2059
1978,2045
1977,1991
1972,1964
1975,2129
1982,2024
1975,2059
1979,2083
1995,1998
1994,1987
1995,2071
2003,1901
2013,2109
2003,2021
2011,2165
2016,1956
2023,2098
2028,2026
2027,2205
2032,2075
2033,2149
2054,1951
2055,2091
2063,2148
2072,2017
2067,1967
2079,2015
2087,1947
2084,1995
2100,2076
2093,1983
2107,2105
2117,2012
2119,1959
2132,2053
2131,2104
2133,2069
2141,1992
2139,2035
2147,2042
2143,2152
2152,2056
2152,2063
2151,2150
2145,2055
2156,2121
2147,2063
2149,2121
2148,2079
2155,2052
2143,1957
2151,1985
2140,1890
2140,2008
2131,1971
2131,2015
2123,2131
2124,1988
2107,2063
2109,2115
2097,2165
2101,2030
2084,2129
2088,2019
2088,2143
2075,2203
2073,1939
2065,1994
2055,2181
2044,2053
2063,1981
2034,1917
2035,2127
2026,2132
2023,2020
2014,1815
2011,2029
1995,2089
2007,2136
1998,2077
1991,2044
1986,2163
1993,2077
1991,1987
1993,2005
1984,2063
1971,2095
1980,2035
1976,1965
1982,2092
1987,2103
1979,2013
2000,2123
1995,1971
2005,2139
2003,2099
2003,2145
2004,2022
2011,2107
2011,2044
2022,2093
2022,1961
2023,2045
2029,1891
2030,2067
2052,2097
2052,2024
2067,2096
2063,2029
2067,1969
2079,1979
2079,2097
2086,1989
2098,2121
2088,1937
2105,2023
2105,2100
2107,2135
2120,2063
2119,2043
2131,1954
2135,2143
2131,2155
2134,2094
2143,2104
2141,1979
2143,1977
2153,2076
2150,2003
2151,1912
2151,2008
2148,1960
2139,1893
2144,2027
2131,1902
2136,1913
2127,1980
2126,2207
2115,2012
2124,2155
2122,1980
2100,2019
2108,2079
2100,2007
2091,1933
2085,2035
2084,2072
2082,2028
2077,2000
2063,1977
2063,2087
2059,2080
2045,2045
2034,2013
2039,2171
2015,2040
2024,2123
2024,1936
2011,2019
2013,2032
1997,2059
1995,1966
2001,2139
1981,2015
1989,2087
1977,2083
1990,1998
1984,2076
1978,2143
1976,1979
1983,1984
1969,2063
1973,2105
1971,2019
1975,2088
1984,2028
1991,2041
1990,2032
1996,2019
1989,1995
2001,2089
2005,1907
2007,2103
2011,1989
2019,2109
2025,2056
2027,2219
2040,1993
2037,2037
2053,2060
2061,2069
2063,2033
2069,2072
2073,2117
2073,2088
2087,2137
2088,2155
2085,2107
2093,1996
2109,2151
2108,1939
2112,2003
2121,2073
2125,2043
2137,2063
2139,2010
2144,1980
2145,2042
2148,2137
2143,1963
2143,2027
2149,2096
2151,2083
2157,2059
2151,2089
2148,1975
2144,2031
2153,2120
2145,1886
2152,1999
2135,2023
2143,2020
2136,2090
2133,2023
2125,1897
2122,2138
2113,2101
2112,2124
2113,1964
2103,2080
2097,2009
2081,2170
2088,2020
2076,1998
2076,2024
2067,2046
2063,1995
2043,2059
2033,2025
2046,2082
2024,2081
2019,2029
2020,1989
2017,2071
2011,2017
2004,2035
2003,2069
2000,2018
1991,2023
1993,2131
1992,2029
1988,2052
1992,2015
1992,2004
1989,2011
1980,2088
1991,2015
1993,2136
1981,2095
1987,2130
1996,2104
1991,2091
2002,2002
2004,2109
2003,1971
2011,2089
2009,2101
2020,2098
2011,1972
2027,2080
2031,2017
2029,2091
2035,2004
2044,2127
2063,1995
2066,2151
2068,1993
2077,2047
2071,1966
2092,2063
2087,2026
2091,2139
2099,2068
2108,1980
2101,1982
2119,2101
2123,1955
2130,2024
2120,2063
2135,2066
2135,2063
2133,2071
2145,2115
2155,2029
2145,2057
2149,2039
2149,1995
2153,2147
2151,1989
2154,2093
2152,2073
2147,2067
2148,2067
2147,2182
2144,2022
2140,2048
2131,2105
2132,2009
2136,2072
2109,2058
2123,2112
2110,2055
2093,2107
2103,2032
2095,2061
2085,1990
2085,2073
2072,1955
2063,2081
2066,2059
2045,1935
2041,2039
2043,2043
2027,1965
2024,2063
2021,2035
2023,2064
2011,2031
1992,2087
1991,2071
1993,2056
1992,2109
1984,2003
1987,2033
1969,2112
1983,2056
1977,2021
1972,2063
1981,1972
1971,2005
1977,2081
1977,2071
1975,2017
1975,2077
1971,2017
1991,2005
1979,2064
1992,2015
1981,1999
1992,2093
1988,2053
2005,2015
1999,2059
2007,2072
2013,2056
2011,2039
2025,2025
2024,2025
2040,2039
2041,2057
2063,1997
2063,2068
2073,2030
2072,2074
2080,2059
2081,2021
2089,2067
2104,2031
2089,2055
2101,2067
2103,2033
2120,2071
2117,2022
2127,2057
2128,2028
2138,2054
2136,1989
2139,2104
2148,2015
2143,2021
2146,2025
2139,2066
2150,2084
2133,2052
2155,2073
2139,2035
2143,2078
2125,2071
2136,2029
2124,2070
2134,2041
2120,2070
2122,2057
2118,2032
2107,2040
2103,2042
2104,2019
2095,2021
2089,2007
2080,2017
2085,2077
2078,2013
2063,2104
2068,2020
2045,2120
2037,2023
2044,2103
2040,2024
2023,2068
2021,2009
2023,2072
2011,2024
2011,2068
2006,2063
2003,2107
1993,2037
1996,2072
1996,2053
1981,2001
1996,2093
1980,2073
1988,2040
1980,2027
1992,2069
1982,2030
1976,2079
1984,2062
1992,2034
1984,2005
1992,2096
1995,2030
1990,2037
2008,2033
2003,2070
2009,2021
2020,2080
2017,2022
2029,2075
2037,2027
2028,2024
2037,2063
2056,2073
2043,2009
2069,2071
2063,2020
2075,2107
2075,2017
2083,2091
2093,2025
2099,2027
2100,2073
2103,2040
2112,2057
2118,2027
2125,2072
2132,2039
2135,2039
2137,2044
2148,2039
2151,2043
2155,2022
2156,2059
2151,2066
2159,2031
2157,2015
2160,2077
2161,2045
2165,2122
2162,2036
2163,2089
2154,2023
2147,2035
2159,2026
2144,2071
2139,1999
2147,2056
2139,2011
2125,2068
2132,2056
2128,2063
2124,2074
2112,2024
2101,2019
2103,2027
2096,2043
2086,2044
2088,2043
2080,2053
2067,2073
2063,2069
2061,2123
2043,2095
2033,2087
2045,2066
2027,2035
2028,2056
2022,2043
2012,2008
2005,2028
2001,1995
1997,2035
2002,2043
1991,2055
1995,2074
1981,2042
1984,2036
1984,2035
1979,2017
1981,2011
1981,2023
1979,2063
1993,2040
2000,2073
2001,2110
2000,2093
2005,2102
2001,2095
2011,2039
2009,2055
2020,2044
2011,2011
2027,2028
2026,1989
2036,2054
2037,2043
2051,2096
2048,2063
2063,2081
2066,2076
2071,2058
2075,2003
2088,2042
2090,2012
2097,1991
2104,2036
2101,2029
2104,2056
2116,2072
2126,2081
2123,2109
2131,2081
2137,2063
2137,2100
2152,2023
2155,2063
2138,2013
2152,2029
2155,2039
2157,2040
2160,2047
2161,2057
2151,2055
2150,2024
2153,2078
2152,2034
2139,2023
2141,2027
2141,2027
2138,2025
2139,2056
2132,2056
2134,2039
2119,2072
2121,2079
2113,2089
2103,2067
2099,2083
2092,2043
2094,2092
2073,2033
2079,2065
2069,2001
2063,1982
2051,2012
2044,2043
2039,2057
2028,2033
2021,2039
2016,2019
2006,2090
2006,2055
1993,2037
1993,2019
1997,2042
1983,2021
1979,2009
1989,2037
1979,2055
1988,2028
1981,2085
1977,2080
1976,2063
1981,2063
1976,2075
1979,2090
1971,2080
1979,2039
1981,2072
1971,2056
1982,2041
1992,2039
1992,2048
1987,2072
2000,2046
1996,2033
2005,2019
2016,2067
2021,2053
2025,2041
2023,2041
2039,2019
2039,2019
2056,2029
2063,2046
2072,2047
2069,2078
2071,2039
2087,2079
2087,2063
2094,2079
2101,2072
2103,2052
2112,2090
2115,2063
2120,2058
2129,2055
2121,2048
2136,2026
2142,2028
2143,2024
2145,2017
2149,2048
2153,2052
2156,2011
2153,2045
2160,2044
2143,2025
2155,2066
2146,2029
2145,2041
2143,2061
2137,2071
2133,2079
2127,2043
2131,2065
2129,2071
2119,2083
2127,2066
2119,2080
2111,2035
2097,2084
2087,2071
2091,2043
2088,2058
2067,2021
2073,2037
2075,2043
2056,2040
2055,2066
2033,2041
2035,2041
2035,2057
2026,2068
2020,2045
2019,2011
2003,2059
2008,2021
2001,2020
1993,2017
1991,2015
1994,2070
1987,2072
1989,2072
1984,2080
1983,2052
1987,2075
1983,2041
1987,2069
1983,2051
1987,2080
1984,2067
1989,1999
1988,2071
1987,2014
2000,2008
1995,2027
2004,2015
2005,2012
2012,2038
2008,2015
2020,2068
2029,2083
2028,2064
2037,2059
2041,2040
2047,2063
2043,2063
2056,2068
2068,2070
2082,2088
2079,2063
2075,2021
2093,2059
2101,2016
2111,2024
2109,2019
2112,2037
2124,2066
2119,2039
2130,2088
2137,2053
2139,2072
2136,2021
2143,2017
2145,2037
2152,2023
2139,2019
2151,2053
2154,2072
2152,2071
2156,2090
2147,2073
2155,2059
2147,2072
2140,2038
2144,2031
2137,2035
2129,2053
2136,2017
2128,2048
2121,2029
2112,2043
2107,2023
2107,2007
2104,2067
2096,2076
2092,2027
2083,2084
2075,2081
2071,2071
2063,2071
2063,2068
2047,2016
2046,2020
2029,1981
2019,2019
2025,2011
2025,2072
2007,2080
2009,2057
2011,2100
1997,2043
1995,2045
1987,2043
1980,2029
1977,2060
1981,2027
1981,2063
1979,2056
1975,2045
1973,2055
1982,2024
1977,2043
1975,2034
1975,2027
1980,2056
1987,2080
1992,2083
1992,2099
1991,2067
1995,2079
2001,2055
1995,2019
2011,2045
2013,2024
2007,2037
2009,2054
2028,2056
2028,2063
2038,2039
2039,2074
2053,2035
2045,2047
2063,2035
2067,2030
2075,2043
2081,2028
2088,2039
2092,2043
2097,2041
2106,2040
2105,2055
2120,2042
2109,2055
2120,2035
2129,2069
2129,2068
2143,2097
2135,2091
2129,2055
2139,2063
2143,2037
2135,2044
2140,2063
2131,2021
2136,2043
2137,2027
2132,2046
2136,2039
2135,2040
2130,2056
2121,2048
2125,2016
2107,2032
2110,2067
2104,2041
2091,2073
2099,2067
2083,2051
2087,2057
2082,2055
2071,2029
2067,2045
2061,2063
2056,2077
2061,2045
2040,2096
2027,2037
2026,2078
2011,2091
2009,2061
1995,2015
2000,2018
1995,2018
1992,2037
1989,2044
1971,2010
1978,2042
1975,2055
1975,2025
1965,2056
1972,2042
1970,2036
1967,2080
1968,2029
1963,2029
1965,2058
1966,2048
1965,2058
1965,2063
1971,2072
1976,2057
1987,2073
1984,2059
1981,2084
1996,2055
1993,2072
1995,2035
2008,2017
2003,2051
2010,2025
2012,2027
2017,2023
2025,2063
2040,2063
2054,2053
2055,2055
2068,2040
2072,2023
2073,2024
2080,2020
2085,2058
2091,2076
2089,2075
2103,2081
2103,2076
2115,2057
2120,2058
2125,2024
2131,2044
2131,2019
2136,2040
2143,2063
2141,2039
2148,2072
2137,2067
2150,2055
2151,2044
2152,2029
2140,2043
2137,2052
2143,2019
2137,2035
2140,2021
2135,2071
2133,2047
2129,2024
2131,2056
2122,2046
2117,2021
2107,2023
2104,2036
2099,2037
2091,2071
2094,2071
2092,2041
2084,2039
2071,2063
2071,2065
2069,2071
2063,2040
2051,2083
2045,2089
2027,2057
2032,2054
2029,2029
2023,2045
2016,2027
2013,2001
2011,2056
1998,2069
1995,2069
1997,2076
1994,2094
1988,2043
1987,2067
1978,2048
1996,2054
1987,2039
1984,2019
1987,2041
1992,2053
1991,2073
1989,2060
1987,2057
1991,2048
1999,2034
1999,2013
2009,2045
2014,2024
2016,2032
2021,2068
2027,2069
2034,2076
2026,2063
2043,2067
2053,2043
2047,2039
2042,2043
2048,2064
2063,2023
2071,2021
2087,2023
2080,2032
2092,2063
2097,2066
2103,2039
2109,2071
2117,2063
2118,2059
2119,2041
2129,2058
2136,2057
2135,2052
2143,2029
2144,2064
2139,2063
2155,2057
2155,2069
2156,2081
2157,2071
2161,2065
2159,2044
2151,2013
2153,2011
2155,2023
2151,2046
2149,2072
2143,2076
2144,2015
2135,2057
2132,2045
2129,2040
2123,2070
2122,2037
2109,2019
2101,2019
2104,2064
2100,2003
2089,2039
2077,2033
2075,2042
2069,2017
2065,2040
2067,2018
2040,2066
2044,2039
2033,2075
2031,2073
2021,2092
2024,2068
2013,2075
2013,2065
2000,2075
2000,2063
1989,2005
1987,2020
1987,2033
1989,2069
1984,2060
1984,2063
1984,2060
1984,2040
1991,2043
1977,2023
1989,2031
1989,2037
1992,2044
1983,2063
1987,2053
1996,2064
1995,2057
1999,2054
2003,2071
2012,2088
2009,2071
2013,2043
2019,2023
2027,2045
2032,2064
2029,2056
2033,2039
2045,2072
2055,2051
2068,2072
2066,2058
2057,2039
2087,2030
2081,2017
2087,2027
2101,2025
2092,2017
2106,2029
2105,2051
2112,2076
2127,2076
2123,2042
2131,2084
2132,2059
2133,2041
2137,2041
2144,2037
2139,2087
2137,2073
2152,2063
2147,2055
2139,2041
2149,2094
2143,2039
2145,2072
2141,2032
2143,2063
2129,2039
2136,2054
2127,2043
2117,2056
2120,2057
2113,2022
2108,2024
2104,2007
2092,2027
2093,2058
2087,2073
2085,2054
2084,2052
2075,2047
2059,2042
2057,2069
2043,2037
2045,2082
2040,2073
2033,2057
2031,2028
2016,2007
2009,2071
2005,2059
1999,2043
1996,2045
1991,2027
1991,2072
1980,2043
1976,2011
1973,2041
1969,2048
1976,2020
1971,2037
1975,2023
1964,2066
1977,2059
1976,2053
1973,2020
1971,2075
1976,2079
1977,2058
1981,2020
1991,2054
1989,2072
1996,2076
1996,2064
2003,2043
2003,2063
2008,2025
2020,2080
2024,2072
2024,2043
2023,2073
2035,2068
2035,2035
2045,2058
2053,2017
2064,2064
2068,2021
2067,2071
2077,2053
2080,2059
2095,2047
2087,2067
2104,2073
2108,2063
2109,2040
2128,2039
2127,2040
2126,2060
2125,2063
2126,2080
2137,2057
2148,2063
2141,2025
2141,2043
2152,2056
2143,2037
2152,2064
2145,2071
2137,2039
2141,2017
2140,2064
2143,2059
2145,2040
2131,2068
2127,2029
2120,2076
2126,2060
2112,2048
2112,2025
2108,2069
2104,2027
2093,2048
2095,2044
2083,2056
2079,2039
2071,2029
2072,2043
2059,2031
2045,2071
2043,2032
2040,2056
2025,2037
2029,2042
2024,2039
2015,2045
2008,2029
2011,2066
1995,2063
1995,2068
1989,2071
1986,2037
1984,2060
1975,2034
1992,2066
1982,2040
1979,2053
1976,2069
1971,2041
1976,2063
1977,2060
1976,2015
1979,2036
1977,2071
1994,1995
1979,2063
1997,2066
2003,2063
2004,2034
2005,2069
2011,2063
2009,2035
2009,2071
2021,2065
2032,2069
2035,2048
2040,2067
2041,2028
2051,2074
2059,2047
2063,2043
2071,2036
2080,2058
2075,2024
2091,2029
2085,2029
2101,2063
2100,2046
2105,2037
2112,2044
2119,2039
2120,2039
2136,2070
2133,2063
2138,2069
2140,2070
2140,2045
2140,2035
2137,2035
2145,2045
2145,2019
2143,2034
2137,2052
2151,2051
2142,2068
2137,2064
2133,2024
2135,2063
2129,2011
2126,2040
2109,2009
2116,2063
2112,2061
2098,2023
2104,2060
2091,2024
2093,2032
2080,2029
2075,2041
2073,2033
2071,2074
2063,2072
2063,2072
2040,2053
2039,2063
2027,2048
2025,2023
2022,2068
2011,2031
2011,2065
1995,2066
1992,2063
1979,2042
1992,2056
1987,2061
1965,2063
1975,2067
1977,2066
1976,2067
1971,2065
1969,2060
1968,2063
1961,2039
1968,2054
1965,2028
1968,2041
1977,2041
1975,2044
1976,2055
1980,2070
1981,2040
1984,2035
1988,2043
1995,2039
1999,2063
2001,2063
2005,2055
2016,2082
2023,2055
2024,2037
2031,2039
2029,2063
2053,2054
2051,2064
2057,2027
2067,2063
2065,2060
2071,2051
2080,2069
2083,2076
2093,2025
2097,2028
2104,2039
2100,2053
2117,2038
2120,2015
2121,2047
2128,2024
2132,2063
2135,2063
2135,2067
2143,2037
2145,2081
2139,2028
2151,2088
2145,2039
2139,2055
2139,2039
2144,2063
2139,2040
2133,2041
2136,2077
2131,2023
2131,2063
2112,2013
2117,2063
2115,2051
2110,2033
2103,2040
2103,2057
2096,2069
2089,2067
2088,2056
2080,2068
2067,2051
2072,2046
2060,2042
2057,2037
2039,2068
2042,2063
2035,2063
2027,2033
2019,2025
2011,2070
2020,2035
2003,2060
1997,2077
1999,2056
1993,2074
1992,2027
1987,2037
1977,2063
1981,2063
1984,2072
1987,2019
1977,2043
1976,2027
1972,2056
1982,2070
1981,2043
1987,2056
1991,2062
1984,2040
1991,2039
1981,2063
1981,2043
2001,2063
2008,2063
2011,2052
2017,2029
2025,2043
2017,2065
2030,2058
2035,2040
2047,2056
2047,2071
2063,2057
2069,2048
2067,2072
2069,2055
2087,2066
2089,2025
2096,2029
2099,2068
2099,2025
2109,2043
2118,2068
2119,2048
2133,2060
2127,2033
2136,2063
2148,2060
2149,2040
2148,2077
2157,2055
2156,2055
2147,2023
2158,2058
2153,2071
2161,2033
2160,2047
2167,2027
2157,2040
2159,2010
2153,2059
2149,2035
2150,2066
2148,2058
2143,2039
2141,2043
2136,2037
2128,2054
2118,2035
2115,2057
2108,2034
2104,2031
2104,2068
2096,2077
2088,2071
2083,2057
2073,2048
2078,2075
2068,2079
2064,2040
2058,2079
2044,2044
2033,2063
2033,2044
2024,2056
2024,2057
2015,2055
2012,2063
2007,2040
2001,2041
2002,2056
1996,2057
1991,2039
1993,2035
1986,2057
1991,2067
1986,2019
1993,2056
1984,2048
1987,2065
1997,2045
1991,2063
1991,2075
1997,2068
2002,2068
2003,2057
2009,2077
2011,2053
2011,2036
2020,2078
2027,2034
2025,2039
2025,2051
2036,2044
2043,2045
2056,2046
2055,2075
2057,2024
2063,2065
2067,2056
2082,2035
2088,2044
2081,2028
2097,2068
2099,2037
2104,2068
2101,2043
2105,2053
2123,2061
2131,2071
2116,2041
2137,2060
2138,2068
2135,2017
2148,2052
2139,2041
2151,2043
2155,2063
2152,2040
2149,2063
2148,2068
2143,2044
2152,2053
2148,2036
2145,2037
2140,2041
2133,2065
2135,2063
2123,2035
2126,2046
2120,2069
2119,2043
2117,2072
2108,2060
2096,2042
2097,2025
2085,2018
2088,2063
2073,2020
2072,2040
2073,2071
2065,2025
2051,2041
2043,2067
2037,2079
2023,2044
2029,2057
2027,2079
2015,2058
2013,2063
1999,2027
2004,2063
1989,2055
1992,2075
1995,2023
1982,2068
1978,2055
1973,2041
1979,2056
1980,2055
1976,2058
1981,2048
1975,2072
1977,2033
1973,2023
1977,2063
1983,2063
1978,2053
1990,2068
1992,2051
2000,2077
1993,2027
2004,2065
2009,2063
2008,2053
2018,2072
2003,2063
2029,2072
2023,2041
2035,2012
2037,2043
2040,2055
2057,2063
2065,2045
2065,2059
2079,2063
2080,2061
2087,2044
2091,2063
2092,2051
2102,2043
2097,2040
2101,2056
2108,2064
2123,2034
2131,2057
2136,2038
2136,2021
2147,2064
2144,2036
2138,2067
2145,2039
2149,2056
2147,2030
2154,2090
2145,2015
2152,2047
2143,2027
2137,2056
2143,2057
2139,2056
2135,2057
2129,2035
2132,2048
2117,2040
2120,2066
2112,2067
2101,2019
2103,2041
2100,2044
2087,2027
2075,2043
2080,2066
2072,2066
2072,2071
2063,2058
2055,2033
2045,2080
2042,2024
2035,2063
2028,2066
2021,2056
2016,2072
2015,2069
2005,2041
2001,2063
1999,2067
1992,2072
1981,2027
1981,2059
1978,2041
1982,2057
1973,2027
1981,2045
1979,2039
1961,2048
1980,2032
1977,2037
1977,2039
1980,2044
1984,2047
1984,2063
1992,2065
1996,2064
1992,2047
2001,2033
1995,2040
2002,2041
2008,2074
2023,2027
2018,2069
2028,2040
2037,2029
2035,2065
2040,2071
2042,2053
2065,2045
2057,2041
2069,2033
2075,2037
2083,2072
2088,2043
2100,2046
2087,2059
2097,2051
2108,2025
2114,2058
2122,2044
2130,2057
2125,2040
2132,2061
2139,2017
2138,2040
2137,2063
2151,2057
2145,2035
2144,2043
2152,2055
2152,2043
2148,2059
2139,2027
2148,2063
2140,2052
2144,2041
2133,2039
2133,2065
2134,2036
2128,2056
2121,2029
2116,2071
2108,2071
2111,2027
2109,2059
2099,2041
2095,2055
2083,2023
2079,2055
2081,2039
2063,2070
2063,2072
2048,2047
2053,2043
2035,2037
2023,2063
2031,2040
2019,2063
2009,2053
2009,2067
2012,2028
1993,2045
1983,2043
1987,2060
1979,2056
1982,2039
1977,2065
1978,2058
1977,2066
1975,2045
1972,2076
1966,2063
1976,2044
1971,2071
1974,2037
1974,2039
1978,2071
1979,2045
1988,2056
1981,2080
1982,2059
1991,2025
1998,2057
1996,2044
2003,2013
2005,2063
2024,2040
2011,2071
2021,2032
2031,2065
2036,2044
2040,2023
2040,2067
2044,2027
2055,2035
2063,2056
2072,2034
2077,2041
2072,2036
2089,2063
2089,2036
2089,2063
2100,2043
2105,2039
2105,2033
2117,2063
2116,2035
2121,2048
2126,2033
2129,2052
2125,2073
2129,2043
2127,2074
2138,2064
2125,2059
2127,2063
2136,2043
2120,2071
2133,2025
2125,2056
2119,2065
2124,2045
2112,2063
2109,2060
2110,2075
2105,2056
2093,2025
2096,2065
2093,2041
2088,2058
2084,2086
2069,2019
2075,2045
2056,2035
2060,2039
2046,2037
2043,2070
2027,2037
2019,2041
2019,2035
2023,2060
2005,2051
2008,2063
1989,2037
1992,2072
1983,2063
1977,2063
1973,2063
1967,2023
1976,2058
1963,2069
1977,2021
1962,2068
1965,2056
1966,2066
1959,2055
1959,2060
1955,2055
1968,2062
1955,2053
1972,2063
1969,2045
1976,2027
1971,2055
1979,2039
1981,2068
1984,2040
1987,2055
1993,2039
2000,2061
2004,2027
2011,2059
2017,2027
2021,2059
2030,2038
2031,2021
2040,2058
2029,2051
2061,2059
2063,2019
2063,2043
2072,2055
2075,2019
2088,2066
2089,2043
2089,2028
2097,2027
2106,2059
2101,2053
2109,2063
2117,2023
2120,2068
2135,2036
2128,2054
2132,2063
2141,2019
2133,2036
2142,2036
2137,2063
2140,2048
2139,2045
2133,2043
2131,2066
2125,2019
2129,2068
2125,2059
2123,2019
2115,2069
2117,2025
2107,2037
2100,2039
2099,2067
2096,2072
2089,2037
2083,2070
2080,2063
2072,2065
2070,2071
2067,2031
2045,2035
2041,2063
2044,2053
2032,2079
2029,2043
2021,2071
2015,2063
2015,2075
2012,2029
1997,2020
1989,2058
1988,2040
1992,2058
1977,2057
1984,2071
1980,2037
1975,2063
1976,2067
1974,2065
1969,2023
1972,2051
1965,2035
1968,2040
1975,2039
1975,2070
1973,2037
1966,2025
1978,2056
1977,2035
1984,2067
1987,2053
1991,2023
1991,2060
2002,2046
2007,2079
2005,2029
2023,2063
2024,2033
2031,2066
2032,2031
2029,2031
2055,2044
2056,2035
2057,2045
2070,2073
2069,2074
2071,2066
2087,2025
2090,2060
2089,2021
2104,2068
2103,2043
2112,2041
2107,2033
2124,2035
2121,2057
2124,2069
2131,2051
2132,2033
2135,2073
2143,2053
2140,2075
2143,2066
2148,2064
2136,2053
2147,2025
2144,2029
2131,2056
2133,2035
2136,2070
2123,2039
2128,2040
2121,2037
2104,2025
2116,2068
2107,2025
2104,2062
2101,2058
2094,2061
2095,2063
2077,2035
2084,2038
2073,2067
2072,2042
2063,2043
2054,2072
2042,2043
2041,2040
2032,2066
2017,2040
2021,2039
2015,2056
2014,2076
2008,2056
1994,2066
1989,2063
1984,2035
1987,2033
1976,2066
1978,2057
1977,2053
1969,2043
1963,2048
1968,2060
1965,2035
1968,2040
1969,2075
1966,2067
1966,2067
1963,2027
1974,2029
1971,2063
1967,2035
1976,2077
1975,2025
1984,2047
1991,2035
1991,2041
1993,2047
1999,2025
2008,2070
2003,2051
2015,2037
2024,2063
2038,2071
2036,2060
2038,2027
2043,2041
2041,2060
2055,2019
2069,2055
2076,2056
2070,2073
2080,2040
2088,2062
2083,2017
2103,2051
2104,2059
2099,2077
2108,2067
2119,2019
2127,2072
2117,2037
2129,2056
2120,2054
2130,2057
2124,2035
2131,2041
2137,2058
2135,2035
2127,2056
2134,2064
2118,2043
2126,2043
2123,2073
2121,2056
2116,2054
2105,2011
2107,2034
2103,2023
2091,2053
2097,2023
2089,2045
2075,2041
2079,2047
2072,2059
2063,2057
2056,2069
2055,2048
2039,2041
2036,2041
2031,2040
2025,2035
2017,2066
2011,2068
2011,2068
1995,2031
2001,2063
1990,2047
1991,2057
1968,2053
1969,2041
1972,2046
1979,2060
1965,2039
1965,2057
1964,2070
1964,2065
1960,2043
1953,2051
1960,2066
1959,2039
1968,2025
1963,2038
1972,2054
1971,2063
1961,2045
1979,2072
1981,2066
1988,2042
1987,2033
1993,2039
2000,2054
1993,2058
2001,2035
2011,2053
2015,2057
2024,2058
2027,2064
2036,2062
2036,2071
2053,2073
2055,2015
2065,2063
2063,2063
2073,2041
2076,2041
2078,2048
2091,2041
2093,2064
2096,2015
2101,2042
2105,2074
2116,2056
2109,2041
2122,2039
2129,2046
2136,2043
2131,2068
2137,2043
2129,2071
2135,2034
2136,2040
2133,2063
2128,2063
2129,2036
2129,2046
2127,2065
2124,2056
2128,2063
2120,2064
2109,2063
2108,2057
2097,2023
2103,2067
2093,2033
2085,2063
2088,2058
2075,2019
2080,2027
2069,2057
2059,2029
2045,2066
2052,2045
2044,2064
2032,2059
2023,2052
2021,2040
2011,2080
2007,2068
2011,2044
1993,2023
1995,2055
1990,2031
1988,2065
1979,2072
1973,2053
1968,2072
1975,2047
1967,2025
1963,2060
1972,2076
1974,2048
1968,2025
1971,2063
1966,2064
1965,2058
1968,2068
1973,2039
1969,2064
1980,2051
1979,2027
1981,2017
1994,2056
1992,2059
1993,2023
2002,2043
2005,2045
2008,2023
2008,2056
2027,2056
2017,2037
2034,2031
2041,2039
2040,2045
2057,2068
2057,2053
2065,2046
2067,2056
2071,2027
2073,2066
2074,2043
2089,2027
2098,2060
2097,2043
2104,2045
2099,2027
2118,2063
2115,2039
2126,2043
2118,2019
2128,2067
2126,2054
2123,2037
2131,2034
2135,2068
2124,2017
2127,2041
2131,2033
2129,2067
2117,2063
2105,2048
2119,2039
2118,2078
2107,2029
2107,2052
2103,2053
2107,2068
2089,2055
2087,2063
2087,2036
2079,2063
2071,2070
2073,2053
2057,2063
2055,2058
2043,2045
2040,2063
2038,2060
2028,2078
2017,2033
2005,2021
2003,2035
1993,2057
1997,2071
1989,2043
1980,2057
1973,2053
1972,2064
1968,2057
1956,2063
1961,2035
1945,2039
1963,2008
1957,2056
1945,2053
1947,2023
1946,2043
1955,2069
1947,2055
1952,2015
1953,2029
1957,2054
1956,2055
1961,2018
1963,2068
1966,2068
1961,2020
1969,2060
1983,2025
1981,2076
1984,2063
1991,2063
1992,2022
2003,2023
2001,2048
2015,2046
2020,2033
2021,2015
2020,2054
2032,2041
2040,2041
2041,2029
2056,2045
2057,2035
2069,2059
2073,2075
2072,2058
2081,2051
2085,2033
2094,2051
2100,2047
2097,2057
2103,2041
2108,2040
2106,2056
2119,2036
2120,2084
2109,2043
2121,2045
2115,2042
2119,2055
2113,2056
2109,2055
2109,2027
2111,2041
2103,2037
2115,2045
2108,2019
2101,2043
2096,2037
2093,2053
2083,2070
2088,2030
2067,2040
2075,2044
2071,2071
2063,2065
2064,2056
2031,2033
2040,2062
2039,2041
2027,2043
2021,2033
2013,2055
2008,2053
2003,2037
2005,2063
1993,2057
1992,2056
1994,2053
1974,2063
1971,2066
1970,2053
1968,2076
1968,2078
1961,2027
1967,2058
1961,2071
1961,2037
1958,2043
1958,2051
1960,2055
1961,2063
1964,2068
1959,2023
1963,2041
1966,2066
1975,2041
1976,2078
1973,2053
1984,2069
1988,2063
1984,2048
1999,2029
1991,2023
2003,2040
2001,2068
2015,2061
2023,2035
2021,2048
2025,2053
2038,2044
2037,2053
2055,2056
2063,2055
2071,2068
2076,2048
2069,2053
2079,2041
2077,2038
2093,2023
2099,2070
2099,2055
2115,2065
2117,2024
2115,2055
2127,2037
2127,2060
2132,2053
2135,2042
2137,2071
2138,2040
2137,2025
2143,2053
2144,2047
2137,2015
2135,2056
2135,2043
2140,2048
2135,2039
2133,2059
2128,2043
2121,2036
2120,2035
2107,2028
2109,2057
2107,2068
2101,2071
2100,2072
2092,2048
2085,2080
2081,2029
2075,2045
2073,2037
2067,2064
2045,2041
2041,2058
2043,2044
2029,2023
2030,2056
2021,2029
2011,2065
2015,2035
1999,2019
1997,2055
1987,2029
1997,2068
1994,2037
1984,2051
1982,2063
1987,2041
1981,2058
1978,2063
1981,2076
1979,2039
1975,2023
1980,2072
1981,2035
1976,2058
1981,2056
1983,2029
1979,2053
2000,2044
1988,2015
1995,2068
2005,2048
2005,2044
2005,2040
2015,2055
2020,2056
2021,2068
2025,2070
2036,2064
2041,2056
2043,2059
2059,2019
2068,2067
2063,2027
2071,2040
2080,2025
2077,2023
2091,2072
2087,2009
2099,2055
2103,2036
2106,2074
2108,2057
2120,2059
2125,2038
2123,2035
2136,2029
2123,2054
2140,2075
2136,2033
2145,2042
2145,2039
2145,2072
2140,2041
2143,2025
2146,2064
2144,2065
2132,2071
2139,2043
2137,2057
2135,2063
2128,2040
2124,2063
2127,2043
2119,2066
2116,2035
2103,2063
2101,2073
2101,2043
2099,2063
2087,2028
2078,2038
2078,2051
2054,2062
2063,2027
2069,2047
2051,2017
2042,2050
2043,2068
2019,2044
2024,2041
2015,2048
2019,2065
2007,2066
2003,2056
1996,2041
1988,2023
1975,2042
1981,2052
1984,2055
1977,2023
1975,2035
1973,2063
1966,2063
1969,2065
1977,2023
1974,2068
1972,2062
1965,2063
1975,2059
1969,2073
1975,2037
1973,2063
1979,2025
1982,2057
1991,2048
1989,2063
1995,2060
2008,2058
2011,2045
2003,2027
2016,2068
2013,2041
2024,2072
2034,2054
2029,2051
2044,2048
2040,2057
2057,2068
2071,2072
2067,2070
2073,2025
2080,2066
2089,2019
2094,2072
2098,2064
2097,2063
2105,2068
2120,2030
2117,2067
2119,2044
2117,2025
2127,2063
2136,2024
2133,2056
2138,2035
2138,2027
2151,2063
2145,2069
2136,2067
2137,2023
2136,2039
2143,2072
2130,2046
2136,2056
2131,2063
2132,2060
2124,2023
2123,2057
2120,2054
2101,2037
2103,2063
2097,2068
2096,2063
2087,2029
2080,2060
2073,2055
2071,2047
2063,2056
2063,2048
2055,2057
2039,2037
2040,2056
2032,2063
2012,2048
2016,2060
2013,2040
2002,2043
1995,2075
1987,2053
1989,2043
1977,2044
1966,2015
1980,2056
1975,2072
1972,2066
1967,2071
1962,2029
1963,2055
1967,2066
1960,2025
1964,2041
1957,2043
1959,2072
1962,2041
1972,2021
1963,2066
1971,2077
1977,2068
1977,2048
1983,2053
1981,2055
1980,2037
2001,2025
1999,2051
2005,2057
2007,2042
2019,2055
2024,2063
2024,2037
2036,2057
2046,2039
2051,2037
2043,2037
2057,2053
2071,2061
2076,2063
2075,2069
2081,2043
2081,2024
2088,2041
2096,2038
2104,2017
2116,2063
2120,2015
2120,2044
2128,2051
2123,2066
2125,2035
2123,2025
2136,2066
2120,2019
2133,2041
2138,2066
2136,2036
2125,2020
2119,2055
2131,2065
2128,2057
2119,2071
2121,2055
2118,2064
2116,2072
2099,2028
2095,2077
2107,2053
2087,2043
2089,2055
2081,2020
2073,2063
2065,2035
2067,2027
2057,2053
2063,2056
2037,2027
2040,2074
2024,2029
2030,2060
2011,2029
2016,2043
2005,2035
2001,2047
1993,2053
1995,2063
1984,2065
1979,2019
1973,2035
1976,2033
1973,2060
1973,2055
1963,2063
1965,2073
1968,2023
1963,2071
1967,2064
1959,2063
1967,2065
1965,2063
1970,2035
1971,2067
1963,2011
1981,2060
1971,2062
1987,2056
1992,2064
1987,2021
1993,2036
1995,2067
2004,2043
2007,2037
2013,2061
2019,2033
2031,2071
2033,2066
2036,2033
2038,2029
2046,2035
2059,2033
2067,2063
2065,2041
2069,2058
2083,2033
2087,2037
2092,2065
2084,2041
2102,2065
2099,2040
2105,2060
2115,2011
2116,2075
2124,2019
2129,2053
2127,2064
2131,2043
2129,2072
2136,2029
2124,2067
2140,2051
2135,2037
2121,2043
2123,2020
2119,2025
2123,2061
2118,2064
2103,2041
2104,2012
2111,2063
2097,2025
2099,2017
2089,2031
2087,2054
2087,2057
2073,2029
2073,2048
2063,2013
2060,2024
2057,2015
2048,2069
2029,2027
2032,2043
2021,2049
2017,2063
2015,2063
2004,2059
2004,2071
1992,2047
1989,2036
1980,2037
1977,2033
1969,2023
1962,2069
1969,2073
1968,2041
1958,2055
1955,2033
1960,2035
1958,2043
1956,2062
1947,2027
1958,2051
1957,2072
1955,2040
1966,2053
1965,2060
1961,2027
1969,2019
1973,2066
1978,2063
1977,2063
1981,2065
1984,2063
1992,2039
1999,2035
2005,2057
2010,2056
2007,2035
2027,2067
2020,2039
2025,2028
2039,2029
2035,2025
2054,2035
2068,2066
2063,2055
2063,2072
2080,2071
2083,2039
2085,2077
2095,2048
2105,2063
2103,2047
2112,2066
2112,2052
2121,2040
2117,2023
2129,2027
2128,2045
2133,2064
2136,2043
2135,2063
2131,2071
2135,2045
2127,2051
2134,2039
2125,2056
2129,2041
2129,2068
2123,2041
2117,2040
2114,2041
2115,2041
2113,2065
2105,2068
2102,2035
2091,2039
2092,2069
2085,2054
2086,2071
2080,2035
2067,2056
2072,2054
2060,2049
2041,2017
2042,2074
2028,2021
2039,2066
2026,2040
2016,2055
2021,2033
2005,2041
2001,2055
2003,2066
1997,2068
1997,2073
1992,2040
1984,2061
1979,2068
1980,2043
1976,2044
1979,2066
1980,2052
1979,2028
1975,2035
1983,2064
1977,2027
1988,2018
1987,2043
1989,2067
1975,2041
1992,2066
1991,2028
1995,2028
2013,2073
2007,2051
2009,2024
2020,2058
2021,2056
2029,2044
2028,2051
2046,2040
2035,2033
2063,2031
2056,2069
2066,2041
2072,2040
2078,2047
2083,2041
2083,2021
2092,2068
2103,2034
2104,2060
2101,2053
2107,2058
2117,2055
2121,2040
2125,2063
2135,2065
2131,2041
2128,2048
2149,2066
2151,2065
2150,2052
2151,2068
2153,2047
2152,2048
2152,2043
2145,2057
2147,2076
2152,2053
2140,2065
2137,2044
2138,2029
2136,2018
2130,2063
2124,2055
2119,2063
2099,2072
2116,2025
2101,2063
2101,2055
2095,2071
2096,2041
2083,2060
2080,2027
2073,2053
2063,2040
2055,2068
2056,2020
2041,2063
2029,2021
2023,2041
2024,2037
2019,2040
2008,2056
2011,2010
1991,2066
1992,2045
1991,2023
1979,2080
1980,2063
1980,2047
1971,2026
1963,2063
1968,2067
1968,2036
1957,2019
1965,2071
1967,2063
1971,2056
1955,2065
1963,2043
1974,2060
1973,2059
1970,2009
1976,2041
1984,2068
1975,2043
1995,2037
1985,2039
2001,2069
2001,2064
2012,2053
2011,2039
2008,2063
2019,2029
2032,2043
2027,2015
2044,2063
2055,2040
2058,2043
2065,2063
2065,2027
2078,2072
2071,2039
2085,2068
2093,2063
2100,2060
2104,2042
2105,2040
2112,2019
2118,2043
2129,2025
2126,2062
2132,2023
2121,2040
2136,2063
2142,2066
2141,2065
2146,2056
2135,2043
2133,2063
2142,2046
2137,2081
2140,2048
2127,2059
2131,2055
2136,2043
2129,2054
2120,2033
2122,2068
2103,2065
2107,2037
2110,2055
2100,2063
2087,2072
2095,2071
2075,2040
2071,2055
2072,2036
2065,2077
2045,2012
2048,2057
2039,2033
2036,2065
2033,2034
2021,2068
2021,2040
2008,2035
1999,2033
1997,2063
1999,2048
1994,2034
1987,2045
1979,2033
1971,2039
1967,2056
1971,2062
1968,2076
1968,2053
1961,2033
1961,2080
1965,2043
1959,2053
1964,2037
1957,2059
1969,2061
1963,2037
1967,2035
1976,2053
1973,2052
1979,2055
1988,2063
1995,2055
2001,2031
1999,2069
2005,2055
2005,2027
2017,2039
2022,2063
2017,2041
2025,2040
2030,2054
2040,2067
2058,2052
2063,2059
2067,2067
2067,2052
2077,2057
2080,2052
2082,2039
2089,2056
2104,2043
2098,2035
2112,2075
2121,2033
2121,2052
2132,2069
2119,2040
2127,2043
2133,2067
2129,2038
2143,2023
2138,2063
2141,2053
2138,2020
2143,2065
2144,2037
2140,2068
2135,2031
2135,2037
2136,2051
2123,2035
2117,2065
2121,2037
2120,2060
2112,2056
2111,2043
2101,2052
2102,2063
2093,2063
2089,2071
2093,2064
2073,2065
2079,2037
2066,2044
2057,2053
2068,2066
2056,2063
2039,2033
2031,2055
2035,2072
2028,2023
2026,2078
2015,2063
2011,2039
2009,2045
1997,2071
1993,2037
1990,2035
1987,2060
1987,2015
1996,2063
1987,2072
1981,2017
1979,2063
1983,2072
1979,2035
1986,2068
1991,2021
1979,2063
1993,2048
1994,2035
1997,2063
1998,2067
2000,2055
2008,2077
2009,2063
2019,2048
2019,2056
2019,2063
2029,2033
2024,2041
2035,2039
2039,2059
2040,2040
2063,2053
2059,2055
2063,2059
2078,2043
2071,2019
2081,2043
2092,2075
2102,2071
2099,2033
2101,2072
2105,2063
2105,2033
2125,2064
2127,2045
2129,2063
2135,2043
2140,2059
2133,2064
2148,2054
2144,2063
2141,2034
2137,2051
2144,2035
2148,2080
2144,2065
2151,2063
2152,2035
2146,2056
2129,2055
2141,2048
2137,2066
2134,2043
2127,2039
2119,2047
2121,2063
2115,2043
2105,2063
2105,2046
2100,2059
2089,2045
2084,2057
2085,2063
2074,2059
2072,2037
2065,2039
2062,2063
2045,2033
2035,2055
2036,2042
2027,2033
2023,2057
2023,2063
2011,2036
2005,2064
2006,2053
2003,2053
1999,2055
1989,2063
1994,2055
1989,2057
1989,2063
1984,2058
1985,2023
1981,2058
1979,2067
1987,2052
1979,2019
1984,2029
1993,2040
1992,2073
1984,2072
1999,2037
1999,2045
1997,2071
1997,2063
2003,2057
2008,2053
2015,2073
2023,2039
2022,2079
2029,2047
2033,2017
2039,2063
2044,2044
2048,2042
2059,2063
2067,2063
2069,2035
2079,2046
2081,2029
2090,2069
2089,2020
2096,2071
2100,2029
2109,2044
2120,2055
2115,2073
2121,2037
2136,2053
2129,2063
2139,2033
2139,2065
2140,2007
2141,2064
2151,2056
2147,2027
2153,2068
2149,2039
2147,2042
2147,2020
2155,2071
2152,2058
2148,2063
2152,2065
2146,2056
2131,2008
2136,2040
2134,2068
2127,2068
2119,2069
2115,2088
2112,2044
2101,2055
2105,2063
2097,2055
2092,2070
2089,2057
2076,2063
2075,2063
2063,2037
2058,2037
2054,2071
2037,2057
2028,2024
2030,2043
2022,2055
2021,2056
2020,2070
2015,2063
1995,2023
2000,2066
2001,2044
1987,2043
1992,2056
1995,2059
2001,2040
1988,2040
1981,2051
1977,2048
1980,2040
1992,2060
1990,2055
1990,2051
1979,2047
1980,2027
1994,2019
1996,2053
1997,2019
1997,2075
2011,2027
2004,2023
2011,2063
2023,2064
2022,2062
2036,2063
2039,2043
2037,2052
2046,2074
2045,2017
2063,2066
2063,2054
2071,2071
2074,2032
2072,2033
2085,2039
2096,2070
2092,2057
2094,2064
2108,2031
2105,2048
2112,2059
2119,2069
2127,2065
2123,2066
2138,2028
2133,2068
2143,2052
2139,2060
2144,2071
2152,2062
2143,2056
2152,2063
2145,2057
2148,2023
2137,2056
2145,2053
2142,2044
2135,2053
2136,2056
2129,2031
2128,2067
2130,2067
2116,2063
2112,2080
2115,2053
2101,2028
2103,2057
2104,2081
2084,2029
2092,2048
2083,2034
2073,2059
2074,2075
2063,2040
2045,2027
2051,2035
2037,2056
2027,2054
2032,2071
2027,2015
2021,2067
2016,2065
2011,2055
2003,2043
1996,2072
1993,2027
1999,2027
1992,2056
1992,2088
1999,2028
1987,2037
1987,2057
1995,2045
1975,2056
1992,2038
1980,2012
1995,2080
1995,2068
1990,2052
2000,2063
1997,2033
2011,2042
2008,2051
2010,2048
2015,2075
2019,2041
2019,2058
2032,2029
2037,2027
2037,2043
2043,2055
2058,2045
2063,2070
2056,2065
2071,2044
2081,2035
2081,2035
2089,2027
2095,2063
2097,2017
2109,2057
2115,2040
2107,2069
2120,2042
2128,2046
2132,2005
2131,2063
2138,2023
2147,2065
2144,2027
2152,2065
2150,2072
2145,2039
2159,2056
2148,2061
2151,2053
2152,2056
2153,2039
2139,2071
2152,2063
2150,2040
2139,2039
2138,2055
2135,2063
2140,2056
2121,2071
2117,2065
2109,2044
2115,2067
2105,2037
2104,2023
2099,2056
2085,2019
2079,2033
2080,2066
2071,2035
2067,2041
2064,2066
2043,2063
2040,2036
2039,2061
2027,2041
2027,2024
2019,2053
2015,2059
2011,2059
2008,2069
1997,2025
1992,2077
1991,2063
1973,2029
1968,2068
1975,2039
1976,2055
1969,2045
1979,2041
1976,2053
1976,2037
1971,2033
1959,2043
1968,2069
1966,2023
1968,2053
1977,2034
1979,2037
1973,2017
1977,2044
1994,2065
1995,2021
2003,2052
2003,2044
2009,2007
2010,2068
2009,2041
2020,2041
2023,2041
2023,2052
2038,2073
2043,2025
2057,2053
2064,2043
2056,2061
2075,2011
2072,2023
2075,2059
2083,2044
2088,2037
2087,2027
2099,2051
2105,2053
2113,2053
2119,2040
2124,2064
2126,2031
2124,2042
2134,2024
2133,2048
2135,2033
2131,2038
2140,2069
2135,2025
2133,2044
2133,2077
2131,2044
2129,2039
2123,2051
2121,2043
2108,2041
2122,2051
2112,2071
2101,2021
2109,2041
2099,2068
2095,2057
2090,2035
2090,2027
2080,2036
2069,2080
2072,2072
2069,2029
2055,2054
2052,2047
2035,2011
2036,2054
2027,2056
2025,2041
2012,2035
2001,2047
2002,2053
2000,2025
1995,2064
1992,2054
1977,2039
1972,2045
1976,2063
1973,2068
1971,2063
1965,2072
1961,2045
1967,2043
1960,2019
1957,2037
1960,2042
1959,2048
1956,2053
1961,2048
1963,2029
1966,2057
1970,2076
1979,2063
1980,2011
1971,2048
1976,2030
1992,2029
1994,2042
2000,2069
2005,2023
2008,2044
2016,2021
2015,2063
2017,2037
2027,2065
2027,2056
2042,2064
2047,2066
2058,2033
2063,2029
2063,2053
2075,2068
2073,2059
2083,2023
2093,2041
2095,2048
2093,2066
2108,2063
2112,2056
2109,2071
2119,2037
2123,2069
2129,2059
2125,2038
2138,2052
2127,2060
2136,2044
2129,2064
2136,2039
2131,2027
2137,2077
2137,2017
2129,2045
2140,2035
2129,2071
2125,2061
2117,2055
2108,2035
2120,2005
2098,2074
2104,2055
2103,2027
2091,2066
2093,2063
2080,2023
2075,2045
2071,2025
2063,2019
2063,2056
2048,2074
2044,2027
2042,2056
2035,2039
2025,2072
2027,2021
2015,2059
2013,2045
2003,2029
1992,2051
1989,2023
1992,2068
1994,2027
1997,2071
1983,2035
1985,2063
1971,2039
1976,2071
1973,2060
1971,2017
1976,2072
1963,2029
1980,2071
1976,2045
1974,2033
1975,2071
1980,2033
1986,2023
1994,2041
1981,2026
1997,2041
1995,2048
2007,2022
2005,2060
2012,2041
2009,2055
2023,2053
2024,2064
2033,2048
2035,2035
2044,2023
2041,2063
2063,2063
2068,2060
2071,2054
2075,2043
2080,2039
2087,2039
2085,2048
2093,2024
2101,2031
2104,2064
2107,2056
2121,2031
2122,2040
2119,2055
2126,2048
2129,2027
2135,2041
2140,2035
2139,2036
2140,2017
2136,2075
2139,2041
2136,2062
2143,2063
2135,2056
2133,2024
2140,2059
2121,2037
2131,2043
2126,2072
2109,2021
2120,2065
2112,2048
2107,2042
2107,2025
2099,2062
2094,2044
2088,2040
2083,2058
2078,2055
2073,2036
2072,2044
2057,2055
2060,2064
2043,2056
2040,2059
2027,2037
2032,2068
2033,2057
2023,2079
2016,2063
2010,2066
2001,2039
1995,2063
1993,2055
1993,2043
1995,2068
1992,2063
1984,2035
1987,2055
1987,2052
1984,2044
1978,2044
1990,2041
1989,2035
1977,2029
1987,2017
1995,2073
1993,2043
1994,2076
1998,2072
2000,2055
2007,2067
2007,2057
2016,2055
2020,2067
2011,2029
2027,2029
2032,2015
2029,2070
2025,2025
2044,2055
2056,2033
2039,2017
2066,2043
2077,2053
2082,2060
2076,2027
2093,2043
2093,2065
2090,2056
2105,2021
2105,2055
2116,2063
2123,2037
2119,2027
2120,2036
2131,2054
2141,2015
2138,2023
2143,2055
2144,2062
2142,2068
2138,2072
2150,2042
2143,2040
2141,2065
2149,2053
2146,2058
2136,2035
2143,2060
2135,2019
2131,2043
2131,2063
2120,2045
2120,2031
2119,2066
2116,2063
2101,2064
2104,2036
2095,2023
2093,2028
2089,2039
2083,2005
2067,2044
2063,2053
2065,2063
2056,2066
2040,2055
2024,2041
2025,2053
2022,2065
2020,2044
2008,2024
2008,2060
2008,2035
2001,2037
1988,2043
1989,2053
1988,2060
1984,2044
1986,2076
1982,2063
1975,2051
1972,2063
1985,2035
1971,2063
1977,2029
1974,2069
1977,2066
1985,2040
1988,2068
1975,2017
1991,2068
1979,2076
1996,2043
1999,2053
1996,2036
2008,2041
2012,2063
2013,2043
2020,2041
2023,2065
2033,2066
2028,2075
2042,2045
2043,2046
2063,2067
2068,2063
2067,2072
2075,2047
2079,2073
2083,2041
2092,2028
2099,2051
2101,2028
2103,2038
2112,2061
2120,2056
2122,2041
2126,2047
2133,2051
2125,2069
2138,2058
2142,2057
2143,2048
2142,2053
2137,2029
2143,2059
2145,2054
2148,2033
2139,2065
2129,2055
2140,2070
2139,2027
2133,2063
2128,2061
2119,2053
2120,2067
2107,2061
2115,2039
2101,2063
2097,2043
2087,2053
2091,2027
2088,2060
2071,2063
2074,2041
2067,2035
2057,2056
2058,2019
2040,2063
2040,2047
2019,2063
2020,2073
2011,2025
2009,2069
2007,2056
1999,2021
1992,2077
1975,2035
1980,2043
1975,2051
1963,2023
1972,2069
1963,2034
1975,2067
1967,2043
1960,2034
1962,2063
1959,2041
1966,2044
1955,2026
1967,2064
1961,2020
1965,2029
1961,2060
1968,2072
1978,2047
1961,2071
1976,2043
1980,2045
1989,2064
1993,2063
1992,2071
1993,2052
2002,2068
2007,2057
2005,2027
2009,2027
2024,2041
2023,2029
2034,2043
2037,2058
2029,2059
2057,2040
2064,2048
2063,2039
2072,2029
2069,2039
2083,2041
2073,2039
2092,2073
2093,2063
2102,2051
2105,2064
2105,2066
2103,2063
2108,2065
2116,2015
2109,2035
2109,2044
2120,2039
2126,2059
2118,2066
2124,2039
2105,2025
2115,2037
2112,2053
2105,2072
2108,2048
2101,2031
2094,2040
2093,2021
2096,2076
2093,2071
2089,2063
2082,2058
2067,2053
2072,2063
2063,2067
2063,2065
2041,2021
2046,2066
2029,2055
2032,2037
2024,2042
2013,2025
2016,2063
2005,2047
2002,2059
1996,2067
1988,2058
1989,2037
1980,2056
1979,2068
1955,2037
1975,2078
1975,2065
1972,2064
1959,2057
1960,2041
1964,2060
1961,2039
1947,2027
1964,2063
1965,2046
1961,2025
1966,2035
1965,2075
1968,2056
1967,2051
1973,2027
1972,2084
1980,2021
1979,2035
1987,2043
1995,2038
1996,2055
2004,2074
2001,2041
2010,2019
2011,2029
2019,2057
2028,2056
2030,2019
2036,2067
2043,2042
2063,2071
2063,2052
2068,2059
2071,2048
2080,2057
2079,2041
2087,2057
2095,2041
2100,2072
2107,2035
2115,2035
2121,2070
2121,2040
2122,2044
2127,2075
2119,2067
2135,2043
2136,2041
2138,2058
2133,2008
2135,2056
2131,2073
2131,2066
2123,2019
2121,2023
2135,2067
2119,2051
2123,2039
2119,2025
2107,2058
2113,2068
2109,2054
2096,2039
2091,2043
2091,2075
2089,2067
2080,2035
2073,2035
2067,2063
2063,2028
2055,2029
2043,2055
2033,2025
2036,2019
2020,2041
2021,2059
2023,2039
2011,2039
1999,2043
2003,2043
1995,2059
1991,2033
1981,2056
1975,2035
1983,2043
1976,2077
1972,2055
1978,2056
1981,2063
1965,2044
1970,2039
1965,2051
1977,2061
1977,2041
1967,2075
1971,2060
1976,2055
1970,2051
1966,2053
1981,2053
1995,2067
1987,2060
1999,2041
1994,2024
2005,2052
2009,2042
2017,2056
2015,2033
2028,2077
2024,2032
2032,2041
2035,2077
2053,2071
2060,2063
2065,2027
2059,2053
2071,2009
2079,2038
2081,2039
2092,2063
2090,2063
2089,2055
2099,2037
2112,2043
2120,2035
2127,2061
2128,2072
2127,2071
2122,2040
2132,2035
2140,2058
2139,2033
2144,2019
2131,2057
2141,2032
2135,2058
2143,2029
2148,2064
2129,2027
2127,2019
2120,2043
2123,2044
2128,2019
2119,2048
2115,1995
2112,2048
2108,2075
2091,2099
2094,2065
2086,2077
2088,2057
2076,2072
2076,1991
2058,1968
2063,2699
2043,1425
2056,2525
2014,1935
2059,2021
2035,2051
1973,2607
2056,1785
2016,2120
1972,2080
2041,2115
1997,2004
1942,2153
2005,1898
1984,2176
1948,1939
1994,2288
1964,1868
1959,2007
1976,2119
1945,2087
1972,2023
1974,1924
1945,2103
1987,1981
1952,2159
1977,2153
1980,1918
1955,2039
1984,2059
1974,1866
1984,2253
1981,1896
1994,1911
1995,2217
1984,1952
2005,2100
1999,1963
2007,2055
2035,2043
2018,2088
2027,2088
2033,2065
2034,2140
2042,2065
2033,1917
2067,2009
2070,2026
2038,2098
2079,2153
2080,1890
2075,2129
2087,2063
2089,2009
2104,2001
2104,1989
2108,1933
2120,2183
2099,1951
2129,2034
2120,2169
2117,1963
2140,2117
2127,2033
2120,1911
2136,2126
2112,2103
2126,1960
2124,2067
2109,2071
2120,2022
2124,2112
2103,2007
2114,2171
2097,1973
2094,2108
2104,2020
2073,1957
2091,2080
2084,2015
2071,2135
2079,2017
2063,2056
2047,2057
2056,2108
2043,2083
2025,2052
2038,2074
2023,2105
2015,2007
2025,2056
2006,2101
2007,2072
2008,2056
1997,2105
1981,1991
1984,1987
1981,2017
1968,2102
1975,2043
1980,2015
1963,2076
1977,2067
1964,1897
1959,2212
1968,1920
1957,2035
1965,2121
1968,1978
1964,2119
1980,2083
1960,2032
1984,2080
1969,2076
1980,2039
1993,2036
1984,2087
1992,1993
2001,2037
2008,2071
2007,2025
2017,2027
2024,2