2189,2063
2187,2037
2199,2045
2188,2005
2191,2023
2189,2027
2179,2015
2171,2029
2168,2032
2163,2025
2152,2025
2152,2029
2133,2090
2135,2080
2133,2077
2125,2097
2115,2043
2104,2063
2104,2063
2100,2071
2086,2039
2092,2075
2071,2071
2072,2064
2072,2023
2057,2007
2061,2021
2043,2027
2044,2024
2043,2027
2035,2044
2029,2039
2035,2041
2037,2051
2022,2063
2039,2075
2027,2083
2022,2085
2033,2096
2025,2081
2024,2069
2028,2075
2035,2079
2033,2065
2041,2073
2039,2029
2042,2001
2052,2027
2063,2039
2069,2022
2068,2003
2069,1987
2072,2029
2073,2042
2077,2043
2091,2074
2098,2041
2097,2061
2103,2077
2107,2083
2117,2073
2130,2091
2123,2075
2123,2053
2133,2062
2144,2056
2139,2063
2151,2011
2156,2009
2148,2040
2164,2030
2163,2040
2173,2037
2166,2021
2169,2023
2170,2025
2168,2063
2169,2067
2163,2069
2157,2067
2160,2069
2166,2080
2152,2091
2152,2085
2143,2072
2133,2073
2135,2066
2125,2066
2129,2024
2128,2045
2123,2033
2107,2001
2114,2023
2098,2040
2099,2044
2083,2023
2083,2037
2072,2037
2075,2063
2068,2074
2068,2043
2037,2063
2033,2077
2029,2106
2026,2096
2016,2087
2010,2089
2008,2046
2008,2060
1996,2042
1989,2025
1981,2023
1983,2035
1972,2040
1976,2032
1974,2033
1973,2017
1976,2029
1972,2041
1970,2053
1972,2038
1963,2071
1967,2044
1976,2076
1974,2057
1976,2096
1975,2116
1976,2076
1977,2045
1995,2077
1992,2043
2000,2029
1995,2005
2001,2052
2003,2028
2007,2008
2019,2044
2022,2029
2027,2013
2028,2031
2031,2021
2039,2058
2043,2056
2060,2059
2067,2063
2059,2037
2071,2071
2071,2095
2083,2079
2083,2101
2088,2080
2089,2054
2087,2066
2099,2039
2103,2047
2105,2024
2112,2011
2112,2059
2125,2039
2127,2028
2119,2008
2124,2035
2123,2064
2123,2054
2125,2039
2120,2064
2114,2078
2115,2063
2112,2065
2108,2085
2104,2120
2103,2067
2098,2095
2097,2062
2088,2024
2084,2028
2090,2042
2069,2042
2072,2035
2078,2044
2071,2059
2056,2047
2056,2039
2060,2043
2039,2052
2040,2043
2033,2044
2032,2071
2019,2053
2024,2086
2016,2110
2009,2083
2010,2104
1993,2063
2001,2080
1992,2055
1981,2033
1981,2038
1977,2019
1995,2040
1983,2025
1989,2063
1976,2065
1986,2043
1987,2036
1988,2037
1989,2031
1997,2040
2001,2037
1995,2065
2008,2063
2015,2063
2013,2092
2016,2063
2022,2068
2029,2043
2023,2045
2030,2056
2043,2056
2051,2015
2062,2029
2063,2024
2063,2052
2077,2027
2080,2027
2087,2025
2096,2019
2105,2024
2108,2023
2112,2048
2113,2065
2115,2041
2120,2077
2129,2088
2135,2094
2129,2080
2138,2068
2136,2033
2148,2052
2146,2007
2146,2018
2149,2045
2139,2020
2148,2019
2141,2053
2152,2019
2149,2007
2143,1995
2147,2023
2143,2021
2143,2040
2129,2047
2133,2025
2124,2080
2127,2085
2109,2093
2107,2080
2107,2067
2095,2056
2091,2041
2086,2042
2072,2001
2067,2047
2065,2031
2052,2072
2043,2040
2035,2043
2034,2034
2021,2028
2018,2003
2001,2037
2003,2041
1993,2072
1992,2079
1979,2055
1984,2091
1959,2088
1963,2092
1960,2091
1958,2084
1944,2036
1954,2035
1945,2044
1943,2054
1931,2025
1944,2026
1935,2035
1929,2021
1937,2033
1935,1995
1933,2023
1943,2016
1939,2029
1939,2053
1951,2054
1952,2033
1961,2039
1959,2076
1969,2076
1973,2080
1979,2096
1976,2075
1993,2064
2002,2064
1997,2030
2012,2032
2020,2035
2024,2035
2035,2007
2040,2032
2041,2040
2056,2009
2065,1995
2069,2033
2080,2019
2095,2031
2089,2071
2104,2043
2111,2063
2117,2072
2129,2079
2131,2058
2143,2072
2150,2063
2148,2075
2161,2025
2149,2069
2163,2043
2168,2060
2168,2001
2163,2012
2165,2003
2171,1980
2167,2039
2175,2011
2161,2048
2168,2043
2168,2066
2165,2057
2160,2072
2149,2067
2150,2056
2153,2104
2144,2067
2148,2085
2144,2055
2131,2088
2124,2043
2132,2063
2125,2035
2120,2032
2112,2003
2103,2035
2099,2012
2090,1988
2083,2031
2080,1995
2071,2035
2068,1995
2065,2029
2063,2045
2056,2035
2044,2066
2056,2045
2039,2075
2039,2096
2035,2071
2037,2088
2025,2073
2024,2072
2019,2037
2032,2074
2023,2040
2023,2035
2021,2019
2028,1995
2025,2035
2022,1995
2031,2028
2035,2034
2035,2005
2040,2044
2042,2038
2048,2065
2055,2067
2068,2039
2073,2079
2072,2096
2080,2088
2076,2086
2091,2074
2092,2055
2097,2027
2099,2057
2101,2011
2117,2030
2127,2043
2127,1997
2133,2031
2136,2019
2133,2033
2143,2039
2151,2017
2156,2020
2156,2040
2165,2035
2156,2055
2168,2073
2176,2075
2184,2079
2181,2063
2169,2054
2175,2073
2187,2068
2189,2067
2186,2072
2179,2033
2175,2036
2184,2004
2181,2025
2168,2018
2167,2029
2168,2056
2159,2040
2157,2067
2143,2005
2144,2024
2137,2037
2139,2034
2128,2071
2123,2086
2116,2079
2124,2074
2099,2071
2100,2093
2096,2067
2085,2041
2082,2057
2071,2021
2071,2055
2063,2028
2053,2025
2039,2045
2038,2020
2032,2003
2019,2025
2023,2015
2017,2063
2008,2023
2008,2056
2006,2084
2008,2071
2001,2078
2004,2067
1999,2063
1993,2039
1993,2078
1992,2063
1987,2069
1991,2033
2001,2054
1993,2034
2003,2031
1995,2007
2007,2005
2007,2031
2016,1999
2022,2041
2013,2063
2020,2063
2023,2063
2025,2074
2035,2072
2036,2043
2041,2084
2048,2080
2057,2092
2066,2063
2065,2077
2080,2063
2088,2068
2089,2058
2095,2038
2104,2040
2109,2028
2112,2033
2105,2025
2124,2019
2124,2042
2131,2034
2136,2040
2135,2056
2133,2063
2137,2075
2143,2053
2145,2096
2144,2067
2139,2079
2144,2071
2140,2077
2139,2053
2143,2071
2143,2077
2143,2039
2131,2071
2133,2029
2134,2039
2121,2009
2121,2032
2118,2024
2108,2025
2107,2041
2097,2029
2089,2063
2080,2041
2081,2063
2080,2088
2075,2076
2066,2080
2064,2065
2051,2089
2036,2055
2040,2088
2023,2044
2024,2065
2012,2019
2005,2043
2005,2043
2000,2032
1999,2027
1989,2026
1979,2019
1976,2005
1971,2047
1966,2063
1969,2072
1969,2079
1971,2029
1968,2074
1969,2055
1961,2069
1963,2076
1965,2090
1968,2094
1965,2088
1971,2069
1974,2027
1971,2033
1977,2019
1972,2035
1984,2023
1986,2044
1993,2035
2005,2037
2010,2029
2012,2003
2008,2042
2017,2040
2023,2064
2034,2059
2035,2063
2041,2072
2048,2080
2063,2041
2068,2080
2072,2043
2084,2074
2081,2041
2087,2035
2090,2039
2096,2009
2103,2009
2108,2044
2123,2039
2127,2028
2121,2032
2130,2028
2133,2027
2129,2015
2137,2045
2136,2060
2135,2034
2143,2069
2140,2055
2136,2063
2131,2063
2139,2072
2137,2056
2135,2045
2121,2067
2128,2043
2121,1996
2113,2051
2112,2041
2107,2024
2101,2022
2104,2033
2092,2024
2090,2031
2081,2039
2080,2032
2065,2011
2063,2064
2063,2061
2055,2073
2035,2039
2036,2065
2030,2082
2021,2043
2017,2056
2016,2035
1999,2040
2001,2028
1997,2044
2003,2033
1987,2039
1977,2017
1973,2035
1976,2063
1983,2041
1971,2023
1975,2048
1973,2047
1971,2011
1954,2058
1973,2045
1968,2068
1969,2075
1965,2041
1970,2029
1979,2079
1991,2079
1975,2055
1992,2066
1980,2037
1993,2063
1993,2005
2005,2027
2016,2056
2016,2030
2022,2024
2029,2036
2029,2025
2044,2032
2055,2040
2056,2010
2063,2067
2069,2041
2084,2066
2085,2039
2095,2066
2100,2071
2107,2063
2110,2035
2109,2069
2124,2059
2132,2056
2137,2033
2135,2027
2145,2058
2156,2023
2153,2041
2167,2057
2163,2029
2170,2032
2169,2039
2172,2029
2167,2041
2173,2029
2167,2041
2181,2039
2173,2072
2167,2041
2171,2072
2166,2063
2167,2069
2153,2072
2159,2073
2151,2063
2147,2043
2146,2055
2141,2040
2143,2041
2136,2033
2121,2020
2117,2039
2107,2007
2099,2028
2104,2055
2088,2019
2087,2051
2088,2053
2079,2053
2067,2055
2065,2072
2063,2067
2039,2092
2033,2035
2027,2017
2032,2066
2019,2043
2011,2017
2017,2033
2010,2054
2005,2040
2007,2051
2007,2015
2007,2037
2003,2035
2000,2056
1995,2048
2007,2047
1996,2056
1995,2052
1997,2065
2005,2056
1999,2035
2004,2058
2003,2080
2016,2073
2016,2075
2023,2065
2015,2056
2029,2043
2029,2039
2024,2041
2035,2041
2044,2019
2055,2040
2065,2032
2063,2015
2067,2023
2083,2063
2084,2063
2092,2040
2092,2070
2093,2059
2103,2079
2112,2061
2109,2055
2119,2041
2124,2061
2134,2055
2136,2036
2142,2056
2136,2071
2140,2043
2144,2059
2143,2035
2147,2031
2149,2077
2155,2041
2153,2051
2154,2044
2159,2037
2147,2063
2155,2059
2151,2073
2144,2057
2136,2067
2141,2037
2143,2077
2128,2053
2121,2064
2123,2077
2118,2068
2111,2053
2107,2053
2099,2031
2097,2041
2095,2040
2089,2034
2079,2048
2071,2015
2066,2052
2063,2053
2054,2052
2054,2063
2041,2033
2033,2069
2028,2057
2017,2079
2013,2080
2016,2072
2009,2077
1995,2057
1993,2027
1995,2067
1987,2037
1993,2056
1992,2063
1982,2042
1979,2057
1992,2036
1984,2041
1985,2055
1979,2029
1992,2071
1990,2063
1992,2072
1989,2033
1996,2067
2004,2063
2006,2064
2008,2055
2005,2072
2015,2056
2015,2063
2023,2071
2027,2059
2028,2060
2033,2003
2035,2043
2041,2048
2043,2051
2063,2025
2071,2029
2075,2048
2078,2029
2086,2041
2088,2063
2090,2065
2102,2057
2091,2031
2101,2069
2111,2071
2116,2064
2120,2024
2104,2057
2122,2068
2133,2055
2128,2060
2130,2040
2132,2033
2131,2031
2136,2019
2133,2072
2131,2015
2127,2039
2133,2028
2124,2056
2127,2061
2121,2037
2123,2056
2115,2024
2120,2079
2099,2039
2103,2047
2095,2045
2089,2056
2087,2063
2085,2063
2079,2036
2069,2019
2056,2052
2063,2051
2046,2068
2040,2024
2031,2041
2027,2044
2024,2075
2019,2054
2016,2063
2002,2028
1989,2025
2005,2047
1992,2058
1975,2063
1982,2073
1971,2075
1974,2059
1970,2045
1955,2035
1967,2054
1959,2067
1959,2036
1956,2036
1955,2043
1947,2034
1960,2064
1960,2035
1953,2058
1962,2055
1965,2044
1968,2043
1969,2057
1978,2041
1971,2024
1984,2073
1990,2055
1992,2058
1996,2038
1996,2063
2011,2075
2009,2027
2021,2065
2019,2054
2032,2015
2035,2053
2041,2041
2054,2044
2056,2034
2064,2029
2063,2056
2078,2023
2073,2035
2084,2063
2089,2028
2097,2081
2106,2052
2101,2073
2121,2056
2123,2059
2128,2071
2121,2027
2134,2023
2127,2027
2145,2064
2144,2063
2146,2029
2143,2053
2137,2046
2143,2063
2138,2029
2139,2048
2137,2063
2132,2019
2136,2048
2136,2063
2124,2054
2126,2028
2119,2023
2123,2056
2110,2044
2109,2055
2115,2055
2101,2063
2091,2063
2089,2063
2088,2068
2082,2044
2079,2061
2063,2054
2064,2046
2056,2059
2054,2043
2028,2063
2035,2029
2027,2063
2021,2067
2011,2019
2004,2030
2007,2065
1997,2035
1995,2063
1994,2057
1991,2063
1993,2075
1977,2033
1984,2053
1992,2041
1975,2078
1980,2071
1980,2065
1974,2040
1976,2062
1983,2024
1988,2052
1986,2025
1990,2009
1992,2025
2003,2055
2001,2042
2001,2037
2015,2048
2011,2040
2027,2043
2023,2024
2040,2061
2035,2056
2041,2056
2045,2041
2067,2055
2069,2051
2074,2058
2073,2037
2088,2068
2092,2027
2096,2030
2104,2034
2102,2025
2101,2043
2112,2024
2120,2063
2117,2017
2135,2025
2133,2056
2127,2040
2138,2079
2139,2058
2148,2030
2144,2041
2144,2048
2145,2057
2139,2027
2149,2033
2141,2065
2139,2021
2144,2055
2143,2051
2133,2039
2133,2007
2131,2040
2117,2072
2127,2054
2115,2039
2115,2067
2101,2042
2104,2044
2099,2029
2091,2061
2085,2055
2082,2021
2071,2063
2063,2058
2067,2045
2057,2035
2042,2044
2040,2036
2035,2041
2029,2039
2020,2041
2025,2053
2019,2041
2015,2077
2009,2063
1999,2063
1992,2071
1980,2040
1993,2072
1994,2048
1991,2035
1991,2025
1984,2048
1992,2023
1992,2057
1989,2071
1984,2075
1984,2065
1994,2042
1988,2072
1991,2024
1997,2057
1999,2043
2006,2057
2003,2060
2013,2055
2015,2066
2023,2089
2018,2025
2022,2044
2035,2039
2036,2037
2039,2029
2041,2024
2056,2035
2053,2051
2064,2035
2071,2072
2079,2095
2080,2063
2084,2045
2088,2029
2088,2044
2091,2025
2094,2043
2104,2033
2109,2073
2116,2071
2122,2093
2125,2029
2117,2055
2124,2052
2132,2024
2131,1993
2137,2029
2144,2035
2136,2038
2143,2067
2135,2053
2144,2077
2141,2043
2143,2040
2139,2025
2131,2063
2135,2058
2134,2018
2135,2079
2116,2063
2109,2076
2110,2067
2106,2035
2105,2075
2105,2027
2100,2016
2095,1995
2092,2011
2087,2040
2081,2064
2069,2063
2072,2081
2066,2027
2055,2068
2048,2063
2041,2021
2025,2068
2024,2036
2027,2075
2026,2075
2019,2089
2007,2071
2001,2055
1999,2040
1995,2024
1994,2014
1992,2024
1992,1993
1995,2039
1977,2043
1990,2081
1987,2063
1995,2080
1978,2055
1995,2044
1984,2055
1989,2024
1981,2027
1999,2075
1992,2106
1996,2099
2007,2088
1997,2069
2010,2041
2007,2051
2014,1989
2009,2011
2017,2013
2031,2017
2027,2068
2041,2029
2041,2076
2043,2076
2053,2051
2055,2065
2065,2035
2072,2051
2087,2029
2088,2084
2096,2096
2091,2084
2107,2057
2103,2076
2116,2051
2115,2007
2125,2007
2119,2024
2129,2029
2136,2011
2131,2039
2141,2059
2150,2058
2151,2059
2146,2023
2148,2024
2146,2011
2144,2024
2145,2067
2138,2063
2144,2077
2130,2089
2135,2073
2123,2091
2128,2019
2123,2011
2119,2013
2112,2023
2104,2027
2106,2028
2094,2025
2092,2072
2087,2057
2076,2058
2077,2037
2070,2068
2056,2043
2063,2033
2035,2063
2039,2072
2024,2069
2027,2071
2009,2105
2016,2059
2009,2072
1998,2025
1995,2011
1994,2011
1987,2011
1989,2040
1971,2057
1977,2071
1968,2035
1973,2076
1963,2063
1961,2021
1965,2056
1965,2051
1967,2066
1967,2067
1967,2071
1969,2068
1969,2091
1970,2063
1965,2043
1976,2019
1978,2030
1985,2012
1992,2016
1999,2047
1995,2047
2000,2063
2003,2029
2018,2071
2017,2039
2019,2057
2025,2035
2033,2043
2041,2088
2053,2073
2054,2066
2065,2039
2069,2063
2068,2063
2081,2026
2071,2037
2087,2007
2096,2033
2093,2043
2115,2059
2121,2073
2117,2072
2120,2055
2124,2045
2119,2031
2135,2009
2135,2039
2133,2063
2145,2076
2139,2063
2137,2080
2135,2084
2136,2029
2125,2090
2131,2011
2131,2023
2135,2023
2128,2040
2123,2066
2115,2057
2115,2037
2106,2088
2104,2035
2100,2070
2093,2067
2093,2057
2088,2037
2083,2066
2080,2057
2067,2092
2063,2072
2057,2073
2059,2009
2029,2080
2039,2032
2029,2023
2032,2064
2021,2043
2016,2065
2013,2045
1997,2068
2000,2053
1986,2025
1992,2066
1992,2067
1983,2041
1980,2071
1990,2043
1987,2029
1973,2082
1979,2061
1971,2063
1973,2068
1983,2009
1979,2043
1980,2007
1992,2025
1990,2012
1992,2029
1991,2027
1991,2057
2007,2047
2007,2023
2006,2041
2003,2056
2020,2071
2023,2023
2029,2053
2040,2063
2048,2092
2056,2071
2059,2075
2043,2063
2072,2036
2080,2029
2073,2015
2087,2039
2093,2031
2095,2032
2092,2046
2103,2039
2107,2037
2111,2041
2117,2054
2129,2043
2132,2056
2131,2077
2127,2065
2136,2041
2145,2088
2144,2037
2139,2075
2152,2072
2148,2080
2141,2017
2143,2003
2140,2011
2137,2019
2131,2056
2143,2016
2123,2041
2123,2075
2120,2035
2105,2048
2112,2071
2100,2021
2099,2044
2090,2066
2089,2063
2077,2077
2082,2095
2079,2088
2071,2077
2051,2076
2055,2027
2041,2037
2035,2039
2036,2011
2026,2044
2017,2028
2009,2020
2011,2035
2009,2025
2000,2047
1995,2063
1984,2033
1982,2059
1983,2057
1979,2059
1980,2073
1985,2079
1978,2065
1971,2071
1971,2053
1976,2071
1971,2021
1975,2030
1977,2032
1969,2029
1983,2040
1979,2041
1984,2040
1987,2078
1995,2035
1993,2056
2010,2023
2009,2021
2018,2055
2020,2047
2024,2076
2027,2093
2035,2087
2040,2072
2040,2088
2045,2033
2063,2061
2056,2048
2063,2010
2074,2009
2077,2011
2075,2037
2090,2074
2075,2022
2103,2063
2100,2060
2115,2055
2111,2037
2127,2028
2109,2039
2135,2043
2131,2043
2136,2099
2135,2075
2131,2088
2129,2080
2138,2068
2138,2051
2139,2057
2132,2024
2136,2025
2131,2001
2135,2025
2129,2048
2123,2038
2130,2047
2123,2055
2109,2035
2111,2063
2112,2029
2099,2084
2099,2041
2099,2077
2088,2100
2084,2083
2069,2088
2067,2093
2065,2022
2053,2029
2044,2027
2041,2031
2035,2024
2029,2043
2017,2011
2008,2044
2005,2029
2016,2041
2001,2035
2001,2030
1995,2063
1991,2019
1992,2079
1983,2063
1976,2096
1973,2081
1969,2083
1973,2088
1963,2053
1973,2057
1957,2048
1966,2044
1971,2027
1973,2007
1971,2039
1980,2029
1980,2044
1979,2040
1976,1981
1980,2023
1996,2037
1997,2043
2009,2035
2004,2068
2008,2063
2012,2124
2020,2083
2015,2096
2028,2071
2021,2072
2038,2075
2040,2027
2055,2012
2064,2016
2071,2003
2063,2018
2077,2029
2073,2023
2085,2079
2091,2023
2096,2043
2099,2072
2101,2025
2120,2044
2116,2024
2125,2083
2121,2107
2133,2092
2137,2068
2144,2102
2133,2027
2150,2054
2150,2015
2155,2034
2152,2040
2151,2015
2151,2029
2155,2067
2149,2029
2152,2058
2145,2027
2145,2040
2144,2019
2130,2056
2127,2067
2127,2089
2117,2083
2104,2071
2105,2077
2099,2071
2093,2064
2090,2023
2080,2034
2077,2017
2071,2027
2072,2024
2057,2027
2054,2009
2052,2055
2037,2058
2023,2043
2025,2041
2022,2025
2008,2043
2003,2040
2000,2053
1991,2069
1979,2088
1974,2103
1979,2112
1973,2073
1971,2067
1971,2047
1975,2021
1968,2040
1967,2027
1971,2028
1972,2024
1971,2027
1965,2036
1971,2037
1978,2056
1980,2063
1979,2051
1980,2009
1989,2058
1992,2057
1998,2085
2001,2107
2003,2100
2016,2059
2019,2043
2029,2048
2033,2001
2037,2029
2052,2007
2066,2027
2072,2008
2076,2028
2082,2028
2089,2053
2086,2072
2098,2037
2111,2053
2104,2037
2114,2045
2123,2064
2135,2057
2132,2099
2139,2074
2149,2088
2149,2085
2156,2063
2159,2035
2157,2015
2168,2020
2170,2005
2168,1977
2172,2029
2169,2033
2171,2003
2174,2024
2163,2065
2165,2070
2169,2056
2160,2029
2153,2045
2165,2055
2148,2078
2150,2065
2140,2075
2135,2098
2131,2045
2130,2039
2131,2027
2124,2032
2118,2003
2107,2003
2109,2017
2100,2032
2101,2033
2087,2064
2079,2067
2071,2048
2063,2031
2071,2068
2057,2056
2055,2070
2037,2078
2036,2067
2027,2103
2025,2063
2011,2063
2024,2059
2011,2065
2016,2047
2009,2001
2007,2001
2013,2019
2005,2005
2007,2003
2015,2042
2012,2035
2004,2060
2010,2074
2011,2042
2019,2057
2023,2061
2019,2039
2025,2063
2032,2076
2033,2073
2040,2076
2037,2074
2041,2039
2040,2028
2062,2033
2072,2028
2076,2038
2072,2016
2071,2022
2083,2036
2091,2033
2099,2029
2099,2076
2092,2075
2105,2063
2113,2022
2124,2021
2130,2064
2124,2077
2137,2077
2137,2063
2144,2097
2148,2065
2155,2029
2152,2044
2155,2036
2156,2017
2169,2005
2161,2013
2171,2004
2172,2040
2168,2052
2168,2055
2163,2055
2161,2067
2165,2053
2153,2033
2159,2067
2157,2037
2140,2063
2148,2072
2139,2057
2131,2076
2136,2021
2126,2064
2128,2041
2117,2048
2112,2017
2103,2008
2101,2042
2101,2046
2092,2024
2085,2071
2075,2057
2072,2077
2063,2059
2065,2056
2041,2037
2041,2060
2042,2021
2033,2053
2031,2072
2017,2055
2015,2090
2016,2083
2012,2065
2015,2054
1996,2015
2006,2024
2004,2041
1999,2015
2005,2044
1999,2033
1989,2030
2000,2068
2001,2017
2002,2057
1996,2063
2001,2064
2001,2066
2009,2037
2007,2068
2016,2063
2011,2021
2010,2080
2025,2063
2029,2065
2035,2068
2033,2023
2045,2033
2053,2021
2047,2035
2063,2074
2069,2031
2075,2074
2073,2063
2081,2042
2088,2056
2097,2019
2101,2037
2093,2043
2108,2056
2108,2028
2123,2041
2119,2029
2128,2063
2131,2056
2135,2057
2134,2065
2136,2052
2137,2055
2141,2043
2148,2062
2145,2024
2145,2025
2141,2060
2143,2073
2143,2056
2148,2054
2141,2035
2135,2037
2136,2048
2136,2046
2132,2068
2127,2017
2125,2041
2108,2041
2107,2064
2103,2035
2098,2011
2089,2036
2087,2042
2074,2037
2072,2093
2072,2043
2057,2082
2065,2073
2055,2063
2029,2056
2030,2058
2027,2039
2021,2029
2021,2041
2015,2051
2012,2055
2003,2048
1993,2017
1987,2065
1984,2040
1984,2060
1974,2033
1971,2066
1980,2057
1976,2077
1974,2065
1973,2076
1973,2043
1959,2063
1968,2063
1965,2044
1965,2033
1975,2031
1971,2017
1981,2055
1978,2041
1981,2042
1980,2063
1990,2055
1987,2053
1992,2024
2007,2067
2007,2056
2001,2033
2022,2073
2022,2080
2030,2071
2033,2042
2026,2089
2039,2068
2053,2059
2055,2035
2065,2040
2065,2009
2081,2012
2088,2028
2087,2039
2103,2039
2102,2046
2109,2028
2105,2037
2120,2025
2119,2023
2121,2044
2127,2068
2132,2038
2131,2056
2131,2077
2131,2056
2138,2053
2140,2080
2137,2080
2136,2035
2136,2063
2129,2060
2125,2035
2128,2023
2119,2027
2128,2045
2115,2007
2112,2037
2104,2060
2093,2019
2099,2045
2089,2038
2091,2037
2075,2076
2079,2056
2067,2080
2063,2040
2067,2072
2064,2071
2053,2060
2040,2079
2029,2067
2037,2035
2028,2059
2017,2015
2018,2040
2015,2037
2005,2024
2005,2052
2004,2036
2000,2062
1995,2063
1999,2042
1981,2063
1993,2067
1996,2056
1977,2090
1990,2077
1979,2063
1976,2055
1972,2071
1984,2072
1987,2030
1975,2058
1997,2068
2000,2055
1991,2056
2000,2013
2005,2024
2011,2043
2015,2052
2022,2040
2024,2035
2019,2027
2027,2024
2036,2072
2024,2065
2035,2037
2039,2070
2043,2093
2045,2043
2057,2040
2065,2071
2072,2048
2076,2069
2083,2024
2087,2032
2095,2040
2096,2011
2101,2030
2110,2009
2105,2057
2119,2054
2125,2035
2133,2035
2129,2023
2137,2057
2141,2068
2144,2053
2147,2056
2147,2077
2149,2084
2145,2067
2162,2063
2158,2032
2159,2043
2169,2044
2163,2046
2171,2021
2173,2055
2159,2057
2173,2016
2171,2048
2169,2012
2169,2037
2161,2051
2157,2023
2160,2066
2157,2063
2151,2092
2147,2084
2144,2080
2133,2086
2133,2040
2136,2074
2124,2023
2107,2067
2115,2065
2108,2035
2107,2029
2090,2042
2091,2037
2084,2070
2073,2028
2071,2067
2063,2057
2030,2023
2034,2063
2028,2067
2024,2064
2008,2084
2007,2055
1992,2073
1994,2084
1992,2033
1987,2041
1975,2028
1989,2045
1981,2067
1981,2033
1983,2037
1979,2040
1992,2040
1987,2047
1984,2019
1988,2036
1989,2063
1989,2035
1995,2072
1993,2025
2011,2044
2012,2061
2015,2028
2018,2043
2025,2029
2032,2039
2040,2072
2053,2064
2055,2035
2075,2033
2080,2037
2083,2011
2095,2045
2104,2068
2105,2073
2120,2041
2126,2058
2132,2037
2137,2017
2140,2064
2141,2055
2145,2041
2156,2060
2153,2059
2164,2063
2163,2048
2160,2044
2155,2092
2163,2079
2151,2057
2152,2063
2155,2053
2138,2072
2149,2065
2148,2071
2146,2084
2139,2045
2148,2040
2134,2037
2130,2041
2127,2003
2109,2035
2107,2041
2091,2045
2087,2037
2088,2048
2079,2033
2076,2048
2069,2022
2043,2056
2039,2048
2029,2077
2028,2076
2021,2079
2015,2059
2009,2058
1995,2056
1997,2072
1996,2068
1997,2069
1993,2023
1976,2035
1982,2034
1990,2040
1992,2058
1984,2078
1979,2044
1982,2065
1984,2024
1989,2060
1979,2044
1994,2039
1984,2056
1999,2088
1992,2080
1998,2111
1990,2053
2002,2076
2015,2029
2024,2032
2024,2005
2040,2024
2043,2051
2068,2042
2065,2036
2077,2031
2091,2041
2091,2040
2105,2055
2118,2057
2121,2027
2128,2044
2135,2052
2136,2080
2144,2075
2150,2088
2145,2080
2157,2071
2159,2038
2168,2029
2172,2032
2181,2020
2187,2041
2185,2047
2195,2072
2203,2036
2207,2058
2203,2054
2206,2001
2203,2063
2209,2019
2209,2075
2206,2053
2213,2107
2204,2087
2199,2063
2191,2051
2186,2040
2181,2063
2176,2003
2168,2047
2169,1988
2151,2024
2155,2035
2145,2032
2144,2044
2137,2019
2133,2063
2145,2063
2144,2071
2147,2063
2152,2087
2149,2073
2153,2029
2145,2093
2143,2011
2145,2080
2137,2041
2137,2073
2130,1997
2127,2036
2121,2024
2120,2040
2120,2056
2111,2045
2117,2056
2124,2053
2117,2056
2119,2023
2118,2027
2128,2032
2128,2037
2127,2104
2123,2067
2141,2112
2136,2076
2146,2063
2139,2028
2147,2009
2143,2025
2147,2024
2155,2063
2154,2081
2150,2088
2147,2021
2149,2022
2152,2017
2145,2024
2150,2025
2153,2048
2152,2079
2151,2070
2164,2076
2156,2077
2172,2055
2173,2032
2180,2040
2185,2042
2185,2035
2188,2025
2191,2008
2190,2032
2196,2029
2188,2063
2191,2063
2194,2035
2195,2035
2191,2027
2197,2029
2207,2042
2201,2060
2199,2051
2208,2063
2213,2063
2215,2075
2210,2080
2199,2027
2200,2017
2197,2009
2189,2003
2187,2030
2195,2047
2182,2031
2184,2084
2168,2039
2174,2080
2157,2042
2151,1995
2147,2027
2143,2033
2129,2041
2117,2073
2115,2095
2102,2063
2087,2039
2088,2025
2067,2005
2072,2028
2058,2029
2063,2015
2052,2043
2033,2056
2025,2022
2021,2039
2005,2030
2007,2068
1996,2065
2001,2079
1982,2024
1975,2039
1989,2064
1972,2056
1975,2091
1971,2080
1976,2089
1971,2071
1968,2020
1965,2010
1964,2016
1964,1993
1975,2057
1973,2073
1973,2057
1983,2088
1981,2056
1989,2037
1991,2056
1992,2040
1994,2068
1990,2088
1984,2079
1989,2076
1992,2065
1992,2092
1991,2071
1978,2088
1992,2062
1979,2037
1988,2039
2000,2027
1994,2056
1996,2048
1997,2005
1992,2037
1991,2037
1995,2065
2004,2080
1995,2058
2007,2068
2009,2032
2000,2056
2003,2066
2009,2089
2000,2091
2007,2128
2002,2098
2002,2059
1996,2031
1993,2005
1996,2040
1999,2009
1997,2027
1992,2040
1987,2079
1977,2074
1983,2075
1981,2057
1985,2071
1984,2058
1975,2063
1980,2041
1984,2093
1988,2091
1979,2099
1974,2111
1982,2105
1969,2044
1959,2064
1965,2043
1955,2054
1945,2011
1949,2023
1948,2063
1946,2071
1944,2067
1944,2077
1945,2043
1936,2075
1931,2029
1943,2063
1941,2053
1937,2058
1944,2071
1938,2084
1941,2100
1941,2091
1951,2087
1946,2096
1948,2024
1943,2057
1943,2017
1941,2036
1946,2019
1959,2039
1962,2029
1968,2076
1981,2063
1991,2035
2000,2058
2010,2019
2012,2041
2033,2027
2044,2048
2052,2074
2044,2068
2067,2099
2063,2101
2070,2053
2071,2052
2082,2040
2088,2057
2087,2022
2087,2029
2095,2024
2094,2044
2091,2037
2096,2043
2087,2040
2092,2043
2090,2021
2088,1994
2089,2015
2084,2043
2083,2036
2072,2041
2071,2063
2067,2097
2069,2107
2056,2091
2044,2072
2039,2025
2039,2024
2026,2001
2033,2012
2025,2023
2022,2008
2018,2028
2011,2015
2015,2026
2023,2027
2019,2021
2019,2001
2015,2019
2021,2007
2011,2025
2027,2037
2024,2059
2017,2085
2009,2103
2008,2099
2001,2080
2000,2073
1997,2023
1991,2014
2000,2036
1993,2012
1991,2007
1999,2047
1996,2029
1997,2039
1999,2029
1993,2011
1980,1997
1979,2001
1980,2035
1974,2044
1966,2044
1967,2079
1963,2073
1949,2095
1953,2065
1947,2079
1951,2034
1943,2041
1948,2056
1939,2063
1940,2019
1944,2024
1937,1997
1951,2024
1952,2028
1953,2018
1964,2007
1961,1995
1976,2021
1977,1997
1982,2035
1995,2022
1993,2087
1997,2088
2005,2098
2011,2083
2011,2080
2021,2023
2030,2041
2033,2042
2055,2031
2067,2019
2063,2011
2082,2020
2091,2030
2100,1991
2105,1998
2103,2025
2116,2025
2120,2040
2124,2040
2123,2056
2136,2056
2137,2052
2144,2072
2152,2081
2152,2100
2153,2089
2160,2076
2164,2057
2164,2056
2169,2060
2184,2059
2191,2039
2196,2032
2200,2007
2197,2041
2203,2027
2201,2005
2203,1997
2208,2019
2199,2040
2195,2040
2198,2069
2195,2063
2197,2041
2196,2080
2190,2083
2188,2074
2171,2042
2183,2080
2184,2075
2173,2067
2173,2027
2173,2058
2164,2029
2155,2040
2164,2015
2146,2077
2158,2044
2143,1999
2135,2003
2138,2024
2123,1997
2118,2011
2117,2043
2124,2075
2101,2039
2104,2066
2093,2068
2095,2057
2084,2067
2084,2082
2075,2079
2070,2088
2075,2080
2058,2065
2067,2048
2055,2063
2058,2051
2048,2039
2036,2023
2040,2030
2035,2041
2035,2034
2036,1981
2033,2039
2045,2055
2037,2037
2041,2031
2060,2052
2055,2023
2067,2045
2077,2063
2073,2043
2081,2065
2085,2085
2087,2073
2091,2075
2113,2059
2114,2053
2119,2039
2124,2035
2135,2043
2135,2056
2146,2027
2152,2037
2153,2031
2158,2035
2151,2007
2153,2016
2157,2037
2167,2063
2166,2072
2155,2053
2160,2041
2163,2063
2160,2095
2152,2057
2152,2082
2151,2063
2151,2041
2148,2069
2136,2009
2140,2064
2132,2042
2131,2029
2129,2035
2120,2032
2117,2033
2109,2046
2113,2034
2103,2056
2108,2063
2103,2059
2091,2057
2103,2068
2100,2076
2097,2071
2089,2086
2088,2075
2090,2075
2088,2080
2089,2067
2082,2076
2083,2037
2079,2029
2086,2036
2081,2011
2084,2036
2081,2007
2088,2029
2076,2047
2071,2040
2079,2043
2073,2056
2071,2065
2063,2076
2067,2080
2072,2065
2071,2086
2063,2057
2077,2072
2067,2051
2076,2048
2075,2041
2080,2037
2083,2037
2080,2053
2089,2040
2085,2035
2088,1999
2087,2023
2087,2035
2083,2042
2088,2035
2085,2077
2087,2063
2090,2085
2096,2053
2089,2037
2097,2063
2088,2084
2096,2068
2099,2054
2100,2066
2108,2063
2104,2063
2115,2066
2115,2055
2122,2028
2122,2068
2131,2007
2123,2016
2136,2040
2125,2017
2139,2068
2123,2043
2131,2048
2124,2075
2130,2076
2126,2080
2127,2073
2113,2039
2103,2088
2109,2096
2107,2075
2100,2079
2101,2075
2096,2029
2101,2031
2091,2063
2089,2036
2087,2001
2089,2027
2088,2040
2088,2043
2076,2011
2085,2032
2080,2041
2072,2080
2073,2088
2059,2079
2065,2094
2068,2104
2055,2068
2061,2084
2042,2073
2048,2088
2041,2063
2038,2064
2044,2079
2037,2043
2036,2011
2040,2029
2043,2017
2039,2019
2045,2027
2042,2017
2044,2019
2040,2013
2055,2031
2036,2041
2042,2090
2053,2057
2041,2088
2046,2065
2046,2054
2037,2088
2044,2080
2041,2039
2035,2068
2047,2068
2051,1997
2046,2053
2040,2026
2041,2044
2048,2009
2055,2011
2037,2010
2048,2035
2053,2043
2062,2047
2054,2068
2055,2057
2063,2080
2059,2045
2065,2063
2068,2071
2063,2063
2059,2035
2072,2076
2070,2054
2067,2024
2069,2058
2068,2032
2065,2011
2065,2029
2071,2015
2067,2009
2071,2040
2071,2020
2072,2040
2072,2051
2063,2055
2067,2070
2070,2045
2063,2073
2063,2032
2043,2063
2053,2076
2041,2060
2038,2057
2035,2056
2025,2055
2022,2047
2020,2043
2011,2021
2015,2051
2005,2019
2013,2030
2005,2065
2004,2035
1992,2040
1995,2059
1995,2023
1979,2063
1965,2040
1981,2036
1971,2041
1965,2043
1964,2086
1968,2028
1972,2072
1963,2067
1967,2063
1963,2067
1968,2035
1961,2043
1966,2066
1961,2044
1957,2029
1975,2043
1965,2067
1973,2063
1966,2055
1971,2059
1971,2079
1981,2055
1976,2074
1993,2076
1995,2045
1993,2055
1993,2076
2008,2072
2005,2037
2019,2063
2024,2080
2018,2011
2027,2037
2033,2067
2041,2055
2054,2056
2063,2053
2065,2011
2073,2045
2079,2039
2086,2080
2089,2064
2098,2028
2093,2063
2104,2045
2109,2072
2112,2053
2129,2071
2119,2065
2129,2063
2135,2043
2135,2024
2143,2063
2137,2045
2147,2027
2157,2053
2161,2055
2161,2053
2157,2023
2159,2037
2168,2019
2163,2019
2167,2053
2165,2039
2168,2071
2155,2043
2166,2047
2155,2035
2153,2044
2159,2064
2149,2082
2145,2069
2144,2053
2143,2078
2140,2063
2136,2045
2133,2063
2135,2048
2127,2023
2120,2042
2106,2009
2105,2043
2101,2028
2096,2036
2087,2041
2096,2060
2092,2044
2082,2040
2081,2047
2073,2043
2068,2073
2071,2037
2055,2041
2057,2069
2052,2066
2037,2071
2043,2039
2054,2065
2041,2039
2045,2046
2037,2063
2041,2035
2042,2075
2036,2043
2042,2041
2045,2024
2045,2038
2056,2023
2047,2035
2055,2045
2059,2009
2061,2027
2053,2052
2057,2029
2066,2091
2067,2055
2065,2067
2072,2044
2070,2072
2073,2076
2080,2033
2081,2033
2080,2033
2083,2063
2096,2029
2091,2039
2109,2039
2102,2025
2110,2065
2113,2027
2118,2029
2115,2007
2122,2032
2131,2066
2138,2062
2137,2056
2139,2012
2143,2037
2133,2064
2144,2065
2147,2054
2148,2037
2153,2040
2147,2055
2153,2063
2152,2024
2153,2019
2155,2027
2143,2041
2150,2040
2152,2035
2152,2027
2151,2041
2138,2025
2144,2067
2136,2009
2135,2063
2132,2069
2136,2054
2128,2031
2115,2072
2126,2063
2112,2055
2105,2042
2109,2063
2095,2065
2085,2057
2089,2011
2084,2068
2079,2066
2071,2040
2076,2072
2072,2071
2063,2063
2057,2072
2048,2073
2047,2071
2051,2073
2039,2070
2033,2062
2035,2069
2030,2085
2025,2030
2024,2070
2025,2057
2020,2044
2016,2044
2027,2046
2027,2062
2019,2067
2022,2041
2029,2047
2028,2060
2028,2044
2025,2055
2033,2059
2027,2031
2043,2045
2043,2081
2056,2084
2045,2071
2056,2058
2062,2056
2056,2057
2064,2058
2059,2017
2057,2043
2066,2020
2071,2068
2079,2021
2083,2030
2085,2065
2087,2041
2089,2035
2088,2037
2097,2072
2093,2065
2107,2022
2110,2068
2121,2081
2119,2053
2117,2065
2121,2064
2115,2055
2128,2069
2128,2071
2119,2068
2124,2076
2121,2058
2117,2034
2119,2033
2107,2032
2112,2027
2107,2041
2099,2025
2089,2025
2085,2013
2091,2060
2080,2057
2083,2057
2076,2056
2065,2080
2077,2057
2069,2023
2057,2063
2063,2078
2052,2067
2039,2065
2030,2065
2032,2066
2021,2027
2025,2063
2010,2020
2008,2039
2001,2039
2003,2071
1988,2019
1984,2056
1984,2041
1977,2055
1978,2060
1977,2063
1970,2039
1976,2068
1976,2080
1979,2028
1980,2075
1973,2069
1977,2069
1977,2039
1976,2037
1978,2063
1983,2044
1977,2066
1980,2041
1981,2056
1993,2063
1995,2036
1993,2025
2009,2046
2012,2029
2024,2061
2028,2024
2029,2063
2025,2057
2039,2043
2063,2085
2057,2043
2063,2037
2084,2056
2080,2043
2092,2048
2104,2035
2105,2071
2105,2035
2117,2057
2128,2039
2131,2007
2139,2017
2139,2024
2139,2019
2158,2055
2159,2055
2155,2025
2169,2034
2176,2041
2181,2040
2181,2064
2183,2072
2188,2075
2192,2063
2189,2068
2194,2068
2185,2024
2185,2072
2187,2023
2192,2052
2183,2045
2179,2059
2175,2059
2161,2019
2161,2040
2160,2063
2157,2064
2148,2055
2137,2015
2138,2047
2139,2047
2125,2077
2122,2040
2112,2041
2100,2088
2106,2037
2091,2057
2081,2066
2078,2073
2077,2054
2071,2025
2066,2040
2064,2060
2057,2034
2047,2069
2039,2032
2038,2066
2029,2035
2027,2039
2025,2055
2024,2063
2023,2015
2027,2066
2028,2037
2030,2043
2034,2072
2032,2044
2037,2039
2035,2043
2052,2057
2044,2051
2056,2066
2067,2063
2068,2058
2077,2041
2073,2065
2087,2063
2093,2061
2100,2063
2099,2026
2117,2041
2118,2048
2110,2067
2125,2007
2136,2061
2135,2054
2136,2039
2148,2045
2161,2067
2155,2074
2167,2057
2170,2021
2179,2065
2179,2036
2191,2043
2200,2064
2196,2070
2195,2043
2205,2046
2200,2060
2204,2027
2203,2026
2207,2055
2211,2053
2203,2030
2210,2023
2208,2040
2212,2055
2199,2037
2208,2062
2193,2024
2201,2056
2198,2056
2185,2041
2184,2056
2179,2070
2165,2037
2165,2041
2160,2088
2158,2056
2137,2076
2142,2032
2121,2041
2123,2056
2119,2060
2103,2072
2093,2040
2089,2048
2079,2060
2071,2044
2066,2011
2055,2068
2041,2037
2035,2045
2032,2056
2009,2064
2012,2072
2012,2029
2001,2078
1997,2043
1998,2070
1977,2045
1985,2021
1971,2041
1963,2024
1962,2068
1967,2034
1961,2029
1961,2054
1963,2035
1963,2023
1949,2036
1958,2048
1967,2047
1953,2040
1968,2040
1959,2039
1970,2023
1971,2025
1981,2058
1984,2071
1984,2021
1997,2051
2003,2079
2011,2059
2009,2054
2016,2059
2024,2029
2030,2027
2039,2059
2029,2041
2040,2059
2058,2057
2053,2075
2068,2027
2065,2033
2074,2072
2076,2043
2087,2080
2093,2043
2089,2033
2100,2077
2101,2025
2113,2056
2112,2035
2115,2043
2109,2056
2123,2039
2126,2035
2123,2070
2121,2028
2129,2037
2127,2060
2126,2064
2136,2056
2121,2015
2124,2067
2123,2068
2128,2071
2107,2027
2124,2068
2111,2029
2115,2033
2117,2063
2099,2027
2104,2063
2096,2059
2089,2033
2092,2058
2084,2033
2075,2072
2071,2028
2063,2042
2071,2084
2057,2036
2043,2079
2043,2043
2037,2055
2024,2045
2024,2055
2011,2033
2023,2067
2003,2037
2002,2059
2000,2033
1989,2056
1989,2055
1981,2043
1979,2019
1975,2033
1966,2037
1968,2021
1969,2062
1968,2037
1975,2063
1959,2025
1966,2052
1963,2039
1976,2075
1981,2071
1953,2039
1975,2058
1969,2028
1972,2072
1981,2065
1986,2055
1987,2048
1999,2048
1995,2055
1999,2074
2004,2061
2009,2036
2016,2063
2022,2060
2028,2033
2032,2032
2036,2045
2047,2055
2039,2056
2056,2063
2068,2042
2072,2059
2076,2063
2075,2065
2088,2043
2088,2064
2094,2072
2099,2063
2101,2063
2111,2059
2107,2025
2117,2043
2125,2056
2127,2039
2126,2055
2129,2025
2133,2035
2133,2063
2134,2063
2135,2070
2133,2024
2134,2032
2129,2074
2123,2043
2127,2071
2120,2072
2124,2045
2124,2062
2113,2027
2117,2042
2107,2065
2111,2033
2099,2053
2097,2053
2093,2054
2092,2048
2093,2028
2080,2053
2075,2044
2074,2012
2069,2066
2063,2055
2042,2055
2053,2035
2054,2035
2040,2072
2040,2040
2036,2074
2024,2025
2023,2058
2020,2042
2006,2056
2008,2074
1997,2063
2005,2063
2003,2066
2002,2041
1999,2039
2000,2059
1992,2030
1988,2063
1981,2040
1996,2046
1989,2043
1995,2032
1996,2068
1991,2033
1996,2036
1996,2035
2001,2045
2001,2018
2008,2063
2007,2024
2007,2076
2008,2056
2012,2048
2015,2055
2020,2025
2028,2008
2030,2048
2032,2028
2035,2028
2048,2006
2054,2069
2044,2063
2056,2051
2063,2035
2073,2064
2071,2056
2072,2052
2083,2068
2080,2055
2091,2043
2089,2063
2099,2022
2092,2063
2092,2051
2104,2029
2107,2059
2104,2054
2101,2041
2105,2067
2116,2024
2107,2041
2106,2044
2107,2056
2112,2048
2099,2067
2101,2053
2097,2026
2096,2033
2094,2068
2089,2066
2088,2043
2075,2068
2080,2046
2076,2066
2077,2048
2059,2019
2060,2070
2045,2068
2039,2033
2047,2047
2039,2044
2032,2054
2028,2052
2017,2041
2011,2073
2011,2046
2002,2068
2005,2028
2003,2067
1996,2028
1979,2040
1988,2056
1984,2029
1973,2066
1979,2056
1978,2051
1973,2056
1976,2029
1964,2019
1965,2039
1971,2056
1971,2045
1972,2037
1973,2066
1980,2060
1979,2015
1984,2047
1985,2063
1999,2045
1993,2083
2001,2035
2008,2073
2007,2070
2009,2066
2027,2057
2019,2033
2035,2038
2035,2023
2036,2019
2051,2040
2057,2047
2063,2031
2069,2005
2075,2044
2083,2033
2093,2071
2091,2043
2104,2045
2121,2048
2120,2057
2119,2032
2126,2039
2133,2017
2136,2044
2145,2004
2153,2033
2164,2059
2164,2044
2166,2042
2167,2029
2169,2053
2176,2037
2174,2082
2173,2059
2168,2040
2180,2070
2171,2053
2179,2072
2180,2027
2167,2057
2165,2028
2168,2047
2166,2072
2154,2040
2155,2033
2146,2010
2149,2063
2139,2051
2127,2039
2130,2040
2129,2037
2107,2057
2107,2067
2105,1980
2099,2080
2094,1976
2092,2118
2067,1981
2075,2134
2071,1937
2063,2281
2048,1952
2055,2007
2039,1991
2033,2004
2036,2044
2020,1957
2022,1992
2021,2112
2011,2063
2007,2040
2015,2077
2008,2075
2010,2016
2005,2106
2001,2085
2011,2041
2010,2097
2009,2017
2011,2067
2009,2075
2011,2080
2023,2000
2011,2028
2025,2019
2039,2046
2035,2065
2035,2091
2035,2036
2053,2027
2057,2095
2063,2063
2075,2066
2071,1980
2083,2001
2093,2034
2093,2091
2098,2099
2103,2073
2105,2063
2118,2056
2125,2029
2134,2024
2131,2052
2133,2036
2150,1995
2155,1991
2159,2087
2166,2096
2167,2101
2163,2033
2169,2079
2171,1995
2173,2009
2171,2020
2189,2011
2184,2087
2173,2104
2170,2104
2176,2093
2167,2078
2167,2020
2168,2042
2164,2044
2160,2009
2167,2048
2156,2021
2139,2053
2131,2075
2135,2088
2125,2085
2109,2059
2112,2023
2102,2029
2089,2012
2085,2075
2080,2100
2068,2091
2072,2094
2043,2075
2035,2027
2036,2040
2023,2004
2018,1995
2009,2040
2001,2024
1993,2059
1984,2094
1973,2080
1967,2080
1962,2073
1951,2041
1945,2033
1937,2021
1931,2039
1938,2064
1923,2103
1927,2058
1931,2112
1915,2023
1921,2075
1918,2031
1911,2037
1913,2032
1914,2021
1919,2053
1916,2045
1918,2088
1927,2106
1928,2040
1927,2064
1928,2036
1925,2035
1933,2022
1944,2068
1949,2071
1951,2063
1956,2103
1955,2099
1962,2090
1967,2043
1971,2000
1980,2037
1979,2005
2001,2029
2005,2054
2001,2051
2017,2108
2016,2091
2024,2104
2017,2072
2039,2013
2043,2023
2062,2023
2055,2037
2056,2072
2057,2089
2072,2091
2071,2045
2067,2058
2076,2017
2077,2039
2079,1996
2075,1981
2079,2029
2073,2026
2075,2087
2067,2104
2069,2090
2071,2037
2068,2048
2068,2067
2057,2051
2056,2038
2044,2068
2039,2039
2042,2101
2039,2027
2027,2077
2036,2035
2039,2043
2040,2039
2035,2001
2040,2043
2036,2041
2032,2065
2029,2087
2021,2065
2015,2065
2009,2040
1994,2048
1984,2024
1971,2035
1960,2034
1954,2037
1946,2076
1949,2096
1941,2097
1936,2062
1940,2040
1929,2040
1931,1996
1931,2021
1933,2021
1937,2065
1939,2057
1932,2075
1941,2074
1931,2086
1931,2032
1920,2069
1915,2043
1912,2104
1913,2053
1898,2080
1904,2043
1899,2013
1895,2032
1890,2008
1896,2056
1892,2051
1893,2059
1905,2025
1904,2023
1913,2056
1913,2067
1920,2053
1925,2079
1915,2090
1920,2071
1924,2071
1931,2083
1924,2074
1918,2029
1912,2033
1925,2032
1915,2072
1924,2033
1923,2034
1931,1961
1941,2017
1946,1989
1949,2044
1967,2035
1969,2075
1984,2029
1991,2027
2008,2027
2015,2027
2031,2029
2047,2041
2057,2065
2071,2009
2093,2069
2102,2034
2087,2040
2093,2007
2105,2015
2108,2004
2111,1993
2106,2035
2119,2008
2135,2061
2121,2035
2127,2023
2137,2032
2131,2067
2145,2023
2141,2027
2152,2048
2149,2028
2161,2047
2167,2075
2171,2024
2167,2070
2184,2005
2173,2045
2181,1992
2173,1999
2185,2063
2179,2007
2181,2054
2167,2010
2168,2074
2163,2081
2157,2069
2140,2024
2127,2058
2128,2038
2121,2039
2118,2057
2115,2065
2106,2056
2104,2074
2097,2022
2092,2037
2083,1999
2093,2032
2071,2005
2068,2007
2071,2076
2063,2044
2059,2069
2053,2041
2043,2081
2034,2007
2027,2053
2039,2043
2024,2076
2024,2039
2019,2052
2020,2057
2019,2023
2015,2070
2015,2035
2019,2016
2015,2014
2011,2051
2027,2009
2036,2039
2058,2063
2056,2059
2067,2054
2083,2055
2092,2043
2109,2077
2109,2027
2123,2056
2136,2058
2143,2033
2156,2096
2155,2029
2167,2043
2173,2032
2192,2029
2199,2016
2208,2021
2223,2027
2233,2062
2240,2003
2247,2088
2267,2063
2270,2056
2277,2071
2281,2055
2287,2017
2299,2091
2311,2057
2317,2073
2321,2085
2328,2064
2321,2089
2321,2033
2316,2040
2311,2011
2304,2000
2295,2007
2293,2032
2281,2063
2277,2083
2265,2074
2253,2100
2250,2072
2235,2063
2229,2053
2227,2084
2201,2037
2203,2094
2193,2019
2184,2076
2173,2063
2157,2011
2143,2039
2128,2052
2107,2028
2107,2060
2085,2036
2075,2055
2075,2068
2057,2057
2043,2078
2037,2083
2026,2079
2024,2073
2012,2074
1997,2063
2001,2071
1981,2057
1971,2093
1968,2011
1956,2079
1949,2063
1945,2040
1939,2033
1929,2017
1933,2039
1928,2032
1925,2027
1909,2071
1907,2023
1901,2039
1904,2066
1895,2075
1896,2019
1902,2066
1902,2064
1908,2063
1908,2078
1909,2037
1909,2082
1920,2011
1923,2080
1929,2008
1941,2003
1949,1988
1953,2040
1960,2007
1955,2064
1964,2029
1962,2085
1977,2073
1976,2080
1975,2076
1992,2068
1993,2077
2007,2075
2016,2072
2021,2065
2026,2056
2030,2017
2040,2099
2046,2012
2040,2037
2052,2009
2055,2055
2062,2022
2063,2039
2069,2079
2059,2065
2066,2053
2068,2063
2072,2081
2073,2077
2073,2083
2072,2088
2073,2077
2063,2091
2064,2067
2065,2080
2063,2065
2063,2056
2055,2021
2059,2054
2054,2037
2054,2048
2043,2024
2052,2082
2036,2065
2038,2083
2035,2089
2037,2063
2039,2065
2037,2063
2027,2095
2032,2053
2035,2063
2040,2079
2030,2065
2028,2068
2024,2067
2034,2043
2029,2052
2040,1995
2039,2027
2041,2021
2044,2059
2063,2080
2042,2080
2063,2072
2075,2060
2075,2037
2075,2063
2083,2043
2090,2041
2090,2058
2104,2040
2104,2044
2116,2063
2119,2041
2123,2053
2137,1989
2143,2012
2160,2009
2163,2003
2163,2035
2179,2024
2190,2042
2189,2063
2189,2065
2200,2077
2196,2066
2187,2037
2197,2025
2203,2040
2188,2088
2191,2041
2203,2043
2191,2042
2198,2027
2188,2035
2184,1995
2187,2011
2172,2035
2165,2005
2171,2030
2149,2037
2152,2080
2138,2073
2124,2039
2122,2045
2107,2027
2099,2061
2082,2057
2069,2040
2065,2074
2043,2072
2029,2055
2023,2027
2010,2031
2000,2028
1976,2001
1970,2033
1947,2009
1930,2027
1929,2046
1917,2067
1902,2074
1896,2055
1881,2025
1875,2063
1871,2076
1863,2089
1856,2025
1854,2057
1840,2061
1837,2009
1843,2056
1841,2045
1835,2028
1827,2035
1836,2022
1832,2020
1825,2001
1833,2021
1831,2051
1837,2037
1837,2040
1831,2048
1848,2068
1852,2035
1864,2047
1867,2039
1878,2063
1889,2082
1900,2025
1904,2063
1928,2024
1934,2032
1945,2024
1958,2020
1960,2026
1980,2051
1996,2025
2011,2033
2021,2066
2032,2065
2056,2072
2063,2058
2069,2039
2088,2053
2101,2041
2117,2036
2123,2091
2137,2063
2148,2063
2156,2020
2163,2019
2173,2045
2182,2040
2183,2023
2187,2063
2197,2011
2203,2065
2200,2056
2207,2059
2208,2055
2187,2067
2195,2064
2200,2063
2193,2053
2196,2095
2192,2075
2187,2088
2184,2083
2173,2081
2166,2055
2163,2044
2165,2041
2151,2043
2151,2048
2144,2037
2135,2057
2135,2072
2123,2080
2105,2072
2103,2055
2097,2089
2079,2057
2069,2088
2068,2079
2055,2071
2048,2100
2043,2072
2031,2072
2032,2033
2017,2066
2016,2035
2003,2060
2000,2039
2001,2062
1996,2044
1979,2051
1979,2074
1980,2088
1971,2075
1973,2076
1965,2063
1972,2065
1973,2055
1979,2072
1966,2067
1979,2067
1984,2061
1993,2034
1989,2069
1989,2033
1997,2051
2000,2006
1999,2065
2007,1995
2007,2040
2013,2031
2012,2041
2019,2065
2025,2035
2030,2051
2037,2027
2039,2029
2065,2039
2071,2071
2069,2058
2081,2035
2097,2040
2096,2045
2104,2066
2113,2037
2107,2011
2115,2047
2108,1992
2117,2023
2121,2042
2121,2025
2115,2045
2126,2066
2124,2027
2115,2045
2113,2029
2115,2053
2121,2041
2124,2067
2108,2041
2113,2025
2109,2025
2108,2040
2109,2017
2103,2026
2099,2045
2087,2011
2079,2037
2075,2021
2072,2040
2070,1990
2057,2053
2039,2059
2040,2064
2031,2027
2023,2051
2024,2048
2005,2021
2008,2063
2003,2041
2001,2043
1997,2055
1995,2047
1997,2025
1991,2025
1993,2027
2000,2048
2000,2032
2000,2017
1993,2023
2001,2073
2001,2035
2003,2060
2007,2041
2008,2065
2008,2039
2016,2041
2021,2047
2032,2040
2041,2058
2055,2063
2055,2066
2066,2037
2067,2054
2073,2020
2071,2007
2075,2034
2082,2024
2075,2042
2083,2040
2083,2023
2081,2063
2088,2039
2104,2064
2092,2068
2104,2048
2099,2037
2103,2063
2103,2040
2109,2059
2110,2054
2101,2040
2122,2059
2104,2043
2103,2028
2115,2068
2108,2028
2105,2070
2103,2056
2091,2053
2099,2056
2091,2031
2096,2033
2088,2074
2081,2067
2078,2068
2082,2053
2065,2043
2073,2040
2063,2021
2066,2015
2066,2063
2056,2077
2055,2058
2033,2037
2040,2039
2026,2046
2024,2071
2017,2028
2012,2079
1997,2080
1995,2059
1995,2077
1984,2081
1988,2075
1980,2054
1981,2071
1982,2045
1971,2039
1977,2036
1976,2063
1977,2065
1975,2075
1976,2079
1976,2080
1965,2069
1976,2063
1967,2072
1978,2027
1972,2023
1989,2067
1987,2071
1992,2072
1989,2065
2008,2076
2003,2041
2007,2069
2025,2053
2037,2041
2028,2019
2040,2063
2055,2041
2055,2064
2069,2078
2071,2055
2084,2075
2089,2041
2099,2071
2103,2051
2108,2070
2115,2030
2113,2037
2131,2065
2131,2068
2139,2060
2136,2066
2151,2066
2149,2039
2155,2063
2161,2023
2163,2053
2163,2078
2171,2063
2168,2063
2168,2065
2173,2056
2185,2052
2162,2056
2176,2005
2149,2055
2168,2033
2163,2027
2161,2065
2155,2061
2159,2027
2152,2058
2140,2059
2146,2039
2145,2038
2131,2027
2125,2033
2126,2063
2112,2043
2106,2066
2091,2035
2075,2037
2072,2043
2072,2053
2054,2044
2037,2055
2034,2057
2029,2041
2019,2057
2012,2065
2004,2061
1997,2040
1993,2022
1984,2020
1970,2009
1961,2035
1954,2029
1956,2053
1951,2056
1936,2041
1933,2076
1915,2054
1912,2060
1901,2079
1895,2036
1883,2028
1893,2063
1887,2035
1881,2029
1893,2062
1883,2021
1890,2051
1881,2040
1884,2040
1896,2047
1899,2025
1896,2037
1906,2044
1902,2051
1909,2069
1911,2088
1918,2039
1926,2029
1936,2072
1937,2067
1943,2024
1952,2056
1948,2035
1959,2034
1973,2027
1979,2042
1995,2042
1998,2054
2011,2021
2024,2042
2032,2033
2035,2072
2048,2029
2058,2021
2065,2034
2072,2080
2079,2069
2085,2071
2096,2079
2094,2053
2111,2071
2120,2076
2130,2062
2134,2047
2130,2035
2151,2015
2146,2024
2157,2031
2160,2035
2159,2035
2163,2040
2153,2067
2155,2035
2164,2068
2158,2046
2153,2068
2155,2040
2157,2069
2147,2027
2152,2065
2146,2068
2136,2063
2137,2056
2136,2059
2137,2008
2131,2040
2128,2048
2118,2041
2121,2057
2110,2039
2104,2068
2104,2005
2097,2039
2087,2041
2088,2063
2080,2068
2076,2088
2063,2042
2067,2075
2056,2063
2041,2026
2037,2070
2040,2055
2043,2063
2037,2077
2036,2021
2033,2069
2029,2057
2034,2043
2025,2010
2035,2045
2019,2025
2027,2040
2024,2060
2028,2063
2019,2037
2024,2070
2023,2063
2025,2057
2032,2088
2022,2075
2029,2056
2027,2019
2039,2063
2034,2028
2053,2040
2057,2053
2059,2023
2069,2041
2059,2033
2073,2015
2080,2063
2078,2080
2078,2045
2088,2059
2085,2047
2083,2053
2088,2039
2093,2066
2089,2039
2100,2067
2116,2068
2108,2055
2104,2020
2115,2040
2118,2053
2124,2059
2127,2059
2123,2040
2128,2039
2123,2056
2123,2040
2121,2056
2124,2076
2119,2033
2120,2053
2103,2015
2108,2066
2100,2072
2103,2053
2095,2048
2088,2068
2089,2035
2079,2039
2076,2019
2075,2074
2068,2059
2063,2058
2056,2045
2044,2068
2035,2027
2023,2035
2023,2057
2020,2058
2012,2071
1994,2071
1987,2063
1999,2071
1975,2075
1968,2072
1965,2052
1963,2063
1961,2065
1947,2054
1946,2058
1940,2055
1937,2051
1934,2074
1928,2037
1932,2063
1928,2009
1926,2063
1927,2070
1930,2054
1928,2055
1934,2068
1929,2063
1932,2041
1932,2029
1932,2076
1948,2056
1945,2025
1959,2080
1960,2048
1961,2021
1968,2063
1965,2064
1975,2023
1995,2056
1991,2017
2004,2061
2009,2068
2009,2035
2022,2055
2031,2072
2039,2055
2040,2073
2055,2075
2059,2068
2069,2057
2069,2057
2081,2059
2091,2039
2096,2056
2099,2029
2108,2055
2111,2024
2123,2040
2125,2039
2125,2068
2125,2009
2129,2065
2117,2066
2127,2072
2128,2057
2136,2068
2136,2056
2123,2027
2127,2070
2127,2090
2121,2067
2120,2041
2120,2040
2112,2051
2101,2039
2100,2045
2097,2023
2084,2043
2073,2053
2069,2059
2067,2054
2053,2055
2045,2036
2028,2045
2020,2057
2011,2068
2011,2053
1994,2039
1981,2069
1979,2027
1973,2043
1959,2048
1952,2011
1955,2039
1943,2056
1933,2040
1931,2046
1934,2027
1916,2035
1907,2063
1909,2021
1901,2040
1908,2067
1908,2056
1895,2066
1904,2017
1909,2056
1909,2045
1907,2023
1905,2019
1909,2056
1923,2041
1927,2063
1926,2041
1933,2024
1943,2043
1943,2057
1961,2055
1966,2058
1963,2056
1975,2021
1989,2061
2005,2019
1997,2060
2020,2048
2027,2025
2032,2044
2039,2063
2036,2065
2044,2019
2067,2055
2071,2060
2084,2030
2089,2058
2104,2041
2104,2032
2112,2030
2121,2037
2132,2043
2131,2056
2133,2028
2139,2058
2146,2044
2147,2022
2151,2033
2152,2028
2160,2066
2167,2063
2157,2053
2168,2066
2156,2065
2168,2042
2160,2073
2153,2023
2158,2063
2158,2040
2148,2056
2137,2041
2139,2045
2139,2040
2136,2060
2120,2026
2128,2066
2112,2037
2099,2054
2096,2071
2085,2066
2084,2060
2073,2019
2074,2072
2060,2023
2048,2037
2043,2056
2031,2063
2026,2041
2019,2041
2012,2033
1995,2054
1995,2035
1974,2041
1978,2040
1976,2070
1960,2031
1960,2056
1952,2065
1947,2063
1948,2066
1943,2045
1930,2072
1931,2067
1938,2053
1935,2058
1932,2048
1925,2058
1917,2055
1932,2047
1928,2072
1926,2057
1937,2066
1933,2039
1928,2074
1938,2065
1944,2054
1944,2044
1945,2027
1952,2043
1959,2051
1967,2036
1960,2063
1965,2054
1979,2031
1992,2048
1990,2071
1995,2072
2007,2053
2011,2073
2015,2041
2028,2059
2036,2071
2042,2045
2047,2065
2040,2040
2059,2044
2066,2057
2067,2048
2073,2043
2073,2041
2082,2043
2093,2039
2103,2057
2107,2063
2107,2059
2102,2070
2113,2033
2123,2027
2121,2067
2115,2057
2123,2071
2121,2048
2119,2061
2120,2056
2117,2044
2118,2021
2119,2041
2115,2043
2110,2069
2107,2069
2105,2066
2108,2074
2098,2068
2095,2072
2092,2072
2085,2076
2084,2063
2072,2021
2077,2043
2068,2063
2063,2035
2063,2067
2058,2059
2044,2054
2040,2025
2037,2011
2023,2041
2023,2066
2011,2052
2016,2043
2003,2020
2008,2065
2003,2062
2000,2033
1989,2060
1987,2072
1981,2065
1989,2045
1984,2070
1981,2040
1977,2051
1977,2063
1973,2063
1977,2064
1986,2068
1986,2044
1981,2055
1992,2069
1997,2045
1993,2053
1979,2011
1995,2043
1999,2035
2007,2063
2007,2056
2015,2029
2011,2057
2011,2040
2019,2086
2032,2060
2031,2035
2032,2056
2039,2047
2054,2064
2043,2042
2055,2043
2066,2056
2067,2053
2063,2040
2080,2011
2080,2056
2084,2029
2085,2040
2085,2047
2093,2035
2098,2040
2107,2041
2099,2025
2111,2047
2112,2032
2120,2054
2103,2056
2111,2071
2115,2058
2112,2034
2124,2068
2113,2029
2109,2041
2111,2041
2108,2048
2106,2054
2092,2027
2095,2035
2087,2022
2087,2055
2084,2021
2077,2063
2063,2034
2066,2071
2059,2027
2056,2035
2046,2071
2039,2043
2033,2029
2021,2048
2024,2039
2015,2041
2016,2068
2003,2034
2004,2059
1991,2060
1992,2063
1981,2066
1976,2055
1965,2052
1963,2048
1960,2052
1952,2063
1960,2072
1943,2067
1941,2056
1943,2052
1933,2041
1942,2011
1931,2043
1935,2054
1937,2057
1941,2037
1927,2035
1939,2043
1942,2056
1948,2069
1943,2058
1952,2055
1949,2057
1961,2072
1959,2069
1967,2053
1973,2072
1979,2059
1979,2048
1989,2029
1981,2064
1993,2078
1996,2043
2014,2043
2017,2056
2025,2055
2029,2036
2039,2029
2053,2063
2055,2068
2066,2065
2065,2067
2071,2068
2078,2059
2080,2068
2092,2076
2104,2045
2097,2072
2110,2041
2105,2066
2120,2039
2125,2063
2132,2058
2124,2037
2140,2056
2143,2053
2143,2080
2129,2066
2139,2029
2143,2064
2136,2070
2136,2043
2137,2063
2129,2060
2130,2065
2129,2063
2125,2040
2123,2058
2099,2065
2104,2069
2100,2065
2096,2053
2091,2043
2078,2041
2083,2063
2072,2055
2067,2046
2057,2039
2043,2057
2035,2041
2032,2064
2022,2057
2005,2033
2013,2061
1994,2063
1979,2057
1980,2068
1977,2071
1973,2063
1957,2072
1947,2021
1945,2056
1944,2046
1941,2036
1929,2039
1930,2037
1927,2055
1928,2041
1916,2042
1917,2063
1917,2072
1911,2024
1915,2044
1907,2021
1919,2039
1921,2023
1917,2071
1917,2068
1920,2048
1925,2037
1927,2056
1934,2048
1937,2027
1939,2056
1946,2041
1953,2060
1951,2023
1955,2056
1965,2063
1976,2052
1978,2046
1984,2048
1991,2008
2007,2045
2004,2053
2008,2040
2012,2051
2021,2066
2029,2056
2039,2039
2040,2043
2054,2020
2055,2025
2064,2053
2063,2054
2067,2057
2073,2011
2080,2063
2084,2063
2083,2063
2088,2041
2091,2035
2093,2057
2088,2044
2087,2071
2089,2071
2089,2055
2082,2063
2081,2039
2082,2059
2079,2047
2073,2035
2069,2027
2067,2053
2065,2048
2066,2063
2043,2053
2041,2071
2048,2056
2037,2058
2025,2055
2019,2057
2021,2040
2013,2068
2003,2069
2001,2040
1989,2043
1977,2029
1984,2063
1971,2037
1973,2037
1971,2063
1959,2053
1947,2056
1955,2063
1943,2047
1945,2041
1944,2059
1949,2029
1940,2040
1944,2043
1932,2068
1939,2045
1940,2064
1927,2021
1943,2064
1933,2044
1944,2077
1944,2067
1951,2027
1947,2012
1956,2056
1963,2041
1971,2030
1969,2041
1976,2033
1976,2039
1984,2056
1991,2041
1995,2041
2007,2023
2003,2041
2021,2067