2129,2039
2134,2063
2127,2074
2124,2044
2116,2028
2115,2057
2105,2043
2093,2035
2092,2025
2084,2022
2075,2034
2076,2019
2063,2036
2065,2033
2063,2026
2041,2063
2032,2021
2029,2029
2025,2059
2011,2053
2016,2076
2011,2035
1997,2048
1985,2048
1979,2029
1979,2075
1973,2071
1966,2053
1968,2056
1955,2073
1956,2055
1952,2068
1947,2025
1945,2058
1948,2009
1943,2046
1944,2004
1945,2019
1941,2035
1949,2033
1944,2027
1944,2063
1950,2064
1955,2037
1955,2063
1961,2063
1963,2033
1970,2037
1975,2035
1979,2023
1984,2039
1979,2029
1989,2041
1999,2045
2000,2023
2013,2039
2016,2041
2024,2029
2023,2059
2034,2070
2040,2066
2045,2053
2055,2056
2060,2058
2063,2027
2071,2053
2069,2040
2078,2041
2079,2056
2091,2042
2095,2012
2102,2037
2103,2019
2108,2051
2109,2065
2114,2074
2119,2062
2112,2039
2115,2060
2123,2048
2121,2034
2115,2025
2112,2048
2122,2071
2117,2057
2109,2063
2104,2035
2106,2021
2103,2063
2093,2039
2092,2036
2091,2043
2080,2043
2085,2102
2071,2075
2071,2037
2068,2071
2059,2069
2066,2048
2043,2035
2048,2024
2053,2056
2035,2042
2029,2043
2019,2041
2027,2056
2017,2039
2018,2080
2011,2056
2008,2057
2003,2068
1997,2035
2004,2066
1988,2024
1995,2064
1996,2071
1987,2035
1993,2067
1991,2039
2000,2068
1996,2045
1993,2045
1992,2025
1996,2068
1997,2059
1995,2017
2010,2071
2015,2065
2015,2035
2019,2024
2028,2059
2031,2052
2039,2041
2039,2035
2039,2037
2055,2053
2063,2045
2065,2040
2073,2052
2081,2033
2087,2037
2089,2011
2095,2048
2103,2039
2111,2040
2116,2063
2116,2079
2131,2039
2128,2055
2136,2046
2131,2036
2147,2035
2152,2035
2151,2029
2157,2018
2153,2029
2167,2063
2171,2055
2169,2063
2174,2047
2169,2027
2167,2037
2176,2044
2171,2025
2176,2047
2171,2024
2168,2060
2164,2053
2161,2074
2168,2043
2152,2036
2140,2046
2141,2033
2147,2051
2148,2035
2134,2041
2129,2024
2136,2041
2109,2056
2119,2053
2107,2075
2103,2045
2096,2039
2085,2054
2084,2036
2077,2037
2074,2065
2068,2067
2063,2043
2053,2063
2040,2032
2040,2071
2040,2043
2033,2058
2025,2028
2023,2043
2016,2067
2014,2065
2009,2043
2007,2070
2008,2069
1995,2068
2003,2027
2008,2033
2010,2044
2007,2023
2004,2051
2005,2063
2003,2056
2011,2033
2005,2054
2020,2053
2011,2058
2016,2055
2019,2063
2023,2071
2029,2060
2029,2043
2044,2075
2041,2068
2063,2060
2058,2019
2065,2025
2065,2071
2076,2025
2080,2067
2087,2054
2090,2074
2091,2035
2102,2047
2099,2068
2109,2027
2112,2035
2119,2033
2131,2033
2136,2057
2133,2037
2143,2046
2137,2042
2153,2043
2155,2073
2155,2067
2157,2075
2161,2072
2164,2059
2157,2043
2161,2048
2155,2051
2163,2063
2163,2035
2155,2065
2149,2065
2149,2072
2147,2070
2149,2029
2145,2067
2145,2056
2143,2035
2136,2071
2133,2040
2117,2063
2119,2039
2120,2057
2117,2041
2103,2068
2088,2053
2088,2039
2089,2063
2084,2073
2079,2039
2076,2040
2070,2033
2063,2068
2037,2071
2039,2056
2039,2063
2032,2063
2032,2057
2025,2080
2024,2064
2016,2067
2012,2058
2007,2029
2005,2037
2004,2046
2001,2067
2005,2068
2001,2048
1999,2053
1999,2044
1996,2043
2004,2065
1997,2056
1997,2063
1999,2073
2009,2059
2008,2060
2003,2019
2007,2063
2013,2068
2010,2029
2015,2043
2026,2069
2025,2052
2032,2072
2033,2057
2050,2070
2048,2057
2063,2064
2067,2025
2063,2048
2069,2040
2080,2035
2086,2057
2077,2040
2087,2068
2089,2056
2092,2039
2096,2057
2101,2065
2103,2048
2112,2068
2115,2055
2123,2065
2119,2072
2123,2043
2122,2041
2129,2041
2123,2044
2129,2019
2129,2062
2135,2029
2128,2066
2121,2057
2124,2028
2121,2056
2107,2035
2112,2037
2108,2063
2106,2047
2101,2044
2093,2058
2087,2056
2081,2037
2088,2063
2079,2036
2071,2059
2071,2075
2063,2077
2056,2041
2050,2048
2036,2072
2032,2063
2030,2064
2023,2065
2016,2071
2012,2075
1995,2021
1993,2029
1989,2053
1984,2040
1979,2025
1971,2028
1965,2027
1965,2063
1963,2046
1961,2039
1949,2047
1954,2057
1956,2072
1953,2071
1959,2055
1955,2077
1958,2065
1959,2057
1945,2073
1958,2067
1947,2042
1958,2058
1963,2035
1958,2039
1957,2035
1969,2048
1965,2072
1968,2047
1963,2063
1972,2068
1983,2052
1983,2025
1977,2041
1995,2040
1999,2052
2007,2039
2011,2056
2017,2044
2024,2011
2031,2068
2031,2043
2052,2057
2048,2058
2064,2063
2059,2032
2072,2059
2080,2048
2083,2037
2096,2071
2102,2056
2098,2077
2109,2059
2112,2047
2119,2036
2126,2040
2127,2027
2127,2045
2125,2051
2136,2057
2136,2056
2140,2026
2147,2039
2143,2068
2139,2072
2133,2067
2135,2066
2138,2065
2129,2054
2122,2023
2128,2047
2127,2063
2124,2043
2125,2048
2115,2005
2100,2012
2104,2047
2091,2060
2096,2063
2084,2060
2080,2039
2080,2060
2080,2058
2068,2061
2055,2055
2057,2057
2051,2058
2033,2033
2035,2044
2027,2031
2028,2080
2011,2065
2009,2057
2017,2056
2011,2033
2008,2030
2012,2065
2012,2068
2001,2021
2003,2039
2004,2071
1993,2053
2003,2035
2001,2035
2001,2021
2001,2040
2007,2055
2001,2019
2009,2035
2007,2077
2014,2034
2020,2047
2013,2055
2029,2053
2024,2066
2025,2056
2039,2034
2040,2078
2055,2056
2055,2028
2063,2059
2066,2039
2077,2060
2081,2040
2071,2058
2095,2048
2089,2040
2096,2059
2109,2059
2103,2033
2115,2041
2125,2043
2123,2035
2129,2065
2131,2063
2136,2056
2147,2073
2143,2056
2149,2003
2152,2047
2154,2025
2161,2048
2163,2055
2158,2030
2157,2043
2153,2055
2155,2027
2145,2061
2139,2009
2148,2041
2143,2068
2145,2023
2139,2033
2129,2048
2132,2066
2132,2029
2121,2024
2110,2072
2101,2035
2099,2072
2105,2043
2094,2077
2083,2057
2084,2041
2079,2037
2065,2054
2063,2040
2056,2058
2042,2043
2032,2051
2030,2069
2026,2060
2019,2040
2014,2074
1997,2063
2005,2043
2000,2048
1999,2041
1992,2027
1996,2040
1989,2053
1991,2019
1987,2056
1991,2036
1991,2041
1981,2043
1996,2044
1999,2071
1999,2022
1998,2039
2001,2068
2008,2035
2007,2053
2015,2082
2012,2033
2022,2088
2030,2072
2025,2039
2035,2048
2051,2053
2048,2065
2055,2060
2066,2047
2072,2029
2083,2033
2081,2069
2091,2063
2099,2043
2109,2045
2120,2063
2125,2043
2131,2067
2136,2063
2126,2043
2149,2029
2147,2063
2159,2048
2167,2058
2168,2053
2167,2080
2177,2064
2173,2063
2180,2037
2187,2053
2195,2047
2183,2067
2195,2055
2181,2029
2191,2029
2187,2019
2184,2032
2186,2027
2184,2044
2171,2067
2173,2079
2171,2023
2174,2065
2154,2040
2160,2029
2155,2063
2150,2053
2147,2053
2140,2063
2125,2060
2132,2070
2117,2035
2115,2045
2109,2055
2099,2037
2101,2064
2097,2041
2088,2061
2079,2075
2067,2041
2058,2056
2063,2045
2052,2035
2041,2065
2044,2068
2035,2035
2027,2063
2027,2079
2031,2067
2027,2029
2023,2039
2019,2055
2020,2041
2008,2063
2026,2072
2021,2063
2016,2077
2009,2057
2016,2048
2019,2067
2027,2054
2028,2063
2027,2038
2027,2039
2038,2072
2037,2027
2044,2035
2053,2029
2058,2039
2063,2056
2063,2059
2072,2039
2076,2038
2076,2060
2080,2057
2098,2022
2100,2068
2108,2065
2106,2037
2126,2055
2120,2059
2128,2039
2132,2029
2137,2067
2143,2039
2148,2051
2151,2055
2160,2046
2160,2041
2161,2044
2167,2048
2168,2015
2167,2039
2176,2080
2174,2063
2179,2072
2181,2055
2169,2042
2171,2025
2169,2043
2169,2025
2168,2041
2165,2011
2163,2039
2160,2048
2156,2029
2150,2063
2156,2019
2147,2071
2142,2072
2135,2021
2131,2063
2117,2029
2108,2040
2112,2023
2101,2040
2105,2071
2085,2040
2081,2061
2080,2025
2071,2026
2065,2079
2069,2063
2055,2067
2048,2066
2036,2041
2040,2039
2027,2037
2025,2053
2020,2073
2011,2063
2008,2068
2011,2047
1991,2041
1995,2063
1997,2043
1993,2043
1992,2063
2001,2063
1992,2072
1997,2045
1992,2044
1991,2034
1990,2008
1989,2017
1998,2043
1991,2063
1997,2037
2007,2061
2004,2019
2005,2067
2007,2056
2011,2066
2024,2044
2023,2051
2027,2039
2039,2067
2044,2081
2048,2039
2057,2075
2057,2058
2066,2041
2074,2071
2081,2053
2087,2048
2091,2037
2087,2039
2096,2033
2106,2024
2100,2044
2112,2039
2126,2008
2135,2048
2131,2055
2136,2026
2144,2057
2143,2037
2152,2037
2156,2080
2151,2029
2160,2080
2163,2063
2152,2095
2160,2069
2151,2063
2163,2041
2155,2030
2160,2003
2149,2009
2160,1949
2139,1949
2147,2033
2143,2218
2143,2011
2143,2011
2132,2016
2136,2023
2131,2216
2115,2003
2127,2021
2108,2063
2107,2110
2099,2063
2097,2056
2099,2030
2076,2080
2075,2087
2075,2086
2067,2065
2059,2123
2056,2045
2038,2004
2029,2078
2035,2036
2021,2007
2025,2075
2021,2080
2009,2004
2020,2080
2003,2041
2015,2065
2011,1977
1996,2008
2005,1987
2000,2043
1993,2021
2001,1992
1999,2003
2007,2055
2004,2072
2008,2073
2000,2019
2003,2031
2001,2100
2011,2044
2011,2092
2012,2056
2015,2087
2025,2021
2020,2041
2029,2065
2034,2045
2036,2035
2043,2025
2053,2039
2051,1981
2057,2053
2056,2025
2075,2052
2068,2064
2073,2066
2088,2061
2084,2019
2096,2053
2093,2024
2093,2030
2107,2012
2110,2041
2109,2063
2118,2070
2117,2046
2127,2056
2127,2026
2131,2043
2135,2016
2136,2003
2131,2053
2136,2021
2133,2028
2135,2076
2137,2035
2136,2063
2127,2072
2127,2059
2129,2060
2128,2029
2119,2024
2112,2035
2105,2066
2110,2021
2106,2005
2099,2040
2104,2032
2096,2055
2090,2069
2091,2093
2090,2126
2079,2067
2074,2105
2067,2047
2063,2070
2066,2093
2048,2069
2043,2065
2039,2005
2033,2037
2040,2007
2028,2007
2021,2039
2021,2028
2023,2080
2016,2043
2018,2044
2015,2071
2008,2043
2012,2023
2015,2045
2014,2065
2014,2056
2005,2037
2011,2104
2017,2035
2011,2051
2023,2063
2028,2043
2019,2075
2032,2109
2035,2091
2040,2088
2040,2055
2047,2064
2044,2007
2063,2033
2057,2061
2071,2026
2078,2065
2084,2035
2075,2063
2087,2063
2093,2041
2097,2004
2111,2031
2115,2065
2122,2039
2122,2016
2123,2025
2136,1979
2142,1996
2137,2064
2153,2042
2147,2037
2155,2058
2158,2072
2163,2056
2168,2031
2164,2040
2169,2064
2175,2027
2171,2021
2175,2043
2184,2064
2182,2023
2173,2051
2176,2011
2174,2071
2171,2027
2163,2036
2162,2031
2155,2040
2168,2052
2156,2056
2156,2063
2149,2071
2139,2021
2137,2055
2127,2064
2128,2072
2124,2064
2112,2041
2112,2023
2103,2072
2105,2085
2101,2011
2091,2032
2071,2008
2067,2017
2067,2056
2063,2056
2063,2075
2043,2089
2047,2064
2039,2035
2027,2027
2033,2040
2024,2071
2021,2004
2019,2033
2023,2069
2012,2040
2011,2067
2015,2023
2009,2056
2019,2080
2015,2035
2020,2043
2023,2040
2023,2037
2023,2063
2025,2029
2022,2067
2014,2027
2036,2042
2027,2028
2032,2063
2039,2051
2043,2023
2037,2072
2042,2042
2055,2083
2064,2074
2063,2079
2065,2072
2071,2025
2080,2017
2071,2037
2079,2066
2088,2051
2085,2043
2088,2021
2091,2053
2099,2036
2111,2039
2104,2033
2114,2024
2115,2043
2120,2043
2120,2037
2119,2056
2119,2043
2125,2053
2119,2080
2123,2043
2130,2040
2134,2039
2113,2011
2129,2037
2119,2063
2122,2061
2124,2087
2115,2031
2115,2063
2112,2056
2104,2033
2103,2020
2093,2035
2094,2055
2088,2035
2077,2037
2078,2044
2065,1999
2063,2020
2057,2006
2055,2025
2055,2044
2044,2066
2035,2072
2031,2073
2026,2065
2016,2078
2015,2071
2009,2075
1997,2040
2000,2092
1989,2071
1981,2072
1982,2017
1975,2054
1976,2021
1967,2060
1976,2069
1976,2021
1972,2034
1968,2039
1969,2029
1967,2068
1963,2046
1965,2027
1972,2056
1966,2076
1977,2079
1973,2036
1984,2044
1983,2055
1992,2058
1992,2066
1993,2065
2001,2043
2012,2072
2007,2056
2016,2045
2024,2057
2028,1997
2042,2019
2043,2027
2042,2027
2056,2027
2063,2037
2072,2053
2080,2067
2088,2064
2099,2037
2104,2072
2112,2061
2120,2075
2121,2066
2119,2053
2132,2035
2139,2025
2133,2013
2140,2029
2155,2043
2159,2041
2155,2045
2164,2066
2174,2074
2176,2067
2179,2077
2184,2086
2173,2029
2184,2044
2186,2047
2184,2037
2186,2024
2187,2007
2174,2043
2171,2037
2169,2015
2174,2056
2165,2042
2157,2055
2161,2071
2153,2076
2152,2055
2148,2081
2144,2080
2135,2087
2125,2085
2123,2068
2123,2015
2115,2024
2111,2011
2087,2015
2091,2023
2086,2040
2073,2029
2074,2039
2063,2041
2048,2037
2055,2024
2041,2039
2039,2025
2031,2027
2038,2079
2026,2065
2024,2093
2011,2041
2012,2013
2016,2027
2009,1992
2008,2005
2001,2003
2005,2047
2007,2075
2007,2063
2007,2071
2012,2066
2007,2017
2003,2019
2014,2036
2011,2024
2016,2059
2021,2069
2028,2108
2022,2085
2035,2025
2033,2021
2041,2007
2041,2024
2038,2059
2065,2040
2068,2053
2075,2058
2069,2063
2075,2037
2088,2035
2104,2030
2091,1995
2104,2011
2117,2025
2103,2063
2113,2093
2118,2087
2125,2055
2132,2029
2125,2011
2131,2012
2144,2018
2147,2012
2151,2047
2147,2060
2155,2027
2158,2067
2149,2029
2147,2023
2155,2047
2151,2040
2156,2026
2152,2089
2146,2103
2149,2097
2144,2065
2151,2040
2138,1987
2131,1997
2129,2027
2115,2069
2123,2065
2115,2065
2113,2063
2117,2062
2103,2018
2092,2028
2091,2031
2088,2035
2081,2036
2075,2081
2065,2128
2057,2089
2058,2059
2040,2001
2041,2015
2030,2028
2028,2051
2019,2028
2016,2080
2004,2068
2005,2063
2007,2059
2003,2025
1995,2013
1998,2071
1988,2068
1989,2083
1992,2126
1984,2097
1989,2044
1988,2044
1991,2032
1984,2015
1990,2015
1988,2079
1997,2057
1992,2092
2001,2023
2001,2035
2000,2072
2009,2026
2012,2030
2016,2032
2023,2063
2021,2089
2028,2083
2044,2029
2047,2027
2059,2005
2065,1979
2072,2009
2068,2039
2083,2078
2092,2099
2103,2056
2102,2007
2107,2029
2120,2028
2124,2052
2120,2041
2143,2065
2150,2099
2146,2105
2156,2088
2160,2027
2154,2017
2172,1966
2165,2028
2165,2079
2183,2066
2185,2085
2182,2030
2187,2023
2191,2029
2181,2021
2183,2055
2186,2055
2188,2020
2184,2074
2170,2143
2171,2067
2169,2041
2161,2038
2159,1992
2155,2003
2159,2058
2160,2065
2157,2056
2136,2108
2144,2056
2132,2015
2116,2051
2122,2017
2123,2063
2101,2072
2107,2072
2104,2143
2089,2083
2089,2022
2069,2046
2080,1994
2063,2003
2055,2030
2060,2072
2052,2045
2039,2076
2036,2066
2035,2066
2032,2072
2023,1982
2018,2025
2023,2074
2027,2076
2012,2139
2011,2097
2023,2055
2001,2038
2017,1995
2025,2015
2016,2061
2025,2056
2023,2071
2015,2067
2024,2043
2023,2076
2023,2071
2035,2022
2030,2054
2033,2033
2045,2033
2043,2148
2054,2083
2068,2056
2063,2015
2071,1971
2075,1992
2071,2018
2081,2039
2092,2055
2091,2072
2092,2040
2099,2076
2100,2055
2112,2021
2112,2088
2123,2011
2136,2067
2123,2100
2136,2044
2142,2073
2140,2039
2148,1957
2154,1982
2151,2021
2163,2015
2163,2088
2153,2095
2153,2023
2159,2065
2148,2063
2160,2064
2152,2094
2152,2040
2153,2110
2139,2121
2142,2079
2141,2083
2129,1975
2123,1959
2123,1991
2103,2052
2119,2019
2108,2095
2107,2067
2096,2011
2083,2071
2081,2041
2080,2069
2076,2074
2065,2063
2067,2110
2055,2107
2048,2056
2042,2055
2021,2011
2036,1981
2024,2065
2023,2060
2019,2072
2007,2080
2003,2009
2010,2015
1989,2063
1989,2035
1992,2077
1987,2085
1986,2063
1992,2063
1979,2076
1994,2061
1987,2036
1979,2028
1984,2001
1979,2071
1982,2043
1984,2085
1975,2054
1987,2032
1989,2032
1993,2044
2001,2040
1999,2052
2009,2083
2010,2104
2019,2107
2025,2065
2038,2011
2035,1996
2048,1977
2053,2023
2053,2044
2068,2072
2073,2112
2077,2056
2083,2051
2088,2008
2091,1995
2107,2035
2101,2043
2117,2124
2127,2126
2129,2115
2140,2062
2145,1991
2142,1957
2145,1959
2153,2003
2149,2010
2158,2088
2159,2132
2164,2023
2166,2005
2147,2035
2151,2016
2152,2041
2139,2057
2145,2133
2144,2135
2139,2104
2141,2071
2139,2016
2126,1968
2123,1972
2116,1997
2124,2040
2109,2097
2104,2057
2103,2085
2092,2035
2077,2026
2073,2024
2071,2018
2053,2051
2043,2100
2027,2150
2029,2081
2032,2023
2011,2023
2014,1971
2011,1979
1991,1992
1995,2045
1995,2091
1978,2075
1995,2063
1983,2063
1977,2048
1980,2064
1975,2036
1968,2063
1972,2092
1961,2093
1975,2135
1976,2062
1971,2023
1967,1968
1957,1976
1962,2003
1984,2068
1980,2087
1977,2074
1987,2072
1979,2040
1989,2063
1994,2035
1991,2039
2003,2080
2012,2115
2015,2110
2019,2086
2029,2021
2035,2001
2035,2008
2047,1984
2044,2025
2051,2037
2068,2055
2078,2063
2072,2063
2080,2053
2092,2069
2091,2052
2092,2067
2108,2022
2119,2085
2122,2080
2119,2071
2130,2048
2133,1989
2124,1987
2139,1994
2138,2039
2139,2067
2141,2041
2145,2024
2147,2055
2148,2080
2158,2076
2153,2067
2143,2059
2159,2082
2143,2067
2147,2057
2148,2058
2135,2044
2137,2010
2126,1969
2129,2023
2121,2039
2120,2055
2115,2002
2117,2030
2103,2041
2093,2099
2092,2051
2089,2071
2088,2063
2087,2083
2076,2084
2076,2075
2067,2027
2057,2017
2055,2024
2051,2023
2039,2019
2041,2066
2035,2064
2035,2027
2027,2063
2028,2059
2025,2094
2022,2066
2025,2040
2029,2080
2036,2059
2027,2037
2038,2040
2031,2039
2036,2012
2035,1989
2037,2004
2032,2040
2040,2075
2051,2039
2060,2030
2059,2057
2065,2063
2067,2088
2075,2039
2081,2072
2088,2063
2083,2063
2093,2053
2104,2035
2103,2023
2108,2013
2120,1997
2120,2034
2124,2046
2126,2060
2127,2029
2137,1996
2136,2068
2152,2062
2160,2071
2157,2096
2167,2083
2170,2075
2171,2087
2171,2041
2188,2063
2181,2026
2184,2019
2181,2038
2187,2039
2195,2045
2181,2039
2185,2025
2200,2063
2185,2058
2192,2088
2193,2081
2193,2071
2185,2079
2181,2043
2184,2040
2172,2019
2168,2021
2153,2015
2145,2005
2143,2069
2139,2084
2138,2057
2123,2071
2128,2046
2123,2029
2105,2056
2105,2090
2096,2069
2089,2065
2085,2025
2091,2055
2075,2021
2059,2022
2065,2020
2059,2006
2045,2017
2027,2045
2028,2067
2019,2078
2022,2067
2014,2075
2003,2035
2009,2055
2012,2074
1996,2074
2004,2084
2000,2039
1981,2060
1995,2042
1997,2005
1993,2016
1993,2007
1987,2037
1981,2053
1987,2086
1993,2047
1992,2059
2003,2053
2004,2063
2007,2083
2017,2074
2011,2063
2015,2057
2023,2066
2027,2022
2030,2032
2035,1992
2042,2005
2051,2003
2048,2069
2056,2067
2060,2079
2066,2080
2065,2091
2065,2045
2081,2035
2077,2080
2090,2063
2098,2080
2101,2056
2104,2068
2104,2028
2117,1995
2117,1991
2108,2001
2120,1989
2124,2032
2110,2056
2127,2079
2137,2080
2121,2096
2123,2039
2127,2101
2133,2074
2136,2063
2131,2068
2125,2031
2128,2017
2115,2024
2119,1997
2105,2003
2101,1963
2096,2024
2087,2005
2094,2076
2077,2072
2084,2124
2073,2094
2074,2126
2075,2101
2063,2063
2057,2080
2056,2039
2041,2039
2029,2056
2030,2033
2019,1991
2016,1983
2001,2005
2001,2011
1991,2007
1992,2041
1975,2040
1977,2106
1963,2087
1974,2115
1968,2120
1965,2103
1959,2072
1971,2083
1963,2053
1960,2058
1952,2020
1954,1977
1953,1975
1952,1963
1955,1996
1952,2031
1965,2055
1959,2055
1955,2055
1971,2065
1969,2071
1984,2112
1984,2107
1989,2120
2002,2068
2003,2088
2007,2071
2011,2017
2015,1990
2017,1997
2024,1993
2029,1989
2038,2019
2039,2027
2059,2041
2068,2039
2079,2029
2077,2067
2083,2063
2101,2084
2101,2083
2109,2099
2120,2097
2125,2067
2129,2037
2136,2011
2137,2025
2141,2003
2144,2008
2148,2007
2157,2029
2143,2048
2152,2043
2160,2037
2165,2035
2170,2036
2161,2071
2167,2049
2169,2048
2167,2080
2163,2067
2158,2071
2152,2013
2156,2048
2135,2063
2145,2024
2143,2017
2141,2041
2131,2032
2125,2022
2126,2063
2117,2070
2115,2048
2105,2039
2107,2042
2099,2051
2083,2017
2089,1975
2071,2041
2068,2045
2059,2056
2039,2037
2045,2077
2039,2083
2020,2063
2021,2104
2011,2067
2017,2036
2016,2039
2012,2056
2010,2039
1999,2015
2005,2038
2001,2027
2000,1987
1988,2011
1979,2024
1984,2003
1988,2038
1979,2069
1988,2055
1976,2077
1991,2097
1991,2115
1988,2099
1998,2069
1993,2040
1995,2015
2013,2017
2016,2031
2023,2024
2017,2000
2023,2003
2024,2008
2030,1997
2036,2037
2036,2024
2036,2046
2054,2015
2055,2029
2072,2089
2083,2101
2087,2097
2097,2109
2104,2089
2113,2056
2110,2023
2120,1989
2129,1996
2131,1969
2131,1957
2137,1989
2143,2024
2143,1995
2151,2054
2152,2077
2149,2063
2155,2041
2161,2068
2169,2073
2167,2055
2170,2096
2171,2092
2168,2120
2161,2101
2168,2070
2164,2028
2164,2014
2151,2013
2149,1959
2152,2026
2133,2018
2137,2027
2135,2053
2136,2063
2135,2075
2124,2092
2123,2088
2127,2065
2115,2041
2110,2035
2109,2047
2091,2063
2087,2063
2085,2075
2077,2075
2076,2080
2069,2025
2072,2047
2064,2054
2056,2037
2059,2029
2044,2029
2052,2041
2037,2065
2051,2031
2027,2064
2036,2068
2035,2059
2032,2009
2020,2016
2027,1957
2035,2017
2023,2077
2029,2081
2024,2097
2029,2079
2043,2085
2043,2088
2037,2063
2051,2029
2058,2009
2064,2013
2070,2044
2071,2019
2071,2056
2075,2052
2073,2056
2080,2011
2084,2024
2085,2024
2088,2027
2095,1997
2101,2065
2113,2043
2115,2071
2117,2120
2127,2109
2129,2106
2134,2087
2129,2083
2143,2080
2140,2065
2151,1999
2143,2033
2147,2003
2145,1997
2157,2024
2155,2034
2155,2034
2166,2011
2165,2046
2159,1999
2159,2041
2171,2027
2163,2051
2167,2040
2165,2079
2159,2085
2167,2085
2147,2105
2154,2086
2143,2076
2139,2086
2133,2056
2131,2024
2129,2040
2124,2029
2116,1997
2116,2030
2112,2031
2104,2037
2105,2030
2093,2025
2085,2003
2086,2025
2075,2009
2075,2026
2063,2019
2067,2056
2066,2087
2060,2107
2052,2112
2043,2097
2045,2109
2039,2097
2029,2087
2035,2077
2033,2035
2039,2009
2047,2032
2042,1997
2037,2007
2038,2007
2039,2020
2040,1989
2039,2017
2032,2025
2039,2053
2041,2063
2042,2089
2042,2088
2044,2072
2053,2104
2053,2108
2063,2105
2068,2125
2076,2092
2068,2058
2072,2055
2076,2032
2076,2008
2088,1979
2089,1986
2093,2009
2091,2028
2101,2030
2108,2030
2107,2043
2120,2011
2121,2045
2108,2087
2128,2085
2125,2071
2131,2087
2135,2067
2134,2086
2142,2072
2145,2080
2139,2091
2139,2078
2159,2055
2157,2025
2161,2046
2164,2025
2168,2024
2168,2004
2173,2030
2165,2017
2167,2028
2161,2043
2156,2063
2149,2055
2135,2079
2133,2088
2129,2069
2131,2080
2127,2067
2130,2071
2115,2055
2111,2033
2124,2035
2120,2071
2118,2055
2112,2063
2095,2051
2100,2043
2094,2043
2089,2052
2088,2043
2069,2019
2063,2046
2063,2045
2043,2052
2042,2067
2039,2068
2033,2076
2023,2075
2024,2081
2021,2056
2025,2040
2015,2066
2027,2032
2024,2040
2025,2041
2019,2005
2023,2081
2025,2093
2020,2071
2016,2075
2023,2045
2011,2067
2016,2041
2020,2064
2021,2027
2028,2027
2023,2021
2025,2015
2037,2021
2045,2048
2039,2029
2058,2063
2053,2023
2071,2055
2067,2072
2068,2053
2069,2070
2075,2045
2080,2045
2093,2077
2097,2090
2092,2076
2107,2053
2121,2043
2120,2033
2130,2027
2136,2016
2131,2012
2133,2033
2139,2029
2152,2015
2155,2063
2159,2048
2164,2058
2167,2044
2164,2067
2167,2063
2172,2068
2170,2073
2170,2071
2171,2066
2167,2003
2181,2017
2167,2040
2173,2019
2165,2037
2172,2034
2169,2027
2168,2033
2157,2009
2159,2063
2147,2082
2147,2063
2144,2036
2140,2079
2130,2071
2121,2054
2107,2068
2109,2036
2095,2031
2095,2033
2077,2051
2077,2003
2076,2001
2071,2011
2067,2023
2063,2024
2056,2036
2027,2048
2041,2056
2043,2035
2023,2067
2021,2084
2023,2075
2007,2092
2003,2065
2003,2080
1993,2039
1996,2053
1987,2036
1982,2071
1981,2023
1979,2037
1975,2045
1979,2048
1982,2037
1987,2008
1998,2024
2001,2028
2008,2003
2001,2011
2015,2035
2022,2005
2011,2031
2031,2026
2027,2065
2027,2068
2040,2069
2036,2090
2039,2073
2053,2072
2058,2065
2059,2080
2063,2063
2073,2075
2080,2025
2089,2041
2099,2005
2107,2015
2119,2014
2120,1999
2123,2008
2123,2021
2138,1981
2143,2033
2152,2043
2151,2077
2155,2057
2161,2100
2166,2093
2157,2063
2169,2099
2167,2098
2173,2069
2179,2053
2171,2025
2175,2027
2176,2048
2176,2040
2170,2022
2171,2008
2171,2043
2172,2032
2169,2005
2155,2042
2151,2041
2152,2036
2139,2063
2144,2005
2135,2066
2132,2070
2127,2067
2127,2084
2109,2091
2115,2104
2103,2087
2091,2055
2088,2075
2083,2033
2080,2023
2071,1995
2068,2004
2067,2038
2043,2056
2056,2033
2039,2055
2036,2081
2016,2041
2021,2063
2015,2058
2015,2055
2016,2025
2007,2026
2011,2063
2023,2067
2008,2099
2007,2075
2011,2093
2015,2120
2012,2089
2004,2073
2009,2019
2010,2024
2008,2005
2019,1995
2018,2015
2022,2056
2024,2094
2032,2091
2032,2107
2036,2079
2047,2035
2043,2032
2064,2025
2065,2017
2078,2017
2079,2033
2093,2037
2093,2101
2099,2091
2104,2073
2123,2099
2123,2073
2119,2085
2127,2028
2135,2008
2147,1997
2143,2003
2151,2010
2163,2045
2167,2071
2171,2077
2173,2085
2176,2094
2185,2019
2183,2046
2199,1979
2193,2036
2195,2025
2188,2072
2199,2063
2196,2079
2193,2067
2195,2091
2189,2093
2188,2092
2188,2041
2176,2021
2175,1999
2174,1973
2175,2011
2161,2033
2164,2112
2155,2089
2147,2096
2150,2103
2137,2084
2136,2068
2132,2032
2120,2001
2120,2011
2105,2033
2089,2055
2096,2080
2087,2105
2080,2078
2071,2089
2063,2104
2057,2040
2043,2052
2053,1972
2035,1963
2040,2022
2023,2055
2033,2059
2023,2111
2019,2063
2024,2080
2017,2090
2004,2017
2005,1994
1995,2029
2007,2003
2009,2040
1995,2075
2004,2091
2000,2093
2002,2104
2007,2065
1997,2104
2011,2073
2008,2023
2013,2019
2025,1963
2030,2008
2022,2011
2041,2040
2041,2068
2035,2068
2046,2059
2063,2063
2055,2072
2068,2007
2071,2011
2072,2061
2078,2039
2080,2088
2087,2077
2091,2087
2087,2071
2107,2077
2102,2056
2115,2017
2119,2008
2124,1988
2132,1955
2125,2012
2140,2053
2146,2056
2136,2099
2146,2063
2149,2065
2139,2042
2158,2011
2154,1997
2147,2008
2145,2017
2145,2047
2143,2071
2137,2104
2140,2104
2131,2093
2133,2103
2129,2054
2127,2019
2119,2030
2117,1983
2115,1997
2107,2003
2100,2072
2093,2079
2091,2101
2085,2069
2082,2065
2076,2040
2068,2005
2068,2028
2055,1975
2038,1975
2041,2071
2039,2059
2025,2091
2024,2133
2017,2120
2009,2117
2003,2039
1999,1999
1989,1987
1992,1984
1992,2011
1987,2039
1984,2039
1992,2117
1979,2084
1975,2063
1975,2077
1982,2034
1975,1975
1985,2011
1981,2011
1993,2033
1988,2094
1989,2097
1989,2104
1981,2139
1989,2128
1999,2104
1995,2037
2009,2020
2011,1960
2017,2003
2018,2011
2024,2044
2027,2065
2027,2108
2035,2087
2047,2089
2056,2055
2070,2003
2070,2000
2067,1995
2081,2025
2080,2027
2089,2094
2093,2097
2087,2115
2097,2148
2099,2088
2097,2023
2107,1973
2109,1945
2119,1976
2115,2010
2120,2039
2120,2075
2131,2070
2136,2056
2136,2080
2141,2063
2135,2008
2140,2037
2133,2021
2140,2009
2137,2077
2137,2063
2135,2105
2128,2128
2128,2119
2126,2100
2108,2039
2103,1955
2103,1960
2102,1959
2093,2009
2093,2019
2089,2091
2080,2076
2080,2092
2076,2067
2068,2083
2067,1989
2067,2016
2057,1986
2056,1995
2043,2063
2044,2089
2037,2101
2025,2139
2019,2151
2017,2127
2011,2063
2003,1969
2008,1933
2001,1959
2002,1977
2000,2039
1995,2095
1996,2067
1988,2076
1997,2039
1992,2034
1993,2019
1993,2005
1998,1991
2001,1998
2001,2025
1999,2100
2011,2135
2012,2185
2018,2172
2013,2139
2017,2053
2024,1988
2028,1964
2032,1947
2041,1991
2037,2060
2046,2072
2045,2063
2058,2082
2063,2060
2069,2008
2069,2005
2075,1999
2087,1969
2090,2000
2099,2004
2105,2067
2113,2136
2116,2149
2124,2157
2117,2107
2134,2087
2133,2003
2135,1980
2136,1968
2137,1992
2146,2015
2155,2017
2140,2059
2137,2063
2151,2035
2149,2057
2139,2037
2149,1993
2139,1975
2139,2018
2139,2019
2139,2084
2144,2123
2140,2119
2129,2120
2128,2099
2129,2033
2120,2038
2104,2003
2104,2009
2106,2014
2101,2032
2088,2022
2073,2063
2070,2042
2069,2055
2065,2060
2056,2001
2040,2030
2040,1991
2027,2005
2024,2018
2023,2066
2024,2100
2017,2069
2003,2120
2002,2099
1999,2072
1993,2065
1981,2009
1992,2029
1984,2031
1979,2035
1987,2040
1975,2066
1971,2009
1973,2011
1975,2016
1969,2039
1973,2011
1971,2055
1969,2038
1972,2039
1981,2057
1977,2088
1973,2075
1989,2087
1981,2057
2003,2063
2006,2057
2009,2056
2015,2038
2015,2023
2024,2063
2032,2043
2033,2096
2045,2009
2044,2061
2045,2011
2056,2042
2071,2039
2071,2052
2080,2043
2080,2024
2083,2086
2091,2055
2103,2095
2101,2039
2093,2077
2107,2068
2112,2068
2124,2056
2127,2104
2123,2037
2130,2093
2134,2076
2136,2063
2136,2064
2137,2007
2139,2055
2139,1975
2135,2065
2139,1995
2135,2044
2130,2051
2132,2027
2127,2111
2117,2035
2119,2021
2108,2080
2115,2033
2100,2104
2092,2043
2093,2037
2080,2088
2073,2035
2074,2072
2063,2023
2069,2073
2043,2068
2048,2009
2037,2091
2032,2007
2017,2024
2021,2044
2015,2055
2005,2018
1996,2101
1990,2027
1977,2097
1972,2035
1965,2022
1961,2109
1959,2038
1961,2120
1948,2025
1956,2048
1949,2140
1947,2041
1949,2075
1944,2024
1943,2042
1948,2032
1941,2072
1941,1991
1949,2063
1943,2001
1947,2009
1952,2020
1952,2026
1953,2055
1961,2077
1960,2117
1969,2066
1977,2053
1975,2037
1981,2081
1992,2015
1993,2080
2009,1987
2011,2096
2015,2056
2026,2109
2023,2005
2029,1995
2031,2065
2056,2039
2059,2101
2067,2060
2068,1999
2077,2075
2079,2055
2087,2087
2098,2086
2096,2030
2107,2063
2108,2044
2115,2027
2120,2072
2115,2010
2124,2008
2125,2077
2134,2024
2130,2125
2125,1963
2135,2011
2134,2072
2129,1947
2135,2073
2123,1960
2117,2023
2121,1999
2125,2094
2109,2085
2106,2024
2108,2043
2101,2071
2100,2036
2089,2115
2084,2020
2085,2008
2069,2076
2072,2056
2063,2134
2060,2015
2045,2023
2031,2040
2031,1989
2026,2100
2017,2037
2011,2079
1993,2087
1993,2063
2001,2054
1987,2041
1992,2041
1975,2123
1971,1981
1975,2097
1963,2063
1965,2066
1967,2103
1955,1989
1955,2032
1967,2003
1957,2071
1952,2156
1956,2019
1951,2033
1956,1967
1959,2043
1957,2033
1964,2029
1967,2053
1968,2007
1971,2032
1978,2063
1979,2114
1976,2088
1989,2037
2000,2025
2001,2104
2009,2117
2001,2012
2024,1995
2021,1976
2035,1961
2037,2148
2045,2041
2048,2007
2058,1976
2068,2037
2045,2120
2080,2023
2075,2027
2090,1991
2090,2035
2100,2048
2097,2013
2113,2005
2125,2104
2122,2081
2125,2125
2135,2131
2136,2063
2136,2072
2143,1973
2143,2022
2135,1991
2148,2073
2147,2111
2134,2063
2140,2021
2135,2083
2132,1968
2121,2011
2124,1937
2120,2053
2124,1984
2103,2105
2103,1994
2106,2063
2099,2083
2096,2120
2092,2055
2073,2073
2077,2023
2072,2056
2072,2108
2065,2046
2053,2017
2053,1984
2035,1995
2033,2084
2027,2066
2023,2042
2012,2021
1997,1933
2002,2025
1993,2008
1993,2057
1982,2071
1968,2016
1974,2058
1966,2067
1972,2092
1955,2112
1964,2083
1957,2067
1960,2040
1960,2082
1955,2104
1955,2126
1951,2067
1955,2067
1959,2051
1967,2064
1971,2042
1972,2020
1976,1970
1975,2008
1980,2053
1987,2028
1987,2076
1988,2017
1999,2058
2004,2036
2007,2035
2016,2071
2017,2024
2024,2055
2028,2019
2035,2089
2041,2035
2045,2045
2063,2008
2073,2028
2072,2001
2072,2072
2075,2019
2081,2073
2091,1992
2093,2060
2096,2013
2107,2029
2110,2044
2107,2075
2120,2034
2124,2117
2115,2039
2123,2023
2123,2076
2127,2053
2129,2116
2125,2037
2128,2011
2124,2103
2128,2063
2123,2122
2127,2036
2119,2019
2116,2016
2120,2071
2103,2071
2111,2063
2104,2035
2100,2042
2088,2091
2085,2091
2077,2032
2080,2072
2077,1976
2063,2055
2056,2040
2055,2065
2040,2048
2043,2035
2027,2036
2027,2068
2021,2069
2011,2080
2013,2039
1999,2021
1991,2061
2000,2051
1991,2087
1984,2060
1979,2071
1979,1973
1971,2041
1975,2051
1975,2037
1975,2003
1969,2023
1957,2056
1964,2029
1963,2128
1971,2043
1972,2032
1972,2038
1978,2032
1975,2027
1980,2068
1977,2075
1987,2025
1989,2023
1992,2091
1995,2079
2007,2056
1997,2015
2011,1995
2015,2003
2025,2078
2023,2020
2029,2080
2028,2080
2043,2037
2037,2117
2043,2017
2063,2077
2071,2071
2077,2059
2081,2088
2085,2074
2088,2069
2089,2094
2096,2063
2099,2106
2111,2074
2107,2066
2122,2072
2129,2072
2123,2092
2129,2019
2133,2048
2125,2017
2129,2001
2123,2076
2132,2031
2136,2069
2129,2041
2126,2008
2128,2009
2120,2041
2121,2048
2117,2011
2115,2015
2101,2067
2109,2110
2104,2041
2093,2024
2093,2007
2087,2067
2085,2028
2079,2063
2076,2055
2071,2027
2066,2074
2061,1993
2057,2032
2044,2038
2037,2039
2035,2043
2027,2039
2023,2063
2017,2031
2009,1993
2009,2075
2001,2074
1991,2011
1994,2108
1991,2027
1989,2029
1981,2053
1993,2048
1982,2007
1975,2067
1984,2035
1957,2021
1980,2094
1975,2008
1980,2057
1981,2011
1977,2044
1982,2053
1979,2053
1979,2063
1989,2009
2000,2035
2000,2067
2003,2027
2008,2061
2015,2037
2020,2048
2019,2028
2015,2067
2025,2072
2037,2089
2035,2071
2053,2027
2066,2071
2065,2067
2076,2045
2072,2063
2077,2039
2093,2041
2091,2065
2091,2072
2093,2035
2104,2065
2105,2011
2122,2011
2118,2073
2115,2063
2121,2037
2125,2017
2136,2037
2136,2037
2135,2068
2140,2063
2136,2037
2139,2065
2140,2023
2141,2071
2135,2025
2139,2058
2136,2023
2121,2067
2131,2040
2121,2057
2112,2068
2121,2040
2111,2061
2097,2060
2097,2021
2085,2063
2088,2034
2083,2063
2076,2064
2067,2039
2070,2088
2061,2032
2053,2067
2039,2025
2028,2075
2027,2081
2019,2044
2020,2060
2012,2045
2003,2071
2000,2005
1991,2071
1996,2071
1979,2063
1973,2043
1975,2039
1969,2021
1965,2075
1971,2019
1959,2072
1964,2060
1955,2040
1964,2043
1960,2043
1955,2074
1962,2053
1964,2068
1961,2030
1966,2044
1970,2063
1976,2072
1970,2055
1980,2040
1979,2025
1994,2076
1994,2039
1995,2060
1997,2043
2009,2045
2013,2036
2018,2035
2021,2071
2033,2007
2040,2067
2043,2001
2056,2057
2055,2069
2073,2060
2067,2069
2080,2019
2088,2056
2089,2070
2103,2021
2107,2065
2109,2068
2120,2046
2133,2063
2132,2066
2131,2056
2136,2041
2135,2027
2144,2047
2144,2024
2146,2040
2150,2059
2148,2034
2144,2037
2151,2063
2152,2038
2152,2075
2143,2059
2143,2033
2148,2077
2129,2041
2141,2088
2131,2073
2133,2041
2122,2069
2117,2018
2120,2063
2115,2035
2106,2063
2107,2034
2091,2005
2089,2025
2081,2037
2077,2017
2071,2009
2063,2045
2067,2017
2063,2035
2043,2063
2039,2073
2039,2091
2022,2084
2030,2085
2015,2063
2019,2045
2023,2044
2015,2040
2011,2051
2003,2031
2005,2032
2005,2029
2005,2071
2005,2029
1997,2015
2008,2020
1997,2010
2001,2060
2005,2044
2006,2046
2015,2056
2015,2063
2012,2087
2020,2112
2017,2099
2024,2092
2033,2040
2040,2023
2042,2024
2041,2009
2058,2035
2063,2071
2071,2059
2069,2063
2075,2007
2082,2060
2088,2057
2089,2040
2104,2014
2114,1999
2120,2022
2128,2060
2125,2051
2136,2080
2139,2071
2133,2100
2147,2081
2153,2100
2159,2059
2163,2023
2168,1999
2167,2018
2176,2013
2184,2067
2171,2063
2187,2068
2189,2031
2192,2063
2184,2041
2191,2013
2183,1985
2184,2015
2183,2052
2171,2025
2176,2045
2176,2089
2161,2104
2168,2080
2165,2084
2152,2079
2152,2060
2144,2021
2144,2008
2139,2011
2127,2035
2130,2048
2120,2093
2115,2081
2108,2035
2104,2072
2099,2038
2092,2046
2073,2032
2079,2003
2072,2043
2069,2045
2057,2029
2043,2085
2041,2079
2033,2085
2029,2065
2024,2101
2023,2095
2020,2068
2023,2021
2019,2010
2017,2021
2024,2056
2025,2067
2015,2027
2020,2100
2007,2063
2021,2059
2023,2055
2024,2023
2020,2036
2032,2025
2025,2036
2027,2065
2025,2067
2043,2069
2045,2084
2053,2056
2055,2037
2065,2055
2069,2101
2076,2097
2076,2039
2080,2005
2080,2012
2087,2015
2097,2046
2101,2072
2107,2053
2114,2040
2120,2059
2121,2024
2122,2047
2126,2036
2137,2017
2137,2054
2137,2027
2139,2068
2147,2077
2138,2021
2161,2045
2160,2029
2168,2063
2172,2071
2165,2097
2169,2092
2170,2036
2173,1998
2182,2008
2169,2035
2175,2031
2167,2037
2163,2059
2163,2077
2155,2063
2160,2074
2161,2042
2157,2058
2145,2013
2148,2071
2146,2063
2135,2043
2137,2038
2133,2069
2127,2033
2126,2079
2105,2072
2112,2079
2101,2079
2100,2122
2085,2069
2083,1979
2088,1976
2085,1984
2076,2039
2069,2045
2059,2053
2053,2084
2045,2067
2038,2079
2027,2039
2035,2066
2026,2008
2033,2019
2021,2045
2021,2045
2028,2058
2023,2024
2024,2029
2033,2063
2028,2067
2029,2080
2025,2036
2027,2094
2029,2063
2039,2021
2028,2008
2035,2009
2037,2013
2054,2039
2059,2065
2041,2087
2057,2091
2063,2088
2063,2100
2069,2068
2065,2063
2079,2008
2085,2021
2084,2025
2097,2005
2107,2033
2105,2032
2111,2074
2112,2067
2114,2035
2117,2055
2123,2067
2129,2081
2144,2105
2144,2088
2150,2014
2151,1999
2155,1993
2149,2054
2160,2102
2158,2089
2167,2062
2161,2065
2167,2063
2159,2074
2168,2070
2180,1980
2163,2023
2167,2028
2168,2041
2159,2044
2169,2072
2160,2070
2158,2029
2139,2048
2149,2028
2147,2037
2140,2033
2130,2026
2137,2088
2119,2083
2119,2043
2109,2025
2109,2033
2093,2064
2099,2069
2083,2076
2080,2017
2083,2035
2067,2015
2070,2051
2058,2041
2063,2023
2039,2024
2035,2027
2040,2044
2036,2062
2027,2028
2029,2021
2017,2072
2025,2019
2011,2045
2016,2048
2024,2064
2009,2065
2024,2108
2016,2083
2015,2088
2019,2058
2012,2031
2020,2070
2007,2073
2027,2039
2017,1979
2023,2007
2027,2005
2039,2068
2039,2029
2043,2045
2044,2066
2051,2053
2062,2043
2058,2041
2069,2039
2078,2021
2079,2028
2088,2032
2089,2055
2096,2065
2091,2070
2109,2066
2124,2080
2117,2103
2132,2113
2125,2096
2135,2056
2144,2028
2143,1992
2151,2034
2160,1993
2171,1995
2172,2047
2164,2072
2173,2103
2179,2106
2186,2065
2181,2072
2195,2076
2186,2064
2195,1995
2181,2032
2189,2025
2183,2037
2199,2089
2169,2081
2185,2059
2182,2063
2173,2063
2175,2063
2165,2069
2153,2067
2149,2060
2156,2011
2143,2011
2146,2021
2130,2011
2139,2040
2132,2054
2123,2068
2112,2102
2105,2101
2105,2063
2096,2074
2091,2063
2083,2037
2075,2039
2079,2051
2071,2045
2059,2071
2063,2091
2040,2063
2047,2058
2042,2024
2025,2051
2025,2033
2027,2063
2019,2087
2019,2075
2022,2072
2011,2033
2016,2063
2009,2033
2009,2055
2013,2039
2010,1995
2019,2040
2009,2062
2020,2024
2017,2045
2019,2055
2024,2035
2028,2037
2021,2054
2027,2028
2028,2065
2026,2043
2025,2053
2031,2063
2030,2059
2035,2019
2044,2069
2066,2033
2097,2067
2109,2063
2156,2081
2189,2072
2222,2025
2262,2027
2281,2009
2315,2035
2341,2040
2361,2042
2391,2039
2411,2079
2420,2088
2432,2063
2439,2025
2445,2035
2429,2053
2425,2082
2421,2021
2405,2001
2387,1989
2367,2028
2339,2040
2319,2027
2291,2078
2272,2091
2253,2089
2223,2078
2209,2063
2187,2041
2176,2016
2155,1975
2144,1987
2123,2027
2123,1995
2113,2015
2087,2008
2088,2037
2076,2027
2071,2012
2063,2022
2054,2012
2045,2039
2051,2029
2039,2036
2039,2053
2035,2060
2042,2068
2037,2100
2040,2089
2039,2107
2029,2104
2023,2103
2005,2089
2002,2076
1995,2071
1975,2080
1966,2063
1957,2067
1945,2072
1936,2041
1925,2060
1924,2027
1910,2072
1893,2079
1897,2063
1884,2065
1877,2026
1865,2079
1866,2044
1863,2047
1853,2060
1866,2007
1868,2030
1870,2032
1875,1991
1891,2009
1897,2063
1901,2071
1913,2068
1924,2045
1932,2064
1957,2059
1959,2030
1973,1999
1982,2039
2005,2040
2015,2067
2021,2067
2027,2041
2035,2067
2043,2059
2044,2037
2059,2051
2055,2037
2063,2067
2063,2086
2059,2056
2056,2066
2053,2068
2048,2056
2037,2029
2043,2074
2024,2043
2022,2102
2005,2093
2000,2111
1980,2081
1973,2065
1966,2084
1941,2067
1933,2063
1915,2035
1904,2063
1888,2070
1880,2058
1864,2047
1848,2019
1835,2060
1823,2035
1817,2060
1811,2025
1803,2060
1809,2048
1813,2071
1805,2057
1815,2058
1819,2039
1815,2019
1815,2055
1819,2063
1813,2078
1824,2080
1829,2073
1826,2071
1831,2075
1827,2021
1833,2041
1832,2040
1843,2041
1848,2088
1845,2059
1863,2044
1873,2043
1887,2079
1900,2063
1913,2056
1933,2075
1939,2072
1937,2023
1953,2041
1966,2056
1958,2040
1969,2061
1971,2055
1967,2057
1971,2092
1970,2085
1971,2086
1966,2077
1961,2077
1973,2063
1965,2072
1979,2038
1975,2041
1981,2011
1998,2045
2001,2068
2012,2065
2025,2043
2039,2045
2044,2019
2075,2045
2090,2052
2106,2056
2117,2056
2139,2030
2153,2063
2179,2025
2196,2048
2211,2052
2229,2020
2254,2019
2264,2033
2283,2063
2308,2019
2327,2037
2337,2035
2352,2068
2362,2007
2376,2009
2393,2032
2391,2039
2405,2059
2402,2044
2404,2053
2395,2063
2391,2048
2393,2063
2379,2012
2371,2035
2349,2021
2331,2063
2327,2072
2307,2041
2275,2042
2264,2011
2233,2007
2218,2002
2196,2033
2168,1989
2133,2063
2120,2024
2085,2045
2067,2007
2045,2027
2034,2032
2005,2015
1996,2019
1977,2023
1969,2015
1947,2033
1939,2039
1939,2075
1929,2032
1920,2044
1913,2042
1912,2046
1914,1991
1907,1996
1907,1981
1916,1990
1904,2029
1908,2020
1909,2038
1912,2012
1907,1981
1920,2043
1915,2001
1937,2019
1939,2027
1952,2024
1964,2009
1962,2024
1965,2016
1983,2039
1980,2011
1981,2015
1995,2041
2011,2027
2001,2066
2011,2012
2023,2053
2032,2016
2032,2033
2041,2005
2039,2029
2063,2035
2068,2037
2076,2027
2071,2032
2087,2077
2091,2010
2103,2017
2116,2031
2136,2026
2144,2027
2160,2045
2173,2020
2183,2035
2202,2079
2213,2028
2220,2067
2221,2024
2232,2085
2241,2059
2229,2032
2240,2023
2235,2071
2235,2037
2235,2038
2236,2064
2232,2041
2221,2063
2226,2068
2217,2072
2221,2065
2212,2080
2193,2063
2192,2053
2169,2040
2169,2015
2149,2057
2147,2035
2131,2039
2124,2075
2109,2039
2103,2045
2081,2081
2081,2088
2072,2063
2057,2063
2041,2052
2042,2100
2024,2069
2027,2067
2015,2099
2015,2077
2011,2087
2009,2091
2008,2065
2001,2127
2003,2069
2007,2071
2009,2079
2007,2055
2020,2090
2019,2043
2011,2027
2035,2078
2043,2072
2043,2055
2043,2071
2068,2055
2080,2007
2075,2055
2093,2059
2097,2019
2107,2084
2120,2048
2129,2064
2129,2093
2148,2071
2157,2035
2166,2075
2172,2035
2184,2069
2195,2026
2201,2074
2203,2047
2221,2056
2224,2076
2221,2031
2237,2035
2228,2067
2242,2040
2245,2073
2245,2036
2240,2092
2255,2019
2243,2067
2248,2039
2242,2035
2232,2103
2236,2076
2232,2102
2231,2079
2220,2092
2209,2065
2208,2079
2201,2106
2195,2063
2187,2093
2169,2067
2168,2048
2149,2059
2143,2063
2140,2074
2122,2065
2117,2074
2113,2044
2102,2080
2087,2041
2087,2018
2083,2027
2075,2055
2073,2025
2066,2053
2055,2006
2043,2075
2039,2053
2027,2035
2017,2041
2019,2021
2013,2063
2006,2040
2000,2069
1996,2056
1975,2046
1978,2027
1965,2005
1965,2071
1968,2016
1959,2065
1952,2024
1955,1987
1954,2043
1945,2029
1950,2016
1951,2041
1946,2069
1958,2036
1960,2059
1961,2037
1961,2037
1959,2039
1963,2053
1969,2015
1983,2036
1983,2082
1983,2029
1991,2078
1999,2066
2016,2066
2007,2078
2007,2025
2021,2072
2036,2018
2042,2050
2058,2039
2056,2015
2069,2044
2067,2025
2079,1997
2088,1993
2093,2056
2101,2037
2102,2063
2103,2030
2120,2048
2116,2025
2120,2029
2134,2074
2129,2039
2135,2018
2132,2080
2133,2041
2137,2055
2143,2035
2135,2071
2136,2054
2128,2088
2127,2039
2113,2075
2123,2021
2114,2060
2100,2037
2106,2041
2104,2013
2088,2067
2093,2039
2093,2035
2072,2072
2082,2042
2075,2041
2071,2051
2054,2030
2060,2068
2046,2039
2037,2080
2039,2037
2027,2075
2029,2072
2025,2065
2016,2033
2016,2064
2001,2083
2007,2066
1996,2065
1998,2041
1994,2080
1985,2072
1983,2068
1984,2060
1980,2048
1971,2073
1969,2029
1965,2037
1969,2043
1972,2025
1966,2068
1971,2067
1977,2057
1967,2072
1976,2104
1973,2031
1981,2080
1990,2088
1991,2009
1980,2048
1996,2072
2008,2077
2008,2029
2012,2051
2024,2044
2028,2040
2023,2038
2035,2063
2033,2028
2051,2041
2057,2040
2059,2063
2057,2063
2065,2067
2069,2058
2080,2005
2083,2072
2083,2060
2087,2064
2088,2051
2096,2011
2098,2091
2103,2040
2085,2094
2099,2027
2103,2048
2104,2072
2103,2010
2104,2071
2104,2040
2107,2041
2091,2063
2099,2039
2096,2043
2096,2055
2096,2029
2087,2025
2088,2074
2080,2063
2080,2063
2075,2084
2063,1999
2063,2037
2058,2046
2057,2035
2054,2047
2046,2033
2040,2027
2026,2008
2021,2073
2021,2024
2005,2044
1999,2067
1991,2033
1987,2027
1980,2041
1978,2036
1964,2056
1957,2009
1956,2068
1950,2043
1939,2056
1940,2027
1931,2066
1924,2068
1925,2053
1912,2054
1912,1995
1911,2035
1904,2040
1896,2031
1891,2015
1895,2055
1894,2034
1888,2005
1895,2017
1896,2044
1893,2019
1889,2060
1903,2068
1893,2102
1895,2054
1902,2079
1904,2027
1907,2063
1913,2039
1920,2030
1925,2039
1932,2030
1940,2040
1950,2029
1939,2086
1952,2068
1958,2051
1963,2025
1971,2041
1976,2043
1980,2024
1999,2045
2001,2070
2016,2066
2027,2066
2032,2069
2047,2054
2055,2035
2056,2063
2075,2031
2088,2040
2093,2024
2097,2041
2109,2042
2127,2028
2139,2029
2143,2021
2155,2051
2163,2023
2165,2032
2179,2012
2176,2039
2195,2060
2199,2076
2195,2075
2206,2041
2208,2095
2213,2075
2211,2027
2199,2080
2216,2074
2216,2058
2208,2067
2213,2040
2209,2011
2200,2047
2208,2044
2207,2055
2200,2037
2199,2056
2195,2035
2199,2028
2187,2066
2172,2063
2169,2033
2176,2036
2157,2039
2163,2072
2156,2091
2149,2099
2146,2088
2143,2043
2129,2063
2126,2041
2121,2063
2117,2040
2107,2019
2105,2056
2105,2029
2101,2041
2100,2068
2092,2041
2095,2040
2092,2059
2088,2003
2081,2056
2073,2011
2080,2041
2084,2056
2078,2064
2078,2079
2079,2067
2081,2071
2072,2063
2077,2043
2076,2044
2084,2054
2084,2017
2079,2037
2080,2032
2081,2046
2085,2037
2084,2055
2084,2047
2084,2067
2087,2039
2085,2001
2087,2015
2087,2033
2091,2063
2097,2087
2107,2056
2097,2088
2115,2084
2120,2069
2122,2079
2125,2068
2131,2035
2129,2039
2134,2045
2145,2047
2147,2017
2154,2043
2145,2029
2151,2023
2153,2063
2157,2047
2156,2065
2155,1995
2160,2040
2164,2071
2160,2065
2157,2060
2152,2063
2148,2037
2152,2080
2144,2088
2144,2079
2138,2080
2139,2043
2127,2042
2127,2029
2120,2048
2104,2017
2104,2031
2102,2066
2090,2064
2083,2030
2079,2027
2075,2037
2057,2071
2048,2063
2035,2056
2036,2042
2021,2071
2016,2039
2008,2063
2012,2090
2002,2096
1992,2081
1982,2055
1971,2089
1972,2043
1963,2031
1949,2017
1953,2023
1952,2065
1944,2045
1933,2019
1941,2059
1927,2053
1923,2043
1913,2065
1918,2068
1911,2063
1913,2043
1915,2065
1912,2083
1893,2069
1912,2077
1912,2073
1907,2081
1911,2076
1931,2092
1928,2070
1933,2035
1936,2044
1929,2063
1944,2036
1951,2060
1957,2036
1969,2060
1975,2055
1972,2041
1985,2023
1987,2060
1991,2068
1999,2063
2005,2080
2009,2083
2012,2063
2021,2053
2036,2077
2041,2063
2056,2065
2065,2041
2071,2029
2079,2075
2083,2077
2095,2066
2105,2051
2108,2036
2122,2039
2124,2033
2123,2039
2125,2040
2145,2019
2143,2035
2143,2044
2157,2041
2165,2073
2163,2043
2157,2053
2163,2043
2168,2082
2173,2071
2171,2072
2169,2091
2171,2069
2176,2085
2170,2058
2176,2056
2169,2052
2168,2074
2163,2038
2157,2040
2153,2005
2146,2063
2137,2055
2132,2067
2131,2042
2126,2044
2113,2073
2108,2075
2106,2044
2093,2041
2091,2063
2086,2059
2082,2067
2079,2076
2074,2038
2067,2072
2072,2040
2065,2040
2070,2057
2063,2023
2063,2044
2063,1995
2053,2019
2060,2024
2045,2004
2048,2036
2053,2023
2054,2055
2043,2067
2060,2039
2053,2086
2063,2039
2066,2056
2063,2027
2060,2031
2065,2056
2067,2039
2070,2025
2073,2032
2069,2019
2076,2055
2085,2001
2091,2017
2088,2032
2096,2026
2099,2039
2099,2011
2104,2009
2101,2040
2105,2037
2113,2024
2115,2041
2115,2031
2133,2048
2130,2056
2133,2041
2136,2040
2141,2027
2144,2007
2148,2040
2144,2015
2146,2017
2145,2056
2147,2035
2150,2031
2148,2024
2152,2024
2146,2041
2146,2011
2143,2055
2142,2066
2138,2060
2129,2041
2131,2067
2135,2045
2122,2070
2116,2079
2112,2039
2109,2055
2107,2039
2100,2009
2103,2052
2096,2043
2092,2032
2089,2035
2088,2086
2077,2064
2071,2011
2075,2005
2069,2035
2058,2022
2055,2027
2041,2028
2043,2057
2039,2071
2029,2075
2025,2073
2032,2061
2024,2072
2022,2059
2015,2058
2027,2048
2020,2064
2013,2068
2026,2070
2025,2080
2019,2045
2024,2063
2032,2044
2025,2036
2036,2019
2042,2003
2040,2044
2051,2048
2051,2072
2039,2071
2063,2041
2068,2076
2071,2079
2071,2073
2080,2063
2093,2065
2087,2023
2096,2043
2099,2070
2101,2080
2119,2065
2115,2123
2119,2073
2133,2072
2133,2037
2138,2029
2136,2012
2154,2028
2159,2021
2162,2072
2167,2076
2169,2069
2170,2045
2175,2080
2180,2064
2176,2032
2176,2023
2185,2031
2183,2081
2171,2089
2184,2092
2169,2094
2167,2085
2175,2111
2175,2078
2170,2031
2168,2010
2163,2015
2167,1989
2153,2015
2154,2047
2137,2071
2145,2067
2130,2063
2135,2039
2121,2063
2115,2027
2120,2035
2107,2011
2103,2043
2094,2068
2092,2091
2088,2096
2075,2108
2067,2128
2066,2091
2053,2068
2043,2023
2036,1987
2044,2016
2032,2024
2032,2056
2017,2063
2015,2065
2022,2071
2011,2068
2021,2025
2016,2021
2016,2023
2009,2039
2017,2032
2008,2044
2007,2069
2007,2112
2009,2081
2012,2107
2008,2120
2017,2057
2001,1997
2013,2009
2021,1989
2027,2027
2028,2059
2029,2080
2020,2072
2028,2029
2025,2007
2028,2033
2040,2004
2029,2012
2053,1995
2043,2030
2056,2053
2067,2017
2063,2095
2069,2093
2071,2099
2076,2120
2074,2060
2080,2005
2085,1976
2092,1972
2084,2036
2091,2056
2099,2055
2104,2063
2093,2027
2103,2023
2103,2033
2103,2015
2101,2008
2098,2013
2095,2033
2100,2067
2101,2072
2101,2092
2092,2107
2079,2108
2084,2112
2073,2097
2069,2029
2067,1968
2065,1963
2063,2023
2055,2080
2041,2073
2039,2044
2037,2037
2024,2031
2024,2030
2027,2017
2024,2021
2011,1992
2001,2040
2000,2001
2001,2033
1981,2071
1983,2103
1973,2113
1980,2104
1957,2098
1965,2079
1967,1977
1955,1947
1965,2008
1957,2051
1959,2083
1956,2075
1955,2067
1955,2037
1960,2034
1951,2035
1968,2056
1967,2011
1968,2003
1960,2008
1976,2043
1985,2079
1969,2104
1987,2105
1984,2100
1989,2093
1998,2121
2003,1995
2024,1979
2025,2007
2024,2041
2035,2090
2053,2085
2055,2068
2068,2051
2067,2039
2081,2025
2093,2063
2096,2041
2105,1989
2096,2011
2120,2027
2128,2093
2135,2099
2139,2097
2141,2102
2152,2119
2151,2093
2164,2099
2167,1997
2165,1988
2176,2029
2184,2099
2194,2104
2200,2057
2200,2018
2207,2035
2212,2030
2211,2067
2215,2068
2219,2029
2221,1978
2205,1993
2214,2060
2219,2037
2214,2092
2203,2099
2200,2088
2197,2095
2194,2101
2171,2043
2188,2012
2175,1979
2165,2025
2167,2085
2155,2092
2152,2040
2143,2009
2141,2027
2133,2063
2127,2063
2114,2016
2102,1979
2106,1998
2092,1993
2096,2063
2075,2063
2073,2087
2060,2054
2043,2107
2048,2087
2029,2107
2028,2029
2019,1996
2020,2108
2007,1978
2008,2124
2002,1959
2012,2197
2010,1950
2003,1953
1992,2009
1991,2085
1998,2108
1991,1889
1991,1909
1999,2080
1989,2152
1989,2085
1979,2023
1977,2067
1992,2067
1992,2144
1994,2092
1991,2020
1999,1963
2003,2018
1996,2101
2001,2059
2007,2023
2012,1947
2018,2072
2020,2076
2031,2075
2035,2053
2027,2029
2043,1916
2063,1997
2045,2040
2063,2063
2055,2113
2063,2018
2067,2045
2073,2088
2071,2130
2079,2086
2083,2028
2081,1989
2091,2032
2093,2074
2092,2027
2088,1961
2100,2021
2104,2069
2109,2079
2105,2022
2100,1970
2107,1965
2112,1999
2110,2068
2108,2095
2099,2102
2097,2081
2091,2029
2097,2059
2090,2119
2095,2084
2075,2080
2080,2062
2078,2021
2080,2054
2080,2080
2067,2063
2067,1973
2056,2000
2055,2063
2041,2084
2036,2025
2041,1984
2040,2000
2021,2043
2021,2075
2020,2116
2012,2073
2011,2075
2008,2071
2005,2083
2000,2064
1981,2055
1987,2063
1980,2039
1978,2040
1984,2072
1982,2091
1981,2012
1980,2002
1984,2048
1972,2092
1981,2081
1975,2004
1990,1969
1993,1991
1995,2024
1999,2074
2000,2088
1997,2079
2011,2074
2017,2088
2017,2081
2028,2078
2023,2074
2035,2021
2034,2037
2044,2061
2063,2070
2063,2035
2063,2028
2077,2016
2079,2056
2088,2043
2088,2021
2100,2008
2123,1947
2124,1997
2131,2063
2138,2080
2136,2090
2144,2093
2147,2069
2164,2072
2155,2091
2173,2096
2172,2075
2173,2072
2183,2023
2195,2043
2201,2075
2200,2030
2204,2025
2207,2006
2199,2068
2206,2033
2203,2021
2203,1975
2203,1923
2207,2009
2209,2091
2207,2099
2201,2075
2201,2084
2198,2090
2195,2086
2187,2057
2194,2069
2184,2077
2170,2067
2165,2088
2167,2041
2160,2064
2153,2043
2137,2032
2143,2020
2140,2084
2131,2063
2118,1995
2113,1990
2112,1970
2109,2043
2106,2088
2101,2076
2096,2087
2076,2072
2080,2072
2073,2100
2073,2075
2070,2068
2057,2088
2064,2072
2043,2033
2052,2056
2053,2025
2053,2011
2056,2069
2040,2040
2038,2024
2029,1997
2041,1997
2040,1994
2038,2003
2027,2076
2040,2096
2036,2083
2040,2086
2041,2029
2045,2063
2047,2079
2048,2096
2043,2089
2040,2075
2065,2033
2057,2063
2065,2043
2059,2007
2065,2029
2072,2048
2068,2051
2070,2040
2077,2024
2080,2013
2085,1969
2085,2015
2081,2068
2087,2065
2090,2071
2097,2053
2104,2056
2101,2073
2100,2084
2108,2065
2105,2094
2099,2079
2099,2077
2107,2011
2101,2068
2105,2019
2099,2055
2098,2059
2092,2025
2093,2044
2095,1996
2083,2016
2087,2013
2087,2029
2078,2071
2069,2075
2073,2043
2066,2063
2057,2069
2040,2070
2043,2080
2037,2057
2033,2092
2030,2103
2024,2076
2015,2064
2010,2075
2001,2024
1991,2056
1992,2041
1976,2022
1979,2041
1970,2009
1968,2016
1955,2029
1957,2061
1951,2057
1948,2063
1947,2064
1946,2075
1942,2088
1928,2071
1933,2085
1927,2103
1931,2055
1927,2088
1931,2063
1931,2078
1931,2060
1936,2040
1931,2024
1944,2025
1935,2009
1947,2032
1947,2036
1943,1989
1954,2039
1963,2047
1959,2067
1966,2031
1966,2032
1977,2025
1990,2075
1992,2086
1993,2091
1996,2057
2003,2057
2015,2041
2025,2052
2027,2063
2037,2071
2037,2033
2063,2032
2063,2051
2063,2017
2077,2036
2073,2052
2093,2026
2094,2032
2093,2051
2103,2009
2116,2040
2104,2041
2115,2033
2117,2065
2128,2069
2125,2063
2136,2080
2131,2075
2135,2041
2132,2073
2129,2068
2123,2069
2122,2063
2136,1992
2127,2032
2121,2044
2117,2001
2120,2031
2107,2013
2115,2027
2102,2040
2089,2039
2093,2043
2088,2039
2075,2015
2075,2064
2063,2059
2055,2059
2051,2091
2044,2063
2035,2027
2024,2044
2027,2072
2009,2072
1999,2021
2001,2023
1987,1999
1984,2043
1973,2035
1971,2005
1963,2027
1959,2055
1954,2027
1941,2036
1947,2003
1944,2035
1941,2037
1944,2072
1939,2068
1936,2091
1940,2043
1933,2035
1943,2080
1941,2076
1940,2059
1937,2058
1944,2033
1952,2017
1959,2028
1960,2020
1960,2022
1975,2036
1978,1999
1993,2032
1996,2036
2001,2023
2009,2056
2005,2053
2017,2068
2021,2023
2031,2065
2047,2060
2055,2073
2063,2056
2074,2089
2081,2053
2089,2060
2098,2041
2108,2040
2110,2042
2109,2063
2129,2029
2140,2010
2139,2019
2150,2016
2162,2032
2167,2040
2171,1997
2179,2023
2171,2041
2192,2069
2192,2066
2187,2085
2195,2074
2204,2077
2200,2074
2197,2058
2202,2076
2189,2039
2201,2055