2184,2063
2197,2055
2198,2069
2185,2045
2187,2074
2183,2026
2178,2069
2179,2055
2167,2032
2161,2035
2155,2052
2144,2059
2145,2072
2140,2039
2125,2058
2116,2043
2120,2065
2106,2037
2093,2074
2085,2066
2078,2072
2072,2055
2059,2057
2057,2039
2039,2037
2040,2076
2029,2039
2027,2040
2029,2048
2024,2029
2019,2072
2024,2056
2021,2063
2027,2028
2019,2056
2027,2064
2012,2035
2024,2062
2021,2037
2027,2068
2029,2044
2025,2039
2021,2060
2021,2043
2029,2037
2032,2048
2037,2025
2040,2068
2056,2029
2045,2068
2059,2041
2069,2043
2071,2037
2075,2032
2078,2046
2086,2033
2089,2053
2084,2042
2096,2036
2100,2040
2099,2056
2105,2025
2111,2047
2106,2024
2104,2039
2108,2075
2109,2036
2103,2056
2116,2035
2119,2043
2115,2013
2128,2054
2121,2063
2129,2028
2137,2057
2133,2068
2144,2063
2137,2012
2143,2037
2152,2046
2153,2035
2153,2037
2155,2063
2157,2075
2161,2051
2162,2070
2163,2043
2160,2025
2158,2046
2152,2028
2160,2039
2149,2002
2155,2069
2151,2059
2152,2019
2144,2055
2136,2017
2144,2066
2141,2059
2143,2069
2133,2072
2135,2057
2129,2057
2123,2057
2107,2037
2108,2043
2104,2068
2083,2025
2088,2073
2077,2068
2067,2068
2056,2069
2048,2019
2033,2069
2027,2035
2019,2066
2017,2057
2013,2060
1995,2063
1999,2056
1988,2063
1977,2025
1976,2060
1977,2040
1977,2056
1969,2052
1971,2021
1969,2058
1981,2042
1982,2048
1984,2044
1989,2011
1996,2045
1995,2037
2009,2029
2009,2011
2017,2071
2009,2055
2023,2042
2026,2055
2039,2053
2036,2053
2040,2029
2051,2068
2060,2053
2068,2044
2071,2048
2075,2024
2087,2073
2088,2068
2085,2067
2094,2071
2095,2057
2093,2056
2107,2053
2112,2068
2105,2033
2116,2035
2119,2047
2121,2052
2107,2054
2117,2064
2115,2058
2104,2035
2113,2057
2108,2058
2107,2063
2099,2025
2099,2038
2093,2045
2096,2071
2085,2059
2080,2063
2075,2067
2076,2058
2059,2071
2069,2023
2053,2039
2055,2052
2043,2063
2039,2053
2032,2079
2028,2059
2011,2027
2013,2038
1997,2056
1986,2040
1983,2055
1965,2033
1958,2058
1956,2071
1952,2033
1946,2068
1915,2041
1911,2071
1903,2063
1900,2066
1896,2075
1890,2065
1882,2063
1877,2055
1871,2026
1865,2074
1865,2073
1857,2059
1861,2039
1849,2071
1852,2043
1847,2064
1853,2027
1856,2042
1852,2056
1864,2033
1859,2015
1862,2060
1876,2063
1873,2057
1889,2027
1896,2044
1897,2076
1908,2045
1918,2051
1924,2048
1936,2073
1941,2039
1956,2057
1964,2055
1982,2070
1987,2035
1989,2021
2003,2028
2008,2029
2024,2043
2024,2071
2041,2023
2037,2025
2043,2056
2042,2029
2067,2041
2075,2065
2080,2071
2081,2033
2083,2031
2093,2059
2092,2066
2087,2019
2089,2072
2086,2075
2083,2027
2075,2073
2079,2039
2084,2079
2073,2053
2071,2047
2075,2025
2063,2055
2067,2065
2056,2063
2057,2045
2048,2071
2055,2063
2047,2072
2035,2063
2037,2056
2034,2040
2024,2018
2029,2069
2024,2021
2028,2073
2024,2051
2024,2066
2021,2027
2018,2048
2024,2048
2022,2019
2015,2042
2019,2055
2009,2035
2009,2039
2011,2038
2016,2037
2007,2037
2011,2063
2015,2039
2015,2068
2015,2048
2011,2041
2009,2036
2020,2035
2021,2044
2024,2059
2020,2064
2020,2032
2011,2051
2025,2035
2029,2064
2038,2038
2038,2052
2033,2033
2038,2041
2048,2042
2043,2074
2063,2038
2063,2057
2059,2065
2071,2033
2067,2055
2074,2062
2075,2027
2083,2036
2093,2036
2097,2011
2096,2027
2099,2037
2104,2021
2120,2056
2115,2039
2127,2035
2127,2056
2121,2051
2144,2048
2137,2023
2144,2057
2139,2039
2141,2063
2153,2057
2151,2048
2155,2019
2156,2056
2156,2063
2152,2027
2147,2058
2139,2037
2145,2063
2140,2055
2140,2009
2122,2059
2124,2024
2116,2035
2115,2044
2101,2025
2105,2037
2087,2044
2073,2062
2078,2067
2069,2008
2065,2063
2055,2027
2039,2068
2040,2035
2031,2022
2029,2019
2019,2083
2013,2137
2007,1943
2001,1960
2001,2508
2002,1677
1989,2333
1961,1805
2029,1437
1953,3196
1948,1871
2075,1960
1915,2037
1955,2165
2051,2203
1914,1932
1972,2122
2005,1834
1956,2026
1977,2312
2007,1957
1955,1981
1977,2129
1996,1915
1971,2063
2003,1906
1979,2169
1992,2240
2004,2057
2005,2097
2005,2017
2006,1933
2019,2091
2014,1862
2032,1996
2029,2229
2019,1867
2046,2143
2052,2195
2028,2024
2072,2112
2041,1952
2063,1933
2083,2088
2059,2063
2086,2207
2075,2025
2093,2010
2087,1960
2092,2104
2109,1973
2099,1976
2106,2364
2121,1892
2116,1931
2115,2146
2125,2078
2135,2029
2127,2130
2132,1957
2145,2244
2115,2063
2136,1980
2137,2182
2116,1998
2122,1961
2130,1984
2105,1973
2120,1954
2107,2139
2096,1960
2103,2074
2104,2103
2079,2120
2096,2012
2077,1931
2065,2157
2071,2084
2048,2133
2043,2058
2048,1932
2023,2090
2027,1951
2034,2032
2018,2065
2015,2133
2015,2135
1987,2137
1996,2020
1977,2035
1980,2095
1979,2075
1971,2182
1961,1997
1973,2097
1955,2037
1947,2104
1958,2043
1949,2157
1945,1960
1960,1978
1945,2129
1954,2071
1949,2136
1952,2059
1961,2068
1952,2045
1962,2029
1963,2041
1955,1917
1975,2080
1973,1974
1975,2071
1998,2122
1980,2072
1983,2019
2007,2087
1987,2023
2024,2067
2018,2095
2011,2008
2033,2029
2032,2164
2035,2075
2056,1953
2041,2006
2064,2083
2069,2071
2069,2080
2081,1997
2091,2012
2093,2005
2100,2131
2105,2039
2087,2036
2127,2013
2117,2067
2110,2093
2144,2017
2133,2019
2129,2083
2152,2099
2139,2089
2149,2068
2163,2015
2146,2007
2176,2087
2156,2021
2151,2051
2169,1911
2153,2079
2156,2000
2167,2025
2152,2075
2143,1968
2150,2093
2139,2089
2137,2059
2142,2059
2117,1999
2128,2021
2122,2120
2101,2035
2107,2095
2089,2089
2092,2063
2094,2063
2072,2019
2069,2072
2060,2071
2037,1996
2053,2085
2023,2080
2019,1977
2016,2132
1996,1960
2015,2120
1989,2065
1973,2003
1991,2063
1965,1997
1954,2023
1965,2072
1952,2023
1948,2085
1940,2055
1939,2081
1924,2064
1936,2041
1939,2033
1913,2015
1936,2056
1917,2092
1923,2008
1936,2067
1929,2040
1930,2037
1929,2131
1936,1987
1941,2087
1944,2076
1943,1993
1941,2078
1947,2067
1955,2044
1967,2071
1957,2068
1980,2032
1973,2057
1979,2063
1987,2038
1985,2033
1995,2080
2008,2095
2012,2063
2023,2080
2027,2007
2025,1993
2038,2088
2041,2042
2035,2028
2052,2087
2055,1960
2075,2104
2067,2017
2081,2083
2076,2074
2087,1990
2093,2042
2096,2009
2085,2070
2108,2027
2103,2027
2104,2081
2108,2031
2105,2018
2103,2099
2103,2032
2094,2007
2103,2035
2099,2053
2104,2058
2096,2071
2087,2073
2091,2079
2079,2021
2093,2073
2084,2096
2069,2056
2079,2065
2063,2065
2053,2035
2043,2065
2041,2019
2040,2025
2039,2021
2020,2033
2012,2082
2011,2022
2002,2091
2001,2027
2000,2043
1987,2063
1977,2060
1963,2036
1969,2077
1959,2032
1955,2055
1954,2071
1952,2031
1947,2039
1947,2072
1935,2063
1935,2039
1942,2043
1933,2063
1940,2063
1934,2056
1933,2043
1942,2028
1941,2067
1933,2025
1937,2055
1947,2040
1952,2056
1943,2077
1961,2029
1953,2026
1961,2021
1967,2079
1972,2040
1979,2069
1979,2017
1991,2037
1996,2063
2006,2048
2008,2019
2012,2072
2011,2041
2026,2024
2024,2023
2037,2076
2043,2069
2048,2067
2063,2040
2071,2029
2076,2080
2069,2039
2077,2015
2090,2035
2073,2024
2080,2057
2089,2057
2099,2047
2097,2066
2102,2068
2099,2040
2103,2045
2099,2029
2097,2046
2099,2040
2091,2088
2091,2052
2092,2014
2091,2104
2092,2048
2079,2051
2084,2071
2084,2033
2069,2032
2057,2017
2076,2074
2053,2034
2068,2070
2036,2055
2045,2059
2039,2019
2036,2055
2039,2033
2020,2041
2021,2089
2015,2007
2016,2071
2001,2034
2008,2085
1999,2044
2000,2023
1987,2019
1996,2040
1988,2051
1984,2060
1975,2029
1968,2072
1971,2035
1976,2063
1979,2042
1965,2039
1979,2056
1974,2071
1973,2063
1973,2092
1978,2040
1985,2083
1976,2007
1989,2044
1993,2018
1997,2066
1995,2024
1998,2071
1995,2048
2013,2008
2011,2077
2011,2034
2025,2027
2018,2033
2032,2063
2043,2053
2033,2046
2048,2033
2060,2057
2059,2074
2066,2067
2067,2076
2080,2039
2077,2056
2080,2063
2089,2021
2099,2061
2094,2021
2103,2054
2105,2017
2107,2063
2120,2055
2115,2036
2124,2034
2125,2042
2124,2039
2124,2056
2131,2043
2119,2040
2131,2074
2125,2043
2124,2072
2123,2043
2118,2058
2112,2043
2101,2015
2104,2071
2105,2037
2085,2086
2092,2042
2083,2011
2079,2044
2074,2076
2053,2037
2072,2067
2045,2043
2040,2054
2034,2063
2023,2054
2021,2042
2024,2075
2015,2043
2011,2024
2007,2029
1990,2075
1992,2045
1979,2023
1971,2078
1968,2011
1969,2043
1955,2043
1958,2002
1954,2071
1954,2059
1950,2083
1945,2054
1950,2058
1940,2065
1947,2035
1951,2072
1945,2034
1948,2068
1949,2041
1945,2055
1944,2020
1960,2072
1967,2057
1972,2068
1970,2068
1977,2061
1985,2071
1995,2063
1995,2070
1995,2037
2008,2073
2012,2053
2017,2035
2019,2056
2029,2074
2036,2029
2051,2042
2060,2079
2056,2055
2066,2063
2071,2039
2079,2027
2077,2060
2089,2071
2099,2017
2102,2041
2107,2043
2112,2048
2122,2079
2117,2083
2131,2033
2134,2055
2131,2076
2136,2024
2141,2048
2142,2043
2143,2045
2145,2043
2151,2035
2142,2072
2131,2051
2136,2039
2143,2080
2137,2061
2136,2064
2132,2052
2129,2041
2119,2040
2116,2053
2099,2072
2107,2056
2101,2066
2097,2044
2076,2076
2072,2027
2069,2080
2068,2040
2056,2035
2057,2071
2052,2044
2042,2063
2037,2060
2030,2036
2017,2068
2003,2007
2003,2019
1997,2057
1991,2037
1981,2029
1987,2043
1978,2035
1964,2043
1961,2058
1961,2035
1956,2052
1954,2063
1952,2037
1947,2027
1948,2067
1949,2029
1932,2067
1949,2052
1943,2043
1950,2066
1939,2065
1948,2044
1949,2063
1959,2063
1953,2035
1961,2024
1966,2060
1965,2061
1983,2040
1977,2054
1987,2059
2005,2041
1997,2060
2011,2013
2016,2075
2019,2041
2029,2029
2039,2044
2040,2063
2057,2043
2066,2040
2071,2041
2079,2052
2081,2067
2089,2012
2100,2035
2099,2040
2100,2036
2108,2056
2119,2056
2128,2019
2133,2058
2134,2063
2137,2019
2137,2052
2137,2063
2152,2043
2159,2041
2160,2063
2160,2068
2152,2063
2160,2041
2151,2064
2152,2034
2153,2019
2163,2025
2152,2041
2148,2035
2156,2041
2152,2068
2146,2020
2151,2071
2133,2043
2144,2037
2141,2064
2131,2065
2137,2056
2128,2043
2118,2010
2121,2069
2121,2051
2120,2055
2096,2054
2108,2044
2093,2029
2097,2048
2091,2028
2089,2063
2083,2052
2077,2033
2081,2024
2075,2058
2077,2055
2065,2053
2058,2043
2068,2053
2054,2063
2063,2041
2053,2029
2056,2080
2045,2040
2041,2029
2057,2043
2044,2067
2060,2070
2055,2029
2059,2031
2063,2048
2063,2029
2071,2057
2065,2056
2069,2033
2071,2035
2071,2056
2074,2051
2069,2039
2073,2045
2081,2040
2089,2037
2095,2045
2096,2058
2089,2052
2099,2039
2101,2035
2100,2064
2101,2036
2109,2037
2120,2056
2116,2042
2127,2051
2135,2059
2136,2062
2132,2019
2151,2069
2155,2019
2153,2047
2167,2017
2161,2059
2171,2059
2171,2063
2172,2071
2182,2042
2181,2025
2184,2040
2185,2059
2185,2057
2187,2033
2185,2032
2176,2057
2185,2052
2181,2063
2175,2044
2161,2053
2167,2055
2161,2067
2149,2067
2149,2075
2143,2023
2136,2067
2133,2051
2131,2063
2121,2076
2112,2035
2097,2021
2093,2057
2083,2056
2080,2076
2071,2018
2059,2063
2053,2043
2042,2043
2029,2052
2021,2044
2015,2068
2003,2064
2000,2048
1997,2045
1981,2020
1975,2020
1971,2077
1968,2071
1957,2024
1964,2041
1943,2039
1947,2044
1948,2035
1939,2068
1944,2072
1940,2035
1936,2065
1940,2023
1944,2053
1943,2072
1941,2064
1946,2063
1947,2063
1948,2056
1948,2043
1949,2067
1968,2033
1969,2027
1971,2067
1976,2078
1985,2041
1992,2081
1991,2064
2007,2056
2011,2053
2024,2057
2023,2063
2027,2042
2033,2039
2044,2075
2051,2068
2055,2076
2059,2063
2071,2084
2075,2076
2087,2067
2091,2063
2099,2041
2101,2059
2105,2051
2109,2027
2107,2039
2124,2039
2126,2059
2130,2073
2130,2063
2127,2063
2124,2070
2129,2073
2126,2040
2127,2064
2121,2065
2112,2069
2107,2068
2106,2035
2099,2072
2101,2072
2097,2040
2093,2065
2083,2041
2080,2059
2078,2056
2065,2043
2069,2055
2056,2073
2044,2058
2040,2073
2031,2085
2024,2037
2024,2052
2009,2076
2004,2048
2000,2043
1992,2062
1977,2051
1977,2056
1968,2071
1966,2072
1955,2031
1953,2084
1952,2047
1951,2057
1956,2055
1949,2032
1952,2029
1953,2075
1947,2035
1960,2057
1960,2029
1963,2042
1963,2069
1964,2041
1976,2063
1973,2029
1981,2028
1992,2068
1994,2044
1997,2063
2014,2041
2018,2029
2027,2023
2035,2056
2040,2064
2059,2060
2071,2070
2068,2057
2075,2033
2085,2060
2098,2021
2104,2029
2118,2041
2127,2056
2135,2056
2136,2039
2136,2041
2139,2019
2140,2067
2152,2029
2160,2023
2158,2057
2164,2063
2163,2021
2168,2028
2163,2054
2171,2054
2166,2043
2168,2040
2156,2051
2169,2036
2160,2039
2160,2040
2156,2019
2152,2066
2146,2029
2143,2063
2131,2056
2125,2063
2124,2027
2120,2040
2104,2054
2101,2027
2093,2043
2084,2018
2071,2023
2075,2043
2067,2067
2043,2040
2029,2025
2029,2035
2029,2033
2025,2031
2015,2060
2004,2020
2001,2044
1995,2075
1988,2057
1987,2039
1971,2058
1959,2043
1964,2034
1962,2054
1951,2033
1952,2068
1952,2036
1951,2062
1943,2072
1943,2041
1937,2033
1943,2066
1943,2072
1944,2033
1947,2067
1956,2066
1947,2057
1961,2057
1961,2055
1963,2060
1976,2039
1979,2011
1978,2023
1987,2047
1995,2041
2004,2025
2006,2048
2011,2055
2024,2053
2035,2063
2043,2041
2052,2066
2052,2066
2069,2037
2077,2066
2080,2040
2085,2065
2099,2056
2111,2073
2116,2043
2117,2039
2135,2056
2135,2048
2143,2070
2144,2021
2147,2058
2154,2058
2168,2063
2173,2063
2176,2037
2165,2053
2169,2035
2187,2055
2176,2063
2182,2063
2179,2042
2184,2043
2181,2059
2180,2056
2171,2070
2170,2063
2168,2047
2171,2041
2158,2057
2160,2063
2151,2057
2148,2063
2139,2076
2139,2026
2131,2063
2123,2033
2123,2068
2106,2062
2108,2047
2104,2041
2091,2027
2088,2037
2084,2043
2067,2039
2067,2025
2057,2077
2047,2043
2042,2056
2043,2043
2033,2029
2019,2072
2020,2063
2015,2063
2015,2031
2001,2039
2002,2053
1995,2057
1997,2053
1992,2079
1987,2051
1991,2068
1984,2069
1981,2051
1984,2043
1988,2066
1982,2055
1977,2043
1980,2058
1979,2021
1984,2068
1979,2055
1997,2042
1996,2037
1993,2063
2007,2040
2000,2043
2003,2051
2005,2056
2012,2061
2012,2056
2019,2029
2024,2072
2029,2063
2031,2055
2042,2040
2037,2003
2039,2037
2048,2039
2068,2079
2069,2068
2072,2057
2079,2063
2079,2028
2083,2068
2093,2025
2090,2054
2104,2056
2105,2057
2111,2045
2105,2063
2115,2056
2124,2025
2115,2035
2128,2043
2143,2056
2127,2034
2131,2037
2140,2022
2122,2035
2136,2024
2133,2029
2137,2064
2136,2061
2132,2031
2133,2059
2128,2064
2123,2038
2123,2057
2121,2058
2120,2037
2122,2041
2109,2039
2104,2040
2108,2051
2108,2024
2099,2076
2099,2023
2089,2065
2095,2058
2086,2037
2073,2063
2071,2063
2076,2041
2075,2056
2075,2041
2057,2075
2063,2025
2056,2073
2044,2043
2039,2035
2048,2073
2042,2033
2038,2072
2041,2043
2039,2039
2041,2064
2029,2027
2043,2056
2044,2063
2044,2073
2043,2040
2045,2071
2047,2048
2041,2060
2041,2043
2041,2029
2059,2075
2056,2055
2060,2019
2064,2076
2067,2045
2075,2039
2069,2037
2075,2044
2076,2054
2079,2075
2089,2019
2088,2057
2089,2036
2098,2066
2104,2023
2102,2041
2105,2063
2112,2029
2120,2039
2113,2068
2127,2030
2121,2060
2125,2029
2135,2023
2145,2066
2136,2023
2144,2027
2150,2039
2145,2039
2156,2048
2151,2041
2160,2027
2156,2045
2163,2040
2163,2057
2151,2059
2157,2056
2161,2057
2157,2055
2160,2043
2152,2078
2157,2055
2152,2039
2152,2047
2144,2060
2131,2041
2140,2066
2124,2040
2125,2035
2110,2067
2112,2025
2116,2052
2105,2072
2089,2072
2092,2070
2077,2068
2083,2055
2073,2054
2053,2072
2066,2054
2043,2068
2047,2055
2030,2041
2040,2056
2029,2044
2021,2020
2015,2029
2011,2060
2011,2061
2005,2030
1997,2075
2004,2063
1993,2084
1981,2063
1996,2063
1991,2029
1977,2079
1992,2036
1975,2088
1988,2059
1988,2024
1987,2071
1981,2051
1999,2034
1999,2032
1991,2021
2001,2065
2000,2036
2003,2021
2005,2063
2003,2063
2012,2055
2011,2054
2019,2054
2023,2060
2027,2044
2034,2078
2032,2029
2041,2063
2037,2037
2047,2031
2053,2064
2065,2035
2063,2027
2068,2046
2071,2020
2074,2023
2079,2068
2088,2026
2089,2039
2089,2063
2096,2065
2099,2069
2095,2055
2097,2065
2101,2035
2104,2044
2107,2039
2099,2041
2104,2063
2108,2033
2099,2055
2094,2028
2100,2056
2091,2039
2091,2037
2088,2044
2083,2023
2080,2040
2069,2056
2072,2056
2063,2019
2063,2060
2055,2063
2052,2057
2043,2053
2033,2039
2031,2057
2023,2053
2024,2072
2008,2057
2008,2066
1997,2037
1994,2056
1979,2051
1975,2056
1984,2027
1976,2041
1971,2024
1963,2068
1962,2036
1949,2066
1950,2042
1948,2055
1939,2043
1948,2065
1940,2037
1931,2055
1937,2040
1946,2075
1940,2039
1944,2062
1948,2053
1949,2064
1943,2059
1951,2023
1960,2048
1957,2059
1966,2056
1964,2072
1973,2071
1975,2067
1987,2056
1992,2057
1999,2053
2008,2069
2003,2041
2009,2045
2027,2048
2036,2040
2031,2027
2052,2069
2055,2035
2065,2055
2074,2041
2081,2068
2082,2060
2097,2057
2103,2062
2103,2019
2116,2063
2123,2041
2123,2078
2121,2017
2140,2024
2139,2075
2151,2066
2152,2025
2151,2037
2149,2059
2152,2019
2163,2055
2166,2068
2163,2037
2163,2033
2165,2065
2164,2063
2162,2039
2155,2056
2151,2056
2159,2063
2141,2011
2151,2067
2141,2011
2129,2057
2136,2060
2129,2051
2132,2056
2114,2020
2112,2043
2103,2021
2100,2070
2095,2069
2075,2051
2081,2045
2071,2056
2071,2032
2057,2039
2063,2071
2052,2033
2044,2066
2029,2019
2029,2048
2023,2051
2016,2040
2013,2063
2006,2067
1995,2063
1992,2024
2002,2055
1992,2063
1992,2025
1989,2015
1991,2045
1993,2039
1981,2027
1995,2043
1992,2055
1997,2045
1983,2013
1996,2053
1991,2059
2004,2048
2003,2063
2015,2027
2008,2029
2024,2043
2023,2048
2033,2041
2040,2022
2043,2075
2050,2043
2060,2019
2063,2055
2066,2048
2076,2063
2079,2056
2092,2059
2086,2053
2100,2039
2101,2048
2111,2055
2115,2019
2127,2051
2132,2054
2125,2063
2133,2040
2145,2027
2153,2064
2156,2036
2157,2043
2164,2035
2155,2021
2168,2034
2172,2061
2171,2022
2161,2072
2169,2045
2163,2059
2171,2071
2170,2039
2168,2056
2163,2062
2153,2025
2155,2044
2152,2048
2143,2068
2136,2039
2137,2055
2131,2029
2125,2071
2127,2052
2119,2029
2105,2058
2105,2071
2087,2033
2087,2026
2081,2063
2067,2057
2067,2056
2044,2073
2056,2051
2035,2063
2026,2058
2024,2043
2016,2040
2005,2040
2008,2075
1993,2071
1992,2063
1979,2072
1981,2037
1976,2068
1974,2080
1972,2059
1961,2044
1964,2046
1953,2040
1960,2068
1946,2035
1952,2065
1952,2054
1950,2062
1956,2039
1955,2027
1951,2039
1955,2066
1959,2055
1960,2029
1959,2071
1967,2033
1971,2074
1965,2040
1972,2069
1984,2057
1989,2066
1991,2064
1996,2068
2001,2056
2008,2037
2007,2021
2020,2035
2023,2033
2032,2065
2028,2054
2040,2056
2054,2035
2063,2066
2058,2047
2067,2063
2067,2045
2075,2068
2080,2034
2083,2027
2090,2069
2093,2043
2090,2055
2093,2055
2099,2055
2104,2041
2106,2064
2105,2041
2103,2067
2114,2059
2106,2048
2101,2031
2099,2011
2096,2067
2104,2064
2103,2043
2096,2076
2091,2043
2087,2065
2081,2021
2081,2054
2077,2056
2065,2064
2067,2053
2068,2061
2053,2024
2048,2072
2040,2044
2036,2065
2036,2035
2027,2056
2024,2039
2011,2011
2009,2055
2011,2063
2003,2057
2000,2068
1993,2045
1991,2040
1975,2025
1987,2075
1981,2073
1977,2044
1976,2063
1975,2041
1965,2037
1969,2012
1973,2059
1963,2027
1968,2067
1973,2063
1976,2040
1974,2068
1976,2077
1975,2046
1981,2056
1983,2063
1987,2063
1996,2063
2000,2060
2001,2037
2005,2029
2012,2069
2020,2068
2022,2056
2028,2026
2035,2021
2039,2068
2041,2055
2069,2063
2053,2063
2067,2015
2071,2062
2071,2069
2091,2071
2093,2042
2093,2023
2105,2039
2112,2044
2107,2058
2124,2037
2123,2043
2130,2029
2138,2037
2147,2037
2143,2035
2152,2068
2151,2057
2153,2035
2155,2023
2167,2063
2168,2044
2156,2065
2167,2055
2163,2063
2170,2075
2166,2040
2153,2053
2160,2035
2153,2070
2156,2040
2152,2041
2138,2064
2140,2053
2136,2063
2129,2065
2128,2037
2120,2048
2113,2063
2121,2037
2103,2057
2096,2046
2096,2046
2086,2058
2079,2035
2072,2073
2076,2063
2063,2048
2063,2044
2055,2048
2037,2038
2041,2072
2025,2051
2027,2066
2022,2041
2015,2035
2009,2060
2009,2023
2008,2051
2005,2063
1997,2056
2001,2013
1981,2043
1994,2019
2001,2043
1981,2055
1977,2040
1991,2021
1994,2007
1992,2040
1993,2046
1984,2056
2001,2051
2003,2033
2003,2068
2007,2033
2001,2036
2010,2039
2009,2033
2016,2059
2019,2025
2021,2040
2028,2051
2027,2065
2037,2052
2039,2027
2063,2068
2061,2063
2056,2063
2065,2041
2063,2027
2080,2007
2080,2048
2084,2024
2083,2066
2096,2065
2094,2056
2104,2031
2100,2064
2105,2040
2103,2052
2115,2034
2120,2068
2110,2043
2123,2059
2123,2043
2128,2043
2122,2083
2117,2063
2121,2039
2106,2063
2120,2053
2105,2066
2106,2068
2105,2067
2104,2059
2101,2063
2089,2025
2083,2035
2084,2059
2081,2037
2075,2043
2063,2063
2072,2067
2067,2019
2048,2072
2037,2035
2032,2063
2027,2063
2024,2059
2019,2057
2014,2063
2011,2057
2001,2033
1999,2027
1997,2035
1991,2064
1980,2065
1975,2063
1965,2072
1961,2035
1961,2068
1959,2072
1960,2036
1954,2063
1959,2059
1959,2033
1954,2069
1951,2045
1956,2027
1947,2039
1952,2073
1963,2068
1952,2072
1959,2042
1963,2028
1965,2071
1979,2072
1973,2045
1988,2043
1992,2063
1992,2065
1993,2072
2006,2036
2015,2055
2014,2074
2016,2035
2025,2015
2037,2068
2041,2030
2044,2035
2044,2026
2063,2056
2063,2034
2073,2064
2081,2032
2080,2036
2092,2045
2100,2064
2104,2047
2116,2056
2107,2053
2117,2013
2131,2031
2128,2072
2135,2051
2140,2072
2135,2061
2139,2055
2149,2067
2144,2037
2145,2079
2144,2027
2148,2033
2137,2063
2148,2063
2142,2069
2139,2021
2136,2047
2135,2025
2131,2067
2127,2024
2124,2059
2120,2064
2107,2073
2105,2027
2107,2051
2093,2039
2087,2043
2088,2044
2080,2053
2079,2039
2075,2056
2065,2042
2058,2063
2039,2061
2034,2017
2036,2029
2029,2048
2021,2041
2021,2044
2003,2039
2007,2057
1999,2059
2001,2043
1995,2063
1993,2043
1989,2043
1989,2068
1985,2063
1987,2021
1973,2012
1979,2035
1978,2039
1979,2037
1980,2029
1975,2063
1984,2071
1980,2027
1990,2054
1987,2076
2001,2039
2011,2063
2000,2056
2008,2060
2012,2071
2012,2053
2015,2030
2019,2021
2031,2065
2036,2055
2039,2054
2046,2052
2059,2048
2055,2067
2057,2045
2067,2056
2073,2027
2079,2035
2080,2029
2093,2043
2089,2044
2096,2025
2101,2039
2103,2044
2115,2035
2117,2067
2124,2053
2122,2044
2135,2043
2128,2041
2131,2055
2137,2028
2131,2040
2133,2071
2127,2056
2140,2037
2129,2059
2120,2063
2131,2011
2123,2043
2124,2021
2123,2029
2107,2033
2107,2001
2113,2055
2103,2059
2087,2043
2094,2043
2081,2060
2079,2068
2071,2063
2071,2057
2067,2042
2058,2056
2048,2046
2037,2044
2037,2060
2026,2033
2015,2044
2007,2025
2002,2045
2002,2056
1998,2025
1984,2007
1978,2043
1975,2033
1964,2059
1957,2040
1957,2058
1957,2023
1951,2015
1953,2082
1947,2045
1952,2054
1941,2023
1939,2039
1939,2056
1943,2063
1952,2062
1939,2056
1952,2066
1948,2057
1945,2068
1947,2035
1958,2029
1961,2054
1971,2074
1965,2053
1973,2067
1971,2056
1983,2041
1978,2037
1989,2042
1993,2027
2005,2041
2009,2072
2011,2029
2015,2070
2017,2063
2024,2051
2040,2029
2043,2055
2037,2053
2052,2044
2063,2057
2054,2041
2072,2065
2078,2060
2075,2063
2083,2029
2089,2025
2097,2055
2092,2017
2093,2025
2099,2043
2103,2043
2108,2057
2111,2039
2107,2057
2108,2056
2115,2039
2115,2082
2107,2037
2108,2047
2098,2060
2088,2056
2089,2047
2093,2044
2096,2034
2085,2040
2088,2063
2084,2033
2080,2069
2076,2078
2063,2064
2063,2039
2054,2048
2048,2071
2039,2072
2043,2063
2033,2059
2032,2024
2015,2051
2017,2067
2011,2037
2010,2080
2008,2048
1999,2055
2000,2044
1993,2046
1980,2058
1982,2071
1981,2048
1983,2063
1973,2051
1980,2064
1981,2043
1973,2019
1982,2048
1969,2017
1979,2056
1981,2064
1975,2027
1979,2063
1983,2052
1979,2063
1996,2067
1993,2053
2002,2063
2006,2056
2015,2042
2010,2043
2020,2022
2021,2067
2032,2045
2040,2061
2044,2068
2045,2015
2058,2056
2056,2045
2072,2047
2086,2034
2081,2025
2095,2041
2089,2046
2109,2045
2108,2037
2123,2044
2121,2051
2120,2063
2131,2019
2143,2035
2143,2056
2152,2043
2147,2061
2157,2029
2168,2058
2171,2023
2161,2035
2171,2063
2175,2055
2176,2017
2179,2037
2174,2046
2173,2036
2173,2066
2170,2036
2157,2064
2169,2021
2161,2056
2151,2027
2159,2037
2151,2033
2143,2039
2136,2060
2132,2021
2128,2066
2120,2045
2120,2070
2098,2017
2107,2048
2091,2039
2094,2028
2075,2055
2074,2044
2072,2042
2063,2063
2055,2037
2043,2037
2031,2039
2027,2054
2021,2063
2011,2044
2003,2039
2003,2063
1999,2027
1988,2033
1990,2067
1987,2039
1975,2059
1977,2057
1978,2059
1976,2037
1961,2021
1968,2060
1979,2032
1970,2020
1976,2012
1976,2074
1976,2065
1972,2019
1978,2070
1977,2056
1981,2063
1979,2023
1987,2047
1991,2033
2005,2047
2005,2043
2006,2048
2007,2063
2007,2045
2015,2043
2034,2076
2026,2023
2033,2035
2048,2048
2055,2060
2063,2003
2071,2043
2072,2018
2079,2059
2084,2042
2087,2025
2093,2055
2093,2035
2107,2043
2106,2039
2115,2043
2116,2056
2123,2027
2117,2027
2129,2034
2127,2068
2136,2013
2131,2063
2136,2045
2132,2056
2135,2080
2137,2067
2132,2046
2125,2086
2122,2060
2115,2051
2125,2068
2112,2048
2099,2037
2096,2031
2096,2035
2089,2043
2080,2075
2084,2084
2080,2045
2079,2057
2063,2037
2063,2056
2053,2070
2037,2069
2038,2067
2023,2033
2027,2055
2020,2084
2008,2041
2001,2027
1996,2055
1989,2075
1995,2063
1975,2039
1977,2063
1965,2045
1957,2015
1961,2061
1957,2025
1952,2042
1956,2066
1945,2028
1956,2037
1950,2035
1947,2053
1950,2080
1956,2063
1951,2063
1948,2066
1945,2068
1950,2057
1956,2080
1960,2070
1968,2080
1965,2039
1976,2058
1975,2035
1975,2017
1979,2063
1981,2035
1993,2055
1997,2068
2006,2060
2012,2052
2017,2040
2027,2060
2031,2039
2029,2073
2037,2068
2051,2053
2056,2034
2066,2055
2068,2063
2073,2041
2071,2068
2088,2058
2088,2072
2098,2068
2093,2033
2104,2061
2099,2043
2107,2045
2115,2063
2115,2036
2123,2056
2115,2040
2125,2041
2125,2055
2127,2063
2128,2068
2120,2027
2121,2045
2123,2053
2121,2060
2113,2041
2099,2054
2107,2036
2105,2017
2106,2072
2097,2063
2091,2051
2096,2077
2084,2058
2091,2069
2080,2088
2071,2072
2074,2064
2057,2063
2071,2024
2043,2071
2043,2040
2051,2037
2043,2056
2036,2068
2024,2019
2024,2033
2011,2047
2015,2031
2012,2058
2007,2060
1997,2030
2000,2066
1991,2039
1997,2019
2000,2063
2001,2072
1999,2072
1981,2017
1993,2066
1993,2058
1993,2075
1999,2052
1999,2063
2003,2063
1991,2030
1999,2060
2011,2009
2010,2044
2013,2039
2009,2017
2015,2056
2021,2032
2031,2068
2032,2023
2035,2037
2040,2060
2048,2007
2055,2071
2063,2035
2067,2056
2074,2039
2079,2056
2079,2058
2083,2060
2091,2057
2099,2064
2102,2048
2116,2040
2107,2075
2118,2035
2125,2067
2121,2021
2135,2066
2137,2040
2137,2022
2142,2028
2147,2060
2135,2072
2148,2063
2144,2072
2147,2040
2140,2029
2145,2035
2144,2057
2143,2037
2143,2066
2137,2029
2133,2043
2131,2044
2124,2067
2125,2021
2122,2068
2109,2053
2110,2042
2093,2059
2104,2037
2087,2025
2088,2041
2082,2040
2079,2055
2070,2030
2063,2053
2058,2042
2041,2037
2041,2063
2027,2055
2023,2059
2024,2056
2017,2033
2019,2057
2009,2069
2007,2070
2002,2066
1995,2068
1991,2063
1984,2053
1980,2048
1981,2060
1971,2035
1971,2067
1977,2063
1971,2029
1976,2074
1971,2073
1963,2055
1964,2063
1972,2037
1978,2041
1973,2067
1979,2063
1975,2053
1983,2055
1992,2063
1988,2056
1997,2037
2004,2056
2004,2028
2007,2068
2016,2035
2016,2055
2023,2068
2028,2051
2039,2035
2037,2033
2043,2074
2043,2029
2054,2056
2073,2044
2076,2046
2083,2033
2079,2063
2088,2039
2096,2069
2086,2037
2105,2071
2111,2063
2116,2040
2117,2055
2115,2038
2121,2066
2122,2061
2128,2033
2125,2059
2125,2054
2129,2027
2130,2058
2131,2041
2128,2058
2128,2021
2120,2063
2124,2072
2120,2027
2118,2068
2112,2051
2104,2048
2103,2057
2089,2054
2095,2072
2087,2036
2080,2037
2080,2056
2063,2067
2069,2053
2057,2068
2057,2069
2048,2066
2037,2067
2027,2051
2025,2039
2015,2053
2008,2082
2015,2037
1995,2039
2000,2048
1989,2044
1972,2034
1984,2053
1973,2043
1963,2026
1959,2071
1963,2041
1959,2063
1956,2063
1955,2067
1943,2035
1952,2055
1956,2071
1943,2054
1947,2043
1952,2043
1952,2048
1957,2057
1962,2063
1963,2055
1959,2071
1968,2063
1968,2035
1975,2064
1976,2046
1982,2033
1981,2051
1992,2043
1995,2074
2000,2031
2001,2037
2016,2064
2025,2063
2027,2056
2037,2039
2029,2048
2047,2040
2060,2056
2056,2032
2063,2060
2063,2063
2075,2051
2088,2063
2087,2071
2095,2043
2098,2037
2107,2025
2115,2043
2120,2043
2124,2040
2129,2039
2133,2040
2133,2061
2138,2058
2137,2071
2152,2041
2139,2072
2143,2017
2140,2037
2139,2060
2139,2039
2135,2025
2137,2043
2139,2051
2132,2036
2131,2063
2123,2063
2119,2063
2125,2060
2112,2027
2101,2051
2103,2063
2091,2063
2092,2055
2091,2044
2073,2030
2079,2071
2074,2055
2063,2025
2056,2063
2056,2080
2039,2063
2033,2051
2023,2060
2028,2071
2016,2013
2017,2042
2004,2058
1991,2029
1982,2071
1991,2064
1983,2044
1984,2076
1978,2023
1980,2048
1976,2043
1983,2062
1979,2047
1961,2058
1980,2038
1971,2023
1976,2023
1972,2064
1980,2048
1972,2027
1977,2040
1984,2055
1986,2011
1981,2037
1979,2018
1988,2061
2001,2030
2004,2068
2008,2053
2011,2039
2016,2040
2009,2045
2021,2048
2032,2029
2027,2063
2037,2061
2047,2055
2058,2053
2065,2039
2067,2071
2069,2027
2069,2035
2079,2072
2086,2066
2096,2069
2091,2071
2101,2037
2107,2070
2105,2021
2109,2041
2105,2064
2118,2063
2115,2057
2117,2073
2121,2065
2122,2039
2115,2066
2120,2023
2107,2040
2120,2055
2104,2025
2112,2047
2099,2029
2096,2048
2091,2066
2093,2044
2091,2027
2081,2077
2085,2059
2078,2054
2070,2044
2063,2065
2053,2045
2052,2071
2040,2071
2037,2063
2024,2071
2022,2067
2017,2043
2012,2063
2006,2059
1995,2043
1987,2063
1984,2064
1978,2031
1971,2052
1963,2028
1957,2065
1955,2034
1964,2040
1947,2068
1956,2043
1951,2019
1944,2024
1943,2025
1947,2035
1943,2078
1938,2055
1945,2053
1943,2071
1944,2041
1939,2025
1939,2067
1952,2043
1959,2040
1960,2019
1961,2037
1972,2056
1957,2021
1973,2071
1982,2055
1981,2048
1994,2071
2004,2064
2008,2035
2007,2066
2020,2063
2027,2039
2036,2056
2039,2027
2040,2060
2043,2023
2055,2032
2063,2027
2069,2063
2063,2029
2075,2025
2085,2045
2091,2066
2094,2073
2097,2048
2100,2039
2107,2041
2111,2063
2105,2042
2109,2043
2114,2035
2128,2059
2121,2035
2124,2031
2121,2043
2125,2043
2119,2059
2120,2046
2119,2039
2118,2037
2112,2053
2112,2037
2105,2043
2100,2043
2103,2062
2098,2041
2087,2063
2091,2033
2088,2068
2075,2035
2072,2080
2065,2017
2072,2071
2054,2037
2059,2063
2055,2037
2037,2057
2032,2055
2033,2046
2023,2063
2024,2063
2013,2060
2011,2051
2008,2040
1992,2023
1998,2037
1979,2065
1992,2036
1989,2031
1976,2067
1979,2033
1977,2040
1980,2025
1975,2051
1979,2021
1975,2057
1975,2059
1989,2028
1978,2063
1979,2035
1991,2035
1989,2039
1994,2071
1995,2025
2005,2064
1999,2018
2006,2063
2018,2065
2017,2072
2021,2037
2025,2045
2033,2033
2043,2063
2040,2066
2054,2034
2060,2040
2063,2067
2063,2036
2073,2012
2082,2055
2088,2041
2089,2077
2097,2077
2103,2040
2101,2064
2121,2026
2119,2046
2124,2056
2125,2039
2133,2033
2140,2059
2136,2068
2147,2037
2142,2059
2144,2039
2145,2039
2145,2009
2147,2039
2149,2041
2146,2072
2147,2039
2147,2051
2146,2060
2139,2040
2147,2076
2139,2047
2141,2021
2129,2063
2121,2060
2123,2056
2115,2063
2107,2051
2105,2041
2106,2062
2091,2023
2085,2035
2088,2063
2081,2036
2076,2040
2068,2068
2066,2053
2055,2046
2039,2051
2040,2066
2035,2047
2027,2068
2028,2066
2017,2071
2007,2039
2010,2068
2001,2063
1997,2023
2000,2058
1992,2053
1989,2043
1991,2040
1995,2043
1981,2072
1984,2072
1979,2035
1978,2025
1978,2045
1977,2023
1989,2039
1987,2035
1991,2068
1993,2068
1994,2052
1999,2072
1995,2013
2002,2066
2007,2044
2004,2021
2012,2043
2011,2063
2014,2035
2019,2055
2027,2053
2027,2063
2035,2027
2041,2073
2045,2055
2053,2075
2059,2066
2070,2056
2067,2064
2067,2027
2073,2025
2076,2067
2081,2037
2086,2056
2091,2025
2092,2058
2107,2062
2104,2089
2085,2027
2101,2025
2101,2037
2103,2058
2115,2055
2107,2068
2112,2036
2100,2066
2108,2035
2101,2068
2104,2020
2100,2064
2096,2030
2091,2056
2096,2060
2087,2043
2074,2060
2080,2069
2079,2056
2063,2011
2056,2052
2057,2029
2048,2032
2033,2019
2040,2068
2019,2039
2025,2063
2025,2063
2008,2028
2007,2044
1998,2060
1987,2090
1985,2072
1993,2055
1971,2039
1960,2025
1963,2060
1960,2055
1957,2065
1956,2063
1947,2063
1943,2053
1944,2043
1938,2063
1943,2042
1936,2041
1935,2058
1929,2058
1933,2051
1929,2043
1925,2037
1931,2060
1928,2060
1928,2041
1935,2043
1936,2067
1943,2069
1950,2059
1941,2077
1944,2033
1956,2045
1952,2066
1961,2034
1959,2082
1968,2069
1969,2019
1980,2023
1976,2041
1984,2043
1991,2055
1996,2033
2008,2056
2003,2019
2015,2030
2017,2011
2024,2023
2027,2047
2033,2062
2035,2057
2043,2056
2055,2033
2053,2035
2063,2037
2072,2023
2075,2043
2080,2037
2080,2060
2076,2031
2083,2039
2084,2055
2085,2023
2089,2035
2089,2059
2089,2037
2083,2045
2083,2037
2082,2062
2079,2022
2076,2063
2079,2044
2067,2060
2071,2045
2071,2040
2063,2033
2057,2048
2043,2044
2045,2021
2046,2026
2032,2071
2032,2062
2028,2042
2011,2065
2018,2023
2010,2040
2008,2072
2005,2064
1991,2043
1989,2070
1979,2063
1974,2027
1975,2035
1972,2054
1964,2063
1957,2047
1960,2043
1952,2040
1953,2071
1951,2058
1946,2023
1943,2005
1941,2023
1952,2063
1951,2055
1947,2060
1952,2025
1954,2077
1952,2044
1955,2041
1962,2048
1961,2021
1965,2041
1961,2055
1970,2019
1969,2052
1971,2051
1987,2035
1987,2067
1992,2047
1999,2040
2001,2008
2009,2071
2015,2038
2024,2065
2021,2029
2028,2063
2039,2019
2051,2039
2045,2060
2057,2025
2067,2071
2073,2056
2079,2047
2080,2028
2075,2056
2086,2035
2099,2067
2093,2053
2108,2053
2107,2043
2107,2060
2119,2064
2119,2051
2122,2060
2131,2043
2124,2035
2122,2060
2126,2068
2121,2030
2128,2068
2127,2009
2121,2011
2123,2057
2115,2035
2109,2012
2105,2029
2105,2057
2104,2065
2091,2074
2090,2038
2088,2076
2081,2063
2076,2053
2065,2064
2072,2055
2063,2054
2056,2063
2035,2053
2043,2044
2024,2040
2023,2035
2023,2063
2012,2033
2007,2039
2000,2039
2001,2035
1997,2047
1981,2056
1969,2067
1969,2033
1976,2064
1972,2035
1962,2019
1963,2047
1964,2041
1960,2080
1957,2054
1959,2025
1955,2063
1960,2017
1955,2056
1951,2024
1946,2067
1958,2075
1960,2035
1962,2061
1965,2055
1968,2029
1973,2036
1969,2044
1977,2037
1971,2041
1973,2056
1991,2073
1993,2039
1989,2063
2002,2025
2009,2029
2017,2041
2017,2067
2032,2041
2036,2055
2039,2059
2039,2051
2048,2045
2064,2063
2069,2045
2066,2044
2076,2042
2070,2029
2074,2063
2086,2021
2088,2028
2104,2063
2103,2067
2101,2031
2105,2048
2109,2056
2107,2076
2104,2052
2113,2046
2102,2063
2107,2076
2109,2044
2112,2063
2104,2063
2099,2077
2099,2045
2099,2056
2096,2041
2088,2059
2085,2037
2077,2066
2080,2059
2071,2068
2072,2066
2069,2039
2064,2079
2043,2073
2044,2039
2039,2023
2038,2005
2029,2072
2027,2069
2017,2037
2012,2055
2007,2043
1993,2065
1998,2071
1989,2054
1988,2064
1976,2041
1976,2072
1967,2096
1959,2063
1966,2034
1953,2011
1960,2041
1960,2067
1952,2048
1957,2077
1952,2042
1945,2085
1960,2055
1957,2071
1956,2071
1956,2066
1945,2055
1957,2033
1960,2042
1967,2030
1977,2064
1976,2043
1965,2074
1979,2058
1981,2063
1995,2037
2001,2055
2005,2052
2004,2043
2019,2055
2024,2079
2024,2003
2036,2040
2029,2065
2039,2037
2041,2035
2055,2027
2058,2041
2075,2018
2079,2032
2075,2065
2067,2053
2086,2015
2104,2039
2107,2072
2103,2042
2112,2065
2123,2043
2125,2041
2128,2072
2129,2033
2132,2043
2123,2075
2136,2035
2133,2063
2141,2065
2136,2030
2129,2037
2123,2027
2131,2075
2128,2063
2123,2039
2117,2069
2123,2057
2112,2019
2106,2068
2108,2035
2109,2063
2097,2080
2099,2056
2096,2062
2088,2028
2077,2024
2080,2044
2078,2081
2069,1996
2063,2024
2066,2065
2047,2073
2035,2062
2046,2029
2037,2009
2024,2063
2028,2080
2025,2024
2019,2027
2013,2074
1997,2039
2009,2035
1999,2015
2007,2039
2000,2064
2003,2059
1993,2041
2002,2027
1993,2067
1999,2075
1989,2037
1994,2026
1993,2001
2003,2035
2009,2080
2013,2024
2008,2045
2020,2027
2007,2068
2016,2058
2011,2053
2015,2005
2025,2031
2032,2074
2037,2092
2025,2058
2042,2057
2036,2067
2051,2094
2062,2072
2063,2028
2072,2037
2069,2072
2073,2041
2081,2063
2088,2037
2087,2063
2092,2039
2089,2061
2104,2043
2107,2058
2112,2035
2107,2070
2119,2039
2119,2070
2124,2021
2120,2009
2126,2040
2133,2024
2134,2061
2119,2053
2135,2055
2123,2017
2129,2001
2127,2059
2123,2065
2120,2051
2120,2063
2107,2040
2111,2027
2099,2071
2100,2040
2094,2040
2095,2020
2087,2007
2084,2056
2077,2060
2075,2045
2073,2041
2063,2035
2054,2081
2053,2045
2037,2060
2031,2083
2025,2019
2011,2025
2025,2064
2005,2037
2007,2032
2004,2067
1996,2057
1995,2032
1977,2033
1973,2032
1977,2068
1963,2033
1972,2047
1968,2071
1965,2041
1970,2021
1957,2063
1962,2088
1959,2055
1963,2043
1964,2016
1959,2040
1968,2072
1959,2033
1973,2072
1970,2024
1974,2034
1979,2060
1981,2027
1990,2072
1987,2039
1994,2079
1999,2070
2010,2019
2008,2069
2016,2036
2021,2031
2027,2076
2027,2074
2035,2029
2041,2025
2052,2043
2055,2023
2067,2063
2071,2074
2077,2027
2083,2044
2083,2072
2091,2028
2101,2033
2093,2039
2109,2035
2112,2043
2115,2059
2116,2039
2121,2026
2135,1993
2131,2037
2133,2021
2136,2019
2136,2073
2143,2057
2137,2076
2135,2052
2140,2063
2129,2092
2123,2063
2134,2053
2132,2040
2120,2071
2125,2090
2124,2059
2113,2056
2107,2059
2104,2027
2093,2069
2099,2065
2091,2051
2090,2040
2084,2037
2084,2088
2071,2029
2076,2080
2063,2063
2066,2034
2041,2059
2055,2058
2021,2040
2035,2039
2021,2005
2039,2079
2023,2028
2011,2053
2017,2040
2013,2063
2009,2033
2007,2028
2007,2057
2004,2065
1999,2039
1999,2066
2003,2039
2010,2063
2010,2075
2005,2029
2011,2025
2007,2040
2015,2063
2023,2056
2024,2027
2011,2025
2031,2031
2029,2041
2032,2065
2046,2072
2048,2044
2041,2045
2068,2021
2063,2071
2072,2063
2079,2073
2085,2087
2092,2056
2096,2035
2104,2041
2103,2058
2118,2012
2127,2030
2134,2020
2138,2048
2143,2019
2146,2068
2148,2010
2148,2026
2163,2073
2164,2073
2167,2039
2162,2025
2169,2063
2169,2075
2179,2062
2189,2033
2181,2044
2185,2035
2189,2065
2180,2070
2183,2046
2179,2071
2175,2037
2175,2069
2176,2075
2173,2055
2171,2009
2165,2040
2158,2068
2155,2040
2152,2055
2152,2072
2135,2039
2134,2027
2121,2037
2115,2039
2109,2048
2109,2046
2093,2041
2091,2037
2086,2063
2063,2072
2059,2052
2058,2072
2039,2040
2037,2033
2029,2067
2027,2027
2020,2009
2012,2063
1995,2009
2003,2080
1995,2021
1990,2040
1979,2017
1984,2044
1979,2056
1975,2045
1975,2057
1965,2043
1959,2039
1963,2025
1966,2080
1972,2039
1961,2063
1965,2068
1969,2076
1968,2041
1967,2025
1977,2075
1973,2029
1981,2045
1980,2076
1988,2068
1993,2034
1999,2043
1997,2058
2003,2023
2004,2055
2007,2067
2017,2039
2023,2035
2033,2074
2033,2017
2044,2063
2052,2042
2053,2063
2063,2063
2071,2070
2073,2060
2071,2067
2073,2059
2088,2068
2079,2017
2097,2025
2099,2063
2108,2039
2104,2063
2113,2034
2105,2040
2120,2043
2104,2064
2120,2019
2119,2072
2117,2021
2112,2071
2117,2071
2115,2066
2123,2057
2107,2071
2101,2056
2109,2052
2105,2059
2091,2057
2098,2056
2096,2077
2089,2069
2081,2020
2080,2069
2072,2048
2075,2040
2065,2069
2063,2067
2048,2060
2053,2056
2027,2025
2039,2065
2025,2063
2021,2079
2018,2069
2009,2028
2005,2041
1990,2044
1989,2025
1989,2033
1981,2063
1975,2025
1969,2035
1965,2043
1967,2039
1959,2057
1960,2023
1960,2067
1960,2068
1963,2067
1955,2029
1953,2086
1955,2064
1957,2067
1960,2063
1957,2039
1953,2018
1958,2027
1961,2023
1970,1997
1971,2035
1976,2033
1981,2037
1975,2052
1981,2031
1977,2055
1991,2070
2001,2052
2003,2072
2005,2086
2002,2040
2009,2064
2021,2055
2028,1979
2031,2013
2034,2020
2037,2020
2043,2055
2043,2041
2051,2079
2051,2041
2063,2063
2071,2077
2073,2088
2072,2051
2088,2067
2075,2094
2089,2063
2081,2035
2088,2020
2099,1971
2100,2024
2091,2039
2102,2037
2092,2044
2091,2066
2103,2055
2096,2074
2087,2071
2097,2071
2090,2075
2083,2029
2083,2085
2083,2052
2083,2023
2080,2017
2072,1989
2074,2011
2067,2046
2071,2029
2057,2041
2055,2097
2046,2063
2043,2053
2037,2075
2033,2066
2033,2025
2029,2022
2030,2094
2023,2063
2015,2080
2023,2033
2011,1993
2008,2010
2011,2001
1997,2017
2001,2047
2004,2092
1995,2081
2001,2080
1995,2073
2000,2035
1999,2040
1996,2056
2001,2041
2008,2073
2008,2025
2011,2089
2011,2013
2022,2057
2011,2015
2028,2017
2023,2026
2029,2057
2033,2088
2042,2088
2041,2037
2063,2087
2055,2040
2070,2040
2077,2053
2075,2023
2077,2057
2096,2056
2098,2059
2108,2045
2104,2023
2115,2023
2117,1989
2127,2056
2123,2025
2133,2067
2139,2092
2143,2045
2145,2052
2155,2045
2157,2042
2159,2040
2163,2054
2162,2080
2172,2057
2167,2067
2163,2047
2163,2002
2161,2003
2173,2011
2171,2056
2164,2045
2165,2076
2155,2039
2151,2074
2153,2051
2150,2057
2150,2032
2144,2039
2137,2055
2133,2087
2131,2084
2123,2075
2107,2025
2107,2044
2105,1993
2087,1991
2084,2061
2087,2056
2081,2071
2073,2086
2069,2039
2058,2051
2054,2070
2040,2063
2041,2055
2033,2060
2024,2063
2016,2073
2019,2069
2004,2031
2008,2015
1993,1991
1990,2007
1973,2008
1981,2078
1979,2069
1978,2042
1971,2073
1981,2072
1975,2080
1978,2042
1973,2039
1976,2069
1973,2063
1983,2071
1977,2033
1975,2028
1984,2001
1988,2036
1981,1987
2001,2033
2002,2060
2007,2093
2011,2080
2016,2063
2020,2069
2024,2037
2023,2058
2043,2076
2063,2043
2048,2071
2041,2070
2071,2063
2072,2056
2080,1987
2083,1995
2080,2008
2088,2056
2099,2067
2105,2074
2116,2073
2123,2085
2128,2057
2136,2070
2137,2025
2133,2039
2149,2035
2156,2066
2153,2043
2163,2053
2159,2048
2166,2023
2155,2007
2160,2015
2157,2029
2161,2077
2167,2067
2168,2039
2163,2059
2155,2055
2159,2055
2150,2043
2151,2032
2145,2031
2143,2035
2131,2063
2130,2041
2125,2039
2120,2004
2109,2021
2091,2007
2107,2055
2096,2065
2096,2072
2093,2071
2077,2081
2068,2043
2074,2072
2063,2051
2063,2051
2044,2027
2032,2062
2029,2067
2025,2057
2027,2057
2011,2036
2008,2047
2007,2023
2001,2056
2000,2074
1995,2056
1995,2077
1991,2041
1991,2063
1992,2039
1979,2038
1979,2025
1993,2043
1984,2071
1984,2057
1984,2067
1979,2017
1979,2043
1993,2048
1993,2040
2001,2025
2008,2064
2009,2077
2015,2073
2024,2071
2024,2039
2035,2064
2032,2032
2039,2011
2042,2031
2043,2058
2060,2048
2063,2025
2069,2037
2076,2088
2082,2017
2085,1997
2092,2048
2099,2023
2105,2043
2110,2060
2120,2063
2127,2057
2123,2039
2139,2040
2136,2044
2136,2006
2141,2019
2144,2021
2147,2065
2152,2083
2144,2080
2157,2069
2157,2045
2160,2058
2155,2013
2163,2012
2160,2060
2160,2068
2159,2058
2151,2013
2148,2033
2137,2056
2136,2039
2139,2007
2129,2039
2120,2058
2124,2039
2119,2045
2106,2072
2107,2096
2097,2058
2095,2068
2083,2023
2083,2025
2071,2056
2071,2041
2063,2048
2051,2063
2052,2027
2037,2041
2032,2019
2027,2056
2023,2009
2019,2055
2001,2063
2001,2073
1991,2080
1995,2087
1991,2063
1988,2043
1987,2040
1984,2032
1981,2043
1967,2008
1965,2048
1972,2055
1965,2035
1963,2022
1973,2069
1977,2039
1960,2056
1976,2033
1979,2053
1983,2072
1982,2091
1975,2121
1979,2080
1993,2063
1993,2024
2008,2007
2002,2015
2005,2015
2018,2001
2009,2024
2015,2048
2018,2042
2032,2042
2039,2041
2044,2001
2056,2031
2062,2043
2063,2066
2070,2086
2075,2104
2073,2103
2090,2077
2080,2045
2093,1993
2103,1996
2104,2030
2105,2032
2115,2036
2115,2039
2116,2058
2125,2071
2120,2077
2124,2057
2127,2027
2129,2028
2125,2053
2129,2069
2126,2107
2127,2112
2123,2117
2117,2074
2117,2036
2109,2000
2111,2018
2107,2004
2089,2019
2101,2035
2092,2048
2096,2053
2089,2071
2083,2055
2084,2027
2076,2032
2075,2011
2063,2025
2057,2066
2042,2075
2055,2099
2041,2101
2030,2075
2023,2037
2020,2025
2021,2011
2021,2019
2017,2021
2015,2043
2007,2039
2014,2043
2007,2053
2005,2065
2001,2035
1996,2015
1996,2048
1994,1993
2007,2056
2004,2063
2007,2063
2009,2112
2006,2125
2007,2068
2008,2085
2013,2031
2019,2040
2016,2027
2025,2066
2025,2011
2040,2060
2033,2027
2045,2075
2048,2074
2058,2073
2057,2017
2072,1993
2071,2005
2073,2037
2073,2080
2088,2074
2089,2110
2101,2103
2098,2080
2108,2073
2111,2039
2120,2024
2127,2007
2119,1977
2129,2024
2140,2068
2143,2039
2151,2025
2144,2044
2151,2010
2153,2007
2141,1993
2155,2002
2157,2076
2160,2072
2155,2096
2162,2096
2156,2084
2160,2096
2166,2065
2154,2067
2157,2024
2153,2040
2150,2023
2143,2012
2138,2063
2137,2009
2128,2030
2123,2036
2115,2024
2118,2053
2097,2044
2097,2071
2102,2039
2087,2035
2090,2063
2072,2063
2077,2102
2069,2103
2063,2103
2057,2065
2056,2041
2043,1981
2043,1977
2040,1993
2031,1975
2017,2062
2020,2057
2005,2067
2012,2039
2007,2075
2008,2056
2010,2019
2007,2017
2005,2012
2013,2013
2011,2084
2012,2087
2007,2109
2008,2084
2010,2069
2009,2043
2011,2007
2023,2015
2024,1997
2023,2056
2035,2059
2039,2043
2042,2088
2048,2039
2060,2061
2071,2002
2065,2011
2075,2011
2081,2019
2088,2048
2091,2032
2100,2045
2081,2059
2108,2056
2109,2041
2127,2104
2131,2076
2144,2088
2147,2060
2148,2037
2148,2040
2160,2041
2168,2058
2170,2045
2180,2063
2179,2066
2185,2039
2191,2032
2187,2018
2198,1981
2203,2000
2196,2010
2200,2039
2197,2071
2197,2093
2196,2119
2189,2104
2196,2100
2195,2022
2183,2059
2185,2041
2182,2039
2172,2080
2169,2079
2167,2063
2153,2009
2159,2043
2144,2021
2136,2012
2136,2014
2128,2027
2119,2057
2112,2080
2115,2085
2108,2073
2089,2044
2089,2088
2087,2063
2072,2071
2064,2044
2045,2055
2043,2063
2056,2077
2027,2059
2031,2017
2024,2038
2018,2029
2010,2041
2011,2042
2001,2063
2004,2057
1993,2051
1999,2056
1999,2035
1999,2040
1994,2040
1989,2034
1998,2065
1979,2063
1995,2092
1981,2099
1993,2093
1995,2094
1993,2065
1993,2059
2000,2071
2006,2048
2008,2056
2018,2039
2020,2066
2024,2025
2031,2059
2029,2040
2035,2025
2043,2001
2042,2032
2053,2060
2063,2060
2063,2063
2068,2051
2080,2088
2089,2075
2091,2057
2096,2059
2094,2063
2116,2079
2107,2074
2123,2092
2133,2027
2138,2036
2139,2059
2143,2047
2157,2024
2156,1993
2155,2011
2156,2032
2171,2063
2163,2060
2163,2052
2165,2077
2167,2095
2169,2068
2172,2067
2156,2069
2155,2060
2163,2063
2151,2043
2157,2071
2143,2063
2144,2043
2148,2060
2131,2039
2135,2015
2132,2039
2131,2053
2120,2056
2106,2037
2109,2063
2097,2039
2092,2063
2079,2086
2077,2056
2069,2083
2063,2072
2048,2071
2052,2067
2035,2076
2025,2080
2029,2011
2019,2038
2016,2039
2017,2044
2016,2064
2005,2065
1999,2055
1997,2066
1989,2063
2000,2048
1996,2055
1974,2057
1986,2015
1975,2083
1981,2056
1973,2041
1976,2076
1975,2068
1976,2037
1977,2055
1979,2024
1984,2040
1987,2052
1994,2067
2001,2063
2006,2048
2001,2035
2012,2036
2016,2063
2019,2039
2026,2033
2020,2069
2031,2036
2041,2063
2043,2071
2046,2058
2055,2054
2063,2080
2071,2072
2075,2010
2084,2063
2086,2063
2091,2063
2103,2063
2103,2053
2115,2020
2120,2033
2115,2067
2123,2056
2125,2066
2131,2059
2135,2071
2139,2029
2133,2070
2141,2073
2133,2041
2136,2032
2143,2036
2144,2020
2135,2079
2138,2063
2144,2064
2139,2055
2140,2066
2135,2040
2128,2059
2127,2104
2120,2029
2126,2066
2109,2040
2106,2057
2100,2024
2090,2039
2088,2024
2089,2063
2086,2044
2075,2023
2071,1995
2059,2027
2063,2040
2044,2055
2040,2073
2039,2052
2036,2044
2027,2063
2024,2043
2023,2053
2016,2080
2012,1992
1997,2029
2005,2021
1999,2071
1999,2077
2003,2078
1991,2023
1993,2040
1991,2046
1991,2043
1995,2039
1995,2068
2000,2063
2006,2043
2008,2033
2003,2053
2009,2025
2016,2077
2019,2035
2020,2043
2013,2063
2031,2076
2029,2077
2027,2054
2043,2013
2055,2019
2045,2028
2060,2047
2079,1991
2071,2117
2069,2066
2085,2063
2084,2035
2093,2057
2104,2008
2118,2034
2118,2040
2126,2076
2135,2035
2132,2067
2136,2067
2145,2063
2144,2043
2157,2065
2159,2015
2154,2076
2153,2080
2151,2035
2169,2063
2167,2028
2172,2053
2175,1992
2176,2063
2176,2035
2167,2080
2180,2076
2170,2065
2171,2029
2164,2043
2157,2058
2155,2030
2147,2043
2143,2043
2137,2095
2140,2104
2130,2068
2124,2041
2117,2005
2113,2063
2110,2037
2104,2032
2099,2002
2096,2043
2096,2077
2075,2069
2071,2011
2069,2037
2063,2033
2064,2076
2050,2083
2043,2038
2029,2075
2035,2063
2023,2083
2025,2070
2011,2011
2011,2071
2017,2032
2007,2067
1997,2055
2011,2044
2015,2058
2005,2092
2008,2025
2003,2011
2009,2028
2008,2074
2013,2021
2005,2076
2013,2051
2011,2090
2017,2095
2028,2071
2024,2061
2033,2023
2027,2063
2033,2009
2055,2039
2046,2025
2043,2076
2056,2069
2063,2056
2066,2052
2071,2063
2082,2035
2086,2096
2083,2054
2085,2023
2096,2039
2108,2073
2111,2020
2114,2073
2117,2015
2119,2029
2124,2071
2129,2036
2127,2011
2137,2063
2143,2045
2139,2032
2145,2071
2143,2037
2149,2064
2135,2093
2148,2035
2149,2008
2140,2037
2143,2003
2133,2077
2136,2023
2136,2041
2123,2047
2124,2065
2127,2037
2117,2076
2107,2024
2106,2089
2104,2039
2096,2083
2092,2055
2083,2045
2080,2091
2073,2071
2056,2011
2056,2027
2043,2051
2040,2039
2031,2024
2027,2067
2016,2001
2009,2071
2008,2072
1996,2043
1999,2063
1992,2070
1977,2031
1974,2078
1972,2039
1975,2009
1953,2063
1961,2016
1954,2074
1955,2001
1958,2056
1952,2026
1952,2088
1952,2020
1955,2043
1955,2032
1952,2081
1954,2041
1951,2045
1955,2025
1956,2052
1957,2117
1971,2029
1969,2041
1976,2054
1980,2037
1975,2053
1984,2043
1994,2025
2004,2043
2004,2048
2008,2019
2022,2007
2027,2056
2027,2039
2027,2063
2043,2064
2051,2068
2053,2015
2069,2069
2076,2027
2071,2080
2089,1997
2093,2055
2096,2032
2101,2073
2109,2029
2107,2071
2131,1996
2121,2043
2132,2059
2123,2034
2135,2053
2143,2061
2144,2054
2148,2072
2144,2009
2140,2078
2143,2038
2137,2043
2137,2074
2137,2039
2141,2075
2142,2074
2133,2039
2136,2080
2130,2088
2128,2043
2123,2072
2120,2072
2105,2088
2101,2033
2093,2076
2087,2055
2087,2077
2089,2067
2074,2071
2077,2041
2072,2063
2045,2025
2055,2071
2039,2025
2024,2072
2024,2071
2026,2044
2015,2040
2011,2037
2005,2032
1987,2068
1992,2034
1987,2063
1974,2063
1984,2056
1966,2063
1975,2062
1971,2053
1975,2044
1971,2081
1968,2040
1965,2043
1965,2020
1971,2063
1961,1993
1968,2063
1965,2043
1965,2063
1969,2063
1976,2089
1971,2025
1984,2077
1987,2041
1981,2017
1989,2041
1986,2077
1997,2027
2003,2063
2003,2029
2011,2039
2017,2088
2027,2043
2025,2056
2026,2035
2040,2065
2045,2039
2047,2067
2058,2029
2059,2019
2067,2043
2071,2044
2071,2033
2081,2032
2073,2053
2083,2024
2083,2056
2096,2096
2093,2010
2106,2043
2099,2021
2108,2026
2111,2043
2107,2082
2113,2001
2103,2066
2111,2067
2112,2036
2108,2036
2107,2036
2105,2042
2101,2071
2100,2055
2099,2039
2103,2018
2089,2022
2087,2056
2087,2035
2073,2058
2073,2027
2067,2065
2072,2043
2072,2072
2053,2042
2044,2032
2055,2053
2040,2063
2035,2024
2039,2070
2027,2033
2029,2038
2007,2058
2015,2063
2009,2027
2017,2030
2001,2022
1995,2043
1995,2070
1996,2068
1988,2055
1994,1989
1989,2035
1988,2039
1992,2083
1982,2058
1980,2044
1980,2041
1984,2063
1981,2058
1992,2072
1995,2053
2001,2033
2000,2037
1996,2068
2008,2056
2009,2066
2010,2039
2022,2025
2011,2037
2025,2068
2027,2056
2031,2039
2039,2063
2051,2068
2052,2063
2056,2029
2054,2056
2066,2071
2073,2043
2076,2076
2088,2064
2095,2037
2099,2024
2091,2063
2105,2041
2102,2041
2118,2016
2115,2065
2121,2039
2126,2063
2136,2034
2123,2033
2129,2045
2137,2063
2146,2051
2148,2039
2135,2012
2144,2027
2147,2087
2137,2067
2143,2079
2146,2035
2141,2031
2142,2056
2133,2043
2131,2063
2136,2057
2139,2048
2132,2074
2119,2021
2120,2019
2117,2035
2109,2027
2104,2043
2097,2065
2091,2021
2091,2075
2085,2060
2071,2063
2068,2063
2068,2033
2063,2067
2064,2063
2039,2063
2029,2027
2032,2048
2026,2025
2027,2063
2011,2033
2011,2021
2003,2015
1997,2058
2002,2068
1994,2012
1995,2055
2000,2042
1989,2073
1995,2041
1980,2071
1984,2037
1986,2024
1987,2060
1983,2036
1990,2039
1992,2018
1996,2058
1989,2057
1987,2056
1997,2059
2006,2076
2002,2040
2008,2051
2011,2020
2017,2036
2026,2037
2021,2072
2025,2037
2041,2083
2039,2068
2040,2072
2060,2052
2056,2068
2069,2042
2071,2021
2079,2062
2088,2035
2089,2065
2096,2048
2104,2071
2099,2029
2109,2051
2121,2059
2123,2033
2131,2063
2125,2054
2127,2057
2142,2056
2143,2072
2148,2060
2152,2062
2155,2007
2153,2058
2149,2035
2150,2063
2149,2054
2152,2001
2146,2035
2148,2058
2137,2035
2144,2063
2138,2075
2136,2059
2127,2043
2128,2066
2123,2063
2117,2060
2107,2079
2113,2057
2101,2071
2091,2029
2087,2066
2075,2029
2077,2042
2073,2044
2067,2072
2039,2027
2043,2065
2034,2035
2037,2065
2027,2033
2017,2068
2012,2048
2020,2072
2005,2011
1995,2029
1981,2056
1991,2071
1984,2034
1981,2039
1979,2043
1976,2043
1987,2035
1977,2056
1977,2048
1976,2063
1987,2025
1983,2048
1978,2039
1975,2033
1979,2040
1979,2047
1988,2067
1992,2042
1993,2021
1995,2028
2006,2065
2012,2071
2007,2035
2019,2065
2024,2048
2029,2045
2035,2041
2035,2039
2043,2068
2063,2063
2057,2057
2067,2029
2071,2067
2083,2072
2081,2080
2085,2038
2104,2051
2091,2058
2091,2031
2115,2023
2109,2019
2120,2052
2129,2036
2136,2068
2127,2083
2135,2019
2137,2045
2135,2056
2135,2024
2147,2029
2149,2043
2151,2024
2141,2026
2152,2061
2146,2060
2143,2041
2137,2065
2143,2069