2139,2040
2135,2134
2140,2112
2148,1987
2148,2023
2139,1920
2133,1835
2134,2047
2136,2029
2147,1923
2148,2069
2128,2143
2134,2103
2129,1979
2121,1965
2125,2029
2125,2074
2116,2124
2121,2104
2091,2065
2089,2023
2088,2088
2071,2075
2053,2096
2045,2193
2031,2059
2036,2078
2034,2023
2029,2093
2033,2005
2015,1973
2032,1971
2021,2041
2015,2031
2024,2028
2026,2148
2019,1951
2032,1978
2027,1940
2027,2097
2025,2078
2022,2006
2005,2009
2001,1900
2002,1979
2000,2042
2000,2101
2008,2144
2009,2143
2011,2035
2012,2015
2013,1931
2006,1963
2001,2025
1997,2007
2024,2028
2037,2112
2041,2033
2057,2156
2056,2120
2071,2091
2088,2072
2084,1965
2080,1999
2084,2033
2069,1992
2086,1933
2095,2040
2092,1973
2091,2071
2095,1963
2104,1942
2104,2029
2103,2016
2134,2110
2123,2147
2127,2001
2136,2101
2140,1960
2149,2035
2151,1972
2146,2074
2156,2011
2151,2032
2151,1967
2155,1955
2150,2009
2157,2013
2160,2120
2151,2169
2159,1933
2153,1990
2151,2003
2151,1935
2129,1947
2119,1999
2127,2021
2116,1963
2112,1959
2124,2074
2103,2004
2108,2160
2115,2078
2109,1955
2141,2104
2113,2072
2112,2056
2110,1913
2092,1935
2091,2140
2073,2133
2072,2072
2064,2129
2053,1955
2043,2021
2041,2056
2027,2109
2026,2002
2024,2071
2022,1981
2035,1989
2040,2037
2037,2035
2037,2137
2039,2011
2043,2008
2045,2024
2032,2068
2042,2007
2040,2004
2044,1955
2037,2015
2021,1997
2041,1995
2025,2067
2025,2051
2025,2111
2015,2001
2037,2046
2036,2127
2039,2063
2039,2080
2039,1977
2067,2040
2074,2024
2083,2034
2092,2056
2087,2069
2104,2004
2116,1865
2122,2072
2111,2091
2106,2031
2116,2072
2111,2128
2119,2148
2123,1984
2134,2029
2129,2121
2146,2051
2136,1988
2151,2088
2147,2075
2135,1988
2155,2152
2153,2211
2152,1915
2160,1841
2161,1973
2155,2067
2149,2030
2135,2009
2136,2125
2139,1987
2151,1929
2161,2088
2147,1992
2148,2203
2139,1943
2166,1947
2148,2153
2133,2184
2121,2103
2101,2011
2099,2011
2112,1935
2100,1945
2094,2287
2088,2167
2091,1966
2091,1996
2073,2193
2069,2199
2071,2097
2057,1995
2063,2016
2066,2009
2057,2231
2069,2133
2063,2166
2037,2100
2045,2135
2037,2036
2029,1981
2022,2031
2001,1999
1997,2077
2004,2094
2007,2070
2004,2088
1995,2089
1983,2025
1984,2076
2003,2083
2007,2143
2005,2133
2010,2063
2023,2058
2030,2097
2028,2055
2039,1947
2025,2010
2024,2123
2025,2077
2023,2123
2041,2071
2032,2057
2041,2143
2047,2004
2033,1931
2060,2005
2063,2006
2056,1879
2063,1953
2063,1905
2070,1939
2088,1975
2096,1984
2104,1975
2118,2136
2107,2104
2108,1971
2105,1959
2115,2009
2127,1803
2128,2189
2131,2244
2137,1891
2139,2119
2136,2396
2138,2237
2135,1895
2128,1877
2134,2027
2141,1852
2139,1900
2147,2000
2156,2137
2147,2264
2150,2067
2148,2349
2131,2207
2136,2257
2136,1982
2129,1960
2127,2358
2131,2054
2129,2024
2129,2019
2124,2131
2110,2074
2103,2059
2099,2127
2097,2041
2081,1909
2091,2096
2083,2135
2080,1887
2089,1783
2066,2092
2054,2112
2039,2024
2042,1916
2039,2168
2037,2133
2030,2171
2059,1994
2027,2003
2043,2077
2023,2124
2031,2152
2046,1864
2034,2041
2027,2131
2009,2301
2020,1988
2023,1913
2016,1933
2017,2062
2010,2150
2007,1755
2012,1992
2025,1975
2032,2155
2025,2169
2040,2043
2055,2126
2044,2012
2064,2063
2066,2054
2067,2119
2059,2233
2056,1900
2071,2075
2088,1948
2093,1939
2096,2084
2095,1984
2099,1988
2089,2057
2077,1947
2091,2021
2085,2076
2104,2195
2123,1893
2123,1927
2131,2136
2144,2281
2156,2197
2143,2257
2135,1961
2145,1854
2166,2169
2167,2234
2183,2109
2181,1821
2167,2035
2183,2322
2182,2109
2170,1947
2161,1928
2169,1897
2171,2211
2155,2101
2152,2070
2145,2151
2145,2136
2151,2171
2142,1891
2137,1927
2145,1726
2131,2073
2137,2207
2133,1719
2120,1944
2121,2025
2125,2001
2115,2233
2117,2099
2107,1947
2074,1960
2080,2172
2087,2454
2082,2275
2065,2025
2057,1930
2043,1878
2064,2116
2042,2344
2032,2209
2024,1842
2011,1804
2023,2205
2028,2144
2022,2081
2024,2056
2023,1949
2032,1896
2032,2153
2026,2199
2017,1816
2024,1958
2022,2375
2027,1975
2019,1681
2025,2421
2007,2264
2008,1809
2012,2263
2005,2204
2035,1941
2021,2256
2036,2342
2057,1758
2054,1863
2063,2364
2069,2083
2053,1806
2073,2023
2076,1635
2071,1925
2105,2313
2076,2201
2090,1966
2098,1941
2115,1826
2128,2132
2120,2129
2115,1896
2114,1927
2132,2160
2144,1864
2125,2200
2136,2024
2139,1632
2138,1770
2164,2253
2157,2249
2131,1751
2152,2198
2160,2157
2153,1818
2168,2069
2145,2275
2152,1838
2171,2056
2167,2227
2172,2198
2136,2023
2133,1853
2150,1952
2136,2255
2145,2216
2121,1795
2131,2043
2128,1579
2128,2348
2120,2324
2099,2089
2087,2131
2103,2211
2102,1881
2089,1952
2077,2232
2076,2184
2063,1691
2075,1873
2068,2348
2076,1956
2069,1944
2063,1863
2055,1797
2059,2075
2059,1939
2031,2099
2019,1895
2019,2116
1988,2351
2008,2025
1999,1843
1992,1974
2015,1956
2020,2209
2015,2078
2007,2288
2001,2175
2011,2248
2030,2009
2022,1763
2011,1611
2021,1895
2020,2248
2056,2129
2034,2169
2025,2021
2025,2019
2027,1683
2043,2068
2019,2119
2037,2257
2040,2063
2058,2380
2047,1875
2063,1890
2055,1838
2075,1944
2075,1887
2084,2216
2100,1928
2091,2063
2104,2240
2107,1919
2119,2140
2120,2372
2120,2020
2133,1767
2133,2112
2126,1763
2130,2009
2127,1765
2139,2067
2135,1887
2125,2100
2140,1722
2127,1595
2136,2336
2166,2120
2152,1359
2144,2283
2152,2374
2149,1833
2139,1872
2121,2535
2131,1745
2135,1604
2136,2335
2141,2235
2143,1998
2123,2106
2136,1848
2145,1667
2123,1990
2124,1671
2100,2071
2108,2399
2083,2075
2072,2172
2087,2067
2075,1592
2063,1901
2076,2389
2066,1960
2068,2488
2043,2443
2076,1939
2035,1875
2043,2257
2032,1771
2052,1949
2037,2129
2035,2280
2018,2324
2012,2237
2017,2411
2007,1739
2003,2399
2009,2166
1983,2037
2012,1970
2000,2357
1996,2019
1999,2003
2008,2088
2015,1983
2025,2261
2024,2209
2008,1957
2026,1976
2027,1551
2029,2232
2029,2179
2025,2093
2036,1672
2031,2250
2063,2422
2063,1945
2080,1625
2073,2028
2085,1769
2083,1890
2063,2217
2063,2011
2098,1912
2084,2273
2094,2016
2091,1755
2079,2002
2088,1897
2109,2267
2104,2348
2097,2080
2128,2245
2136,2144
2133,1773
2144,2107
2149,2059
2170,1745
2183,2077
2144,2328
2146,2275
2160,2084
2139,2139
2181,1483
2160,1935
2157,2336
2152,2100
2145,2027
2131,2449
2134,1943
2130,2376
2125,2245
2107,2280
2096,2016
2098,2015
2112,1939
2101,2422
2107,2163
2126,2028
2101,2341
2107,1677
2107,1821
2089,2411
2075,2495
2074,2067
2043,1713
2034,1429
2036,1603
2032,1716
2005,1812
2001,1948
2003,1896
1986,2372
2009,2393
1976,1754
1991,1864
2007,1901
1994,2009
1996,2136
1988,2611
1979,2276
1994,1784
1971,2385
1950,2248
1976,1892
1981,1853
1979,2391
1981,1640
1995,1862
1980,2157
1979,2176
1979,1612
1965,2103
1981,1799
2000,1456
1981,2220
1976,2137
1990,1897
2012,2328
2008,2056
2003,1581
2015,2169
2029,2420
2039,1953
2037,1971
2059,2194
2048,2122
2056,2399
2035,2439
2025,1809
2041,1661
2078,2103
2043,1655
2068,2033
2085,2260
2095,2007
2122,1673
2117,1928
2109,1767
2135,2527
2105,2247
2103,2389
2107,2021
2108,1772
2123,1574
2104,2247
2109,2654
2091,2137
2131,2312
2138,2182
2101,1809
2145,2119
2131,2480
2115,2015
2091,1129
2096,1869
2112,2323
2100,2200
2067,1451
2063,2352
2065,2155
2072,1963
2077,1773
2063,1998
2074,2169
2043,1719
2035,2415
2019,2213
2018,1841
2015,1704
1993,2825
1992,2033
2004,1779
1993,1762
2009,2048
2009,2139
1991,2488
2016,2312
2014,1905
1975,1375
1986,1948
1951,2127
1963,2407
1951,1563
1948,1869
1960,1928
1936,2464
1928,1920
1946,2345
1929,1961
1969,2035
1979,2248
1945,2321
1998,2321
1967,1972
1982,2307
1978,2217
1971,2173
2013,1055
1997,1685
1982,2067
1984,2024
1991,1914
1973,2143
2014,1611
1995,2016
2030,2084
2019,2080
2011,2235
2040,1615
2037,1905
2063,2259
2041,1983
2028,1973
2036,2004
2027,2326
2055,1915
2089,1910
2074,1738
2096,2073
2100,1779
2088,2257
2106,2436
2092,2596
2099,1966
2106,1704
2110,2297
2089,2109
2105,2395
2115,2245
2125,2068
2123,1532
2108,2004
2116,2014
2113,1920
2101,2040
2091,1935
2088,1593
2094,1582
2089,2036
2091,2183
2088,2615
2082,2570
2056,2368
2063,1959
2043,2048
2071,1993
2057,2167
2060,1861
2079,1761
2058,2251
2066,2856
2045,2316
2033,2106
2031,2093
2011,1744
1997,1824
2005,1949
2003,1832
1993,1632
2008,1953
2003,2217
2020,2141
2015,2095
1998,2194
1971,1903
1972,1771
1963,2083
1977,1916
1972,1760
1963,2129
1963,2209
1956,2015
1959,1787
1974,2123
1976,2137
1981,2213
1968,2101
1975,2008
1993,1758
2002,1797
2015,2139
2007,2119
2003,2184
2007,2121
2004,2119
2015,2013
2030,1833
2024,1907
2030,1935
2021,2003
2035,2097
2053,2172
2066,2108
2074,2008
2063,1880
2063,1817
2075,2029
2073,1991
2075,1981
2088,2115
2075,2132
2081,2011
2082,2091
2096,2123
2104,2104
2101,2051
2109,2048
2122,2053
2120,2129
2132,2073
2121,2001
2119,1976
2123,1989
2132,2029
2124,2041
2123,2104
2139,2076
2131,2075
2143,1995
2136,2005
2117,2023
2141,2080
2131,2081
2117,2093
2109,2063
2098,2004
2088,1995
2075,2015
2055,2028
2071,2083
2067,2065
2065,2033
2066,2080
2066,2086
2065,2048
2056,2080
2053,2044
2051,1976
2033,2034
2030,2052
2017,2033
2011,2011
2016,2040
2016,1989
2011,2073
1996,2073
1991,2060
1992,2078
1984,2003
1982,2033
1981,2011
1965,2041
1957,2043
1957,2047
1952,2005
1960,2019
1960,2065
1960,2059
1960,2069
1960,2014
1964,2063
1968,2041
1968,2037
1976,2065
1976,2040
1972,2063
1965,2011
1976,1982
1979,1981
1987,2005
1987,1995
1996,2009
1992,2015
2015,2021
2015,2080
2027,2073
2023,2019
2040,2043
2032,2072
2034,2024
2039,2015
2042,2031
2040,2005
2043,2031
2041,2015
2063,2080
2068,2040
2069,2080
2068,2042
2067,2055
2073,2055
2090,2058
2096,2088
2093,2045
2097,2020
2103,2015
2107,2057
2113,2020
2109,2055
2104,2059
2115,2030
2109,2009
2108,2026
2103,2044
2093,2042
2107,2068
2096,1991
2091,2003
2084,2017
2076,2054
2071,2043
2068,2068
2074,2058
2067,2062
2063,2065
2055,2080
2047,2080
2054,2040
2040,2032
2036,2022
2018,2057
2021,2033
2020,2052
2015,2068
2008,2036
1997,2015
2000,2011
1996,2076
1977,2065
1991,2075
1988,2058
1989,2080
1977,2023
1977,2075
1978,2037
1978,2079
1966,2045
1963,2064
1968,2041
1968,2051
1968,2011
1963,2078
1963,2019
1957,2041
1971,2007
1974,2065
1965,2055
1977,2072
1979,2053
1979,2024
1984,2041
1991,2041
2000,2009
2008,2025
2005,2039
2020,2024
2015,2074
2028,2036
2035,2071
2024,2089
2039,2019
2041,2077
2063,2071
2056,2068
2071,2057
2077,2035
2075,2035
2079,2048
2080,2024
2085,2080
2093,2064
2101,2027
2099,2027
2107,2064
2108,2035
2109,2023
2118,2017
2125,2025
2123,2068
2130,2060
2130,2036
2136,2074
2133,2019
2132,2063
2137,2013
2131,2062
2134,2063
2127,2068
2123,2041
2127,2066
2119,2039
2120,2041
2117,2040
2099,2055
2105,2019
2102,2017
2097,2028
2088,2021
2085,2040
2075,2069
2072,2040
2067,2055
2063,2029
2051,2027
2057,2068
2041,2067
2042,2065
2035,2039
2029,2056
2027,2044
2019,2041
2025,2027
2017,2019
2017,2063
2010,2039
2015,2063
2009,2072
2007,2069
2007,2009
1998,2068
2001,2031
1997,2073
1995,2023
1995,2026
1987,2066
1990,2063
1996,2069
1999,2077
1991,2029
1990,2001
1991,2025
2005,2039
1996,2045
2007,2012
2006,2077
2016,2027
2010,2048
2019,2083
2020,2030
2032,2071
2035,2009
2039,2037
2057,2048
2057,1997
2064,2041
2069,2044
2069,2035
2074,2030
2077,2024
2086,2028
2088,2037
2090,2039
2094,2042
2091,2011
2091,2056
2103,2056
2103,2035
2108,2040
2116,2030
2115,2037
2123,2040
2123,2067
2121,2023
2121,2040
2121,2023
2123,2028
2122,2067
2123,2040
2121,2022
2125,2075
2127,2025
2117,2010
2128,2052
2121,2025
2115,2048
2101,2025
2108,2012
2109,2045
2107,2003
2091,2047
2097,2043
2088,2033
2080,2071
2079,2052
2063,2074
2053,2038
2053,2039
2037,2039
2046,1989
2033,2024
2027,2047
2035,2039
2024,1997
2020,2019
2011,2040
1995,2087
2003,2040
2003,2005
1997,2036
1981,2037
1993,2070
1981,2027
1987,2040
1980,2024
1979,2058
1976,2065
1976,2027
1965,2052
1968,2040
1971,2054
1971,2042
1961,2041
1972,2047
1972,2071
1976,2027
1973,2007
1969,2045
1979,2030
1987,2061
1984,2028
1997,2063
1995,2067
1991,2039
2001,2041
2013,2075
2007,2029
2020,2066
2028,2063
2032,2063
2027,2067
2029,2038
2044,2030
2056,2075
2057,2035
2071,2045
2063,2023
2071,2048
2077,2054
2072,2017
2087,2003
2085,2021
2091,2068
2099,2039
2093,2043
2109,2056
2105,1997
2103,2058
2107,2071
2118,2077
2120,2009
2120,2072
2119,2063
2127,2025
2126,2015
2124,2045
2122,2037
2115,2038
2109,2056
2116,2044
2113,2021
2104,2015
2103,2048
2099,2043
2091,2042
2093,2041
2085,2053
2088,2035
2075,2037
2080,2073
2077,2035
2067,2027
2065,2064
2041,2045
2048,2057
2032,2063
2032,2067
2029,2021
2027,2063
2027,2063
2019,2080
2019,2029
2005,2059
2008,2032
2008,2007
2001,2063
1998,2063
1987,2059
1989,2037
1997,2043
1988,2060
1990,2040
1995,2037
1991,2052
1987,2073
1990,2066
1997,2060
1989,2056
1993,2077
1998,2019
2000,2048
2003,2044
2004,2032
2003,2029
2015,2020
2024,2089
2023,2019
2035,2021
2021,2045
2035,2072
2039,2042
2038,2053
2043,2029
2056,2019
2064,1993
2055,2041
2073,2060
2074,2040
2086,2063
2092,2060
2092,2068
2095,2019
2095,2071
2103,2079
2107,2065
2107,2063
2119,2068
2120,2064
2120,2065
2124,2069
2127,1989
2133,2033
2136,2003
2139,2035
2136,2052
2143,2043
2143,2076
2149,2024
2143,2041
2135,2007
2133,2035
2124,2072
2131,2058
2138,2071
2128,2044
2119,2005
2114,2045
2119,2055
2104,2067
2110,2056
2109,2072
2097,2103
2093,2072
2087,2068
2083,2068
2071,2020
2071,2040
2065,2019
2065,2015
2055,2079
2043,2053
2029,2079
2032,2063
2024,2041
2025,2027
2022,2024
2009,2008
2007,2069
2006,2007
1995,2057
1994,2071
1981,2048
1995,2068
1993,2007
1989,2072
1976,2025
1985,2029
1981,2037
1991,2015
1977,2028
1979,2080
1982,2066
1984,2035
1981,2035
1991,2048
1983,2072
1993,2078
1992,2035
2003,2021
1995,2041
2004,2008
2009,2026
2015,2039
2011,2058
2018,2020
2028,2026
2032,2041
2032,2025
2042,2027
2047,2056
2043,2041
2063,2062
2066,2072
2070,2063
2079,2063
2079,2067
2084,2078
2085,2071
2089,2057
2089,2033
2093,2054
2091,1999
2101,2039
2109,2036
2112,2024
2115,2063
2120,2048
2117,2040
2129,2077
2127,2085
2128,2039
2128,2041
2129,2036
2128,2067
2119,2031
2117,2015
2115,2065
2120,2058
2107,2024
2107,2075
2104,2045
2102,2056
2091,2072
2088,2034
2089,2044
2085,2027
2087,2023
2072,2068
2067,2044
2065,2067
2068,2069
2063,2056
2043,2072
2042,2077
2040,2074
2024,2029
2020,2019
2019,2029
2017,2017
2016,2063
2010,2080
2007,2007
2007,2027
2001,2023
1991,2044
1989,2033
1987,2021
1979,2063
1983,2015
1983,2078
1987,2080
1975,2037
1972,2021
1976,2048
1975,2063
1979,2064
1987,2063
1987,2063
1984,2011
1984,2027
1989,2070
1991,2057
1992,2056
2003,2063
2003,2039
2005,2025
2018,2028
2027,2078
2021,2075
2041,2009
2035,1992
2052,2036
2054,2055
2060,2024
2063,2008
2057,2023
2076,2024
2079,2071
2086,2067
2081,2068
2092,2013
2104,2035
2108,2053
2113,2048
2113,2072
2120,2066
2127,2055
2120,2055
2131,2034
2136,2062
2132,2064
2130,2043
2138,2009
2140,2017
2139,2046
2137,2056
2136,2051
2142,2003
2129,2027
2139,2042
2134,2067
2136,2039
2134,2043
2125,2057
2122,2080
2121,2088
2128,2076
2112,2066
2113,2064
2105,2063
2105,2017
2090,2072
2087,2036
2089,2064
2075,2020
2079,2080
2069,2068
2068,2045
2045,2063
2059,2072
2042,2063
2039,2075
2032,2063
2029,2072
2023,2072
2028,2053
2016,2036
2015,2033
2016,2025
2009,2029
2011,2048
2008,1995
2001,2023
2010,2055
2006,2058
2001,2065
2005,2063
2008,2011
2007,2021
2005,2055
2007,2080
2010,2074
2012,2064
2006,2021
2003,2027
2015,2033
2020,2027
2019,2029
2029,2061
2032,2015
2036,2080
2040,2093
2043,2077
2048,2080
2052,2072
2045,2025
2063,2072
2066,2039
2071,2045
2079,2033
2077,2025
2084,2059
2099,2036
2098,2068
2104,2021
2111,2027
2103,2020
2113,2040
2112,2069
2124,2037
2123,2056
2127,2019
2133,2089
2134,2008
2131,2043
2133,2071
2135,2041
2138,2008
2150,2004
2144,2058
2141,2023
2129,2025
2143,2071
2141,2060
2125,2029
2128,2015
2131,2071
2123,2063
2123,2046
2115,2064
2104,2011
2111,2077
2099,2063
2093,2063
2086,2042
2091,2062
2089,2029
2091,2060
2076,2055
2077,2039
2068,2007
2063,2028
2053,2027
2048,2033
2041,2021
2032,2007
2021,2006
2027,2079
2016,2041
2016,2021
2014,2072
2009,2041
1997,2060
2001,2056
2003,2063
1979,2036
1989,2026
1988,2028
1988,2071
1982,2063
1984,2079
1979,2073
1991,2058
1992,2039
1991,2027
1999,2027
1987,2023
1999,2054
1996,2017
1995,2039
2000,2061
2005,2067
2011,2054
2009,2041
2009,2045
2027,2040
2024,2010
2031,2040
2037,2042
2039,2055
2037,2047
2051,2032
2057,2048
2057,2044
2058,2059
2074,2063
2077,2067
2073,2063
2085,2036
2093,2063
2092,2028
2096,2023
2105,2088
2116,2091
2108,2035
2120,2007
2127,2041
2122,2046
2121,2027
2127,2031
2136,2002
2128,2051
2130,2036
2137,2072
2137,2063
2136,2051
2133,2039
2129,2025
2131,2024
2121,2077
2123,2033
2115,2032
2120,2092
2118,2025
2112,2079
2107,2078
2107,2011
2107,2023
2100,2028
2084,2060
2091,2048
2085,2060
2080,2070
2069,2072
2073,2056
2057,2012
2064,2003
2056,2007
2051,2027
2029,2057
2023,2080
2027,2048
2019,2071
2016,2079
2020,2025
2012,2067
2008,2068
2004,2033
2005,2039
1995,2039
1991,2025
1992,2023
1994,2009
1999,2056
1997,2024
1995,2035
1995,2060
1995,2073
1991,2075
2003,2072
2000,2039
1999,2073
2008,2075
2004,2064
2013,2042
2021,2056
2013,2026
2025,2017
2020,2023
2020,2067
2029,2010
2039,2017
2044,2079
2053,2057
2066,2039
2063,2041
2063,2063
2074,2040
2073,2047
2087,2056
2088,2069
2087,2041
2099,2029
2095,2015
2093,2070
2113,2041
2112,2005
2118,2044
2125,2064
2135,2035
2131,2010
2136,2040
2141,2025
2131,2030
2137,2029
2143,2027
2144,2029
2145,2040
2144,2039
2141,2063
2141,2075
2151,2023
2147,2027
2143,2017
2139,2053
2136,2060
2125,2036
2127,2008
2128,2019
2112,2044
2109,2027
2109,2019
2109,2079
2098,2080
2101,2027
2091,2071
2083,2077
2079,2059
2078,2014
2069,2088
2068,2071
2063,2025
2053,2067
2045,2038
2037,2027
2032,2063
2037,2063
2021,2027
2015,2059
2020,2052
2019,2083
2012,2039
2012,2074
2008,2007
1997,2041
1996,2063
2000,2021
1994,1995
2004,2045
1999,2058
2000,2020
2000,2017
2004,2007
2000,2021
2002,2023
2007,2073
2010,2017
2005,2068
2011,2071
2020,2021
2017,2011
2019,2069
2025,2048
2033,2063
2032,2003
2041,2031
2054,2019
2053,2071
2051,2040
2067,2027
2063,2044
2074,2076
2072,2063
2071,2021
2088,2064
2085,2059
2098,2035
2099,2039
2105,2044
2099,2013
2105,2007
2108,2015
2123,2073
2127,2001
2125,2008
2123,2055
2130,2040
2123,2044
2136,2005
2138,2023
2138,2044
2144,2069
2144,2044
2143,2015
2136,2009
2137,2025
2131,2007
2133,1997
2136,2040
2127,2063
2121,2028
2115,2063
2115,2052
2106,2029
2111,2041
2103,2044
2103,2023
2095,2032
2093,2001
2088,2021
2080,2011
2077,2056
2072,2027
2064,2019
2056,2071
2043,2042
2040,2037
2039,2066
2027,2027
2022,2048
2024,2023
2021,2066
2011,2051
1993,2074
2007,2080
1995,2055
2000,2019
1997,2029
1998,2040
1996,2068
1991,2035
1979,1993
1989,2054
1991,2068
1982,2019
1980,2009
1984,2045
1992,2029
1992,2019
2001,2012
1995,2048
1995,2063
2000,2080
2000,2034
2008,2017
2011,2070
2012,2035
2017,2063
2016,2080
2023,2023
2029,2008
2041,2028
2043,2001
2041,2028
2056,2066
2063,2021
2065,2027
2059,2037
2065,2040
2076,2019
2088,2070
2083,2035
2092,2023
2101,2029
2102,2067
2118,2033
2117,2022
2119,2060
2125,2061
2125,2060
2121,2029
2125,2041
2126,2054
2136,2033
2134,2044
2139,2076
2135,2033
2133,2028
2131,2060
2133,2073
2135,2080
2133,2011
2123,2061
2119,2055
2123,2072
2117,2045
2109,2063
2107,2011
2102,2063
2097,2059
2096,2059
2092,2057
2087,2027
2088,2015
2080,2071
2069,2063
2071,2040
2066,2033
2063,2059
2068,2027
2054,2027
2039,2003
2031,2041
2037,2023
2023,2011
2029,2075
2011,2080
2019,2023
2012,2061
2007,2023
1997,2076
2008,2020
1996,2064
1993,2025
1993,2025
1989,2017
1986,2029
1987,2035
1995,2077
1992,2071
1994,2048
1993,2041
1991,2037
1995,2072
1997,2027
2001,2048
2005,2044
2003,2029
2018,2056
2020,2007
2021,2068
2019,2055
2025,2057
2036,2041
2036,2042
2039,2048
2055,2068
2064,2040
2056,2053
2067,2057
2071,2034
2072,2005
2076,2039
2076,2028
2091,2063
2094,2033
2099,2027
2103,2028
2110,2008
2119,2056
2127,2060
2129,1993
2120,2065
2132,2071
2135,2075
2136,2055
2137,2056
2146,2042
2144,2046
2148,2036
2137,2045
2133,2066
2145,2056
2148,2065
2139,2015
2145,2009
2139,2060
2142,2009
2137,2044
2130,2064
2124,2061
2123,2022
2114,2056
2108,2073
2108,2091
2109,2077
2097,2044
2095,2077
2089,2043
2081,2067
2080,2077
2080,2063
2072,2012
2069,2015
2057,2039
2037,2039
2034,2039
2039,2051
2030,2063
2018,2063
2027,2011
2011,2045
2008,2028
2003,2067
2007,2063
2005,2021
1999,2063
1991,2053
1987,2067
1981,2008
1992,2055
1994,2053
1981,2040
1990,2041
1998,2019
2000,2019
1993,2055
1991,2068
1991,2057
2003,2044
2001,2041
2008,2011
2008,2011
2004,2030
2009,2063
2016,2029
2016,2052
2029,2008
2043,2026
2040,2011
2028,2029
2041,2026
2057,2021
2056,2037
2066,2051
2063,2072
2067,2007
2072,2004
2076,2042
2087,2028
2077,2041
2093,2041
2095,2063
2105,2011
2101,2039
2115,2035
2116,2072
2115,2069
2121,2029
2129,2012
2129,2041
2128,2056
2129,2061
2129,2015
2136,2013
2127,2001
2123,2037
2127,2063
2129,2043
2123,2042
2135,2025
2129,2023
2117,2063
2104,2032
2113,2059
2104,2044
2100,2063
2103,2064
2092,2030
2087,2037
2080,2040
2076,2040
2071,2035
2075,2065
2069,2023
2071,2041
2064,2009
2044,2077
2047,2056
2025,2083
2033,2042
2028,2029
2020,2054
2018,2035
2009,2035
2007,2011
2004,2075
2003,2063
1996,2040
1984,2076
1982,2023
1975,2011
1975,2045
1971,2077
1977,2028
1975,2079
1970,2002
1975,2024
1980,2023
1980,2025
1987,2039
1983,2037
1984,2015
1980,2071
1990,1991
1979,2080
2001,2019
2001,2024
2001,2035
2004,2063
2013,2086
2015,2045
2017,2063
2019,2068
2031,1996
2021,2043
2033,2038
2048,2025
2055,2056
2057,2029
2065,2071
2069,2056
2072,2071
2076,2048
2081,2048
2087,2056
2093,2060
2103,2065
2093,2056
2110,2029
2109,2063
2115,2060
2130,2012
2115,2007
2125,2060
2135,2065
2121,2056
2135,2063
2131,2066
2131,2077
2125,2043
2135,2064
2135,2050
2130,2013
2117,2021
2131,2068
2122,2037
2121,2067
2109,2027
2118,2057
2107,2024
2104,2060
2102,2030
2097,2072
2098,2017
2087,2055
2076,2047
2068,2059
2078,2058
2073,2063
2068,2039
2064,2009
2048,2015
2042,2031
2038,2036
2026,2077
2027,2089
2024,2022
2025,2029
2020,2021
2008,2031
2005,2043
2007,2053
2002,2029
2006,2055
2002,2021
1997,2037
1995,2071
1993,2063
1995,1975
1998,2069
1995,2027
1981,2039
1991,2040
1993,2080
2001,2072
2003,2028
1999,2061
2002,2043
2008,2048
2009,2045
2017,2065
2019,2021
2015,2068
2026,2017
2023,2023
2028,2017
2044,2063
2047,2053
2048,2063
2043,2077
2056,2056
2069,2063
2076,2067
2079,2056
2087,2080
2083,2044
2093,2055
2103,2063
2104,2069
2102,2078
2119,2067
2112,2028
2125,2011
2131,2001
2128,2037
2135,2075
2139,2043
2133,2023
2140,2017
2141,2040
2144,2056
2139,2055
2145,2019
2145,2037
2135,2072
2137,2071
2144,2029
2147,2041
2136,2043
2137,2035
2132,2034
2128,2063
2129,2020
2107,2037
2113,2068
2112,2065
2109,2024
2104,2059
2104,2055
2089,2037
2097,2013
2084,2056
2078,2029
2067,2045
2065,2056
2066,2024
2056,1995
2051,2055
2042,2057
2032,2056
2030,2044
2019,2047
2019,2041
2013,2019
2007,2088
1996,2011
2007,2066
2000,2045
2000,2028
1984,2038
1996,2021
1981,2039
1975,2005
1984,2063
1981,2044
1979,2041
1980,2055
1989,2011
1971,2019
1979,2071
1995,2073
1991,2057
1993,2043
1995,2033
2003,2015
2008,2074
2009,2035
2010,2008
2016,2066
2016,2028
2019,2040
2028,2017
2027,2043
2038,2017
2047,2029
2054,2072
2039,2031
2053,2017
2068,2021
2072,2072
2078,2021
2073,2027
2080,2045
2091,2046
2097,2017
2091,2055
2104,2079
2104,2015
2112,2064
2117,2076
2121,2058
2109,2021
2115,2032
2128,2037
2129,2028
2123,2052
2129,2040
2125,2033
2135,2019
2132,2057
2128,2009
2129,2054
2127,2025
2115,2041
2125,2040
2111,2009
2117,2015
2100,2056
2106,2080
2100,2013
2096,2039
2092,2025
2092,2032
2088,2088
2080,2054
2077,2023
2069,2072
2057,2075
2055,2053
2055,2020
2043,2026
2033,2005
2023,2057
2025,2012
2025,2029
2015,2056
2008,2059
2015,2027
1997,2023
1993,2075
2003,2037
1994,2030
1992,2029
1993,2005
1992,2064
1992,2038
1981,2029
1984,2003
1973,2067
1992,2021
1987,2056
1989,2048
1991,2078
1981,2041
1991,2046
1999,2053
1996,2024
2005,2059
2004,2053
2007,2035
2013,2024
2007,2056
2019,2037
2019,2072
2032,2056
2037,2026
2043,2038
2041,2035
2045,2033
2066,2029
2057,2033
2063,2076
2081,2031
2084,2040
2081,2023
2091,2027
2093,2070
2089,2020
2097,2017
2109,2056
2115,2060
2117,2067
2127,2003
2124,2039
2132,2037
2138,2043
2131,2044
2132,2043
2135,2046
2144,2043
2143,2067
2135,2071
2143,2023
2147,2048
2144,2079
2137,2071
2126,2048
2127,2071
2128,2055
2124,2039
2119,2036
2117,2036
2118,2035
2115,2045
2114,2037
2105,2076
2096,2071
2092,2019
2091,2059
2085,2070
2079,2064
2074,2025
2067,2063
2067,2057
2069,2027
2041,2056
2051,2036
2039,2023
2032,2029
2030,2013
2022,2001
2020,2041
2016,2069
2008,2030
2008,2079
2001,2026
1994,2070
1995,2076
1992,2028
1995,2064
1997,2048
1984,2019
1982,2035
1989,2060
1975,2025
1989,2057
2000,2072
2000,2056
2003,2027
2000,2053
2007,2042
1992,2035
2007,2015
2012,2027
2015,2045
2023,2021
2020,2029
2017,2017
2026,2027
2026,2015
2035,2024
2044,2030
2040,2024
2055,2063
2055,2011
2067,2048
2065,2029
2080,2011
2084,2064
2092,2040
2099,2079
2093,2032
2104,2068
2112,2062
2110,2067
2105,2013
2109,2029
2128,2017
2124,2017
2130,2040
2131,2069
2136,2053
2137,2005
2127,2044
2141,2055
2136,2074
2139,2043
2130,2035
2140,2023
2129,2020
2131,2069
2129,2019
2123,2023
2119,2015
2127,2035
2115,2072
2110,2051
2117,2007
2105,2027
2099,2051
2087,2073
2087,2040
2083,2073
2080,2058
2074,2028
2072,2015
2067,2010
2063,2006
2059,2091
2043,2027
2043,2072
2023,2050
2022,2045
2013,2027
2022,2015
2015,2027
2008,2009
2007,2042
1994,2091
1995,2029
1973,2004
1996,2035
1984,2040
1988,2033
1984,2052
1982,2017
1973,2021
1975,2035
1977,2041
1976,2037
1976,2011
1975,2071
1984,2046
1984,2048
1994,2075
1997,2083
1990,2043
1993,2081
2006,2067
2011,2035
2008,2080
2011,2068
2015,2043
2014,2011
2026,2086
2037,2027
2039,2048
2042,2037
2056,1991
2063,2009
2067,2076
2067,2035
2079,2056
2068,2059
2080,2010
2079,2044
2095,2065
2091,2034
2099,2009
2103,2021
2107,2072
2125,2029
2125,2017
2121,2047
2129,2073
2135,2060
2123,2039
2123,2031
2138,2030
2134,2080
2136,2008
2138,2040
2126,2057
2131,2048
2129,2072
2131,2063
2130,2066
2128,2053
2120,2057
2127,2032
2123,2007
2103,2035
2106,2021
2107,2013
2101,2012
2091,2057
2089,2035
2085,2007
2083,2063
2074,2056
2069,2076
2057,2065
2044,2067
2053,2031
2043,2041
2043,2003
2037,2065
2032,2068
2025,2047
2021,2060
2022,2001
2009,2063
2013,2063
2009,2079
2008,2042
1997,2084
1999,2021
2003,2005
1997,2025
1978,2043
1995,2031
1987,2076
1999,2042
1995,2003
1991,2039
2002,2079
2001,2087
2008,2088
1999,2063
2001,2063
2004,2078
2009,2039
2015,2045
2024,2029
2026,2035
2021,2035
2028,2071
2030,2023
2037,2011
2041,2001
2041,2028
2065,2023
2063,2025
2063,2023
2075,2041
2087,2037
2085,2068
2091,2017
2103,2063
2099,2020
2100,2066
2105,2035
2112,2048
2112,2061
2120,2035
2133,2022
2121,2048
2135,2001
2137,2025
2144,2075
2143,2067
2144,2029
2140,2031
2151,2067
2144,2042
2151,2063
2139,2037
2151,2040
2137,2023
2131,2037
2133,2015
2133,2056
2135,2030
2132,2068
2119,2077
2124,2071
2120,2063
2105,2041
2097,2057
2097,2068
2097,2035
2093,2045
2089,2069
2081,2065
2073,2041
2069,2040
2067,2037
2058,2040
2053,2025
2059,2041
2043,2051
2032,2057
2027,2045
2027,2066
2011,2063
2019,2033
2005,2027
2006,2046
2001,2027
2000,2074
1999,2019
1991,2038
1992,2017
1994,2022
1989,2063
1992,1997
1980,2045
1981,2058
1990,2055
1985,2060
1989,2053
1995,2008
1984,2058
1992,2062
1993,2043
2005,2024
2007,2032
2003,2019
2005,2032
2015,2026
2016,2028
2021,2063
2035,2063
2035,2011
2030,2056
2039,2019
2043,2028
2055,2041
2055,2005
2059,2017
2067,2060
2078,2011
2085,2012
2096,2072
2085,2045
2089,2021
2105,2017
2095,2055
2112,2017
2121,2061
2120,2039
2127,2056
2133,2063
2131,2041
2131,2044
2131,2008
2143,2039
2143,2043
2135,2024
2139,2056
2135,2033
2131,2058
2136,2072
2134,2007
2129,2065
2132,2033
2125,2052
2123,2040
2123,2056
2121,2023
2112,2006
2107,2051
2103,2067
2092,2045
2090,2065
2094,2055
2079,2059
2074,2056
2080,2038
2071,2078
2065,2033
2060,2018
2056,2059
2040,2063
2033,2043
2025,2033
2027,2034
2021,2040
2016,2056
2017,2079
2006,2024
2001,2057
2000,2023
2007,2028
1993,2059
1991,2044
2001,2021
1992,2053
1992,2024
1987,2029
1980,2080
1979,2044
1981,2047
1990,1997
1988,2052
1992,2034
1993,2023
1997,2015
1996,2029
1999,2008
2003,2021
2013,2025
2011,2036
2016,1999
2024,2015
2024,2005
2030,2045
2031,2043
2042,2015
2041,2043
2051,2025
2064,2036
2066,2029
2072,2027
2075,2028
2086,2052
2087,2006
2082,2057
2096,2072
2100,2075
2104,2057
2118,2048
2101,2075
2123,2023
2119,2077
2128,2043
2132,2040
2136,2015
2135,2056
2131,2030
2135,2072
2143,2048
2143,2069
2140,1995
2139,2064
2143,2060
2138,2021
2131,2056
2131,2043
2139,2041
2131,2071
2123,2023
2124,2027
2117,2066
2123,2019
2105,2067
2108,2019
2105,2068
2096,2069
2091,2067
2088,2057
2085,2021
2075,2051
2077,2069
2070,2074
2063,2063
2055,2059
2048,2009
2037,2039
2035,2069
2043,2039
2033,2043
2025,2029
2015,2042
2022,2033
2016,2035
2010,2075
1997,2067
2000,2068
2001,2058
1995,2081
1991,2023
1995,2039
2004,2015
1996,2031
1998,2058
2003,2053
1997,2036
1993,2025
2004,2065
2004,2060
2011,2067
2009,2056
2007,2021
2016,2068
2011,2041
2015,2038
2028,2037
2035,2071
2032,2025
2040,2099
2043,2071
2048,2068
2055,2011
2063,2043
2071,2023
2066,2029
2083,1995
2080,2065
2088,2064
2090,2024
2093,2007
2093,2019
2111,2054
2103,2029
2121,2076
2124,2022
2127,2030
2130,2096
2129,2044
2136,2073
2141,2055
2142,2080
2141,2073
2139,2035
2135,1991
2136,2031
2143,2055
2143,2071
2151,2055
2146,2029
2144,2079
2134,2037
2146,2033
2131,2055
2121,2036
2130,2063
2123,2027
2115,2057
2121,2027
2115,2075
2112,2023
2106,2008
2095,2046
2091,2044
2084,2065
2085,2032
2081,2030
2069,2071
2063,2028
2063,2073
2061,2057
2044,2017
2040,2011
2032,2025
2028,2039
2027,2008
2015,2009
2009,2033
2013,2035
2008,2067
2007,2033
2005,2023
1995,2072
1996,2028
1996,2059
1997,2002
1993,2031
1989,2043
1991,2065
1996,2065
1997,2043
1991,2008
2005,2044
1989,2012
1993,2056
1997,2030
2012,2040
2018,2035
2015,1978
2014,2027
2029,2030
2027,2063
2031,2029
2035,2041
2029,2017
2048,2063
2045,2063
2041,2071
2067,2009
2068,2060
2072,2052
2076,2053
2078,2063
2089,2058
2096,2071
2096,2056
2099,2079
2111,2064
2112,2019
2113,2058
2113,2053
2126,2070
2133,2036
2132,2064
2137,2066
2140,2069
2141,2058
2144,2038
2143,2066
2145,2005
2148,2001
2139,2063
2144,2036
2140,2021
2135,2013
2138,2011
2129,2017
2141,2074
2130,2068
2128,1991
2127,2072
2123,2005
2123,2063
2107,2066
2115,2043
2098,2043
2092,2017
2093,2064
2081,2003
2077,2037
2076,2060
2070,2073
2068,2052
2063,2053
2048,2097
2043,2033
2040,2044
2031,2045
2030,2037
2027,2026
2019,2056
2006,2044
2001,2055
2006,2060
2005,2073
2002,2035
1997,2007
1991,2055
2000,2063
1993,2069
1994,2042
1997,2035
1992,2063
1984,2042
1977,2029
1989,2072
1979,2041
1998,2031
1999,2033
1996,2009
2005,2043
2004,2055
2013,2075
2015,2080
2011,2062
2016,2046
2027,2042
2031,2001
2032,2045
2040,2017
2044,2067
2047,2072
2054,2079
2053,2048
2059,2033
2071,2044
2076,1983
2088,2041
2083,2056
2099,2075
2099,2058
2103,2036
2108,2027
2111,2020
2109,2079
2119,2048
2117,2040
2117,2019
2133,2051
2136,2007
2133,2028
2136,2052
2137,2041
2136,1989
2137,2039
2139,2058
2132,2063
2133,2029
2134,2019
2130,2029
2136,1995
2131,2058
2127,2029
2115,1756
2129,2007
2122,1599
2083,1587
2083,2444
2071,3125
2071,3097
2079,2871
2087,2995
2103,2323
2133,1241
2163,1645
2179,2372
2183,2022
2208,2488
2207,2323
2202,2012
2193,2123
2176,2091
2152,1920
2136,2101
2105,1853
2087,2032
2043,1961
2011,1866
1978,2154
1964,2276
1947,2044
1947,2067
1960,2060
1959,1825
1976,2039
1988,2196
2004,1960
2015,2035
2025,2141
2028,1913
2027,2008
2035,2072
2055,2091
2055,2057
2067,2039
2027,1967
2022,1943
2007,2032
1979,2033
1975,2053
1971,2128
1954,2069
1946,1969
1947,1939
1943,2023
1947,2027
1952,2084
1957,2027
1976,2075
1995,2106
2016,2043
2032,2044
2039,2080
2067,2027
2081,2005
2088,2057
2091,2023
2105,1927
2101,1928
2107,1993
2109,2105
2109,2059
2108,2088
2115,2131
2118,2085
2113,1997
2106,1961
2104,2038
2100,2110
2093,1996
2097,2015
2081,2037
2071,1967
2081,2003
2075,2056
2079,1995
2095,2001
2101,2032
2115,2040
2140,2097
2155,2128
2175,2067
2186,2072
2196,2069
2209,1990
2189,2035
2174,2056
2143,2082
2125,2068
2109,2025
2104,2041
2082,2073
2066,2058
2035,2027
2039,2051
2020,2104
2016,2063
2019,2067
2021,2066
2028,2104
2036,2270
2059,2332
2072,2183
2082,2136
2085,2024
2083,1976
2076,1994
2056,2008
2040,2019
2017,2019
2011,2023
1991,1999
1976,1961
1963,2052
1952,1995
1941,2085
1944,2057
1929,2164
1937,2091
1954,2091
1965,2017
1996,2058
2016,2056
2048,2082
2079,2057
2096,1993
2105,2032
2116,1992
2121,1980
2122,1999
2120,2037
2110,2056
2089,2032
2084,2075
2070,2057
2055,1943
2040,1991
2028,2057
2027,2063
2032,2085
2042,2083
2043,2039
2065,2056
2092,2106
2101,2001
2132,2048
2137,2014
2167,2059
2180,2001
2203,2036
2221,2023
2227,2067
2232,1995
2233,2048
2218,2041
2219,2035
2204,2035
2192,2104
2155,2087
2166,2079
2148,2005
2150,2012
2141,2003
2139,2036
2135,1991
2123,2106
2135,2059
2137,2079
2136,2067
2130,2073
2134,2048
2136,2095
2143,2083
2136,2009
2140,2145
2136,2144
2131,2083
2129,2075
2103,2015
2097,1957
2089,1963
2063,2045
2068,1999
2037,2028
2029,1996
2001,2033
1981,2073
1993,2042
1979,2068
1963,2126
1963,2040
1965,1951
1963,2019
1975,2088
1980,2099
1991,2111
2006,2123
2021,2015
2035,1991
2040,2009
2059,2031
2063,2034
2067,2037
2073,2066
2075,2025
2069,2072
2065,2063
2056,2023
2028,2052
2037,2070
2040,2040
2051,1965
2039,2014
2043,1973
2069,1971
2079,2007
2092,2028
2101,2125
2109,2106
2123,1990
2119,2099
2131,2019
2147,2045
2138,2068
2152,2119
2152,2056
2144,2013
2152,2028
2152,2041
2143,1977
2151,2008
2141,2023
2141,2070
2146,2084
2147,2107
2157,2150
2168,2115
2181,2019
2189,2125
2204,2128
2195,2083
2208,2036
2203,2196
2203,2121
2203,2009
2187,2013
2184,1978
2173,1907
2160,2054
2139,2069
2136,2073
2119,2017
2109,2067
2097,2033
2088,2025
2090,2055
2075,2057
2065,2063
2074,2096
2063,2088
2069,2037
2070,2091
2068,2003
2071,1976
2078,2063
2083,2119
2077,2057
2077,2027
2080,2076
2066,2051
2058,2127
2040,2095
2037,2101
2024,2112
2011,1955
2003,1993
1995,1971
1993,1893
1977,2092
1987,2053
1979,2039
1979,2091
1993,1975
1999,1892
2009,2043
2027,2048
2038,2032
2055,2025
2055,2020
2076,2108
2067,2101
2070,2021
2059,2160
2045,2138
2056,2087
2043,2133
2040,2081
2043,2016
2043,2009
2035,1971
2053,2083
2046,2003
2054,2015
2053,2119
2073,2135
2065,2019
2071,2032
2067,2007
2072,1997
2081,2011
2075,2003
2085,2008
2093,1954
2096,1883
2111,1981
2103,2063
2126,2069
2127,2029
2124,2011
2128,2123
2121,2075
2121,2111
2105,2139
2092,2088
2104,1941
2089,2043
2093,2007
2087,2100
2083,2112
2075,2129
2092,2100
2071,2040
2077,2019
2084,2107
2079,2072
2083,2071
2078,1907
2068,1894
2071,1852
2055,1892
2051,1889
2039,1944
2029,2014
2039,2154
2035,2039
2027,2065
2025,2099
2020,2151
2022,2155
2028,2077
2024,2078
2017,2155
2020,2053
2016,1992
2019,1979
2007,1998
2016,2073
2007,1953
1999,2055
2007,2132
2003,2041
2009,2043
2004,2200
1995,2033
2006,2067
1992,2055
1995,2089
1981,2067
1982,2115
1989,2087
1993,2197
1987,1981
1999,2067
1993,2033
2001,2017
2019,2067
2022,2075
2033,2056
2035,2076
2051,2132
2063,1979
2069,1958
2056,1936
2081,1963
2072,1993
2067,1989
2080,2086
2063,2160
2071,2101
2089,2108
2080,2143
2092,2144
2090,2071
2080,1950
2104,1971
2097,2132
2105,2123
2105,2144
2112,2051
2127,1966
2123,1925
2146,2121
2162,2105
2153,2015
2160,2088
2168,2079
2168,2075
2165,2001
2155,2097
2156,2089
2151,1987
2150,2077
2143,2085
2143,2066
2135,2053
2133,2131
2131,2018
2128,1978
2136,2064
2129,2143
2122,1949
2131,1944
2123,1956
2115,2080
2111,2016
2119,2008
2104,1989
2100,1934
2093,1924
2081,2063
2082,2121
2067,2129
2066,2175
2063,2104
2063,2081
2048,2008
2044,2029
2056,2127
2033,2045
2040,2136
2029,1991
2025,1904
2031,2024
2009,2006
2019,1902
2024,1981
2006,2119
2016,1971
2013,2036
2009,2075
2009,2029
2003,1945
2016,1998
2019,2001
2020,2026
1992,2019
2006,2002
2015,2084
2006,2079
2018,2072
2027,2077
2025,2091
2039,2132
2040,2039
2063,2063
2065,2125
2071,2187
2082,1969
2086,1899
2080,1944
2088,1995
2079,1975
2092,2119
2087,2127
2088,2072
2087,2088
2085,2064
2093,2125
2108,2063
2119,2099
2124,1969
2123,1944
2133,1946
2139,2035
2125,1947
2141,2035
2139,1947
2140,1997
2163,1991
2163,1907
2160,1971
2172,2209
2167,2139
2157,2104
2161,1971
2151,1923
2153,1999
2148,1995
2151,2009
2148,2148
2143,2161
2136,2067
2128,2020
2117,2007
2109,2096
2105,1916
2102,1944
2095,2081
2080,2075
2077,2093
2074,2025
2070,2103
2086,2071
2079,1948
2063,1987
2063,2063
2057,2043
2067,2036
2076,2077
2059,2096
2054,2122
2032,2063
2019,2069
2026,2183
2007,2002
2013,2001
2010,2056
1998,2059
1999,2073
1990,1974
1993,2071
2008,2025
1997,2152
2003,2088
1993,2004
2004,2027
2009,2091
2031,2183
2051,2090
2026,2044
2031,1875
2025,1904
2040,2059
2040,2170
2028,2067
2031,2102
2015,1993
2034,1975
2063,2057
2051,2041
2068,1904
2068,1955
2083,1971
2077,2072
2075,2007
2076,2035
2081,2123
2089,2171
2120,2126
2108,2032
2114,2199
2111,2031
2115,2131
2135,2127
2130,2003
2136,2156
2137,2004
2133,2032
2144,2057
2139,1949
2135,2008
2136,1975
2127,1939
2130,1994
2132,1931
2127,1967
2146,2013
2146,1992
2153,1976
2145,2153
2139,1966
2133,2020
2131,1993
2126,1945
2126,1992
2120,2012
2107,2108
2099,2041
2104,2040
2096,2030
2090,2187
2089,2136
2066,2014
2060,2075
2053,1961
2044,2027
2060,2011
2048,1998
2039,2019
2032,1930
2023,2007
2038,1961
2026,2093
2027,2135
2029,1977
2023,1920
2034,2057
2015,2063
2015,2072
2011,2151
2009,2099
2009,2109
2003,2039
2000,2075
1989,2082
1992,2059
1993,2071
1996,2111
2003,2182
2001,2168
2004,2132
2007,2141
2012,2035
2011,2109
2027,2117
2026,2127
2024,2036
2034,2093
2040,2011
2037,2035
2045,2040
2056,2005
2062,2145
2055,2081
2071,1959
2081,1965
2087,1992
2091,1942
2103,2063
2121,2033
2120,2103
2109,2041
2120,2042
2115,2184
2121,2028
2125,2007
2117,2046
2131,2077
2154,2160
2158,2122
2166,2087
2156,1953
2161,1916
2171,2024
2165,2044
2165,1981
2168,1937
2165,1999
2172,2122
2167,2012
2157,1947
2157,1879
2150,2021
2164,2081
2165,2019
2153,1993
2159,2015
2139,1753
2151,1967
2148,1960
2113,2038
2129,1942
2119,1945
2112,1952
2110,2112
2103,2175
2106,2103
2104,2088
2101,2135
2101,2009
2097,1907
2088,1916
2063,2007
2067,2091
2083,2157
2067,2087
2053,2085
2035,1896
2027,2030
2032,2208
2019,2060
2023,2065
2016,1992
2011,2089
2012,2041
2007,1989
2011,2001
2020,2129
2016,2131
2021,1897
2017,2045
2011,2171
2027,1965
2015,1928
2007,2079
2004,2093
2003,2087
2008,2118
2000,2099
2016,2027
2015,1981
2013,2052
2023,2163
2023,2136
2032,2107
2048,2012
2056,2063
2068,2029
2073,1959
2075,2196
2079,2189
2081,2152
2096,2240
2087,2115
2096,2161
2079,1716
2091,1878
2107,2040
2099,2039
2100,1981
2088,2213
2091,2059
2118,1931
2113,2015
2112,2086
2123,2072
2120,1935
2143,2092
2145,2199
2137,2001
2144,2104
2119,2021
2134,2085
2124,1945
2123,1984
2136,2036
2124,2036
2123,1915
2131,2127
2123,2091
2121,2028
2121,1861
2104,2131
2117,2022
2108,1804
2093,2053
2088,2176
2080,2039
2081,2099
2079,2168
2071,2095
2071,1940
2057,1943
2060,2076
2069,2125
2068,2103
2066,2067
2069,2009
2063,1951
2060,2043
2041,1945
2022,1929
2017,1759
2024,2117
2019,1979
2008,2027
2002,2091
1997,2063
2007,2121
2008,2127
1993,1968
2001,1993
1965,1988
1977,1707
1999,2028
1992,2127
1997,2151
2007,2101
2007,2041
2029,2016
2015,2048
2011,2040
2027,2111
2008,2058
2020,2058
2033,2007
2021,2023
2027,2010
2028,2015
2032,2160
2032,2005
2040,2179
2043,2064
2043,2101
2063,1922
2072,1927
2071,1972
2073,1911
2091,1992
2088,2163
2081,1985
2097,1995
2096,1891
2091,2007
2109,2121
2116,2063
2128,2076
2124,2084
2124,2029
2125,2089
2133,2108
2136,2163
2141,2143
2144,1830
2156,2167
2151,2288
2144,2096
2137,1903
2143,2057
2136,2108
2136,1918
2135,2070
2119,2081
2140,1975
2140,2078
2149,2193
2144,2252
2149,1928
2149,2090
2145,2192
2141,1928
2117,2171
2103,2063
2097,1929
2099,1800
2094,2119
2092,2187
2088,1957
2082,1925
2083,2011
2068,1893
2068,1992
2068,2275
2048,2012
2053,1889
2039,2149
2025,1832
2040,1831
2025,2263
2029,1984
2039,1680
2021,2123
2038,2169
2046,2009
2032,2415
2030,2517
2019,2181
2015,2033
2015,2108
1997,1913
1993,1803
1992,2164
1987,1949
1999,1827
2003,2038
2003,2205
2004,1999
2020,2163
2030,2211
2031,2104
2025,2167
2028,2184
2040,1987
2041,2061
2033,1947
2029,1959
2048,1957
2063,2116
2069,1969
2074,1908
2081,1797
2069,2163
2104,2032
2101,2243
2097,2026
2107,1721
2107,1681
2097,2056
2103,2327
2097,1997
2104,1879
2106,1991
2129,2025
2127,2202
2139,2075
2153,2108
2164,1984
2162,2169
2163,2279
2168,1967
2167,1974
2168,1803
2160,1972
2157,2063
2167,2071
2133,1904
2143,2066
2136,2208
2152,1924
2152,1995
2139,2117
2145,1932
2124,1999
2139,1944
2124,2019
2104,1807
2097,2051
2095,2034
2091,1965
2074,2161
2084,2125
2076,2110
2085,2227
2093,2257
2089,1873
2086,2187
2080,2205
2072,1928
2081,1927
2042,2085
2023,2040
2025,1880
2005,2013
1995,2104
1987,1982
1992,1867
1987,2089
1995,2195
2023,2120
2001,2324
1992,2280
1996,1987
1998,1743
2000,2156
2001,2079
1992,1837
1987,2106
1999,2097
2006,1702
2001,1785
2007,2287
2011,1980
2022,1960
2016,2040
2012,2213
2014,2017
2015,2187
2009,2109
2012,1789
2024,1824
2024,1997
2026,2075
2035,2157
2032,2135
2040,2188
2055,2098
2074,2066
2077,2353
2108,2299
2104,1968
2117,1947
2119,2135
2104,2203
2116,1897
2104,2210
2100,1983
2077,2035
2106,1912
2124,2059
2103,1912
2132,1797
2139,2044
2137,2161
2136,1831
2146,2098
2151,2099
2143,2185
2148,2036
2139,2121
2129,1897
2120,2017
2116,2265
2139,2153
2125,2133
2135,1931
2129,2227
2127,2238
2123,2036
2123,2033
2134,2043
2093,2089
2087,1813
2083,2068
2090,2233
2072,2165
2069,1720
2071,2057
2057,2088
2071,1998
2088,2112
2074,2142
2045,2112
2067,1730
2063,2133
2043,2454
2028,2104
2028,2144
2029,2231
2012,2309
2024,1521
2013,1965
2009,2285
2010,2133
2016,2037
2008,2351
2013,2355
2008,1709
1992,1721
1993,1989
2004,2137
2002,1933
1998,2066
2018,2357
2007,1892
2016,1792
2025,2212
2025,2064
2040,1899
2021,2195
2044,2249
2042,2006
2043,1820
2063,2110
2043,1807
2048,1846
2072,2041
2056,2304
2057,1965
2065,2080
2064,2155
2078,2015
2093,1784
2091,2086
2102,2185
2116,1996
2117,2034
2118,2288
2129,1733
2136,1467
2121,1832
2140,2024
2124,1767
2116,2295
2139,2037
2146,1867
2147,2093
2155,2141
2165,2107
2156,2115
2153,1885
2156,1946
2152,2230
2159,2165
2127,2181
2137,2070
2121,2076
2128,1968
2136,1879
2143,1993
2123,2035
2127,1895
2123,1937
2107,2157
2123,1928
2126,1933
2129,2298
2109,1942
2124,2015
2104,2199
2087,2184
2091,2033
2071,1940
2081,2172
2072,2098
2055,2058
2064,2200
2069,2203
2067,2005
2043,1939
2029,2067
2030,2064
2010,1865
1997,2187
2001,2216
2000,2041
2013,1937
2014,1685
2007,2169
2003,1935
2015,1835
2003,2028
2010,2004
2014,1943
1998,2108
1993,2093
1992,2103
1991,1971
1987,1958
1988,2025
1992,2142
2009,2253
2000,2080
2011,2094
2002,2039
2013,2203
2021,1981
2052,2055
2025,2289
2037,2121
2059,1797
2068,2063
2070,2219
2084,1983
2088,2161
2073,1949
2065,1847
2076,2154
2076,1977
2075,1915
2067,1817
2072,1893
2073,1850
2088,2421
2075,2058
2087,2168
2097,2120
2108,1891
2128,2115
2104,2268
2103,2208
2143,2068
2140,2055
2135,2070
2157,2225
2153,1964
2151,2092
2148,1781
2151,1819
2137,1712
2134,1929
2132,1899
2131,1838
2104,2289
2093,2325
2102,2133
2092,2229
2074,1984
2096,2083
2101,2252
2084,1975
2097,1916
2087,1771
2067,1963
2067,1976
2102,2054
2058,1941
2053,2319
2053,1808
2046,2067
2041,1912
2029,2336
2028,2044
2019,2199
2007,2200
2010,2043
1984,1700
1976,2035
1991,2251
1980,1786
1987,1970
1984,1953
1982,2092
1995,2067
1991,2212
1990,1654
1969,1768
1993,1818
2007,2364
1968,1925
1980,2069
1991,2354
1995,2086
1991,1717
1976,2343
1975,2063
1982,1875
1982,2090
1999,2423
1999,1960
2005,2071
2028,2425
2013,2240
2027,2020
2020,1521
2036,2119
2025,2005
2031,1713
2024,1847
2039,2140
2043,1912
2057,2529
2065,2260
2092,1931
2091,1696
2071,1893
2092,2520
2103,2355
2092,1983
2112,1879
2102,2075
2105,2101
2097,1962
2119,1975
2124,2471
2139,2543
2139,2109
2125,1749
2121,1717
2106,1065
2116,1840
2107,2505
2107,2257
2124,1507
2132,2039
2105,2216
2138,1440
2132,2192
2115,2348
2137,1740
2146,1547
2127,2235
2101,1905
2102,2572
2076,2094
2084,1693
2081,2192
2060,2258
2067,2028
2058,1948
2023,2216
2033,1839
2035,2163
2036,1849
2027,2225
2023,1800
2024,1935
2027,1915
2043,1976
2033,1839
2048,1797
2032,1648
2020,1819
1995,1691
1994,1633
1971,1927
1972,2468
1968,2085
1987,2385
1969,2162
1957,1331
1976,1179
2004,1873
1997,1803
2020,2163
1982,2821
1969,2405
2008,1851
1998,1707
1996,1689
2009,1421
2027,1987
2007,2263
2023,2388
2021,2254
2008,2137
2024,2300
2012,2285
2003,2159
2009,1859
2042,2024
2041,1631
2043,1865
2068,2263
2073,2532
2065,2107
2089,1929
2077,1785
2075,1947
2069,1655
2083,1433
2082,1523
2101,2015
2133,2407
2119,2472
2127,1903
2143,1728
2120,2007
2129,2403
2155,2268
2128,2105
2132,2065
2135,2459
2112,2505
2152,2162
2148,1817
2149,1968
2129,2249
2128,2275
2120,2264
2092,1771
2097,2116
2083,2410
2099,2143
2100,2088
2090,2299
2107,2205
2128,1837
2112,2334
2123,2272
2089,1938
2099,2111
2092,2271
2069,2157
2081,1952
2073,1637
2041,1746
2037,1841
2025,1675
2033,2255
2035,2179
2045,2344
2020,2249
2001,2160
2008,2115
1995,2172
2001,2021
2007,2282
1988,2076
1982,1938
1979,1976
1957,2031
1993,2400
2000,2212
1993,1957
1980,1797
1961,1712
1976,1749
1969,2016
1981,2055
1995,2282
1984,2125
1993,2168
1978,2115
1969,2165
1995,1936
1997,2222
1999,2024
2008,2247
1991,2155
2001,2067
2011,1883
2007,1891
2042,2188
2045,2102
2055,2095
2039,1703
2028,1859
2036,1909
2044,2028
2060,2112
2072,2346
2053,2172
2057,1957
2071,1979
2088,1816
2101,2112
2088,2073
2093,2240
2091,1971
2082,1943
2097,1939
2103,2057
2091,1951
2128,2037
2120,1863
2129,1771
2146,1968
2133,2078
2147,2168
2139,2292
2132,2141
2117,1787
2091,1828
2094,1872
2082,1839
2075,2045
2089,2173
2073,2080
2090,2088
2096,2197
2079,2149
2085,1879
2077,2054
2076,2166
2089,1978
2071,1772
2056,1978
2053,1932
2027,1997
2035,2093
2025,2159
2029,2139
2018,2112
2022,2058
2007,1978
2009,1980
2007,1963
2011,1993
2007,2080
2001,2152
1988,2073
1969,2103
1977,2056
1963,2028
1965,1967
1947,1981
1957,1955
1963,2017
1963,2074
1972,2071
1969,2101
1987,2071
1977,2111
1988,2072
1979,2001
1976,1983
1975,1994
1995,1987
1999,2028
1997,2070
2000,2040
1997,2088
2013,2063
2017,2096
2023,2029
2024,2025
2028,2077
2026,2053
2029,1995
2025,1996
2033,1979
2058,1979
2065,2004
2073,2084
2077,2085
2075,2111
2081,2066
2081,2072
2085,2035
2104,1914
2096,1852
2104,1944
2103,2016
2108,2041
2104,2084
2107,2099
2109,2087
2120,2041
2124,2103
2126,2021
2123,2051
2130,2015
2127,2026
2127,2037
2128,2080
2128,2042
2127,2073
2116,2033
2116,2040
2104,2027
2112,2032
2101,2053
2104,2068
2101,2072
2089,2065
2083,2024
2080,2007
2076,2015
2072,2039
2061,2072
2045,2041
2043,2029
2024,2029
2031,2023
2020,2015
2024,2067
2022,2023
2015,2067
2015,2089
2028,2080
2019,2056
2027,2043
2009,2074
1996,2036
1991,2030
1976,2030
1974,2064
1979,2042
1975,2041
1961,2068
1972,2103
1957,2071
1968,2043
1967,2053
1966,2019
1976,2030
1975,2067
1979,2023
1976,2063
1979,2059
1983,2006
1994,1987
2006,2029
1997,2057
2009,2063
2007,2063
2007,2025
2007,2040
2016,2016
2016,2041
2019,1993
2015,2024
2019,2054
2027,2017
2032,2063
2045,2070
2053,2075
2044,2041
2065,1997
2072,2072
2069,2001
2067,2037
2083,2032
2083,2071
2093,2035
2093,2035
2096,2039
2093,2039
2101,1999
2104,2054
2097,2028
2103,2011
2118,2036
2111,2069
2108,2037
2120,2067
2120,2019
2127,2029
2113,2024
2115,2025
2102,2042
2103,2065
2096,1971
2089,1999
2087,2055
2083,2035
2087,2043
2087,2021
2073,2055
2074,2073
2081,2063
2074,2033
2065,2040
2069,2067
2059,2035
2055,2058
2041,2042
2040,2044
2029,2073
2024,2067
2018,2075
2019,2044
2009,2063
2008,2025
2003,2065
2001,2043
1983,2034
1990,2057
1979,2041
1973,2027
1989,2025
1975,2047
1980,2023
1977,2055
1975,2045
1975,2041
1977,2073
1976,2003
1969,2051
1963,2065
1968,2081
1965,2044
1969,2037
1969,2035
1971,2037
1981,2038
1981,2019
1987,2025
1971,2021
1993,2063
1991,2029
2007,2056
2001,2024
2013,2037
2019,2048
2031,2056
2035,2043
2040,2027
2039,2009
2059,2078
2056,2063
2055,2007
2068,2056
2067,2037
2075,2076
2077,2055
2075,2052
2088,2025
2097,2064
2095,2060
2096,2044
2107,2041
2116,2019
2111,2041
2119,2059
2114,2037
2132,2029
2128,2025
2136,2076
2129,2055
2127,2063
2136,2067
2135,2048
2123,2066
2121,2037
2129,1997
2123,2043
2121,2058
2123,2040
2113,2072
2109,2053
2105,2027
2113,2058
2097,2065
2099,2052
2096,2035
2092,2007
2090,2003
2086,2027
2073,2034
2079,2084
2075,2068
2073,2024
2066,2079
2054,2033
2037,2036
2039,2056
2025,2009
2029,2052
2023,2037
2026,2005
2024,2039
2016,2042
2012,1992
2017,2026
2003,2063
2008,2068
2007,2067
1997,2064
2001,2034
1989,1987
1995,2017
1999,2072
1993,2068
2000,2070
1995,2068
1995,2079
2007,2052
2006,2063
2019,2015
2016,2021
2015,2020
2014,2073
2017,2041
2027,2039
2025,2047
2029,2039
2041,2023
2039,2063
2048,2061
2053,2057
2063,2033
2076,2045
2080,2080
2087,2065
2097,2044
2097,2019
2105,2011
2102,2015
2103,2008
2112,2022
2106,2023
2102,2018
2124,2019
2124,2029
2127,2035
2133,2054
2133,2027
2136,2045
2143,2071
2152,2024
2159,2046
2149,2018
2150,2011
2149,2063
2152,2013
2154,2023
2155,2009
2143,2028
2148,2072
2146,2019
2140,2015
2139,2053
2137,2069
2132,2030
2108,2057
2121,2086
2119,2041
2111,1996
2094,2024
2088,2041
2091,2027
2088,2068
2086,2029
2077,2065
2073,2044
2065,2003
2063,2052
2043,2035
2046,2019
2036,2009
2039,2063
2027,2043
2017,2067
2019,2056
2011,2013
2006,2075
2004,2078
1993,2021
1995,2037
1981,2075
1995,2080
1979,2048
1975,2065
1971,2064
1975,2079
1972,2087
1971,2048
1975,2048
1975,2017
1978,2028
1966,2028
1983,2054
1976,2029
1992,2041
1980,2039
1993,2056
1999,2011
1997,2040
2000,2039
2001,1978
2015,2073
2015,2018
2024,2033
2019,2048
2028,2065
2033,2027
2040,2024
2047,2027
2044,2043
2043,2063
2059,2029
2066,1991
2067,2024
2073,2044
2073,2018
2083,2063
2089,2035
2091,2063
2087,2027
2093,2019
2105,2056
2105,2048
2105,2048
2105,2045
2109,2068
2124,2038
2120,2075
2117,2032
2124,2040
2117,2041
2121,2017
2107,2055
2121,2069
2112,2079
2119,2072
2111,2038
2106,2018
2104,2033
2100,2023
2093,2042
2086,2009
2083,2030
2081,2030
2078,2072
2072,2068
2069,2059
2070,2011
2064,2035
2055,2029
2045,2064
2044,2072
2037,2041
2033,2056
2017,2027
2022,2058
2010,2015
2012,2055
2009,2072
2002,2067
1995,2021
1992,2055
1989,2067
1998,2041
1986,2056
1992,2075
1987,2067
1984,2072
1976,2038
1978,2017
1976,2067
1971,2035
1975,2045
1979,2038
1993,2037
1987,2043
1993,2074
1990,2039
1999,2080
2003,2077
2003,2063
2010,2019
2009,2022
2019,2075
2024,2056
2015,2024
2030,2063
2027,2025
2029,2062
2039,2031
2055,2021
2063,2058
2063,2043
2071,2041
2078,2077
2083,2055
2083,2055
2087,2040
2095,2019
2104,2063
2105,2032
2112,2047
2116,2041
2116,2019
2121,2040
2123,2024
2131,2024
2143,2043
2133,2067
2146,2044
2139,2072
2144,2044
2137,2087
2145,1992
2148,2007
2144,2007
2140,2057
2135,2073
2143,2072
2139,2069
2133,2051
2136,2008
2129,2024
2117,1999
2115,2028
2115,2072
2109,2067
2104,2027
2094,2055
2087,2073
2091,2027
2083,2023
2079,2027
2071,2067
2068,2054
2071,2039
2063,2020
2057,2031
2053,2012
2035,2037
2032,2060
2029,2019
2016,1995
2014,2011
2013,2054
2013,2066
2008,2080
2006,2025
1995,2089
1991,2047
2001,2056
2007,2075
1992,2029
1981,2010
1991,2063
1989,2043
1983,1997
1993,2054
1984,2025
1989,2065
1988,2056
2005,2005
2008,2072
2006,2077
2008,2