2117,1836
2143,2206
2133,2211
2127,2015
2129,2122
2103,2341
2104,2144
2096,2012
2089,1993
2092,1940
2087,2004
2091,2121
2075,1942
2073,2035
2071,2534
2061,2251
2068,1763
2048,1553
2031,1897
2032,1609
2016,1769
1995,2085
1995,2321
2004,2072
2001,1950
1995,1776
1972,1784
1967,1939
1975,2069
1963,2040
1977,2123
1972,2103
1963,2144
1960,2073
1945,1912
1952,1800
1959,2068
1967,2339
1964,2018
1984,2086
1973,2045
1960,2023
1971,1893
1958,2027
1961,1817
1971,2041
1971,2079
1958,1956
1961,2043
1984,2299
1982,2265
1999,2186
1989,2071
1991,1917
1996,2100
1976,2367
1997,2280
2027,2191
2045,2150
2062,1967
2044,2063
2063,1966
2084,1835
2080,1875
2071,2105
2043,2256
2080,2283
2063,2011
2056,2022
2069,2021
2079,1965
2075,1819
2085,1764
2097,2087
2107,1969
2114,1951
2100,2254
2103,2109
2100,1786
2107,1931
2119,1941
2117,1723
2107,1998
2115,2449
2088,2323
2091,1789
2092,2335
2091,2377
2096,1933
2075,2030
2053,2055
2068,1947
2068,2059
2068,2214
2082,2004
2071,2167
2056,1951
2057,2179
2043,1875
2048,1661
2041,1684
2041,2273
2025,1926
2011,2015
2008,2125
2005,1847
2008,1960
2008,2015
1999,1871
1997,1955
1992,1751
1968,1900
1975,2007
1989,1981
1995,1991
1991,1801
1979,1660
1984,2000
1971,1893
1963,2197
1972,2256
1988,2151
1980,2063
1972,2243
1975,2017
1978,1957
1975,1955
1987,2253
1991,2183
2008,2295
2005,2247
1997,1909
2001,1869
2003,2091
2004,1897
2024,1900
2019,2265
2033,1964
2032,2078
2020,2129
2029,1721
2046,1693
2040,1971
2057,2193
2054,1993
2070,1843
2076,2011
2075,2170
2104,2069
2106,2071
2112,2189
2129,2296
2119,2142
2129,2259
2129,2316
2133,2003
2128,1844
2131,1800
2120,1908
2118,1969
2109,2203
2129,2240
2129,2189
2135,2113
2135,2068
2131,1944
2133,1943
2133,1928
2133,2003
2140,2105
2131,2103
2121,2171
2127,2056
2115,1951
2099,2027
2119,2028
2112,1987
2110,2072
2108,2167
2104,2152
2105,2116
2097,1969
2087,1987
2090,2020
2075,2005
2076,2027
2063,2122
2057,2063
2056,2011
2039,2098
2045,2020
2040,2030
2029,2073
2022,2063
2012,2052
2004,2085
1994,2036
2003,1989
1997,2028
1990,2040
1981,1981
1975,2071
1972,2048
1979,2063
1987,2063
1983,2039
1984,2058
1987,2032
1981,2048
1979,2029
1987,2031
1967,2062
1980,2045
1977,1979
1969,2029
1976,1994
1982,2009
1984,2060
1994,2048
2001,2070
2001,2089
2003,2023
2009,2091
2014,2056
2020,1997
2020,2033
2020,2062
2020,2001
2023,2037
2033,2053
2035,2027
2045,1997
2048,2025
2055,2031
2061,2060
2057,2072
2059,2075
2063,2043
2059,2030
2080,2013
2084,2065
2087,2035
2094,2022
2099,2023
2099,2071
2104,2048
2103,2043
2108,2008
2093,2072
2107,2055
2099,2054
2096,2009
2089,2060
2087,2045
2089,2032
2087,2017
2087,2034
2072,2027
2077,2060
2079,2079
2069,2076
2077,2039
2065,2066
2068,2055
2063,2059
2057,2062
2063,2025
2063,2079
2056,2029
2034,2021
2021,2028
2019,2033
2015,2040
2003,2072
1998,2080
1977,2056
1990,2041
1976,2048
1971,2045
1975,2005
1965,2027
1966,2035
1962,2060
1961,2068
1956,2011
1961,2043
1954,2046
1955,2073
1958,2033
1953,2071
1953,2054
1960,2071
1953,2041
1960,2009
1965,2029
1959,2048
1953,2056
1968,2041
1966,2040
1969,2041
1976,2072
1979,2063
1992,2057
1990,2043
2003,2074
2001,2076
2007,2005
2011,2020
2010,2019
2019,2080
2019,2040
2017,2059
2022,2066
2021,2055
2041,2072
2048,2040
2063,2075
2066,2019
2065,2097
2075,2035
2080,2053
2088,2037
2092,2035
2091,2020
2101,2009
2105,2019
2103,2048
2106,2043
2101,2035
2115,2012
2120,2029
2119,2047
2120,2056
2117,2001
2125,2053
2121,2067
2120,2065
2125,1995
2127,2043
2117,2020
2117,2023
2109,2026
2105,2029
2103,2075
2096,2035
2087,2063
2092,2063
2087,2071
2084,2061
2083,2004
2067,2028
2075,2019
2072,2035
2063,2027
2057,2060
2044,2039
2044,2056
2031,2038
2040,2061
2021,2065
2028,2060
2017,2046
2017,2017
2005,2080
2008,2033
2003,2009
1993,2071
2003,2041
1999,2036
1992,2077
1994,2019
1991,2064
1987,2054
1998,2068
1981,2074
1984,2080
2001,2064
2005,2055
2003,2027
2005,2037
2007,2039
2012,2065
2018,2048
2021,2013
2024,2023
2025,2020
2025,2015
2027,2038
2037,2071
2039,2011
2042,2072
2056,2074
2056,2042
2057,1995
2067,2029
2073,2066
2071,1996
2088,2003
2087,2053
2094,2027
2103,2059
2101,2063
2118,2015
2127,2038
2129,2054
2136,2019
2143,2080
2136,2059
2137,2035
2150,2039
2148,2035
2157,2060
2155,2063
2158,2066
2163,2051
2157,2019
2157,2023
2163,2071
2160,2033
2157,2014
2164,2048
2158,2087
2155,2088
2147,2040
2143,2079
2137,2046
2142,2007
2133,2037
2124,2063
2129,2076
2122,2070
2119,2043
2121,2080
2119,2028
2109,2040
2102,2052
2095,2056
2089,2026
2083,2063
2080,2046
2080,2041
2065,2083
2066,2042
2057,2044
2061,2010
2048,2007
2051,2044
2025,2076
2029,2056
2028,2035
2021,2048
2013,2070
2005,2062
2003,2041
2003,2041
2001,2059
2001,2037
1995,2044
1989,2012
1996,2070
1976,2041
1992,2029
1979,2027
1995,2047
1987,2002
2000,2009
1989,2011
2000,2027
2000,2012
2001,2048
2006,2059
2015,2043
2013,2054
2017,2069
2023,2011
2026,2023
2029,2045
2035,2007
2036,2011
2045,2070
2043,2038
2037,2041
2053,2035
2053,2059
2068,2059
2075,2015
2074,2029
2073,2055
2085,2036
2088,2063
2091,2039
2089,2052
2101,2011
2102,2033
2097,2029
2106,2029
2116,2039
2112,2066
2117,2072
2115,2043
2123,2066
2117,2037
2103,2013
2107,2029
2103,2023
2097,2048
2103,2064
2096,2013
2094,2018
2090,2076
2091,2048
2080,2077
2080,2072
2082,2077
2071,2077
2065,2068
2063,2069
2068,2058
2063,2035
2053,2022
2057,2024
2043,2005
2037,2051
2031,2063
2021,2075
2021,2041
2007,2069
2018,2053
2007,2069
2008,2060
2006,2011
1989,2033
1989,2051
1984,2029
1973,2064
1965,2067
1971,2021
1965,2076
1961,2041
1968,2025
1965,2065
1970,2070
1971,2039
1973,2069
1971,2071
1977,2029
1978,2028
1969,2056
1983,2036
1980,2037
1983,2063
1981,2037
1987,2038
1999,2037
2005,2065
2002,2058
2005,2041
2012,2003
2020,2007
2024,2067
2032,2055
2039,2088
2036,2067
2039,2063
2052,2075
2053,2072
2065,2032
2071,2038
2073,2033
2081,2043
2081,2057
2085,2005
2099,2011
2091,2037
2101,2043
2108,2008
2119,1997
2113,2008
2120,2039
2128,2007
2129,2048
2132,2065
2125,2040
2133,2077
2139,2073
2143,2075
2137,2007
2136,2043
2136,2058
2133,2033
2144,2040
2138,2044
2133,2019
2139,2023
2132,1993
2118,2033
2121,1999
2115,2072
2120,2058
2115,2053
2101,2025
2097,2048
2096,2024
2087,2035
2086,2021
2088,2044
2073,2031
2069,2035
2059,2079
2059,2063
2056,2074
2056,2036
2056,2011
2036,2063
2043,2022
2023,2071
2030,2001
2025,2044
2011,2077
2015,2019
2009,2068
2008,2076
2005,2036
2004,2035
1999,2031
2007,2047
2005,2017
2008,2053
2003,2059
2003,2036
2007,2039
2007,2040
2013,2029
1999,2045
2007,2043
2008,2054
2020,2005
2016,2068
2019,2015
2029,2056
2023,2001
2029,2038
2036,2017
2035,2033
2039,2043
2055,2021
2044,2056
2051,2025
2063,2034
2065,2044
2075,2037
2080,2025
2079,2023
2084,2017
2083,2060
2097,2024
2095,2063
2097,2063
2107,2075
2115,2040
2118,2004
2109,2029
2107,2030
2115,2041
2130,2017
2136,2042
2136,2029
2135,2027
2136,2019
2135,2047
2129,2056
2119,2069
2132,2071
2121,2041
2127,2037
2127,2071
2123,1993
2117,2070
2103,2037
2103,2043
2091,2061
2089,2015
2087,2029
2093,2011
2085,2021
2085,2047
2073,2056
2067,2039
2063,2026
2067,2039
2045,2065
2045,2036
2036,2027
2035,2028
2026,2056
2024,2025
2016,2079
2003,2021
2003,2071
2005,2066
1991,2043
1992,2003
1980,2011
1977,2045
1979,2008
1975,2067
1973,2057
1971,2024
1973,2064
1961,2074
1970,2036
1963,2056
1965,2033
1963,2007
1965,2052
1972,2025
1972,2045
1974,2023
1971,2062
1978,2066
1973,2042
1992,2035
1978,2071
1993,2043
1999,2057
2000,2026
2008,2030
2003,2071
2009,2017
2015,1996
2021,2073
2031,2030
2027,2034
2040,2013
2035,2022
2039,2003
2045,2027
2059,2032
2065,2019
2072,2053
2080,2043
2084,2017
2087,2043
2097,2011
2101,2040
2103,2053
2104,2026
2099,2069
2112,2055
2116,2045
2115,2075
2123,2041
2121,2055
2128,1999
2116,2059
2126,2018
2127,2019
2123,2021
2119,2040
2115,2071
2107,2025
2124,2023
2116,2028
2103,2001
2101,2075
2100,2063
2104,2019
2103,2017
2091,2042
2091,2076
2076,2019
2073,2065
2079,2068
2075,2067
2068,2043
2059,2048
2053,2058
2056,2010
2038,2035
2037,2036
2039,2023
2036,2053
2027,2045
2023,2037
2011,2043
2014,2068
2004,2041
2002,2071
2008,2066
2003,2025
2001,2021
2000,2079
2003,2041
2003,2044
1997,2039
2001,2023
1991,2078
2002,2035
2002,2058
2003,2051
2003,2075
2005,2073
2005,2053
2013,2035
2015,2062
2022,2012
2017,2057
2023,2037
2029,2022
2040,2035
2044,2033
2054,2036
2060,2046
2063,2038
2071,2079
2071,2078
2077,2008
2083,2063
2083,2027
2095,2044
2096,1987
2108,2015
2108,2063
2103,2063
2105,2043
2125,2067
2125,2059
2136,2079
2136,2066
2143,2023
2133,2055
2148,2027
2152,2042
2148,2058
2152,2056
2137,2019
2157,2007
2154,2055
2159,2063
2160,2042
2155,2042
2152,2060
2141,2052
2152,2047
2150,2024
2144,2043
2143,2021
2136,2040
2136,2053
2128,2007
2126,2043
2121,2020
2109,2007
2112,2043
2108,2036
2098,2055
2089,2065
2092,2069
2083,2043
2080,2033
2076,2005
2069,2029
2063,2027
2061,1991
2043,2008
2024,2041
2025,2065
2028,2008
2028,2065
2027,2039
2006,2066
2014,2088
2008,2024
1999,2078
1995,2056
1987,2079
1986,2063
1984,2066
1988,2048
1977,2055
1982,2045
1981,2069
1982,2024
1977,2071
1977,2048
1984,2044
1995,2066
1984,2072
1995,2023
2000,2042
2007,2003
2007,2065
2011,1981
2003,2043
2008,2061
2016,2027
2017,2070
2028,2068
2029,1995
2024,2056
2040,2053
2038,2053
2053,2019
2059,2033
2056,2046
2075,2027
2071,2009
2068,2019
2081,2045
2073,2071
2081,2023
2088,1993
2100,2044
2098,2051
2101,2039
2112,2064
2106,2027
2118,2019
2115,2053
2122,2041
2117,2067
2120,2038
2129,2039
2120,2054
2117,2055
2122,2051
2117,2069
2123,2045
2108,2063
2111,2073
2107,2072
2107,2007
2097,2048
2084,2065
2091,2068
2094,2039
2090,2079
2083,2044
2082,2020
2076,2041
2075,2036
2063,2025
2061,1991
2056,2021
2035,2065
2031,2015
2024,2047
2024,2054
2019,2052
2007,2019
2008,2035
2011,2013
2008,2052
2001,2024
1999,2065
1981,2031
1981,2037
1989,2030
1984,2068
1984,2074
1981,2071
1980,2089
1975,2072
1973,2040
1978,2019
1980,2040
1979,2015
1975,2024
1981,2056
1981,2003
1984,2055
1989,2030
1995,2035
2000,2035
2008,2005
2001,2045
2016,2068
2013,2044
2023,2005
2023,2025
2029,2063
2040,2043
2040,2038
2046,2080
2056,2029
2057,2037
2065,2071
2071,2025
2071,2046
2087,2040
2091,2059
2095,2017
2091,2055
2099,2046
2107,2054
2117,2008
2121,1997
2117,2013
2125,2061
2131,2018
2146,2040
2149,2042
2153,2035
2147,2079
2158,2039
2148,2072
2151,2079
2159,2041
2152,2055
2150,2071
2157,2009
2157,2035
2144,2041
2138,2070
2143,2063
2136,2044
2139,2040
2131,2048
2123,2061
2123,2013
2119,2057
2115,2063
2108,2056
2101,2064
2095,2060
2095,2022
2081,1996
2083,2025
2077,2039
2070,2023
2056,2035
2063,2007
2053,2027
2040,2030
2041,2065
2033,2020
2027,2083
2024,2080
2015,2072
2007,2076
2008,2056
2009,2056
2000,2035
1991,2042
1995,2007
1995,2047
1992,2029
1992,2065
1992,2079
1995,2037
1999,2029
1992,2027
2001,2027
1991,2063
1991,2027
2003,2059
2001,2039
1997,2072
2001,2067
2007,2043
2016,2046
2023,2057
2019,2060
2027,2028
2025,2083
2039,2035
2037,2039
2035,2017
2047,2063
2061,2017
2065,2039
2068,2039
2069,2015
2079,2077
2079,2053
2091,2029
2094,2056
2092,2027
2100,2063
2101,2017
2108,2037
2118,2037
2119,2028
2120,2027
2115,2040
2127,2044
2129,1976
2131,2015
2121,2068
2133,2076
2136,2039
2129,2048
2132,2001
2129,1991
2131,2017
2125,2044
2127,2022
2128,2009
2117,2021
2116,2037
2109,2039
2116,2080
2097,2063
2093,2029
2095,2069
2091,2056
2084,2054
2085,2013
2075,2068
2075,2072
2074,2043
2063,2039
2057,2006
2056,2038
2041,2080
2039,2047
2033,2043
2029,2052
2024,2055
2016,2079
2015,2051
2007,2071
2007,2071
1995,2065
1994,2023
1989,2028
1992,2065
1991,2056
1980,2056
1983,2076
1981,2021
1979,2028
1973,2001
1976,2011
1972,2053
1979,2023
1978,2071
1980,2033
1973,2069
1976,2069
1977,2059
1999,2021
1994,2043
1998,2021
2004,2025
2008,2011
2004,2063
2011,2039
2025,2035
2011,2062
2021,2035
2026,2053
2029,2072
2047,2078
2053,2072
2044,2045
2063,2023
2057,2047
2078,2060
2077,2066
2081,2011
2096,2027
2093,2053
2103,2027
2100,2017
2105,2064
2115,2021
2114,2051
2121,2067
2120,2045
2127,2028
2130,2038
2135,2053
2137,2059
2138,2053
2127,2040
2123,2071
2133,2063
2131,2079
2136,2091
2132,2067
2132,2060
2132,2027
2123,2040
2126,2003
2117,2017
2114,2036
2109,2021
2099,2058
2091,2031
2087,2072
2087,2068
2091,2089
2087,2060
2081,2038
2069,2039
2067,2063
2057,2080
2053,2071
2056,2068
2045,2036
2033,2056
2040,2041
2033,2075
2019,2005
2025,2009
2011,2030
2008,2019
2012,2022
2000,2035
2003,2069
1993,2056
1992,2072
1999,1995
1996,2035
1996,2019
1985,2043
1984,2033
1979,2047
1989,2022
1992,2019
1987,2030
1992,2064
1996,2035
1991,2007
2003,2067
2003,2063
2009,2071
2012,2067
2016,2078
2020,2005
2024,1993
2023,2037
2035,2056
2029,1995
2041,2069
2039,2028
2063,2080
2063,2004
2072,2011
2067,2044
2075,2039
2081,2057
2083,2023
2087,2071
2087,2032
2096,2011
2104,2027
2115,2066
2113,2055
2120,2007
2119,2015
2127,2025
2127,2059
2131,2040
2133,2041
2125,2043
2129,2009
2139,2048
2148,2011
2144,2029
2136,2021
2144,2043
2143,2065
2135,2037
2138,2011
2136,2035
2129,2080
2123,2072
2121,2055
2117,2044
2112,2044
2105,2053
2109,2023
2093,2045
2096,2027
2089,2047
2084,2037
2073,2048
2079,2068
2070,2008
2067,2039
2054,2048
2043,2068
2044,2035
2033,2067
2032,2028
2028,2055
2019,2064
2020,2058
2004,2027
2007,2019
2002,2018
1993,2075
1999,2074
1993,2056
1982,2071
1992,1997
1981,2021
1990,2005
1987,2037
1991,2072
1987,2008
1984,2055
1984,2033
1988,2080
1984,2067
1982,2036
1992,2057
1995,2047
1998,2025
2004,2035
2000,2064
2011,2017
2004,2041
2008,2040
2013,2038
2025,2056
2027,2044
2032,2065
2040,2025
2044,2019
2043,2055
2041,2035
2065,2072
2065,2052
2071,2039
2079,2038
2083,2015
2082,2040
2092,2065
2095,2048
2093,2063
2087,2039
2109,2055
2115,2057
2116,2039
2123,2017
2122,2021
2131,2019
2134,2038
2127,2027
2135,2033
2135,2056
2130,2029
2135,2040
2135,2024
2127,2033
2131,2035
2130,2035
2132,1996
2125,2061
2124,2069
2122,2007
2114,2042
2111,2063
2108,2066
2107,2027
2094,2025
2107,2030
2094,2042
2083,2072
2083,2007
2082,2024
2074,2062
2066,2029
2063,2077
2056,2007
2033,2063
2033,2077
2039,2051
2032,2015
2024,2021
2020,2037
2009,2059
2009,2029
2008,2011
2001,2017
2007,2027
2001,2057
1995,2027
1995,2027
1990,2039
1997,2040
1990,2063
1989,2042
1991,2055
1994,2043
1984,2037
1994,2063
1981,2045
2001,2068
1997,2027
1995,2025
1999,2015
2012,2015
2011,2063
2019,2035
2027,2044
2020,2040
2025,2045
2025,2065
2027,2071
2043,2059
2047,2056
2052,2025
2044,2019
2068,2041
2063,2015
2073,2061
2080,2055
2085,2008
2086,2040
2077,2019
2097,2048
2104,2033
2101,2040
2112,2052
2119,2048
2124,1997
2124,2021
2131,2025
2124,2027
2136,2025
2131,2075
2133,1982
2133,2041
2133,2042
2129,2069
2127,2053
2131,2060
2140,2019
2138,2031
2135,2072
2120,2078
2123,2065
2122,2075
2124,2011
2115,2088
2101,2060
2099,2029
2107,2076
2101,2066
2087,2019
2077,2011
2080,2038
2079,2056
2075,2015
2071,2040
2045,2060
2053,2043
2044,2056
2031,2063
2035,2011
2024,2030
2023,2054
2021,2019
2011,2080
2003,2053
2004,2076
1998,2004
2003,2041
1992,2066
1990,2035
1990,2077
1987,2017
1980,2068
1975,2003
1981,2072
1983,2048
1975,2009
1978,2019
1984,2028
1981,2038
1982,2044
1987,2096
1977,2068
1971,2063
1994,2011
1996,2072
1995,2063
1993,2063
2005,2033
2009,2060
2011,2072
2021,2051
2015,2035
2027,2042
2027,2028
2039,2063
2044,2038
2054,2072
2056,2037
2043,2059
2077,2039
2065,1995
2073,2018
2084,2054
2088,2076
2096,2004
2091,2057
2104,2044
2100,2029
2099,2021
2117,2041
2121,2053
2120,2039
2123,2068
2130,2042
2133,2030
2123,2040
2130,2015
2125,2053
2124,2035
2131,2073
2129,2073
2130,2059
2128,2025
2129,2019
2127,2042
2115,2053
2112,2038
2117,2072
2118,2024
2102,2031
2095,2046
2097,2023
2091,2056
2089,2072
2079,2071
2077,2064
2067,2045
2075,2076
2068,2017
2056,2060
2056,2043
2039,2043
2045,2055
2039,2045
2024,2046
2025,2074
2023,2020
2020,2063
2008,2042
2007,2025
2001,2044
2000,2070
2001,2064
1995,2057
1991,2071
1988,2019
1996,2019
1992,2031
1979,2042
1978,2073
1984,2021
1981,2015
1984,2072
1979,2015
1999,2042
1999,2027
1996,2025
1994,2056
2003,2023
2004,2037
2008,2037
2008,2071
2006,2040
2024,1997
2022,2021
2024,2010
2038,2005
2032,2041
2045,2028
2047,2059
2045,2080
2058,2018
2063,2009
2065,2015
2073,2021
2077,2072
2078,2057
2093,2035
2074,2065
2091,2091
2091,1989
2104,2072
2111,2061
2109,1993
2116,2076
2117,2056
2103,2063
2120,2036
2115,2011
2124,2037
2130,2035
2128,2063
2131,2039
2126,2029
2123,2075
2128,2027
2119,2059
2115,2020
2127,2011
2120,2008
2119,2030
2107,2029
2111,2063
2097,2078
2096,2072
2087,2054
2083,2029
2092,2039
2077,2068
2080,2010
2079,2044
2069,2076
2063,2064
2062,2019
2043,2053
2041,2028
2039,2052
2025,2031
2021,2008
2018,2028
2015,2001
2015,2043
2004,2053
1997,2065
2008,2045
1982,2042
1991,2076
1988,2044
1987,2022
1982,2044
1979,2060
1980,2041
1963,2029
1982,2077
1983,2075
1982,2023
1991,2018
1979,2071
1990,2038
1989,2076
1982,2068
1992,2065
1992,2054
2000,2024
1997,2020
2006,2063
2013,2009
2023,2019
2023,2056
2025,2056
2031,1995
2030,2036
2031,2078
2054,2072
2053,2064
2068,2019
2071,2008
2071,2053
2077,2029
2087,2013
2087,2072
2087,2068
2092,2080
2096,2019
2108,2021
2104,2033
2120,2063
2124,2035
2119,2055
2124,2009
2135,2069
2133,2045
2131,2055
2136,2063
2144,2063
2144,2006
2137,2063
2141,2051
2145,2007
2145,2021
2141,2017
2133,2039
2131,2069
2136,2075
2133,2048
2127,2057
2123,2037
2122,2060
2121,2056
2112,2042
2112,2007
2102,2037
2102,2038
2094,2057
2095,2080
2088,2015
2088,2013
2071,2069
2071,2018
2071,2079
2063,2029
2056,2043
2047,2054
2035,2029
2032,2063
2032,2057
2019,2039
2016,2012
2009,2029
2007,2038
2011,2060
2008,2035
2012,2046
2003,2063
2000,2004
2005,2068
1999,2071
1997,2072
2008,2034
2009,2063
2003,2043
2000,2043
2008,2057
2007,2071
2003,2079
2016,2083
2017,2031
2011,2063
2027,2063
2027,2029
2024,2062
2029,2059
2039,2037
2042,2067
2045,2021
2063,2080
2058,2065
2072,2040
2065,2044
2067,2033
2068,2029
2081,2036
2099,2059
2101,2048
2087,2042
2107,2021
2101,2017
2105,2037
2123,2029
2124,2023
2123,2021
2123,2044
2143,2075
2143,2043
2150,2068
2143,2051
2149,2007
2153,2043
2147,2027
2153,2032
2149,2068
2143,2059
2151,2040
2149,2019
2149,2001
2143,2077
2152,2025
2140,2039
2140,2068
2129,2009
2131,2036
2122,2025
2119,2048
2119,2015
2101,2060
2099,2027
2104,2071
2092,2019
2084,2063
2084,2008
2085,2073
2074,2075
2068,2009
2063,2024
2057,2017
2061,2060
2040,2033
2029,2060
2027,2065
2019,2023
2021,2071
2008,2033
2001,2031
1995,2027
1999,1981
1997,2020
2000,2029
1999,2007
1995,2065
1991,2021
1990,2077
1980,2043
1992,2028
1989,2053
1990,2037
1977,2065
1977,2063
1977,2053
1994,2042
1989,2039
2001,2017
1995,2063
2004,2041
2004,2053
2011,2040
2007,2047
2009,2033
2024,2043
2017,2011
2030,2005
2032,2027
2038,2076
2045,1992
2057,2243
2065,3159
2073,2376
2047,2586
2035,1950
2034,2701
2063,3979
2069,3045
2089,2041
2154,3087
2183,2833
2233,2592
2284,2363
2307,2063
2344,1931
2360,1893
2383,1825
2373,1127
2344,1560
2345,1684
2332,1816
2318,1772
2287,2074
2210,2664
2139,2359
2105,1909
2085,1856
2088,2009
2076,1903
2071,2080
2095,2309
2098,2313
2120,2156
2129,2128
2143,2293
2151,2252
2133,2134
2154,1912
2155,1529
2159,1735
2168,1911
2131,2068
2088,2243
2066,2272
2015,2045
1995,1965
1972,1849
1936,2039
1909,1961
1889,2000
1873,2000
1872,1955
1871,2040
1859,2067
1871,2058
1884,2074
1881,2131
1912,2075
1932,2036
1949,2008
1956,1969
1954,1988
1960,2063
1952,2138
1934,2121
1920,2077
1920,1997
1931,2076
1940,2059
1943,2072
1942,2080
1939,2055
1945,2016
1945,2047
1957,2065
1943,2103
1949,2011
1929,1995
1929,1935
1933,1984
1943,2089
1957,2085
1968,2078
2008,2096
2028,2063
2079,2079
2112,2095
2160,2057
2185,2076
2208,2150
2221,2127
2250,2031
2236,2021
2236,2024
2217,2038
2204,2040
2188,2037
2173,2021
2167,2053
2149,2063
2134,2031
2125,2011
2121,1841
2124,1764
2132,1896
2150,2056
2178,2120
2194,2157
2218,2115
2237,2080
2252,2043
2253,2028
2241,1995
2211,2011
2195,2030
2176,1993
2144,1979
2117,2030
2090,2011
2055,1999
2016,2032
1997,2012
1974,1977
1960,2035
1960,2072
1971,2052
1989,2099
2013,2083
2021,2106
2072,2125
2086,2073
2104,2065
2112,2039
2122,1980
2123,1971
2117,2003
2102,1971
2071,2035
2043,2028
2024,2072
1999,2022
1961,2023
1937,2056
1908,2080
1902,2067
1892,2025
1890,2055
1893,2089
1907,2083
1935,2109
1955,2072
1980,2082
2019,2041
2041,2025
2073,2075
2104,2040
2131,2072
2151,2056
2157,2063
2153,2027
2160,2024
2145,1963
2137,2002
2121,2041
2105,2135
2108,2126
2107,2112
2099,2053
2106,2063
2110,2025
2130,2080
2137,2068
2151,2089
2163,2065
2176,2071
2195,2021
2201,2039
2208,2048
2220,2054
2231,2011
2225,2026
2231,2042
2229,2041
2216,2023
2223,2041
2199,2013
2199,2032
2176,1971
2160,2029
2142,2044
2132,2063
2120,2040
2109,2043
2092,2092
2085,2075
2082,2044
2083,2064
2071,2030
2075,2045
2081,2011
2092,2063
2096,2033
2097,2041
2111,2011
2122,2033
2124,2071
2137,2083
2139,2108
2133,2088
2128,2043
2112,2065
2104,2025
2086,2027
2075,2011
2056,2011
2042,2067
2028,2036
2024,1999
2021,2023
2016,2042
2014,2056
2025,2056
2032,2075
2039,2071
2042,2037
2064,2023
2056,2084
2063,2040
2067,2043
2060,2093
2055,2072
2032,2026
2023,2003
2016,2065
2009,2008
1996,2032
1993,2041
1993,2033
1990,2080
1994,2029
2015,2043
2035,2019
2051,2041
2063,2240
2084,2240
2103,2196
2115,2060
2119,1984
2137,1965
2143,2032
2155,2009
2136,2027
2143,2063
2139,2055
2133,2008
2125,2003
2112,2008
2104,2007
2095,2070
2076,2043
2076,2023
2070,2035
2067,2059
2075,2011
2083,2055
2091,2055
2107,2063
2125,2034
2137,2077
2159,2063
2168,2013
2185,2002
2187,2008
2193,2059
2197,2015
2195,2044
2196,2041
2175,2080
2179,2047
2160,2063
2144,2104
2144,2087
2136,2096
2126,2070
2128,2022
2112,2064
2124,2057
2109,2091
2120,2066
2123,2063
2137,2054
2129,1972
2144,2004
2136,2030
2145,2055
2143,2063
2133,2034
2125,1983
2120,1975
2117,2023
2093,2043
2081,2043
2057,2068
2041,2017
2027,2017
2016,2025
2006,2028
1987,2017
1973,2007
1974,2059
1969,2063
1962,2001
1961,2096
1967,2059
1963,2080
1968,2027
1971,2044
1973,1963
1979,2080
1977,1973
1992,2063
1990,2081
1989,1955
1989,1995
1977,2016
1975,1995
1977,2020
1971,2056
1976,2000
1977,2056
1977,1980
1982,2052
1982,1999
1975,2008
1993,2045
1995,1965
2006,2018
2015,2080
2017,2073
2032,2078
2056,2030
2048,2071
2070,2027
2071,2129
2080,2040
2080,2089
2090,2099
2089,2026
2095,2004
2098,2020
2094,2037
2093,2016
2110,2111
2126,2056
2133,2121
2144,2063
2152,2072
2170,2107
2180,2007
2192,2024
2205,1952
2202,1977
2208,2084
2207,2195
2201,2104
2206,2075
2199,2088
2169,2109
2161,2011
2153,2024
2135,2108
2133,2014
2124,2008
2116,2026
2118,2139
2108,2080
2100,2056
2099,1997
2084,1999
2080,2001
2081,2045
2070,2015
2076,2014
2068,2001
2058,2007
2067,2044
2055,1989
2047,2056
2040,2017
2019,1979
2008,2033
2003,2040
1989,2139
1987,2051
1968,2008
1959,2008
1946,2004
1935,2037
1941,1963
1927,1992
1933,2033
1935,2084
1939,2036
1955,2083
1974,2081
1989,2130
1994,2019
2004,2003
2003,2067
2005,2075
2024,2010
2027,1956
2025,2099
2035,2125
2036,2125
2040,2093
2057,2080
2061,2017
2069,2032
2071,2027
2083,2085
2091,2112
2089,1992
2106,2062
2120,2067
2131,2003
2148,2005
2152,2017
2176,2012
2183,1906
2200,2043
2201,2093
2219,2079
2234,2368
2245,2344
2255,2144
2249,1957
2249,1912
2248,1950
2249,2000
2251,1933
2237,2136
2229,2093
2227,2083
2232,2180
2233,1940
2234,1959
2220,1872
2203,1867
2205,1909
2200,2073
2208,2056
2209,2129
2207,2141
2202,2065
2191,2144
2169,1961
2156,1968
2143,1977
2133,2025
2117,2163
2091,2247
2087,2112
2081,2026
2083,1931
2071,1957
2044,2011
2028,2024
2020,2065
2016,2033
2008,2029
2011,2005
2012,2041
2013,2077
2006,2087
2012,1911
2009,1883
2009,2004
2004,2024
1991,2024
1991,1932
1997,1959
1997,2065
1975,2043
1980,1979
1964,2075
1949,2095
1952,2023
1951,2019
1957,2151
1963,2067
1983,2088
1989,1995
2008,2121
2020,2040
2030,1955
2019,2022
2031,1929
2068,1959
2065,1940
2088,2001
2090,2076
2105,2063
2112,2113
2120,2018
2123,2080
2117,2092
2120,2039
2106,2041
2107,2073
2108,2105
2132,1957
2130,2041
2139,2038
2131,2037
2124,2021
2137,1943
2137,2025
2160,2005
2157,2126
2169,2012
2184,2147
2186,2103
2193,2021
2206,2024
2200,1977
2200,1997
2187,2069
2184,2040
2188,2058
2186,2129
2167,2085
2158,2053
2148,1991
2136,2012
2135,2017
2124,2007
2119,2075
2104,2039
2121,2067
2134,2073
2119,2002
2107,2003
2119,1980
2096,2184
2088,2015
2088,2168
2074,2096
2071,2104
2069,2041
2075,2012
2071,2106
2063,1982
2065,2010
2065,2075
2039,2192
2027,2115
2033,2087
2008,2008
2022,1868
2009,2088
2012,2091
2007,2187
2011,2117
2015,2104
2003,2002
2013,1974
2016,2000
2019,1965
2021,2156
2040,1966
2032,2116
2032,1969
2019,2039
2029,2044
2029,2081
2023,2160
2033,2035
2033,2132
2033,2135
2025,2087
2037,2007
2048,1993
2063,2099
2071,1965
2055,2121
2065,1921
2074,1928
2073,1969
2081,2011
2093,2011
2084,2063
2071,2086
2087,2090
2095,2102
2096,2148
2104,2034
2098,1931
2108,1927
2110,1876
2107,1896
2125,2121
2109,2216
2118,1955
2103,2003
2093,1984
2109,1827
2118,1845
2107,2034
2117,1948
2126,1960
2143,2184
2151,2176
2143,2152
2150,2143
2150,1961
2145,2004
2152,2020
2145,2093
2143,2057
2140,1989
2132,2025
2116,1846
2107,1971
2104,2103
2107,1991
2087,2027
2099,2040
2088,1961
2091,1942
2092,2047
2088,2032
2080,1969
2075,2101
2093,2016
2085,2120
2091,2099
2089,2053
2092,1951
2085,2039
2089,2039
2075,2011
2072,2069
2055,2080
2059,2071
2056,2025
2030,2017
2036,2136
2022,1893
2024,1995
2029,2146
2017,2133
2015,2099
2016,2137
2018,2048
2027,1882
2029,2121
2031,2108
2039,1963
2027,1939
2043,1992
2037,2191
2035,2035
2036,2081
2033,1960
2029,1824
2039,1942
2037,2142
2032,2039
2031,1907
2032,2093
2041,1968
2034,2042
2042,2071
2045,2013
2063,1909
2080,2199
2087,2042
2102,1957
2100,2080
2103,1977
2117,2090
2121,2120
2115,1928
2107,1910
2105,2159
2115,2091
2127,2117
2138,2000
2127,2008
2135,2024
2151,2115
2152,2108
2146,2123
2150,1993
2155,1974
2170,2096
2171,1979
2172,2077
2157,2144
2164,1989
2167,2073
2174,1925
2157,1975
2169,2015
2179,2033
2187,2128
2191,2120
2183,2149
2169,2144
2165,2115
2163,2121
2159,2077
2143,2025
2133,1987
2135,2061
2123,2170
2123,2094
2108,2085
2096,2189
2092,2071
2088,1979
2074,1975
2082,2059
2087,1960
2078,1918
2078,1896
2071,2194
2071,2093
2055,2107
2059,2065
2053,2078
2048,2069
2052,1957
2021,1971
2018,1792
2004,1890
1981,2017
1981,2175
1980,1969
1964,1966
1955,2151
1960,1993
1963,2103
1966,2171
1962,2063
1968,1937
1975,1955
1989,2207
1998,2048
2013,2055
2015,2129
2009,2063
2029,2055
2030,1970
2017,2103
2021,2023
2021,1975
2020,1987
2016,1955
2006,1938
2015,1967
2008,1928
2023,1863
2032,2115
2039,2187
2071,2091
2077,2157
2086,2019
2086,1948
2093,1865
2105,2192
2122,2197
2117,2016
2120,1880
2137,1931
2144,2018
2151,2012
2152,2240
2151,2148
2155,2157
2165,2094
2168,1979
2164,1959
2155,1939
2160,1895
2161,2075
2145,1979
2133,1967
2127,2031
2135,1873
2135,2081
2138,2106
2142,1976
2137,2002
2141,2135
2147,2279
2144,2175
2132,1999
2117,2073
2116,2058
2133,2248
2112,2020
2109,2020
2088,1879
2082,2063
2080,2180
2075,2026
2048,2091
2037,1976
2040,1976
2028,2087
2031,2068
2008,2117
1997,1895
2012,2051
1998,2086
2003,2078
2004,1974
1989,1929
2015,1942
2040,2137
2024,2171
2023,2171
2031,2118
2041,2094
2038,2160
2032,1949
2028,1859
2017,2041
2009,1993
2027,1881
2017,2129
1987,2172
1995,2004
2008,2037
2024,2131
2039,2072
2036,1960
2069,2024
2069,1838
2071,1909
2089,2053
2095,2156
2117,2120
2108,2168
2133,2144
2139,2205
2133,2071
2143,2089
2145,1923
2157,2089
2146,2046
2146,2012
2139,1951
2146,1964
2152,2007
2156,2207
2155,2103
2144,2148
2151,2012
2164,2063
2171,1993
2188,1937
2199,1968
2203,1907
2193,2028
2207,2105
2205,2153
2206,2069
2197,1952
2195,2073
2196,1942
2191,2106
2167,2152
2155,2153
2151,2059
2133,2015
2135,1831
2107,2005
2112,2088
2103,2117
2103,2117
2091,2020
2096,2021
2096,1899
2073,2088
2068,2208
2077,2069
2072,1997
2063,2144
2055,1981
2063,1952
2053,2081
2040,2115
2028,2104
2037,2260
2034,1975
2027,1799
2017,1982
2021,2142
2021,2156
2011,2091
1997,1984
1996,1975
1991,1994
1994,2046
1984,1908
1994,2016
2005,2042
2015,2220
2012,2071
2014,1960
2013,1979
2006,2121
2035,2079
2032,2068
2028,1994
2031,1783
2030,2069
2031,2040
2039,2019
2039,2201
2045,2155
2063,1893
2059,1955
2073,2087
2063,1913
2067,2022
2067,2149
2071,1848
2078,1948
2084,2215
2083,2011
2096,1899
2103,2164
2105,2195
2136,1883
2135,2220
2131,2048
2136,1789
2135,1949
2135,2276
2136,1881
2151,1931
2155,2103
2140,1912
2144,1894
2136,2248
2123,2195
2115,1971
2117,1951
2126,2019
2124,2235
2132,2125
2133,2072
2117,2021
2109,1843
2122,1988
2113,2112
2098,2099
2096,1833
2090,1982
2105,2200
2097,1940
2092,1976
2080,2151
2086,1916
2076,2019
2075,2165
2071,2090
2065,1981
2060,2003
2044,2056
2031,1887
2017,2178
2011,2353
2015,2008
2004,1931
2018,1901
2010,2104
2019,2088
2016,1884
2014,2248
2018,2033
2016,2019
2014,1811
2003,1980
1984,2073
1991,2071
1984,2099
1984,2218
2003,2352
1979,2166
2000,1993
1998,1929
2001,2061
2003,2008
1997,2015
2012,1969
2015,2018
2001,1824
2007,2088
2005,2203
2016,2083
2037,2024
2033,1909
2025,2137
2028,2083
2018,2245
2051,2169
2037,1969
2057,1755
2063,2104
2068,2214
2073,1885
2065,1916
2076,2155
2087,2087
2085,2185
2076,2212
2091,1972
2083,1999
2097,2076
2100,2171
2097,1979
2101,2149
2121,2183
2120,1959
2107,1998
2119,2111
2120,1961
2141,1943
2136,1951
2129,2183
2126,1933
2112,1838
2120,2130
2142,2093
2145,2041
2139,2020
2129,2103
2123,1945
2122,1892
2129,2184
2120,1991
2105,1928
2110,2235
2101,2008
2083,1999
2089,2113
2090,2119
2092,1847
2104,2101
2093,2192
2094,1832
2091,2091
2085,2109
2080,1929
2053,1948
2045,2104
2054,1935
2027,1991
2017,2161
2016,1953
2027,1887
2033,2037
2026,2159
2043,2001
2021,2165
2024,1975
2021,2088
2017,2151
2020,1896
2013,2028
2024,2033
2011,2169
2024,2112
2007,1992
1995,2027
2019,1984
2020,2226
2016,2160
2028,2065
2029,2104
2038,2203
2039,1936
2035,2053
2048,2183
2044,1893
2057,1880
2071,2163
2069,2043
2075,1959
2068,2135
2082,2071
2078,1881
2075,2037
2083,2072
2078,2135
2080,2223
2094,2186
2100,1839
2092,1956
2081,2127
2099,2107
2105,2120
2092,2080
2121,1952
2136,1952
2138,2161
2143,2101
2149,2089
2171,2139
2163,1961
2159,2015
2160,1877
2151,1891
2164,2101
2161,1993
2145,2119
2147,2097
2141,2016
2150,1996
2144,2073
2151,1975
2152,1781
2129,1973
2129,2151
2133,2206
2129,2165
2118,2219
2109,1838
2104,1814
2107,2063
2093,2222
2082,2028
2097,2077
2087,2097
2091,2039
2091,1965
2089,2192
2080,1830
2077,2157
2066,2244
2041,2168
2046,1948
2029,2071
2025,2069
2010,2224
2008,2143
2011,1818
2016,2019
2017,2203
2015,1991
2020,1967
2001,2271
2015,2126
2008,1901
2001,2275
2001,1972
1999,1965
1983,2076
1994,2087
1982,1975
1986,2071
1980,2019
1991,1875
2007,1945
1991,2085
2004,2167
1996,2035
1999,2033
2006,2107
1998,1927
1991,1929
2002,1957
1995,2077
2007,2188
2019,2153
2059,2110
2073,2259
2063,2109
2075,1961
2091,1996
2081,1935
2089,1963
2089,1933
2085,2120
2088,1766
2089,2139
2088,1975
2099,1957
2095,2048
2101,2313
2115,2254
2117,2137
2115,1827
2126,2006
2127,2087
2143,2045
2144,2007
2152,2111
2144,2227
2134,2011
2138,2171
2121,1961
2117,1973
2118,1812
2123,2009
2130,2123
2123,1903
2118,1984
2136,2320
2123,2122
2116,2001
2112,1935
2089,1960
2083,1807
2083,1691
2055,1786
2059,2077
2063,2038
2055,2453
2066,2203
2067,2161
2045,1922
2029,1987
2037,2111
2026,2271
2022,1963
2016,1959
1997,2085
1993,1924
1984,2190
1982,2005
1993,1972
2008,2013
2008,2133
1999,2034
1969,2199
1960,1876
1965,1961
1975,2153
1965,2321
1947,1989
1948,1958
1941,2225
1943,2068
1931,1813
1944,1899
1961,2130
1971,1981
1986,2204
1997,2179
1995,1891
2011,2040
2029,2165
2027,2245
2033,2012
2031,1775
2014,1991
2016,2193
2015,2063
2011,2063
2030,2027
2031,1873
2034,2174
2036,2090
2039,2031
2071,1846
2085,2292
2096,2204
2099,2116
2109,1895
2103,1768
2111,1807
2123,2040
2115,1989
2120,2205
2120,2357
2130,1900
2109,1970
2104,2176
2096,1976
2101,1968
2123,2152
2127,2271
2115,2169
2105,2181
2124,1987
2128,2005
2129,1862
2134,1920
2143,2159
2125,1963
2123,2021
2104,2133
2115,2151
2121,1928
2121,2176
2123,2203
2096,2016
2077,1963
2059,1911
2043,1840
2033,2089
2032,2085
2017,2123
2034,2021
2031,1931
2031,1811
2017,2043
2032,2027
2028,2019
2027,2127
2010,2130
2005,2172
1995,1904
1992,1876
1987,2041
1980,2185
1975,2074
1977,2156
1972,1863
1963,1960
1969,2089
1967,2131
1965,2090
1988,2089
1990,2004
1991,1875
1987,2010
1992,2007
1996,2011
2005,2152
2004,2135
2007,1827
1995,1878
2005,2070
2013,2169
2013,2173
2026,2449
2034,2003
2040,2009
2051,1987
2048,1978
2046,2012
2063,2200
2063,2187
2073,2092
2065,2100
2071,2033
2079,2023
2078,1901
2093,1965
2101,2019
2115,2181
2107,2172
2108,2009
2099,2051
2099,2009
2099,1906
2103,1949
2111,1947
2108,1992
2118,2137
2119,2146
2129,1993
2141,2021
2155,2090
2153,1977
2148,2079
2148,2041
2144,2004
2140,2028
2133,2104
2128,2082
2130,1847
2112,1900
2104,2023
2096,2073
2095,2089
2092,2029
2083,1956
2085,2019
2073,2103
2077,2139
2071,1943
2071,2163
2075,2073
2079,2073
2065,1868
2041,2129
2040,1957
2019,2130
2015,1970
2008,2087
2003,2012
1997,1878
1993,2039
1993,2262
1980,2237
1976,2097
1971,2219
1964,2048
1953,1917
1969,2044
1978,2301
1981,2272
2001,2253
2001,2020
2012,2043
2005,1853
1995,1925
1995,2251
1982,2040
1972,1959
1973,2127
1965,2313
1969,2119
1964,1943
1972,1898
1976,1895
1982,1945
1992,2081
1992,2424
1996,2199
1993,2048
2009,2023
2018,2065
2015,1788
2035,1883
2031,2143
2048,2320
2060,2087
2067,2063
2069,2064
2063,2077
2055,2008
2060,2088
2055,1877
2071,1755
2067,2078
2067,2238
2071,2135
2073,2109
2071,2019
2088,1955
2096,1880
2089,1923
2093,2086
2095,1994
2097,2208
2093,2205
2115,2203
2112,1946
2112,2027
2117,1997
2105,2039
2108,2082
2113,2100
2099,2023
2096,2027
2095,2024
2075,2008
2072,1975
2071,1987
2065,2091
2072,2088
2065,2072
2055,2031
2053,2089
2048,2033
2027,2062
2030,2096
2027,2007
2022,2035
2020,2057
2010,2043
2007,2058
1997,2075
1995,2032
2002,2029
1995,2108
2000,1991
1993,2096
1993,2072
1992,2021
1981,2063
1996,2087
1989,2080
1985,2122
1973,2081
1975,2062
1973,2060
1961,2016
1961,2021
1967,2069
1968,2092
1976,2035
1976,2034
1983,2041
1979,2027
1992,2029
1987,2028
1999,2027
1995,2043
1992,2029
2004,2027
2003,2024
2005,2021
2009,2005
2002,2042
2012,2056
2012,2070
2018,2076
2016,2046
2028,2042
2026,2063
2037,2009
2043,2009
2064,2040
2057,2032
2073,2017
2083,2035
2089,2075
2104,2041
2100,2033
2118,2020
2109,2019
2123,2053
2119,2053
2120,2079
2113,2041
2118,2066
2103,2011
2105,2008
2108,2015
2107,2026
2107,2089
2102,2044
2101,2041
2104,2027
2105,2008
2107,2057
2104,2069
2111,2078
2113,2056
2115,2043
2110,2055
2106,2039
2096,2058
2092,2048
2092,2019
2080,2022
2081,2071
2072,2069
2071,2044
2055,2084
2041,2032
2039,2033
2025,2054
2025,2043
2027,2064
2015,2062
2005,2001
2004,2008
2003,2021
2008,2015
2004,2035
1995,2048
2007,2035
2007,2029
1993,2043
1977,2061
1994,2063
1988,2009
1988,2017
1973,2040
1963,2059
1976,2018
1966,2011
1970,2046
1963,2021
1963,2063
1971,2063
1969,2048
1963,2056
1976,2009
1979,2059
1971,2028
1993,2027
1992,2033
1981,2051
1999,2061
2002,2053
2003,2058
2016,2037
2017,2063
2026,2074
2033,2072
2026,2071
2036,2048
2035,2071
2056,2048
2054,2048
2057,2021
2063,2020
2064,2043
2064,2075
2068,2037
2076,2028
2079,2065
2085,2057
2091,2020
2087,2057
2103,2065
2098,2079
2107,2042
2106,2023
2103,2039
2105,2001
2105,2021
2107,2041
2107,2034
2116,2026
2108,2028
2101,2009
2105,2019
2103,2072
2104,2023
2099,2058
2092,2071
2091,2076
2084,2043
2077,2005
2082,2059
2078,2028
2083,2029
2067,2064
2067,2057
2074,2067
2070,2069
2068,2028
2055,2056
2043,2044
2027,2028
2021,2023
2022,2067
2018,2063
2007,2043
1992,2055
1992,2060
1979,2060
1987,2033
1976,2057
1976,2087
1976,2006
1963,2027
1963,2021
1959,2055
1971,2067
1968,2038
1963,2003
1964,2066
1961,2044
1973,2059
1967,2080
1973,2045
1963,2062
1976,2064
1979,2066
1971,2067
1989,2039
1979,2075
1983,2079
1981,2056
1988,2047
1991,2032
1999,2023
2011,2007
2007,2036
2009,2033
2019,2076
2033,2040
2037,2089
2040,2062
2047,2066
2063,2015
2066,2020
2073,2027
2080,2041
2087,2051
2088,2021
2088,2001
2088,2034
2099,2029
2104,2021
2111,2053
2111,2069
2117,2025
2126,2056
2120,2035
2121,2033
2127,2071
2142,2057
2133,2033
2128,2079
2138,2013
2142,2028
2140,2021
2140,2028
2148,2029
2143,2064
2136,2029
2133,2015
2128,2037
2130,2063
2119,2068
2107,2039
2099,2043
2107,2024
2097,2035
2096,2071
2088,2040
2081,2079
2078,2067
2073,2080
2073,2025
2063,2063
2056,2041
2058,2056
2040,2056
2031,2056
2027,2069
2030,2017
2018,2065
2027,2022
2022,2003
2011,2024
2008,2068
1991,2034
2001,2079
1991,2038
1991,2036
1996,2023
1980,2056
1991,2008
1979,2063
1987,1993
1987,2036
1989,2056
1992,2069
1992,2074
1999,2077
2000,2007
2000,2035
1998,2053
2001,2039
2007,2004
2015,2008
2013,2009
2008,2027
2015,2041
2015,2030
2019,2038
2026,2033
2035,2048
2031,2067
2039,2029
2053,2053
2063,2060
2068,2077
2072,2040
2075,2043
2083,2007
2083,2053
2095,2009
2096,2044
2103,2080
2104,2038
2112,2038
2121,2063
2121,2043
2119,2027
2120,2009
2119,2060
2121,2019
2126,2077
2119,2021
2131,2021
2131,2021
2125,2042
2125,2032
2120,2056
2131,2063
2123,2025
2112,2017
2108,2034
2101,2055
2105,2047
2105,2079
2100,2067
2096,2067
2089,2039
2077,2074
2074,2025
2075,2057
2071,2054
2057,2071
2037,2040
2056,2058
2037,2039
2039,2063
2037,2070
2019,2035
2011,2065
2015,2079
2007,2017
2008,2058
2001,2080
1998,2052
1977,2057
1977,2023
1971,2063
1974,2064
1968,2060
1961,2036
1963,2024
1969,2067
1961,2036
1958,2038
1961,2067
1952,2040
1962,2027
1956,2023
1964,2036
1956,2071
1968,2073
1968,2075
1971,2039
1967,2059
1987,2077
1976,2007
1987,2033
1994,2033
1995,2035
1996,2024
1995,2033
2006,2065
2015,2034
2022,2043
2016,2024
2019,2056
2021,2027
2033,2063
2029,2019
2042,2028
2046,2066
2056,2022
2054,2081
2068,2088
2075,2060
2075,2072
2074,2039
2087,2027
2085,2067
2099,2068
2099,2063
2105,2040
2108,2058
2105,2080
2112,2068
2105,2023
2119,2003
2106,2070
2117,2030
2116,2011
2112,2019
2115,2039
2110,2036
2105,2063
2105,2080
2104,2063
2104,2063
2097,2068
2096,2045
2096,2054
2095,2035
2092,2017
2093,1987
2077,2066
2080,2065
2086,2033
2074,2029
2063,2040
2064,2007
2057,2063
2056,2015
2035,2035
2035,2037
2029,2063
2027,2078
2023,2071
2022,2005
2007,2053
2001,2060
2001,2063
2001,2055
2000,2052
1998,2065
2001,2054
2001,2027
2000,2048
1993,2062
2001,2024
1996,2025
1993,2039
1993,2069
1997,2080
1994,2058
1995,2071
1981,2007
1991,2028
1993,2073
2005,2043
1998,2040
2008,2018
2010,2033
2008,2022
2023,2033
2023,2031
2028,2072
2032,2041
2024,2017
2037,2055
2039,2033
2041,2028
2057,2019
2068,2034
2077,2052
2069,2048
2071,2041
2079,2037
2089,2083
2087,2043
2091,1991
2096,2033
2104,2055
2102,2032
2100,2021
2105,2023
2107,2076
2117,2057
2119,2033
2125,2029
2121,2040
2125,2051
2128,2026
2130,2039
2122,2047
2129,2071
2132,2030
2129,2015
2119,2009
2125,2018
2115,2046
2107,2040
2114,2053
2113,2063
2107,2053
2103,2048
2096,2010
2093,2027
2094,2006
2078,2041
2077,2037
2079,2040
2071,2057
2063,2026
2066,2055
2053,2088
2041,2037
2033,2045
2039,2023
2027,2057
2022,2048
2009,2019
2011,2033
2009,2056
2003,2056
1996,2024
1987,2055
1989,2056
1991,1980
1973,2009
1971,2041
1976,2030
1973,2025
1963,2056
1967,2051
1965,2052
1973,2021
1966,2076
1972,2067
1971,2009
1976,2028
1975,2023
1967,2057
1973,2063
1983,2062
1988,2002
1984,2051
1992,2088
1992,2027
1993,2044
2000,2017
2003,2035
2009,2063
2016,2024
2019,2040
2026,2063
2023,2055
2040,2057
2042,2017
2043,2031
2063,2033
2052,2029
2072,2021
2069,2055
2069,2037
2080,2043
2087,2029
2092,2044
2093,2079
2099,2068
2097,2046
2103,2035
2116,2037
2117,2005
2120,2013
2117,2053
2122,2087
2127,2054
2115,2039
2117,2048
2127,2068
2124,2021
2128,2070
2120,2066
2117,2063
2121,2060
2115,2024
2112,2029
2106,2078
2101,2017
2099,2058
2103,2054
2097,2065
2095,2021
2088,2019
2080,2055
2072,2033
2071,2056
2057,2051
2056,2065
2044,2090
2039,2067
2053,2053
2035,2071
2028,2066
2021,2063
2025,2063
2017,2080
2017,2034
2003,2028
1999,2077
1995,2068
1996,2054
1993,2020
1992,2077
1991,2066
1979,2047
1979,2063
1989,2023
1980,2067
1982,1992
1981,2066
1975,2044
1991,2012
1987,2043
1989,2057
1989,2041
2000,2045
2004,2028
2009,2062
2007,2015
2010,2002
2019,2007
2023,2005
2017,2072
2026,2034
2032,2056
2037,2013
2035,2075
2035,2037
2048,2041
2056,2063
2063,2025
2063,2037
2071,2023
2074,2055
2088,2068
2087,2025
2091,2072
2097,2037
2105,2063
2108,2038
2120,2021
2121,2074
2123,2005
2118,2043
2125,2035
2129,2063
2138,2045
2140,2027
2135,2033
2137,2063
2124,2053
2143,2008
2136,2076
2139,2068
2142,2048
2137,2023
2132,2070
2135,2019
2136,2028
2129,2089
2121,2045
2118,2018
2105,2076
2111,2011
2104,2046
2099,1993
2093,2088
2083,2003
2080,2073
2087,2009
2071,2021
2057,2057
2063,2067
2059,2036
2053,2008
2037,2007
2035,2034
2029,1995
2031,2065
2019,2080
2016,2039
2014,2036
2008,2075
1995,2056
1996,2019
1995,2039
1997,2036
1992,2039
1987,2072
1989,2019
1989,2031
1984,2006
1987,2044
1980,2024
1979,2031
1971,2037
1976,2043
1980,2040
1979,2043
1992,2024
1979,2043
1994,2011
1989,2033
2003,2064
2003,2058
2009,2036
2003,2035
2015,2040
2022,2068
2024,2064
2018,2053
2030,2017
2028,2067
2041,2042
2054,1995
2059,2023
2070,2047
2070,2053
2074,2076
2083,2048
2078,2053
2080,2019
2091,2027
2095,2029
2096,2028
2104,2053
2104,2053
2109,2088
2116,2035
2118,2019
2122,2018
2129,2033
2115,2011
2119,2055
2119,2024
2120,2064
2121,2066
2121,2005
2107,2034
2118,2027
2112,2038
2121,2080
2110,2013
2100,2021
2106,2080
2099,2068
2101,2029
2089,2082
2089,2063
2083,2001
2073,2033
2072,2036
2068,2023
2065,2057
2055,2043
2057,2029
2036,2039
2045,2025
2032,2052
2021,2048
2019,2080
2015,2072
2012,2018
2002,2057
2007,2057
2008,2058
1996,2029
1977,2072
1982,2059
1971,2072
1975,2064
1977,2043
1976,2063
1971,2011
1976,2008
1975,2051
1975,2038
1975,2079
1974,2057
1979,2067
1981,2055
1976,2015
1973,2064
1982,2019
1984,2045
1993,2027
1989,2045
1994,2039
2008,2044
2009,2024
2023,2059
2015,2057
2025,2027
2022,2019
2023,2067
2032,1993
2038,2015
2043,2015
2063,2070
2068,2065
2071,2077
2077,2073
2086,2071
2088,2009
2083,2035
2096,2025
2099,2047
2106,2027
2106,2073
2119,2067
2129,2060
2127,2060
2117,2011
2126,2025
2133,2069
2136,2088
2141,2041
2138,2075
2135,2042
2143,2053
2144,1992
2144,2052
2136,2054
2140,2019
2133,2063
2131,2036
2134,2023
2131,2029
2120,2068
2110,2017
2109,2056
2114,2039
2116,2023
2103,2033
2099,2019
2099,2024
2097,2071
2089,2088
2088,2045
2071,2063
2072,2055
2071,2045
2068,2051
2064,2063
2043,2033
2043,2064
2045,2045
2036,2039
2039,2048
2025,2068
2021,2072
2016,2055
2012,2072
2013,2067
2007,2007
2006,2036
2004,2020
2003,2038
2002,2019
1987,2033
2007,2058
2003,2021
1995,2072
1993,2020
2000,2013
1993,2039
2005,2012
2006,2012
2001,2054
2007,2025
2007,2063
2015,2030
2022,2037
2019,2029
2019,2041
2026,2068
2040,2074
2039,2067
2041,2060
2051,2011
2055,2038
2055,2029
2064,2070
2072,2055
2081,2042
2072,2018
2090,2030
2090,2076
2094,2064
2096,2068
2103,2033
2104,2009
2115,2033
2109,2029
2123,2024
2116,2056
2121,2060
2127,2037
2135,2032
2136,2065
2136,2015
2145,2021
2137,2047
2137,2048
2137,2029
2143,2061
2136,2089
2135,2054
2132,2044
2130,2072
2129,2071
2120,2045
2106,2055
2115,2053
2123,2048
2107,2056
2105,2024
2101,2044
2097,2040
2095,2010
2092,1997
2088,2044
2080,2042
2079,2058
2077,1987
2068,2067
2058,2075
2043,2071
2040,2045
2037,2006
2029,2027
2031,2039
2024,2058
2021,2072
2017,2065
2010,2044
2001,2041
2004,2039
2000,2028
1995,2073
1991,2069
1992,2019
1992,2068
1992,2011
1988,2029
1983,2009
1985,2044
1991,2035
1989,2052
1991,2015
1995,2057
1995,2023
1989,2063
2000,2025
1992,2017
2008,2045
2005,1991
2003,2011
2007,2037
2016,2039
2020,2011
2024,2063
2032,2068
2032,2036
2037,2025
2036,2009
2057,2047
2055,2030
2065,2060
2071,2026
2078,2026
2075,2069
2077,2063
2088,2019
2091,2048
2091,2090
2099,2056
2099,2039
2117,2064
2120,2069
2120,2023
2116,2011
2128,2008
2136,2006
2125,2030
2133,2044
2125,2029
2137,2072
2129,2032
2136,2059
2134,2029
2124,2075
2135,2055
2133,2040
2124,2019
2121,2084
2124,2037
2119,2071
2121,2043
2109,2048
2109,2018
2108,2072
2100,2035
2089,1993
2083,2021
2075,2044
2075,2088
2071,2070
2060,2005
2055,2041
2063,2039
2042,2001
2025,2059
2036,2072
2024,2015
2022,2027
2016,2037
2015,2041
2012,2033
1990,2071
1995,2056
1992,2025
1987,2009
1984,2080
1989,2040
1980,2021
1979,2061
1980,2058
1978,2021
1972,2024
1980,2057
1980,2048
1981,2045
1979,2027
1981,2059
1980,2036
1975,2005
1988,2044
1994,2017
1988,2044
1996,2039
1993,2040
2001,2025
2005,2017
2009,2021
2005,2017
2015,2041
2017,2033
2027,2033
2027,2023
2051,2021
2043,2011
2055,2063
2063,2072
2063,2076
2072,2038
2071,2038
2085,2028
2075,2035
2087,2067
2093,2059
2093,2073
2105,2011
2109,2021
2112,2048
2112,2043
2121,2042
2131,2012
2124,2079
2119,2069
2127,2023
2140,2063
2132,2029
2133,2063
2136,2075
2136,2019
2132,2041
2133,2021
2128,2056
2128,2025
2125,2008
2124,2072
2103,2074
2107,2040
2099,2072
2102,2011
2091,2047
2096,2025
2088,2027
2081,2044
2080,2040
2067,2072
2071,2009
2063,2068
2059,2035
2038,2023
2044,2067
2031,2043
2032,2020
2031,2065
2026,2024
2019,2063
2009,2070
2009,2037
2000,2025
2003,2004
1991,2054
2001,2024
1975,2059
1984,2044
1989,2025
1987,2078
1994,2036
1989,2011
1979,2029
1989,2084
1991,2023
1987,2063
1992,2056
1995,2080
1999,2041
2002,2017
2001,2028
1999,2031
2003,2019
2008,2063
2023,2004
2019,2019
2025,2056
2024,2045
2040,2080
2038,2065
2039,2040
2039,2072
2057,2029
2057,2025
2069,2068
2075,2063
2084,2026
2088,2027
2098,2031
2097,2035
2103,2054
2101,2071
2107,2031
2109,2044
2121,2023
2125,2024
2136,2018
2140,2023
2138,2029
2133,2038
2139,2058
2137,2063
2143,2040
2148,2011
2145,2039
2144,2058
2151,2044
2148,2060
2151,2035
2132,2053
2148,2039
2147,2025
2143,2019
2131,2052
2133,2023
2131,2045
2127,2045
2120,2044
2120,2060
2115,2039
2112,2011
2103,2072
2091,2046
2092,2040
2088,2039
2080,2025
2084,2072
2073,2064
2071,2063
2067,2074
2056,2023
2053,2035
2039,2027
2037,2011
2031,2027
2028,2027
2021,2054
2009,2041
2012,2040
2007,2066
2008,2009
2010,2064
2007,2033
2005,2058
2008,2027
2003,2063
2001,2088
1996,2021
1991,2024
2004,2027
1995,2045
2000,2030
2005,2029
2008,2015
2008,2036
2009,2045
2014,2064
2005,2011
2027,2019
2009,2068
2025,2023
2022,2035
2029,2058
2033,1996
2037,2067
2055,2020
2053,2039
2066,2069
2064,2088
2072,2075
2076,2053
2075,2030
2079,2009
2085,2021
2097,2055
2098,2048
2104,2033
2093,2055
2101,2023
2119,2008
2105,2063
2115,2071
2124,2037
2126,2017
2130,2056
2129,2071
2135,2072
2135,2027
2131,2035
2127,2039
2136,2039
2129,2035
2125,2066
2127,2060
2129,2027
2115,2009
2119,2007
2123,2011
2119,2067
2108,2059
2108,2007
2095,2030
2097,2056
2095,2019
2088,2037
2080,2025
2080,2065
2070,2044
2071,2023
2066,2031
2043,2058
2053,2042
2051,2029
2034,2071
2035,2039
2029,1997
2021,2053
2018,2080
2005,2038
2009,2072
1997,2057
1991,2021
1987,2030
1984,2031
1993,2030
1980,2042
1980,2055
1983,2061
1980,2039
1980,2060
1982,2010
1971,2063
1977,2058
1982,2063
1980,2073
1983,2080
1979,2040
1987,2068
1993,2084
2000,2033
2002,2037
2005,2060
2007,2035
2008,2041
2016,2001
2013,2043
2024,2021
2025,2092
2033,2080
2036,2036
2040,2033
2044,2033
2063,2008
2066,2024
2067,2038
2071,2039
2073,2056
2084,2060
2093,2076
2083,2027
2091,2063
2099,2030
2110,2036
2112,2040
2116,2009
2119,2022
2127,2077
2123,2039
2123,2041
2132,2063
2138,2079
2140,2068
2144,2044
2140,2040
2135,2065
2143,2063
2143,2054
2144,2017
2138,2077
2125,2027
2129,2063
2131,2076
2123,2035
2120,2063
2121,2005
2117,2052
2108,2019
2108,2007
2103,2043
2104,2035
2101,2045
2089,2102
2080,2059
2079,2053
2067,2063
2071,2042
2068,2043
2058,2048
2058,2007
2044,2043
2040,2063
2036,2056
2031,2047
2025,2078
2023,2019
2017,2029
2016,2020
2008,2023
2008,2021
2003,2028
1998,2003
2001,2076
1991,2063
1999,2030
1993,2021
1998,2048
1995,2043
1991,2017
2001,2076
1994,2051
2004,2036
2005,2051
1995,2055
2007,2074
2007,2075
2013,2077
2015,2044
2021,2040
2025,2036
2026,2027
2029,2056
2035,2032
2038,2059
2042,2048
2063,2063
2058,2027
2060,2015
2069,2071
2063,2059
2081,2068
2081,2017
2083,2057
2096,2040
2089,2011
2099,2026
2108,2027
2112,2023
2113,2071
2117,2065
2117,2059
2121,2063
2135,2036
2122,2043
2136,2041
2136,1999
2131,2065
2147,2041
2136,2045
2144,2035
2131,2031
2135,2036
2133,2048
2130,2028
2132,2021
2123,2005
2128,2077
2125,2075
2118,2068
2120,2075
2101,2023
2104,2072
2106,2070
2096,2017
2091,2056
2086,2067
2084,2017
2078,2017
2071,2035
2071,2039
2055,2004
2060,2004
2051,2064
2040,2031
2031,2035
2021,2024
2023,2022
2015,2058
2011,2007
2008,2081
2003,2035
2001,2067
1997,2056
1987,1992
1979,2010
1979,2031
1974,2056
1980,2019
1989,2041
1977,2032
1981,1992
1975,2005
1981,2064
1977,2028
1976,2045
1977,2037
1981,2043
1979,2063
1993,2063
1984,2023
1987,2041
1991,2015
1994,2011
1995,2057
2010,2035
2014,2020
2009,2043
2020,2007
2031,2008
2025,2072
2038,2070
2038,2055
2039,2063
2057,2040
2060,2068
2075,2068
2076,2020
2075,2040
2075,2053
2079,2063
2091,2041
2096,2056
2095,2075
2107,2047
2111,2021
2112,2042
2120,2048
2111,2077
2125,2043
2129,2056
2139,2054
2135,2056
2125,2063
2127,2059
2123,2055
2133,2043
2123,2053
2135,2055
2115,2035
2122,2055
2119,2006
2129,2063
2116,2037
2108,2020
2111,2028
2095,2019
2101,2028
2100,2035
2087,2013
2080,2063
2086,2017
2078,2091
2067,2058
2070,2027
2067,2043
2056,2057
2046,2005
2040,2004
2031,2072
2032,2023
2027,2071
2024,2072
2018,2040
2019,2011
2005,2020
2011,2039
2004,2040
2004,2024
1995,2074
1999,2078
2002,2011
1996,2081
1991,2071
1995,2041
1995,2064
1997,2012
1991,2080
1995,2055
1997,2055
2000,2068
2007,2056
1999,2011
2007,2052
2015,2038
2013,2068
2011,2035
2025,2024
2025,2043
2029,2026
2040,1997
2033,2009
2051,2037
2044,2036
2063,2019
2069,2023
2063,2055
2083,2079
2084,2063
2088,2065
2094,2048
2094,2054
2099,2039
2103,2007
2107,2046
2115,2065
2124,2018
2123,2053
2125,2021
2140,2019
2135,2068
2144,2069
2144,2036
2144,2019
2147,2035
2147,2024
2149,2051
2155,2044
2154,2046
2151,2063
2154,2077
2146,2067
2155,2057
2153,2061
2148,2059
2144,2038
2143,2074
2140,2075
2139,2077
2141,2043
2127,2066
2115,2068
2120,2077
2105,2070
2107,2066
2094,2069
2094,2052
2090,2080
2092,2026
2077,2033
2071,2025
2069,2080
2060,2024
2055,2063
2044,2039
2045,2015
2036,2055
2027,2025
2019,2037
2023,2044
2005,2024
2009,2079
2005,2056
1995,2072
1995,2031
2000,2030
1981,2065
1986,2069
1993,2034
1994,2003
1981,2038
1992,2017
1998,2035
1995,2065
1992,2056
1999,2028
1997,2027
1995,2044
2004,2073
2011,2023
2009,2042
2009,2044
2008,2073
2018,2071
2024,2021
2028,2037
2031,2044
2026,2061
2040,2071
2041,2066
2053,2088
2056,2062
2065,2037
2072,2066
2068,2017
2074,2040
2071,2028
2076,2056
2088,2035
2092,2011
2098,2009
2093,2076
2110,2027
2105,2043
2115,2004
2119,2039
2117,2037
2128,2072
2127,2012
2132,2045
2125,2036
2125,2063
2123,2045
2123,2039
2133,2056
2128,2020
2127,2004
2120,2003
2121,2065
2123,2075
2115,2035
2106,2029
2104,2038
2103,2075
2106,2029
2093,2039
2095,2033
2088,2065
2080,2072
2084,2035
2069,2057
2070,2067
2066,2036
2055,2056
2066,2013
2035,2071
2039,2058
2036,2052
2025,2035
2027,2070
2021,2001
2016,2025
2013,2056
2011,2048
2001,2094
1988,2075
1995,2019
1992,2037
1992,2061
1984,2055
1984,2056
1980,2046
1981,2020
1977,2057
1982,2065
1987,2043
1975,2037
1987,2053
1984,2005
1994,2067
1994,2071
1992,2055
2000,2007
1989,2069
2007,2078
2009,2077
2012,2040
2022,2039
2015,2